bounding: [1053872.965;1068485.726]x[860186.8419;879395.9741]x[3;730]
read 11056 observations
res: 50 50 1 bw: 100 100 1
voxsize: 294x386x728 size:315.156372MB
voxBW: 2 1
Initialization time: 0.031119
decomposition time: 0.000718 seconds
2,1,0 : 82
2,2,0 : 313
3,2,0 : 181
4,2,0 : 102
2,3,0 : 174
3,3,0 : 252
4,3,0 : 245
5,3,0 : 189
7,3,0 : 85
2,4,0 : 144
3,4,0 : 177
4,4,0 : 187
5,4,0 : 256
6,4,0 : 114
7,4,0 : 119
1,5,0 : 76
3,5,0 : 197
4,5,0 : 133
5,5,0 : 187
6,5,0 : 143
4,6,0 : 111
5,6,0 : 182
6,6,0 : 143
5,7,0 : 91
6,7,0 : 92
2,2,1 : 198
4,2,1 : 85
2,3,1 : 104
3,3,1 : 142
4,3,1 : 146
5,3,1 : 156
2,4,1 : 81
3,4,1 : 119
4,4,1 : 189
5,4,1 : 169
6,4,1 : 98
7,4,1 : 111
3,5,1 : 156
4,5,1 : 125
5,5,1 : 89
6,5,1 : 102
4,6,1 : 70
5,6,1 : 75
6,6,1 : 81
2,2,2 : 75
3,3,2 : 73
4,3,2 : 105
5,3,2 : 98
3,4,2 : 76
4,4,2 : 121
5,4,2 : 125
6,4,2 : 71
3,5,2 : 87
4,4,3 : 71
max load: 313 avgloadperbox: 21.59375 avgloadpercore: 691 total load: 11056
maxin round:313
maxin round:198
maxin round:245
maxin round:146
maxin round:256
maxin round:169
maxin round:252
maxin round:156
compute: 0.002036 seconds
evaluations: 353616
time: 0.034348 seconds
