31
32 64 0 64 0 256
96 128 128 160 0 192
64 96 128 160 0 192
64 96 0 64 0 728
64 96 96 128 96 256
64 96 96 128 0 96
0 32 0 128 0 728
64 96 64 96 0 96
32 64 96 128 0 160
32 64 64 96 96 728
96 128 0 96 0 192
128 148 0 128 0 728
96 128 96 128 96 288
96 128 160 194 0 728
32 64 64 96 0 96
32 64 128 194 0 728
64 96 64 96 96 256
96 128 96 128 0 96
64 96 96 128 256 728
96 128 0 96 192 728
128 148 128 194 0 704
64 96 160 194 0 728
96 128 128 160 192 728
64 96 64 96 256 728
64 96 128 160 192 728
96 128 96 128 288 728
32 64 96 128 160 480
32 64 0 64 256 728
0 32 128 194 0 728
32 64 96 128 480 728
128 148 128 194 704 728
