64
64 294 320 386 160 384
256 294 160 192 0 728
160 192 224 288 128 288
224 256 224 288 96 288
128 160 160 192 96 448
256 294 192 288 128 448
64 294 288 386 384 640
64 294 192 386 640 728
192 224 224 288 32 96
64 96 192 288 0 96
64 192 288 320 0 192
0 96 160 192 64 448
128 192 192 224 64 128
0 96 96 128 0 160
96 224 224 288 0 32
64 294 320 352 64 160
64 96 192 288 96 448
0 256 160 192 448 728
96 160 224 288 128 192
128 224 192 224 192 288
96 128 160 192 64 448
128 160 96 160 32 96
160 256 192 288 352 448
192 256 160 192 64 224
224 256 224 288 0 96
160 256 192 288 288 352
0 160 96 128 160 448
0 294 0 96 0 96
64 294 320 352 0 64
224 294 288 320 0 192
256 294 192 288 0 128
192 224 288 320 0 192
160 256 160 192 224 448
160 294 96 160 160 448
128 192 192 224 0 64
160 256 160 192 0 64
0 160 128 160 160 448
96 160 224 288 192 288
64 294 224 288 448 640
96 160 192 288 288 448
192 224 224 288 128 288
64 294 192 224 448 640
160 192 160 192 64 224
128 192 192 224 128 192
64 294 288 320 192 384
128 160 160 192 0 96
0 96 128 160 0 160
96 128 96 128 32 160
96 128 224 288 32 128
128 160 224 288 32 96
96 128 128 160 32 160
128 294 96 160 96 160
192 224 192 224 0 192
160 192 224 288 32 96
160 294 96 160 32 96
0 64 192 386 0 728
0 294 96 160 448 728
128 224 224 288 96 128
224 256 192 224 0 288
96 294 96 160 0 32
64 294 352 386 0 160
96 128 192 224 0 288
0 294 0 96 96 728
0 128 160 192 0 64
