49
160 192 192 224 0 256
192 224 320 386 0 728
160 192 224 256 0 728
128 160 224 256 0 728
128 160 256 386 0 256
192 224 0 192 0 256
192 224 224 256 0 256
224 294 192 224 0 256
160 192 288 386 0 728
224 294 0 192 0 728
128 160 160 192 0 256
96 128 96 128 0 728
224 294 288 320 0 728
0 96 192 256 0 728
128 160 0 128 0 728
160 192 128 160 0 728
160 192 160 192 0 256
0 96 96 128 0 728
96 128 128 160 0 728
96 128 160 192 0 728
224 294 224 256 0 256
0 96 160 192 0 728
128 160 192 224 0 256
0 96 256 386 0 728
224 294 256 288 0 728
96 128 224 256 0 728
192 224 288 320 0 728
0 96 128 160 0 728
128 160 128 160 0 728
192 224 192 224 0 256
160 192 256 288 0 728
96 128 256 386 0 728
192 224 256 288 0 728
96 128 192 224 0 728
224 294 320 386 0 256
192 224 192 224 256 728
224 294 192 224 256 728
160 192 0 128 0 728
160 192 192 224 256 728
192 224 0 192 256 728
96 128 0 96 0 728
128 160 256 386 256 728
0 96 0 96 0 728
128 160 160 192 256 728
192 224 224 256 256 728
224 294 224 256 256 728
160 192 160 192 256 728
128 160 192 224 256 728
224 294 320 386 256 728
