32
128 192 192 256 0 224
0 128 128 192 0 672
0 128 192 386 0 256
192 256 192 256 0 288
128 192 128 192 0 192
128 192 256 386 0 288
192 256 256 320 0 224
0 128 0 128 0 256
128 192 128 192 192 728
192 256 320 386 0 256
128 192 0 128 0 728
256 294 0 256 0 192
128 192 192 256 224 448
192 256 0 192 0 192
256 294 0 256 192 728
192 256 192 256 288 480
192 256 256 320 224 384
0 128 192 386 256 480
192 256 192 256 480 704
128 192 192 256 448 728
192 256 256 320 384 728
192 256 0 192 288 728
0 128 0 128 256 728
128 192 256 386 384 728
192 256 320 386 352 728
192 256 0 192 192 288
0 128 192 386 480 728
128 192 256 386 288 384
192 256 320 386 256 352
256 294 256 386 0 728
0 128 128 192 672 728
192 256 192 256 704 728
