32
0 256 0 256 0 64
0 256 0 256 64 128
0 256 0 256 128 192
0 256 0 256 192 256
0 256 256 386 0 64
0 256 256 386 64 128
0 256 0 256 256 320
0 256 256 386 128 192
0 256 0 256 320 384
0 256 256 386 192 256
0 256 0 256 384 448
0 256 0 256 576 640
0 256 256 386 256 320
0 256 0 256 512 576
0 256 0 256 640 728
256 294 0 386 64 128
256 294 0 386 0 64
0 294 0 256 448 512
0 256 256 386 576 728
0 256 256 386 320 384
256 294 0 386 128 192
0 256 256 386 384 448
256 294 0 386 192 256
0 256 256 386 512 576
256 294 0 386 256 320
0 294 256 386 448 512
256 294 0 386 320 384
256 294 0 386 384 448
256 294 0 386 512 576
256 294 256 386 576 728
256 294 0 256 640 728
256 294 0 256 576 640
