31
0 64 64 386 0 480
192 256 256 320 0 192
128 192 256 320 0 192
128 192 192 256 96 256
64 128 64 128 0 480
128 294 64 128 0 384
128 192 192 256 0 96
256 294 192 320 0 728
192 294 128 192 0 192
128 192 128 192 0 96
64 128 192 256 0 160
192 294 320 386 0 384
192 256 192 256 96 288
64 128 128 192 0 96
128 192 128 192 96 256
64 128 128 192 96 480
192 256 192 256 0 96
64 128 256 386 0 480
192 294 128 192 192 728
128 192 192 256 256 728
192 256 256 320 192 728
128 192 128 192 256 728
128 192 256 320 192 728
192 256 192 256 288 728
128 192 320 386 0 384
64 128 192 256 160 480
0 128 64 386 480 728
0 294 0 64 0 728
128 294 320 386 384 704
128 294 64 128 384 728
128 294 320 386 704 728
