32
0 147 0 193 0 91
0 147 0 193 91 182
0 147 0 193 182 273
0 147 0 193 273 364
0 147 0 193 364 455
0 147 0 193 455 546
0 147 0 193 546 637
0 147 0 193 637 728
0 147 193 386 0 91
0 147 193 386 91 182
0 147 193 386 182 273
0 147 193 386 273 364
0 147 193 386 364 455
0 147 193 386 455 546
0 147 193 386 546 637
0 147 193 386 637 728
147 294 0 193 0 91
147 294 0 193 91 182
147 294 0 193 182 273
147 294 0 193 273 364
147 294 0 193 364 455
147 294 0 193 455 546
147 294 0 193 546 637
147 294 0 193 637 728
147 294 193 386 0 91
147 294 193 386 91 182
147 294 193 386 182 273
147 294 193 386 273 364
147 294 193 386 364 455
147 294 193 386 455 546
147 294 193 386 546 637
147 294 193 386 637 728
