32
192 294 256 320 0 224
64 128 128 192 0 160
128 256 192 256 288 728
128 192 192 256 0 128
128 256 128 192 192 640
0 128 192 386 96 480
128 192 256 320 0 288
128 192 128 192 0 96
64 128 64 128 0 160
128 192 192 256 128 288
0 128 192 386 0 96
192 256 192 256 96 288
0 128 64 192 160 480
192 294 320 386 0 256
192 256 192 256 0 96
256 294 128 256 0 192
128 294 256 386 384 728
128 294 64 128 0 256
128 192 128 192 96 192
192 256 128 192 0 192
0 128 64 386 480 728
256 294 128 256 192 448
128 192 320 386 0 288
192 294 256 320 224 384
128 294 64 128 256 728
128 192 256 386 288 384
192 294 320 386 256 384
128 256 128 192 640 728
0 294 0 64 0 728
256 294 128 256 576 728
256 294 128 256 448 576
0 64 64 192 0 160
