32
0 192 128 192 32 64
0 192 128 192 160 288
0 192 0 128 64 160
0 192 128 192 64 96
0 192 128 192 288 728
0 192 128 192 96 160
0 192 192 256 128 192
0 192 0 128 0 64
192 294 0 192 0 160
0 192 256 386 0 64
0 192 192 256 192 320
0 192 192 256 32 64
0 192 192 256 320 728
192 294 192 256 64 128
192 294 0 192 160 728
192 294 256 320 64 192
0 192 0 128 160 728
0 192 256 386 64 128
0 192 256 386 128 256
192 294 256 320 192 728
0 192 192 256 64 96
0 192 256 386 256 728
192 294 192 256 0 64
192 294 192 256 128 224
192 294 192 256 352 728
192 294 320 386 0 128
192 294 256 320 0 64
192 294 320 386 128 728
192 294 192 256 224 352
0 192 192 256 96 128
0 192 128 192 0 32
0 192 192 256 0 32
