256
0 37 0 49 0 182
0 37 0 49 182 364
0 37 0 49 364 546
0 37 0 49 546 728
0 37 49 97 0 182
0 37 49 97 182 364
0 37 49 97 364 546
0 37 49 97 546 728
0 37 97 145 0 182
0 37 97 145 182 364
0 37 97 145 364 546
0 37 97 145 546 728
0 37 145 193 0 182
0 37 145 193 182 364
0 37 145 193 364 546
0 37 145 193 546 728
0 37 193 241 0 182
0 37 193 241 182 364
0 37 193 241 364 546
0 37 193 241 546 728
0 37 241 289 0 182
0 37 241 289 182 364
0 37 241 289 364 546
0 37 241 289 546 728
0 37 289 337 0 182
0 37 289 337 182 364
0 37 289 337 364 546
0 37 289 337 546 728
0 37 337 386 0 182
0 37 337 386 182 364
0 37 337 386 364 546
0 37 337 386 546 728
37 74 0 49 0 182
37 74 0 49 182 364
37 74 0 49 364 546
37 74 0 49 546 728
37 74 49 97 0 182
37 74 49 97 182 364
37 74 49 97 364 546
37 74 49 97 546 728
37 74 97 145 0 182
37 74 97 145 182 364
37 74 97 145 364 546
37 74 97 145 546 728
37 74 145 193 0 182
37 74 145 193 182 364
37 74 145 193 364 546
37 74 145 193 546 728
37 74 193 241 0 182
37 74 193 241 182 364
37 74 193 241 364 546
37 74 193 241 546 728
37 74 241 289 0 182
37 74 241 289 182 364
37 74 241 289 364 546
37 74 241 289 546 728
37 74 289 337 0 182
37 74 289 337 182 364
37 74 289 337 364 546
37 74 289 337 546 728
37 74 337 386 0 182
37 74 337 386 182 364
37 74 337 386 364 546
37 74 337 386 546 728
74 110 0 49 0 182
74 110 0 49 182 364
74 110 0 49 364 546
74 110 0 49 546 728
74 110 49 97 0 182
74 110 49 97 182 364
74 110 49 97 364 546
74 110 49 97 546 728
74 110 97 145 0 182
74 110 97 145 182 364
74 110 97 145 364 546
74 110 97 145 546 728
74 110 145 193 0 182
74 110 145 193 182 364
74 110 145 193 364 546
74 110 145 193 546 728
74 110 193 241 0 182
74 110 193 241 182 364
74 110 193 241 364 546
74 110 193 241 546 728
74 110 241 289 0 182
74 110 241 289 182 364
74 110 241 289 364 546
74 110 241 289 546 728
74 110 289 337 0 182
74 110 289 337 182 364
74 110 289 337 364 546
74 110 289 337 546 728
74 110 337 386 0 182
74 110 337 386 182 364
74 110 337 386 364 546
74 110 337 386 546 728
110 147 0 49 0 182
110 147 0 49 182 364
110 147 0 49 364 546
110 147 0 49 546 728
110 147 49 97 0 182
110 147 49 97 182 364
110 147 49 97 364 546
110 147 49 97 546 728
110 147 97 145 0 182
110 147 97 145 182 364
110 147 97 145 364 546
110 147 97 145 546 728
110 147 145 193 0 182
110 147 145 193 182 364
110 147 145 193 364 546
110 147 145 193 546 728
110 147 193 241 0 182
110 147 193 241 182 364
110 147 193 241 364 546
110 147 193 241 546 728
110 147 241 289 0 182
110 147 241 289 182 364
110 147 241 289 364 546
110 147 241 289 546 728
110 147 289 337 0 182
110 147 289 337 182 364
110 147 289 337 364 546
110 147 289 337 546 728
110 147 337 386 0 182
110 147 337 386 182 364
110 147 337 386 364 546
110 147 337 386 546 728
147 183 0 49 0 182
147 183 0 49 182 364
147 183 0 49 364 546
147 183 0 49 546 728
147 183 49 97 0 182
147 183 49 97 182 364
147 183 49 97 364 546
147 183 49 97 546 728
147 183 97 145 0 182
147 183 97 145 182 364
147 183 97 145 364 546
147 183 97 145 546 728
147 183 145 193 0 182
147 183 145 193 182 364
147 183 145 193 364 546
147 183 145 193 546 728
147 183 193 241 0 182
147 183 193 241 182 364
147 183 193 241 364 546
147 183 193 241 546 728
147 183 241 289 0 182
147 183 241 289 182 364
147 183 241 289 364 546
147 183 241 289 546 728
147 183 289 337 0 182
147 183 289 337 182 364
147 183 289 337 364 546
147 183 289 337 546 728
147 183 337 386 0 182
147 183 337 386 182 364
147 183 337 386 364 546
147 183 337 386 546 728
183 220 0 49 0 182
183 220 0 49 182 364
183 220 0 49 364 546
183 220 0 49 546 728
183 220 49 97 0 182
183 220 49 97 182 364
183 220 49 97 364 546
183 220 49 97 546 728
183 220 97 145 0 182
183 220 97 145 182 364
183 220 97 145 364 546
183 220 97 145 546 728
183 220 145 193 0 182
183 220 145 193 182 364
183 220 145 193 364 546
183 220 145 193 546 728
183 220 193 241 0 182
183 220 193 241 182 364
183 220 193 241 364 546
183 220 193 241 546 728
183 220 241 289 0 182
183 220 241 289 182 364
183 220 241 289 364 546
183 220 241 289 546 728
183 220 289 337 0 182
183 220 289 337 182 364
183 220 289 337 364 546
183 220 289 337 546 728
183 220 337 386 0 182
183 220 337 386 182 364
183 220 337 386 364 546
183 220 337 386 546 728
220 256 0 49 0 182
220 256 0 49 182 364
220 256 0 49 364 546
220 256 0 49 546 728
220 256 49 97 0 182
220 256 49 97 182 364
220 256 49 97 364 546
220 256 49 97 546 728
220 256 97 145 0 182
220 256 97 145 182 364
220 256 97 145 364 546
220 256 97 145 546 728
220 256 145 193 0 182
220 256 145 193 182 364
220 256 145 193 364 546
220 256 145 193 546 728
220 256 193 241 0 182
220 256 193 241 182 364
220 256 193 241 364 546
220 256 193 241 546 728
220 256 241 289 0 182
220 256 241 289 182 364
220 256 241 289 364 546
220 256 241 289 546 728
220 256 289 337 0 182
220 256 289 337 182 364
220 256 289 337 364 546
220 256 289 337 546 728
220 256 337 386 0 182
220 256 337 386 182 364
220 256 337 386 364 546
220 256 337 386 546 728
256 294 0 49 0 182
256 294 0 49 182 364
256 294 0 49 364 546
256 294 0 49 546 728
256 294 49 97 0 182
256 294 49 97 182 364
256 294 49 97 364 546
256 294 49 97 546 728
256 294 97 145 0 182
256 294 97 145 182 364
256 294 97 145 364 546
256 294 97 145 546 728
256 294 145 193 0 182
256 294 145 193 182 364
256 294 145 193 364 546
256 294 145 193 546 728
256 294 193 241 0 182
256 294 193 241 182 364
256 294 193 241 364 546
256 294 193 241 546 728
256 294 241 289 0 182
256 294 241 289 182 364
256 294 241 289 364 546
256 294 241 289 546 728
256 294 289 337 0 182
256 294 289 337 182 364
256 294 289 337 364 546
256 294 289 337 546 728
256 294 337 386 0 182
256 294 337 386 182 364
256 294 337 386 364 546
256 294 337 386 546 728
