32
32 64 96 128 0 192
32 64 0 64 0 256
96 128 128 160 0 192
96 128 96 128 128 512
64 96 128 160 0 192
64 96 0 64 0 728
64 96 96 128 128 320
0 32 0 128 0 728
96 128 96 128 0 128
32 64 64 96 64 256
96 128 0 96 0 192
64 96 64 96 64 192
128 148 0 128 0 728
96 128 160 194 0 728
32 64 128 194 0 728
64 96 64 96 192 728
96 128 0 96 192 728
128 148 128 194 0 704
64 96 96 128 0 64
64 96 96 128 64 128
64 96 64 96 0 64
64 96 160 194 0 728
96 128 128 160 192 728
64 96 128 160 192 728
32 64 64 96 0 64
64 96 96 128 320 728
32 64 96 128 192 728
32 64 64 96 256 728
32 64 0 64 256 728
96 128 96 128 512 728
0 32 128 194 0 728
128 148 128 194 704 728
