64
64 96 64 96 32 64
64 96 64 96 288 728
0 64 128 194 0 128
64 96 128 194 128 256
64 96 128 194 64 128
64 96 128 194 256 728
96 148 96 128 32 64
0 64 64 96 64 96
64 96 96 128 32 64
64 96 96 128 352 728
96 148 96 128 288 448
64 96 0 64 96 728
0 64 128 194 128 728
96 148 0 96 256 728
96 148 96 128 64 96
0 64 64 96 128 256
96 148 0 96 128 256
96 148 128 160 288 728
64 96 96 128 64 96
0 64 64 96 256 728
0 64 0 64 96 192
0 64 96 128 0 64
64 96 64 96 64 96
96 148 96 128 160 224
0 64 64 96 32 64
0 64 96 128 96 192
96 148 128 160 160 288
0 64 0 64 32 64
64 96 128 194 32 64
0 64 96 128 192 728
96 148 128 160 32 64
96 148 96 128 448 728
64 96 64 96 128 192
64 96 64 96 192 288
64 96 96 128 192 256
64 96 0 64 0 96
0 64 0 64 192 728
64 96 96 128 160 192
96 148 96 128 224 288
96 148 0 96 0 64
96 148 0 96 64 128
96 148 128 160 96 160
64 96 96 128 256 352
96 148 160 194 128 288
96 148 96 128 96 128
64 96 96 128 128 160
96 148 160 194 288 728
96 148 128 160 64 96
64 96 96 128 96 128
96 148 96 128 128 160
0 64 96 128 64 96
0 64 0 64 64 96
96 148 160 194 64 128
96 148 160 194 32 64
0 64 64 96 96 128
96 148 96 128 0 32
64 96 64 96 96 128
64 96 64 96 0 32
64 96 96 128 0 32
96 148 128 160 0 32
0 64 0 64 0 32
0 64 64 96 0 32
64 96 128 194 0 32
96 148 160 194 0 32
