47
96 148 64 96 192 704
32 64 128 194 0 320
64 96 32 64 0 192
32 64 96 128 64 192
64 96 96 194 384 728
96 128 160 194 0 256
64 96 96 128 192 384
64 96 128 160 64 192
64 96 96 128 0 64
96 128 96 128 256 728
64 96 96 128 64 128
0 32 32 96 0 728
64 96 64 96 0 64
96 128 96 128 128 256
96 128 128 160 64 192
64 96 64 96 128 256
128 148 96 128 0 728
96 128 64 96 0 128
64 96 64 96 64 128
32 64 64 96 64 128
64 96 64 96 256 728
32 64 32 64 64 256
128 148 128 194 0 384
32 64 32 96 256 728
32 64 64 96 0 64
0 32 96 194 0 728
64 96 160 194 0 384
32 64 96 128 192 728
96 128 96 128 0 64
96 128 96 128 64 128
64 96 96 128 128 192
96 148 128 194 384 728
96 128 128 160 0 64
64 96 128 160 0 64
32 64 96 128 0 64
32 64 64 96 128 256
32 64 32 64 0 64
96 128 128 160 192 384
64 96 128 160 192 384
64 148 32 64 192 728
0 148 0 32 0 728
96 128 64 96 128 192
128 148 64 96 0 192
96 148 32 64 0 192
32 64 128 194 320 728
96 128 160 194 256 384
96 148 64 96 704 728
