32
0 74 0 97 0 91
0 74 0 97 91 182
0 74 0 97 182 273
0 74 0 97 273 364
0 74 0 97 364 455
0 74 0 97 455 546
0 74 0 97 546 637
0 74 0 97 637 728
0 74 97 194 0 91
0 74 97 194 91 182
0 74 97 194 182 273
0 74 97 194 273 364
0 74 97 194 364 455
0 74 97 194 455 546
0 74 97 194 546 637
0 74 97 194 637 728
74 148 0 97 0 91
74 148 0 97 91 182
74 148 0 97 182 273
74 148 0 97 273 364
74 148 0 97 364 455
74 148 0 97 455 546
74 148 0 97 546 637
74 148 0 97 637 728
74 148 97 194 0 91
74 148 97 194 91 182
74 148 97 194 182 273
74 148 97 194 273 364
74 148 97 194 364 455
74 148 97 194 455 546
74 148 97 194 546 637
74 148 97 194 637 728
