128
0 74 0 97 0 23
0 74 0 97 23 46
0 74 0 97 46 69
0 74 0 97 69 91
0 74 0 97 91 114
0 74 0 97 114 137
0 74 0 97 137 160
0 74 0 97 160 182
0 74 0 97 182 205
0 74 0 97 205 228
0 74 0 97 228 250
0 74 0 97 250 273
0 74 0 97 273 296
0 74 0 97 296 319
0 74 0 97 319 341
0 74 0 97 341 364
0 74 0 97 364 387
0 74 0 97 387 409
0 74 0 97 409 432
0 74 0 97 432 455
0 74 0 97 455 478
0 74 0 97 478 500
0 74 0 97 500 523
0 74 0 97 523 546
0 74 0 97 546 568
0 74 0 97 568 591
0 74 0 97 591 614
0 74 0 97 614 637
0 74 0 97 637 659
0 74 0 97 659 682
0 74 0 97 682 705
0 74 0 97 705 728
0 74 97 194 0 23
0 74 97 194 23 46
0 74 97 194 46 69
0 74 97 194 69 91
0 74 97 194 91 114
0 74 97 194 114 137
0 74 97 194 137 160
0 74 97 194 160 182
0 74 97 194 182 205
0 74 97 194 205 228
0 74 97 194 228 250
0 74 97 194 250 273
0 74 97 194 273 296
0 74 97 194 296 319
0 74 97 194 319 341
0 74 97 194 341 364
0 74 97 194 364 387
0 74 97 194 387 409
0 74 97 194 409 432
0 74 97 194 432 455
0 74 97 194 455 478
0 74 97 194 478 500
0 74 97 194 500 523
0 74 97 194 523 546
0 74 97 194 546 568
0 74 97 194 568 591
0 74 97 194 591 614
0 74 97 194 614 637
0 74 97 194 637 659
0 74 97 194 659 682
0 74 97 194 682 705
0 74 97 194 705 728
74 148 0 97 0 23
74 148 0 97 23 46
74 148 0 97 46 69
74 148 0 97 69 91
74 148 0 97 91 114
74 148 0 97 114 137
74 148 0 97 137 160
74 148 0 97 160 182
74 148 0 97 182 205
74 148 0 97 205 228
74 148 0 97 228 250
74 148 0 97 250 273
74 148 0 97 273 296
74 148 0 97 296 319
74 148 0 97 319 341
74 148 0 97 341 364
74 148 0 97 364 387
74 148 0 97 387 409
74 148 0 97 409 432
74 148 0 97 432 455
74 148 0 97 455 478
74 148 0 97 478 500
74 148 0 97 500 523
74 148 0 97 523 546
74 148 0 97 546 568
74 148 0 97 568 591
74 148 0 97 591 614
74 148 0 97 614 637
74 148 0 97 637 659
74 148 0 97 659 682
74 148 0 97 682 705
74 148 0 97 705 728
74 148 97 194 0 23
74 148 97 194 23 46
74 148 97 194 46 69
74 148 97 194 69 91
74 148 97 194 91 114
74 148 97 194 114 137
74 148 97 194 137 160
74 148 97 194 160 182
74 148 97 194 182 205
74 148 97 194 205 228
74 148 97 194 228 250
74 148 97 194 250 273
74 148 97 194 273 296
74 148 97 194 296 319
74 148 97 194 319 341
74 148 97 194 341 364
74 148 97 194 364 387
74 148 97 194 387 409
74 148 97 194 409 432
74 148 97 194 432 455
74 148 97 194 455 478
74 148 97 194 478 500
74 148 97 194 500 523
74 148 97 194 523 546
74 148 97 194 546 568
74 148 97 194 568 591
74 148 97 194 591 614
74 148 97 194 614 637
74 148 97 194 637 659
74 148 97 194 659 682
74 148 97 194 682 705
74 148 97 194 705 728
