32
224 294 256 386 128 728
160 192 0 192 128 728
160 192 192 386 128 256
224 294 0 224 0 160
64 160 128 160 0 96
64 160 0 128 64 160
224 294 256 386 0 128
192 224 0 288 64 160
64 160 256 386 128 728
64 160 256 386 0 128
160 192 0 192 0 128
224 294 0 224 160 728
64 160 192 256 64 128
64 160 0 128 0 64
224 294 224 256 0 728
64 160 192 256 224 728
64 160 192 256 0 64
64 160 160 192 64 160
64 160 128 160 96 728
192 224 0 288 288 728
192 224 0 288 0 64
64 160 160 192 160 728
192 224 0 288 160 288
160 192 192 386 256 728
192 224 288 386 96 728
64 160 192 256 128 224
64 160 0 128 160 728
160 192 192 386 0 64
160 192 192 386 64 128
192 224 288 386 0 96
64 160 160 192 0 64
0 64 0 386 0 728
