32
0 74 0 97 0 364
0 74 0 97 364 728
0 74 97 193 0 364
0 74 97 193 364 728
0 74 193 289 0 364
0 74 193 289 364 728
0 74 289 386 0 364
0 74 289 386 364 728
74 147 0 97 0 364
74 147 0 97 364 728
74 147 97 193 0 364
74 147 97 193 364 728
74 147 193 289 0 364
74 147 193 289 364 728
74 147 289 386 0 364
74 147 289 386 364 728
147 220 0 97 0 364
147 220 0 97 364 728
147 220 97 193 0 364
147 220 97 193 364 728
147 220 193 289 0 364
147 220 193 289 364 728
147 220 289 386 0 364
147 220 289 386 364 728
220 294 0 97 0 364
220 294 0 97 364 728
220 294 97 193 0 364
220 294 97 193 364 728
220 294 193 289 0 364
220 294 193 289 364 728
220 294 289 386 0 364
220 294 289 386 364 728
