45
0 128 160 224 0 192
0 128 64 128 0 256
128 192 256 320 0 384
0 128 224 386 0 320
128 192 224 256 0 448
128 192 192 224 0 256
128 192 160 192 0 256
192 256 224 256 0 448
192 256 0 224 0 192
192 256 0 224 192 704
192 256 288 320 0 384
192 256 320 386 0 256
0 128 128 160 0 192
192 256 256 288 0 384
256 294 0 256 0 192
128 192 128 160 0 192
128 192 0 128 0 256
128 192 320 386 0 728
256 294 0 256 192 448
128 192 128 160 192 728
0 128 160 224 192 384
128 192 192 224 256 448
0 128 128 160 192 728
0 128 64 128 256 728
0 128 224 386 320 728
192 256 320 386 384 728
128 192 160 192 256 448
0 128 160 224 384 728
128 192 160 192 448 728
128 192 0 128 256 728
128 192 256 320 384 728
128 192 192 224 448 728
192 256 288 320 384 728
192 256 224 256 448 728
192 256 320 386 256 384
128 192 224 256 448 728
192 256 256 288 384 728
256 294 0 256 512 728
0 128 0 64 0 728
256 294 256 386 64 384
256 294 0 256 448 512
192 256 0 224 704 728
256 294 256 386 0 64
256 294 256 386 384 576
256 294 256 386 576 728
