64
96 128 160 224 0 256
192 224 256 320 0 256
224 294 288 386 0 192
192 224 224 256 0 256
96 128 64 128 0 256
192 224 0 224 0 128
128 160 160 192 0 256
160 192 224 256 0 384
160 192 192 224 0 192
96 128 224 386 0 192
0 96 0 128 0 192
192 224 0 224 128 320
128 160 256 320 0 320
160 192 0 160 0 192
224 294 224 256 0 256
0 96 160 192 0 728
128 160 192 224 0 256
160 192 288 386 0 320
224 294 256 288 0 728
224 294 192 224 0 192
192 224 320 386 0 256
128 160 224 256 0 256
0 96 224 386 0 256
0 96 192 224 0 384
160 192 160 192 0 192
128 160 0 128 0 256
96 128 128 160 0 192
160 192 256 288 0 728
192 224 0 224 320 704
0 96 128 160 0 192
224 294 0 192 0 192
128 160 128 160 0 192
96 128 224 386 192 728
160 192 0 160 192 728
224 294 0 192 192 728
160 192 160 192 192 728
224 294 192 224 192 384
160 192 192 224 256 728
224 294 288 386 192 384
128 160 320 386 0 728
96 128 160 224 256 728
192 224 256 320 256 728
128 160 160 192 256 728
192 224 224 256 256 728
192 224 320 386 256 728
224 294 224 256 256 728
0 96 0 128 192 728
128 160 192 224 256 728
224 294 288 386 384 728
128 160 224 256 256 728
128 160 128 160 192 728
224 294 192 224 384 728
96 128 128 160 192 728
160 192 192 224 192 256
96 128 64 128 256 728
0 96 128 160 192 728
128 160 256 320 320 728
0 96 224 386 256 728
160 192 288 386 320 728
128 160 0 128 256 728
160 192 224 256 384 728
96 128 0 64 0 728
0 96 192 224 384 728
192 224 0 224 704 728
