32
0 64 0 288 0 728
224 256 128 224 0 728
128 160 224 288 0 728
192 224 0 192 0 728
128 160 96 160 0 728
192 224 256 320 0 728
64 128 128 160 0 728
64 128 160 192 0 728
256 294 0 256 0 728
160 192 256 320 0 728
224 256 224 288 0 728
64 128 192 224 0 728
160 192 0 160 0 728
64 128 256 386 0 728
160 192 192 224 0 728
64 128 224 256 0 728
224 256 288 386 0 728
128 160 192 224 0 728
64 128 96 128 0 728
160 192 224 256 0 728
128 160 160 192 0 728
160 192 160 192 0 728
192 224 192 224 0 728
256 294 256 386 0 728
192 224 224 256 0 728
64 128 0 96 0 728
192 224 320 386 0 728
128 160 288 386 0 728
160 192 320 386 0 728
128 160 0 96 0 728
0 64 288 386 0 728
224 256 0 128 0 728
