37
32 64 64 96 0 160
96 148 0 96 0 480
32 64 0 64 0 256
64 96 128 160 0 544
96 148 128 160 0 224
64 96 96 128 0 128
96 148 96 128 96 288
96 148 160 194 0 728
32 64 96 194 96 728
96 148 96 128 0 96
64 96 96 128 128 288
64 96 64 96 0 96
32 64 96 194 0 96
64 96 64 96 192 640
96 148 96 128 288 728
64 96 0 64 0 256
64 96 64 96 96 192
32 64 64 96 160 480
64 96 96 128 288 512
96 148 128 160 224 384
64 96 160 194 0 160
0 32 32 194 0 256
96 148 128 160 384 728
32 64 0 64 256 728
64 96 96 128 512 728
64 96 160 194 160 728
64 96 0 64 256 728
32 64 64 96 480 728
96 148 0 96 480 608
96 148 0 96 608 728
64 96 64 96 640 728
64 96 128 160 544 640
0 32 32 194 256 416
0 32 32 194 416 728
64 96 128 160 640 704
64 96 128 160 704 728
0 32 0 32 0 728
