64
64 96 64 96 32 64
32 64 64 128 192 352
32 64 96 128 32 96
32 64 32 64 0 64
32 64 64 194 352 728
96 148 96 128 32 64
64 148 128 194 0 32
32 64 128 194 32 352
32 64 64 128 128 192
64 96 96 128 32 64
32 148 32 64 224 728
64 148 96 128 0 32
64 96 96 128 64 96
32 64 64 96 64 96
32 64 32 64 64 128
32 64 64 128 96 128
64 148 32 64 0 128
96 148 96 128 64 96
96 148 128 194 64 96
64 96 64 96 64 96
32 148 32 64 128 224
32 64 64 96 32 64
64 96 128 194 32 64
96 148 128 160 32 64
0 32 0 194 0 728
32 64 64 194 0 32
64 96 96 128 160 192
64 148 160 194 320 728
64 96 96 160 416 640
96 128 64 96 160 320
128 148 64 194 96 192
64 148 64 160 640 728
96 128 64 128 96 128
96 128 96 160 128 160
96 148 96 128 320 448
64 128 128 160 224 288
64 96 64 96 224 320
64 96 64 96 160 224
64 128 160 194 160 320
64 148 64 96 448 640
64 96 96 128 224 288
64 96 96 160 320 416
96 128 96 160 160 192
64 148 64 96 0 32
64 96 96 128 128 160
64 128 128 160 96 128
64 128 96 160 288 320
64 128 64 96 128 160
96 148 128 160 320 640
96 148 96 128 448 640
64 148 64 96 320 448
64 128 160 194 96 160
128 148 64 194 192 320
64 96 128 194 64 96
64 96 96 128 96 128
96 148 160 194 32 64
64 96 96 160 192 224
96 128 96 128 224 288
64 96 64 96 96 128
96 148 64 96 32 64
96 128 96 160 192 224
64 96 128 160 128 192
96 148 64 96 64 96
32 148 0 32 0 728
