47
192 256 320 386 0 320
64 128 256 320 0 512
64 128 64 128 0 128
64 128 192 256 64 192
128 192 64 128 0 192
128 192 192 256 192 384
128 192 192 256 64 128
128 192 192 256 0 64
128 192 256 320 64 192
192 256 192 256 256 728
0 64 0 192 0 728
192 256 128 192 128 448
128 192 128 192 0 64
192 256 192 256 128 256
192 256 256 320 64 192
128 192 128 192 128 256
64 128 128 192 128 448
256 294 256 386 0 728
128 192 128 192 64 128
192 256 128 192 0 128
64 128 128 192 64 128
128 192 320 386 0 728
192 256 256 320 192 728
256 294 192 256 0 728
128 192 128 192 256 728
128 192 256 320 192 728
64 128 128 192 0 64
0 64 192 386 0 728
192 256 192 256 0 64
192 256 192 256 64 128
64 128 192 256 192 728
128 192 192 256 128 192
192 256 256 320 0 64
64 128 64 128 128 728
128 192 256 320 0 64
64 128 192 256 0 64
128 192 192 256 384 728
256 294 0 192 0 728
128 192 64 128 192 728
192 256 0 128 0 728
192 256 320 386 320 728
192 256 128 192 448 728
64 128 0 64 0 728
64 128 128 192 448 728
128 192 0 64 0 728
64 128 320 386 0 728
64 128 256 320 512 728
