32
96 148 96 160 32 64
96 148 96 160 352 728
96 148 96 160 96 160
0 64 96 194 64 160
96 148 96 160 224 352
0 64 64 96 128 728
0 64 96 194 160 728
0 64 0 64 0 96
64 96 0 64 0 728
0 64 0 64 96 728
96 148 0 96 0 160
64 96 128 194 64 192
96 148 0 96 160 728
96 148 96 160 64 96
64 96 64 96 0 64
0 64 64 96 64 128
64 96 96 128 64 128
0 64 96 194 0 64
64 96 64 96 64 128
64 96 64 96 128 256
64 96 96 128 0 64
64 96 96 128 288 728
64 96 128 194 192 728
96 148 160 194 0 128
96 148 96 160 160 224
64 96 96 128 128 192
64 96 64 96 256 728
0 64 64 96 0 64
96 148 160 194 128 728
64 96 128 194 0 64
64 96 96 128 192 288
96 148 96 160 0 32
