32
128 256 128 256 128 160
128 256 128 256 160 192
0 128 0 128 96 728
256 294 128 386 32 224
128 256 256 320 64 128
128 192 128 256 224 320
128 294 128 386 320 384
192 256 192 320 32 64
128 256 128 386 192 224
128 294 0 128 32 728
128 294 128 256 544 728
128 294 128 256 384 544
128 256 256 386 128 192
128 256 320 386 32 128
0 128 128 256 64 96
128 192 192 320 32 64
0 128 128 256 96 160
192 256 128 256 64 128
192 294 128 256 224 320
0 128 256 386 32 320
128 294 256 386 384 728
0 128 128 256 32 64
128 256 128 192 32 64
128 192 192 256 64 128
192 294 0 386 0 32
0 128 128 256 160 320
128 192 128 192 64 128
128 192 0 386 0 32
128 294 256 386 224 320
0 128 128 386 320 728
0 128 0 128 32 96
0 128 0 386 0 32
