47
64 192 64 96 0 728
160 192 96 160 0 728
192 256 64 160 0 728
160 192 192 224 0 512
128 160 192 224 0 728
128 160 256 320 0 728
160 192 224 256 0 728
128 160 160 192 0 728
64 96 96 160 0 728
192 256 288 320 0 512
160 192 160 192 0 728
64 96 160 224 0 728
192 224 192 224 0 728
96 160 96 128 0 256
192 294 320 352 0 512
224 294 256 288 0 728
160 192 288 352 0 728
0 64 64 192 0 728
192 224 224 256 0 728
128 160 224 256 0 728
224 294 160 192 0 728
256 294 192 256 0 728
64 294 352 386 0 512
128 160 128 160 0 728
96 128 160 192 0 728
96 128 128 160 0 728
64 96 224 352 0 728
96 128 192 224 0 728
160 192 256 288 0 728
96 128 256 352 0 728
192 224 256 288 0 728
0 64 192 352 0 728
192 224 160 192 0 728
224 256 192 224 0 728
224 256 224 256 0 728
96 128 224 256 0 728
0 294 0 64 0 256
256 294 288 320 0 512
96 160 96 128 256 728
192 294 288 352 512 728
128 160 320 352 0 728
256 294 64 160 0 728
64 294 352 386 512 728
160 192 192 224 512 728
0 294 0 64 256 728
0 32 352 386 0 728
32 64 352 386 0 728
