28
0 256 0 256 32 64
0 256 0 256 320 728
0 256 0 256 192 320
0 256 0 256 128 192
0 256 0 256 64 96
0 256 256 386 64 192
0 256 256 386 192 728
0 256 256 386 0 64
0 256 0 256 96 128
0 256 0 256 0 32
256 294 0 256 64 96
256 294 0 256 128 192
256 294 0 256 32 64
256 294 0 256 256 352
256 294 0 256 352 728
256 294 0 256 96 128
256 294 0 256 192 256
256 294 0 256 0 32
256 294 256 386 32 64
256 294 256 386 96 128
256 294 256 386 64 96
256 294 256 386 320 448
256 294 256 386 448 728
256 294 256 386 128 160
256 294 256 386 160 224
256 294 256 386 256 320
256 294 256 386 224 256
256 294 256 386 0 32
