31
64 96 64 96 64 192
0 64 64 96 0 96
96 128 96 128 96 320
96 128 160 194 0 416
64 96 96 128 128 256
0 64 0 64 0 128
0 64 64 96 96 480
96 128 0 96 0 448
64 96 128 160 0 192
96 128 128 160 0 128
96 128 128 160 128 728
64 96 64 96 192 728
0 64 128 194 0 728
96 128 96 128 0 96
0 64 96 128 0 128
128 148 32 194 0 192
64 96 0 64 0 728
64 96 96 128 256 728
64 96 64 96 0 64
64 96 96 128 64 128
64 96 96 128 0 64
0 64 96 128 128 728
0 64 0 64 128 728
96 128 96 128 320 728
128 148 32 194 192 728
64 96 128 160 192 728
64 96 160 194 0 728
96 128 160 194 416 728
0 64 64 96 480 728
96 128 0 96 448 728
128 148 0 32 0 728
