32
64 96 96 128 128 224
96 148 0 96 0 160
0 96 128 194 0 64
96 148 96 128 224 448
0 96 0 128 512 728
96 148 128 194 192 448
96 148 160 194 0 192
64 96 64 96 128 288
64 96 96 128 224 512
0 64 0 96 96 160
96 148 96 194 448 728
96 148 96 128 64 128
96 148 0 96 160 728
0 96 0 96 288 512
0 64 0 96 64 96
96 148 128 160 64 192
64 96 64 96 0 64
0 96 128 194 64 128
96 148 96 128 0 64
0 64 96 128 96 512
64 96 96 128 64 128
0 96 128 194 128 256
0 96 128 194 256 728
64 96 0 64 0 288
0 64 96 128 0 96
96 148 96 128 128 224
64 96 64 96 64 128
64 96 96 128 0 64
0 64 0 96 160 288
0 64 64 96 0 64
96 148 128 160 0 64
0 64 0 64 0 64
