25
128 192 256 320 0 416
192 256 256 320 0 384
64 128 192 256 0 416
128 192 128 192 0 160
192 256 128 192 0 728
192 256 192 256 0 192
64 128 128 192 0 192
256 294 0 320 0 728
64 128 0 128 0 728
128 192 192 256 128 480
128 192 192 256 0 128
0 64 0 386 0 728
128 192 0 128 0 728
128 192 128 192 160 728
192 256 192 256 192 728
192 256 320 386 0 728
64 128 256 386 0 728
128 192 320 386 0 728
64 128 128 192 192 728
128 192 192 256 480 728
192 256 0 128 0 728
192 256 256 320 384 728
256 294 320 386 0 728
128 192 256 320 416 728
64 128 192 256 416 728
