46
192 256 192 256 0 128
64 128 192 256 0 192
128 192 128 192 64 192
192 256 256 320 0 128
128 192 192 256 128 256
128 192 256 320 0 192
64 128 128 192 64 192
128 192 128 192 192 728
192 256 320 386 0 256
192 256 192 256 128 320
64 128 0 128 64 256
256 294 0 256 0 192
128 192 128 192 0 64
192 256 256 320 128 384
128 192 192 256 64 128
128 192 0 128 0 256
64 128 256 386 0 728
128 192 192 256 0 64
192 256 0 192 0 192
192 256 192 256 320 728
64 128 128 192 0 64
64 128 128 192 192 728
64 128 0 128 0 64
128 192 192 256 256 448
128 192 256 320 192 728
128 192 320 386 0 728
256 294 0 256 192 448
64 128 192 256 192 728
192 256 320 386 256 728
128 192 192 256 448 728
192 256 256 320 384 728
192 256 0 192 192 320
0 64 256 386 0 256
64 128 0 128 256 728
192 256 0 192 320 728
128 192 0 128 256 728
0 64 0 256 0 256
256 294 0 256 512 728
0 64 256 386 256 728
256 294 256 386 64 384
256 294 0 256 448 512
0 64 0 256 320 728
0 64 0 256 256 320
256 294 256 386 0 64
256 294 256 386 384 576
256 294 256 386 576 728
