63
128 192 128 160 0 192
0 96 160 224 32 160
128 192 192 224 96 256
96 128 160 224 0 256
128 192 0 128 0 256
224 294 288 386 0 192
96 128 64 128 0 256
192 224 0 224 0 128
128 192 160 192 0 96
0 96 0 160 0 96
128 192 256 320 0 96
128 192 256 320 96 288
128 192 224 256 0 128
128 192 192 224 0 96
128 192 160 192 96 256
224 294 224 256 0 256
192 224 0 224 128 288
224 294 0 224 192 448
192 224 320 386 0 256
224 294 0 224 0 96
128 192 224 256 128 288
192 224 224 288 0 96
96 128 224 386 96 480
192 224 224 288 96 288
96 128 128 160 0 192
128 192 160 192 256 728
192 224 288 320 0 224
224 294 0 224 96 192
224 294 256 288 0 224
128 192 128 160 192 728
0 96 0 160 96 192
96 128 224 386 0 96
0 96 160 224 160 728
0 96 0 160 192 728
128 192 224 256 288 728
0 96 224 386 0 96
128 192 320 386 96 728
128 192 192 224 352 728
192 224 224 288 288 728
128 192 256 320 288 640
192 224 0 224 480 728
0 96 224 386 96 288
128 192 320 386 0 96
224 294 288 386 192 352
96 128 160 224 256 728
192 224 0 224 288 480
224 294 288 386 352 728
192 224 320 386 256 728
224 294 224 256 256 728
128 192 192 224 256 352
128 192 0 128 256 728
224 294 256 288 224 728
224 294 0 224 448 728
192 224 288 320 224 728
96 128 128 160 256 728
0 96 224 386 288 728
96 128 224 386 480 728
96 128 64 128 352 728
0 96 160 224 0 32
96 128 0 64 0 728
96 128 64 128 256 352
96 128 128 160 192 256
128 192 256 320 640 728
