48
192 294 128 192 192 728
64 128 256 320 0 448
64 128 192 256 64 192
128 192 64 128 0 192
192 256 320 386 0 256
128 192 192 256 192 384
128 192 256 320 64 192
128 192 192 256 0 64
192 256 192 256 256 728
128 192 192 256 64 128
128 192 128 192 0 64
192 256 192 256 128 256
192 256 256 320 64 192
256 294 256 386 0 704
0 64 64 192 0 728
128 192 128 192 128 256
128 192 128 192 64 128
64 192 320 386 0 384
192 256 128 192 0 128
256 294 192 256 0 704
192 256 256 320 192 728
64 128 128 192 64 128
64 128 64 128 64 256
128 192 128 192 256 728
128 192 256 320 192 728
64 128 64 192 256 728
64 128 128 192 0 64
0 64 192 386 0 728
192 256 192 256 0 64
64 128 192 256 192 728
192 256 192 256 64 128
128 192 192 256 128 192
192 256 256 320 0 64
128 192 256 320 0 64
64 128 192 256 0 64
64 128 128 192 128 256
64 128 64 128 0 64
128 192 192 256 384 728
0 294 0 64 0 728
128 192 64 128 192 704
64 256 320 386 384 728
192 294 64 128 0 704
192 256 128 192 128 192
256 294 128 192 0 192
192 256 320 386 256 384
64 128 256 320 448 728
128 294 64 128 704 728
256 294 192 386 704 728
