52
128 192 128 192 0 64
0 128 128 192 64 128
192 256 256 320 64 192
128 192 192 256 64 128
0 128 192 386 64 128
192 256 256 320 192 728
0 128 192 386 0 64
128 192 128 192 64 128
128 192 128 192 128 256
128 192 192 256 0 64
128 192 192 256 128 192
192 256 320 386 0 128
128 192 128 192 256 728
192 256 0 192 0 192
192 256 192 256 320 728
0 128 0 128 128 728
0 128 128 192 192 728
128 192 192 256 192 320
192 256 256 320 0 64
192 256 320 386 128 728
0 128 128 192 0 64
0 128 192 386 128 256
0 128 0 128 0 64
128 192 192 256 320 728
192 256 192 256 0 64
128 192 256 386 0 64
192 256 192 256 64 128
128 192 0 128 0 128
128 192 256 386 128 256
0 128 192 386 256 728
128 192 256 386 64 128
192 256 192 256 192 320
128 192 256 386 256 728
192 256 0 192 192 728
0 128 0 128 64 128
128 192 0 128 128 728
192 256 192 256 128 192
0 128 128 192 128 192
256 294 192 256 64 128
256 294 0 192 192 728
256 294 0 192 64 192
256 294 192 256 192 320
256 294 192 256 0 64
256 294 192 256 320 728
256 294 192 256 128 192
256 294 0 192 0 64
256 294 256 386 64 128
256 294 256 386 384 728
256 294 256 386 128 192
256 294 256 386 0 64
256 294 256 386 192 256
256 294 256 386 256 384
