50
64 96 128 160 96 352
96 128 128 160 64 192
32 64 32 64 64 192
64 96 64 96 64 128
32 64 96 128 96 448
64 96 64 96 128 256
96 128 96 128 128 256
32 64 96 128 0 96
64 96 96 128 0 64
64 96 96 128 288 728
96 128 128 160 192 728
64 96 32 64 0 288
32 64 128 194 0 728
96 128 160 194 0 128
64 96 96 128 128 192
96 128 0 96 0 192
64 96 64 96 256 728
32 64 64 96 0 64
96 128 160 194 128 728
64 96 128 160 0 96
32 64 64 96 192 728
96 128 96 128 0 64
64 96 64 96 32 64
128 148 96 194 0 192
96 128 128 160 0 64
32 64 32 64 0 64
32 64 64 96 96 192
96 128 96 128 64 128
64 96 96 128 192 288
64 96 160 194 0 728
96 128 0 96 192 728
64 96 96 128 64 96
96 128 96 128 256 480
32 64 64 96 64 96
128 148 0 96 0 728
0 32 32 194 0 480
32 64 32 64 192 728
128 148 96 194 192 728
96 128 96 128 480 728
64 96 96 128 96 128
64 96 64 96 0 32
64 96 128 160 352 728
64 96 32 64 288 728
32 64 96 128 448 728
32 64 0 32 0 728
64 96 0 32 0 728
0 32 32 194 608 728
0 32 32 194 544 608
0 32 32 194 480 544
0 32 0 32 0 728
