50
64 128 256 386 0 320
64 128 192 256 64 192
128 192 64 128 0 192
192 256 320 386 0 256
0 64 0 192 0 728
128 192 192 256 192 384
128 192 256 320 64 192
128 192 192 256 0 64
192 256 192 256 256 728
128 192 192 256 64 128
128 192 128 192 0 64
192 256 192 256 128 256
256 294 256 386 0 728
192 256 256 320 64 192
128 192 128 192 128 256
128 192 320 386 0 728
128 192 128 192 64 128
192 256 128 192 0 128
256 294 192 256 0 728
192 256 256 320 192 728
192 256 128 192 192 728
64 128 128 192 64 128
64 128 128 192 128 384
64 128 64 128 64 256
128 192 128 192 256 728
128 192 256 320 192 728
64 128 128 192 0 64
192 256 192 256 0 64
64 128 192 256 192 728
0 64 192 386 0 448
192 256 192 256 64 128
128 192 192 256 128 192
192 256 256 320 0 64
128 192 256 320 0 64
64 128 192 256 0 64
64 128 64 128 0 64
128 192 192 256 384 728
256 294 0 192 0 576
128 192 64 128 192 728
192 256 320 386 256 728
192 256 0 128 0 728
192 256 128 192 128 192
64 128 128 192 384 728
64 128 64 128 256 728
64 128 0 64 0 728
64 128 256 386 320 728
128 192 0 64 0 728
0 64 192 386 512 728
256 294 0 192 576 728
0 64 192 386 448 512
