24
128 294 320 386 0 384
192 256 256 320 0 384
128 192 256 320 0 384
128 192 128 192 96 728
192 256 128 192 0 728
192 256 192 256 0 192
256 294 0 320 0 728
128 256 0 128 0 728
128 192 192 256 0 128
128 192 192 256 128 480
64 128 128 192 0 160
64 128 192 256 0 256
64 128 0 128 0 480
0 64 0 386 0 480
128 192 128 192 0 96
192 256 192 256 192 728
64 128 256 386 0 480
64 128 128 192 160 480
0 128 0 386 480 728
128 256 256 320 384 728
128 192 192 256 480 728
128 294 320 386 384 704
64 128 192 256 256 480
128 294 320 386 704 728
