4096
0 10 0 13 0 182
0 10 0 13 182 364
0 10 0 13 364 546
0 10 0 13 546 728
0 10 13 25 0 182
0 10 13 25 182 364
0 10 13 25 364 546
0 10 13 25 546 728
0 10 25 37 0 182
0 10 25 37 182 364
0 10 25 37 364 546
0 10 25 37 546 728
0 10 37 49 0 182
0 10 37 49 182 364
0 10 37 49 364 546
0 10 37 49 546 728
0 10 49 61 0 182
0 10 49 61 182 364
0 10 49 61 364 546
0 10 49 61 546 728
0 10 61 73 0 182
0 10 61 73 182 364
0 10 61 73 364 546
0 10 61 73 546 728
0 10 73 85 0 182
0 10 73 85 182 364
0 10 73 85 364 546
0 10 73 85 546 728
0 10 85 97 0 182
0 10 85 97 182 364
0 10 85 97 364 546
0 10 85 97 546 728
0 10 97 109 0 182
0 10 97 109 182 364
0 10 97 109 364 546
0 10 97 109 546 728
0 10 109 121 0 182
0 10 109 121 182 364
0 10 109 121 364 546
0 10 109 121 546 728
0 10 121 133 0 182
0 10 121 133 182 364
0 10 121 133 364 546
0 10 121 133 546 728
0 10 133 145 0 182
0 10 133 145 182 364
0 10 133 145 364 546
0 10 133 145 546 728
0 10 145 157 0 182
0 10 145 157 182 364
0 10 145 157 364 546
0 10 145 157 546 728
0 10 157 169 0 182
0 10 157 169 182 364
0 10 157 169 364 546
0 10 157 169 546 728
0 10 169 181 0 182
0 10 169 181 182 364
0 10 169 181 364 546
0 10 169 181 546 728
0 10 181 193 0 182
0 10 181 193 182 364
0 10 181 193 364 546
0 10 181 193 546 728
0 10 193 205 0 182
0 10 193 205 182 364
0 10 193 205 364 546
0 10 193 205 546 728
0 10 205 217 0 182
0 10 205 217 182 364
0 10 205 217 364 546
0 10 205 217 546 728
0 10 217 229 0 182
0 10 217 229 182 364
0 10 217 229 364 546
0 10 217 229 546 728
0 10 229 241 0 182
0 10 229 241 182 364
0 10 229 241 364 546
0 10 229 241 546 728
0 10 241 253 0 182
0 10 241 253 182 364
0 10 241 253 364 546
0 10 241 253 546 728
0 10 253 265 0 182
0 10 253 265 182 364
0 10 253 265 364 546
0 10 253 265 546 728
0 10 265 277 0 182
0 10 265 277 182 364
0 10 265 277 364 546
0 10 265 277 546 728
0 10 277 289 0 182
0 10 277 289 182 364
0 10 277 289 364 546
0 10 277 289 546 728
0 10 289 301 0 182
0 10 289 301 182 364
0 10 289 301 364 546
0 10 289 301 546 728
0 10 301 313 0 182
0 10 301 313 182 364
0 10 301 313 364 546
0 10 301 313 546 728
0 10 313 325 0 182
0 10 313 325 182 364
0 10 313 325 364 546
0 10 313 325 546 728
0 10 325 337 0 182
0 10 325 337 182 364
0 10 325 337 364 546
0 10 325 337 546 728
0 10 337 349 0 182
0 10 337 349 182 364
0 10 337 349 364 546
0 10 337 349 546 728
0 10 349 361 0 182
0 10 349 361 182 364
0 10 349 361 364 546
0 10 349 361 546 728
0 10 361 373 0 182
0 10 361 373 182 364
0 10 361 373 364 546
0 10 361 373 546 728
0 10 373 386 0 182
0 10 373 386 182 364
0 10 373 386 364 546
0 10 373 386 546 728
10 19 0 13 0 182
10 19 0 13 182 364
10 19 0 13 364 546
10 19 0 13 546 728
10 19 13 25 0 182
10 19 13 25 182 364
10 19 13 25 364 546
10 19 13 25 546 728
10 19 25 37 0 182
10 19 25 37 182 364
10 19 25 37 364 546
10 19 25 37 546 728
10 19 37 49 0 182
10 19 37 49 182 364
10 19 37 49 364 546
10 19 37 49 546 728
10 19 49 61 0 182
10 19 49 61 182 364
10 19 49 61 364 546
10 19 49 61 546 728
10 19 61 73 0 182
10 19 61 73 182 364
10 19 61 73 364 546
10 19 61 73 546 728
10 19 73 85 0 182
10 19 73 85 182 364
10 19 73 85 364 546
10 19 73 85 546 728
10 19 85 97 0 182
10 19 85 97 182 364
10 19 85 97 364 546
10 19 85 97 546 728
10 19 97 109 0 182
10 19 97 109 182 364
10 19 97 109 364 546
10 19 97 109 546 728
10 19 109 121 0 182
10 19 109 121 182 364
10 19 109 121 364 546
10 19 109 121 546 728
10 19 121 133 0 182
10 19 121 133 182 364
10 19 121 133 364 546
10 19 121 133 546 728
10 19 133 145 0 182
10 19 133 145 182 364
10 19 133 145 364 546
10 19 133 145 546 728
10 19 145 157 0 182
10 19 145 157 182 364
10 19 145 157 364 546
10 19 145 157 546 728
10 19 157 169 0 182
10 19 157 169 182 364
10 19 157 169 364 546
10 19 157 169 546 728
10 19 169 181 0 182
10 19 169 181 182 364
10 19 169 181 364 546
10 19 169 181 546 728
10 19 181 193 0 182
10 19 181 193 182 364
10 19 181 193 364 546
10 19 181 193 546 728
10 19 193 205 0 182
10 19 193 205 182 364
10 19 193 205 364 546
10 19 193 205 546 728
10 19 205 217 0 182
10 19 205 217 182 364
10 19 205 217 364 546
10 19 205 217 546 728
10 19 217 229 0 182
10 19 217 229 182 364
10 19 217 229 364 546
10 19 217 229 546 728
10 19 229 241 0 182
10 19 229 241 182 364
10 19 229 241 364 546
10 19 229 241 546 728
10 19 241 253 0 182
10 19 241 253 182 364
10 19 241 253 364 546
10 19 241 253 546 728
10 19 253 265 0 182
10 19 253 265 182 364
10 19 253 265 364 546
10 19 253 265 546 728
10 19 265 277 0 182
10 19 265 277 182 364
10 19 265 277 364 546
10 19 265 277 546 728
10 19 277 289 0 182
10 19 277 289 182 364
10 19 277 289 364 546
10 19 277 289 546 728
10 19 289 301 0 182
10 19 289 301 182 364
10 19 289 301 364 546
10 19 289 301 546 728
10 19 301 313 0 182
10 19 301 313 182 364
10 19 301 313 364 546
10 19 301 313 546 728
10 19 313 325 0 182
10 19 313 325 182 364
10 19 313 325 364 546
10 19 313 325 546 728
10 19 325 337 0 182
10 19 325 337 182 364
10 19 325 337 364 546
10 19 325 337 546 728
10 19 337 349 0 182
10 19 337 349 182 364
10 19 337 349 364 546
10 19 337 349 546 728
10 19 349 361 0 182
10 19 349 361 182 364
10 19 349 361 364 546
10 19 349 361 546 728
10 19 361 373 0 182
10 19 361 373 182 364
10 19 361 373 364 546
10 19 361 373 546 728
10 19 373 386 0 182
10 19 373 386 182 364
10 19 373 386 364 546
10 19 373 386 546 728
19 28 0 13 0 182
19 28 0 13 182 364
19 28 0 13 364 546
19 28 0 13 546 728
19 28 13 25 0 182
19 28 13 25 182 364
19 28 13 25 364 546
19 28 13 25 546 728
19 28 25 37 0 182
19 28 25 37 182 364
19 28 25 37 364 546
19 28 25 37 546 728
19 28 37 49 0 182
19 28 37 49 182 364
19 28 37 49 364 546
19 28 37 49 546 728
19 28 49 61 0 182
19 28 49 61 182 364
19 28 49 61 364 546
19 28 49 61 546 728
19 28 61 73 0 182
19 28 61 73 182 364
19 28 61 73 364 546
19 28 61 73 546 728
19 28 73 85 0 182
19 28 73 85 182 364
19 28 73 85 364 546
19 28 73 85 546 728
19 28 85 97 0 182
19 28 85 97 182 364
19 28 85 97 364 546
19 28 85 97 546 728
19 28 97 109 0 182
19 28 97 109 182 364
19 28 97 109 364 546
19 28 97 109 546 728
19 28 109 121 0 182
19 28 109 121 182 364
19 28 109 121 364 546
19 28 109 121 546 728
19 28 121 133 0 182
19 28 121 133 182 364
19 28 121 133 364 546
19 28 121 133 546 728
19 28 133 145 0 182
19 28 133 145 182 364
19 28 133 145 364 546
19 28 133 145 546 728
19 28 145 157 0 182
19 28 145 157 182 364
19 28 145 157 364 546
19 28 145 157 546 728
19 28 157 169 0 182
19 28 157 169 182 364
19 28 157 169 364 546
19 28 157 169 546 728
19 28 169 181 0 182
19 28 169 181 182 364
19 28 169 181 364 546
19 28 169 181 546 728
19 28 181 193 0 182
19 28 181 193 182 364
19 28 181 193 364 546
19 28 181 193 546 728
19 28 193 205 0 182
19 28 193 205 182 364
19 28 193 205 364 546
19 28 193 205 546 728
19 28 205 217 0 182
19 28 205 217 182 364
19 28 205 217 364 546
19 28 205 217 546 728
19 28 217 229 0 182
19 28 217 229 182 364
19 28 217 229 364 546
19 28 217 229 546 728
19 28 229 241 0 182
19 28 229 241 182 364
19 28 229 241 364 546
19 28 229 241 546 728
19 28 241 253 0 182
19 28 241 253 182 364
19 28 241 253 364 546
19 28 241 253 546 728
19 28 253 265 0 182
19 28 253 265 182 364
19 28 253 265 364 546
19 28 253 265 546 728
19 28 265 277 0 182
19 28 265 277 182 364
19 28 265 277 364 546
19 28 265 277 546 728
19 28 277 289 0 182
19 28 277 289 182 364
19 28 277 289 364 546
19 28 277 289 546 728
19 28 289 301 0 182
19 28 289 301 182 364
19 28 289 301 364 546
19 28 289 301 546 728
19 28 301 313 0 182
19 28 301 313 182 364
19 28 301 313 364 546
19 28 301 313 546 728
19 28 313 325 0 182
19 28 313 325 182 364
19 28 313 325 364 546
19 28 313 325 546 728
19 28 325 337 0 182
19 28 325 337 182 364
19 28 325 337 364 546
19 28 325 337 546 728
19 28 337 349 0 182
19 28 337 349 182 364
19 28 337 349 364 546
19 28 337 349 546 728
19 28 349 361 0 182
19 28 349 361 182 364
19 28 349 361 364 546
19 28 349 361 546 728
19 28 361 373 0 182
19 28 361 373 182 364
19 28 361 373 364 546
19 28 361 373 546 728
19 28 373 386 0 182
19 28 373 386 182 364
19 28 373 386 364 546
19 28 373 386 546 728
28 37 0 13 0 182
28 37 0 13 182 364
28 37 0 13 364 546
28 37 0 13 546 728
28 37 13 25 0 182
28 37 13 25 182 364
28 37 13 25 364 546
28 37 13 25 546 728
28 37 25 37 0 182
28 37 25 37 182 364
28 37 25 37 364 546
28 37 25 37 546 728
28 37 37 49 0 182
28 37 37 49 182 364
28 37 37 49 364 546
28 37 37 49 546 728
28 37 49 61 0 182
28 37 49 61 182 364
28 37 49 61 364 546
28 37 49 61 546 728
28 37 61 73 0 182
28 37 61 73 182 364
28 37 61 73 364 546
28 37 61 73 546 728
28 37 73 85 0 182
28 37 73 85 182 364
28 37 73 85 364 546
28 37 73 85 546 728
28 37 85 97 0 182
28 37 85 97 182 364
28 37 85 97 364 546
28 37 85 97 546 728
28 37 97 109 0 182
28 37 97 109 182 364
28 37 97 109 364 546
28 37 97 109 546 728
28 37 109 121 0 182
28 37 109 121 182 364
28 37 109 121 364 546
28 37 109 121 546 728
28 37 121 133 0 182
28 37 121 133 182 364
28 37 121 133 364 546
28 37 121 133 546 728
28 37 133 145 0 182
28 37 133 145 182 364
28 37 133 145 364 546
28 37 133 145 546 728
28 37 145 157 0 182
28 37 145 157 182 364
28 37 145 157 364 546
28 37 145 157 546 728
28 37 157 169 0 182
28 37 157 169 182 364
28 37 157 169 364 546
28 37 157 169 546 728
28 37 169 181 0 182
28 37 169 181 182 364
28 37 169 181 364 546
28 37 169 181 546 728
28 37 181 193 0 182
28 37 181 193 182 364
28 37 181 193 364 546
28 37 181 193 546 728
28 37 193 205 0 182
28 37 193 205 182 364
28 37 193 205 364 546
28 37 193 205 546 728
28 37 205 217 0 182
28 37 205 217 182 364
28 37 205 217 364 546
28 37 205 217 546 728
28 37 217 229 0 182
28 37 217 229 182 364
28 37 217 229 364 546
28 37 217 229 546 728
28 37 229 241 0 182
28 37 229 241 182 364
28 37 229 241 364 546
28 37 229 241 546 728
28 37 241 253 0 182
28 37 241 253 182 364
28 37 241 253 364 546
28 37 241 253 546 728
28 37 253 265 0 182
28 37 253 265 182 364
28 37 253 265 364 546
28 37 253 265 546 728
28 37 265 277 0 182
28 37 265 277 182 364
28 37 265 277 364 546
28 37 265 277 546 728
28 37 277 289 0 182
28 37 277 289 182 364
28 37 277 289 364 546
28 37 277 289 546 728
28 37 289 301 0 182
28 37 289 301 182 364
28 37 289 301 364 546
28 37 289 301 546 728
28 37 301 313 0 182
28 37 301 313 182 364
28 37 301 313 364 546
28 37 301 313 546 728
28 37 313 325 0 182
28 37 313 325 182 364
28 37 313 325 364 546
28 37 313 325 546 728
28 37 325 337 0 182
28 37 325 337 182 364
28 37 325 337 364 546
28 37 325 337 546 728
28 37 337 349 0 182
28 37 337 349 182 364
28 37 337 349 364 546
28 37 337 349 546 728
28 37 349 361 0 182
28 37 349 361 182 364
28 37 349 361 364 546
28 37 349 361 546 728
28 37 361 373 0 182
28 37 361 373 182 364
28 37 361 373 364 546
28 37 361 373 546 728
28 37 373 386 0 182
28 37 373 386 182 364
28 37 373 386 364 546
28 37 373 386 546 728
37 46 0 13 0 182
37 46 0 13 182 364
37 46 0 13 364 546
37 46 0 13 546 728
37 46 13 25 0 182
37 46 13 25 182 364
37 46 13 25 364 546
37 46 13 25 546 728
37 46 25 37 0 182
37 46 25 37 182 364
37 46 25 37 364 546
37 46 25 37 546 728
37 46 37 49 0 182
37 46 37 49 182 364
37 46 37 49 364 546
37 46 37 49 546 728
37 46 49 61 0 182
37 46 49 61 182 364
37 46 49 61 364 546
37 46 49 61 546 728
37 46 61 73 0 182
37 46 61 73 182 364
37 46 61 73 364 546
37 46 61 73 546 728
37 46 73 85 0 182
37 46 73 85 182 364
37 46 73 85 364 546
37 46 73 85 546 728
37 46 85 97 0 182
37 46 85 97 182 364
37 46 85 97 364 546
37 46 85 97 546 728
37 46 97 109 0 182
37 46 97 109 182 364
37 46 97 109 364 546
37 46 97 109 546 728
37 46 109 121 0 182
37 46 109 121 182 364
37 46 109 121 364 546
37 46 109 121 546 728
37 46 121 133 0 182
37 46 121 133 182 364
37 46 121 133 364 546
37 46 121 133 546 728
37 46 133 145 0 182
37 46 133 145 182 364
37 46 133 145 364 546
37 46 133 145 546 728
37 46 145 157 0 182
37 46 145 157 182 364
37 46 145 157 364 546
37 46 145 157 546 728
37 46 157 169 0 182
37 46 157 169 182 364
37 46 157 169 364 546
37 46 157 169 546 728
37 46 169 181 0 182
37 46 169 181 182 364
37 46 169 181 364 546
37 46 169 181 546 728
37 46 181 193 0 182
37 46 181 193 182 364
37 46 181 193 364 546
37 46 181 193 546 728
37 46 193 205 0 182
37 46 193 205 182 364
37 46 193 205 364 546
37 46 193 205 546 728
37 46 205 217 0 182
37 46 205 217 182 364
37 46 205 217 364 546
37 46 205 217 546 728
37 46 217 229 0 182
37 46 217 229 182 364
37 46 217 229 364 546
37 46 217 229 546 728
37 46 229 241 0 182
37 46 229 241 182 364
37 46 229 241 364 546
37 46 229 241 546 728
37 46 241 253 0 182
37 46 241 253 182 364
37 46 241 253 364 546
37 46 241 253 546 728
37 46 253 265 0 182
37 46 253 265 182 364
37 46 253 265 364 546
37 46 253 265 546 728
37 46 265 277 0 182
37 46 265 277 182 364
37 46 265 277 364 546
37 46 265 277 546 728
37 46 277 289 0 182
37 46 277 289 182 364
37 46 277 289 364 546
37 46 277 289 546 728
37 46 289 301 0 182
37 46 289 301 182 364
37 46 289 301 364 546
37 46 289 301 546 728
37 46 301 313 0 182
37 46 301 313 182 364
37 46 301 313 364 546
37 46 301 313 546 728
37 46 313 325 0 182
37 46 313 325 182 364
37 46 313 325 364 546
37 46 313 325 546 728
37 46 325 337 0 182
37 46 325 337 182 364
37 46 325 337 364 546
37 46 325 337 546 728
37 46 337 349 0 182
37 46 337 349 182 364
37 46 337 349 364 546
37 46 337 349 546 728
37 46 349 361 0 182
37 46 349 361 182 364
37 46 349 361 364 546
37 46 349 361 546 728
37 46 361 373 0 182
37 46 361 373 182 364
37 46 361 373 364 546
37 46 361 373 546 728
37 46 373 386 0 182
37 46 373 386 182 364
37 46 373 386 364 546
37 46 373 386 546 728
46 55 0 13 0 182
46 55 0 13 182 364
46 55 0 13 364 546
46 55 0 13 546 728
46 55 13 25 0 182
46 55 13 25 182 364
46 55 13 25 364 546
46 55 13 25 546 728
46 55 25 37 0 182
46 55 25 37 182 364
46 55 25 37 364 546
46 55 25 37 546 728
46 55 37 49 0 182
46 55 37 49 182 364
46 55 37 49 364 546
46 55 37 49 546 728
46 55 49 61 0 182
46 55 49 61 182 364
46 55 49 61 364 546
46 55 49 61 546 728
46 55 61 73 0 182
46 55 61 73 182 364
46 55 61 73 364 546
46 55 61 73 546 728
46 55 73 85 0 182
46 55 73 85 182 364
46 55 73 85 364 546
46 55 73 85 546 728
46 55 85 97 0 182
46 55 85 97 182 364
46 55 85 97 364 546
46 55 85 97 546 728
46 55 97 109 0 182
46 55 97 109 182 364
46 55 97 109 364 546
46 55 97 109 546 728
46 55 109 121 0 182
46 55 109 121 182 364
46 55 109 121 364 546
46 55 109 121 546 728
46 55 121 133 0 182
46 55 121 133 182 364
46 55 121 133 364 546
46 55 121 133 546 728
46 55 133 145 0 182
46 55 133 145 182 364
46 55 133 145 364 546
46 55 133 145 546 728
46 55 145 157 0 182
46 55 145 157 182 364
46 55 145 157 364 546
46 55 145 157 546 728
46 55 157 169 0 182
46 55 157 169 182 364
46 55 157 169 364 546
46 55 157 169 546 728
46 55 169 181 0 182
46 55 169 181 182 364
46 55 169 181 364 546
46 55 169 181 546 728
46 55 181 193 0 182
46 55 181 193 182 364
46 55 181 193 364 546
46 55 181 193 546 728
46 55 193 205 0 182
46 55 193 205 182 364
46 55 193 205 364 546
46 55 193 205 546 728
46 55 205 217 0 182
46 55 205 217 182 364
46 55 205 217 364 546
46 55 205 217 546 728
46 55 217 229 0 182
46 55 217 229 182 364
46 55 217 229 364 546
46 55 217 229 546 728
46 55 229 241 0 182
46 55 229 241 182 364
46 55 229 241 364 546
46 55 229 241 546 728
46 55 241 253 0 182
46 55 241 253 182 364
46 55 241 253 364 546
46 55 241 253 546 728
46 55 253 265 0 182
46 55 253 265 182 364
46 55 253 265 364 546
46 55 253 265 546 728
46 55 265 277 0 182
46 55 265 277 182 364
46 55 265 277 364 546
46 55 265 277 546 728
46 55 277 289 0 182
46 55 277 289 182 364
46 55 277 289 364 546
46 55 277 289 546 728
46 55 289 301 0 182
46 55 289 301 182 364
46 55 289 301 364 546
46 55 289 301 546 728
46 55 301 313 0 182
46 55 301 313 182 364
46 55 301 313 364 546
46 55 301 313 546 728
46 55 313 325 0 182
46 55 313 325 182 364
46 55 313 325 364 546
46 55 313 325 546 728
46 55 325 337 0 182
46 55 325 337 182 364
46 55 325 337 364 546
46 55 325 337 546 728
46 55 337 349 0 182
46 55 337 349 182 364
46 55 337 349 364 546
46 55 337 349 546 728
46 55 349 361 0 182
46 55 349 361 182 364
46 55 349 361 364 546
46 55 349 361 546 728
46 55 361 373 0 182
46 55 361 373 182 364
46 55 361 373 364 546
46 55 361 373 546 728
46 55 373 386 0 182
46 55 373 386 182 364
46 55 373 386 364 546
46 55 373 386 546 728
55 64 0 13 0 182
55 64 0 13 182 364
55 64 0 13 364 546
55 64 0 13 546 728
55 64 13 25 0 182
55 64 13 25 182 364
55 64 13 25 364 546
55 64 13 25 546 728
55 64 25 37 0 182
55 64 25 37 182 364
55 64 25 37 364 546
55 64 25 37 546 728
55 64 37 49 0 182
55 64 37 49 182 364
55 64 37 49 364 546
55 64 37 49 546 728
55 64 49 61 0 182
55 64 49 61 182 364
55 64 49 61 364 546
55 64 49 61 546 728
55 64 61 73 0 182
55 64 61 73 182 364
55 64 61 73 364 546
55 64 61 73 546 728
55 64 73 85 0 182
55 64 73 85 182 364
55 64 73 85 364 546
55 64 73 85 546 728
55 64 85 97 0 182
55 64 85 97 182 364
55 64 85 97 364 546
55 64 85 97 546 728
55 64 97 109 0 182
55 64 97 109 182 364
55 64 97 109 364 546
55 64 97 109 546 728
55 64 109 121 0 182
55 64 109 121 182 364
55 64 109 121 364 546
55 64 109 121 546 728
55 64 121 133 0 182
55 64 121 133 182 364
55 64 121 133 364 546
55 64 121 133 546 728
55 64 133 145 0 182
55 64 133 145 182 364
55 64 133 145 364 546
55 64 133 145 546 728
55 64 145 157 0 182
55 64 145 157 182 364
55 64 145 157 364 546
55 64 145 157 546 728
55 64 157 169 0 182
55 64 157 169 182 364
55 64 157 169 364 546
55 64 157 169 546 728
55 64 169 181 0 182
55 64 169 181 182 364
55 64 169 181 364 546
55 64 169 181 546 728
55 64 181 193 0 182
55 64 181 193 182 364
55 64 181 193 364 546
55 64 181 193 546 728
55 64 193 205 0 182
55 64 193 205 182 364
55 64 193 205 364 546
55 64 193 205 546 728
55 64 205 217 0 182
55 64 205 217 182 364
55 64 205 217 364 546
55 64 205 217 546 728
55 64 217 229 0 182
55 64 217 229 182 364
55 64 217 229 364 546
55 64 217 229 546 728
55 64 229 241 0 182
55 64 229 241 182 364
55 64 229 241 364 546
55 64 229 241 546 728
55 64 241 253 0 182
55 64 241 253 182 364
55 64 241 253 364 546
55 64 241 253 546 728
55 64 253 265 0 182
55 64 253 265 182 364
55 64 253 265 364 546
55 64 253 265 546 728
55 64 265 277 0 182
55 64 265 277 182 364
55 64 265 277 364 546
55 64 265 277 546 728
55 64 277 289 0 182
55 64 277 289 182 364
55 64 277 289 364 546
55 64 277 289 546 728
55 64 289 301 0 182
55 64 289 301 182 364
55 64 289 301 364 546
55 64 289 301 546 728
55 64 301 313 0 182
55 64 301 313 182 364
55 64 301 313 364 546
55 64 301 313 546 728
55 64 313 325 0 182
55 64 313 325 182 364
55 64 313 325 364 546
55 64 313 325 546 728
55 64 325 337 0 182
55 64 325 337 182 364
55 64 325 337 364 546
55 64 325 337 546 728
55 64 337 349 0 182
55 64 337 349 182 364
55 64 337 349 364 546
55 64 337 349 546 728
55 64 349 361 0 182
55 64 349 361 182 364
55 64 349 361 364 546
55 64 349 361 546 728
55 64 361 373 0 182
55 64 361 373 182 364
55 64 361 373 364 546
55 64 361 373 546 728
55 64 373 386 0 182
55 64 373 386 182 364
55 64 373 386 364 546
55 64 373 386 546 728
64 74 0 13 0 182
64 74 0 13 182 364
64 74 0 13 364 546
64 74 0 13 546 728
64 74 13 25 0 182
64 74 13 25 182 364
64 74 13 25 364 546
64 74 13 25 546 728
64 74 25 37 0 182
64 74 25 37 182 364
64 74 25 37 364 546
64 74 25 37 546 728
64 74 37 49 0 182
64 74 37 49 182 364
64 74 37 49 364 546
64 74 37 49 546 728
64 74 49 61 0 182
64 74 49 61 182 364
64 74 49 61 364 546
64 74 49 61 546 728
64 74 61 73 0 182
64 74 61 73 182 364
64 74 61 73 364 546
64 74 61 73 546 728
64 74 73 85 0 182
64 74 73 85 182 364
64 74 73 85 364 546
64 74 73 85 546 728
64 74 85 97 0 182
64 74 85 97 182 364
64 74 85 97 364 546
64 74 85 97 546 728
64 74 97 109 0 182
64 74 97 109 182 364
64 74 97 109 364 546
64 74 97 109 546 728
64 74 109 121 0 182
64 74 109 121 182 364
64 74 109 121 364 546
64 74 109 121 546 728
64 74 121 133 0 182
64 74 121 133 182 364
64 74 121 133 364 546
64 74 121 133 546 728
64 74 133 145 0 182
64 74 133 145 182 364
64 74 133 145 364 546
64 74 133 145 546 728
64 74 145 157 0 182
64 74 145 157 182 364
64 74 145 157 364 546
64 74 145 157 546 728
64 74 157 169 0 182
64 74 157 169 182 364
64 74 157 169 364 546
64 74 157 169 546 728
64 74 169 181 0 182
64 74 169 181 182 364
64 74 169 181 364 546
64 74 169 181 546 728
64 74 181 193 0 182
64 74 181 193 182 364
64 74 181 193 364 546
64 74 181 193 546 728
64 74 193 205 0 182
64 74 193 205 182 364
64 74 193 205 364 546
64 74 193 205 546 728
64 74 205 217 0 182
64 74 205 217 182 364
64 74 205 217 364 546
64 74 205 217 546 728
64 74 217 229 0 182
64 74 217 229 182 364
64 74 217 229 364 546
64 74 217 229 546 728
64 74 229 241 0 182
64 74 229 241 182 364
64 74 229 241 364 546
64 74 229 241 546 728
64 74 241 253 0 182
64 74 241 253 182 364
64 74 241 253 364 546
64 74 241 253 546 728
64 74 253 265 0 182
64 74 253 265 182 364
64 74 253 265 364 546
64 74 253 265 546 728
64 74 265 277 0 182
64 74 265 277 182 364
64 74 265 277 364 546
64 74 265 277 546 728
64 74 277 289 0 182
64 74 277 289 182 364
64 74 277 289 364 546
64 74 277 289 546 728
64 74 289 301 0 182
64 74 289 301 182 364
64 74 289 301 364 546
64 74 289 301 546 728
64 74 301 313 0 182
64 74 301 313 182 364
64 74 301 313 364 546
64 74 301 313 546 728
64 74 313 325 0 182
64 74 313 325 182 364
64 74 313 325 364 546
64 74 313 325 546 728
64 74 325 337 0 182
64 74 325 337 182 364
64 74 325 337 364 546
64 74 325 337 546 728
64 74 337 349 0 182
64 74 337 349 182 364
64 74 337 349 364 546
64 74 337 349 546 728
64 74 349 361 0 182
64 74 349 361 182 364
64 74 349 361 364 546
64 74 349 361 546 728
64 74 361 373 0 182
64 74 361 373 182 364
64 74 361 373 364 546
64 74 361 373 546 728
64 74 373 386 0 182
64 74 373 386 182 364
64 74 373 386 364 546
64 74 373 386 546 728
74 83 0 13 0 182
74 83 0 13 182 364
74 83 0 13 364 546
74 83 0 13 546 728
74 83 13 25 0 182
74 83 13 25 182 364
74 83 13 25 364 546
74 83 13 25 546 728
74 83 25 37 0 182
74 83 25 37 182 364
74 83 25 37 364 546
74 83 25 37 546 728
74 83 37 49 0 182
74 83 37 49 182 364
74 83 37 49 364 546
74 83 37 49 546 728
74 83 49 61 0 182
74 83 49 61 182 364
74 83 49 61 364 546
74 83 49 61 546 728
74 83 61 73 0 182
74 83 61 73 182 364
74 83 61 73 364 546
74 83 61 73 546 728
74 83 73 85 0 182
74 83 73 85 182 364
74 83 73 85 364 546
74 83 73 85 546 728
74 83 85 97 0 182
74 83 85 97 182 364
74 83 85 97 364 546
74 83 85 97 546 728
74 83 97 109 0 182
74 83 97 109 182 364
74 83 97 109 364 546
74 83 97 109 546 728
74 83 109 121 0 182
74 83 109 121 182 364
74 83 109 121 364 546
74 83 109 121 546 728
74 83 121 133 0 182
74 83 121 133 182 364
74 83 121 133 364 546
74 83 121 133 546 728
74 83 133 145 0 182
74 83 133 145 182 364
74 83 133 145 364 546
74 83 133 145 546 728
74 83 145 157 0 182
74 83 145 157 182 364
74 83 145 157 364 546
74 83 145 157 546 728
74 83 157 169 0 182
74 83 157 169 182 364
74 83 157 169 364 546
74 83 157 169 546 728
74 83 169 181 0 182
74 83 169 181 182 364
74 83 169 181 364 546
74 83 169 181 546 728
74 83 181 193 0 182
74 83 181 193 182 364
74 83 181 193 364 546
74 83 181 193 546 728
74 83 193 205 0 182
74 83 193 205 182 364
74 83 193 205 364 546
74 83 193 205 546 728
74 83 205 217 0 182
74 83 205 217 182 364
74 83 205 217 364 546
74 83 205 217 546 728
74 83 217 229 0 182
74 83 217 229 182 364
74 83 217 229 364 546
74 83 217 229 546 728
74 83 229 241 0 182
74 83 229 241 182 364
74 83 229 241 364 546
74 83 229 241 546 728
74 83 241 253 0 182
74 83 241 253 182 364
74 83 241 253 364 546
74 83 241 253 546 728
74 83 253 265 0 182
74 83 253 265 182 364
74 83 253 265 364 546
74 83 253 265 546 728
74 83 265 277 0 182
74 83 265 277 182 364
74 83 265 277 364 546
74 83 265 277 546 728
74 83 277 289 0 182
74 83 277 289 182 364
74 83 277 289 364 546
74 83 277 289 546 728
74 83 289 301 0 182
74 83 289 301 182 364
74 83 289 301 364 546
74 83 289 301 546 728
74 83 301 313 0 182
74 83 301 313 182 364
74 83 301 313 364 546
74 83 301 313 546 728
74 83 313 325 0 182
74 83 313 325 182 364
74 83 313 325 364 546
74 83 313 325 546 728
74 83 325 337 0 182
74 83 325 337 182 364
74 83 325 337 364 546
74 83 325 337 546 728
74 83 337 349 0 182
74 83 337 349 182 364
74 83 337 349 364 546
74 83 337 349 546 728
74 83 349 361 0 182
74 83 349 361 182 364
74 83 349 361 364 546
74 83 349 361 546 728
74 83 361 373 0 182
74 83 361 373 182 364
74 83 361 373 364 546
74 83 361 373 546 728
74 83 373 386 0 182
74 83 373 386 182 364
74 83 373 386 364 546
74 83 373 386 546 728
83 92 0 13 0 182
83 92 0 13 182 364
83 92 0 13 364 546
83 92 0 13 546 728
83 92 13 25 0 182
83 92 13 25 182 364
83 92 13 25 364 546
83 92 13 25 546 728
83 92 25 37 0 182
83 92 25 37 182 364
83 92 25 37 364 546
83 92 25 37 546 728
83 92 37 49 0 182
83 92 37 49 182 364
83 92 37 49 364 546
83 92 37 49 546 728
83 92 49 61 0 182
83 92 49 61 182 364
83 92 49 61 364 546
83 92 49 61 546 728
83 92 61 73 0 182
83 92 61 73 182 364
83 92 61 73 364 546
83 92 61 73 546 728
83 92 73 85 0 182
83 92 73 85 182 364
83 92 73 85 364 546
83 92 73 85 546 728
83 92 85 97 0 182
83 92 85 97 182 364
83 92 85 97 364 546
83 92 85 97 546 728
83 92 97 109 0 182
83 92 97 109 182 364
83 92 97 109 364 546
83 92 97 109 546 728
83 92 109 121 0 182
83 92 109 121 182 364
83 92 109 121 364 546
83 92 109 121 546 728
83 92 121 133 0 182
83 92 121 133 182 364
83 92 121 133 364 546
83 92 121 133 546 728
83 92 133 145 0 182
83 92 133 145 182 364
83 92 133 145 364 546
83 92 133 145 546 728
83 92 145 157 0 182
83 92 145 157 182 364
83 92 145 157 364 546
83 92 145 157 546 728
83 92 157 169 0 182
83 92 157 169 182 364
83 92 157 169 364 546
83 92 157 169 546 728
83 92 169 181 0 182
83 92 169 181 182 364
83 92 169 181 364 546
83 92 169 181 546 728
83 92 181 193 0 182
83 92 181 193 182 364
83 92 181 193 364 546
83 92 181 193 546 728
83 92 193 205 0 182
83 92 193 205 182 364
83 92 193 205 364 546
83 92 193 205 546 728
83 92 205 217 0 182
83 92 205 217 182 364
83 92 205 217 364 546
83 92 205 217 546 728
83 92 217 229 0 182
83 92 217 229 182 364
83 92 217 229 364 546
83 92 217 229 546 728
83 92 229 241 0 182
83 92 229 241 182 364
83 92 229 241 364 546
83 92 229 241 546 728
83 92 241 253 0 182
83 92 241 253 182 364
83 92 241 253 364 546
83 92 241 253 546 728
83 92 253 265 0 182
83 92 253 265 182 364
83 92 253 265 364 546
83 92 253 265 546 728
83 92 265 277 0 182
83 92 265 277 182 364
83 92 265 277 364 546
83 92 265 277 546 728
83 92 277 289 0 182
83 92 277 289 182 364
83 92 277 289 364 546
83 92 277 289 546 728
83 92 289 301 0 182
83 92 289 301 182 364
83 92 289 301 364 546
83 92 289 301 546 728
83 92 301 313 0 182
83 92 301 313 182 364
83 92 301 313 364 546
83 92 301 313 546 728
83 92 313 325 0 182
83 92 313 325 182 364
83 92 313 325 364 546
83 92 313 325 546 728
83 92 325 337 0 182
83 92 325 337 182 364
83 92 325 337 364 546
83 92 325 337 546 728
83 92 337 349 0 182
83 92 337 349 182 364
83 92 337 349 364 546
83 92 337 349 546 728
83 92 349 361 0 182
83 92 349 361 182 364
83 92 349 361 364 546
83 92 349 361 546 728
83 92 361 373 0 182
83 92 361 373 182 364
83 92 361 373 364 546
83 92 361 373 546 728
83 92 373 386 0 182
83 92 373 386 182 364
83 92 373 386 364 546
83 92 373 386 546 728
92 101 0 13 0 182
92 101 0 13 182 364
92 101 0 13 364 546
92 101 0 13 546 728
92 101 13 25 0 182
92 101 13 25 182 364
92 101 13 25 364 546
92 101 13 25 546 728
92 101 25 37 0 182
92 101 25 37 182 364
92 101 25 37 364 546
92 101 25 37 546 728
92 101 37 49 0 182
92 101 37 49 182 364
92 101 37 49 364 546
92 101 37 49 546 728
92 101 49 61 0 182
92 101 49 61 182 364
92 101 49 61 364 546
92 101 49 61 546 728
92 101 61 73 0 182
92 101 61 73 182 364
92 101 61 73 364 546
92 101 61 73 546 728
92 101 73 85 0 182
92 101 73 85 182 364
92 101 73 85 364 546
92 101 73 85 546 728
92 101 85 97 0 182
92 101 85 97 182 364
92 101 85 97 364 546
92 101 85 97 546 728
92 101 97 109 0 182
92 101 97 109 182 364
92 101 97 109 364 546
92 101 97 109 546 728
92 101 109 121 0 182
92 101 109 121 182 364
92 101 109 121 364 546
92 101 109 121 546 728
92 101 121 133 0 182
92 101 121 133 182 364
92 101 121 133 364 546
92 101 121 133 546 728
92 101 133 145 0 182
92 101 133 145 182 364
92 101 133 145 364 546
92 101 133 145 546 728
92 101 145 157 0 182
92 101 145 157 182 364
92 101 145 157 364 546
92 101 145 157 546 728
92 101 157 169 0 182
92 101 157 169 182 364
92 101 157 169 364 546
92 101 157 169 546 728
92 101 169 181 0 182
92 101 169 181 182 364
92 101 169 181 364 546
92 101 169 181 546 728
92 101 181 193 0 182
92 101 181 193 182 364
92 101 181 193 364 546
92 101 181 193 546 728
92 101 193 205 0 182
92 101 193 205 182 364
92 101 193 205 364 546
92 101 193 205 546 728
92 101 205 217 0 182
92 101 205 217 182 364
92 101 205 217 364 546
92 101 205 217 546 728
92 101 217 229 0 182
92 101 217 229 182 364
92 101 217 229 364 546
92 101 217 229 546 728
92 101 229 241 0 182
92 101 229 241 182 364
92 101 229 241 364 546
92 101 229 241 546 728
92 101 241 253 0 182
92 101 241 253 182 364
92 101 241 253 364 546
92 101 241 253 546 728
92 101 253 265 0 182
92 101 253 265 182 364
92 101 253 265 364 546
92 101 253 265 546 728
92 101 265 277 0 182
92 101 265 277 182 364
92 101 265 277 364 546
92 101 265 277 546 728
92 101 277 289 0 182
92 101 277 289 182 364
92 101 277 289 364 546
92 101 277 289 546 728
92 101 289 301 0 182
92 101 289 301 182 364
92 101 289 301 364 546
92 101 289 301 546 728
92 101 301 313 0 182
92 101 301 313 182 364
92 101 301 313 364 546
92 101 301 313 546 728
92 101 313 325 0 182
92 101 313 325 182 364
92 101 313 325 364 546
92 101 313 325 546 728
92 101 325 337 0 182
92 101 325 337 182 364
92 101 325 337 364 546
92 101 325 337 546 728
92 101 337 349 0 182
92 101 337 349 182 364
92 101 337 349 364 546
92 101 337 349 546 728
92 101 349 361 0 182
92 101 349 361 182 364
92 101 349 361 364 546
92 101 349 361 546 728
92 101 361 373 0 182
92 101 361 373 182 364
92 101 361 373 364 546
92 101 361 373 546 728
92 101 373 386 0 182
92 101 373 386 182 364
92 101 373 386 364 546
92 101 373 386 546 728
101 110 0 13 0 182
101 110 0 13 182 364
101 110 0 13 364 546
101 110 0 13 546 728
101 110 13 25 0 182
101 110 13 25 182 364
101 110 13 25 364 546
101 110 13 25 546 728
101 110 25 37 0 182
101 110 25 37 182 364
101 110 25 37 364 546
101 110 25 37 546 728
101 110 37 49 0 182
101 110 37 49 182 364
101 110 37 49 364 546
101 110 37 49 546 728
101 110 49 61 0 182
101 110 49 61 182 364
101 110 49 61 364 546
101 110 49 61 546 728
101 110 61 73 0 182
101 110 61 73 182 364
101 110 61 73 364 546
101 110 61 73 546 728
101 110 73 85 0 182
101 110 73 85 182 364
101 110 73 85 364 546
101 110 73 85 546 728
101 110 85 97 0 182
101 110 85 97 182 364
101 110 85 97 364 546
101 110 85 97 546 728
101 110 97 109 0 182
101 110 97 109 182 364
101 110 97 109 364 546
101 110 97 109 546 728
101 110 109 121 0 182
101 110 109 121 182 364
101 110 109 121 364 546
101 110 109 121 546 728
101 110 121 133 0 182
101 110 121 133 182 364
101 110 121 133 364 546
101 110 121 133 546 728
101 110 133 145 0 182
101 110 133 145 182 364
101 110 133 145 364 546
101 110 133 145 546 728
101 110 145 157 0 182
101 110 145 157 182 364
101 110 145 157 364 546
101 110 145 157 546 728
101 110 157 169 0 182
101 110 157 169 182 364
101 110 157 169 364 546
101 110 157 169 546 728
101 110 169 181 0 182
101 110 169 181 182 364
101 110 169 181 364 546
101 110 169 181 546 728
101 110 181 193 0 182
101 110 181 193 182 364
101 110 181 193 364 546
101 110 181 193 546 728
101 110 193 205 0 182
101 110 193 205 182 364
101 110 193 205 364 546
101 110 193 205 546 728
101 110 205 217 0 182
101 110 205 217 182 364
101 110 205 217 364 546
101 110 205 217 546 728
101 110 217 229 0 182
101 110 217 229 182 364
101 110 217 229 364 546
101 110 217 229 546 728
101 110 229 241 0 182
101 110 229 241 182 364
101 110 229 241 364 546
101 110 229 241 546 728
101 110 241 253 0 182
101 110 241 253 182 364
101 110 241 253 364 546
101 110 241 253 546 728
101 110 253 265 0 182
101 110 253 265 182 364
101 110 253 265 364 546
101 110 253 265 546 728
101 110 265 277 0 182
101 110 265 277 182 364
101 110 265 277 364 546
101 110 265 277 546 728
101 110 277 289 0 182
101 110 277 289 182 364
101 110 277 289 364 546
101 110 277 289 546 728
101 110 289 301 0 182
101 110 289 301 182 364
101 110 289 301 364 546
101 110 289 301 546 728
101 110 301 313 0 182
101 110 301 313 182 364
101 110 301 313 364 546
101 110 301 313 546 728
101 110 313 325 0 182
101 110 313 325 182 364
101 110 313 325 364 546
101 110 313 325 546 728
101 110 325 337 0 182
101 110 325 337 182 364
101 110 325 337 364 546
101 110 325 337 546 728
101 110 337 349 0 182
101 110 337 349 182 364
101 110 337 349 364 546
101 110 337 349 546 728
101 110 349 361 0 182
101 110 349 361 182 364
101 110 349 361 364 546
101 110 349 361 546 728
101 110 361 373 0 182
101 110 361 373 182 364
101 110 361 373 364 546
101 110 361 373 546 728
101 110 373 386 0 182
101 110 373 386 182 364
101 110 373 386 364 546
101 110 373 386 546 728
110 119 0 13 0 182
110 119 0 13 182 364
110 119 0 13 364 546
110 119 0 13 546 728
110 119 13 25 0 182
110 119 13 25 182 364
110 119 13 25 364 546
110 119 13 25 546 728
110 119 25 37 0 182
110 119 25 37 182 364
110 119 25 37 364 546
110 119 25 37 546 728
110 119 37 49 0 182
110 119 37 49 182 364
110 119 37 49 364 546
110 119 37 49 546 728
110 119 49 61 0 182
110 119 49 61 182 364
110 119 49 61 364 546
110 119 49 61 546 728
110 119 61 73 0 182
110 119 61 73 182 364
110 119 61 73 364 546
110 119 61 73 546 728
110 119 73 85 0 182
110 119 73 85 182 364
110 119 73 85 364 546
110 119 73 85 546 728
110 119 85 97 0 182
110 119 85 97 182 364
110 119 85 97 364 546
110 119 85 97 546 728
110 119 97 109 0 182
110 119 97 109 182 364
110 119 97 109 364 546
110 119 97 109 546 728
110 119 109 121 0 182
110 119 109 121 182 364
110 119 109 121 364 546
110 119 109 121 546 728
110 119 121 133 0 182
110 119 121 133 182 364
110 119 121 133 364 546
110 119 121 133 546 728
110 119 133 145 0 182
110 119 133 145 182 364
110 119 133 145 364 546
110 119 133 145 546 728
110 119 145 157 0 182
110 119 145 157 182 364
110 119 145 157 364 546
110 119 145 157 546 728
110 119 157 169 0 182
110 119 157 169 182 364
110 119 157 169 364 546
110 119 157 169 546 728
110 119 169 181 0 182
110 119 169 181 182 364
110 119 169 181 364 546
110 119 169 181 546 728
110 119 181 193 0 182
110 119 181 193 182 364
110 119 181 193 364 546
110 119 181 193 546 728
110 119 193 205 0 182
110 119 193 205 182 364
110 119 193 205 364 546
110 119 193 205 546 728
110 119 205 217 0 182
110 119 205 217 182 364
110 119 205 217 364 546
110 119 205 217 546 728
110 119 217 229 0 182
110 119 217 229 182 364
110 119 217 229 364 546
110 119 217 229 546 728
110 119 229 241 0 182
110 119 229 241 182 364
110 119 229 241 364 546
110 119 229 241 546 728
110 119 241 253 0 182
110 119 241 253 182 364
110 119 241 253 364 546
110 119 241 253 546 728
110 119 253 265 0 182
110 119 253 265 182 364
110 119 253 265 364 546
110 119 253 265 546 728
110 119 265 277 0 182
110 119 265 277 182 364
110 119 265 277 364 546
110 119 265 277 546 728
110 119 277 289 0 182
110 119 277 289 182 364
110 119 277 289 364 546
110 119 277 289 546 728
110 119 289 301 0 182
110 119 289 301 182 364
110 119 289 301 364 546
110 119 289 301 546 728
110 119 301 313 0 182
110 119 301 313 182 364
110 119 301 313 364 546
110 119 301 313 546 728
110 119 313 325 0 182
110 119 313 325 182 364
110 119 313 325 364 546
110 119 313 325 546 728
110 119 325 337 0 182
110 119 325 337 182 364
110 119 325 337 364 546
110 119 325 337 546 728
110 119 337 349 0 182
110 119 337 349 182 364
110 119 337 349 364 546
110 119 337 349 546 728
110 119 349 361 0 182
110 119 349 361 182 364
110 119 349 361 364 546
110 119 349 361 546 728
110 119 361 373 0 182
110 119 361 373 182 364
110 119 361 373 364 546
110 119 361 373 546 728
110 119 373 386 0 182
110 119 373 386 182 364
110 119 373 386 364 546
110 119 373 386 546 728
119 128 0 13 0 182
119 128 0 13 182 364
119 128 0 13 364 546
119 128 0 13 546 728
119 128 13 25 0 182
119 128 13 25 182 364
119 128 13 25 364 546
119 128 13 25 546 728
119 128 25 37 0 182
119 128 25 37 182 364
119 128 25 37 364 546
119 128 25 37 546 728
119 128 37 49 0 182
119 128 37 49 182 364
119 128 37 49 364 546
119 128 37 49 546 728
119 128 49 61 0 182
119 128 49 61 182 364
119 128 49 61 364 546
119 128 49 61 546 728
119 128 61 73 0 182
119 128 61 73 182 364
119 128 61 73 364 546
119 128 61 73 546 728
119 128 73 85 0 182
119 128 73 85 182 364
119 128 73 85 364 546
119 128 73 85 546 728
119 128 85 97 0 182
119 128 85 97 182 364
119 128 85 97 364 546
119 128 85 97 546 728
119 128 97 109 0 182
119 128 97 109 182 364
119 128 97 109 364 546
119 128 97 109 546 728
119 128 109 121 0 182
119 128 109 121 182 364
119 128 109 121 364 546
119 128 109 121 546 728
119 128 121 133 0 182
119 128 121 133 182 364
119 128 121 133 364 546
119 128 121 133 546 728
119 128 133 145 0 182
119 128 133 145 182 364
119 128 133 145 364 546
119 128 133 145 546 728
119 128 145 157 0 182
119 128 145 157 182 364
119 128 145 157 364 546
119 128 145 157 546 728
119 128 157 169 0 182
119 128 157 169 182 364
119 128 157 169 364 546
119 128 157 169 546 728
119 128 169 181 0 182
119 128 169 181 182 364
119 128 169 181 364 546
119 128 169 181 546 728
119 128 181 193 0 182
119 128 181 193 182 364
119 128 181 193 364 546
119 128 181 193 546 728
119 128 193 205 0 182
119 128 193 205 182 364
119 128 193 205 364 546
119 128 193 205 546 728
119 128 205 217 0 182
119 128 205 217 182 364
119 128 205 217 364 546
119 128 205 217 546 728
119 128 217 229 0 182
119 128 217 229 182 364
119 128 217 229 364 546
119 128 217 229 546 728
119 128 229 241 0 182
119 128 229 241 182 364
119 128 229 241 364 546
119 128 229 241 546 728
119 128 241 253 0 182
119 128 241 253 182 364
119 128 241 253 364 546
119 128 241 253 546 728
119 128 253 265 0 182
119 128 253 265 182 364
119 128 253 265 364 546
119 128 253 265 546 728
119 128 265 277 0 182
119 128 265 277 182 364
119 128 265 277 364 546
119 128 265 277 546 728
119 128 277 289 0 182
119 128 277 289 182 364
119 128 277 289 364 546
119 128 277 289 546 728
119 128 289 301 0 182
119 128 289 301 182 364
119 128 289 301 364 546
119 128 289 301 546 728
119 128 301 313 0 182
119 128 301 313 182 364
119 128 301 313 364 546
119 128 301 313 546 728
119 128 313 325 0 182
119 128 313 325 182 364
119 128 313 325 364 546
119 128 313 325 546 728
119 128 325 337 0 182
119 128 325 337 182 364
119 128 325 337 364 546
119 128 325 337 546 728
119 128 337 349 0 182
119 128 337 349 182 364
119 128 337 349 364 546
119 128 337 349 546 728
119 128 349 361 0 182
119 128 349 361 182 364
119 128 349 361 364 546
119 128 349 361 546 728
119 128 361 373 0 182
119 128 361 373 182 364
119 128 361 373 364 546
119 128 361 373 546 728
119 128 373 386 0 182
119 128 373 386 182 364
119 128 373 386 364 546
119 128 373 386 546 728
128 137 0 13 0 182
128 137 0 13 182 364
128 137 0 13 364 546
128 137 0 13 546 728
128 137 13 25 0 182
128 137 13 25 182 364
128 137 13 25 364 546
128 137 13 25 546 728
128 137 25 37 0 182
128 137 25 37 182 364
128 137 25 37 364 546
128 137 25 37 546 728
128 137 37 49 0 182
128 137 37 49 182 364
128 137 37 49 364 546
128 137 37 49 546 728
128 137 49 61 0 182
128 137 49 61 182 364
128 137 49 61 364 546
128 137 49 61 546 728
128 137 61 73 0 182
128 137 61 73 182 364
128 137 61 73 364 546
128 137 61 73 546 728
128 137 73 85 0 182
128 137 73 85 182 364
128 137 73 85 364 546
128 137 73 85 546 728
128 137 85 97 0 182
128 137 85 97 182 364
128 137 85 97 364 546
128 137 85 97 546 728
128 137 97 109 0 182
128 137 97 109 182 364
128 137 97 109 364 546
128 137 97 109 546 728
128 137 109 121 0 182
128 137 109 121 182 364
128 137 109 121 364 546
128 137 109 121 546 728
128 137 121 133 0 182
128 137 121 133 182 364
128 137 121 133 364 546
128 137 121 133 546 728
128 137 133 145 0 182
128 137 133 145 182 364
128 137 133 145 364 546
128 137 133 145 546 728
128 137 145 157 0 182
128 137 145 157 182 364
128 137 145 157 364 546
128 137 145 157 546 728
128 137 157 169 0 182
128 137 157 169 182 364
128 137 157 169 364 546
128 137 157 169 546 728
128 137 169 181 0 182
128 137 169 181 182 364
128 137 169 181 364 546
128 137 169 181 546 728
128 137 181 193 0 182
128 137 181 193 182 364
128 137 181 193 364 546
128 137 181 193 546 728
128 137 193 205 0 182
128 137 193 205 182 364
128 137 193 205 364 546
128 137 193 205 546 728
128 137 205 217 0 182
128 137 205 217 182 364
128 137 205 217 364 546
128 137 205 217 546 728
128 137 217 229 0 182
128 137 217 229 182 364
128 137 217 229 364 546
128 137 217 229 546 728
128 137 229 241 0 182
128 137 229 241 182 364
128 137 229 241 364 546
128 137 229 241 546 728
128 137 241 253 0 182
128 137 241 253 182 364
128 137 241 253 364 546
128 137 241 253 546 728
128 137 253 265 0 182
128 137 253 265 182 364
128 137 253 265 364 546
128 137 253 265 546 728
128 137 265 277 0 182
128 137 265 277 182 364
128 137 265 277 364 546
128 137 265 277 546 728
128 137 277 289 0 182
128 137 277 289 182 364
128 137 277 289 364 546
128 137 277 289 546 728
128 137 289 301 0 182
128 137 289 301 182 364
128 137 289 301 364 546
128 137 289 301 546 728
128 137 301 313 0 182
128 137 301 313 182 364
128 137 301 313 364 546
128 137 301 313 546 728
128 137 313 325 0 182
128 137 313 325 182 364
128 137 313 325 364 546
128 137 313 325 546 728
128 137 325 337 0 182
128 137 325 337 182 364
128 137 325 337 364 546
128 137 325 337 546 728
128 137 337 349 0 182
128 137 337 349 182 364
128 137 337 349 364 546
128 137 337 349 546 728
128 137 349 361 0 182
128 137 349 361 182 364
128 137 349 361 364 546
128 137 349 361 546 728
128 137 361 373 0 182
128 137 361 373 182 364
128 137 361 373 364 546
128 137 361 373 546 728
128 137 373 386 0 182
128 137 373 386 182 364
128 137 373 386 364 546
128 137 373 386 546 728
137 147 0 13 0 182
137 147 0 13 182 364
137 147 0 13 364 546
137 147 0 13 546 728
137 147 13 25 0 182
137 147 13 25 182 364
137 147 13 25 364 546
137 147 13 25 546 728
137 147 25 37 0 182
137 147 25 37 182 364
137 147 25 37 364 546
137 147 25 37 546 728
137 147 37 49 0 182
137 147 37 49 182 364
137 147 37 49 364 546
137 147 37 49 546 728
137 147 49 61 0 182
137 147 49 61 182 364
137 147 49 61 364 546
137 147 49 61 546 728
137 147 61 73 0 182
137 147 61 73 182 364
137 147 61 73 364 546
137 147 61 73 546 728
137 147 73 85 0 182
137 147 73 85 182 364
137 147 73 85 364 546
137 147 73 85 546 728
137 147 85 97 0 182
137 147 85 97 182 364
137 147 85 97 364 546
137 147 85 97 546 728
137 147 97 109 0 182
137 147 97 109 182 364
137 147 97 109 364 546
137 147 97 109 546 728
137 147 109 121 0 182
137 147 109 121 182 364
137 147 109 121 364 546
137 147 109 121 546 728
137 147 121 133 0 182
137 147 121 133 182 364
137 147 121 133 364 546
137 147 121 133 546 728
137 147 133 145 0 182
137 147 133 145 182 364
137 147 133 145 364 546
137 147 133 145 546 728
137 147 145 157 0 182
137 147 145 157 182 364
137 147 145 157 364 546
137 147 145 157 546 728
137 147 157 169 0 182
137 147 157 169 182 364
137 147 157 169 364 546
137 147 157 169 546 728
137 147 169 181 0 182
137 147 169 181 182 364
137 147 169 181 364 546
137 147 169 181 546 728
137 147 181 193 0 182
137 147 181 193 182 364
137 147 181 193 364 546
137 147 181 193 546 728
137 147 193 205 0 182
137 147 193 205 182 364
137 147 193 205 364 546
137 147 193 205 546 728
137 147 205 217 0 182
137 147 205 217 182 364
137 147 205 217 364 546
137 147 205 217 546 728
137 147 217 229 0 182
137 147 217 229 182 364
137 147 217 229 364 546
137 147 217 229 546 728
137 147 229 241 0 182
137 147 229 241 182 364
137 147 229 241 364 546
137 147 229 241 546 728
137 147 241 253 0 182
137 147 241 253 182 364
137 147 241 253 364 546
137 147 241 253 546 728
137 147 253 265 0 182
137 147 253 265 182 364
137 147 253 265 364 546
137 147 253 265 546 728
137 147 265 277 0 182
137 147 265 277 182 364
137 147 265 277 364 546
137 147 265 277 546 728
137 147 277 289 0 182
137 147 277 289 182 364
137 147 277 289 364 546
137 147 277 289 546 728
137 147 289 301 0 182
137 147 289 301 182 364
137 147 289 301 364 546
137 147 289 301 546 728
137 147 301 313 0 182
137 147 301 313 182 364
137 147 301 313 364 546
137 147 301 313 546 728
137 147 313 325 0 182
137 147 313 325 182 364
137 147 313 325 364 546
137 147 313 325 546 728
137 147 325 337 0 182
137 147 325 337 182 364
137 147 325 337 364 546
137 147 325 337 546 728
137 147 337 349 0 182
137 147 337 349 182 364
137 147 337 349 364 546
137 147 337 349 546 728
137 147 349 361 0 182
137 147 349 361 182 364
137 147 349 361 364 546
137 147 349 361 546 728
137 147 361 373 0 182
137 147 361 373 182 364
137 147 361 373 364 546
137 147 361 373 546 728
137 147 373 386 0 182
137 147 373 386 182 364
137 147 373 386 364 546
137 147 373 386 546 728
147 156 0 13 0 182
147 156 0 13 182 364
147 156 0 13 364 546
147 156 0 13 546 728
147 156 13 25 0 182
147 156 13 25 182 364
147 156 13 25 364 546
147 156 13 25 546 728
147 156 25 37 0 182
147 156 25 37 182 364
147 156 25 37 364 546
147 156 25 37 546 728
147 156 37 49 0 182
147 156 37 49 182 364
147 156 37 49 364 546
147 156 37 49 546 728
147 156 49 61 0 182
147 156 49 61 182 364
147 156 49 61 364 546
147 156 49 61 546 728
147 156 61 73 0 182
147 156 61 73 182 364
147 156 61 73 364 546
147 156 61 73 546 728
147 156 73 85 0 182
147 156 73 85 182 364
147 156 73 85 364 546
147 156 73 85 546 728
147 156 85 97 0 182
147 156 85 97 182 364
147 156 85 97 364 546
147 156 85 97 546 728
147 156 97 109 0 182
147 156 97 109 182 364
147 156 97 109 364 546
147 156 97 109 546 728
147 156 109 121 0 182
147 156 109 121 182 364
147 156 109 121 364 546
147 156 109 121 546 728
147 156 121 133 0 182
147 156 121 133 182 364
147 156 121 133 364 546
147 156 121 133 546 728
147 156 133 145 0 182
147 156 133 145 182 364
147 156 133 145 364 546
147 156 133 145 546 728
147 156 145 157 0 182
147 156 145 157 182 364
147 156 145 157 364 546
147 156 145 157 546 728
147 156 157 169 0 182
147 156 157 169 182 364
147 156 157 169 364 546
147 156 157 169 546 728
147 156 169 181 0 182
147 156 169 181 182 364
147 156 169 181 364 546
147 156 169 181 546 728
147 156 181 193 0 182
147 156 181 193 182 364
147 156 181 193 364 546
147 156 181 193 546 728
147 156 193 205 0 182
147 156 193 205 182 364
147 156 193 205 364 546
147 156 193 205 546 728
147 156 205 217 0 182
147 156 205 217 182 364
147 156 205 217 364 546
147 156 205 217 546 728
147 156 217 229 0 182
147 156 217 229 182 364
147 156 217 229 364 546
147 156 217 229 546 728
147 156 229 241 0 182
147 156 229 241 182 364
147 156 229 241 364 546
147 156 229 241 546 728
147 156 241 253 0 182
147 156 241 253 182 364
147 156 241 253 364 546
147 156 241 253 546 728
147 156 253 265 0 182
147 156 253 265 182 364
147 156 253 265 364 546
147 156 253 265 546 728
147 156 265 277 0 182
147 156 265 277 182 364
147 156 265 277 364 546
147 156 265 277 546 728
147 156 277 289 0 182
147 156 277 289 182 364
147 156 277 289 364 546
147 156 277 289 546 728
147 156 289 301 0 182
147 156 289 301 182 364
147 156 289 301 364 546
147 156 289 301 546 728
147 156 301 313 0 182
147 156 301 313 182 364
147 156 301 313 364 546
147 156 301 313 546 728
147 156 313 325 0 182
147 156 313 325 182 364
147 156 313 325 364 546
147 156 313 325 546 728
147 156 325 337 0 182
147 156 325 337 182 364
147 156 325 337 364 546
147 156 325 337 546 728
147 156 337 349 0 182
147 156 337 349 182 364
147 156 337 349 364 546
147 156 337 349 546 728
147 156 349 361 0 182
147 156 349 361 182 364
147 156 349 361 364 546
147 156 349 361 546 728
147 156 361 373 0 182
147 156 361 373 182 364
147 156 361 373 364 546
147 156 361 373 546 728
147 156 373 386 0 182
147 156 373 386 182 364
147 156 373 386 364 546
147 156 373 386 546 728
156 165 0 13 0 182
156 165 0 13 182 364
156 165 0 13 364 546
156 165 0 13 546 728
156 165 13 25 0 182
156 165 13 25 182 364
156 165 13 25 364 546
156 165 13 25 546 728
156 165 25 37 0 182
156 165 25 37 182 364
156 165 25 37 364 546
156 165 25 37 546 728
156 165 37 49 0 182
156 165 37 49 182 364
156 165 37 49 364 546
156 165 37 49 546 728
156 165 49 61 0 182
156 165 49 61 182 364
156 165 49 61 364 546
156 165 49 61 546 728
156 165 61 73 0 182
156 165 61 73 182 364
156 165 61 73 364 546
156 165 61 73 546 728
156 165 73 85 0 182
156 165 73 85 182 364
156 165 73 85 364 546
156 165 73 85 546 728
156 165 85 97 0 182
156 165 85 97 182 364
156 165 85 97 364 546
156 165 85 97 546 728
156 165 97 109 0 182
156 165 97 109 182 364
156 165 97 109 364 546
156 165 97 109 546 728
156 165 109 121 0 182
156 165 109 121 182 364
156 165 109 121 364 546
156 165 109 121 546 728
156 165 121 133 0 182
156 165 121 133 182 364
156 165 121 133 364 546
156 165 121 133 546 728
156 165 133 145 0 182
156 165 133 145 182 364
156 165 133 145 364 546
156 165 133 145 546 728
156 165 145 157 0 182
156 165 145 157 182 364
156 165 145 157 364 546
156 165 145 157 546 728
156 165 157 169 0 182
156 165 157 169 182 364
156 165 157 169 364 546
156 165 157 169 546 728
156 165 169 181 0 182
156 165 169 181 182 364
156 165 169 181 364 546
156 165 169 181 546 728
156 165 181 193 0 182
156 165 181 193 182 364
156 165 181 193 364 546
156 165 181 193 546 728
156 165 193 205 0 182
156 165 193 205 182 364
156 165 193 205 364 546
156 165 193 205 546 728
156 165 205 217 0 182
156 165 205 217 182 364
156 165 205 217 364 546
156 165 205 217 546 728
156 165 217 229 0 182
156 165 217 229 182 364
156 165 217 229 364 546
156 165 217 229 546 728
156 165 229 241 0 182
156 165 229 241 182 364
156 165 229 241 364 546
156 165 229 241 546 728
156 165 241 253 0 182
156 165 241 253 182 364
156 165 241 253 364 546
156 165 241 253 546 728
156 165 253 265 0 182
156 165 253 265 182 364
156 165 253 265 364 546
156 165 253 265 546 728
156 165 265 277 0 182
156 165 265 277 182 364
156 165 265 277 364 546
156 165 265 277 546 728
156 165 277 289 0 182
156 165 277 289 182 364
156 165 277 289 364 546
156 165 277 289 546 728
156 165 289 301 0 182
156 165 289 301 182 364
156 165 289 301 364 546
156 165 289 301 546 728
156 165 301 313 0 182
156 165 301 313 182 364
156 165 301 313 364 546
156 165 301 313 546 728
156 165 313 325 0 182
156 165 313 325 182 364
156 165 313 325 364 546
156 165 313 325 546 728
156 165 325 337 0 182
156 165 325 337 182 364
156 165 325 337 364 546
156 165 325 337 546 728
156 165 337 349 0 182
156 165 337 349 182 364
156 165 337 349 364 546
156 165 337 349 546 728
156 165 349 361 0 182
156 165 349 361 182 364
156 165 349 361 364 546
156 165 349 361 546 728
156 165 361 373 0 182
156 165 361 373 182 364
156 165 361 373 364 546
156 165 361 373 546 728
156 165 373 386 0 182
156 165 373 386 182 364
156 165 373 386 364 546
156 165 373 386 546 728
165 174 0 13 0 182
165 174 0 13 182 364
165 174 0 13 364 546
165 174 0 13 546 728
165 174 13 25 0 182
165 174 13 25 182 364
165 174 13 25 364 546
165 174 13 25 546 728
165 174 25 37 0 182
165 174 25 37 182 364
165 174 25 37 364 546
165 174 25 37 546 728
165 174 37 49 0 182
165 174 37 49 182 364
165 174 37 49 364 546
165 174 37 49 546 728
165 174 49 61 0 182
165 174 49 61 182 364
165 174 49 61 364 546
165 174 49 61 546 728
165 174 61 73 0 182
165 174 61 73 182 364
165 174 61 73 364 546
165 174 61 73 546 728
165 174 73 85 0 182
165 174 73 85 182 364
165 174 73 85 364 546
165 174 73 85 546 728
165 174 85 97 0 182
165 174 85 97 182 364
165 174 85 97 364 546
165 174 85 97 546 728
165 174 97 109 0 182
165 174 97 109 182 364
165 174 97 109 364 546
165 174 97 109 546 728
165 174 109 121 0 182
165 174 109 121 182 364
165 174 109 121 364 546
165 174 109 121 546 728
165 174 121 133 0 182
165 174 121 133 182 364
165 174 121 133 364 546
165 174 121 133 546 728
165 174 133 145 0 182
165 174 133 145 182 364
165 174 133 145 364 546
165 174 133 145 546 728
165 174 145 157 0 182
165 174 145 157 182 364
165 174 145 157 364 546
165 174 145 157 546 728
165 174 157 169 0 182
165 174 157 169 182 364
165 174 157 169 364 546
165 174 157 169 546 728
165 174 169 181 0 182
165 174 169 181 182 364
165 174 169 181 364 546
165 174 169 181 546 728
165 174 181 193 0 182
165 174 181 193 182 364
165 174 181 193 364 546
165 174 181 193 546 728
165 174 193 205 0 182
165 174 193 205 182 364
165 174 193 205 364 546
165 174 193 205 546 728
165 174 205 217 0 182
165 174 205 217 182 364
165 174 205 217 364 546
165 174 205 217 546 728
165 174 217 229 0 182
165 174 217 229 182 364
165 174 217 229 364 546
165 174 217 229 546 728
165 174 229 241 0 182
165 174 229 241 182 364
165 174 229 241 364 546
165 174 229 241 546 728
165 174 241 253 0 182
165 174 241 253 182 364
165 174 241 253 364 546
165 174 241 253 546 728
165 174 253 265 0 182
165 174 253 265 182 364
165 174 253 265 364 546
165 174 253 265 546 728
165 174 265 277 0 182
165 174 265 277 182 364
165 174 265 277 364 546
165 174 265 277 546 728
165 174 277 289 0 182
165 174 277 289 182 364
165 174 277 289 364 546
165 174 277 289 546 728
165 174 289 301 0 182
165 174 289 301 182 364
165 174 289 301 364 546
165 174 289 301 546 728
165 174 301 313 0 182
165 174 301 313 182 364
165 174 301 313 364 546
165 174 301 313 546 728
165 174 313 325 0 182
165 174 313 325 182 364
165 174 313 325 364 546
165 174 313 325 546 728
165 174 325 337 0 182
165 174 325 337 182 364
165 174 325 337 364 546
165 174 325 337 546 728
165 174 337 349 0 182
165 174 337 349 182 364
165 174 337 349 364 546
165 174 337 349 546 728
165 174 349 361 0 182
165 174 349 361 182 364
165 174 349 361 364 546
165 174 349 361 546 728
165 174 361 373 0 182
165 174 361 373 182 364
165 174 361 373 364 546
165 174 361 373 546 728
165 174 373 386 0 182
165 174 373 386 182 364
165 174 373 386 364 546
165 174 373 386 546 728
174 183 0 13 0 182
174 183 0 13 182 364
174 183 0 13 364 546
174 183 0 13 546 728
174 183 13 25 0 182
174 183 13 25 182 364
174 183 13 25 364 546
174 183 13 25 546 728
174 183 25 37 0 182
174 183 25 37 182 364
174 183 25 37 364 546
174 183 25 37 546 728
174 183 37 49 0 182
174 183 37 49 182 364
174 183 37 49 364 546
174 183 37 49 546 728
174 183 49 61 0 182
174 183 49 61 182 364
174 183 49 61 364 546
174 183 49 61 546 728
174 183 61 73 0 182
174 183 61 73 182 364
174 183 61 73 364 546
174 183 61 73 546 728
174 183 73 85 0 182
174 183 73 85 182 364
174 183 73 85 364 546
174 183 73 85 546 728
174 183 85 97 0 182
174 183 85 97 182 364
174 183 85 97 364 546
174 183 85 97 546 728
174 183 97 109 0 182
174 183 97 109 182 364
174 183 97 109 364 546
174 183 97 109 546 728
174 183 109 121 0 182
174 183 109 121 182 364
174 183 109 121 364 546
174 183 109 121 546 728
174 183 121 133 0 182
174 183 121 133 182 364
174 183 121 133 364 546
174 183 121 133 546 728
174 183 133 145 0 182
174 183 133 145 182 364
174 183 133 145 364 546
174 183 133 145 546 728
174 183 145 157 0 182
174 183 145 157 182 364
174 183 145 157 364 546
174 183 145 157 546 728
174 183 157 169 0 182
174 183 157 169 182 364
174 183 157 169 364 546
174 183 157 169 546 728
174 183 169 181 0 182
174 183 169 181 182 364
174 183 169 181 364 546
174 183 169 181 546 728
174 183 181 193 0 182
174 183 181 193 182 364
174 183 181 193 364 546
174 183 181 193 546 728
174 183 193 205 0 182
174 183 193 205 182 364
174 183 193 205 364 546
174 183 193 205 546 728
174 183 205 217 0 182
174 183 205 217 182 364
174 183 205 217 364 546
174 183 205 217 546 728
174 183 217 229 0 182
174 183 217 229 182 364
174 183 217 229 364 546
174 183 217 229 546 728
174 183 229 241 0 182
174 183 229 241 182 364
174 183 229 241 364 546
174 183 229 241 546 728
174 183 241 253 0 182
174 183 241 253 182 364
174 183 241 253 364 546
174 183 241 253 546 728
174 183 253 265 0 182
174 183 253 265 182 364
174 183 253 265 364 546
174 183 253 265 546 728
174 183 265 277 0 182
174 183 265 277 182 364
174 183 265 277 364 546
174 183 265 277 546 728
174 183 277 289 0 182
174 183 277 289 182 364
174 183 277 289 364 546
174 183 277 289 546 728
174 183 289 301 0 182
174 183 289 301 182 364
174 183 289 301 364 546
174 183 289 301 546 728
174 183 301 313 0 182
174 183 301 313 182 364
174 183 301 313 364 546
174 183 301 313 546 728
174 183 313 325 0 182
174 183 313 325 182 364
174 183 313 325 364 546
174 183 313 325 546 728
174 183 325 337 0 182
174 183 325 337 182 364
174 183 325 337 364 546
174 183 325 337 546 728
174 183 337 349 0 182
174 183 337 349 182 364
174 183 337 349 364 546
174 183 337 349 546 728
174 183 349 361 0 182
174 183 349 361 182 364
174 183 349 361 364 546
174 183 349 361 546 728
174 183 361 373 0 182
174 183 361 373 182 364
174 183 361 373 364 546
174 183 361 373 546 728
174 183 373 386 0 182
174 183 373 386 182 364
174 183 373 386 364 546
174 183 373 386 546 728
183 192 0 13 0 182
183 192 0 13 182 364
183 192 0 13 364 546
183 192 0 13 546 728
183 192 13 25 0 182
183 192 13 25 182 364
183 192 13 25 364 546
183 192 13 25 546 728
183 192 25 37 0 182
183 192 25 37 182 364
183 192 25 37 364 546
183 192 25 37 546 728
183 192 37 49 0 182
183 192 37 49 182 364
183 192 37 49 364 546
183 192 37 49 546 728
183 192 49 61 0 182
183 192 49 61 182 364
183 192 49 61 364 546
183 192 49 61 546 728
183 192 61 73 0 182
183 192 61 73 182 364
183 192 61 73 364 546
183 192 61 73 546 728
183 192 73 85 0 182
183 192 73 85 182 364
183 192 73 85 364 546
183 192 73 85 546 728
183 192 85 97 0 182
183 192 85 97 182 364
183 192 85 97 364 546
183 192 85 97 546 728
183 192 97 109 0 182
183 192 97 109 182 364
183 192 97 109 364 546
183 192 97 109 546 728
183 192 109 121 0 182
183 192 109 121 182 364
183 192 109 121 364 546
183 192 109 121 546 728
183 192 121 133 0 182
183 192 121 133 182 364
183 192 121 133 364 546
183 192 121 133 546 728
183 192 133 145 0 182
183 192 133 145 182 364
183 192 133 145 364 546
183 192 133 145 546 728
183 192 145 157 0 182
183 192 145 157 182 364
183 192 145 157 364 546
183 192 145 157 546 728
183 192 157 169 0 182
183 192 157 169 182 364
183 192 157 169 364 546
183 192 157 169 546 728
183 192 169 181 0 182
183 192 169 181 182 364
183 192 169 181 364 546
183 192 169 181 546 728
183 192 181 193 0 182
183 192 181 193 182 364
183 192 181 193 364 546
183 192 181 193 546 728
183 192 193 205 0 182
183 192 193 205 182 364
183 192 193 205 364 546
183 192 193 205 546 728
183 192 205 217 0 182
183 192 205 217 182 364
183 192 205 217 364 546
183 192 205 217 546 728
183 192 217 229 0 182
183 192 217 229 182 364
183 192 217 229 364 546
183 192 217 229 546 728
183 192 229 241 0 182
183 192 229 241 182 364
183 192 229 241 364 546
183 192 229 241 546 728
183 192 241 253 0 182
183 192 241 253 182 364
183 192 241 253 364 546
183 192 241 253 546 728
183 192 253 265 0 182
183 192 253 265 182 364
183 192 253 265 364 546
183 192 253 265 546 728
183 192 265 277 0 182
183 192 265 277 182 364
183 192 265 277 364 546
183 192 265 277 546 728
183 192 277 289 0 182
183 192 277 289 182 364
183 192 277 289 364 546
183 192 277 289 546 728
183 192 289 301 0 182
183 192 289 301 182 364
183 192 289 301 364 546
183 192 289 301 546 728
183 192 301 313 0 182
183 192 301 313 182 364
183 192 301 313 364 546
183 192 301 313 546 728
183 192 313 325 0 182
183 192 313 325 182 364
183 192 313 325 364 546
183 192 313 325 546 728
183 192 325 337 0 182
183 192 325 337 182 364
183 192 325 337 364 546
183 192 325 337 546 728
183 192 337 349 0 182
183 192 337 349 182 364
183 192 337 349 364 546
183 192 337 349 546 728
183 192 349 361 0 182
183 192 349 361 182 364
183 192 349 361 364 546
183 192 349 361 546 728
183 192 361 373 0 182
183 192 361 373 182 364
183 192 361 373 364 546
183 192 361 373 546 728
183 192 373 386 0 182
183 192 373 386 182 364
183 192 373 386 364 546
183 192 373 386 546 728
192 201 0 13 0 182
192 201 0 13 182 364
192 201 0 13 364 546
192 201 0 13 546 728
192 201 13 25 0 182
192 201 13 25 182 364
192 201 13 25 364 546
192 201 13 25 546 728
192 201 25 37 0 182
192 201 25 37 182 364
192 201 25 37 364 546
192 201 25 37 546 728
192 201 37 49 0 182
192 201 37 49 182 364
192 201 37 49 364 546
192 201 37 49 546 728
192 201 49 61 0 182
192 201 49 61 182 364
192 201 49 61 364 546
192 201 49 61 546 728
192 201 61 73 0 182
192 201 61 73 182 364
192 201 61 73 364 546
192 201 61 73 546 728
192 201 73 85 0 182
192 201 73 85 182 364
192 201 73 85 364 546
192 201 73 85 546 728
192 201 85 97 0 182
192 201 85 97 182 364
192 201 85 97 364 546
192 201 85 97 546 728
192 201 97 109 0 182
192 201 97 109 182 364
192 201 97 109 364 546
192 201 97 109 546 728
192 201 109 121 0 182
192 201 109 121 182 364
192 201 109 121 364 546
192 201 109 121 546 728
192 201 121 133 0 182
192 201 121 133 182 364
192 201 121 133 364 546
192 201 121 133 546 728
192 201 133 145 0 182
192 201 133 145 182 364
192 201 133 145 364 546
192 201 133 145 546 728
192 201 145 157 0 182
192 201 145 157 182 364
192 201 145 157 364 546
192 201 145 157 546 728
192 201 157 169 0 182
192 201 157 169 182 364
192 201 157 169 364 546
192 201 157 169 546 728
192 201 169 181 0 182
192 201 169 181 182 364
192 201 169 181 364 546
192 201 169 181 546 728
192 201 181 193 0 182
192 201 181 193 182 364
192 201 181 193 364 546
192 201 181 193 546 728
192 201 193 205 0 182
192 201 193 205 182 364
192 201 193 205 364 546
192 201 193 205 546 728
192 201 205 217 0 182
192 201 205 217 182 364
192 201 205 217 364 546
192 201 205 217 546 728
192 201 217 229 0 182
192 201 217 229 182 364
192 201 217 229 364 546
192 201 217 229 546 728
192 201 229 241 0 182
192 201 229 241 182 364
192 201 229 241 364 546
192 201 229 241 546 728
192 201 241 253 0 182
192 201 241 253 182 364
192 201 241 253 364 546
192 201 241 253 546 728
192 201 253 265 0 182
192 201 253 265 182 364
192 201 253 265 364 546
192 201 253 265 546 728
192 201 265 277 0 182
192 201 265 277 182 364
192 201 265 277 364 546
192 201 265 277 546 728
192 201 277 289 0 182
192 201 277 289 182 364
192 201 277 289 364 546
192 201 277 289 546 728
192 201 289 301 0 182
192 201 289 301 182 364
192 201 289 301 364 546
192 201 289 301 546 728
192 201 301 313 0 182
192 201 301 313 182 364
192 201 301 313 364 546
192 201 301 313 546 728
192 201 313 325 0 182
192 201 313 325 182 364
192 201 313 325 364 546
192 201 313 325 546 728
192 201 325 337 0 182
192 201 325 337 182 364
192 201 325 337 364 546
192 201 325 337 546 728
192 201 337 349 0 182
192 201 337 349 182 364
192 201 337 349 364 546
192 201 337 349 546 728
192 201 349 361 0 182
192 201 349 361 182 364
192 201 349 361 364 546
192 201 349 361 546 728
192 201 361 373 0 182
192 201 361 373 182 364
192 201 361 373 364 546
192 201 361 373 546 728
192 201 373 386 0 182
192 201 373 386 182 364
192 201 373 386 364 546
192 201 373 386 546 728
201 211 0 13 0 182
201 211 0 13 182 364
201 211 0 13 364 546
201 211 0 13 546 728
201 211 13 25 0 182
201 211 13 25 182 364
201 211 13 25 364 546
201 211 13 25 546 728
201 211 25 37 0 182
201 211 25 37 182 364
201 211 25 37 364 546
201 211 25 37 546 728
201 211 37 49 0 182
201 211 37 49 182 364
201 211 37 49 364 546
201 211 37 49 546 728
201 211 49 61 0 182
201 211 49 61 182 364
201 211 49 61 364 546
201 211 49 61 546 728
201 211 61 73 0 182
201 211 61 73 182 364
201 211 61 73 364 546
201 211 61 73 546 728
201 211 73 85 0 182
201 211 73 85 182 364
201 211 73 85 364 546
201 211 73 85 546 728
201 211 85 97 0 182
201 211 85 97 182 364
201 211 85 97 364 546
201 211 85 97 546 728
201 211 97 109 0 182
201 211 97 109 182 364
201 211 97 109 364 546
201 211 97 109 546 728
201 211 109 121 0 182
201 211 109 121 182 364
201 211 109 121 364 546
201 211 109 121 546 728
201 211 121 133 0 182
201 211 121 133 182 364
201 211 121 133 364 546
201 211 121 133 546 728
201 211 133 145 0 182
201 211 133 145 182 364
201 211 133 145 364 546
201 211 133 145 546 728
201 211 145 157 0 182
201 211 145 157 182 364
201 211 145 157 364 546
201 211 145 157 546 728
201 211 157 169 0 182
201 211 157 169 182 364
201 211 157 169 364 546
201 211 157 169 546 728
201 211 169 181 0 182
201 211 169 181 182 364
201 211 169 181 364 546
201 211 169 181 546 728
201 211 181 193 0 182
201 211 181 193 182 364
201 211 181 193 364 546
201 211 181 193 546 728
201 211 193 205 0 182
201 211 193 205 182 364
201 211 193 205 364 546
201 211 193 205 546 728
201 211 205 217 0 182
201 211 205 217 182 364
201 211 205 217 364 546
201 211 205 217 546 728
201 211 217 229 0 182
201 211 217 229 182 364
201 211 217 229 364 546
201 211 217 229 546 728
201 211 229 241 0 182
201 211 229 241 182 364
201 211 229 241 364 546
201 211 229 241 546 728
201 211 241 253 0 182
201 211 241 253 182 364
201 211 241 253 364 546
201 211 241 253 546 728
201 211 253 265 0 182
201 211 253 265 182 364
201 211 253 265 364 546
201 211 253 265 546 728
201 211 265 277 0 182
201 211 265 277 182 364
201 211 265 277 364 546
201 211 265 277 546 728
201 211 277 289 0 182
201 211 277 289 182 364
201 211 277 289 364 546
201 211 277 289 546 728
201 211 289 301 0 182
201 211 289 301 182 364
201 211 289 301 364 546
201 211 289 301 546 728
201 211 301 313 0 182
201 211 301 313 182 364
201 211 301 313 364 546
201 211 301 313 546 728
201 211 313 325 0 182
201 211 313 325 182 364
201 211 313 325 364 546
201 211 313 325 546 728
201 211 325 337 0 182
201 211 325 337 182 364
201 211 325 337 364 546
201 211 325 337 546 728
201 211 337 349 0 182
201 211 337 349 182 364
201 211 337 349 364 546
201 211 337 349 546 728
201 211 349 361 0 182
201 211 349 361 182 364
201 211 349 361 364 546
201 211 349 361 546 728
201 211 361 373 0 182
201 211 361 373 182 364
201 211 361 373 364 546
201 211 361 373 546 728
201 211 373 386 0 182
201 211 373 386 182 364
201 211 373 386 364 546
201 211 373 386 546 728
211 220 0 13 0 182
211 220 0 13 182 364
211 220 0 13 364 546
211 220 0 13 546 728
211 220 13 25 0 182
211 220 13 25 182 364
211 220 13 25 364 546
211 220 13 25 546 728
211 220 25 37 0 182
211 220 25 37 182 364
211 220 25 37 364 546
211 220 25 37 546 728
211 220 37 49 0 182
211 220 37 49 182 364
211 220 37 49 364 546
211 220 37 49 546 728
211 220 49 61 0 182
211 220 49 61 182 364
211 220 49 61 364 546
211 220 49 61 546 728
211 220 61 73 0 182
211 220 61 73 182 364
211 220 61 73 364 546
211 220 61 73 546 728
211 220 73 85 0 182
211 220 73 85 182 364
211 220 73 85 364 546
211 220 73 85 546 728
211 220 85 97 0 182
211 220 85 97 182 364
211 220 85 97 364 546
211 220 85 97 546 728
211 220 97 109 0 182
211 220 97 109 182 364
211 220 97 109 364 546
211 220 97 109 546 728
211 220 109 121 0 182
211 220 109 121 182 364
211 220 109 121 364 546
211 220 109 121 546 728
211 220 121 133 0 182
211 220 121 133 182 364
211 220 121 133 364 546
211 220 121 133 546 728
211 220 133 145 0 182
211 220 133 145 182 364
211 220 133 145 364 546
211 220 133 145 546 728
211 220 145 157 0 182
211 220 145 157 182 364
211 220 145 157 364 546
211 220 145 157 546 728
211 220 157 169 0 182
211 220 157 169 182 364
211 220 157 169 364 546
211 220 157 169 546 728
211 220 169 181 0 182
211 220 169 181 182 364
211 220 169 181 364 546
211 220 169 181 546 728
211 220 181 193 0 182
211 220 181 193 182 364
211 220 181 193 364 546
211 220 181 193 546 728
211 220 193 205 0 182
211 220 193 205 182 364
211 220 193 205 364 546
211 220 193 205 546 728
211 220 205 217 0 182
211 220 205 217 182 364
211 220 205 217 364 546
211 220 205 217 546 728
211 220 217 229 0 182
211 220 217 229 182 364
211 220 217 229 364 546
211 220 217 229 546 728
211 220 229 241 0 182
211 220 229 241 182 364
211 220 229 241 364 546
211 220 229 241 546 728
211 220 241 253 0 182
211 220 241 253 182 364
211 220 241 253 364 546
211 220 241 253 546 728
211 220 253 265 0 182
211 220 253 265 182 364
211 220 253 265 364 546
211 220 253 265 546 728
211 220 265 277 0 182
211 220 265 277 182 364
211 220 265 277 364 546
211 220 265 277 546 728
211 220 277 289 0 182
211 220 277 289 182 364
211 220 277 289 364 546
211 220 277 289 546 728
211 220 289 301 0 182
211 220 289 301 182 364
211 220 289 301 364 546
211 220 289 301 546 728
211 220 301 313 0 182
211 220 301 313 182 364
211 220 301 313 364 546
211 220 301 313 546 728
211 220 313 325 0 182
211 220 313 325 182 364
211 220 313 325 364 546
211 220 313 325 546 728
211 220 325 337 0 182
211 220 325 337 182 364
211 220 325 337 364 546
211 220 325 337 546 728
211 220 337 349 0 182
211 220 337 349 182 364
211 220 337 349 364 546
211 220 337 349 546 728
211 220 349 361 0 182
211 220 349 361 182 364
211 220 349 361 364 546
211 220 349 361 546 728
211 220 361 373 0 182
211 220 361 373 182 364
211 220 361 373 364 546
211 220 361 373 546 728
211 220 373 386 0 182
211 220 373 386 182 364
211 220 373 386 364 546
211 220 373 386 546 728
220 229 0 13 0 182
220 229 0 13 182 364
220 229 0 13 364 546
220 229 0 13 546 728
220 229 13 25 0 182
220 229 13 25 182 364
220 229 13 25 364 546
220 229 13 25 546 728
220 229 25 37 0 182
220 229 25 37 182 364
220 229 25 37 364 546
220 229 25 37 546 728
220 229 37 49 0 182
220 229 37 49 182 364
220 229 37 49 364 546
220 229 37 49 546 728
220 229 49 61 0 182
220 229 49 61 182 364
220 229 49 61 364 546
220 229 49 61 546 728
220 229 61 73 0 182
220 229 61 73 182 364
220 229 61 73 364 546
220 229 61 73 546 728
220 229 73 85 0 182
220 229 73 85 182 364
220 229 73 85 364 546
220 229 73 85 546 728
220 229 85 97 0 182
220 229 85 97 182 364
220 229 85 97 364 546
220 229 85 97 546 728
220 229 97 109 0 182
220 229 97 109 182 364
220 229 97 109 364 546
220 229 97 109 546 728
220 229 109 121 0 182
220 229 109 121 182 364
220 229 109 121 364 546
220 229 109 121 546 728
220 229 121 133 0 182
220 229 121 133 182 364
220 229 121 133 364 546
220 229 121 133 546 728
220 229 133 145 0 182
220 229 133 145 182 364
220 229 133 145 364 546
220 229 133 145 546 728
220 229 145 157 0 182
220 229 145 157 182 364
220 229 145 157 364 546
220 229 145 157 546 728
220 229 157 169 0 182
220 229 157 169 182 364
220 229 157 169 364 546
220 229 157 169 546 728
220 229 169 181 0 182
220 229 169 181 182 364
220 229 169 181 364 546
220 229 169 181 546 728
220 229 181 193 0 182
220 229 181 193 182 364
220 229 181 193 364 546
220 229 181 193 546 728
220 229 193 205 0 182
220 229 193 205 182 364
220 229 193 205 364 546
220 229 193 205 546 728
220 229 205 217 0 182
220 229 205 217 182 364
220 229 205 217 364 546
220 229 205 217 546 728
220 229 217 229 0 182
220 229 217 229 182 364
220 229 217 229 364 546
220 229 217 229 546 728
220 229 229 241 0 182
220 229 229 241 182 364
220 229 229 241 364 546
220 229 229 241 546 728
220 229 241 253 0 182
220 229 241 253 182 364
220 229 241 253 364 546
220 229 241 253 546 728
220 229 253 265 0 182
220 229 253 265 182 364
220 229 253 265 364 546
220 229 253 265 546 728
220 229 265 277 0 182
220 229 265 277 182 364
220 229 265 277 364 546
220 229 265 277 546 728
220 229 277 289 0 182
220 229 277 289 182 364
220 229 277 289 364 546
220 229 277 289 546 728
220 229 289 301 0 182
220 229 289 301 182 364
220 229 289 301 364 546
220 229 289 301 546 728
220 229 301 313 0 182
220 229 301 313 182 364
220 229 301 313 364 546
220 229 301 313 546 728
220 229 313 325 0 182
220 229 313 325 182 364
220 229 313 325 364 546
220 229 313 325 546 728
220 229 325 337 0 182
220 229 325 337 182 364
220 229 325 337 364 546
220 229 325 337 546 728
220 229 337 349 0 182
220 229 337 349 182 364
220 229 337 349 364 546
220 229 337 349 546 728
220 229 349 361 0 182
220 229 349 361 182 364
220 229 349 361 364 546
220 229 349 361 546 728
220 229 361 373 0 182
220 229 361 373 182 364
220 229 361 373 364 546
220 229 361 373 546 728
220 229 373 386 0 182
220 229 373 386 182 364
220 229 373 386 364 546
220 229 373 386 546 728
229 238 0 13 0 182
229 238 0 13 182 364
229 238 0 13 364 546
229 238 0 13 546 728
229 238 13 25 0 182
229 238 13 25 182 364
229 238 13 25 364 546
229 238 13 25 546 728
229 238 25 37 0 182
229 238 25 37 182 364
229 238 25 37 364 546
229 238 25 37 546 728
229 238 37 49 0 182
229 238 37 49 182 364
229 238 37 49 364 546
229 238 37 49 546 728
229 238 49 61 0 182
229 238 49 61 182 364
229 238 49 61 364 546
229 238 49 61 546 728
229 238 61 73 0 182
229 238 61 73 182 364
229 238 61 73 364 546
229 238 61 73 546 728
229 238 73 85 0 182
229 238 73 85 182 364
229 238 73 85 364 546
229 238 73 85 546 728
229 238 85 97 0 182
229 238 85 97 182 364
229 238 85 97 364 546
229 238 85 97 546 728
229 238 97 109 0 182
229 238 97 109 182 364
229 238 97 109 364 546
229 238 97 109 546 728
229 238 109 121 0 182
229 238 109 121 182 364
229 238 109 121 364 546
229 238 109 121 546 728
229 238 121 133 0 182
229 238 121 133 182 364
229 238 121 133 364 546
229 238 121 133 546 728
229 238 133 145 0 182
229 238 133 145 182 364
229 238 133 145 364 546
229 238 133 145 546 728
229 238 145 157 0 182
229 238 145 157 182 364
229 238 145 157 364 546
229 238 145 157 546 728
229 238 157 169 0 182
229 238 157 169 182 364
229 238 157 169 364 546
229 238 157 169 546 728
229 238 169 181 0 182
229 238 169 181 182 364
229 238 169 181 364 546
229 238 169 181 546 728
229 238 181 193 0 182
229 238 181 193 182 364
229 238 181 193 364 546
229 238 181 193 546 728
229 238 193 205 0 182
229 238 193 205 182 364
229 238 193 205 364 546
229 238 193 205 546 728
229 238 205 217 0 182
229 238 205 217 182 364
229 238 205 217 364 546
229 238 205 217 546 728
229 238 217 229 0 182
229 238 217 229 182 364
229 238 217 229 364 546
229 238 217 229 546 728
229 238 229 241 0 182
229 238 229 241 182 364
229 238 229 241 364 546
229 238 229 241 546 728
229 238 241 253 0 182
229 238 241 253 182 364
229 238 241 253 364 546
229 238 241 253 546 728
229 238 253 265 0 182
229 238 253 265 182 364
229 238 253 265 364 546
229 238 253 265 546 728
229 238 265 277 0 182
229 238 265 277 182 364
229 238 265 277 364 546
229 238 265 277 546 728
229 238 277 289 0 182
229 238 277 289 182 364
229 238 277 289 364 546
229 238 277 289 546 728
229 238 289 301 0 182
229 238 289 301 182 364
229 238 289 301 364 546
229 238 289 301 546 728
229 238 301 313 0 182
229 238 301 313 182 364
229 238 301 313 364 546
229 238 301 313 546 728
229 238 313 325 0 182
229 238 313 325 182 364
229 238 313 325 364 546
229 238 313 325 546 728
229 238 325 337 0 182
229 238 325 337 182 364
229 238 325 337 364 546
229 238 325 337 546 728
229 238 337 349 0 182
229 238 337 349 182 364
229 238 337 349 364 546
229 238 337 349 546 728
229 238 349 361 0 182
229 238 349 361 182 364
229 238 349 361 364 546
229 238 349 361 546 728
229 238 361 373 0 182
229 238 361 373 182 364
229 238 361 373 364 546
229 238 361 373 546 728
229 238 373 386 0 182
229 238 373 386 182 364
229 238 373 386 364 546
229 238 373 386 546 728
238 247 0 13 0 182
238 247 0 13 182 364
238 247 0 13 364 546
238 247 0 13 546 728
238 247 13 25 0 182
238 247 13 25 182 364
238 247 13 25 364 546
238 247 13 25 546 728
238 247 25 37 0 182
238 247 25 37 182 364
238 247 25 37 364 546
238 247 25 37 546 728
238 247 37 49 0 182
238 247 37 49 182 364
238 247 37 49 364 546
238 247 37 49 546 728
238 247 49 61 0 182
238 247 49 61 182 364
238 247 49 61 364 546
238 247 49 61 546 728
238 247 61 73 0 182
238 247 61 73 182 364
238 247 61 73 364 546
238 247 61 73 546 728
238 247 73 85 0 182
238 247 73 85 182 364
238 247 73 85 364 546
238 247 73 85 546 728
238 247 85 97 0 182
238 247 85 97 182 364
238 247 85 97 364 546
238 247 85 97 546 728
238 247 97 109 0 182
238 247 97 109 182 364
238 247 97 109 364 546
238 247 97 109 546 728
238 247 109 121 0 182
238 247 109 121 182 364
238 247 109 121 364 546
238 247 109 121 546 728
238 247 121 133 0 182
238 247 121 133 182 364
238 247 121 133 364 546
238 247 121 133 546 728
238 247 133 145 0 182
238 247 133 145 182 364
238 247 133 145 364 546
238 247 133 145 546 728
238 247 145 157 0 182
238 247 145 157 182 364
238 247 145 157 364 546
238 247 145 157 546 728
238 247 157 169 0 182
238 247 157 169 182 364
238 247 157 169 364 546
238 247 157 169 546 728
238 247 169 181 0 182
238 247 169 181 182 364
238 247 169 181 364 546
238 247 169 181 546 728
238 247 181 193 0 182
238 247 181 193 182 364
238 247 181 193 364 546
238 247 181 193 546 728
238 247 193 205 0 182
238 247 193 205 182 364
238 247 193 205 364 546
238 247 193 205 546 728
238 247 205 217 0 182
238 247 205 217 182 364
238 247 205 217 364 546
238 247 205 217 546 728
238 247 217 229 0 182
238 247 217 229 182 364
238 247 217 229 364 546
238 247 217 229 546 728
238 247 229 241 0 182
238 247 229 241 182 364
238 247 229 241 364 546
238 247 229 241 546 728
238 247 241 253 0 182
238 247 241 253 182 364
238 247 241 253 364 546
238 247 241 253 546 728
238 247 253 265 0 182
238 247 253 265 182 364
238 247 253 265 364 546
238 247 253 265 546 728
238 247 265 277 0 182
238 247 265 277 182 364
238 247 265 277 364 546
238 247 265 277 546 728
238 247 277 289 0 182
238 247 277 289 182 364
238 247 277 289 364 546
238 247 277 289 546 728
238 247 289 301 0 182
238 247 289 301 182 364
238 247 289 301 364 546
238 247 289 301 546 728
238 247 301 313 0 182
238 247 301 313 182 364
238 247 301 313 364 546
238 247 301 313 546 728
238 247 313 325 0 182
238 247 313 325 182 364
238 247 313 325 364 546
238 247 313 325 546 728
238 247 325 337 0 182
238 247 325 337 182 364
238 247 325 337 364 546
238 247 325 337 546 728
238 247 337 349 0 182
238 247 337 349 182 364
238 247 337 349 364 546
238 247 337 349 546 728
238 247 349 361 0 182
238 247 349 361 182 364
238 247 349 361 364 546
238 247 349 361 546 728
238 247 361 373 0 182
238 247 361 373 182 364
238 247 361 373 364 546
238 247 361 373 546 728
238 247 373 386 0 182
238 247 373 386 182 364
238 247 373 386 364 546
238 247 373 386 546 728
247 256 0 13 0 182
247 256 0 13 182 364
247 256 0 13 364 546
247 256 0 13 546 728
247 256 13 25 0 182
247 256 13 25 182 364
247 256 13 25 364 546
247 256 13 25 546 728
247 256 25 37 0 182
247 256 25 37 182 364
247 256 25 37 364 546
247 256 25 37 546 728
247 256 37 49 0 182
247 256 37 49 182 364
247 256 37 49 364 546
247 256 37 49 546 728
247 256 49 61 0 182
247 256 49 61 182 364
247 256 49 61 364 546
247 256 49 61 546 728
247 256 61 73 0 182
247 256 61 73 182 364
247 256 61 73 364 546
247 256 61 73 546 728
247 256 73 85 0 182
247 256 73 85 182 364
247 256 73 85 364 546
247 256 73 85 546 728
247 256 85 97 0 182
247 256 85 97 182 364
247 256 85 97 364 546
247 256 85 97 546 728
247 256 97 109 0 182
247 256 97 109 182 364
247 256 97 109 364 546
247 256 97 109 546 728
247 256 109 121 0 182
247 256 109 121 182 364
247 256 109 121 364 546
247 256 109 121 546 728
247 256 121 133 0 182
247 256 121 133 182 364
247 256 121 133 364 546
247 256 121 133 546 728
247 256 133 145 0 182
247 256 133 145 182 364
247 256 133 145 364 546
247 256 133 145 546 728
247 256 145 157 0 182
247 256 145 157 182 364
247 256 145 157 364 546
247 256 145 157 546 728
247 256 157 169 0 182
247 256 157 169 182 364
247 256 157 169 364 546
247 256 157 169 546 728
247 256 169 181 0 182
247 256 169 181 182 364
247 256 169 181 364 546
247 256 169 181 546 728
247 256 181 193 0 182
247 256 181 193 182 364
247 256 181 193 364 546
247 256 181 193 546 728
247 256 193 205 0 182
247 256 193 205 182 364
247 256 193 205 364 546
247 256 193 205 546 728
247 256 205 217 0 182
247 256 205 217 182 364
247 256 205 217 364 546
247 256 205 217 546 728
247 256 217 229 0 182
247 256 217 229 182 364
247 256 217 229 364 546
247 256 217 229 546 728
247 256 229 241 0 182
247 256 229 241 182 364
247 256 229 241 364 546
247 256 229 241 546 728
247 256 241 253 0 182
247 256 241 253 182 364
247 256 241 253 364 546
247 256 241 253 546 728
247 256 253 265 0 182
247 256 253 265 182 364
247 256 253 265 364 546
247 256 253 265 546 728
247 256 265 277 0 182
247 256 265 277 182 364
247 256 265 277 364 546
247 256 265 277 546 728
247 256 277 289 0 182
247 256 277 289 182 364
247 256 277 289 364 546
247 256 277 289 546 728
247 256 289 301 0 182
247 256 289 301 182 364
247 256 289 301 364 546
247 256 289 301 546 728
247 256 301 313 0 182
247 256 301 313 182 364
247 256 301 313 364 546
247 256 301 313 546 728
247 256 313 325 0 182
247 256 313 325 182 364
247 256 313 325 364 546
247 256 313 325 546 728
247 256 325 337 0 182
247 256 325 337 182 364
247 256 325 337 364 546
247 256 325 337 546 728
247 256 337 349 0 182
247 256 337 349 182 364
247 256 337 349 364 546
247 256 337 349 546 728
247 256 349 361 0 182
247 256 349 361 182 364
247 256 349 361 364 546
247 256 349 361 546 728
247 256 361 373 0 182
247 256 361 373 182 364
247 256 361 373 364 546
247 256 361 373 546 728
247 256 373 386 0 182
247 256 373 386 182 364
247 256 373 386 364 546
247 256 373 386 546 728
256 265 0 13 0 182
256 265 0 13 182 364
256 265 0 13 364 546
256 265 0 13 546 728
256 265 13 25 0 182
256 265 13 25 182 364
256 265 13 25 364 546
256 265 13 25 546 728
256 265 25 37 0 182
256 265 25 37 182 364
256 265 25 37 364 546
256 265 25 37 546 728
256 265 37 49 0 182
256 265 37 49 182 364
256 265 37 49 364 546
256 265 37 49 546 728
256 265 49 61 0 182
256 265 49 61 182 364
256 265 49 61 364 546
256 265 49 61 546 728
256 265 61 73 0 182
256 265 61 73 182 364
256 265 61 73 364 546
256 265 61 73 546 728
256 265 73 85 0 182
256 265 73 85 182 364
256 265 73 85 364 546
256 265 73 85 546 728
256 265 85 97 0 182
256 265 85 97 182 364
256 265 85 97 364 546
256 265 85 97 546 728
256 265 97 109 0 182
256 265 97 109 182 364
256 265 97 109 364 546
256 265 97 109 546 728
256 265 109 121 0 182
256 265 109 121 182 364
256 265 109 121 364 546
256 265 109 121 546 728
256 265 121 133 0 182
256 265 121 133 182 364
256 265 121 133 364 546
256 265 121 133 546 728
256 265 133 145 0 182
256 265 133 145 182 364
256 265 133 145 364 546
256 265 133 145 546 728
256 265 145 157 0 182
256 265 145 157 182 364
256 265 145 157 364 546
256 265 145 157 546 728
256 265 157 169 0 182
256 265 157 169 182 364
256 265 157 169 364 546
256 265 157 169 546 728
256 265 169 181 0 182
256 265 169 181 182 364
256 265 169 181 364 546
256 265 169 181 546 728
256 265 181 193 0 182
256 265 181 193 182 364
256 265 181 193 364 546
256 265 181 193 546 728
256 265 193 205 0 182
256 265 193 205 182 364
256 265 193 205 364 546
256 265 193 205 546 728
256 265 205 217 0 182
256 265 205 217 182 364
256 265 205 217 364 546
256 265 205 217 546 728
256 265 217 229 0 182
256 265 217 229 182 364
256 265 217 229 364 546
256 265 217 229 546 728
256 265 229 241 0 182
256 265 229 241 182 364
256 265 229 241 364 546
256 265 229 241 546 728
256 265 241 253 0 182
256 265 241 253 182 364
256 265 241 253 364 546
256 265 241 253 546 728
256 265 253 265 0 182
256 265 253 265 182 364
256 265 253 265 364 546
256 265 253 265 546 728
256 265 265 277 0 182
256 265 265 277 182 364
256 265 265 277 364 546
256 265 265 277 546 728
256 265 277 289 0 182
256 265 277 289 182 364
256 265 277 289 364 546
256 265 277 289 546 728
256 265 289 301 0 182
256 265 289 301 182 364
256 265 289 301 364 546
256 265 289 301 546 728
256 265 301 313 0 182
256 265 301 313 182 364
256 265 301 313 364 546
256 265 301 313 546 728
256 265 313 325 0 182
256 265 313 325 182 364
256 265 313 325 364 546
256 265 313 325 546 728
256 265 325 337 0 182
256 265 325 337 182 364
256 265 325 337 364 546
256 265 325 337 546 728
256 265 337 349 0 182
256 265 337 349 182 364
256 265 337 349 364 546
256 265 337 349 546 728
256 265 349 361 0 182
256 265 349 361 182 364
256 265 349 361 364 546
256 265 349 361 546 728
256 265 361 373 0 182
256 265 361 373 182 364
256 265 361 373 364 546
256 265 361 373 546 728
256 265 373 386 0 182
256 265 373 386 182 364
256 265 373 386 364 546
256 265 373 386 546 728
265 274 0 13 0 182
265 274 0 13 182 364
265 274 0 13 364 546
265 274 0 13 546 728
265 274 13 25 0 182
265 274 13 25 182 364
265 274 13 25 364 546
265 274 13 25 546 728
265 274 25 37 0 182
265 274 25 37 182 364
265 274 25 37 364 546
265 274 25 37 546 728
265 274 37 49 0 182
265 274 37 49 182 364
265 274 37 49 364 546
265 274 37 49 546 728
265 274 49 61 0 182
265 274 49 61 182 364
265 274 49 61 364 546
265 274 49 61 546 728
265 274 61 73 0 182
265 274 61 73 182 364
265 274 61 73 364 546
265 274 61 73 546 728
265 274 73 85 0 182
265 274 73 85 182 364
265 274 73 85 364 546
265 274 73 85 546 728
265 274 85 97 0 182
265 274 85 97 182 364
265 274 85 97 364 546
265 274 85 97 546 728
265 274 97 109 0 182
265 274 97 109 182 364
265 274 97 109 364 546
265 274 97 109 546 728
265 274 109 121 0 182
265 274 109 121 182 364
265 274 109 121 364 546
265 274 109 121 546 728
265 274 121 133 0 182
265 274 121 133 182 364
265 274 121 133 364 546
265 274 121 133 546 728
265 274 133 145 0 182
265 274 133 145 182 364
265 274 133 145 364 546
265 274 133 145 546 728
265 274 145 157 0 182
265 274 145 157 182 364
265 274 145 157 364 546
265 274 145 157 546 728
265 274 157 169 0 182
265 274 157 169 182 364
265 274 157 169 364 546
265 274 157 169 546 728
265 274 169 181 0 182
265 274 169 181 182 364
265 274 169 181 364 546
265 274 169 181 546 728
265 274 181 193 0 182
265 274 181 193 182 364
265 274 181 193 364 546
265 274 181 193 546 728
265 274 193 205 0 182
265 274 193 205 182 364
265 274 193 205 364 546
265 274 193 205 546 728
265 274 205 217 0 182
265 274 205 217 182 364
265 274 205 217 364 546
265 274 205 217 546 728
265 274 217 229 0 182
265 274 217 229 182 364
265 274 217 229 364 546
265 274 217 229 546 728
265 274 229 241 0 182
265 274 229 241 182 364
265 274 229 241 364 546
265 274 229 241 546 728
265 274 241 253 0 182
265 274 241 253 182 364
265 274 241 253 364 546
265 274 241 253 546 728
265 274 253 265 0 182
265 274 253 265 182 364
265 274 253 265 364 546
265 274 253 265 546 728
265 274 265 277 0 182
265 274 265 277 182 364
265 274 265 277 364 546
265 274 265 277 546 728
265 274 277 289 0 182
265 274 277 289 182 364
265 274 277 289 364 546
265 274 277 289 546 728
265 274 289 301 0 182
265 274 289 301 182 364
265 274 289 301 364 546
265 274 289 301 546 728
265 274 301 313 0 182
265 274 301 313 182 364
265 274 301 313 364 546
265 274 301 313 546 728
265 274 313 325 0 182
265 274 313 325 182 364
265 274 313 325 364 546
265 274 313 325 546 728
265 274 325 337 0 182
265 274 325 337 182 364
265 274 325 337 364 546
265 274 325 337 546 728
265 274 337 349 0 182
265 274 337 349 182 364
265 274 337 349 364 546
265 274 337 349 546 728
265 274 349 361 0 182
265 274 349 361 182 364
265 274 349 361 364 546
265 274 349 361 546 728
265 274 361 373 0 182
265 274 361 373 182 364
265 274 361 373 364 546
265 274 361 373 546 728
265 274 373 386 0 182
265 274 373 386 182 364
265 274 373 386 364 546
265 274 373 386 546 728
274 284 0 13 0 182
274 284 0 13 182 364
274 284 0 13 364 546
274 284 0 13 546 728
274 284 13 25 0 182
274 284 13 25 182 364
274 284 13 25 364 546
274 284 13 25 546 728
274 284 25 37 0 182
274 284 25 37 182 364
274 284 25 37 364 546
274 284 25 37 546 728
274 284 37 49 0 182
274 284 37 49 182 364
274 284 37 49 364 546
274 284 37 49 546 728
274 284 49 61 0 182
274 284 49 61 182 364
274 284 49 61 364 546
274 284 49 61 546 728
274 284 61 73 0 182
274 284 61 73 182 364
274 284 61 73 364 546
274 284 61 73 546 728
274 284 73 85 0 182
274 284 73 85 182 364
274 284 73 85 364 546
274 284 73 85 546 728
274 284 85 97 0 182
274 284 85 97 182 364
274 284 85 97 364 546
274 284 85 97 546 728
274 284 97 109 0 182
274 284 97 109 182 364
274 284 97 109 364 546
274 284 97 109 546 728
274 284 109 121 0 182
274 284 109 121 182 364
274 284 109 121 364 546
274 284 109 121 546 728
274 284 121 133 0 182
274 284 121 133 182 364
274 284 121 133 364 546
274 284 121 133 546 728
274 284 133 145 0 182
274 284 133 145 182 364
274 284 133 145 364 546
274 284 133 145 546 728
274 284 145 157 0 182
274 284 145 157 182 364
274 284 145 157 364 546
274 284 145 157 546 728
274 284 157 169 0 182
274 284 157 169 182 364
274 284 157 169 364 546
274 284 157 169 546 728
274 284 169 181 0 182
274 284 169 181 182 364
274 284 169 181 364 546
274 284 169 181 546 728
274 284 181 193 0 182
274 284 181 193 182 364
274 284 181 193 364 546
274 284 181 193 546 728
274 284 193 205 0 182
274 284 193 205 182 364
274 284 193 205 364 546
274 284 193 205 546 728
274 284 205 217 0 182
274 284 205 217 182 364
274 284 205 217 364 546
274 284 205 217 546 728
274 284 217 229 0 182
274 284 217 229 182 364
274 284 217 229 364 546
274 284 217 229 546 728
274 284 229 241 0 182
274 284 229 241 182 364
274 284 229 241 364 546
274 284 229 241 546 728
274 284 241 253 0 182
274 284 241 253 182 364
274 284 241 253 364 546
274 284 241 253 546 728
274 284 253 265 0 182
274 284 253 265 182 364
274 284 253 265 364 546
274 284 253 265 546 728
274 284 265 277 0 182
274 284 265 277 182 364
274 284 265 277 364 546
274 284 265 277 546 728
274 284 277 289 0 182
274 284 277 289 182 364
274 284 277 289 364 546
274 284 277 289 546 728
274 284 289 301 0 182
274 284 289 301 182 364
274 284 289 301 364 546
274 284 289 301 546 728
274 284 301 313 0 182
274 284 301 313 182 364
274 284 301 313 364 546
274 284 301 313 546 728
274 284 313 325 0 182
274 284 313 325 182 364
274 284 313 325 364 546
274 284 313 325 546 728
274 284 325 337 0 182
274 284 325 337 182 364
274 284 325 337 364 546
274 284 325 337 546 728
274 284 337 349 0 182
274 284 337 349 182 364
274 284 337 349 364 546
274 284 337 349 546 728
274 284 349 361 0 182
274 284 349 361 182 364
274 284 349 361 364 546
274 284 349 361 546 728
274 284 361 373 0 182
274 284 361 373 182 364
274 284 361 373 364 546
274 284 361 373 546 728
274 284 373 386 0 182
274 284 373 386 182 364
274 284 373 386 364 546
274 284 373 386 546 728
284 294 0 13 0 182
284 294 0 13 182 364
284 294 0 13 364 546
284 294 0 13 546 728
284 294 13 25 0 182
284 294 13 25 182 364
284 294 13 25 364 546
284 294 13 25 546 728
284 294 25 37 0 182
284 294 25 37 182 364
284 294 25 37 364 546
284 294 25 37 546 728
284 294 37 49 0 182
284 294 37 49 182 364
284 294 37 49 364 546
284 294 37 49 546 728
284 294 49 61 0 182
284 294 49 61 182 364
284 294 49 61 364 546
284 294 49 61 546 728
284 294 61 73 0 182
284 294 61 73 182 364
284 294 61 73 364 546
284 294 61 73 546 728
284 294 73 85 0 182
284 294 73 85 182 364
284 294 73 85 364 546
284 294 73 85 546 728
284 294 85 97 0 182
284 294 85 97 182 364
284 294 85 97 364 546
284 294 85 97 546 728
284 294 97 109 0 182
284 294 97 109 182 364
284 294 97 109 364 546
284 294 97 109 546 728
284 294 109 121 0 182
284 294 109 121 182 364
284 294 109 121 364 546
284 294 109 121 546 728
284 294 121 133 0 182
284 294 121 133 182 364
284 294 121 133 364 546
284 294 121 133 546 728
284 294 133 145 0 182
284 294 133 145 182 364
284 294 133 145 364 546
284 294 133 145 546 728
284 294 145 157 0 182
284 294 145 157 182 364
284 294 145 157 364 546
284 294 145 157 546 728
284 294 157 169 0 182
284 294 157 169 182 364
284 294 157 169 364 546
284 294 157 169 546 728
284 294 169 181 0 182
284 294 169 181 182 364
284 294 169 181 364 546
284 294 169 181 546 728
284 294 181 193 0 182
284 294 181 193 182 364
284 294 181 193 364 546
284 294 181 193 546 728
284 294 193 205 0 182
284 294 193 205 182 364
284 294 193 205 364 546
284 294 193 205 546 728
284 294 205 217 0 182
284 294 205 217 182 364
284 294 205 217 364 546
284 294 205 217 546 728
284 294 217 229 0 182
284 294 217 229 182 364
284 294 217 229 364 546
284 294 217 229 546 728
284 294 229 241 0 182
284 294 229 241 182 364
284 294 229 241 364 546
284 294 229 241 546 728
284 294 241 253 0 182
284 294 241 253 182 364
284 294 241 253 364 546
284 294 241 253 546 728
284 294 253 265 0 182
284 294 253 265 182 364
284 294 253 265 364 546
284 294 253 265 546 728
284 294 265 277 0 182
284 294 265 277 182 364
284 294 265 277 364 546
284 294 265 277 546 728
284 294 277 289 0 182
284 294 277 289 182 364
284 294 277 289 364 546
284 294 277 289 546 728
284 294 289 301 0 182
284 294 289 301 182 364
284 294 289 301 364 546
284 294 289 301 546 728
284 294 301 313 0 182
284 294 301 313 182 364
284 294 301 313 364 546
284 294 301 313 546 728
284 294 313 325 0 182
284 294 313 325 182 364
284 294 313 325 364 546
284 294 313 325 546 728
284 294 325 337 0 182
284 294 325 337 182 364
284 294 325 337 364 546
284 294 325 337 546 728
284 294 337 349 0 182
284 294 337 349 182 364
284 294 337 349 364 546
284 294 337 349 546 728
284 294 349 361 0 182
284 294 349 361 182 364
284 294 349 361 364 546
284 294 349 361 546 728
284 294 361 373 0 182
284 294 361 373 182 364
284 294 361 373 364 546
284 294 361 373 546 728
284 294 373 386 0 182
284 294 373 386 182 364
284 294 373 386 364 546
284 294 373 386 546 728
