32
0 37 0 49 0 364
0 37 0 49 364 728
0 37 49 97 0 364
0 37 49 97 364 728
0 37 97 145 0 364
0 37 97 145 364 728
0 37 145 194 0 364
0 37 145 194 364 728
37 74 0 49 0 364
37 74 0 49 364 728
37 74 49 97 0 364
37 74 49 97 364 728
37 74 97 145 0 364
37 74 97 145 364 728
37 74 145 194 0 364
37 74 145 194 364 728
74 110 0 49 0 364
74 110 0 49 364 728
74 110 49 97 0 364
74 110 49 97 364 728
74 110 97 145 0 364
74 110 97 145 364 728
74 110 145 194 0 364
74 110 145 194 364 728
110 148 0 49 0 364
110 148 0 49 364 728
110 148 49 97 0 364
110 148 49 97 364 728
110 148 97 145 0 364
110 148 97 145 364 728
110 148 145 194 0 364
110 148 145 194 364 728
