32
64 192 0 128 64 160
192 256 320 386 0 728
64 192 128 192 32 64
64 192 128 192 160 288
64 192 256 386 0 64
64 192 128 192 96 160
256 294 0 386 0 160
192 256 0 192 0 160
192 256 256 320 128 728
192 256 256 320 0 128
64 192 256 386 128 256
64 192 192 256 192 320
192 256 192 256 224 728
64 192 128 192 288 728
192 256 192 256 0 96
192 256 0 192 160 728
64 192 128 192 64 96
64 192 0 128 0 64
64 192 192 256 32 64
64 192 192 256 320 728
64 192 256 386 64 128
64 192 192 256 128 192
64 192 256 386 256 728
64 192 0 128 160 728
256 294 0 386 160 728
64 192 192 256 64 96
192 256 192 256 96 224
0 64 0 386 96 728
0 64 0 386 0 96
64 192 192 256 96 128
64 192 128 192 0 32
64 192 192 256 0 32
