53
96 160 64 128 0 224
96 160 256 386 0 320
160 224 192 224 32 256
96 160 160 192 0 256
224 294 224 288 0 288
0 96 0 160 0 192
96 160 224 256 0 256
160 224 224 288 96 288
160 224 224 288 0 96
224 294 0 224 0 192
160 224 160 192 0 192
160 224 320 386 0 320
96 160 192 224 0 224
0 96 160 224 0 160
96 160 128 160 0 192
224 294 288 386 0 224
160 224 0 160 0 192
160 224 288 320 0 224
224 294 0 224 192 448
160 224 160 192 192 480
160 224 192 224 256 512
160 224 0 160 192 728
96 160 192 224 224 728
0 96 224 386 0 96
96 160 64 128 224 728
96 160 224 256 256 728
96 160 160 192 320 728
0 96 0 160 192 608
96 160 128 160 192 576
160 224 224 288 416 728
96 160 256 386 320 728
0 96 224 386 96 288
160 224 288 320 224 728
224 294 224 288 320 728
160 224 224 288 288 416
0 96 160 224 160 512
160 224 192 224 512 728
160 224 320 386 320 728
224 294 288 386 352 728
224 294 288 386 224 352
224 294 0 224 448 728
160 224 160 192 480 728
96 160 160 192 256 320
160 224 192 224 0 32
96 160 0 64 0 728
0 96 224 386 288 728
0 96 160 224 512 728
224 294 224 288 288 320
0 96 0 160 672 728
0 96 0 160 608 672
96 160 128 160 672 728
96 160 128 160 576 608
96 160 128 160 608 672
