48
96 128 64 96 32 192
32 64 64 96 64 160
128 148 64 128 0 288
64 96 32 96 256 672
32 64 128 160 0 480
64 128 128 160 288 728
96 128 128 160 0 96
96 128 96 128 192 480
64 96 32 64 0 192
32 64 96 128 0 96
96 128 32 96 192 728
64 96 128 160 96 288
128 148 128 194 0 704
64 96 128 160 0 96
64 96 96 128 0 64
64 96 96 128 64 128
64 96 64 96 0 64
96 128 96 128 32 96
96 128 128 160 96 288
96 128 160 194 0 224
0 96 160 194 0 384
64 96 96 128 288 728
64 96 64 96 96 192
0 32 32 96 0 480
32 64 96 128 96 256
32 64 32 64 0 96
96 128 96 128 96 192
32 64 64 96 0 64
0 32 96 160 0 480
64 96 96 128 128 192
32 64 32 64 96 480
32 64 64 96 160 480
64 96 96 128 192 288
64 96 64 96 64 96
0 64 32 160 480 672
64 96 32 96 192 256
0 148 0 32 0 728
96 128 64 128 0 32
0 128 160 194 384 728
96 128 96 128 480 728
32 64 96 128 256 480
128 148 32 128 288 704
96 128 32 64 0 192
96 128 160 194 224 384
0 64 32 160 672 728
64 96 32 96 672 728
128 148 32 64 0 288
128 148 32 194 704 728
