64
160 294 0 160 64 128
0 160 96 128 0 64
0 64 0 192 64 384
160 192 0 192 128 256
64 96 0 192 64 128
160 294 160 192 0 64
160 294 192 320 512 640
0 294 0 96 0 64
192 224 192 256 192 512
96 128 0 160 128 384
192 224 192 224 0 192
160 294 96 160 0 64
0 128 224 288 64 128
128 160 160 192 64 320
160 192 320 386 0 640
0 128 224 288 0 64
256 294 256 320 0 512
0 294 192 386 640 728
192 294 0 192 320 728
224 294 192 224 128 512
160 294 160 192 64 128
128 160 192 386 192 320
96 128 0 160 64 128
128 160 192 386 128 192
0 128 224 386 256 640
0 128 224 288 128 256
192 224 288 320 0 512
192 294 320 386 64 192
64 96 0 192 128 384
128 160 224 386 0 64
192 224 224 256 0 192
0 128 0 192 384 728
160 192 0 192 256 728
128 160 0 128 64 320
192 224 0 192 128 320
160 192 192 224 128 512
96 128 192 224 0 192
0 128 288 386 0 256
224 294 224 256 128 512
192 294 320 386 192 640
224 294 192 256 64 128
224 256 256 320 0 128
128 160 224 386 64 128
224 294 0 192 128 320
96 128 160 192 64 384
160 192 288 320 0 512
160 192 256 288 0 192
192 224 256 288 0 192
224 294 192 256 0 64
192 294 320 386 0 64
128 160 192 224 0 128
128 160 192 386 320 640
0 96 192 224 0 192
160 192 192 256 0 64
96 160 128 160 0 64
96 160 160 192 0 64
160 192 192 256 64 128
128 160 128 160 64 320
0 96 128 192 0 64
160 192 224 256 128 512
224 256 256 320 128 512
160 224 256 288 192 512
128 160 0 192 320 728
0 128 192 224 192 640
