64
64 96 96 128 32 64
32 64 96 194 32 64
64 96 64 96 32 64
0 32 32 96 0 160
96 148 96 128 32 64
64 96 128 194 32 64
32 64 32 128 0 32
64 148 32 96 0 32
32 148 32 64 256 728
64 96 64 96 192 320
64 96 64 96 320 728
64 148 96 128 0 32
32 64 64 96 128 256
32 64 64 128 96 128
96 148 128 194 416 728
128 148 96 128 96 728
32 96 96 128 128 160
128 148 128 194 64 416
96 128 128 160 192 416
96 128 128 160 96 192
96 128 96 128 352 728
64 96 128 194 96 160
32 96 128 194 384 728
64 148 32 64 96 256
64 96 96 128 160 224
32 148 32 64 64 96
96 128 96 128 96 160
96 148 128 160 32 64
64 96 128 194 160 256
64 96 96 128 64 96
96 128 160 194 96 416
32 96 96 128 320 480
96 128 96 128 224 352
32 64 96 194 64 96
32 96 96 128 480 728
96 148 64 96 128 224
96 148 96 128 64 96
32 64 64 96 32 64
64 96 64 96 128 192
32 64 32 64 96 256
64 96 64 96 64 96
64 96 96 128 224 320
96 148 64 96 64 128
32 64 64 96 256 728
32 64 64 96 64 96
0 32 96 194 0 160
96 128 128 194 64 96
0 32 32 194 160 728
32 96 128 194 256 384
32 64 96 128 160 320
0 148 0 32 0 728
96 148 64 96 224 352
64 96 128 194 64 96
32 64 128 194 96 256
96 148 128 194 0 32
96 128 96 128 160 224
96 148 64 96 352 728
96 148 64 96 32 64
32 96 128 194 0 32
64 96 96 128 96 128
32 64 32 64 32 64
64 148 32 64 32 64
96 148 160 194 32 64
64 96 64 96 96 128
