64
147 294 193 386 364 728
220 294 193 289 0 182
147 220 289 386 0 182
147 220 193 289 182 364
220 294 289 386 0 182
73 147 96 193 182 364
147 220 96 193 182 364
73 110 96 144 0 91
73 147 193 289 182 364
220 294 193 289 182 364
147 294 0 193 364 728
110 147 144 193 0 91
0 147 0 193 364 728
183 220 193 241 0 91
147 183 144 193 0 91
0 147 193 386 364 728
73 110 96 144 91 182
73 147 0 96 0 182
110 147 241 289 0 91
147 183 193 241 0 91
183 220 144 193 0 91
220 294 96 193 0 182
147 183 193 241 91 182
110 147 96 144 0 91
183 220 241 289 0 91
73 110 144 193 0 91
110 147 193 241 0 91
147 220 289 386 182 364
183 220 193 241 91 182
0 73 193 289 0 182
110 147 241 289 91 182
183 220 144 193 91 182
147 183 144 193 91 182
110 147 144 193 91 182
73 110 193 241 0 91
147 183 241 289 0 91
220 294 289 386 182 364
110 147 193 241 91 182
147 183 241 289 91 182
73 110 144 193 91 182
220 294 96 193 182 364
147 183 96 144 0 91
183 220 241 289 91 182
147 183 96 144 91 182
73 110 193 241 91 182
110 147 96 144 91 182
0 73 96 193 0 182
73 147 289 386 0 182
0 73 193 289 182 364
73 110 241 289 0 91
147 220 0 96 0 182
73 147 0 96 182 364
73 110 241 289 91 182
73 147 289 386 182 364
0 73 96 193 182 364
183 220 96 144 0 91
147 220 0 96 182 364
0 73 289 386 0 182
183 220 96 144 91 182
0 73 289 386 182 364
0 73 0 96 0 182
0 73 0 96 182 364
220 294 0 96 182 364
220 294 0 96 0 182
