128
0 19 0 25 0 364
0 19 0 25 364 728
0 19 25 49 0 364
0 19 25 49 364 728
0 19 49 73 0 364
0 19 49 73 364 728
0 19 73 97 0 364
0 19 73 97 364 728
0 19 97 121 0 364
0 19 97 121 364 728
0 19 121 145 0 364
0 19 121 145 364 728
0 19 145 169 0 364
0 19 145 169 364 728
0 19 169 194 0 364
0 19 169 194 364 728
19 37 0 25 0 364
19 37 0 25 364 728
19 37 25 49 0 364
19 37 25 49 364 728
19 37 49 73 0 364
19 37 49 73 364 728
19 37 73 97 0 364
19 37 73 97 364 728
19 37 97 121 0 364
19 37 97 121 364 728
19 37 121 145 0 364
19 37 121 145 364 728
19 37 145 169 0 364
19 37 145 169 364 728
19 37 169 194 0 364
19 37 169 194 364 728
37 55 0 25 0 364
37 55 0 25 364 728
37 55 25 49 0 364
37 55 25 49 364 728
37 55 49 73 0 364
37 55 49 73 364 728
37 55 73 97 0 364
37 55 73 97 364 728
37 55 97 121 0 364
37 55 97 121 364 728
37 55 121 145 0 364
37 55 121 145 364 728
37 55 145 169 0 364
37 55 145 169 364 728
37 55 169 194 0 364
37 55 169 194 364 728
55 74 0 25 0 364
55 74 0 25 364 728
55 74 25 49 0 364
55 74 25 49 364 728
55 74 49 73 0 364
55 74 49 73 364 728
55 74 73 97 0 364
55 74 73 97 364 728
55 74 97 121 0 364
55 74 97 121 364 728
55 74 121 145 0 364
55 74 121 145 364 728
55 74 145 169 0 364
55 74 145 169 364 728
55 74 169 194 0 364
55 74 169 194 364 728
74 92 0 25 0 364
74 92 0 25 364 728
74 92 25 49 0 364
74 92 25 49 364 728
74 92 49 73 0 364
74 92 49 73 364 728
74 92 73 97 0 364
74 92 73 97 364 728
74 92 97 121 0 364
74 92 97 121 364 728
74 92 121 145 0 364
74 92 121 145 364 728
74 92 145 169 0 364
74 92 145 169 364 728
74 92 169 194 0 364
74 92 169 194 364 728
92 110 0 25 0 364
92 110 0 25 364 728
92 110 25 49 0 364
92 110 25 49 364 728
92 110 49 73 0 364
92 110 49 73 364 728
92 110 73 97 0 364
92 110 73 97 364 728
92 110 97 121 0 364
92 110 97 121 364 728
92 110 121 145 0 364
92 110 121 145 364 728
92 110 145 169 0 364
92 110 145 169 364 728
92 110 169 194 0 364
92 110 169 194 364 728
110 128 0 25 0 364
110 128 0 25 364 728
110 128 25 49 0 364
110 128 25 49 364 728
110 128 49 73 0 364
110 128 49 73 364 728
110 128 73 97 0 364
110 128 73 97 364 728
110 128 97 121 0 364
110 128 97 121 364 728
110 128 121 145 0 364
110 128 121 145 364 728
110 128 145 169 0 364
110 128 145 169 364 728
110 128 169 194 0 364
110 128 169 194 364 728
128 148 0 25 0 364
128 148 0 25 364 728
128 148 25 49 0 364
128 148 25 49 364 728
128 148 49 73 0 364
128 148 49 73 364 728
128 148 73 97 0 364
128 148 73 97 364 728
128 148 97 121 0 364
128 148 97 121 364 728
128 148 121 145 0 364
128 148 121 145 364 728
128 148 145 169 0 364
128 148 145 169 364 728
128 148 169 194 0 364
128 148 169 194 364 728
