40
0 96 160 224 0 704
192 256 160 224 0 192
96 160 256 386 0 320
96 192 160 224 256 704
96 160 160 192 0 256
192 256 224 256 0 256
0 160 224 256 0 256
192 256 160 224 192 704
0 128 96 128 0 256
192 294 288 320 0 384
160 192 256 386 0 384
192 294 320 386 0 256
96 160 192 224 0 256
0 256 64 160 256 728
128 256 128 160 0 192
0 128 128 160 0 192
192 294 256 288 0 384
32 294 256 386 384 704
256 294 64 256 0 192
160 192 192 224 0 256
128 256 64 128 0 256
160 192 224 256 0 448
160 192 160 192 0 256
0 96 256 386 0 256
256 294 64 256 192 448
0 128 64 96 0 256
0 160 224 256 256 728
0 256 128 160 192 256
160 256 224 256 448 728
192 256 224 256 256 448
192 294 320 386 256 384
256 294 64 256 448 728
0 294 0 64 0 728
0 160 256 386 320 384
0 96 256 386 256 320
0 256 160 224 704 728
160 294 256 386 704 728
128 160 256 386 704 728
32 128 256 386 704 728
0 32 256 386 384 728
