26
128 192 192 256 0 256
64 128 128 192 0 728
128 192 128 192 0 256
192 294 128 192 0 728
128 192 256 386 0 256
192 256 192 256 0 256
64 128 192 256 0 728
128 192 192 386 256 728
192 256 256 320 0 256
0 64 0 386 0 728
128 294 64 128 0 728
64 128 64 128 0 728
192 256 320 386 0 728
64 128 256 386 0 728
192 256 192 256 256 728
256 294 192 256 0 728
128 192 128 192 256 728
192 256 256 320 256 728
256 294 256 320 0 256
64 294 0 64 0 728
256 294 320 384 0 256
256 294 256 320 256 728
256 294 320 384 256 728
256 294 384 386 0 256
256 294 384 386 256 512
256 294 384 386 512 728
