32
64 128 64 128 0 64
64 128 64 128 64 128
0 64 0 64 0 728
0 64 64 194 64 128
64 128 64 128 128 192
0 64 64 194 0 64
64 128 128 194 0 64
64 148 0 64 0 728
0 64 64 194 128 256
64 128 128 194 64 128
0 64 64 194 256 728
64 128 64 128 192 256
64 128 128 194 128 192
64 128 64 128 256 320
64 128 128 194 192 256
64 128 64 128 320 384
64 148 64 128 384 448
128 148 64 194 64 128
128 148 64 194 0 64
64 128 128 194 256 320
64 148 128 194 576 728
64 148 64 128 576 640
64 148 64 128 512 576
64 148 128 194 448 576
64 148 64 128 640 728
128 148 64 194 128 192
64 128 128 194 320 384
64 148 64 128 448 512
64 148 128 194 384 448
128 148 64 194 192 256
128 148 64 194 256 320
128 148 64 194 320 384
