32
256 294 0 386 128 728
64 128 256 386 0 728
192 256 256 320 128 728
64 128 192 256 0 128
128 192 256 320 128 728
192 256 128 256 0 64
192 256 256 320 0 128
192 256 128 256 64 128
128 192 192 256 192 512
64 128 128 256 192 512
64 192 0 128 128 512
192 256 0 256 192 320
64 128 0 128 0 128
192 256 0 256 320 728
128 192 256 320 0 128
128 256 320 386 0 128
64 192 0 256 512 728
64 192 192 256 128 192
128 256 0 128 0 128
256 294 0 386 0 128
128 256 320 386 128 728
128 192 192 256 64 128
128 192 192 256 0 64
128 192 128 192 192 512
0 64 0 192 0 728
128 192 128 192 0 64
192 256 0 256 128 192
64 192 128 192 128 192
128 192 128 192 64 128
64 128 128 192 64 128
64 128 128 192 0 64
0 64 192 386 0 728
