32
64 128 64 128 32 64
64 128 64 128 64 96
0 64 64 194 192 728
0 148 0 64 96 728
0 148 0 64 0 96
0 64 64 194 96 192
0 148 64 128 0 32
64 128 128 194 32 64
0 64 64 194 32 64
64 128 64 128 96 128
0 64 64 194 64 96
64 128 64 128 160 192
64 128 64 128 128 160
64 148 64 194 320 384
64 148 64 128 384 544
64 148 64 194 256 288
64 148 64 128 544 728
64 128 128 194 64 96
64 148 64 128 224 256
64 148 128 194 384 728
64 148 64 128 192 224
0 148 128 194 0 32
64 148 64 194 288 320
64 148 128 194 192 256
64 128 128 194 96 128
64 128 128 194 128 160
64 128 128 194 160 192
128 148 64 194 32 64
128 148 64 194 64 96
128 148 64 194 96 128
128 148 64 194 128 160
128 148 64 194 160 192
