26
160 224 288 384 0 384
160 224 192 224 0 728
96 128 192 386 0 480
96 128 96 192 0 480
224 294 224 288 0 728
128 160 224 386 0 544
224 294 160 224 0 728
128 160 160 224 0 728
0 96 0 160 0 728
0 96 160 256 0 480
160 224 0 160 0 728
160 224 224 256 0 728
128 160 0 160 0 728
160 224 160 192 0 728
160 224 256 288 0 728
224 294 288 386 0 512
0 96 256 386 0 728
224 294 0 160 0 728
96 128 0 96 0 728
160 224 288 384 384 728
96 128 192 386 480 728
96 128 96 192 480 728
0 96 160 256 480 728
224 294 288 386 512 728
128 160 224 386 544 728
160 224 384 386 0 728
