32
0 96 0 128 0 576
192 294 0 386 480 728
192 224 160 256 0 128
0 160 128 320 256 352
64 160 128 224 160 256
128 160 128 192 0 160
160 192 224 320 128 576
192 224 160 386 224 480
160 192 224 320 0 128
64 160 256 320 64 256
0 160 128 320 352 576
160 192 0 192 0 128
224 294 160 386 256 480
192 294 0 160 0 480
0 64 128 320 0 256
224 294 160 256 0 96
96 128 128 192 0 160
160 192 192 224 0 576
96 160 192 224 0 160
192 224 256 386 0 128
224 294 160 386 96 160
64 160 224 320 0 64
224 294 256 386 0 96
96 160 0 128 0 96
64 160 224 256 64 256
64 96 128 224 0 160
224 294 160 386 160 256
192 224 160 386 128 224
160 192 0 192 128 576
0 192 320 386 0 728
96 160 0 128 96 576
0 192 0 320 576 728
