51
64 96 64 96 0 64
0 64 64 96 64 128
64 96 96 128 64 128
0 64 96 194 64 128
0 64 96 194 0 64
96 128 128 160 64 192
64 96 64 96 64 128
64 96 64 96 128 256
64 96 96 128 0 64
96 128 128 160 192 728
96 128 160 194 0 128
64 96 96 128 128 192
96 128 0 96 0 192
64 96 64 96 256 728
0 64 64 96 0 64
64 96 96 128 192 320
0 64 0 64 128 728
0 64 64 96 192 728
96 128 160 194 128 728
96 128 96 128 320 728
0 64 96 194 128 256
0 64 0 64 0 64
96 128 96 128 0 64
64 96 128 194 0 64
64 96 96 128 320 728
96 128 128 160 0 64
96 128 96 128 64 128
0 64 96 194 256 728
64 96 128 194 128 256
64 96 128 194 64 128
96 128 0 96 192 728
96 128 96 128 192 320
64 96 0 64 0 128
64 96 128 194 256 728
0 64 0 64 64 128
96 128 96 128 128 192
64 96 0 64 128 728
0 64 64 96 128 192
128 148 96 128 64 128
128 148 96 128 192 320
128 148 0 96 64 192
128 148 0 96 192 728
128 148 96 128 0 64
128 148 96 128 320 728
128 148 96 128 128 192
128 148 0 96 0 64
128 148 128 194 64 128
128 148 128 194 0 64
128 148 128 194 320 728
128 148 128 194 192 320
128 148 128 194 128 192
