26
64 96 96 128 0 256
32 64 64 96 0 728
64 96 64 96 0 256
96 148 64 96 0 728
64 96 128 194 0 256
96 128 96 128 0 256
32 64 96 128 0 728
64 96 96 194 256 728
96 128 128 160 0 256
0 32 0 194 0 728
64 148 32 64 0 728
32 64 32 64 0 728
96 128 160 194 0 728
32 64 128 194 0 728
96 128 96 128 256 728
128 148 96 128 0 728
64 96 64 96 256 728
96 128 128 160 256 728
128 148 128 160 0 256
32 148 0 32 0 728
128 148 160 192 0 256
128 148 128 160 256 728
128 148 160 192 256 728
128 148 192 194 0 256
128 148 192 194 256 512
128 148 192 194 512 728
