32
192 256 256 320 0 128
0 128 192 386 64 128
128 192 64 320 192 256
192 256 128 256 0 64
128 294 320 386 128 728
0 294 64 128 0 64
128 294 64 192 128 192
128 294 64 256 256 320
192 294 64 320 192 256
64 128 192 386 192 728
128 256 320 386 0 128
128 192 256 320 0 128
64 128 64 192 192 728
64 128 64 386 128 192
192 256 128 256 64 128
0 128 192 386 0 64
128 294 64 320 576 728
192 294 192 320 128 192
128 192 192 320 128 192
128 192 64 256 320 576
128 294 256 320 256 576
0 128 128 192 64 128
0 294 64 128 64 128
256 294 128 386 0 128
192 294 64 256 320 576
0 128 128 192 0 64
128 192 192 256 0 64
128 192 192 256 64 128
128 192 128 192 0 64
128 192 128 192 64 128
0 64 64 386 128 728
0 294 0 64 0 728
