64
64 96 64 96 32 64
32 148 32 64 224 728
32 64 32 128 0 32
96 148 96 128 32 64
32 64 64 96 160 384
64 96 96 128 32 64
32 64 96 128 128 384
32 64 64 96 64 96
32 64 64 194 384 728
32 64 32 64 64 128
64 148 96 128 0 32
32 148 32 64 128 224
32 64 96 128 64 128
64 96 96 128 64 96
96 128 128 194 64 96
64 96 64 96 64 96
96 128 64 128 64 96
32 64 128 194 64 384
32 64 64 96 32 64
64 96 128 194 32 64
32 64 64 96 96 160
96 148 128 160 32 64
32 64 96 194 32 64
64 148 32 96 0 32
0 32 0 194 0 728
64 148 32 64 32 128
32 64 32 64 32 64
64 96 128 160 96 192
96 128 96 160 96 128
64 128 96 128 224 256
64 148 128 160 256 352
64 148 160 194 160 352
64 128 64 96 96 128
96 148 96 128 256 352
64 96 96 128 160 192
64 128 64 96 320 512
64 96 64 96 224 320
128 148 96 160 96 256
96 128 96 160 128 160
96 148 128 194 0 32
64 128 96 128 192 224
64 96 96 160 352 512
64 128 128 160 192 256
96 128 64 96 160 320
64 148 160 194 352 728
64 96 64 96 160 224
64 96 96 128 256 352
96 128 96 160 160 192
96 148 96 128 512 728
64 96 96 160 512 728
96 148 96 128 352 512
64 128 64 96 128 160
64 128 64 96 512 728
64 96 96 128 128 160
64 148 160 194 96 160
96 148 128 160 352 728
64 96 128 194 64 96
64 96 96 128 96 128
128 148 64 96 96 728
96 148 160 194 32 64
96 148 64 96 32 64
32 96 128 194 0 32
128 148 64 194 64 96
32 148 0 32 0 728
