27
192 294 288 386 0 512
128 192 224 288 0 384
192 294 224 288 0 320
0 128 0 160 0 192
192 294 0 224 0 192
0 128 160 224 0 384
128 192 128 192 0 192
0 128 224 386 0 640
192 294 0 224 192 704
128 192 192 224 0 256
128 192 288 386 0 320
128 192 128 192 192 640
128 192 0 128 0 256
0 128 0 160 256 728
128 192 192 224 256 448
128 192 224 288 384 728
192 294 224 288 320 448
192 294 288 386 512 728
0 128 160 224 384 728
0 128 0 160 192 256
192 294 224 288 448 728
128 192 288 386 320 728
128 192 0 128 256 728
128 192 192 224 448 728
128 192 128 192 640 728
0 128 224 386 640 728
192 294 0 224 704 728
