32
64 96 32 96 0 64
96 128 160 194 0 728
96 128 0 128 0 64
64 96 128 194 64 192
128 148 0 194 128 728
32 64 128 194 0 728
64 96 32 96 64 128
32 64 96 128 0 128
96 128 0 128 64 128
64 96 32 96 128 256
96 128 128 160 128 728
96 128 128 160 0 128
64 96 96 128 128 256
32 64 0 64 0 128
96 128 0 128 320 728
96 128 0 128 192 320
32 64 64 96 128 728
64 96 128 194 192 728
64 96 32 96 256 728
32 64 96 128 128 728
128 148 0 194 0 128
64 96 96 128 256 728
0 32 0 96 0 728
64 96 96 128 0 64
64 96 96 128 64 128
96 128 0 128 128 192
64 96 128 194 0 64
32 64 64 96 64 128
32 64 64 96 0 64
0 32 96 194 0 728
32 64 0 64 128 728
64 96 0 32 0 728
