27
32 64 96 128 0 448
96 128 128 160 0 384
64 96 128 160 0 384
96 128 64 96 0 728
128 148 32 194 0 384
96 128 96 128 0 192
32 64 64 96 0 192
64 96 96 128 128 512
32 64 0 64 0 728
64 96 96 128 0 128
64 96 64 96 0 128
64 96 64 96 128 728
0 32 0 194 0 728
64 96 0 64 0 728
96 128 96 128 192 728
96 128 160 194 0 728
32 64 128 194 0 728
32 64 64 96 192 728
64 96 160 194 0 384
96 128 0 64 0 728
128 148 32 194 384 728
64 96 96 128 512 728
96 128 128 160 384 728
64 96 128 160 384 728
32 64 96 128 448 728
64 96 160 194 384 728
128 148 0 32 0 728
