32
128 294 288 386 256 728
0 96 96 160 0 256
192 256 192 224 0 256
0 160 0 96 0 256
256 294 192 288 0 728
128 224 320 386 0 256
224 294 288 386 0 256
128 224 288 320 0 256
0 128 192 224 0 256
160 294 128 192 256 728
96 128 96 160 0 256
160 294 128 160 0 256
160 192 192 224 0 728
192 294 160 192 0 256
192 256 224 256 0 256
96 128 224 386 0 256
128 160 96 160 0 256
128 192 256 288 0 256
0 96 224 386 0 256
128 160 192 224 0 728
0 160 0 160 256 728
192 256 256 288 0 256
160 192 224 256 0 728
128 160 160 192 0 728
192 256 192 256 256 728
0 128 192 386 256 728
160 294 0 128 0 728
128 160 224 256 0 728
96 128 160 192 0 728
0 96 160 192 0 728
160 192 160 192 0 256
128 256 256 288 256 728
