31
128 192 192 256 0 192
0 128 192 386 0 256
192 256 192 256 0 320
128 192 256 386 0 384
128 192 128 192 0 192
192 256 256 320 0 384
0 128 128 192 0 256
0 128 0 128 0 256
128 192 128 192 192 728
128 192 192 256 192 448
192 256 320 386 0 256
128 192 0 128 0 728
256 294 0 256 0 192
192 256 0 192 0 192
192 256 192 256 320 704
0 128 192 386 256 728
0 128 128 192 256 728
256 294 0 256 192 448
192 256 320 386 256 728
128 192 192 256 448 728
192 256 256 320 384 728
192 256 0 192 192 320
0 128 0 128 256 728
128 192 256 386 384 728
192 256 0 192 320 728
256 294 0 256 512 728
256 294 256 386 64 384
256 294 0 256 448 512
192 256 192 256 704 728
256 294 256 386 384 728
256 294 256 386 0 64
