42
96 160 256 320 0 728
96 160 128 160 0 728
160 192 224 288 0 512
96 160 96 128 0 728
96 160 160 192 0 256
192 256 224 256 0 256
160 192 128 192 0 256
192 256 192 224 0 512
0 96 160 224 0 512
192 256 288 320 0 512
96 160 224 256 0 256
192 256 320 386 0 256
192 256 256 288 0 728
0 96 96 160 0 256
96 160 192 224 0 256
256 294 160 256 0 256
192 256 0 192 0 256
160 192 192 224 0 256
160 192 288 386 0 728
0 96 224 386 0 256
96 160 0 96 0 728
96 160 160 192 256 728
192 256 320 386 256 728
160 192 128 192 256 728
192 256 224 256 256 728
192 256 0 192 256 728
160 192 0 128 0 728
96 160 224 256 256 728
256 294 160 256 256 512
160 192 192 224 256 728
96 160 192 224 256 728
96 160 320 386 0 728
0 96 0 96 0 728
192 256 192 224 512 728
0 96 96 160 256 728
0 96 224 386 256 728
192 256 288 320 512 728
256 294 0 160 0 728
160 192 224 288 512 728
256 294 160 256 512 728
0 96 160 224 512 728
256 294 256 386 0 728
