32
96 128 128 194 96 224
64 128 64 194 576 728
64 148 0 64 0 728
64 96 96 194 288 576
96 128 64 96 0 256
96 128 128 194 224 576
64 96 128 194 64 192
96 128 96 160 32 64
64 96 96 194 192 288
64 96 96 160 32 64
0 64 64 128 96 160
0 64 64 128 160 352
96 128 96 194 64 96
0 64 64 128 32 64
0 64 64 128 64 96
64 128 64 96 256 576
96 128 96 128 224 576
64 128 96 160 0 32
0 64 128 194 32 352
64 96 64 96 0 64
96 128 96 128 96 224
128 148 64 194 128 728
64 96 96 128 64 128
0 64 0 194 352 728
64 96 64 96 64 128
0 64 0 64 32 96
64 96 64 96 128 256
0 64 0 64 96 352
64 96 96 128 128 192
0 64 0 194 0 32
128 148 64 194 0 128
64 128 160 194 0 64
