30
192 256 256 320 0 384
128 192 256 320 0 384
128 192 128 192 96 728
192 256 128 192 0 728
192 256 192 256 0 192
256 294 0 320 0 728
64 128 0 128 0 728
128 192 192 256 0 128
128 192 192 256 128 480
64 128 128 192 0 160
64 128 192 256 0 256
0 64 0 384 0 480
128 192 0 128 0 728
128 192 128 192 0 96
192 256 192 256 192 728
64 128 256 386 0 728
192 256 320 386 0 384
64 128 128 192 160 728
128 192 320 386 0 728
128 192 192 256 480 728
192 256 0 128 0 728
64 128 192 256 256 480
192 256 256 320 384 728
128 192 256 320 384 728
256 294 320 386 0 512
192 256 320 386 384 728
64 128 192 256 480 728
0 64 0 384 480 728
256 294 320 386 512 728
0 64 384 386 0 728
