32
192 256 192 256 0 192
128 192 192 256 128 384
128 192 128 192 0 128
128 192 192 256 0 128
0 128 64 128 0 256
128 192 256 320 0 384
128 192 128 192 128 728
192 256 256 320 0 192
0 128 128 192 0 128
0 128 192 256 0 256
192 256 192 256 192 728
192 256 320 386 0 256
0 128 128 192 128 728
128 192 0 128 0 728
0 128 256 386 0 320
256 294 0 256 0 192
192 256 0 192 0 192
256 294 0 256 192 728
128 192 320 386 0 728
192 256 0 192 192 728
192 256 256 320 192 384
128 192 192 256 384 728
192 256 320 386 256 728
0 128 192 256 256 728
192 256 256 320 384 728
0 128 64 128 256 728
128 192 256 320 384 728
0 128 256 386 448 728
256 294 256 386 0 728
0 128 0 64 0 728
0 128 256 386 384 448
0 128 256 386 320 384
