43
192 256 320 386 0 320
192 256 128 192 0 160
192 256 192 256 64 160
64 128 64 128 0 128
192 256 192 256 160 352
192 256 128 192 160 728
64 128 256 320 0 480
192 256 256 320 96 320
192 256 256 320 0 96
64 192 320 386 0 728
64 128 192 256 0 96
128 192 64 128 0 192
128 192 192 256 64 128
128 192 256 320 96 288
128 192 192 256 0 64
128 192 256 320 0 96
64 128 128 192 128 480
128 192 128 192 0 64
64 128 192 256 96 288
128 192 128 192 128 256
256 294 256 386 0 728
0 64 64 192 0 728
128 192 128 192 64 128
128 192 192 256 192 352
64 128 128 192 64 128
256 294 192 256 0 728
128 192 128 192 256 728
64 128 128 192 0 64
0 64 192 386 0 728
192 256 192 256 0 64
128 192 192 256 128 192
192 256 256 386 320 728
128 192 192 256 352 728
64 128 64 128 128 728
192 256 192 256 352 728
128 192 256 320 288 728
256 294 64 192 0 728
0 294 0 64 0 728
64 128 192 256 288 728
128 192 64 128 192 728
192 256 64 128 0 728
64 128 128 192 480 728
64 128 256 320 480 728
