64
64 96 64 96 0 64
64 96 96 128 64 128
32 64 64 96 64 128
96 128 128 194 64 128
32 64 32 64 64 192
64 96 64 96 64 128
64 96 64 96 128 256
64 96 96 128 0 64
96 148 64 96 192 728
64 96 96 128 128 192
64 96 64 96 256 728
32 64 64 194 192 320
32 64 64 194 320 728
32 64 64 96 0 64
32 64 96 194 64 128
32 64 64 194 128 192
32 64 96 194 0 64
64 148 32 64 0 192
96 148 64 96 64 192
96 128 96 128 0 64
64 96 128 194 0 64
32 148 32 64 192 728
96 128 128 160 0 64
32 64 32 64 0 64
96 128 96 128 64 128
96 148 96 128 128 192
64 96 128 194 64 128
96 148 128 194 128 192
64 96 96 128 192 256
96 128 160 194 0 64
0 32 0 194 0 728
64 96 96 128 256 384
64 96 96 128 384 728
96 148 64 96 0 64
64 96 128 194 320 728
64 96 128 194 192 320
64 96 128 194 128 192
96 128 96 128 192 256
96 128 128 194 192 256
128 148 96 194 64 128
128 148 96 194 0 64
96 128 96 128 256 320
96 148 128 160 256 320
96 128 96 128 320 384
96 128 128 194 320 384
96 128 96 128 384 448
96 128 128 194 384 448
96 128 96 128 512 576
128 148 96 194 192 256
96 128 96 128 576 640
32 148 0 32 0 728
96 148 128 194 576 640
96 148 160 194 256 320
128 148 96 128 256 320
96 148 128 194 448 512
96 128 128 194 512 576
96 148 96 128 448 512
96 128 96 128 640 728
96 148 160 194 640 728
128 148 96 194 320 384
96 148 128 160 640 728
128 148 96 194 384 448
128 148 96 128 576 728
128 148 96 194 512 576
