64
0 37 0 49 0 182
0 37 0 49 182 364
0 37 0 49 364 546
0 37 0 49 546 728
0 37 49 97 0 182
0 37 49 97 182 364
0 37 49 97 364 546
0 37 49 97 546 728
0 37 97 145 0 182
0 37 97 145 182 364
0 37 97 145 364 546
0 37 97 145 546 728
0 37 145 194 0 182
0 37 145 194 182 364
0 37 145 194 364 546
0 37 145 194 546 728
37 74 0 49 0 182
37 74 0 49 182 364
37 74 0 49 364 546
37 74 0 49 546 728
37 74 49 97 0 182
37 74 49 97 182 364
37 74 49 97 364 546
37 74 49 97 546 728
37 74 97 145 0 182
37 74 97 145 182 364
37 74 97 145 364 546
37 74 97 145 546 728
37 74 145 194 0 182
37 74 145 194 182 364
37 74 145 194 364 546
37 74 145 194 546 728
74 110 0 49 0 182
74 110 0 49 182 364
74 110 0 49 364 546
74 110 0 49 546 728
74 110 49 97 0 182
74 110 49 97 182 364
74 110 49 97 364 546
74 110 49 97 546 728
74 110 97 145 0 182
74 110 97 145 182 364
74 110 97 145 364 546
74 110 97 145 546 728
74 110 145 194 0 182
74 110 145 194 182 364
74 110 145 194 364 546
74 110 145 194 546 728
110 148 0 49 0 182
110 148 0 49 182 364
110 148 0 49 364 546
110 148 0 49 546 728
110 148 49 97 0 182
110 148 49 97 182 364
110 148 49 97 364 546
110 148 49 97 546 728
110 148 97 145 0 182
110 148 97 145 182 364
110 148 97 145 364 546
110 148 97 145 546 728
110 148 145 194 0 182
110 148 145 194 182 364
110 148 145 194 364 546
110 148 145 194 546 728
