28
128 288 320 352 0 728
160 224 256 288 0 728
128 224 288 320 0 728
128 192 128 160 0 728
64 294 0 96 0 728
96 192 96 128 0 728
128 160 224 288 0 728
0 128 256 352 0 728
256 294 192 320 0 728
96 128 192 256 0 728
224 256 192 256 0 728
192 224 96 192 0 728
64 128 128 160 0 728
224 294 96 192 0 728
64 128 160 192 0 728
0 96 192 256 0 728
160 192 192 224 0 728
224 256 256 320 0 728
128 160 192 224 0 728
160 192 224 256 0 728
128 160 160 192 0 728
160 192 160 192 0 728
192 224 192 224 0 728
0 64 0 192 0 728
0 294 352 386 0 728
192 224 224 256 0 728
64 96 96 128 0 728
288 294 320 352 0 728
