32
0 64 96 128 0 128
64 96 0 96 128 256
0 148 0 64 0 64
0 64 0 96 128 256
96 128 0 160 128 192
0 64 96 160 128 384
0 96 128 194 0 64
0 128 160 194 128 728
0 96 96 160 384 728
96 128 0 128 320 728
64 96 0 96 256 728
64 96 96 128 192 384
96 148 96 128 64 128
96 128 0 128 192 320
64 96 64 96 0 64
0 96 128 194 64 128
0 64 64 96 64 128
96 148 96 128 0 64
128 148 0 194 128 728
64 96 96 128 64 128
0 148 0 64 64 128
64 96 64 96 64 128
96 148 64 96 0 128
0 64 0 96 256 728
64 96 96 128 0 64
96 128 128 160 192 728
96 148 160 194 0 128
64 96 96 128 128 192
0 64 64 96 0 64
64 96 128 160 128 384
96 148 128 160 0 64
96 148 128 160 64 128
