34
0 64 96 194 0 96
0 64 64 96 0 96
64 96 96 128 128 256
96 148 128 160 0 128
64 96 0 128 256 480
64 128 0 128 480 728
96 128 96 128 96 288
64 96 64 96 32 96
96 148 160 194 0 256
64 96 64 96 96 256
0 64 96 194 96 256
96 128 96 128 0 96
64 96 128 160 0 160
96 128 0 96 0 288
0 64 0 64 0 96
128 148 0 128 0 192
0 64 0 194 256 480
96 148 128 160 128 384
64 96 96 128 64 128
0 64 64 96 96 256
64 148 128 194 384 704
64 96 0 64 0 256
64 96 96 128 0 64
0 64 0 64 96 256
128 148 0 128 192 728
96 128 0 128 288 480
0 64 0 194 480 728
64 96 128 194 160 288
64 96 160 194 0 160
64 96 64 96 0 32
64 96 128 194 288 384
96 148 160 194 256 352
64 148 128 194 704 728
96 148 160 194 352 384
