40
64 128 64 128 0 64
64 128 64 128 64 128
0 64 64 194 128 728
64 128 64 128 128 192
64 128 128 194 0 64
0 148 0 64 0 128
0 64 64 194 64 128
0 64 64 194 0 64
64 128 128 194 64 128
64 128 64 128 192 256
0 148 0 64 128 728
64 128 128 194 128 192
64 128 64 128 256 320
64 128 128 194 192 256
64 128 64 128 320 384
64 128 128 194 256 320
64 128 64 128 384 448
128 148 64 194 64 128
64 128 64 128 576 640
64 128 64 128 512 576
128 148 64 194 0 64
64 128 128 194 576 728
64 128 64 128 640 728
64 128 128 194 320 384
64 148 64 128 448 512
128 148 64 194 128 192
64 128 128 194 384 448
128 148 64 194 256 320
128 148 64 194 192 256
64 128 128 194 512 576
64 148 128 194 448 512
128 148 64 194 320 384
128 148 64 194 384 448
128 148 64 194 512 576
128 148 64 128 576 640
128 148 64 128 640 704
128 148 64 128 704 728
128 148 128 194 576 640
128 148 128 194 704 728
128 148 128 194 640 704
