64
64 96 96 128 0 64
64 96 96 128 64 128
0 32 32 96 0 728
96 148 96 128 0 64
32 64 96 194 0 64
64 96 64 96 0 64
64 96 64 96 128 256
64 96 128 194 0 64
64 96 64 96 64 128
96 128 128 194 64 128
64 148 32 64 64 256
32 64 64 96 64 128
32 64 64 96 128 384
96 148 128 160 0 64
64 96 64 96 256 728
32 64 32 64 64 256
32 64 96 128 128 384
32 64 64 96 0 64
32 64 128 194 64 384
64 96 128 194 64 128
0 32 96 194 0 728
96 148 64 96 256 728
96 128 96 128 64 128
96 148 64 96 128 256
64 96 96 128 128 192
32 64 64 194 384 728
96 148 128 194 128 192
96 148 96 128 128 192
32 64 96 128 64 128
32 148 32 64 256 728
32 64 32 64 0 64
96 148 64 96 0 64
96 148 64 96 64 128
64 148 32 64 0 64
64 96 128 194 128 192
96 148 160 194 0 64
0 148 0 32 0 728
64 96 96 128 192 256
128 148 96 194 64 128
96 128 96 128 192 256
96 128 128 194 192 256
64 96 128 194 192 256
64 96 96 128 256 320
96 128 128 194 256 320
96 128 96 128 256 320
64 96 128 194 256 320
64 96 96 128 576 728
64 96 128 160 448 728
96 128 96 194 640 728
96 128 128 160 320 448
96 128 160 194 320 640
64 96 96 128 320 384
96 128 96 128 384 512
128 148 96 194 192 256
96 128 96 128 512 640
64 96 128 160 320 448
96 128 96 128 320 384
64 96 96 128 448 576
128 148 96 194 320 448
128 148 96 194 448 728
64 96 160 194 320 728
96 128 128 160 448 640
128 148 96 194 256 320
64 96 96 128 384 448
