43
96 128 96 128 192 704
64 96 64 96 64 192
64 96 96 128 128 256
96 128 128 160 0 128
0 64 64 96 64 192
64 96 128 160 0 192
64 96 64 96 192 728
96 128 160 194 0 256
96 128 96 128 64 192
0 64 96 128 0 128
0 64 0 64 64 256
0 64 128 194 0 320
128 148 0 128 0 192
64 96 64 96 0 64
64 96 96 128 64 128
96 128 128 160 128 384
64 96 0 64 0 256
64 96 96 128 0 64
0 64 96 128 128 728
96 128 0 96 0 192
0 64 64 96 192 728
0 64 64 96 0 64
0 64 0 64 0 64
96 128 96 128 0 64
64 96 96 128 256 512
128 148 0 128 192 448
64 96 160 194 0 192
96 128 160 194 256 728
64 96 128 160 192 384
96 128 0 96 192 320
96 128 128 160 384 728
0 64 0 64 256 728
64 96 96 128 512 728
96 128 0 96 320 728
64 96 0 64 256 728
64 96 160 194 192 728
64 96 128 160 384 640
0 64 128 194 320 728
128 148 0 128 448 728
128 148 128 194 0 728
96 128 96 128 704 728
64 96 128 160 640 704
64 96 128 160 704 728
