50
64 96 96 128 64 128
96 128 128 160 64 192
0 64 96 128 0 96
0 64 64 96 96 256
0 128 0 96 480 728
64 148 128 194 384 704
64 128 0 64 0 256
0 128 96 128 480 728
64 96 64 96 192 480
96 128 96 128 32 96
64 96 96 128 0 64
96 148 160 194 0 128
64 96 96 128 128 192
96 128 64 128 192 288
96 128 64 96 0 192
64 96 64 96 96 192
0 64 0 64 64 160
64 96 128 160 0 96
64 96 128 160 96 288
0 64 64 96 0 64
96 148 128 160 0 64
0 64 0 128 256 480
0 64 0 64 0 64
96 128 96 128 96 192
0 64 96 128 96 256
64 96 64 96 32 64
64 96 96 128 192 288
128 148 96 128 0 192
128 148 0 128 192 728
96 128 64 128 288 480
0 64 64 96 64 96
0 64 128 194 96 384
64 96 64 96 64 96
64 96 96 128 288 480
0 64 128 194 0 96
96 148 128 160 224 384
64 96 160 194 0 160
128 148 0 96 0 192
96 148 160 194 128 256
0 64 0 64 160 256
64 96 64 96 0 32
96 128 96 128 0 32
64 96 128 194 288 384
96 148 160 194 256 384
64 128 0 64 256 480
0 64 128 194 384 704
96 128 128 160 192 224
64 96 160 194 160 288
0 148 128 194 704 728
128 148 128 160 64 224
