32
96 160 128 160 0 256
128 294 0 128 0 728
96 160 256 288 0 512
96 128 0 128 0 728
160 192 224 288 0 256
192 256 256 288 0 512
96 128 192 256 0 512
224 256 192 256 0 512
64 96 128 192 0 256
256 294 192 288 0 728
64 96 192 386 0 728
192 224 224 256 0 512
160 224 128 160 0 728
224 294 288 386 0 256
64 96 0 128 0 728
160 294 288 386 256 728
160 192 160 192 0 728
160 224 320 386 0 256
64 160 128 192 256 728
160 192 192 224 0 256
160 224 288 320 0 256
96 256 192 288 512 728
192 224 160 192 0 728
128 160 192 224 0 512
128 160 224 256 0 512
224 294 128 192 0 728
128 160 160 192 0 256
192 224 192 224 0 512
0 64 0 386 0 728
96 128 160 192 0 256
96 160 288 386 0 728
160 192 192 288 256 512
