2052
0 73 96 193 364 546
128 147 217 241 0 45
238 257 193 217 45 91
91 110 144 168 91 136
147 183 144 193 455 546
36 73 144 193 182 273
165 183 168 193 91 136
54 73 144 168 45 91
147 165 168 193 136 182
183 201 193 217 91 136
73 91 193 217 45 91
165 183 217 241 91 136
110 128 241 265 45 91
201 220 193 217 136 182
238 257 241 265 45 91
201 220 313 337 45 91
201 220 217 241 136 182
128 147 168 193 136 182
147 165 217 241 91 136
165 183 241 265 136 182
165 183 241 265 0 45
201 220 217 241 0 45
91 110 120 144 0 45
128 147 120 144 91 136
220 257 96 144 91 182
110 128 120 144 91 136
128 147 265 289 45 91
201 220 265 289 0 45
183 201 241 265 0 45
147 165 241 265 136 182
201 220 241 265 0 45
183 201 241 265 136 182
128 147 217 241 91 136
110 128 193 217 91 136
73 91 96 120 45 91
201 220 193 217 0 45
183 201 265 289 0 45
220 257 144 193 364 455
183 201 168 193 0 45
91 110 168 193 0 45
183 220 241 289 546 637
238 257 265 289 45 91
91 110 168 193 91 136
201 220 241 265 136 182
201 220 193 217 91 136
73 147 289 386 546 728
110 128 193 217 0 45
110 147 48 96 182 273
220 238 289 313 45 91
183 201 313 337 45 91
183 201 168 193 136 182
73 91 217 241 45 91
165 183 144 168 0 45
147 165 241 265 0 45
147 183 193 241 637 728
257 294 289 337 182 273
36 73 96 144 182 273
183 201 217 241 91 136
110 147 241 289 364 455
147 165 96 120 45 91
147 165 144 168 91 136
73 110 96 144 273 364
54 73 120 144 45 91
128 147 96 120 0 45
183 220 193 241 637 728
73 147 0 96 364 546
165 183 265 289 0 45
110 128 217 241 0 45
201 220 289 313 0 45
54 73 168 193 45 91
183 220 144 193 455 546
201 220 144 168 45 91
110 128 96 120 0 45
147 165 120 144 0 45
91 110 120 144 91 136
201 220 217 241 91 136
257 294 241 289 273 364
91 110 241 265 45 91
147 165 289 313 45 91
183 201 168 193 91 136
110 128 72 96 45 91
183 201 289 313 0 45
110 128 217 241 91 136
128 147 241 265 136 182
220 238 217 241 0 45
147 183 241 289 546 637
201 220 168 193 136 182
91 110 217 241 0 45
165 183 241 265 91 136
91 110 193 217 91 136
165 183 144 168 91 136
36 73 193 241 182 273
220 238 241 265 0 45
201 220 168 193 0 45
128 147 72 96 45 91
220 257 193 241 455 546
147 165 241 265 91 136
220 238 193 217 91 136
201 220 241 265 91 136
73 110 48 96 182 273
73 110 241 289 273 364
220 238 193 217 0 45
128 147 144 168 136 182
220 238 265 289 0 45
73 147 0 96 546 728
91 110 193 217 0 45
36 73 289 337 0 91
238 257 168 193 45 91
128 147 241 265 0 45
91 110 96 120 0 45
183 220 289 337 364 455
110 128 193 217 136 182
183 201 241 265 91 136
91 110 72 96 45 91
91 110 217 241 91 136
220 238 313 337 45 91
110 128 217 241 136 182
165 183 289 313 0 45
183 201 120 144 45 91
201 220 168 193 91 136
73 91 144 168 91 136
147 165 265 289 0 45
220 238 193 217 136 182
238 257 289 313 45 91
165 183 313 337 45 91
73 110 193 241 364 455
110 147 144 193 455 546
220 238 217 241 136 182
73 91 144 168 0 45
257 294 144 193 273 364
73 110 144 193 364 455
0 36 193 241 0 91
201 220 265 289 136 182
220 238 217 241 91 136
183 201 265 289 136 182
201 220 265 289 91 136
165 183 265 289 136 182
201 220 337 361 45 91
73 91 120 144 0 45
201 220 313 337 0 45
128 147 241 265 91 136
220 257 144 193 546 637
110 128 168 193 136 182
110 147 96 144 364 455
110 128 96 120 91 136
257 294 193 241 364 455
165 183 120 144 0 45
147 165 144 168 136 182
0 36 241 289 0 91
165 183 193 217 227 273
0 73 193 289 364 546
165 183 193 217 182 227
220 257 241 289 546 637
220 238 241 265 136 182
183 220 241 289 455 546
220 238 289 313 0 45
54 73 96 120 45 91
147 165 120 144 91 136
147 165 265 289 136 182
165 183 265 289 91 136
183 220 241 289 637 728
183 201 313 337 0 45
128 147 96 120 91 136
128 147 289 313 45 91
183 201 265 289 91 136
238 257 193 217 91 136
220 257 96 144 182 273
110 128 265 289 45 91
183 201 337 361 45 91
238 257 217 241 0 45
147 183 241 289 455 546
183 201 193 217 182 227
165 183 144 168 136 182
147 183 144 193 637 728
110 147 193 241 455 546
220 238 241 265 91 136
110 128 144 168 136 182
257 294 337 386 91 182
147 183 241 289 637 728
183 201 144 168 0 45
73 110 289 337 182 273
257 275 217 241 45 91
220 257 289 337 364 455
238 257 313 337 45 91
147 165 265 289 91 136
238 257 241 265 0 45
238 257 265 289 0 45
73 91 120 144 91 136
73 91 168 193 91 136
54 73 193 217 45 91
183 201 144 168 91 136
220 257 193 241 637 728
0 73 0 96 182 364
165 183 168 193 182 227
128 147 120 144 136 182
0 73 193 289 546 728
220 238 168 193 91 136
220 238 168 193 0 45
110 147 289 337 273 364
110 147 193 241 637 728
165 183 217 241 227 273
201 220 193 217 182 227
0 73 289 386 182 364
238 257 217 241 91 136
147 165 193 217 227 273
73 91 72 96 45 91
257 275 193 217 45 91
183 220 48 96 0 91
165 183 96 120 45 91
165 183 168 193 227 273
73 110 144 193 546 637
147 165 193 217 182 227
183 220 96 144 273 364
110 128 241 265 0 45
257 275 241 265 45 91
183 201 193 217 227 273
183 220 337 386 273 364
91 110 96 120 91 136
147 183 337 386 182 273
165 183 217 241 182 227
183 220 289 337 546 637
54 73 217 241 45 91
36 73 144 193 273 364
73 91 168 193 0 45
220 238 144 168 45 91
220 238 168 193 136 182
128 147 265 289 0 45
73 91 96 120 0 45
110 147 96 144 546 637
238 257 193 217 0 45
183 201 168 193 182 227
165 183 120 144 91 136
183 201 217 241 182 227
110 128 72 96 0 45
54 73 144 168 91 136
91 110 193 217 136 182
128 147 265 289 136 182
147 165 217 241 227 273
183 220 144 193 637 728
110 128 241 265 136 182
91 110 265 289 45 91
220 238 265 289 91 136
183 201 144 168 136 182
91 110 217 241 136 182
257 294 241 289 364 455
147 165 168 193 182 227
201 220 193 217 227 273
238 257 217 241 136 182
238 257 289 313 0 45
147 165 168 193 227 273
147 165 289 313 0 45
220 257 144 193 455 546
220 238 313 337 0 45
110 147 337 386 91 182
91 110 241 265 0 45
220 238 337 361 45 91
201 220 289 313 91 136
201 220 168 193 182 227
128 147 72 96 0 45
73 91 217 241 0 45
110 128 120 144 136 182
110 147 144 193 637 728
73 110 193 241 546 637
183 201 217 241 227 273
238 257 241 265 91 136
147 183 96 144 364 455
147 165 96 120 0 45
128 147 193 217 227 273
110 147 241 289 546 637
91 110 72 96 0 45
128 147 193 217 182 227
147 165 217 241 182 227
36 54 144 168 45 91
110 128 241 265 91 136
201 220 217 241 182 227
128 147 168 193 182 227
91 110 168 193 136 182
36 73 241 289 182 273
73 91 241 265 45 91
238 257 193 217 136 182
110 147 96 144 455 546
238 257 241 265 136 182
201 220 337 361 0 45
183 201 168 193 227 273
128 147 265 289 91 136
257 275 265 289 45 91
165 183 313 337 0 45
128 147 168 193 227 273
201 220 120 144 45 91
183 201 289 313 91 136
201 220 144 168 0 45
201 220 217 241 227 273
73 91 193 217 91 136
91 110 144 168 136 182
220 238 265 289 136 182
54 73 120 144 0 45
257 294 289 337 273 364
183 201 337 361 0 45
165 183 241 265 227 273
73 91 217 241 91 136
165 183 289 313 91 136
238 257 168 193 91 136
201 220 289 313 136 182
147 183 289 337 364 455
165 183 337 361 45 91
54 73 144 168 0 45
54 73 120 144 91 136
220 257 241 289 455 546
73 110 241 289 364 455
128 147 217 241 227 273
220 238 193 217 227 273
201 220 168 193 227 273
147 165 313 337 45 91
183 220 289 337 637 728
165 183 241 265 182 227
183 220 289 337 455 546
201 220 144 168 91 136
128 147 217 241 182 227
238 257 313 337 0 45
183 201 289 313 136 182
36 54 168 193 45 91
220 257 337 386 273 364
147 183 96 144 546 637
147 165 120 144 136 182
147 165 241 265 227 273
183 201 241 265 182 227
91 110 241 265 91 136
257 275 168 193 45 91
73 91 193 217 0 45
36 73 193 241 273 364
73 91 96 120 91 136
238 257 337 361 45 91
110 128 72 96 91 136
54 73 168 193 91 136
0 36 144 193 0 91
201 220 144 168 136 182
220 257 289 337 546 637
201 220 241 265 227 273
147 165 241 265 182 227
73 110 96 144 364 455
183 201 120 144 0 45
183 201 241 265 227 273
54 73 72 96 45 91
110 147 0 48 0 91
220 238 193 217 182 227
110 128 289 313 45 91
238 257 265 289 91 136
147 165 289 313 91 136
275 294 193 217 45 91
183 220 48 96 91 182
220 257 241 289 637 728
91 110 120 144 136 182
201 220 241 265 182 227
128 147 144 168 227 273
220 238 168 193 227 273
110 147 241 289 455 546
54 73 96 120 0 45
201 220 313 337 91 136
110 147 48 96 273 364
220 238 217 241 227 273
128 147 289 313 0 45
275 294 217 241 45 91
147 183 96 144 455 546
165 183 289 313 136 182
147 165 144 168 227 273
183 201 120 144 91 136
165 183 144 168 227 273
36 73 289 337 91 182
128 147 72 96 91 136
147 165 72 96 45 91
73 91 72 96 0 45
220 238 337 361 0 45
238 257 168 193 0 45
128 147 96 120 136 182
220 238 289 313 91 136
257 275 289 313 45 91
110 128 265 289 0 45
238 257 193 217 227 273
238 257 265 289 136 182
128 147 144 168 182 227
128 147 241 265 227 273
165 183 120 144 136 182
128 147 241 265 182 227
54 73 168 193 0 45
36 54 120 144 45 91
165 183 144 168 182 227
183 201 313 337 91 136
91 110 241 265 136 182
238 257 144 168 45 91
147 183 289 337 546 637
165 183 337 361 0 45
238 257 168 193 136 182
110 147 241 289 637 728
275 294 168 193 45 91
220 257 289 337 637 728
0 36 289 337 0 91
36 54 217 241 45 91
257 275 193 217 91 136
110 128 265 289 136 182
220 257 144 193 637 728
165 183 96 120 0 45
110 128 168 193 227 273
257 275 217 241 91 136
110 128 96 120 136 182
110 128 193 217 227 273
220 238 217 241 182 227
91 110 72 96 91 136
165 183 265 289 227 273
54 73 96 120 91 136
201 220 265 289 227 273
73 110 144 193 455 546
147 165 144 168 182 227
73 110 96 144 546 637
110 128 217 241 227 273
147 165 96 120 91 136
257 275 313 337 45 91
91 110 265 289 0 45
220 238 168 193 182 227
110 128 265 289 91 136
73 110 144 193 637 728
147 165 289 313 136 182
275 294 241 265 45 91
183 220 337 386 546 637
238 257 337 361 0 45
0 36 241 289 91 182
91 110 289 313 45 91
257 294 144 193 364 455
220 238 241 265 227 273
0 36 193 241 91 182
110 128 217 241 182 227
110 128 193 217 182 227
220 257 289 337 455 546
183 201 144 168 182 227
110 128 48 72 45 91
110 128 144 168 227 273
128 147 289 313 91 136
36 54 193 217 45 91
73 110 193 241 637 728
73 110 0 48 0 91
238 257 168 193 227 273
220 238 289 313 136 182
220 238 144 168 91 136
147 165 265 289 227 273
238 257 217 241 227 273
183 201 265 289 227 273
183 201 96 120 45 91
73 91 241 265 0 45
183 220 337 386 364 455
220 238 144 168 0 45
110 128 168 193 182 227
73 91 144 168 136 182
257 275 217 241 0 45
257 275 241 265 91 136
73 91 265 289 45 91
183 201 144 168 227 273
257 275 241 265 0 45
73 110 96 144 455 546
201 220 313 337 136 182
257 275 217 241 136 182
128 147 48 72 45 91
183 201 265 289 182 227
257 294 193 241 546 637
165 183 193 217 273 318
257 294 337 386 182 273
147 183 289 337 455 546
36 73 96 144 273 364
147 183 289 337 637 728
220 238 313 337 91 136
183 201 120 144 136 182
165 183 265 289 182 227
147 220 0 96 364 546
91 110 265 289 91 136
257 275 265 289 0 45
147 220 0 96 546 728
128 147 313 337 45 91
201 220 144 168 182 227
54 73 193 217 91 136
257 275 241 265 136 182
54 73 217 241 0 45
128 147 120 144 227 273
238 257 193 217 182 227
201 220 265 289 182 227
147 183 337 386 273 364
183 201 193 217 273 318
54 73 217 241 91 136
201 220 120 144 0 45
183 201 361 386 45 91
238 257 289 313 91 136
73 110 193 241 455 546
73 91 120 144 136 182
73 91 217 241 136 182
36 54 144 168 91 136
91 110 48 72 45 91
147 183 48 96 182 273
165 183 217 241 273 318
128 147 120 144 182 227
73 91 168 193 136 182
183 220 337 386 637 728
201 220 361 386 45 91
183 220 96 144 546 637
183 201 217 241 273 318
110 147 96 144 637 728
91 110 96 120 136 182
73 91 193 217 136 182
220 238 241 265 182 227
165 183 168 193 273 318
147 165 193 217 273 318
110 128 144 168 182 227
54 73 72 96 0 45
201 220 337 361 91 136
183 220 96 144 364 455
91 110 217 241 182 227
165 183 313 337 91 136
183 201 313 337 136 182
201 220 144 168 227 273
201 220 289 313 227 273
73 91 72 96 91 136
201 220 217 241 273 318
238 257 217 241 182 227
257 294 289 337 364 455
73 110 289 337 273 364
128 147 289 313 136 182
257 275 193 217 136 182
201 220 120 144 91 136
147 165 265 289 182 227
110 147 289 337 364 455
54 73 241 265 45 91
73 91 241 265 91 136
183 201 361 386 0 45
257 294 96 144 0 91
128 147 265 289 227 273
110 128 241 265 227 273
220 238 265 289 227 273
147 165 217 241 273 318
183 220 337 386 455 546
91 110 144 168 227 273
238 257 241 265 227 273
183 201 337 361 91 136
201 220 193 217 273 318
147 165 168 193 273 318
257 275 289 313 0 45
147 165 337 361 45 91
73 110 48 96 273 364
257 275 193 217 0 45
91 110 168 193 227 273
110 128 241 265 182 227
201 220 361 386 0 45
220 238 120 144 45 91
147 165 313 337 0 45
110 128 289 313 0 45
257 275 168 193 91 136
91 110 217 241 227 273
110 128 120 144 227 273
238 257 289 313 136 182
220 257 337 386 364 455
220 238 144 168 136 182
220 257 337 386 546 637
128 147 168 193 273 318
183 201 168 193 273 318
36 54 96 120 45 91
91 110 193 217 227 273
275 294 193 217 91 136
238 257 144 168 91 136
91 110 193 217 182 227
238 257 313 337 91 136
220 257 337 386 637 728
147 165 120 144 227 273
91 110 265 289 136 182
183 201 289 313 227 273
257 294 241 289 546 637
128 147 193 217 273 318
165 183 96 120 91 136
275 294 265 289 45 91
257 275 265 289 91 136
257 275 313 337 0 45
54 73 193 217 0 45
110 128 48 72 0 45
257 294 193 241 455 546
147 165 72 96 0 45
165 183 289 313 227 273
275 294 217 241 91 136
110 128 72 96 136 182
147 165 120 144 182 227
110 128 120 144 182 227
220 238 144 168 227 273
257 275 337 361 45 91
128 147 48 72 0 45
110 128 289 313 91 136
36 54 168 193 91 136
73 91 48 72 45 91
0 36 144 193 91 182
54 73 72 96 91 136
220 238 361 386 45 91
91 110 289 313 0 45
147 165 96 120 136 182
220 238 313 337 136 182
201 220 120 144 136 182
165 183 217 241 318 364
91 110 168 193 182 227
128 147 217 241 273 318
165 183 193 217 318 364
238 257 168 193 182 227
54 73 144 168 136 182
147 183 96 144 637 728
73 110 241 289 546 637
220 238 193 217 273 318
220 238 217 241 273 318
183 201 217 241 318 364
54 73 120 144 136 182
128 147 265 289 182 227
201 220 313 337 227 273
73 91 265 289 0 45
220 238 265 289 182 227
165 183 120 144 227 273
137 147 180 193 45 68
183 220 96 144 455 546
91 110 120 144 227 273
165 183 120 144 182 227
165 183 361 386 45 91
91 110 48 72 0 45
36 54 120 144 91 136
201 220 168 193 273 318
257 275 265 289 136 182
257 275 193 217 227 273
238 257 241 265 182 227
220 238 337 361 91 136
220 257 337 386 455 546
73 91 96 120 136 182
91 110 144 168 182 227
201 220 217 241 318 364
73 110 241 289 455 546
183 201 193 217 318 364
128 147 72 96 136 182
128 147 144 168 273 318
91 110 241 265 182 227
220 238 361 386 0 45
91 110 289 313 91 136
147 165 193 217 318 364
220 238 289 313 227 273
183 201 241 265 273 318
147 183 0 48 0 91
201 220 241 265 273 318
165 183 313 337 136 182
238 257 265 289 227 273
165 183 361 386 0 45
0 36 289 337 91 182
165 183 72 96 45 91
147 165 217 241 318 364
36 54 144 168 0 45
275 294 241 265 91 136
201 220 289 313 182 227
165 183 241 265 273 318
238 257 361 386 45 91
147 165 289 313 227 273
165 174 180 193 45 68
183 201 96 120 0 45
137 147 156 168 45 68
275 294 168 193 91 136
183 201 289 313 182 227
257 275 168 193 136 182
257 294 193 241 637 728
220 257 96 144 273 364
147 165 313 337 91 136
137 147 168 180 45 68
147 183 48 96 273 364
147 156 180 193 45 68
165 183 144 168 273 318
238 257 361 386 0 45
91 110 241 265 227 273
147 165 144 168 273 318
156 165 180 193 45 68
257 294 96 144 91 182
257 275 144 168 45 91
220 238 144 168 182 227
73 91 241 265 136 182
36 73 144 193 546 637
137 147 144 156 45 68
91 110 72 96 136 182
201 220 193 217 318 364
147 165 241 265 273 318
110 128 265 289 227 273
257 275 217 241 227 273
137 147 193 205 45 68
36 54 120 144 0 45
73 91 289 313 45 91
73 91 265 289 91 136
238 257 144 168 0 45
165 183 337 361 91 136
257 275 168 193 227 273
201 220 337 361 136 182
128 137 156 168 45 68
201 220 241 265 318 364
165 183 241 265 318 364
128 137 180 193 45 68
183 201 241 265 318 364
36 54 217 241 91 136
110 128 168 193 273 318
220 238 168 193 273 318
183 201 313 337 227 273
201 220 96 120 45 91
174 183 180 193 45 68
275 294 241 265 136 182
238 257 144 168 227 273
91 110 120 144 182 227
73 110 96 144 637 728
238 257 217 241 273 318
257 294 144 193 546 637
165 174 205 217 45 68
165 174 193 205 45 68
119 128 156 168 45 68
128 137 144 156 45 68
275 294 217 241 136 182
165 183 289 313 182 227
110 128 289 313 136 182
147 165 72 96 91 136
238 257 337 361 91 136
275 294 289 313 45 91
257 294 337 386 273 364
238 257 313 337 136 182
137 147 205 217 45 68
238 257 193 217 273 318
54 73 241 265 0 45
128 137 168 180 45 68
156 165 193 205 45 68
128 147 313 337 0 45
54 73 96 120 136 182
183 201 120 144 182 227
238 257 265 289 182 227
137 147 132 144 45 68
201 220 265 289 273 318
119 128 144 156 45 68
165 183 168 193 318 364
275 294 217 241 0 45
183 201 337 361 136 182
147 165 168 193 318 364
220 238 313 337 227 273
147 156 193 205 45 68
156 165 205 217 45 68
128 137 132 144 45 68
128 147 96 120 227 273
137 147 180 193 68 91
220 238 217 241 318 364
36 73 241 289 273 364
128 147 193 217 318 364
257 275 337 361 0 45
128 147 96 120 182 227
100 110 156 168 45 68
54 73 168 193 136 182
119 128 180 193 45 68
110 128 265 289 182 227
257 275 168 193 0 45
257 294 289 337 546 637
119 128 132 144 45 68
238 257 289 313 227 273
119 128 168 180 45 68
110 128 144 168 273 318
174 183 205 217 45 68
165 174 217 229 45 68
147 156 205 217 45 68
36 54 168 193 0 45
100 110 144 156 45 68
275 294 144 168 45 91
147 165 241 265 318 364
110 128 193 217 273 318
147 156 168 180 45 68
110 119 156 168 45 68
183 201 144 168 273 318
174 183 193 205 45 68
220 238 241 265 273 318
147 165 337 361 0 45
147 156 156 168 45 68
183 201 168 193 318 364
147 183 337 386 546 637
165 183 96 120 136 182
110 147 289 337 455 546
54 73 48 72 45 91
128 147 217 241 318 364
220 238 120 144 0 45
183 201 265 289 273 318
257 275 241 265 227 273
110 119 144 156 45 68
36 54 96 120 91 136
275 294 241 265 0 45
183 201 96 120 91 136
36 54 72 96 45 91
275 294 193 217 0 45
110 128 48 72 91 136
137 147 217 229 45 68
36 54 96 120 0 45
128 147 337 361 45 91
73 91 48 72 0 45
128 147 289 313 227 273
110 128 96 120 227 273
257 275 289 313 91 136
257 275 193 217 182 227
156 165 168 180 45 68
257 294 96 144 182 273
128 137 120 132 45 68
110 128 217 241 273 318
156 165 217 229 45 68
54 73 265 289 45 91
174 183 217 229 45 68
257 294 241 289 455 546
128 147 168 193 318 364
36 73 96 144 546 637
257 275 217 241 182 227
137 147 168 180 68 91
137 147 120 132 45 68
220 238 193 217 318 364
275 294 193 217 136 182
110 128 313 337 45 91
36 54 241 265 45 91
183 192 180 193 45 68
147 156 144 156 45 68
128 147 241 265 273 318
73 91 144 168 227 273
36 54 193 217 91 136
36 54 217 241 0 45
165 174 168 180 45 68
128 147 120 144 273 318
100 110 132 144 45 68
128 137 193 205 45 68
201 220 313 337 182 227
100 110 168 180 45 68
110 128 96 120 182 227
119 128 120 132 45 68
91 110 265 289 227 273
0 36 241 289 182 273
110 119 132 144 45 68
183 201 120 144 227 273
156 165 156 168 45 68
238 257 144 168 136 182
201 220 265 289 318 364
110 119 168 180 45 68
36 73 144 193 637 728
73 110 241 289 637 728
238 257 313 337 227 273
147 165 48 72 45 91
128 147 48 72 91 136
257 275 289 313 136 182
147 156 217 229 45 68
73 91 217 241 182 227
91 110 168 193 273 318
91 110 144 168 273 318
183 192 205 217 45 68
147 156 180 193 68 91
110 119 180 193 45 68
100 110 156 168 68 91
165 183 265 289 273 318
201 220 120 144 182 227
137 147 156 168 68 91
147 183 337 386 637 728
100 110 180 193 45 68
156 165 180 193 68 91
137 147 193 205 68 91
119 128 156 168 68 91
220 238 289 313 182 227
128 137 180 193 68 91
119 128 180 193 68 91
100 110 168 180 68 91
257 275 313 337 91 136
147 183 337 386 364 455
119 128 168 180 68 91
183 192 193 205 45 68
238 257 168 193 273 318
201 220 217 241 364 409
165 174 229 241 45 68
220 238 241 265 318 364
137 147 180 193 22 45
165 174 156 168 45 68
73 91 144 168 182 227
201 220 168 193 318 364
91 110 265 289 182 227
156 165 144 156 45 68
128 137 205 217 45 68
165 174 180 193 68 91
128 137 168 180 68 91
128 137 156 168 68 91
110 147 0 48 91 182
165 183 193 217 364 409
201 220 193 217 364 409
110 119 156 168 68 91
100 110 180 193 68 91
183 192 217 229 45 68
73 91 72 96 136 182
147 165 313 337 136 182
100 110 144 156 68 91
147 165 289 313 182 227
275 294 313 337 45 91
210 220 205 217 45 68
110 119 168 180 68 91
119 128 193 205 45 68
147 165 193 217 364 409
183 201 265 289 318 364
156 165 180 193 22 45
137 147 205 217 68 91
110 119 180 193 68 91
183 201 361 386 91 136
137 147 229 241 45 68
165 183 313 337 227 273
192 201 180 193 45 68
220 238 337 361 136 182
73 91 289 313 0 45
238 257 120 144 45 91
137 147 144 156 68 91
201 220 144 168 273 318
275 294 193 217 227 273
54 73 241 265 91 136
165 174 180 193 22 45
100 110 120 132 45 68
137 147 156 168 22 45
174 183 168 180 45 68
210 220 180 193 45 68
174 183 229 241 45 68
220 238 265 289 273 318
147 165 265 289 273 318
91 110 48 72 91 136
73 91 217 241 227 273
156 165 229 241 45 68
73 91 168 193 227 273
183 201 313 337 182 227
110 119 120 132 45 68
91 110 96 120 227 273
183 201 193 217 364 409
192 201 205 217 45 68
73 91 120 144 227 273
119 128 144 156 68 91
201 220 289 313 273 318
210 220 217 229 45 68
275 294 265 289 91 136
147 165 168 193 364 409
238 257 217 241 318 364
156 165 193 205 68 91
165 183 168 193 364 409
137 147 168 180 22 45
165 174 205 217 68 91
183 220 96 144 637 728
165 183 265 289 318 364
165 174 144 156 45 68
183 201 217 241 364 409
137 147 144 156 22 45
128 137 144 156 68 91
156 165 205 217 68 91
210 220 193 205 45 68
0 73 0 96 364 546
201 210 180 193 45 68
165 183 72 96 0 45
147 156 193 205 68 91
147 156 132 144 45 68
147 156 180 193 22 45
165 174 193 205 68 91
128 147 313 337 91 136
165 183 337 361 136 182
201 220 361 386 91 136
201 220 337 361 227 273
91 110 217 241 273 318
201 210 205 217 45 68
110 119 144 156 68 91
73 91 265 289 136 182
165 183 217 241 364 409
210 220 265 277 45 68
128 137 108 120 45 68
137 147 132 144 22 45
147 156 229 241 45 68
192 201 193 205 45 68
128 147 168 193 364 409
91 100 156 168 45 68
192 201 217 229 45 68
110 128 120 144 273 318
128 147 241 265 318 364
156 165 205 217 22 45
119 128 205 217 45 68
73 91 168 193 182 227
73 91 120 144 182 227
128 137 132 144 22 45
238 257 241 265 273 318
128 147 193 217 364 409
119 128 108 120 45 68
257 294 144 193 455 546
73 91 193 217 182 227
165 174 205 217 22 45
201 220 168 193 364 409
91 100 144 156 45 68
210 220 253 265 45 68
174 183 180 193 22 45
165 174 241 253 45 68
128 137 156 168 22 45
275 294 168 193 227 273
275 294 265 289 0 45
174 183 180 193 68 91
147 156 205 217 68 91
137 147 132 144 68 91
275 294 168 193 0 45
183 192 229 241 45 68
257 294 144 193 637 728
201 210 217 229 45 68
210 220 229 241 45 68
147 165 217 241 364 409
128 137 132 144 68 91
54 73 217 241 136 182
201 220 96 120 0 45
183 201 96 120 136 182
128 137 217 229 45 68
137 147 108 120 45 68
128 137 144 156 22 45
0 73 0 96 546 728
110 147 337 386 273 364
110 128 193 217 318 364
119 128 132 144 22 45
165 174 217 229 22 45
156 165 193 205 22 45
119 128 156 168 22 45
156 165 217 229 22 45
100 110 193 205 45 68
165 174 217 229 68 91
201 210 193 205 45 68
91 110 193 217 273 318
147 156 168 180 68 91
183 201 168 193 364 409
174 183 156 168 45 68
174 183 205 217 68 91
110 119 193 205 45 68
210 220 241 253 45 68
275 294 168 193 136 182
119 128 132 144 68 91
110 128 168 193 318 364
137 147 205 217 22 45
137 147 193 205 22 45
100 110 156 168 22 45
100 110 132 144 68 91
119 128 144 156 22 45
128 147 144 168 318 364
174 183 241 253 45 68
73 110 289 337 364 455
238 257 289 313 182 227
238 257 193 217 318 364
165 174 193 205 22 45
156 165 217 229 68 91
238 257 144 168 182 227
54 73 72 96 136 182
0 36 193 241 182 273
257 275 241 265 182 227
128 137 193 205 68 91
73 91 289 313 91 136
147 165 120 144 273 318
119 128 193 205 68 91
174 183 193 205 68 91
54 73 193 217 136 182
257 275 265 289 227 273
100 110 144 156 22 45
174 183 205 217 22 45
165 174 253 265 45 68
147 165 144 168 318 364
192 201 229 241 45 68
100 110 205 217 45 68
137 147 217 229 68 91
156 165 241 253 45 68
183 201 289 313 273 318
156 165 132 144 45 68
201 220 217 241 409 455
201 210 265 277 45 68
174 183 253 265 45 68
91 110 289 313 136 182
201 210 229 241 45 68
201 220 193 217 409 455
91 100 132 144 45 68
128 137 168 180 22 45
137 147 241 253 45 68
147 183 337 386 455 546
192 201 265 277 45 68
91 110 96 120 182 227
147 156 205 217 22 45
275 294 217 241 227 273
128 137 120 132 22 45
156 165 168 180 68 91
183 192 241 253 45 68
110 128 217 241 318 364
257 294 289 337 455 546
257 275 144 168 91 136
73 91 193 217 227 273
100 110 193 205 68 91
165 183 193 217 409 455
147 165 337 361 91 136
174 183 217 229 22 45
174 183 217 229 68 91
183 192 253 265 45 68
192 201 253 265 45 68
220 238 313 337 182 227
201 210 253 265 45 68
147 165 265 289 318 364
110 119 205 217 45 68
137 147 120 132 22 45
201 220 120 144 227 273
91 100 168 180 45 68
110 119 132 144 68 91
100 110 217 229 45 68
257 275 168 193 182 227
100 110 108 120 45 68
110 119 108 120 45 68
147 156 193 205 22 45
128 137 180 193 22 45
119 128 217 229 45 68
183 192 168 180 45 68
156 165 168 180 22 45
220 238 265 289 318 364
183 192 265 277 45 68
174 183 265 277 45 68
110 119 132 144 22 45
147 156 217 229 22 45
110 119 156 168 22 45
201 210 241 253 45 68
110 119 193 205 68 91
174 183 193 205 22 45
275 294 265 289 136 182
128 137 205 217 68 91
147 156 156 168 68 91
183 201 193 217 409 455
257 294 241 289 637 728
192 201 241 253 45 68
119 128 168 180 22 45
119 128 120 132 22 45
165 174 265 277 45 68
147 156 168 180 22 45
147 165 96 120 227 273
165 183 193 217 546 591
147 156 217 229 68 91
147 156 156 168 22 45
128 147 217 241 364 409
210 220 277 289 45 68
220 238 168 193 318 364
110 119 144 156 22 45
174 183 144 156 45 68
119 128 205 217 68 91
128 147 289 313 182 227
220 229 205 217 45 68
165 183 72 96 91 136
165 183 193 217 591 637
110 128 289 313 227 273
165 174 168 180 68 91
147 156 120 132 45 68
82 91 156 168 45 68
54 73 48 72 0 45
165 183 217 241 409 455
183 201 337 361 227 273
183 192 205 217 68 91
91 100 156 168 68 91
128 137 229 241 45 68
156 165 253 265 45 68
147 156 241 253 45 68
238 257 241 265 318 364
54 73 265 289 0 45
110 128 144 168 318 364
165 174 229 241 22 45
183 201 217 241 409 455
165 174 168 180 22 45
82 91 144 156 45 68
165 174 132 144 45 68
220 229 217 229 45 68
220 238 217 241 364 409
201 220 241 265 364 409
91 100 180 193 45 68
110 119 217 229 45 68
156 165 229 241 22 45
128 137 120 132 68 91
165 183 168 193 546 591
183 192 205 217 22 45
156 165 156 168 22 45
238 257 337 361 136 182
165 183 168 193 409 455
137 147 120 132 68 91
165 174 229 241 68 91
183 192 217 229 68 91
147 165 193 217 546 591
128 147 168 193 546 591
100 110 205 217 68 91
119 128 180 193 22 45
91 100 144 156 68 91
128 147 193 217 546 591
165 183 144 168 318 364
183 192 180 193 68 91
110 119 205 217 68 91
220 238 144 168 273 318
36 54 144 168 136 182
220 238 361 386 91 136
147 156 144 156 22 45
73 110 337 386 0 91
220 238 337 361 227 273
183 192 193 205 68 91
91 100 120 132 45 68
165 183 120 144 273 318
119 128 120 132 68 91
91 100 168 180 68 91
156 165 229 241 68 91
257 275 361 386 45 91
192 201 277 289 45 68
257 275 313 337 136 182
220 238 217 241 409 455
156 165 156 168 68 91
165 183 168 193 591 637
110 119 120 132 22 45
183 192 217 229 22 45
147 165 168 193 546 591
220 229 180 193 45 68
110 147 337 386 182 273
128 147 337 361 0 45
201 220 289 313 318 364
36 54 72 96 0 45
147 165 193 217 409 455
128 147 265 289 273 318
36 54 72 96 91 136
257 275 217 241 273 318
147 165 361 386 45 91
183 201 193 217 591 637
201 210 277 289 45 68
110 119 168 180 22 45
147 165 96 120 182 227
147 165 48 72 0 45
174 183 229 241 22 45
220 229 193 205 45 68
210 220 289 301 45 68
220 238 289 313 273 318
82 91 132 144 45 68
220 238 193 217 364 409
100 110 120 132 68 91
147 156 144 156 68 91
165 183 313 337 182 227
201 220 168 193 409 455
100 110 229 241 45 68
183 201 193 217 546 591
183 192 193 205 22 45
201 220 193 217 591 637
73 91 48 72 91 136
192 201 168 180 45 68
119 128 229 241 45 68
229 238 205 217 45 68
137 147 229 241 68 91
257 275 193 217 273 318
275 294 241 265 227 273
137 147 253 265 45 68
220 238 193 217 409 455
73 91 241 265 182 227
174 183 229 241 68 91
192 201 205 217 68 91
156 165 265 277 45 68
183 201 168 193 409 455
91 100 180 193 68 91
192 201 217 229 68 91
183 192 277 289 45 68
257 294 289 337 637 728
220 229 229 241 45 68
147 156 229 241 22 45
119 128 96 108 45 68
73 91 241 265 227 273
238 257 265 289 273 318
229 238 217 229 45 68
238 257 313 337 182 227
128 137 96 108 45 68
156 165 144 156 22 45
156 165 120 132 45 68
192 201 205 217 22 45
147 156 253 265 45 68
183 192 156 168 45 68
165 183 217 241 546 591
165 174 241 253 68 91
174 183 168 180 22 45
82 91 168 180 45 68
165 183 289 313 273 318
174 183 277 289 45 68
110 128 241 265 273 318
192 201 289 301 45 68
110 119 120 132 68 91
165 174 156 168 68 91
192 201 217 229 22 45
257 275 361 386 0 45
36 54 265 289 45 91
147 156 229 241 68 91
220 229 265 277 45 68
275 294 289 313 0 45
147 165 168 193 409 455
147 165 72 96 136 182
183 201 241 265 364 409
110 119 180 193 22 45
220 229 253 265 45 68
210 220 168 180 45 68
165 183 241 265 364 409
36 54 193 217 0 45
183 201 289 313 318 364
156 165 241 253 68 91
165 174 277 289 45 68
220 229 241 253 45 68
201 220 337 361 182 227
201 210 168 180 45 68
257 275 144 168 227 273
201 210 289 301 45 68
128 147 144 168 364 409
119 128 217 229 68 91
183 192 229 241 22 45
183 192 229 241 68 91
128 137 217 229 68 91
174 183 168 180 68 91
100 110 217 229 68 91
147 165 217 241 409 455
110 119 229 241 45 68
238 257 361 386 91 136
238 257 337 361 227 273
128 137 193 205 22 45
210 220 301 313 45 68
201 220 241 265 409 455
174 183 241 253 68 91
183 201 168 193 546 591
110 128 48 72 136 182
128 137 205 217 22 45
110 119 217 229 68 91
91 100 156 168 22 45
147 165 217 241 546 591
147 165 241 265 364 409
82 91 156 168 68 91
192 201 193 205 68 91
82 91 120 132 45 68
91 100 132 144 68 91
192 201 229 241 68 91
91 100 144 156 22 45
238 257 217 241 409 455
100 110 96 108 45 68
128 147 313 337 136 182
183 201 144 168 318 364
229 238 193 205 45 68
210 220 205 217 68 91
137 147 96 108 45 68
192 201 229 241 22 45
110 119 96 108 45 68
73 110 0 48 91 182
91 100 193 205 45 68
210 220 265 277 68 91
183 201 168 193 591 637
210 220 217 229 68 91
137 147 241 253 68 91
183 201 217 241 546 591
156 165 144 156 68 91
183 192 241 253 68 91
192 201 180 193 68 91
174 183 132 144 45 68
229 238 180 193 45 68
36 54 120 144 136 182
82 91 144 156 68 91
128 137 241 253 45 68
165 183 217 241 591 637
183 192 289 301 45 68
165 183 193 217 500 546
165 183 361 386 91 136
201 210 217 229 68 91
91 100 108 120 45 68
192 201 241 253 68 91
229 238 229 241 45 68
73 91 144 168 273 318
257 275 265 289 182 227
201 210 205 217 68 91
192 201 193 205 22 45
128 147 96 120 273 318
201 220 193 217 546 591
137 147 180 193 91 113
201 220 96 120 91 136
201 220 361 386 136 182
36 54 241 265 0 45
147 165 193 217 591 637
82 91 180 193 45 68
210 220 253 265 68 91
238 257 168 193 318 364
147 156 241 253 68 91
192 201 301 313 45 68
174 183 289 301 45 68
119 128 156 168 91 113
183 201 193 217 500 546
201 220 168 193 591 637
128 147 48 72 136 182
119 128 144 156 91 113
165 174 120 132 45 68
201 210 301 313 45 68
275 294 144 168 91 136
210 220 229 241 68 91
82 91 168 180 68 91
91 100 205 217 45 68
210 220 241 253 68 91
73 91 96 120 227 273
73 91 217 241 273 318
147 165 144 168 364 409
183 192 144 156 45 68
238 257 217 241 364 409
165 174 253 265 68 91
128 147 217 241 546 591
220 238 241 265 364 409
147 156 132 144 68 91
147 165 168 193 591 637
91 110 168 193 318 364
128 147 193 217 409 455
91 100 217 229 45 68
147 183 0 48 91 182
73 91 96 120 182 227
201 210 229 241 68 91
147 156 265 277 45 68
91 110 193 217 318 364
137 147 205 217 91 113
183 201 337 361 182 227
73 82 156 168 45 68
110 128 313 337 0 45
54 73 265 289 91 136
192 201 253 265 68 91
110 128 289 313 182 227
238 257 193 217 409 455
257 294 337 386 364 455
137 147 193 205 91 113
201 210 241 253 68 91
165 174 144 156 68 91
128 147 168 193 409 455
128 147 120 144 318 364
238 257 265 289 318 364
165 174 289 301 45 68
156 165 277 289 45 68
229 238 241 253 45 68
91 110 144 168 318 364
147 165 313 337 227 273
128 147 265 289 318 364
229 238 265 277 45 68
147 165 193 217 500 546
183 192 253 265 68 91
174 183 253 265 68 91
174 183 205 217 159 182
220 238 241 265 409 455
229 238 253 265 45 68
183 201 217 241 591 637
110 128 168 193 364 409
128 137 108 120 68 91
165 174 205 217 159 182
165 183 289 313 318 364
147 165 289 313 273 318
91 110 217 241 318 364
183 201 361 386 136 182
110 119 156 168 91 113
165 183 96 120 227 273
110 128 168 193 546 591
192 201 156 168 45 68
201 220 217 241 546 591
73 82 144 156 45 68
201 220 193 217 500 546
192 201 265 277 68 91
54 73 48 72 91 136
36 54 241 265 91 136
110 128 193 217 364 409
220 229 277 289 45 68
156 165 205 217 91 113
201 220 217 241 591 637
165 174 205 217 91 113
110 119 144 156 91 113
201 210 265 277 68 91
210 220 193 205 68 91
238 247 217 229 45 68
156 165 253 265 68 91
128 137 156 168 91 113
174 183 156 168 68 91
91 110 313 337 45 91
128 137 144 156 91 113
110 128 241 265 318 364
183 201 241 265 409 455
73 91 168 193 273 318
275 294 289 313 91 136
119 128 108 120 68 91
183 201 217 241 500 546
174 183 205 217 91 113
137 147 205 217 136 159
137 147 108 120 68 91
201 210 253 265 68 91
73 82 132 144 45 68
91 100 193 205 68 91
100 110 229 241 68 91
137 147 168 180 91 113
156 165 205 217 136 159
36 73 96 144 637 728
201 220 313 337 273 318
119 128 168 180 91 113
183 192 301 313 45 68
165 174 205 217 136 159
82 91 180 193 68 91
183 192 265 277 68 91
156 165 205 217 159 182
119 128 229 241 68 91
119 128 180 193 91 113
110 119 229 241 68 91
100 110 108 120 68 91
183 192 205 217 159 182
128 147 144 168 546 591
174 183 217 229 159 182
201 210 193 205 68 91
128 137 229 241 68 91
165 174 217 229 159 182
137 147 156 168 91 113
238 257 289 313 273 318
137 147 144 156 91 113
165 183 217 241 500 546
165 183 144 168 364 409
91 100 120 132 68 91
36 54 168 193 136 182
165 183 96 120 182 227
165 174 265 277 68 91
128 137 180 193 91 113
165 183 241 265 409 455
82 91 132 144 68 91
137 147 205 217 159 182
201 220 217 241 500 546
174 183 265 277 68 91
201 220 168 193 546 591
156 165 180 193 91 113
220 238 337 361 182 227
73 91 265 289 227 273
91 110 48 72 136 182
220 238 289 313 318 364
110 128 193 217 546 591
128 137 168 180 91 113
110 128 217 241 364 409
238 257 193 217 364 409
210 220 277 289 68 91
147 156 205 217 91 113
183 192 168 180 68 91
156 165 193 205 91 113
210 220 180 193 68 91
220 238 193 217 591 637
201 210 180 193 68 91
110 119 168 180 91 113
156 165 217 229 159 182
147 156 180 193 91 113
183 192 217 229 159 182
165 174 193 205 159 182
174 183 193 205 159 182
165 174 193 205 91 113
110 119 108 120 68 91
174 183 301 313 45 68
137 147 217 229 136 159
73 82 168 180 45 68
147 156 205 217 159 182
238 257 241 265 409 455
165 174 217 229 136 159
128 147 217 241 409 455
0 36 193 241 273 364
238 247 229 241 45 68
201 220 144 168 318 364
91 100 229 241 45 68
110 119 180 193 91 113
156 165 217 229 136 159
174 183 205 217 136 159
91 100 205 217 68 91
165 183 48 72 45 91
137 147 193 205 136 159
238 257 144 168 273 318
110 128 96 120 273 318
147 165 337 361 136 182
220 229 205 217 68 91
147 156 253 265 68 91
137 147 217 229 159 182
174 183 193 205 91 113
165 174 193 205 136 159
147 156 193 205 91 113
174 183 180 193 159 182
137 147 253 265 68 91
156 165 132 144 68 91
165 174 180 193 159 182
165 174 180 193 136 159
156 165 193 205 159 182
156 165 265 277 68 91
128 137 253 265 45 68
73 82 156 168 68 91
257 294 337 386 546 637
220 229 217 229 68 91
156 165 193 205 136 159
73 82 120 132 45 68
147 156 205 217 136 159
238 257 120 144 0 45
220 257 96 144 546 637
137 147 193 205 159 182
183 192 193 205 159 182
110 128 120 144 318 364
91 100 96 108 45 68
201 220 96 120 136 182
147 156 217 229 159 182
147 165 217 241 591 637
192 201 205 217 159 182
147 165 120 144 318 364
220 229 168 180 45 68
147 165 361 386 0 45
73 82 144 156 68 91
147 165 144 168 546 591
128 137 193 205 91 113
220 229 265 277 68 91
174 183 229 241 159 182
183 201 144 168 364 409
257 275 144 168 0 45
275 294 337 361 45 91
165 174 229 241 159 182
73 91 265 289 182 227
229 238 205 217 68 91
192 201 277 289 68 91
128 137 205 217 91 113
220 229 253 265 68 91
192 201 144 156 45 68
147 156 277 289 45 68
247 257 217 229 45 68
147 165 217 241 500 546
192 201 217 229 159 182
275 294 313 337 0 45
220 229 229 241 68 91
275 294 289 313 136 182
174 183 217 229 136 159
201 220 265 289 364 409
201 210 277 289 68 91
174 183 120 132 45 68
137 147 229 241 136 159
147 156 193 205 159 182
229 238 277 289 45 68
147 156 120 132 68 91
220 229 241 253 68 91
165 174 301 313 45 68
174 183 180 193 136 159
229 238 217 229 68 91
174 183 193 205 136 159
183 201 313 337 273 318
257 275 144 168 136 182
201 220 144 168 364 409
147 165 289 313 318 364
183 192 229 241 159 182
257 275 217 241 318 364
36 54 96 120 136 182
110 128 144 168 364 409
238 257 337 361 182 227
156 165 229 241 159 182
147 156 217 229 136 159
275 294 217 241 182 227
165 174 229 241 136 159
156 165 229 241 136 159
73 82 168 180 68 91
220 257 96 144 364 455
220 238 193 217 546 591
82 91 120 132 68 91
110 128 144 168 546 591
275 294 265 289 227 273
147 165 241 265 409 455
110 128 313 337 91 136
165 174 132 144 68 91
275 294 193 217 182 227
220 238 361 386 136 182
174 183 144 156 68 91
183 192 277 289 68 91
128 137 241 253 68 91
147 156 193 205 136 159
238 257 241 265 364 409
147 165 144 168 409 455
220 229 193 205 68 91
183 192 205 217 136 159
54 73 241 265 136 182
165 183 144 168 591 637
192 201 193 205 159 182
137 147 229 241 159 182
165 183 144 168 546 591
247 257 229 241 45 68
128 147 168 193 591 637
91 100 217 229 68 91
257 294 337 386 455 546
73 91 193 217 273 318
128 137 205 217 136 159
229 238 229 241 68 91
192 201 229 241 159 182
147 156 229 241 159 182
275 294 193 217 273 318
110 128 265 289 273 318
110 128 337 361 45 91
174 183 277 289 68 91
229 238 193 205 68 91
257 294 337 386 637 728
165 174 277 289 68 91
183 220 48 96 273 364
201 220 265 289 409 455
220 238 217 241 591 637
147 156 265 277 68 91
110 128 217 241 546 591
174 183 229 241 136 159
192 201 168 180 68 91
183 192 217 229 136 159
229 238 253 265 68 91
201 220 313 337 318 364
128 147 144 168 409 455
229 238 241 253 68 91
73 82 180 193 45 68
275 294 313 337 91 136
275 294 217 241 273 318
275 294 144 168 227 273
220 238 313 337 273 318
183 192 156 168 68 91
147 156 229 241 136 159
220 238 217 241 546 591
165 183 144 168 409 455
73 82 132 144 68 91
36 54 48 72 45 91
229 238 265 277 68 91
147 156 168 180 91 113
128 147 361 386 45 91
73 91 289 313 136 182
183 192 193 205 136 159
257 294 96 144 273 364
220 229 180 193 68 91
210 220 289 301 68 91
147 165 48 72 91 136
91 100 108 120 68 91
73 110 289 337 455 546
128 137 96 108 68 91
229 238 168 180 45 68
128 147 193 217 591 637
183 201 265 289 364 409
36 54 217 241 136 182
137 147 180 193 113 136
156 165 168 180 91 113
257 275 193 217 318 364
0 73 289 386 364 546
128 137 217 229 136 159
257 275 144 168 182 227
192 201 205 217 136 159
165 174 205 217 113 136
220 229 277 289 68 91
156 165 205 217 113 136
165 183 361 386 136 182
119 128 96 108 68 91
73 82 180 193 68 91
183 201 313 337 318 364
0 36 96 144 0 91
183 192 229 241 136 159
128 137 193 205 136 159
36 73 0 48 0 91
110 128 193 217 409 455
147 165 144 168 591 637
73 110 337 386 91 182
238 257 289 313 318 364
147 165 96 120 273 318
36 54 265 289 0 45
192 201 289 301 68 91
229 238 180 193 68 91
192 201 217 229 136 159
156 165 180 193 113 136
100 110 96 108 68 91
137 147 205 217 113 136
156 165 277 289 68 91
0 36 144 193 182 273
156 165 120 132 68 91
275 294 168 193 182 227
137 147 193 205 113 136
165 183 48 72 0 45
201 210 289 301 68 91
137 147 96 108 68 91
110 128 217 241 409 455
192 201 229 241 136 159
137 147 168 180 113 136
165 183 265 289 364 409
110 128 168 193 409 455
165 183 72 96 136 182
147 165 265 289 364 409
137 147 156 168 113 136
128 147 144 168 591 637
220 238 265 289 364 409
147 165 313 337 182 227
91 100 229 241 68 91
156 165 193 205 113 136
165 174 193 205 113 136
110 119 96 108 68 91
119 128 144 156 113 136
174 183 205 217 113 136
119 128 156 168 113 136
275 294 241 265 182 227
275 294 144 168 0 45
128 137 229 241 136 159
183 192 289 301 68 91
73 82 120 132 68 91
192 201 193 205 136 159
128 137 205 217 159 182
238 247 217 229 68 91
147 156 180 193 113 136
36 54 265 289 91 136
137 147 144 156 113 136
220 257 96 144 455 546
128 147 313 337 227 273
73 91 144 168 318 364
128 137 156 168 113 136
183 201 96 120 182 227
147 156 205 217 113 136
128 137 144 156 113 136
183 201 144 168 591 637
174 183 289 301 68 91
220 238 265 289 409 455
183 201 144 168 409 455
165 174 289 301 68 91
110 119 144 156 113 136
174 183 193 205 113 136
201 220 144 168 409 455
165 174 168 180 136 159
110 119 156 168 113 136
165 183 120 144 318 364
210 220 301 313 68 91
183 220 48 96 182 273
128 137 217 229 159 182
73 91 48 72 136 182
147 156 193 205 113 136
174 183 132 144 68 91
201 220 361 386 227 273
183 201 144 168 546 591
238 247 229 241 68 91
229 238 277 289 68 91
238 257 193 217 546 591
220 238 144 168 318 364
165 174 120 132 68 91
201 210 168 180 68 91
238 257 217 241 546 591
0 36 241 289 273 364
128 137 168 180 113 136
238 257 193 217 591 637
238 257 361 386 136 182
192 201 156 168 68 91
183 192 144 156 68 91
0 36 144 193 273 364
183 201 96 120 227 273
165 183 193 217 455 500
119 128 168 180 113 136
36 54 193 217 136 182
192 201 301 313 68 91
183 201 265 289 409 455
238 257 313 337 273 318
110 128 265 289 318 364
128 137 253 265 68 91
165 174 168 180 159 182
201 220 144 168 591 637
183 201 361 386 227 273
174 183 168 180 136 159
220 238 313 337 318 364
156 165 168 180 113 136
201 210 301 313 68 91
128 137 180 193 113 136
128 137 193 205 159 182
220 238 96 120 45 91
73 91 168 193 318 364
174 183 168 180 159 182
36 54 72 96 136 182
128 147 361 386 0 45
165 183 265 289 409 455
247 257 217 229 68 91
147 165 361 386 91 136
147 156 277 289 68 91
210 220 168 180 68 91
110 128 144 168 409 455
110 119 168 180 113 136
119 128 180 193 113 136
128 147 217 241 591 637
147 165 265 289 409 455
165 183 313 337 273 318
128 137 229 241 159 182
147 156 168 180 113 136
147 165 193 217 455 500
91 100 96 108 68 91
183 192 301 313 68 91
238 257 265 289 364 409
238 257 265 289 409 455
247 257 229 241 68 91
238 257 217 241 591 637
128 147 96 120 318 364
128 137 205 217 113 136
137 147 180 193 0 22
128 137 193 205 113 136
73 91 217 241 318 364
275 294 313 337 136 182
73 91 193 217 318 364
110 147 0 48 182 273
54 73 48 72 136 182
91 110 313 337 0 45
110 119 180 193 113 136
174 183 301 313 68 91
201 220 361 386 182 227
183 201 193 217 455 500
220 238 96 120 0 45
165 183 313 337 318 364
220 238 361 386 227 273
201 220 193 217 455 500
165 174 301 313 68 91
110 128 337 361 0 45
165 183 217 241 455 500
275 294 217 241 318 364
238 257 313 337 318 364
54 73 265 289 136 182
201 220 144 168 546 591
110 128 96 120 318 364
165 183 96 120 273 318
110 147 0 48 273 364
147 156 180 193 0 22
183 201 361 386 182 227
110 128 313 337 136 182
192 201 144 156 68 91
91 110 313 337 91 136
201 220 217 241 455 500
238 257 361 386 227 273
137 147 193 205 0 22
147 165 48 72 136 182
147 165 217 241 455 500
156 165 180 193 0 22
275 294 193 217 318 364
220 229 168 180 68 91
174 183 120 132 68 91
36 54 48 72 0 45
137 147 156 168 0 22
137 147 168 180 0 22
128 137 180 193 0 22
220 238 361 386 182 227
110 128 168 193 591 637
165 174 180 193 0 22
220 257 96 144 637 728
110 128 144 168 591 637
238 257 144 168 318 364
183 201 217 241 455 500
137 147 205 217 0 22
275 294 337 361 0 45
229 238 168 180 68 91
201 220 96 120 182 227
275 294 265 289 182 227
137 147 144 156 0 22
165 174 205 217 0 22
165 174 217 229 0 22
119 128 180 193 0 22
174 183 205 217 0 22
174 183 217 229 0 22
174 183 180 193 0 22
275 294 144 168 136 182
238 257 361 386 182 227
147 156 193 205 0 22
165 183 48 72 91 136
156 165 205 217 0 22
156 165 193 205 0 22
165 174 193 205 0 22
0 36 96 144 91 182
110 128 193 217 591 637
128 137 156 168 0 22
156 165 217 229 0 22
110 128 361 386 45 91
137 147 132 144 0 22
147 165 96 120 318 364
174 183 193 205 0 22
128 147 313 337 182 227
147 156 205 217 0 22
110 147 337 386 364 455
119 128 156 168 0 22
128 137 168 180 0 22
128 137 144 156 0 22
110 119 180 193 0 22
147 156 217 229 0 22
183 192 205 217 0 22
183 192 217 229 0 22
36 54 48 72 91 136
128 137 132 144 0 22
147 165 313 337 273 318
119 128 144 156 0 22
119 128 168 180 0 22
201 220 96 120 227 273
100 110 156 168 0 22
165 174 229 241 0 22
128 137 193 205 0 22
147 156 168 180 0 22
147 183 0 48 273 364
174 183 229 241 0 22
110 128 217 241 591 637
73 110 0 48 182 273
119 128 132 144 0 22
110 119 156 168 0 22
36 54 241 265 136 182
183 192 193 205 0 22
147 156 156 168 0 22
183 192 229 241 0 22
137 147 120 132 0 22
100 110 144 156 0 22
156 165 229 241 0 22
275 294 144 168 182 227
192 201 217 229 0 22
147 165 361 386 136 182
110 119 144 156 0 22
192 201 205 217 0 22
128 137 205 217 0 22
110 119 168 180 0 22
110 147 337 386 455 546
156 165 168 180 0 22
147 165 313 337 318 364
192 201 229 241 0 22
110 128 313 337 227 273
0 73 289 386 546 728
128 137 120 132 0 22
147 156 144 156 0 22
165 174 168 180 0 22
110 119 132 144 0 22
147 156 229 241 0 22
192 201 193 205 0 22
147 183 0 48 182 273
156 165 156 168 0 22
119 128 120 132 0 22
174 183 168 180 0 22
73 110 0 48 273 364
110 128 361 386 0 45
156 165 144 156 0 22
110 119 120 132 0 22
165 183 48 72 136 182
91 100 156 168 0 22
73 91 313 337 45 91
165 183 96 120 318 364
91 100 144 156 0 22
183 220 0 48 0 91
36 54 265 289 136 182
0 36 144 193 637 728
275 294 361 386 45 91
91 110 313 337 136 182
110 128 313 337 182 227
36 54 48 72 136 182
73 91 313 337 0 45
36 73 0 48 91 182
73 91 313 337 91 136
238 257 96 120 0 45
257 294 96 144 364 455
73 110 337 386 273 364
238 257 96 120 45 91
183 220 0 48 91 182
275 294 361 386 0 45
257 294 96 144 546 637
73 110 337 386 182 273
0 36 144 193 546 637
257 294 96 144 637 728
0 36 96 144 182 273
220 294 0 96 0 182
0 36 48 96 0 91
73 91 313 337 136 182
0 36 48 96 91 182
0 36 96 144 273 364
0 36 96 144 546 637
0 36 96 144 637 728
183 220 0 48 182 273
183 220 0 48 273 364
257 294 96 144 455 546
73 110 337 386 455 546
73 110 337 386 364 455
220 294 0 96 546 728
0 36 337 386 91 182
220 294 0 96 182 364
36 73 337 386 91 182
0 36 337 386 0 91
220 294 0 96 364 546
36 73 337 386 0 91
0 36 0 48 0 91
0 36 0 48 91 182
