52
160 192 192 224 0 256
160 256 192 224 256 728
192 256 192 224 0 256
128 160 256 386 0 256
96 128 160 224 0 256
96 128 224 386 0 256
192 224 224 256 0 256
128 160 160 192 0 256
128 294 96 128 0 728
96 128 96 128 0 728
128 224 160 192 256 728
64 294 64 96 0 728
160 192 128 160 0 728
160 192 160 192 0 256
64 96 96 128 0 728
128 160 192 386 256 728
96 128 128 160 0 728
224 294 160 192 0 728
224 294 224 256 0 256
128 160 192 224 0 256
160 192 224 256 0 256
128 160 224 256 0 256
160 192 288 386 0 256
192 224 160 192 0 256
256 294 192 224 0 728
64 96 128 160 0 728
128 160 128 160 0 728
64 96 160 192 0 728
64 96 192 224 0 728
96 128 160 386 256 728
160 192 224 386 256 728
192 224 288 320 0 256
224 256 288 320 0 256
224 294 256 288 0 256
192 294 224 256 256 728
192 224 256 288 0 728
32 64 0 386 0 728
224 256 320 386 0 256
192 224 320 352 0 256
64 96 224 386 0 728
224 256 288 386 256 728
160 192 256 288 0 256
192 294 128 160 0 728
192 224 352 386 0 728
192 224 288 352 256 728
224 294 256 288 256 728
64 294 32 64 0 728
64 294 0 32 0 728
0 32 0 386 0 728
256 294 288 386 0 256
256 294 288 386 256 512
256 294 288 386 512 728
