48
192 256 128 192 32 192
64 128 128 192 64 160
64 128 256 320 0 480
192 256 256 320 0 96
128 256 256 320 288 728
192 256 192 256 192 480
128 192 64 128 0 192
64 128 192 256 0 96
128 192 256 320 96 288
128 192 192 256 0 64
128 192 256 320 0 96
128 192 192 256 64 128
128 192 128 192 0 64
256 294 256 386 0 704
192 256 192 256 32 96
128 192 128 192 128 256
192 256 256 320 96 288
192 256 320 386 0 224
128 192 192 256 288 728
0 192 320 386 0 384
128 192 128 192 64 128
192 256 128 192 192 728
0 64 64 192 0 480
64 128 192 256 96 256
128 192 128 192 256 728
64 128 64 128 0 96
256 294 192 256 0 608
192 256 192 256 96 192
64 128 128 192 0 64
128 192 192 256 128 192
0 64 192 320 0 480
64 128 64 128 96 480
64 128 128 192 160 480
0 128 64 320 480 728
128 192 192 256 192 288
256 294 64 192 0 608
0 294 0 64 0 256
192 256 128 256 0 32
128 192 64 128 192 704
0 256 320 386 384 728
192 256 192 256 480 728
64 128 192 256 256 480
192 256 64 128 0 704
192 256 320 386 224 384
0 294 0 64 256 728
256 294 64 256 608 704
128 256 64 128 704 728
256 294 64 386 704 728
