32
0 64 64 96 64 160
64 96 0 96 64 128
64 96 128 194 64 192
128 148 0 194 0 160
64 96 0 96 128 256
96 128 0 96 0 160
0 64 96 194 64 128
64 96 96 128 128 256
0 64 96 194 224 728
96 128 0 96 160 728
0 64 96 194 0 64
0 64 0 64 0 96
96 128 96 128 0 96
96 128 96 128 224 728
64 96 0 96 256 728
0 64 0 64 96 728
64 96 128 194 192 728
96 128 128 194 0 64
128 148 0 194 160 728
0 64 64 96 160 728
64 96 96 128 256 728
96 128 96 128 96 224
64 96 0 96 32 64
96 128 128 194 256 728
0 64 64 96 0 64
64 96 96 128 0 64
64 96 96 128 64 128
64 96 128 194 0 64
96 128 128 194 128 256
0 64 96 194 128 224
96 128 128 194 64 128
64 96 0 96 0 32
