2052
91 110 96 120 136 182
147 165 193 217 0 45
128 147 217 241 182 227
128 147 168 193 136 182
201 220 217 241 136 182
238 257 217 241 45 91
220 238 337 361 0 45
91 110 72 96 45 91
201 220 337 361 45 91
147 183 96 144 182 273
165 183 168 193 136 182
73 91 120 144 136 182
147 165 193 217 227 273
128 147 120 144 45 91
165 183 144 168 91 136
110 147 144 193 455 546
110 147 241 289 546 637
220 238 241 265 136 182
220 238 241 265 0 45
147 165 144 168 0 45
110 147 289 337 0 91
128 147 193 217 136 182
201 220 168 193 136 182
220 238 241 265 91 136
238 257 265 289 136 182
147 165 217 241 91 136
147 183 144 193 455 546
91 100 120 132 45 68
201 220 289 313 45 91
91 100 132 144 22 45
183 220 241 289 546 637
73 110 96 144 364 455
147 165 217 241 136 182
201 220 193 217 227 273
73 110 96 144 455 546
128 147 193 217 91 136
73 91 72 96 45 91
183 201 289 313 0 45
201 220 168 193 0 45
73 91 168 193 0 45
275 294 217 241 136 182
147 165 217 241 0 45
128 147 217 241 0 45
238 257 289 313 91 136
147 183 96 144 273 364
201 220 168 193 227 273
54 73 265 289 91 136
201 220 168 193 182 227
220 257 144 193 273 364
238 257 289 313 0 45
110 128 241 265 227 273
183 201 217 241 182 227
73 91 144 168 91 136
210 220 253 265 22 45
165 183 241 265 0 45
147 183 193 241 637 728
73 147 289 386 182 364
165 183 193 217 227 273
0 73 96 193 182 364
110 147 96 144 273 364
220 238 217 241 0 45
110 128 168 193 0 45
91 110 168 193 45 91
36 73 193 241 0 91
110 128 120 144 0 45
147 165 96 120 45 91
91 110 193 217 91 136
110 128 168 193 136 182
110 147 193 241 637 728
165 183 265 289 45 91
257 275 193 217 45 91
220 257 289 337 546 637
201 220 217 241 91 136
183 201 144 168 227 273
165 183 168 193 0 45
147 165 72 96 45 91
275 294 193 217 91 136
147 165 120 144 45 91
147 165 144 168 182 227
128 147 168 193 227 273
183 220 241 289 364 455
91 100 120 132 22 45
165 183 313 337 45 91
110 128 217 241 0 45
165 183 289 313 0 45
238 257 217 241 91 136
110 128 241 265 182 227
220 257 337 386 273 364
128 147 144 168 227 273
110 128 144 168 91 136
201 220 217 241 182 227
128 147 265 289 0 45
165 183 144 168 227 273
110 128 217 241 136 182
147 165 265 289 45 91
91 110 144 168 0 45
201 220 313 337 91 136
257 275 193 217 91 136
183 201 193 217 227 273
73 91 96 120 0 45
165 183 168 193 91 136
147 165 96 120 136 182
183 201 168 193 182 227
238 257 193 217 0 45
110 147 241 289 455 546
220 238 361 386 91 136
128 147 217 241 227 273
110 128 168 193 91 136
183 220 289 337 637 728
128 147 265 289 91 136
201 220 193 217 136 182
238 257 265 289 0 45
201 220 144 168 91 136
275 294 217 241 91 136
183 201 289 313 91 136
128 147 241 265 227 273
54 73 168 193 91 136
183 201 241 265 91 136
201 220 193 217 45 91
220 238 361 386 0 45
183 220 241 289 637 728
183 201 193 217 91 136
110 147 337 386 0 91
238 257 289 313 227 273
201 220 289 313 0 45
147 183 241 289 364 455
220 238 217 241 91 136
238 257 217 241 136 182
147 183 337 386 91 182
165 183 313 337 91 136
165 183 313 337 0 45
147 165 144 168 91 136
183 201 313 337 45 91
165 183 193 217 0 45
201 220 217 241 227 273
110 147 193 241 546 637
220 238 265 289 0 45
128 147 120 144 0 45
220 238 337 361 91 136
147 183 289 337 273 364
201 220 313 337 182 227
147 165 168 193 136 182
220 257 289 337 455 546
36 73 241 289 273 364
82 91 120 132 22 45
110 128 193 217 0 45
183 201 168 193 227 273
220 238 241 265 182 227
183 201 168 193 136 182
128 147 241 265 182 227
183 192 217 229 68 91
147 165 241 265 182 227
147 183 48 96 91 182
147 165 193 217 182 227
73 91 168 193 136 182
257 275 217 241 136 182
36 73 193 241 91 182
257 275 168 193 91 136
238 257 289 313 136 182
91 110 168 193 0 45
183 220 144 193 637 728
147 165 144 168 136 182
147 183 193 241 455 546
201 220 168 193 273 318
183 201 337 361 45 91
91 110 120 144 227 273
183 201 217 241 227 273
183 220 289 337 364 455
220 238 193 217 136 182
110 119 241 253 22 45
119 128 253 265 113 136
165 183 193 217 273 318
110 128 217 241 91 136
73 82 193 205 68 91
110 128 120 144 91 136
165 183 96 120 45 91
147 165 193 217 318 364
128 137 108 120 45 68
147 183 241 289 546 637
110 128 144 168 0 45
147 165 120 144 91 136
238 257 193 217 227 273
73 110 193 241 273 364
91 100 132 144 68 91
128 147 265 289 227 273
147 165 241 265 227 273
73 110 144 193 546 637
220 238 289 313 0 45
110 147 0 48 0 91
257 294 193 241 455 546
147 165 241 265 0 45
238 257 193 217 91 136
183 201 289 313 136 182
183 220 337 386 546 637
238 257 265 289 91 136
110 128 144 168 136 182
165 183 265 289 136 182
183 220 96 144 0 91
110 128 72 96 45 91
183 201 193 217 500 546
82 91 193 205 68 91
147 183 289 337 364 455
220 257 193 241 455 546
201 220 193 217 182 227
220 238 168 193 182 227
275 294 168 193 91 136
110 128 48 72 45 91
147 183 144 193 637 728
220 238 217 241 136 182
183 201 193 217 182 227
220 238 289 313 91 136
257 275 217 241 91 136
128 147 217 241 91 136
165 183 217 241 182 227
210 220 253 265 45 68
147 165 168 193 182 227
73 91 265 289 45 91
238 257 241 265 0 45
220 238 313 337 0 45
220 238 265 289 45 91
210 220 313 325 45 68
183 201 168 193 273 318
220 257 289 337 637 728
147 165 337 361 45 91
137 147 144 156 68 91
73 110 193 241 364 455
73 110 144 193 364 455
201 220 193 217 0 45
147 165 313 337 91 136
91 110 168 193 91 136
201 220 193 217 91 136
201 220 144 168 136 182
183 201 241 265 227 273
210 220 313 325 22 45
147 165 144 168 227 273
110 128 168 193 227 273
73 91 193 217 136 182
183 201 217 241 273 318
220 238 289 313 227 273
73 110 96 144 637 728
183 220 289 337 455 546
147 165 217 241 227 273
110 147 337 386 91 182
91 110 241 265 45 91
183 201 265 289 45 91
110 147 144 193 637 728
82 91 120 132 113 136
201 220 337 361 227 273
183 220 289 337 546 637
165 183 120 144 45 91
147 165 96 120 0 45
100 110 120 132 68 91
201 220 144 168 0 45
220 238 217 241 182 227
257 275 217 241 0 45
100 110 120 132 45 68
201 220 193 217 409 455
54 63 265 277 22 45
147 183 241 289 455 546
91 110 120 144 182 227
220 257 193 241 637 728
0 36 241 289 0 91
220 257 241 289 546 637
220 238 265 289 136 182
201 220 144 168 45 91
192 201 180 193 45 68
201 220 241 265 273 318
201 220 313 337 227 273
73 91 96 120 182 227
110 128 96 120 91 136
275 294 217 241 45 91
110 128 193 217 91 136
220 257 337 386 637 728
54 73 265 289 182 227
54 73 168 193 0 45
165 183 289 313 91 136
110 147 193 241 455 546
91 110 96 120 182 227
128 147 96 120 91 136
82 91 120 132 45 68
147 165 313 337 45 91
147 183 96 144 455 546
275 294 168 193 227 273
220 229 361 373 45 68
110 147 96 144 364 455
183 220 337 386 364 455
238 257 241 265 45 91
73 91 96 120 136 182
91 110 217 241 45 91
183 201 144 168 182 227
183 201 241 265 136 182
91 100 120 132 68 91
73 82 180 193 45 68
128 147 168 193 273 318
147 183 96 144 546 637
183 220 241 289 455 546
110 147 289 337 91 182
91 110 144 168 227 273
220 238 313 337 45 91
165 174 144 156 45 68
147 165 241 265 91 136
0 73 96 193 546 728
82 91 96 108 68 91
210 220 253 265 68 91
73 91 265 289 91 136
220 238 193 217 91 136
257 275 144 168 45 91
73 147 0 96 546 728
128 147 144 168 136 182
91 100 132 144 45 68
73 82 193 205 91 113
147 183 241 289 637 728
137 147 168 180 68 91
165 183 193 217 364 409
238 257 313 337 0 45
73 110 193 241 546 637
275 294 168 193 0 45
257 275 144 168 227 273
165 183 217 241 91 136
220 238 241 265 227 273
201 220 337 361 91 136
73 91 193 217 182 227
128 137 180 193 45 68
82 91 96 108 45 68
63 73 180 193 68 91
128 147 144 168 273 318
147 165 72 96 0 45
257 294 193 241 546 637
110 128 241 265 273 318
257 275 193 217 136 182
147 165 193 217 273 318
165 183 217 241 227 273
165 183 168 193 182 227
238 247 301 313 45 68
73 147 0 96 364 546
201 210 217 229 22 45
201 220 193 217 591 637
275 294 217 241 0 45
183 220 337 386 455 546
220 257 241 289 455 546
220 238 168 193 91 136
257 275 193 217 0 45
91 100 96 108 45 68
201 220 289 313 136 182
220 257 144 193 364 455
257 275 168 193 136 182
82 91 120 132 91 113
220 257 337 386 455 546
91 100 144 156 45 68
73 91 72 96 0 45
201 210 313 325 45 68
73 91 72 96 91 136
220 238 313 337 91 136
165 174 168 180 45 68
91 110 72 96 91 136
165 183 144 168 273 318
110 128 265 289 0 45
128 137 108 120 22 45
183 192 229 241 68 91
128 147 120 144 91 136
128 137 168 180 45 68
220 238 168 193 136 182
210 220 325 337 22 45
201 220 337 361 136 182
192 201 229 241 91 113
257 275 217 241 227 273
201 220 289 313 227 273
137 147 144 156 45 68
220 238 193 217 45 91
91 100 120 132 91 113
192 201 144 156 45 68
165 183 241 265 227 273
82 91 193 205 45 68
201 220 289 313 91 136
147 165 313 337 0 45
91 100 193 205 45 68
73 91 168 193 273 318
201 220 241 265 182 227
257 275 193 217 227 273
36 54 265 289 45 91
110 147 241 289 637 728
165 183 265 289 91 136
238 257 241 265 91 136
147 165 337 361 0 45
91 110 193 217 136 182
165 183 96 120 91 136
210 220 349 361 22 45
165 174 144 156 22 45
147 165 120 144 0 45
119 128 156 168 45 68
100 110 120 132 22 45
183 201 241 265 318 364
183 201 193 217 318 364
201 220 361 386 45 91
82 91 193 205 91 113
192 201 193 205 45 68
63 73 265 277 45 68
201 220 313 337 136 182
147 165 144 168 273 318
183 220 337 386 637 728
91 100 96 108 22 45
210 220 217 229 45 68
73 91 120 144 227 273
183 192 217 229 91 113
110 128 168 193 182 227
63 73 265 277 68 91
110 128 96 120 136 182
147 183 96 144 364 455
119 128 168 180 68 91
201 210 313 325 68 91
220 257 337 386 364 455
128 137 253 265 45 68
119 128 253 265 68 91
220 238 193 217 182 227
91 100 96 108 68 91
147 183 289 337 546 637
91 110 120 144 318 364
165 174 229 241 159 182
147 165 289 313 45 91
210 220 337 349 22 45
174 183 144 156 45 68
91 100 96 108 91 113
82 91 96 108 113 136
91 110 96 120 227 273
257 275 168 193 227 273
201 210 168 180 113 136
220 257 337 386 546 637
201 210 168 180 45 68
275 294 193 217 136 182
110 128 217 241 182 227
73 110 48 96 182 273
91 100 96 108 113 136
257 275 144 168 91 136
147 165 265 289 91 136
165 183 313 337 136 182
73 82 180 193 91 113
73 91 168 193 182 227
165 183 289 313 227 273
110 128 241 265 318 364
91 100 120 132 113 136
192 201 229 241 159 182
183 201 265 289 0 45
73 110 241 289 273 364
238 257 168 193 45 91
128 147 72 96 0 45
91 110 144 168 136 182
128 147 193 217 182 227
220 238 337 361 136 182
128 137 144 156 68 91
110 119 241 253 136 159
220 257 241 289 637 728
165 183 144 168 591 637
165 183 265 289 227 273
156 165 193 205 68 91
220 238 193 217 227 273
165 183 289 313 136 182
257 294 144 193 364 455
220 238 313 337 136 182
110 128 193 217 227 273
165 174 217 229 45 68
119 128 168 180 45 68
147 165 120 144 136 182
201 220 193 217 500 546
54 63 265 277 45 68
82 91 120 132 68 91
91 110 217 241 0 45
36 54 265 289 0 45
137 147 168 180 22 45
220 238 241 265 273 318
275 294 217 241 273 318
201 220 217 241 318 364
183 201 168 193 546 591
183 192 156 168 22 45
128 147 265 289 136 182
147 183 337 386 273 364
238 257 313 337 91 136
100 110 96 108 91 113
201 220 193 217 273 318
220 238 361 386 136 182
257 294 144 193 637 728
165 183 144 168 318 364
147 165 168 193 227 273
174 183 205 217 45 68
63 73 180 193 45 68
91 100 156 168 68 91
73 91 72 96 136 182
201 220 241 265 227 273
192 201 229 241 68 91
165 183 217 241 318 364
128 137 168 180 68 91
275 294 217 241 227 273
73 110 241 289 364 455
91 95 90 96 33 45
165 183 337 361 0 45
201 220 193 217 364 409
183 192 168 180 45 68
165 183 265 289 0 45
201 220 241 265 318 364
91 110 96 120 273 318
174 183 205 217 159 182
147 156 205 217 68 91
165 174 301 313 45 68
238 257 265 289 227 273
119 128 253 265 45 68
73 91 144 168 0 45
220 238 289 313 136 182
119 128 253 265 22 45
147 156 180 193 68 91
128 147 168 193 182 227
183 201 289 313 182 227
266 275 168 180 45 68
238 257 217 241 227 273
238 257 193 217 182 227
147 165 217 241 273 318
147 165 289 313 0 45
220 238 168 193 227 273
156 165 205 217 68 91
36 54 265 289 91 136
147 165 217 241 182 227
73 82 180 193 68 91
183 192 217 229 159 182
238 257 193 217 364 409
110 128 265 289 273 318
192 201 193 205 68 91
0 36 241 289 91 182
110 119 253 265 22 45
165 174 168 180 68 91
183 220 337 386 273 364
183 201 337 361 136 182
147 183 337 386 182 273
110 128 193 217 136 182
137 147 108 120 45 68
238 257 265 289 182 227
110 128 265 289 45 91
174 183 168 180 45 68
183 192 217 229 45 68
201 220 361 386 0 45
174 183 156 168 159 182
183 201 193 217 273 318
165 174 156 168 45 68
147 165 168 193 273 318
183 192 205 217 159 182
220 238 337 361 182 227
201 220 193 217 318 364
147 220 0 96 182 364
183 192 217 229 22 45
257 275 144 168 182 227
183 201 168 193 500 546
165 183 217 241 0 45
73 91 265 289 0 45
73 91 144 168 136 182
201 220 193 217 546 591
137 147 144 156 22 45
192 201 144 156 22 45
110 128 120 144 136 182
73 91 96 120 227 273
183 201 265 289 136 182
192 201 241 253 45 68
201 210 241 253 45 68
128 137 180 193 22 45
110 147 48 96 182 273
174 183 144 156 22 45
174 183 205 217 182 204
110 128 265 289 227 273
183 192 217 229 136 159
128 137 168 180 113 136
73 147 289 386 364 546
82 91 96 108 91 113
238 257 241 265 182 227
100 110 108 120 45 68
128 147 96 120 136 182
247 257 205 217 45 68
100 110 96 108 22 45
73 82 180 193 113 136
110 128 72 96 0 45
183 192 205 217 22 45
192 201 289 301 68 91
147 165 241 265 273 318
147 156 193 205 136 159
100 110 96 108 45 68
201 210 217 229 45 68
128 137 241 253 45 68
257 275 168 193 0 45
201 220 337 361 182 227
183 201 337 361 91 136
119 128 156 168 68 91
110 147 96 144 455 546
156 165 193 205 45 68
73 110 144 193 637 728
156 165 144 156 45 68
147 183 96 144 637 728
82 91 180 193 68 91
54 73 168 193 136 182
63 73 265 277 22 45
201 220 313 337 273 318
147 156 156 168 68 91
128 147 241 265 318 364
119 128 241 253 136 159
54 73 241 265 45 91
73 147 289 386 546 728
156 165 217 229 45 68
183 201 217 241 318 364
192 201 229 241 45 68
91 110 72 96 136 182
128 147 265 289 182 227
128 137 156 168 45 68
73 110 193 241 637 728
165 183 241 265 273 318
165 183 289 313 182 227
147 156 180 193 91 113
100 110 120 132 91 113
247 257 289 301 45 68
183 201 193 217 364 409
238 257 217 241 0 45
165 183 217 241 273 318
36 73 193 241 182 273
275 284 180 193 45 68
119 128 108 120 22 45
238 257 265 289 318 364
156 165 180 193 45 68
147 165 217 241 318 364
147 165 265 289 136 182
137 147 180 193 45 68
183 201 241 265 273 318
82 91 156 168 68 91
201 210 253 265 22 45
128 137 144 156 22 45
110 119 241 253 45 68
137 147 156 168 91 113
183 192 229 241 22 45
183 192 180 193 45 68
95 100 90 96 33 45
110 128 241 265 364 409
220 238 168 193 45 91
100 110 156 168 113 136
174 183 241 253 113 136
110 128 168 193 409 455
257 275 217 241 273 318
156 165 217 229 68 91
73 110 144 193 455 546
91 110 144 168 182 227
165 183 120 144 0 45
110 128 168 193 273 318
275 294 193 217 0 45
174 183 193 205 45 68
220 238 193 217 546 591
110 128 144 168 182 227
137 147 205 217 22 45
128 137 156 168 68 91
110 147 0 48 273 364
257 294 144 193 546 637
183 192 156 168 113 136
147 165 193 217 364 409
201 210 313 325 22 45
257 275 144 168 0 45
220 229 253 265 45 68
100 110 132 144 68 91
110 119 120 132 45 68
201 220 265 289 45 91
128 147 168 193 546 591
128 147 96 120 182 227
82 91 205 217 68 91
174 183 253 265 45 68
183 192 229 241 45 68
147 165 217 241 546 591
91 110 217 241 91 136
128 147 217 241 364 409
220 238 241 265 318 364
156 165 180 193 22 45
220 238 217 241 409 455
100 110 108 120 22 45
165 183 168 193 364 409
128 137 144 156 45 68
91 100 120 132 136 159
110 128 144 168 227 273
137 147 229 241 45 68
73 91 120 144 182 227
220 238 337 361 227 273
183 201 168 193 318 364
128 147 120 144 227 273
91 100 120 132 0 22
238 247 325 337 45 68
91 110 120 144 273 318
183 201 241 265 182 227
238 257 313 337 273 318
192 201 168 180 45 68
275 284 180 193 68 91
192 201 180 193 22 45
128 137 193 205 45 68
201 210 168 180 91 113
73 91 265 289 136 182
100 110 156 168 68 91
201 220 144 168 182 227
128 137 253 265 22 45
165 183 337 361 45 91
73 82 120 132 45 68
220 238 193 217 273 318
147 156 168 180 45 68
220 229 361 373 68 91
257 275 193 217 182 227
210 220 229 241 22 45
128 147 144 168 364 409
119 128 253 265 91 113
73 91 265 289 227 273
174 183 301 313 45 68
192 201 289 301 45 68
128 147 72 96 45 91
128 137 108 120 0 22
165 183 96 120 0 45
238 257 313 337 227 273
73 82 120 132 22 45
128 137 193 205 68 91
128 147 168 193 318 364
220 238 193 217 409 455
183 201 193 217 546 591
266 275 168 180 68 91
82 91 132 144 113 136
100 110 96 108 68 91
119 128 132 144 68 91
119 128 193 205 45 68
201 210 253 265 68 91
238 257 313 337 318 364
0 73 193 289 364 546
174 183 156 168 22 45
165 183 193 217 318 364
192 201 193 205 22 45
183 192 205 217 136 159
165 174 217 229 68 91
137 147 168 180 45 68
100 110 193 205 45 68
174 183 253 265 68 91
82 91 144 156 45 68
147 156 168 180 22 45
220 238 265 289 91 136
165 183 241 265 318 364
229 238 349 361 45 68
165 183 265 289 182 227
128 137 241 253 113 136
220 238 168 193 0 45
220 238 265 289 273 318
183 201 193 217 409 455
238 257 193 217 136 182
174 183 193 205 182 204
275 294 193 217 273 318
183 201 193 217 591 637
110 147 48 96 273 364
110 128 168 193 364 409
183 201 265 289 227 273
201 220 217 241 273 318
183 192 229 241 159 182
192 201 229 241 136 159
238 257 265 289 364 409
238 247 301 313 68 91
174 183 241 253 68 91
119 128 120 132 68 91
201 210 253 265 91 113
165 174 229 241 136 159
128 137 277 289 68 91
0 73 289 386 0 182
220 238 217 241 227 273
73 91 168 193 227 273
82 91 193 205 22 45
156 165 156 168 45 68
201 220 168 193 318 364
54 73 265 289 227 273
91 100 144 156 68 91
165 183 120 144 91 136
54 73 265 289 136 182
91 100 193 205 22 45
257 275 144 168 273 318
275 294 193 217 227 273
128 137 180 193 68 91
128 147 193 217 227 273
82 91 168 180 45 68
229 238 289 301 68 91
137 147 193 205 22 45
156 165 168 180 68 91
137 147 253 265 22 45
156 165 108 120 91 113
210 220 253 265 91 113
165 183 241 265 182 227
119 128 241 253 159 182
128 137 241 253 22 45
110 119 156 168 45 68
110 128 96 120 182 227
183 192 241 253 22 45
275 284 168 180 68 91
257 266 217 229 68 91
91 100 205 217 45 68
91 100 120 132 159 182
91 110 241 265 0 45
128 147 144 168 182 227
183 192 205 217 45 68
183 192 156 168 45 68
210 220 229 241 45 68
82 91 205 217 22 45
91 110 241 265 91 136
257 275 217 241 364 409
128 147 217 241 318 364
257 294 193 241 637 728
147 156 217 229 68 91
192 201 156 168 22 45
165 183 168 193 546 591
275 294 193 217 182 227
220 238 289 313 182 227
100 110 156 168 91 113
174 183 144 156 68 91
183 192 156 168 159 182
73 91 193 217 227 273
165 174 253 265 136 159
147 165 313 337 136 182
156 165 193 205 136 159
73 91 241 265 45 91
183 192 193 205 22 45
275 294 168 193 273 318
183 201 313 337 0 45
229 238 229 241 68 91
119 128 241 253 45 68
238 247 277 289 45 68
156 165 253 265 45 68
156 165 108 120 113 136
183 201 217 241 364 409
165 183 193 217 409 455
110 128 144 168 409 455
73 91 168 193 318 364
128 137 168 180 22 45
128 137 253 265 113 136
201 220 144 168 227 273
147 220 0 96 546 728
229 238 241 253 45 68
91 100 156 168 45 68
183 192 156 168 68 91
220 238 265 289 182 227
192 201 217 229 45 68
192 201 301 313 68 91
220 229 229 241 68 91
128 147 265 289 273 318
128 147 96 120 227 273
183 201 337 361 0 45
119 128 229 241 68 91
192 201 168 180 113 136
147 165 265 289 0 45
137 147 217 229 45 68
137 147 241 253 159 182
183 201 289 313 227 273
110 128 96 120 227 273
147 165 193 217 409 455
137 147 253 265 91 113
119 128 108 120 45 68
201 220 168 193 364 409
238 257 168 193 0 45
210 220 253 265 136 159
229 238 229 241 45 68
183 201 144 168 318 364
91 100 96 108 0 22
183 192 168 180 22 45
257 275 193 217 273 318
119 128 253 265 136 159
128 137 229 241 45 68
174 183 205 217 91 113
137 147 253 265 45 68
91 100 132 144 113 136
119 128 229 241 45 68
201 210 253 265 45 68
156 165 253 265 68 91
165 174 156 168 204 227
201 210 229 241 22 45
192 201 217 229 68 91
128 147 168 193 591 637
220 229 349 361 45 68
229 238 349 361 68 91
91 100 144 156 91 113
201 220 289 313 182 227
165 174 205 217 159 182
82 91 180 193 45 68
119 128 253 265 159 182
183 192 193 205 45 68
174 183 193 205 159 182
137 147 193 205 45 68
238 247 277 289 68 91
110 128 48 72 91 136
201 210 241 253 22 45
165 183 168 193 409 455
0 73 193 289 546 728
266 275 217 229 45 68
147 156 108 120 91 113
201 220 265 289 0 45
110 119 253 265 91 113
119 128 241 253 68 91
183 201 168 193 364 409
128 147 193 217 409 455
238 257 289 313 364 409
82 91 156 168 45 68
210 220 241 253 22 45
147 156 180 193 45 68
128 147 193 217 273 318
110 147 0 48 91 182
73 110 241 289 455 546
210 220 241 253 45 68
192 201 168 180 22 45
201 220 168 193 591 637
119 128 108 120 0 22
238 257 289 313 273 318
183 192 253 265 22 45
156 165 193 205 159 182
110 128 265 289 91 136
238 257 168 193 227 273
183 192 144 156 159 182
192 201 241 253 22 45
128 137 217 229 136 159
238 257 313 337 136 182
147 165 289 313 136 182
220 229 349 361 68 91
275 284 205 217 45 68
220 238 265 289 227 273
137 147 180 193 68 91
238 247 313 325 45 68
119 128 180 193 45 68
0 73 96 193 364 546
238 257 313 337 182 227
147 183 337 386 546 637
110 128 241 265 409 455
110 128 72 96 91 136
147 165 241 265 318 364
128 147 72 96 136 182
82 91 132 144 22 45
110 119 253 265 136 159
128 137 193 205 22 45
128 137 253 265 68 91
174 183 205 217 136 159
257 275 217 241 409 455
128 147 217 241 409 455
183 192 241 253 68 91
128 137 229 241 136 159
128 137 180 193 113 136
183 201 313 337 91 136
91 110 120 144 546 591
183 201 193 217 682 728
147 156 168 180 91 113
174 183 144 156 0 22
174 183 241 253 159 182
147 156 180 193 22 45
220 238 361 386 227 273
238 257 289 313 409 455
257 266 168 180 45 68
137 147 144 156 91 113
238 257 193 217 409 455
100 110 120 132 0 22
165 174 205 217 182 204
174 183 229 241 159 182
210 220 168 180 113 136
73 82 193 205 113 136
174 183 217 229 159 182
91 100 193 205 0 22
128 147 120 144 182 227
73 91 241 265 0 45
284 294 205 217 68 91
238 247 289 301 68 91
257 275 217 241 318 364
110 119 193 205 68 91
128 137 108 120 68 91
183 201 217 241 591 637
110 128 120 144 227 273
174 183 241 253 45 68
128 137 180 193 0 22
147 156 156 168 45 68
91 110 265 289 0 45
110 119 108 120 45 68
82 91 132 144 45 68
128 137 253 265 91 113
201 210 253 265 113 136
183 192 180 193 113 136
0 36 241 289 182 273
147 183 289 337 455 546
183 201 144 168 500 546
275 294 217 241 182 227
128 137 241 253 136 159
220 229 241 253 68 91
192 201 253 265 22 45
91 100 156 168 91 113
174 183 156 168 45 68
119 128 132 144 45 68
165 174 253 265 45 68
183 192 205 217 68 91
165 174 205 217 91 113
147 156 241 253 159 182
73 91 120 144 546 591
91 110 241 265 227 273
183 201 289 313 318 364
110 147 96 144 637 728
238 257 337 361 0 45
165 174 301 313 68 91
165 183 144 168 364 409
210 220 337 349 0 22
201 210 229 241 0 22
156 165 168 180 45 68
156 165 205 217 136 159
165 183 120 144 136 182
183 201 144 168 591 637
119 128 253 265 0 22
183 192 180 193 22 45
82 91 168 180 68 91
54 63 180 193 68 91
165 174 156 168 159 182
73 82 120 132 91 113
147 156 193 205 68 91
137 147 168 180 91 113
183 201 265 289 91 136
220 229 301 313 45 68
165 174 289 301 45 68
91 110 241 265 136 182
110 128 265 289 182 227
220 257 144 193 637 728
183 201 289 313 273 318
110 147 96 144 546 637
257 275 144 168 136 182
110 128 217 241 227 273
165 174 253 265 159 182
247 257 313 325 45 68
165 174 193 205 159 182
257 275 193 217 318 364
275 294 217 241 318 364
220 229 289 301 45 68
91 110 193 217 227 273
220 238 265 289 318 364
183 192 168 180 68 91
210 220 253 265 159 182
220 257 144 193 546 637
174 183 156 168 182 204
201 220 193 217 637 682
147 156 144 156 45 68
192 201 301 313 45 68
137 147 241 253 91 113
119 128 96 108 45 68
54 63 265 277 68 91
165 174 205 217 113 136
257 275 168 193 182 227
174 183 144 156 159 182
238 257 168 193 182 227
137 147 108 120 22 45
238 257 241 265 227 273
147 156 205 217 91 113
174 183 144 156 204 227
247 257 277 289 45 68
119 128 144 156 68 91
147 156 168 180 68 91
147 156 205 217 45 68
91 110 168 193 227 273
100 110 156 168 45 68
36 73 193 241 273 364
147 156 144 156 68 91
192 201 253 265 0 22
183 201 313 337 136 182
73 82 193 205 45 68
220 238 361 386 182 227
147 156 253 265 159 182
137 147 205 217 68 91
100 110 193 205 0 22
238 257 241 265 273 318
165 174 241 253 91 113
238 257 337 361 91 136
119 128 205 217 45 68
165 174 229 241 45 68
238 257 289 313 182 227
128 137 229 241 68 91
91 95 90 96 22 33
73 82 193 205 22 45
128 147 265 289 409 455
128 147 265 289 364 409
238 257 193 217 591 637
137 147 217 229 159 182
110 119 132 144 68 91
128 137 180 193 91 113
257 275 168 193 318 364
210 220 241 253 159 182
110 119 96 108 22 45
201 220 168 193 546 591
183 192 144 156 45 68
192 201 217 229 22 45
247 257 193 205 45 68
238 257 265 289 273 318
183 201 168 193 409 455
91 110 96 120 591 637
147 156 253 265 45 68
192 201 229 241 113 136
183 192 193 205 68 91
156 165 253 265 159 182
183 192 156 168 91 113
174 183 180 193 45 68
165 183 265 289 273 318
229 238 361 373 45 68
91 110 144 168 273 318
165 183 168 193 273 318
174 183 156 168 204 227
119 128 108 120 68 91
147 165 168 193 546 591
174 183 144 156 136 159
201 210 241 253 91 113
201 210 253 265 136 159
220 238 241 265 409 455
220 238 289 313 273 318
147 165 144 168 364 409
110 128 168 193 318 364
220 257 144 193 455 546
238 257 193 217 318 364
73 110 193 241 455 546
128 147 241 265 364 409
156 165 180 193 91 113
137 147 241 253 68 91
156 165 253 265 136 159
192 201 144 156 0 22
183 201 313 337 227 273
110 119 253 265 159 182
119 128 217 229 68 91
257 266 217 229 45 68
82 91 144 156 68 91
110 147 0 48 182 273
73 91 96 120 273 318
73 110 241 289 637 728
73 110 241 289 546 637
147 165 217 241 364 409
210 220 253 265 0 22
238 257 265 289 409 455
201 210 241 253 68 91
201 210 253 265 0 22
147 156 241 253 45 68
82 91 120 132 0 22
183 201 193 217 637 682
183 192 193 205 0 22
100 110 144 156 68 91
128 147 144 168 591 637
201 210 229 241 45 68
165 174 205 217 45 68
192 201 205 217 22 45
91 110 168 193 136 182
174 183 205 217 204 227
201 210 229 241 68 91
174 183 156 168 68 91
210 220 229 241 68 91
36 54 265 289 136 182
165 183 193 217 591 637
91 110 217 241 136 182
110 128 72 96 136 182
110 128 217 241 318 364
100 110 205 217 45 68
183 201 144 168 273 318
91 100 132 144 0 22
73 91 265 289 182 227
110 128 193 217 182 227
220 238 193 217 364 409
257 294 289 337 91 182
95 100 90 96 22 33
110 119 120 132 68 91
119 128 120 132 45 68
128 137 156 168 113 136
220 238 313 337 364 409
100 110 108 120 91 113
238 257 217 241 364 409
110 119 253 265 45 68
210 220 325 337 0 22
165 174 241 253 113 136
238 257 193 217 273 318
165 183 168 193 227 273
192 201 217 229 0 22
165 174 180 193 45 68
229 238 253 265 45 68
201 220 313 337 318 364
147 156 253 265 136 159
210 220 325 337 68 91
137 147 265 277 45 68
220 229 301 313 68 91
128 137 168 180 91 113
174 183 217 229 45 68
147 183 337 386 455 546
220 238 193 217 0 45
210 220 241 253 0 22
128 137 253 265 136 159
238 257 241 265 136 182
174 183 241 253 136 159
238 257 168 193 91 136
110 128 265 289 136 182
119 128 180 193 68 91
210 220 313 325 68 91
100 110 132 144 45 68
128 137 156 168 22 45
73 91 120 144 318 364
100 110 96 108 113 136
220 229 289 301 68 91
147 183 289 337 637 728
128 137 205 217 45 68
174 183 193 205 68 91
100 110 108 120 68 91
192 201 205 217 45 68
82 91 205 217 45 68
183 192 229 241 91 113
73 91 120 144 273 318
183 192 241 253 45 68
165 174 253 265 68 91
238 247 265 277 45 68
82 91 205 217 91 113
183 192 217 229 113 136
201 220 361 386 136 182
147 165 168 193 318 364
110 128 265 289 409 455
220 238 241 265 364 409
174 183 180 193 68 91
284 294 193 205 45 68
128 137 217 229 68 91
137 147 156 168 68 91
110 119 253 265 113 136
147 165 193 217 546 591
220 238 217 241 318 364
91 110 193 217 182 227
36 54 265 289 182 227
238 257 217 241 182 227
119 128 96 108 68 91
128 137 217 229 45 68
128 137 168 180 0 22
201 210 168 180 68 91
128 137 253 265 159 182
183 192 180 193 91 113
201 220 168 193 500 546
238 247 205 217 45 68
257 294 241 289 91 182
266 275 229 241 68 91
210 220 241 253 68 91
210 220 325 337 45 68
137 147 180 193 113 136
147 156 193 205 113 136
82 91 108 120 45 68
210 220 168 180 91 113
220 229 241 253 45 68
257 275 193 217 409 455
165 174 193 205 136 159
165 183 168 193 591 637
73 91 120 144 591 637
165 183 313 337 227 273
137 147 277 289 68 91
119 128 241 253 91 113
91 100 132 144 91 113
73 82 132 144 45 68
82 91 180 193 91 113
147 165 168 193 591 637
174 183 253 265 159 182
183 201 313 337 273 318
147 220 0 96 364 546
192 201 180 193 68 91
183 192 253 265 68 91
110 128 168 193 546 591
82 91 132 144 91 113
210 220 168 180 45 68
165 174 253 265 113 136
137 147 253 265 0 22
183 201 217 241 500 546
220 238 193 217 318 364
73 91 144 168 182 227
275 294 168 193 136 182
165 183 96 120 136 182
275 284 205 217 68 91
165 174 144 156 136 159
201 210 337 349 22 45
128 147 144 168 318 364
229 238 241 253 68 91
137 147 229 241 159 182
165 174 193 205 91 113
73 82 120 132 68 91
147 165 265 289 227 273
275 284 193 205 45 68
275 294 168 193 318 364
137 147 193 205 68 91
63 73 168 180 45 68
174 183 156 168 136 159
119 128 241 253 22 45
238 247 289 301 45 68
100 110 84 96 22 45
183 192 144 156 136 159
165 174 193 205 204 227
201 220 217 241 364 409
201 210 349 361 22 45
183 201 337 361 182 227
192 201 241 253 68 91
82 91 168 180 91 113
137 147 241 253 45 68
137 147 180 193 91 113
183 201 144 168 409 455
165 174 229 241 68 91
183 201 168 193 455 500
128 147 241 265 273 318
82 91 108 120 68 91
147 165 144 168 546 591
220 238 265 289 364 409
147 165 168 193 409 455
147 156 217 229 45 68
229 238 301 313 68 91
110 119 241 253 159 182
201 220 217 241 591 637
137 147 168 180 0 22
192 201 144 156 68 91
128 147 193 217 318 364
54 73 241 265 0 45
119 128 144 156 45 68
91 110 168 193 318 364
147 156 205 217 136 159
165 183 265 289 318 364
183 192 253 265 45 68
266 275 217 229 68 91
110 119 156 168 68 91
229 238 301 313 45 68
183 220 96 144 91 182
147 156 253 265 68 91
238 247 193 205 68 91
165 174 156 168 68 91
238 257 289 313 318 364
174 183 301 313 68 91
210 220 180 193 45 68
174 183 241 253 91 113
91 110 241 265 182 227
128 137 156 168 91 113
128 137 229 241 159 182
137 147 277 289 45 68
201 210 217 229 68 91
210 220 313 325 0 22
73 91 241 265 91 136
201 220 217 241 409 455
165 183 217 241 364 409
174 183 217 229 68 91
110 119 241 253 68 91
220 238 289 313 318 364
247 257 265 277 45 68
54 63 265 277 0 22
183 192 144 156 68 91
156 165 205 217 45 68
137 147 217 229 136 159
275 294 193 217 409 455
183 201 144 168 455 500
220 238 289 313 409 455
156 165 180 193 113 136
220 238 313 337 182 227
210 220 180 193 68 91
201 220 217 241 682 728
110 128 144 168 318 364
137 147 156 168 113 136
100 110 144 156 45 68
147 183 337 386 637 728
201 220 193 217 455 500
220 238 313 337 273 318
73 82 120 132 113 136
183 192 156 168 136 159
165 174 193 205 68 91
128 147 120 144 136 182
275 294 168 193 182 227
100 110 193 205 22 45
275 284 168 180 45 68
201 210 337 349 0 22
183 192 180 193 68 91
110 128 48 72 0 45
137 147 229 241 136 159
257 275 168 193 273 318
156 165 193 205 113 136
201 210 313 325 0 22
137 147 265 277 68 91
257 294 289 337 182 273
100 110 132 144 22 45
174 183 217 229 136 159
82 91 108 120 113 136
174 183 289 301 45 68
183 201 337 361 227 273
174 183 193 205 204 227
128 137 144 156 91 113
183 201 144 168 364 409
128 147 265 289 318 364
73 91 144 168 273 318
192 201 144 156 91 113
210 220 229 241 0 22
100 110 132 144 136 159
128 137 241 253 91 113
110 128 144 168 273 318
156 165 180 193 68 91
165 174 205 217 204 227
247 257 313 325 68 91
192 201 144 156 113 136
247 257 277 289 68 91
257 275 193 217 364 409
128 147 72 96 91 136
110 119 229 241 68 91
147 156 205 217 113 136
165 174 205 217 136 159
147 156 241 253 68 91
147 165 193 217 591 637
174 183 193 205 136 159
266 275 180 193 45 68
110 119 132 144 45 68
156 165 205 217 113 136
128 137 205 217 68 91
82 91 193 205 0 22
82 91 108 120 91 113
147 156 205 217 159 182
119 128 241 253 113 136
183 192 144 156 0 22
183 201 265 289 318 364
128 147 217 241 273 318
128 137 253 265 0 22
192 201 217 229 159 182
183 201 168 193 591 637
110 119 144 156 68 91
220 229 229 241 45 68
201 210 180 193 91 113
192 201 253 265 68 91
183 192 229 241 136 159
183 201 217 241 682 728
110 119 253 265 68 91
147 156 193 205 91 113
110 119 193 205 45 68
192 201 156 168 45 68
137 147 96 108 22 45
192 201 180 193 91 113
91 110 96 120 546 591
82 91 205 217 0 22
91 110 265 289 182 227
238 257 217 241 318 364
201 220 289 313 318 364
238 257 241 265 364 409
110 128 217 241 273 318
137 147 205 217 45 68
210 220 180 193 91 113
91 100 205 217 0 22
210 220 217 229 22 45
183 201 217 241 409 455
54 73 241 265 182 227
183 201 144 168 546 591
54 73 241 265 136 182
257 275 217 241 182 227
257 294 289 337 0 91
128 137 205 217 22 45
54 63 180 193 45 68
201 210 217 229 0 22
100 110 120 132 136 159
165 174 241 253 159 182
229 238 337 349 45 68
220 238 313 337 227 273
156 165 156 168 68 91
201 210 325 337 22 45
147 165 289 313 182 227
165 183 217 241 546 591
110 119 229 241 45 68
91 110 168 193 273 318
174 183 229 241 45 68
183 192 144 156 22 45
137 147 156 168 45 68
165 174 144 156 0 22
147 156 241 253 136 159
183 192 229 241 0 22
165 174 205 217 68 91
201 220 265 289 136 182
165 174 193 205 45 68
110 119 241 253 91 113
210 220 253 265 113 136
275 294 193 217 318 364
183 192 168 180 91 113
110 128 265 289 318 364
192 201 217 229 91 113
165 174 193 205 113 136
165 183 193 217 546 591
137 147 205 217 0 22
165 183 144 168 409 455
229 238 217 229 45 68
201 220 193 217 682 728
257 266 168 180 68 91
137 147 180 193 0 22
110 128 193 217 273 318
110 119 108 120 22 45
147 156 229 241 45 68
183 220 96 144 546 637
183 201 193 217 455 500
165 174 217 229 159 182
36 54 265 289 227 273
183 192 241 253 0 22
156 165 193 205 91 113
137 147 253 265 113 136
110 119 217 229 68 91
238 247 265 277 68 91
238 257 168 193 136 182
174 183 144 156 182 204
100 110 96 108 0 22
137 147 180 193 22 45
91 100 132 144 159 182
137 147 168 180 113 136
137 147 241 253 136 159
156 165 205 217 91 113
110 128 120 144 182 227
91 110 144 168 318 364
183 192 301 313 45 68
174 183 229 241 68 91
147 165 265 289 182 227
220 238 217 241 273 318
192 201 205 217 159 182
91 110 265 289 91 136
165 174 144 156 159 182
220 238 217 241 591 637
100 110 132 144 159 182
275 284 193 205 68 91
137 147 253 265 159 182
137 147 156 168 22 45
137 147 253 265 68 91
100 110 205 217 22 45
192 201 205 217 0 22
137 147 108 120 68 91
220 238 313 337 409 455
183 192 289 301 45 68
128 137 265 277 45 68
174 183 205 217 113 136
82 91 168 180 113 136
147 165 144 168 318 364
100 110 144 156 113 136
183 220 96 144 182 273
192 201 168 180 68 91
192 201 156 168 68 91
238 257 313 337 364 409
128 147 241 265 409 455
137 147 229 241 68 91
247 257 205 217 68 91
156 165 241 253 136 159
128 147 48 72 91 136
128 137 277 289 45 68
73 110 0 48 0 91
192 201 229 241 22 45
73 91 144 168 227 273
110 128 144 168 364 409
183 192 289 301 68 91
73 82 108 120 113 136
110 119 96 108 45 68
91 100 193 205 68 91
183 192 193 205 159 182
257 294 144 193 455 546
201 220 217 241 500 546
100 110 132 144 91 113
174 183 229 241 136 159
192 201 241 253 0 22
238 257 337 361 182 227
128 147 144 168 546 591
238 257 337 361 45 91
165 174 156 168 22 45
128 137 241 253 159 182
284 294 193 205 68 91
54 73 241 265 91 136
174 183 168 180 68 91
257 266 180 193 45 68
201 210 241 253 113 136
147 165 313 337 182 227
165 183 72 96 45 91
220 229 337 349 45 68
110 128 265 289 364 409
183 192 168 180 113 136
63 73 265 277 0 22
257 294 241 289 0 91
238 257 337 361 227 273
275 294 144 168 91 136
119 128 96 108 22 45
128 137 241 253 68 91
165 174 144 156 204 227
257 266 229 241 68 91
54 73 144 168 45 91
183 201 313 337 318 364
183 201 265 289 273 318
238 257 241 265 318 364
128 147 168 193 364 409
110 119 205 217 45 68
220 229 253 265 68 91
238 257 193 217 546 591
183 192 205 217 0 22
183 201 217 241 455 500
192 201 193 205 136 159
100 110 193 205 68 91
147 165 144 168 409 455
201 220 168 193 455 500
73 91 241 265 182 227
147 156 180 193 113 136
147 156 168 180 0 22
156 165 168 180 0 22
110 128 193 217 318 364
73 110 48 96 273 364
183 201 265 289 182 227
165 183 313 337 182 227
137 147 241 253 0 22
91 110 120 144 591 637
266 275 180 193 68 91
238 257 217 241 546 591
147 165 168 193 364 409
137 147 253 265 136 159
91 110 168 193 182 227
147 156 96 108 91 113
73 91 96 120 546 591
91 95 84 90 33 45
63 73 168 180 68 91
229 238 217 229 68 91
201 220 217 241 637 682
238 257 217 241 273 318
147 165 289 313 91 136
91 95 84 90 22 33
201 210 241 253 159 182
229 238 253 265 68 91
100 110 120 132 159 182
238 257 217 241 409 455
147 156 193 205 159 182
73 82 132 144 22 45
91 100 205 217 68 91
220 238 217 241 546 591
192 201 217 229 136 159
110 128 217 241 409 455
110 119 180 193 68 91
165 174 180 193 68 91
128 137 265 277 68 91
201 210 180 193 113 136
137 147 217 229 68 91
192 201 156 168 113 136
128 137 205 217 0 22
156 165 241 253 159 182
220 229 217 229 45 68
119 128 205 217 68 91
128 147 144 168 409 455
91 100 205 217 22 45
201 220 168 193 409 455
54 73 241 265 227 273
183 192 144 156 91 113
201 220 144 168 455 500
147 165 217 241 409 455
192 201 156 168 136 159
201 220 289 313 273 318
156 165 205 217 159 182
174 183 253 265 91 113
147 156 168 180 113 136
201 220 361 386 182 227
192 201 205 217 68 91
128 137 217 229 159 182
147 165 217 241 591 637
192 201 180 193 113 136
201 210 241 253 0 22
238 247 325 337 68 91
266 275 229 241 45 68
238 247 313 325 68 91
156 165 168 180 113 136
100 110 120 132 113 136
192 201 193 205 0 22
174 183 193 205 113 136
201 210 325 337 0 22
201 210 180 193 68 91
201 210 349 361 0 22
82 91 193 205 113 136
220 238 313 337 318 364
110 119 241 253 113 136
73 82 205 217 22 45
110 119 168 180 45 68
156 165 96 108 113 136
137 147 156 168 0 22
183 220 96 144 364 455
91 100 144 156 113 136
156 165 96 108 91 113
82 91 132 144 0 22
128 137 144 156 0 22
275 294 217 241 409 455
73 82 144 156 45 68
220 238 265 289 409 455
220 238 193 217 591 637
165 174 144 156 68 91
192 201 144 156 159 182
201 210 325 337 68 91
183 201 217 241 637 682
210 220 349 361 0 22
119 128 217 229 45 68
91 110 96 120 318 364
137 147 241 253 22 45
183 192 217 229 0 22
137 147 96 108 0 22
192 201 205 217 136 159
275 294 144 168 227 273
156 165 168 180 22 45
165 183 168 193 318 364
91 100 156 168 113 136
192 201 144 156 136 159
183 220 96 144 637 728
238 257 241 265 409 455
165 174 217 229 136 159
82 91 205 217 113 136
229 238 361 373 68 91
36 73 96 144 91 182
201 210 241 253 136 159
183 220 96 144 273 364
137 147 144 156 0 22
229 238 289 301 45 68
147 156 96 108 113 136
147 165 289 313 227 273
128 147 193 217 364 409
165 183 144 168 546 591
201 220 217 241 455 500
110 128 193 217 409 455
73 91 96 120 591 637
257 294 289 337 364 455
110 128 168 193 591 637
156 165 241 253 45 68
210 220 241 253 91 113
201 220 265 289 182 227
210 220 217 229 0 22
201 220 265 289 227 273
192 201 253 265 45 68
73 82 205 217 68 91
110 119 108 120 0 22
165 183 72 96 0 45
275 294 144 168 273 318
183 192 229 241 113 136
110 119 168 180 68 91
201 220 265 289 273 318
100 110 132 144 113 136
73 91 96 120 318 364
192 201 193 205 159 182
147 156 108 120 113 136
100 110 108 120 0 22
247 257 301 313 45 68
247 257 289 301 68 91
247 257 193 205 68 91
128 137 144 156 113 136
201 210 253 265 159 182
165 174 241 253 68 91
165 174 156 168 136 159
119 128 241 253 0 22
210 220 217 229 68 91
110 119 205 217 68 91
183 192 144 156 113 136
275 294 144 168 0 45
91 110 265 289 45 91
257 275 144 168 318 364
174 183 253 265 136 159
257 294 241 289 364 455
275 294 217 241 364 409
165 174 156 168 182 204
183 192 168 180 0 22
128 137 241 253 0 22
238 257 217 241 591 637
128 147 48 72 136 182
247 257 265 277 68 91
147 156 180 193 0 22
73 82 168 180 68 91
192 201 168 180 0 22
284 294 205 217 45 68
174 183 205 217 68 91
119 128 193 205 68 91
73 82 108 120 91 113
192 201 168 180 91 113
91 100 84 96 0 22
137 147 96 108 68 91
275 294 144 168 318 364
210 220 168 180 68 91
247 257 301 313 68 91
192 201 156 168 159 182
156 165 168 180 91 113
128 137 193 205 0 22
82 91 180 193 113 136
201 220 144 168 591 637
73 82 132 144 113 136
73 82 108 120 45 68
147 165 144 168 591 637
110 128 144 168 546 591
275 294 144 168 136 182
257 266 180 193 68 91
257 294 241 289 182 273
210 220 241 253 136 159
201 220 361 386 91 136
100 110 205 217 68 91
183 201 313 337 182 227
128 147 168 193 409 455
110 128 193 217 364 409
201 220 144 168 500 546
165 174 144 156 182 204
100 110 132 144 0 22
110 128 144 168 591 637
201 220 217 241 546 591
238 257 313 337 409 455
201 210 180 193 45 68
73 82 144 156 68 91
110 119 180 193 45 68
137 147 108 120 0 22
275 294 144 168 45 91
110 119 217 229 45 68
73 82 156 168 68 91
110 119 96 108 68 91
137 147 144 156 113 136
238 247 205 217 68 91
73 82 168 180 45 68
73 82 132 144 91 113
165 174 193 205 182 204
165 183 217 241 591 637
91 100 132 144 136 159
174 183 289 301 68 91
147 183 337 386 364 455
147 156 193 205 45 68
165 183 217 241 409 455
147 156 229 241 68 91
156 165 229 241 45 68
73 82 156 168 45 68
210 220 241 253 113 136
54 73 144 168 0 45
119 128 96 108 0 22
128 137 96 108 22 45
174 183 156 168 0 22
247 257 325 337 45 68
165 174 289 301 68 91
201 220 144 168 409 455
183 192 156 168 0 22
110 119 96 108 0 22
192 201 156 168 91 113
238 257 337 361 136 182
156 165 144 156 68 91
201 220 265 289 91 136
73 82 205 217 91 113
82 91 132 144 68 91
100 110 144 156 91 113
147 165 313 337 227 273
165 174 241 253 136 159
54 73 144 168 91 136
110 119 144 156 45 68
165 174 253 265 91 113
110 119 253 265 0 22
192 201 156 168 0 22
36 54 241 265 91 136
174 183 193 205 91 113
257 294 289 337 546 637
284 294 180 193 45 68
247 257 325 337 68 91
220 238 289 313 364 409
257 294 241 289 637 728
73 110 0 48 182 273
128 147 48 72 0 45
156 165 180 193 0 22
183 220 96 144 455 546
73 91 144 168 318 364
100 110 84 96 0 22
91 100 108 120 113 136
73 82 193 205 0 22
128 137 96 108 0 22
183 192 253 265 0 22
156 165 241 253 68 91
128 137 156 168 0 22
100 110 108 120 113 136
73 82 132 144 68 91
128 137 96 108 45 68
95 100 84 90 22 33
73 82 205 217 113 136
73 82 205 217 0 22
73 82 205 217 45 68
220 238 144 168 136 182
183 192 301 313 68 91
73 82 168 180 113 136
165 174 156 168 0 22
147 165 265 289 273 318
54 63 168 180 45 68
220 229 373 386 45 68
91 100 108 120 91 113
100 110 205 217 0 22
91 110 217 241 182 227
257 294 289 337 273 364
137 147 96 108 45 68
257 294 241 289 273 364
0 73 289 386 182 364
275 294 193 217 364 409
257 294 241 289 546 637
284 294 180 193 68 91
183 192 180 193 0 22
110 119 241 253 0 22
220 238 144 168 227 273
192 201 180 193 0 22
137 147 193 205 0 22
73 82 168 180 91 113
110 119 108 120 68 91
238 247 193 205 45 68
95 100 84 90 33 45
73 82 120 132 0 22
275 294 144 168 182 227
54 63 168 180 68 91
73 82 108 120 68 91
91 100 108 120 68 91
257 266 229 241 45 68
238 257 144 168 91 136
110 128 217 241 364 409
183 201 361 386 91 136
201 220 144 168 364 409
192 201 217 229 113 136
201 220 265 289 318 364
257 294 289 337 637 728
147 165 265 289 318 364
174 183 253 265 113 136
147 183 0 48 0 91
73 82 96 108 68 91
91 110 265 289 227 273
183 192 193 205 136 159
201 220 144 168 273 318
73 91 217 241 0 45
201 220 361 386 227 273
156 165 229 241 68 91
220 229 217 229 68 91
210 220 180 193 113 136
183 201 217 241 546 591
91 110 265 289 136 182
128 137 96 108 68 91
36 54 241 265 45 91
137 147 241 253 113 136
238 257 144 168 227 273
91 100 108 120 22 45
73 91 217 241 136 182
73 91 217 241 45 91
220 229 373 386 68 91
238 257 361 386 136 182
238 257 361 386 0 45
238 257 361 386 45 91
165 183 48 72 45 91
36 54 241 265 227 273
0 36 96 144 91 182
220 257 96 144 273 364
91 110 48 72 45 91
0 36 193 241 182 273
229 238 373 386 68 91
36 54 241 265 0 45
0 36 144 193 0 91
220 294 0 96 364 546
238 257 144 168 182 227
73 91 217 241 91 136
183 220 0 48 91 182
63 73 277 289 0 22
165 183 361 386 45 91
220 294 0 96 546 728
36 54 144 168 0 45
73 110 0 48 91 182
257 294 96 144 546 637
0 73 0 96 364 546
0 36 193 241 0 91
201 220 144 168 546 591
220 257 96 144 546 637
91 110 48 72 136 182
54 73 144 168 136 182
257 294 337 386 91 182
257 294 337 386 0 91
238 257 361 386 91 136
220 294 0 96 182 364
165 174 241 253 45 68
220 238 217 241 364 409
201 220 144 168 318 364
220 257 96 144 364 455
165 183 48 72 0 45
36 73 96 144 0 91
201 210 325 337 45 68
0 36 241 289 273 364
165 183 361 386 0 45
220 238 144 168 91 136
183 220 0 48 0 91
63 73 277 289 22 45
257 294 96 144 455 546
36 54 241 265 136 182
36 54 144 168 45 91
147 183 0 48 91 182
54 63 277 289 68 91
91 100 108 120 45 68
257 294 337 386 455 546
63 73 277 289 68 91
238 257 144 168 45 91
73 110 0 48 273 364
257 294 96 144 637 728
257 294 337 386 273 364
91 110 217 241 227 273
54 63 277 289 45 68
229 238 337 349 68 91
91 110 48 72 91 136
147 165 361 386 0 45
257 294 337 386 546 637
73 91 241 265 227 273
220 257 96 144 637 728
183 201 361 386 0 45
257 294 337 386 182 273
257 294 337 386 364 455
257 294 96 144 364 455
91 100 72 84 0 22
220 238 144 168 0 45
229 238 373 386 45 68
73 110 337 386 91 182
91 100 108 120 0 22
36 54 144 168 136 182
238 257 144 168 0 45
183 201 361 386 45 91
73 82 96 108 113 136
73 91 217 241 227 273
220 257 96 144 0 91
147 165 48 72 45 91
100 110 72 84 0 22
0 73 0 96 182 364
0 36 193 241 91 182
257 294 241 289 455 546
0 73 289 386 546 728
257 294 337 386 637 728
73 91 48 72 91 136
73 110 289 337 0 91
284 294 168 180 68 91
257 294 96 144 182 273
73 91 48 72 0 45
257 294 96 144 91 182
73 91 48 72 45 91
73 110 337 386 0 91
63 73 277 289 45 68
192 201 229 241 0 22
36 54 168 193 0 45
257 294 96 144 0 91
220 238 144 168 182 227
36 54 144 168 91 136
0 73 289 386 364 546
257 294 289 337 455 546
183 220 48 96 91 182
220 257 96 144 182 273
91 100 72 84 22 45
220 238 144 168 45 91
284 294 168 180 45 68
0 73 0 96 546 728
54 63 277 289 22 45
73 82 96 108 91 113
238 257 361 386 182 227
73 91 217 241 182 227
36 54 168 193 45 91
238 257 361 386 227 273
91 110 48 72 0 45
147 165 48 72 0 45
220 257 96 144 455 546
183 201 361 386 136 182
128 147 48 72 45 91
73 82 96 108 45 68
183 220 48 96 0 91
183 201 361 386 182 227
220 229 337 349 68 91
147 165 361 386 45 91
257 294 96 144 273 364
0 36 144 193 91 182
220 257 96 144 91 182
0 36 96 144 0 91
100 110 72 84 22 45
183 201 361 386 227 273
0 73 0 96 0 182
73 110 289 337 91 182
73 82 132 144 0 22
73 91 48 72 136 182
0 36 193 241 273 364
36 54 168 193 91 136
36 54 241 265 182 227
73 91 241 265 136 182
54 63 277 289 0 22
238 257 144 168 136 182
110 128 48 72 136 182
220 294 0 96 0 182
36 54 168 193 136 182
