1030
46 55 72 84 45 91
64 74 121 133 45 91
64 74 84 97 0 45
55 74 48 72 182 273
92 101 97 109 45 91
55 64 121 133 136 182
92 101 109 121 136 182
37 46 60 72 0 45
74 92 97 121 364 455
74 83 72 84 45 91
55 64 60 72 45 91
92 111 97 121 455 546
101 111 169 181 0 45
55 64 121 133 0 45
101 111 157 169 0 45
101 111 157 169 45 91
64 74 109 121 45 91
83 92 97 109 136 182
83 92 109 121 45 91
64 74 84 97 91 136
46 55 48 60 0 45
37 55 48 72 273 364
64 74 97 109 45 91
101 111 109 121 0 45
83 92 97 109 45 91
74 92 121 145 273 364
46 55 60 72 91 136
55 74 72 97 364 455
111 120 145 157 45 91
74 92 169 194 0 91
55 64 121 133 91 136
64 74 121 133 91 136
55 64 84 97 45 91
92 101 72 84 45 91
83 92 109 121 136 182
111 129 145 169 273 364
92 101 121 133 45 91
74 92 72 97 364 455
111 129 72 97 182 273
111 129 97 121 364 455
27 37 84 97 45 91
46 55 48 60 91 136
55 74 121 145 364 455
37 46 48 60 45 91
83 92 121 133 45 91
83 92 97 109 182 227
55 74 97 121 273 364
37 55 72 97 273 364
83 92 72 84 0 45
92 101 72 84 0 45
92 111 145 169 273 364
37 46 84 97 91 136
74 92 72 97 546 637
37 55 121 145 91 182
129 138 84 97 45 91
92 101 109 121 91 136
64 74 121 133 0 45
111 129 72 97 91 182
111 120 121 133 45 91
83 92 72 84 136 182
74 83 97 109 136 182
64 74 72 84 0 45
92 111 72 97 546 637
37 46 72 84 45 91
37 46 97 109 91 136
101 111 84 97 91 136
74 92 24 48 0 91
111 129 72 97 0 91
55 64 48 60 45 91
92 101 145 157 45 91
83 92 145 157 45 91
64 74 48 60 45 91
18 37 121 145 182 273
120 129 145 157 45 91
92 101 121 133 0 45
46 55 97 109 45 91
101 111 145 157 45 91
92 101 97 109 0 45
74 83 109 121 45 91
64 74 72 84 91 136
92 111 72 97 455 546
74 83 121 133 136 182
92 101 109 121 0 45
55 74 72 97 546 637
101 111 121 133 91 136
55 74 145 169 0 91
111 129 121 145 364 455
111 129 97 121 273 364
101 111 84 97 45 91
18 37 72 97 91 182
64 74 121 133 136 182
64 74 109 121 136 182
55 64 109 121 45 91
92 101 84 97 0 45
74 92 145 169 182 273
64 74 60 72 45 91
64 74 97 109 0 45
111 148 48 97 364 546
92 111 169 194 182 273
74 83 97 109 91 136
92 111 72 97 364 455
64 74 48 60 0 45
37 46 97 109 0 45
111 148 48 97 546 728
101 111 121 133 136 182
74 92 97 121 546 637
37 55 97 121 182 273
55 64 48 60 0 45
55 74 24 48 91 182
138 148 97 109 45 91
111 120 169 181 45 91
74 92 48 72 182 273
83 92 84 97 136 182
92 101 84 97 91 136
101 111 169 181 45 91
37 46 48 60 91 136
120 129 97 109 45 91
64 74 133 145 45 91
64 74 84 97 136 182
92 111 97 121 637 728
111 120 121 133 0 45
120 129 133 145 45 91
111 120 109 121 45 91
129 148 72 97 273 364
74 83 48 60 91 136
83 92 97 109 91 136
27 37 133 145 45 91
55 74 97 121 364 455
64 74 97 109 136 182
74 83 84 97 91 136
101 111 109 121 136 182
46 55 72 84 91 136
46 55 36 48 0 45
92 101 97 109 136 182
111 129 169 194 182 273
74 83 121 133 45 91
83 92 121 133 136 182
129 148 97 121 364 455
37 46 60 72 136 182
46 55 36 48 45 91
83 92 72 84 182 227
101 111 84 97 136 182
37 74 145 194 182 364
74 83 97 109 0 45
74 83 72 84 0 45
46 55 60 72 136 182
74 83 109 121 136 182
111 120 169 181 0 45
55 74 72 97 455 546
83 92 72 84 91 136
129 138 109 121 45 91
18 37 97 121 0 91
101 111 84 97 182 227
46 55 48 60 136 182
55 64 97 109 45 91
0 37 48 97 182 364
92 101 72 84 91 136
37 55 121 145 182 273
101 111 84 97 227 273
64 74 109 121 182 227
74 92 72 97 455 546
55 64 84 97 0 45
37 46 36 48 45 91
64 74 109 121 0 45
92 101 72 84 136 182
37 55 48 72 546 637
83 92 84 97 0 45
55 64 60 72 0 45
74 83 84 97 0 45
111 129 145 169 364 455
37 55 48 72 364 455
74 83 48 60 45 91
46 55 97 109 0 45
83 92 121 133 91 136
74 92 48 72 273 364
74 83 97 109 227 273
64 74 97 109 91 136
74 92 97 121 637 728
129 138 97 109 45 91
120 129 109 121 45 91
111 120 121 133 91 136
55 64 84 97 91 136
74 83 109 121 0 45
55 74 121 145 546 637
37 46 48 60 0 45
138 148 84 97 45 91
83 92 97 109 0 45
92 111 121 145 546 637
101 111 109 121 91 136
92 101 109 121 182 227
55 64 109 121 0 45
64 74 84 97 227 273
111 120 133 145 0 45
92 101 121 133 91 136
111 120 133 145 45 91
111 129 97 121 546 637
37 46 84 97 0 45
101 111 97 109 227 273
101 111 145 157 0 45
37 55 48 72 455 546
101 111 109 121 182 227
46 55 84 97 45 91
64 74 121 133 227 273
37 46 72 84 91 136
111 129 72 97 273 364
92 101 145 157 0 45
74 83 109 121 91 136
55 74 48 72 273 364
55 64 121 133 227 273
101 111 97 109 136 182
74 83 133 145 45 91
92 101 97 109 91 136
101 111 97 109 45 91
111 120 121 133 136 182
55 74 121 145 455 546
83 92 84 97 91 136
92 101 157 169 45 91
83 92 157 169 45 91
83 92 133 145 45 91
55 64 109 121 136 182
111 120 145 157 0 45
111 120 169 181 91 136
101 111 84 97 0 45
64 74 72 84 227 273
92 111 121 145 364 455
120 129 157 169 45 91
92 111 145 169 637 728
55 74 97 121 637 728
55 64 72 84 91 136
120 129 133 145 136 182
83 92 121 133 0 45
138 148 109 121 136 182
138 148 97 109 91 136
83 92 145 157 0 45
74 83 60 72 45 91
83 92 97 109 227 273
111 120 181 194 45 91
101 111 109 121 227 273
111 129 145 169 546 637
92 111 48 72 0 91
55 64 84 97 136 182
120 129 145 157 0 45
74 83 84 97 136 182
27 37 133 145 0 45
64 74 121 133 182 227
74 83 48 60 136 182
46 55 72 84 0 45
83 92 72 84 227 273
55 64 72 84 0 45
64 74 109 121 227 273
55 74 97 121 546 637
92 111 72 97 637 728
64 74 133 145 91 136
92 101 72 84 227 273
92 111 121 145 637 728
74 92 145 169 273 364
92 101 97 109 227 273
129 138 84 97 91 136
27 37 133 145 91 136
74 83 72 84 182 227
55 64 121 133 182 227
111 120 109 121 91 136
46 55 84 97 91 136
37 46 36 48 0 45
55 74 169 194 0 91
92 101 84 97 182 227
111 120 109 121 0 45
74 83 97 109 182 227
55 64 36 48 45 91
101 111 72 84 91 136
138 148 109 121 91 136
55 64 109 121 91 136
37 46 84 97 136 182
111 120 133 145 136 182
120 129 145 157 91 136
120 129 109 121 91 136
111 129 169 194 273 364
111 120 145 157 91 136
92 101 84 97 136 182
74 92 169 194 91 182
46 55 84 97 0 45
83 92 109 121 91 136
101 111 97 109 0 45
74 83 72 84 91 136
129 138 109 121 136 182
18 37 97 121 91 182
92 111 145 169 364 455
129 138 97 109 91 136
55 64 60 72 91 136
74 83 60 72 91 136
120 129 97 109 0 45
18 37 121 145 273 364
92 101 145 157 91 136
92 101 109 121 227 273
64 74 60 72 0 45
55 74 145 169 91 182
74 92 24 48 91 182
46 55 97 109 91 136
83 92 157 169 0 45
41 46 60 66 45 68
74 92 121 145 364 455
101 111 84 97 273 318
64 74 133 145 0 45
120 129 145 157 227 273
74 92 97 121 455 546
92 101 121 133 136 182
92 101 84 97 227 273
129 138 109 121 91 136
74 92 121 145 546 637
111 129 97 121 455 546
83 92 157 169 91 136
111 120 157 169 0 45
74 83 72 84 136 182
27 37 121 133 45 91
74 83 121 133 182 227
101 111 157 169 182 227
55 74 72 97 637 728
37 55 97 121 273 364
101 111 157 169 91 136
74 83 48 60 0 45
64 74 133 145 227 273
37 55 72 97 546 637
64 74 109 121 91 136
92 101 121 133 227 273
120 129 109 121 136 182
101 111 97 109 91 136
83 92 84 97 182 227
74 83 121 133 0 45
101 111 181 194 45 91
37 55 72 97 364 455
111 129 145 169 455 546
111 120 145 157 227 273
46 55 48 60 182 227
64 74 84 97 273 318
55 64 97 109 0 45
74 83 97 109 318 364
74 92 145 169 364 455
111 120 121 133 182 227
111 120 157 169 45 91
83 92 97 109 273 318
92 111 169 194 546 637
0 37 48 97 546 728
74 83 121 133 91 136
46 50 66 72 22 45
74 83 157 169 45 91
55 64 84 97 227 273
55 64 72 84 136 182
83 92 109 121 182 227
101 111 97 109 182 227
37 46 48 60 136 182
74 92 72 97 637 728
92 101 72 84 182 227
101 111 121 133 182 227
120 129 97 109 91 136
46 55 36 48 91 136
92 101 109 121 273 318
74 83 109 121 227 273
55 64 48 60 91 136
83 92 48 60 45 91
92 101 145 157 136 182
92 101 133 145 45 91
83 92 60 72 45 91
0 18 121 145 0 91
92 101 97 109 182 227
120 129 133 145 91 136
111 120 97 109 136 182
92 111 145 169 455 546
101 111 157 169 227 273
41 46 97 103 68 91
55 74 0 24 0 91
120 129 133 145 0 45
74 83 121 133 227 273
129 138 72 84 45 91
64 74 72 84 136 182
46 50 60 66 45 68
37 55 24 48 182 273
74 83 84 97 182 227
46 55 109 121 45 91
37 55 97 121 364 455
92 111 121 145 455 546
37 46 97 109 136 182
37 74 0 48 546 728
101 111 169 181 91 136
101 111 72 84 45 91
46 55 60 72 227 273
92 101 169 181 45 91
101 111 72 84 0 45
92 101 84 97 273 318
64 69 90 97 45 68
92 111 169 194 364 455
92 111 145 169 546 637
37 46 36 48 91 136
83 92 109 121 0 45
74 83 72 84 227 273
74 92 121 145 455 546
111 120 97 109 45 91
111 129 121 145 546 637
83 92 109 121 227 273
101 111 145 157 136 182
55 74 169 194 91 182
111 129 145 169 637 728
27 37 84 97 0 45
37 41 97 103 68 91
111 120 181 194 0 45
138 148 109 121 45 91
55 74 97 121 455 546
64 74 72 84 273 318
96 101 90 97 45 68
46 50 60 66 22 45
92 111 169 194 455 546
129 138 109 121 0 45
83 92 133 145 136 182
129 138 109 121 227 273
37 46 72 84 0 45
101 111 72 84 136 182
41 46 60 66 113 136
50 55 60 66 45 68
83 92 145 157 91 136
129 138 84 97 227 273
120 129 145 157 136 182
50 55 60 66 68 91
106 111 127 133 22 45
101 111 97 109 409 455
129 148 97 121 455 546
64 74 60 72 91 136
46 55 121 133 45 91
37 55 48 72 637 728
92 111 169 194 637 728
64 69 84 90 45 68
37 55 97 121 546 637
74 92 48 72 455 546
138 148 84 97 91 136
129 148 97 121 546 637
55 64 97 109 91 136
46 50 48 54 45 68
41 46 97 103 45 68
74 92 48 72 546 637
74 92 48 72 364 455
101 111 145 157 227 273
129 138 84 97 136 182
101 111 169 181 136 182
55 64 24 36 45 91
129 138 97 109 136 182
101 111 145 157 91 136
120 129 97 109 227 273
69 74 72 78 68 91
64 69 84 90 68 91
129 138 97 109 0 45
111 120 181 194 91 136
111 120 157 169 91 136
74 83 145 157 45 91
74 83 97 109 273 318
92 101 133 145 0 45
101 111 121 133 273 318
111 120 109 121 136 182
55 74 48 72 364 455
111 129 97 121 637 728
37 46 48 60 182 227
111 120 97 109 227 273
74 83 84 97 227 273
111 120 109 121 182 227
64 74 48 60 91 136
120 129 121 133 0 45
37 41 90 97 68 91
46 55 72 84 227 273
41 46 60 66 91 113
55 74 121 145 637 728
74 92 121 145 637 728
37 46 84 97 182 227
46 50 66 72 68 91
55 64 133 145 0 45
101 111 133 145 45 91
106 111 127 133 45 68
83 92 133 145 91 136
64 74 97 109 182 227
37 46 60 72 227 273
83 92 48 60 91 136
46 50 66 72 45 68
111 120 145 157 136 182
74 83 157 169 91 136
55 64 48 60 136 182
129 138 97 109 227 273
37 55 121 145 364 455
37 74 0 48 364 546
101 111 97 109 546 591
46 55 48 60 227 273
55 64 133 145 45 91
46 50 60 66 68 91
92 101 121 133 318 364
74 83 157 169 0 45
46 55 60 72 182 227
101 106 127 133 22 45
92 96 109 115 68 91
74 83 60 72 136 182
64 74 84 97 182 227
111 120 97 109 91 136
101 111 157 169 136 182
129 138 72 84 227 273
18 27 133 145 45 91
83 92 133 145 0 45
37 46 133 145 45 91
64 74 36 48 0 45
41 46 66 72 45 68
111 129 169 194 455 546
74 83 60 72 0 45
74 83 145 157 0 45
87 92 72 78 45 68
46 55 109 121 0 45
55 64 97 109 136 182
120 129 121 133 45 91
111 120 121 133 227 273
111 129 169 194 637 728
111 120 157 169 136 182
101 111 181 194 0 45
55 64 121 133 273 318
92 101 157 169 91 136
46 55 72 84 136 182
83 87 72 78 45 68
41 46 60 66 68 91
18 27 133 145 0 45
37 41 90 97 45 68
87 92 84 90 45 68
50 55 60 66 22 45
111 129 169 194 546 637
64 74 97 109 227 273
74 83 109 121 182 227
74 83 109 121 273 318
37 46 36 48 136 182
74 92 145 169 546 637
138 148 84 97 227 273
37 46 121 133 45 91
46 50 48 54 68 91
92 111 169 194 273 364
92 96 90 97 45 68
83 92 157 169 136 182
111 129 169 194 364 455
138 148 109 121 0 45
111 120 121 133 273 318
129 138 84 97 0 45
138 148 97 109 136 182
92 101 97 109 273 318
78 83 97 103 68 91
83 92 60 72 0 45
59 64 78 84 45 68
64 69 72 78 68 91
83 92 121 133 227 273
55 64 109 121 182 227
138 148 97 109 0 45
83 92 72 84 273 318
83 92 145 157 136 182
55 64 84 97 182 227
101 111 97 109 591 637
92 101 157 169 0 45
92 101 109 121 318 364
101 111 109 121 318 364
78 83 103 109 68 91
138 148 84 97 0 45
50 55 66 72 68 91
111 129 121 145 455 546
83 92 133 145 227 273
37 74 145 194 546 728
101 106 109 115 45 68
129 138 72 84 91 136
92 101 97 109 318 364
96 101 115 121 68 91
96 101 115 121 45 68
64 74 133 145 136 182
55 74 24 48 182 273
46 55 36 48 136 182
59 64 127 133 45 68
120 129 157 169 91 136
41 46 90 97 45 68
120 129 109 121 0 45
0 18 121 145 91 182
46 55 121 133 0 45
55 64 72 84 227 273
92 96 115 121 68 91
37 55 121 145 273 364
74 111 0 48 182 364
101 111 145 157 182 227
111 120 97 109 182 227
37 46 60 72 182 227
83 87 84 90 45 68
69 74 90 97 45 68
78 83 90 97 45 68
111 120 133 145 91 136
64 69 90 97 68 91
37 55 72 97 637 728
111 129 121 145 637 728
74 83 133 145 136 182
64 74 121 133 318 364
64 69 72 78 45 68
55 64 121 133 318 364
46 55 97 109 136 182
83 92 109 121 318 364
101 111 121 133 318 364
27 37 121 133 0 45
101 111 97 109 273 318
74 92 169 194 273 364
120 129 133 145 227 273
74 83 133 145 91 136
101 111 97 109 318 364
69 74 84 90 68 91
55 74 48 72 455 546
120 129 121 133 91 136
92 101 97 109 364 409
138 148 109 121 273 318
55 64 60 72 136 182
59 64 127 133 68 91
101 111 97 109 364 409
59 64 121 127 45 68
101 106 127 133 45 68
120 129 157 169 0 45
74 83 72 84 273 318
120 129 133 145 182 227
69 74 72 78 45 68
111 120 169 181 136 182
120 129 109 121 227 273
74 92 169 194 182 273
74 83 133 145 0 45
120 129 97 109 182 227
59 64 78 84 68 91
69 74 90 97 68 91
83 92 109 121 273 318
83 92 72 84 318 364
55 64 133 145 91 136
101 111 121 133 227 273
55 64 72 84 182 227
92 101 97 109 591 637
41 46 90 97 68 91
92 101 97 109 409 455
101 106 121 127 45 68
55 64 36 48 0 45
74 78 103 109 68 91
92 101 145 157 182 227
83 92 97 109 318 364
37 46 48 60 227 273
83 87 78 84 45 68
37 55 72 97 455 546
138 148 97 109 273 318
37 74 145 194 364 546
74 83 145 157 136 182
64 69 78 84 68 91
106 111 109 115 45 68
83 92 133 145 182 227
96 101 109 115 45 68
87 92 78 84 45 68
27 37 121 133 91 136
101 111 133 145 0 45
101 106 121 127 22 45
120 129 97 109 136 182
92 101 169 181 136 182
37 46 72 84 136 182
46 55 109 121 91 136
55 64 133 145 227 273
0 37 97 145 364 546
41 46 66 72 113 136
106 111 127 133 68 91
92 96 115 121 45 68
96 101 109 115 68 91
92 101 121 133 273 318
96 101 84 90 45 68
101 106 127 133 68 91
74 83 84 97 273 318
27 37 133 145 136 182
83 92 84 97 227 273
55 64 133 145 273 318
55 74 0 24 273 364
92 101 84 97 318 364
101 111 84 97 318 364
64 69 78 84 45 68
46 55 72 84 182 227
64 74 133 145 182 227
101 106 115 121 45 68
92 101 133 145 136 182
87 92 90 97 45 68
111 120 121 133 318 364
64 74 48 60 136 182
83 92 84 97 273 318
101 111 109 121 273 318
78 83 84 90 45 68
18 27 133 145 91 136
55 64 97 109 227 273
64 74 84 97 318 364
92 101 133 145 91 136
37 55 97 121 637 728
106 111 121 127 22 45
101 111 72 84 227 273
37 46 121 133 0 45
92 101 121 133 182 227
138 148 109 121 227 273
111 120 133 145 227 273
92 96 109 115 45 68
46 55 84 97 136 182
74 78 90 97 68 91
111 120 181 194 136 182
111 120 133 145 273 318
18 37 97 121 182 273
69 74 84 90 45 68
55 64 84 97 273 318
64 74 36 48 45 91
138 148 97 109 227 273
74 92 48 72 637 728
50 55 66 72 45 68
55 74 24 48 273 364
37 46 84 97 227 273
64 74 72 84 182 227
41 46 84 90 68 91
129 138 109 121 273 318
129 138 97 109 273 318
129 138 97 109 182 227
129 138 72 84 0 45
37 41 97 103 45 68
92 101 169 181 0 45
92 101 169 181 91 136
106 111 121 127 45 68
74 111 0 48 546 728
83 92 121 133 182 227
129 138 72 84 182 227
50 55 54 60 45 68
64 74 133 145 273 318
0 37 145 194 0 182
78 83 84 90 68 91
50 55 48 54 45 68
92 101 97 109 546 591
69 74 78 84 68 91
111 120 133 145 182 227
111 120 109 121 227 273
37 46 133 145 0 45
92 96 84 90 45 68
92 101 133 145 227 273
59 64 72 78 68 91
0 37 48 97 364 546
74 83 109 121 318 364
83 92 48 60 0 45
59 64 72 78 45 68
83 92 60 72 136 182
111 120 145 157 182 227
55 64 109 121 227 273
0 37 97 145 546 728
78 83 97 103 45 68
64 74 121 133 273 318
92 111 48 72 91 182
59 64 121 127 68 91
101 111 72 84 182 227
46 55 109 121 136 182
41 46 66 72 91 113
120 129 121 133 182 227
41 46 66 72 68 91
55 74 48 72 546 637
120 129 133 145 318 364
37 41 60 66 45 68
83 87 84 90 68 91
83 92 60 72 91 136
106 111 115 121 45 68
78 83 90 97 68 91
120 129 121 133 136 182
74 78 97 103 68 91
50 55 48 54 68 91
111 120 133 145 318 364
55 59 121 127 45 68
74 83 145 157 91 136
129 148 97 121 637 728
46 55 84 97 227 273
111 120 97 109 0 45
37 55 121 145 455 546
129 148 121 145 91 182
55 59 78 84 45 68
92 101 145 157 227 273
50 55 66 72 22 45
92 101 109 121 591 637
101 111 181 194 136 182
41 46 84 90 45 68
92 101 157 169 136 182
78 83 103 109 45 68
74 92 145 169 455 546
92 101 109 121 364 409
55 64 133 145 182 227
87 92 72 78 68 91
138 148 97 109 182 227
74 78 90 97 45 68
101 111 109 121 409 455
138 148 109 121 182 227
120 129 157 169 136 182
111 120 157 169 227 273
74 92 169 194 546 637
74 83 84 97 318 364
83 87 90 97 45 68
55 64 97 109 182 227
106 111 115 121 68 91
129 138 97 109 318 364
92 101 157 169 227 273
69 74 78 84 45 68
41 46 103 109 68 91
129 138 109 121 318 364
92 101 72 84 273 318
92 101 72 84 318 364
74 83 133 145 227 273
87 92 78 84 68 91
0 18 121 145 182 273
87 92 90 97 68 91
46 50 60 66 0 22
55 74 0 24 91 182
18 37 97 121 273 364
87 92 84 90 68 91
129 138 84 97 182 227
106 111 121 127 68 91
74 83 157 169 136 182
37 55 121 145 637 728
101 111 181 194 91 136
120 129 109 121 182 227
55 64 84 97 318 364
37 41 60 66 113 136
74 78 84 90 45 68
120 129 157 169 227 273
55 64 133 145 136 182
120 129 145 157 182 227
55 74 48 72 637 728
96 101 90 97 68 91
101 106 115 121 68 91
37 55 121 145 546 637
74 92 145 169 637 728
129 148 145 169 91 182
55 64 72 84 273 318
64 74 72 84 318 364
138 148 109 121 318 364
129 138 72 84 136 182
55 74 0 24 182 273
101 106 121 127 68 91
37 41 60 66 91 113
74 111 0 48 364 546
101 106 127 133 0 22
37 55 97 121 455 546
120 129 121 133 273 318
74 92 169 194 455 546
37 46 72 84 182 227
101 111 133 145 136 182
111 120 157 169 182 227
120 129 133 145 273 318
120 129 121 133 227 273
101 111 109 121 591 637
41 46 103 109 45 68
129 148 121 145 0 91
92 96 90 97 68 91
55 59 78 84 68 91
64 74 60 72 136 182
120 129 157 169 182 227
74 83 133 145 182 227
50 55 54 60 68 91
50 55 60 66 0 22
101 111 109 121 364 409
92 111 48 72 182 273
27 37 121 133 136 182
74 78 103 109 45 68
74 78 84 90 68 91
55 64 72 84 318 364
37 41 66 72 45 68
138 148 84 97 136 182
120 129 169 181 0 45
92 96 84 90 68 91
138 148 97 109 318 364
101 106 121 127 0 22
37 55 24 48 273 364
129 148 145 169 0 91
46 55 133 145 0 45
37 41 60 66 68 91
106 111 121 127 0 22
83 87 90 97 68 91
37 55 0 24 0 91
46 50 66 72 0 22
138 148 84 97 182 227
83 92 48 60 136 182
18 27 133 145 136 182
106 111 127 133 0 22
55 59 72 78 68 91
96 101 84 90 68 91
101 106 109 115 68 91
55 59 127 133 45 68
55 59 121 127 68 91
120 129 169 181 91 136
37 46 72 84 227 273
55 64 24 36 0 45
138 148 72 84 91 136
55 59 127 133 68 91
129 148 145 169 182 273
101 111 133 145 91 136
92 101 157 169 182 227
74 78 97 103 45 68
92 101 133 145 318 364
27 37 72 84 45 91
92 101 109 121 409 455
18 27 121 133 91 136
64 74 133 145 318 364
37 41 84 90 68 91
92 101 133 145 273 318
55 59 72 78 45 68
83 87 78 84 68 91
46 55 84 97 182 227
74 83 72 84 318 364
129 138 109 121 182 227
55 64 133 145 318 364
74 92 169 194 637 728
92 111 48 72 546 637
37 41 103 109 68 91
83 87 72 78 68 91
120 129 121 133 318 364
92 101 133 145 182 227
92 111 48 72 273 364
83 92 84 97 318 364
120 129 169 181 45 91
18 27 121 133 45 91
18 27 121 133 0 45
106 111 109 115 68 91
129 148 121 145 182 273
37 41 84 90 45 68
101 111 109 121 546 591
138 148 72 84 45 91
138 148 72 84 227 273
37 41 66 72 91 113
37 41 66 72 113 136
50 55 66 72 0 22
18 37 48 72 91 182
92 111 48 72 364 455
37 41 103 109 45 68
101 111 133 145 273 318
129 148 145 169 546 637
46 50 54 60 68 91
101 111 133 145 227 273
92 101 109 121 546 591
37 46 109 121 45 91
64 74 24 36 0 45
101 111 133 145 182 227
46 55 133 145 45 91
138 148 72 84 0 45
37 41 66 72 68 91
129 148 145 169 364 455
129 148 121 145 364 455
92 111 48 72 637 728
27 37 72 84 0 45
101 111 72 84 273 318
0 18 121 145 273 364
74 92 169 194 364 455
46 55 24 36 45 91
0 37 145 194 182 364
37 55 0 24 182 273
64 74 24 36 45 91
138 148 72 84 136 182
46 50 54 60 45 68
120 129 169 181 136 182
92 111 48 72 455 546
37 46 109 121 0 45
129 148 121 145 546 637
129 148 121 145 273 364
101 111 72 84 318 364
18 27 121 133 136 182
101 111 133 145 318 364
37 46 109 121 136 182
129 148 121 145 637 728
138 148 72 84 182 227
129 148 145 169 273 364
92 101 181 194 136 182
129 148 145 169 637 728
74 92 0 24 0 91
18 37 48 72 0 91
92 101 181 194 91 136
37 46 109 121 91 136
46 55 24 36 0 45
120 129 181 194 0 45
37 55 0 24 91 182
46 55 24 36 91 136
120 129 181 194 45 91
18 27 84 97 0 45
74 92 0 24 91 182
18 27 84 97 45 91
92 101 181 194 45 91
120 129 181 194 136 182
46 55 24 36 136 182
37 46 24 36 0 45
0 18 97 121 0 91
129 148 169 194 91 182
0 18 48 72 91 182
111 148 0 48 364 546
111 148 0 48 546 728
129 148 169 194 637 728
37 55 145 169 91 182
37 46 24 36 45 91
0 37 0 48 0 182
129 148 48 72 91 182
129 148 121 145 455 546
0 37 145 194 364 546
0 37 145 194 546 728
129 148 169 194 455 546
129 148 145 169 455 546
92 111 24 48 91 182
0 18 97 121 273 364
92 111 0 24 0 91
0 18 97 121 91 182
0 18 97 121 182 273
18 27 72 84 0 45
0 18 72 97 0 91
129 148 169 194 182 273
92 111 0 24 91 182
37 46 24 36 136 182
129 148 169 194 273 364
111 148 0 48 182 364
129 148 169 194 364 455
129 148 48 72 0 91
0 37 0 48 364 546
18 27 72 84 45 91
37 55 169 194 0 91
37 46 24 36 91 136
92 101 181 194 0 45
111 129 48 72 182 273
0 18 48 72 0 91
0 37 0 48 182 364
129 148 169 194 0 91
0 37 0 48 546 728
92 111 24 48 0 91
129 148 169 194 546 637
129 148 48 72 182 273
0 18 72 97 91 182
111 129 48 72 91 182
37 55 0 24 273 364
129 148 48 72 273 364
111 129 48 72 0 91
120 129 181 194 91 136
111 148 0 48 0 182
111 129 48 72 273 364
37 55 169 194 91 182
37 55 145 169 0 91
