134
111 148 97 145 182 364
55 74 72 97 0 91
0 74 0 97 364 728
74 92 72 97 0 91
92 111 97 121 0 91
0 74 97 194 364 728
37 74 0 48 0 182
74 92 97 121 0 91
55 74 48 72 0 91
74 92 97 121 91 182
74 111 97 145 364 546
37 55 48 72 91 182
111 148 48 97 0 182
92 111 121 145 0 91
37 55 72 97 0 91
55 74 97 121 0 91
55 74 121 145 0 91
92 111 72 97 0 91
0 37 97 145 0 182
92 111 145 169 0 91
74 111 145 194 182 364
92 111 97 121 91 182
74 111 97 145 546 728
55 74 72 97 91 182
74 92 72 97 91 182
55 74 121 145 91 182
92 111 72 97 91 182
111 129 121 145 0 91
111 129 145 169 0 91
55 74 97 121 91 182
37 55 97 121 0 91
74 92 121 145 0 91
74 111 48 97 364 546
74 92 97 121 182 273
92 111 97 121 182 273
111 148 145 194 182 364
37 55 72 97 91 182
111 129 97 121 0 91
111 148 97 145 364 546
129 148 97 121 0 91
111 148 48 97 182 364
92 111 72 97 182 273
74 92 121 145 91 182
74 92 145 169 0 91
74 92 72 97 182 273
92 111 121 145 91 182
74 111 48 97 546 728
74 92 48 72 0 91
111 129 121 145 91 182
129 148 97 121 91 182
92 111 169 194 0 91
55 74 121 145 182 273
111 129 97 121 91 182
92 111 145 169 91 182
55 74 72 97 182 273
0 37 48 97 0 182
74 92 48 72 91 182
55 74 48 72 91 182
55 74 97 121 182 273
111 129 145 169 91 182
111 129 169 194 0 91
37 55 97 121 91 182
74 111 145 194 364 546
37 55 48 72 182 273
74 111 145 194 546 728
37 74 145 194 0 182
46 55 60 72 45 91
74 92 97 121 273 364
74 92 145 169 91 182
92 111 97 121 273 364
111 148 97 145 546 728
74 92 121 145 182 273
37 55 121 145 0 91
0 37 97 145 182 364
92 111 121 145 182 273
111 148 145 194 364 546
92 111 72 97 273 364
55 74 121 145 273 364
55 74 72 97 273 364
37 46 60 72 45 91
111 148 145 194 546 728
37 55 72 97 182 273
74 92 72 97 273 364
37 74 0 48 182 364
46 55 48 60 45 91
92 111 121 145 273 364
46 55 60 72 0 45
92 111 169 194 91 182
74 111 0 48 0 182
111 129 169 194 91 182
55 74 48 72 182 273
37 46 60 72 0 45
46 55 48 60 0 45
74 92 121 145 273 364
37 55 121 145 91 182
37 46 48 60 45 91
74 92 169 194 0 91
55 74 97 121 273 364
37 55 48 72 273 364
37 55 72 97 273 364
74 92 48 72 182 273
111 148 48 97 364 546
37 55 97 121 182 273
111 148 48 97 546 728
0 37 48 97 182 364
37 46 48 60 0 45
37 74 145 194 182 364
37 55 121 145 182 273
55 74 48 72 273 364
92 111 48 72 0 91
74 92 48 72 273 364
37 55 97 121 273 364
74 92 169 194 91 182
129 148 121 145 91 182
37 55 121 145 273 364
74 111 0 48 182 364
129 148 121 145 0 91
92 111 48 72 91 182
129 148 145 169 0 91
92 111 48 72 182 273
74 111 0 48 546 728
0 37 145 194 0 182
129 148 145 169 91 182
74 111 0 48 364 546
92 111 48 72 273 364
0 37 145 194 182 364
0 37 0 48 0 182
0 37 0 48 182 364
111 148 0 48 0 182
111 148 0 48 182 364
129 148 169 194 91 182
111 148 0 48 546 728
129 148 169 194 0 91
111 148 0 48 364 546
