26
0 256 0 256 32 64
0 256 0 256 192 320
0 256 0 256 320 728
0 256 0 256 64 96
0 256 0 256 128 192
0 256 256 386 64 192
0 256 256 386 192 728
0 256 0 256 96 128
0 256 256 386 0 64
0 256 0 256 0 32
256 294 0 256 32 64
256 294 0 256 384 728
256 294 0 256 64 96
256 294 256 386 32 64
256 294 0 256 224 288
256 294 256 386 128 224
256 294 256 386 224 352
256 294 0 256 160 224
256 294 256 386 352 728
256 294 0 256 96 128
256 294 0 256 288 384
256 294 256 386 64 96
256 294 0 256 128 160
256 294 256 386 96 128
256 294 0 256 0 32
256 294 256 386 0 32
