32
192 224 256 386 0 128
192 224 0 224 0 192
192 224 224 256 0 728
128 160 224 386 128 728
160 192 0 192 128 728
160 192 192 386 128 256
0 96 128 386 128 728
96 128 0 192 128 728
224 294 192 386 0 64
224 294 192 386 64 128
160 192 0 192 0 128
0 96 0 128 0 728
192 224 0 224 192 728
0 96 128 386 64 128
128 160 224 386 0 128
192 224 256 386 128 728
128 160 0 224 0 64
128 160 0 224 64 128
160 192 192 386 256 728
224 294 192 386 320 728
96 128 192 386 0 128
224 294 192 386 192 320
224 294 0 192 0 728
96 128 192 386 128 728
160 192 192 386 0 64
0 96 128 386 0 64
160 192 192 386 64 128
128 160 0 224 128 256
96 128 0 192 0 64
128 160 0 224 256 728
96 128 0 192 64 128
224 294 192 386 128 192
