32
0 128 192 320 64 128
0 128 128 320 192 320
128 192 128 192 64 160
128 192 256 320 96 416
192 256 320 386 0 480
192 256 192 256 0 96
128 192 192 320 32 64
0 128 0 128 0 96
0 128 0 128 96 728
192 294 0 386 480 728
128 192 128 320 416 728
0 128 192 320 0 64
192 256 0 192 128 480
0 128 128 320 128 192
128 192 192 256 96 192
192 256 192 320 160 256
0 128 128 320 320 728
128 192 128 192 160 416
0 128 128 192 64 128
128 192 0 128 64 728
128 192 0 320 0 32
128 192 192 256 192 416
192 256 192 320 256 480
128 192 0 192 32 64
256 294 0 386 128 480
192 256 192 320 96 160
256 294 0 386 0 128
192 256 0 192 0 128
0 192 320 386 0 728
192 256 256 320 0 96
128 192 192 320 64 96
0 128 128 192 0 64
