60
128 192 128 160 0 192
160 224 224 256 128 448
224 256 192 256 0 320
160 192 192 256 0 128
96 128 160 224 0 256
160 224 256 288 0 384
160 256 128 192 192 448
128 294 256 386 384 704
192 224 192 256 0 128
96 128 64 128 0 256
192 224 288 352 0 192
128 256 64 128 0 256
160 224 192 224 128 320
192 256 128 192 0 192
96 160 256 320 64 320
0 96 64 128 0 192
160 192 288 386 0 384
128 160 192 224 0 256
128 160 160 192 0 192
128 160 224 256 0 256
224 294 288 352 0 192
0 96 160 192 0 384
0 96 256 320 0 320
0 96 192 224 0 384
160 192 160 192 0 192
256 294 192 256 0 192
96 128 128 160 0 256
224 294 256 288 0 320
0 128 224 256 0 192
128 224 192 256 512 728
192 294 352 386 0 384
128 160 128 192 192 640
0 128 64 160 256 728
256 294 0 256 192 448
192 294 288 352 192 384
0 96 128 160 0 192
256 294 0 192 0 192
96 160 256 320 0 64
128 160 192 256 256 512
160 224 192 224 320 512
0 128 160 224 384 728
160 256 128 192 448 640
0 160 320 386 0 384
224 256 192 256 320 728
0 128 224 256 192 728
128 256 64 128 256 728
0 96 64 160 192 256
256 294 0 256 448 728
96 128 160 224 256 384
128 256 128 192 640 728
0 160 256 320 320 384
0 256 0 64 64 728
32 128 256 386 384 512
32 128 256 386 512 728
224 294 256 288 320 384
160 294 256 386 704 728
0 256 0 64 0 64
160 224 224 256 448 512
128 160 256 386 704 728
0 32 256 386 384 728
