32
64 128 64 128 32 64
64 128 64 128 224 352
64 128 64 128 352 728
0 64 0 194 32 64
0 64 0 194 96 160
64 128 128 194 0 64
0 64 0 194 256 728
64 128 0 64 0 728
64 128 64 128 64 96
64 128 128 194 256 728
0 64 0 194 64 96
64 128 64 128 160 224
64 128 128 194 128 256
64 128 128 194 64 128
0 64 0 194 160 256
64 128 64 128 96 128
64 128 64 128 128 160
64 128 64 128 0 32
0 64 0 194 0 32
128 148 128 194 0 64
128 148 128 194 288 728
128 148 0 128 256 384
128 148 0 128 32 64
128 148 0 128 128 192
128 148 0 128 384 728
128 148 128 194 160 288
128 148 0 128 64 96
128 148 0 128 192 256
128 148 128 194 96 160
128 148 0 128 96 128
128 148 128 194 64 96
128 148 0 128 0 32
