47
160 192 96 160 0 728
224 256 256 320 0 728
160 192 192 224 0 512
256 294 224 320 0 728
128 160 192 224 0 728
128 160 256 320 0 728
160 192 224 256 0 728
128 160 160 192 0 728
64 96 96 160 0 728
128 160 0 128 0 728
192 224 288 352 0 512
160 192 160 192 0 728
64 96 160 224 0 728
192 224 192 224 0 728
0 64 0 192 0 728
96 128 64 128 0 728
160 192 288 352 0 728
256 294 0 224 0 728
192 224 224 256 0 728
224 256 0 192 0 728
128 160 224 256 0 728
128 160 128 160 0 728
96 128 160 192 0 728
96 128 256 386 0 728
64 96 224 386 0 728
96 128 128 160 0 728
96 128 192 224 0 728
160 192 256 288 0 728
192 224 256 288 0 728
192 224 160 192 0 728
224 256 192 224 0 728
0 64 192 386 0 512
192 224 0 160 0 728
224 256 224 256 0 728
96 128 224 256 0 728
224 256 320 386 0 728
64 96 0 96 0 728
256 294 320 386 0 512
128 160 320 386 0 728
192 224 352 386 0 728
160 192 352 386 0 728
160 192 0 96 0 728
96 128 0 64 0 728
160 192 192 224 512 728
192 224 288 352 512 728
0 64 192 386 512 728
256 294 320 386 512 728
