45
0 64 96 194 0 96
0 64 64 96 0 96
64 96 96 128 128 256
96 128 128 160 0 128
96 128 96 128 96 288
0 64 64 96 96 480
64 96 64 96 32 96
64 96 64 96 192 728
96 128 160 194 0 256
0 64 96 194 96 256
96 128 96 128 0 96
0 64 0 64 0 96
64 96 128 194 0 96
64 96 96 128 256 728
128 148 0 128 0 192
64 96 128 194 96 288
64 96 96 128 64 128
96 128 128 160 128 384
64 96 0 64 0 256
64 96 96 128 0 64
96 128 0 96 0 192
64 96 64 96 96 192
0 64 0 64 96 256
128 148 0 128 192 448
96 128 96 128 288 480
96 128 160 194 256 728
0 64 96 194 256 480
96 128 96 128 480 728
96 128 0 96 192 320
0 64 0 64 256 728
64 96 128 194 384 728
64 96 64 96 0 32
96 128 128 160 448 728
64 96 0 64 256 728
0 64 96 194 480 728
64 96 128 194 288 384
96 128 0 96 480 728
96 128 0 96 320 480
0 64 64 96 480 608
96 128 128 160 384 448
128 148 128 194 0 728
128 148 0 128 544 728
0 64 64 96 672 728
128 148 0 128 448 544
0 64 64 96 608 672
