32
64 96 0 96 0 64
96 148 128 194 0 64
0 64 128 194 0 728
64 96 0 96 64 128
96 148 0 96 128 728
0 64 64 96 128 728
0 64 96 128 0 128
64 96 0 96 128 256
96 148 128 194 256 728
64 96 0 96 256 728
64 96 128 194 64 192
96 148 96 128 64 128
96 148 128 194 128 256
96 148 96 128 320 728
0 64 64 96 64 128
96 148 96 128 0 64
96 148 128 194 64 128
64 96 96 128 64 128
96 148 0 96 0 128
64 96 128 194 192 728
64 96 96 128 0 64
96 148 96 128 192 320
64 96 96 128 128 192
0 64 96 128 128 728
0 64 0 64 128 728
64 96 96 128 192 320
0 64 64 96 0 64
0 64 0 64 0 64
64 96 96 128 320 728
64 96 128 194 0 64
96 148 96 128 128 192
0 64 0 64 64 128
