128
0 37 0 49 0 91
0 37 0 49 91 182
0 37 0 49 182 273
0 37 0 49 273 364
0 37 0 49 364 455
0 37 0 49 455 546
0 37 0 49 546 637
0 37 0 49 637 728
0 37 49 97 0 91
0 37 49 97 91 182
0 37 49 97 182 273
0 37 49 97 273 364
0 37 49 97 364 455
0 37 49 97 455 546
0 37 49 97 546 637
0 37 49 97 637 728
0 37 97 145 0 91
0 37 97 145 91 182
0 37 97 145 182 273
0 37 97 145 273 364
0 37 97 145 364 455
0 37 97 145 455 546
0 37 97 145 546 637
0 37 97 145 637 728
0 37 145 194 0 91
0 37 145 194 91 182
0 37 145 194 182 273
0 37 145 194 273 364
0 37 145 194 364 455
0 37 145 194 455 546
0 37 145 194 546 637
0 37 145 194 637 728
37 74 0 49 0 91
37 74 0 49 91 182
37 74 0 49 182 273
37 74 0 49 273 364
37 74 0 49 364 455
37 74 0 49 455 546
37 74 0 49 546 637
37 74 0 49 637 728
37 74 49 97 0 91
37 74 49 97 91 182
37 74 49 97 182 273
37 74 49 97 273 364
37 74 49 97 364 455
37 74 49 97 455 546
37 74 49 97 546 637
37 74 49 97 637 728
37 74 97 145 0 91
37 74 97 145 91 182
37 74 97 145 182 273
37 74 97 145 273 364
37 74 97 145 364 455
37 74 97 145 455 546
37 74 97 145 546 637
37 74 97 145 637 728
37 74 145 194 0 91
37 74 145 194 91 182
37 74 145 194 182 273
37 74 145 194 273 364
37 74 145 194 364 455
37 74 145 194 455 546
37 74 145 194 546 637
37 74 145 194 637 728
74 110 0 49 0 91
74 110 0 49 91 182
74 110 0 49 182 273
74 110 0 49 273 364
74 110 0 49 364 455
74 110 0 49 455 546
74 110 0 49 546 637
74 110 0 49 637 728
74 110 49 97 0 91
74 110 49 97 91 182
74 110 49 97 182 273
74 110 49 97 273 364
74 110 49 97 364 455
74 110 49 97 455 546
74 110 49 97 546 637
74 110 49 97 637 728
74 110 97 145 0 91
74 110 97 145 91 182
74 110 97 145 182 273
74 110 97 145 273 364
74 110 97 145 364 455
74 110 97 145 455 546
74 110 97 145 546 637
74 110 97 145 637 728
74 110 145 194 0 91
74 110 145 194 91 182
74 110 145 194 182 273
74 110 145 194 273 364
74 110 145 194 364 455
74 110 145 194 455 546
74 110 145 194 546 637
74 110 145 194 637 728
110 148 0 49 0 91
110 148 0 49 91 182
110 148 0 49 182 273
110 148 0 49 273 364
110 148 0 49 364 455
110 148 0 49 455 546
110 148 0 49 546 637
110 148 0 49 637 728
110 148 49 97 0 91
110 148 49 97 91 182
110 148 49 97 182 273
110 148 49 97 273 364
110 148 49 97 364 455
110 148 49 97 455 546
110 148 49 97 546 637
110 148 49 97 637 728
110 148 97 145 0 91
110 148 97 145 91 182
110 148 97 145 182 273
110 148 97 145 273 364
110 148 97 145 364 455
110 148 97 145 455 546
110 148 97 145 546 637
110 148 97 145 637 728
110 148 145 194 0 91
110 148 145 194 91 182
110 148 145 194 182 273
110 148 145 194 273 364
110 148 145 194 364 455
110 148 145 194 455 546
110 148 145 194 546 637
110 148 145 194 637 728
