24
128 192 192 256 0 448
192 256 256 386 0 384
128 192 0 192 0 256
192 256 0 256 0 288
0 128 0 192 0 160
0 128 192 386 0 728
128 192 256 386 0 288
128 192 0 192 256 728
256 294 0 256 0 192
0 128 0 192 160 352
192 256 0 256 288 480
192 256 256 386 384 728
192 256 0 256 480 728
256 294 0 256 192 448
128 192 256 386 288 728
128 192 192 256 448 728
0 128 0 192 480 728
0 128 0 192 352 480
256 294 0 256 512 728
256 294 256 386 0 224
256 294 0 256 448 512
256 294 256 386 320 728
256 294 256 386 224 288
256 294 256 386 288 320
