128
0 74 0 97 0 91
0 74 0 97 91 182
0 74 0 97 182 273
0 74 0 97 273 364
0 74 0 97 364 455
0 74 0 97 455 546
0 74 0 97 546 637
0 74 0 97 637 728
0 74 97 193 0 91
0 74 97 193 91 182
0 74 97 193 182 273
0 74 97 193 273 364
0 74 97 193 364 455
0 74 97 193 455 546
0 74 97 193 546 637
0 74 97 193 637 728
0 74 193 289 0 91
0 74 193 289 91 182
0 74 193 289 182 273
0 74 193 289 273 364
0 74 193 289 364 455
0 74 193 289 455 546
0 74 193 289 546 637
0 74 193 289 637 728
0 74 289 386 0 91
0 74 289 386 91 182
0 74 289 386 182 273
0 74 289 386 273 364
0 74 289 386 364 455
0 74 289 386 455 546
0 74 289 386 546 637
0 74 289 386 637 728
74 147 0 97 0 91
74 147 0 97 91 182
74 147 0 97 182 273
74 147 0 97 273 364
74 147 0 97 364 455
74 147 0 97 455 546
74 147 0 97 546 637
74 147 0 97 637 728
74 147 97 193 0 91
74 147 97 193 91 182
74 147 97 193 182 273
74 147 97 193 273 364
74 147 97 193 364 455
74 147 97 193 455 546
74 147 97 193 546 637
74 147 97 193 637 728
74 147 193 289 0 91
74 147 193 289 91 182
74 147 193 289 182 273
74 147 193 289 273 364
74 147 193 289 364 455
74 147 193 289 455 546
74 147 193 289 546 637
74 147 193 289 637 728
74 147 289 386 0 91
74 147 289 386 91 182
74 147 289 386 182 273
74 147 289 386 273 364
74 147 289 386 364 455
74 147 289 386 455 546
74 147 289 386 546 637
74 147 289 386 637 728
147 220 0 97 0 91
147 220 0 97 91 182
147 220 0 97 182 273
147 220 0 97 273 364
147 220 0 97 364 455
147 220 0 97 455 546
147 220 0 97 546 637
147 220 0 97 637 728
147 220 97 193 0 91
147 220 97 193 91 182
147 220 97 193 182 273
147 220 97 193 273 364
147 220 97 193 364 455
147 220 97 193 455 546
147 220 97 193 546 637
147 220 97 193 637 728
147 220 193 289 0 91
147 220 193 289 91 182
147 220 193 289 182 273
147 220 193 289 273 364
147 220 193 289 364 455
147 220 193 289 455 546
147 220 193 289 546 637
147 220 193 289 637 728
147 220 289 386 0 91
147 220 289 386 91 182
147 220 289 386 182 273
147 220 289 386 273 364
147 220 289 386 364 455
147 220 289 386 455 546
147 220 289 386 546 637
147 220 289 386 637 728
220 294 0 97 0 91
220 294 0 97 91 182
220 294 0 97 182 273
220 294 0 97 273 364
220 294 0 97 364 455
220 294 0 97 455 546
220 294 0 97 546 637
220 294 0 97 637 728
220 294 97 193 0 91
220 294 97 193 91 182
220 294 97 193 182 273
220 294 97 193 273 364
220 294 97 193 364 455
220 294 97 193 455 546
220 294 97 193 546 637
220 294 97 193 637 728
220 294 193 289 0 91
220 294 193 289 91 182
220 294 193 289 182 273
220 294 193 289 273 364
220 294 193 289 364 455
220 294 193 289 455 546
220 294 193 289 546 637
220 294 193 289 637 728
220 294 289 386 0 91
220 294 289 386 91 182
220 294 289 386 182 273
220 294 289 386 273 364
220 294 289 386 364 455
220 294 289 386 455 546
220 294 289 386 546 637
220 294 289 386 637 728
