512
0 10 0 13 0 364
0 10 0 13 364 728
0 10 13 25 0 364
0 10 13 25 364 728
0 10 25 37 0 364
0 10 25 37 364 728
0 10 37 49 0 364
0 10 37 49 364 728
0 10 49 61 0 364
0 10 49 61 364 728
0 10 61 73 0 364
0 10 61 73 364 728
0 10 73 85 0 364
0 10 73 85 364 728
0 10 85 97 0 364
0 10 85 97 364 728
0 10 97 109 0 364
0 10 97 109 364 728
0 10 109 121 0 364
0 10 109 121 364 728
0 10 121 133 0 364
0 10 121 133 364 728
0 10 133 145 0 364
0 10 133 145 364 728
0 10 145 157 0 364
0 10 145 157 364 728
0 10 157 169 0 364
0 10 157 169 364 728
0 10 169 181 0 364
0 10 169 181 364 728
0 10 181 194 0 364
0 10 181 194 364 728
10 19 0 13 0 364
10 19 0 13 364 728
10 19 13 25 0 364
10 19 13 25 364 728
10 19 25 37 0 364
10 19 25 37 364 728
10 19 37 49 0 364
10 19 37 49 364 728
10 19 49 61 0 364
10 19 49 61 364 728
10 19 61 73 0 364
10 19 61 73 364 728
10 19 73 85 0 364
10 19 73 85 364 728
10 19 85 97 0 364
10 19 85 97 364 728
10 19 97 109 0 364
10 19 97 109 364 728
10 19 109 121 0 364
10 19 109 121 364 728
10 19 121 133 0 364
10 19 121 133 364 728
10 19 133 145 0 364
10 19 133 145 364 728
10 19 145 157 0 364
10 19 145 157 364 728
10 19 157 169 0 364
10 19 157 169 364 728
10 19 169 181 0 364
10 19 169 181 364 728
10 19 181 194 0 364
10 19 181 194 364 728
19 28 0 13 0 364
19 28 0 13 364 728
19 28 13 25 0 364
19 28 13 25 364 728
19 28 25 37 0 364
19 28 25 37 364 728
19 28 37 49 0 364
19 28 37 49 364 728
19 28 49 61 0 364
19 28 49 61 364 728
19 28 61 73 0 364
19 28 61 73 364 728
19 28 73 85 0 364
19 28 73 85 364 728
19 28 85 97 0 364
19 28 85 97 364 728
19 28 97 109 0 364
19 28 97 109 364 728
19 28 109 121 0 364
19 28 109 121 364 728
19 28 121 133 0 364
19 28 121 133 364 728
19 28 133 145 0 364
19 28 133 145 364 728
19 28 145 157 0 364
19 28 145 157 364 728
19 28 157 169 0 364
19 28 157 169 364 728
19 28 169 181 0 364
19 28 169 181 364 728
19 28 181 194 0 364
19 28 181 194 364 728
28 37 0 13 0 364
28 37 0 13 364 728
28 37 13 25 0 364
28 37 13 25 364 728
28 37 25 37 0 364
28 37 25 37 364 728
28 37 37 49 0 364
28 37 37 49 364 728
28 37 49 61 0 364
28 37 49 61 364 728
28 37 61 73 0 364
28 37 61 73 364 728
28 37 73 85 0 364
28 37 73 85 364 728
28 37 85 97 0 364
28 37 85 97 364 728
28 37 97 109 0 364
28 37 97 109 364 728
28 37 109 121 0 364
28 37 109 121 364 728
28 37 121 133 0 364
28 37 121 133 364 728
28 37 133 145 0 364
28 37 133 145 364 728
28 37 145 157 0 364
28 37 145 157 364 728
28 37 157 169 0 364
28 37 157 169 364 728
28 37 169 181 0 364
28 37 169 181 364 728
28 37 181 194 0 364
28 37 181 194 364 728
37 46 0 13 0 364
37 46 0 13 364 728
37 46 13 25 0 364
37 46 13 25 364 728
37 46 25 37 0 364
37 46 25 37 364 728
37 46 37 49 0 364
37 46 37 49 364 728
37 46 49 61 0 364
37 46 49 61 364 728
37 46 61 73 0 364
37 46 61 73 364 728
37 46 73 85 0 364
37 46 73 85 364 728
37 46 85 97 0 364
37 46 85 97 364 728
37 46 97 109 0 364
37 46 97 109 364 728
37 46 109 121 0 364
37 46 109 121 364 728
37 46 121 133 0 364
37 46 121 133 364 728
37 46 133 145 0 364
37 46 133 145 364 728
37 46 145 157 0 364
37 46 145 157 364 728
37 46 157 169 0 364
37 46 157 169 364 728
37 46 169 181 0 364
37 46 169 181 364 728
37 46 181 194 0 364
37 46 181 194 364 728
46 55 0 13 0 364
46 55 0 13 364 728
46 55 13 25 0 364
46 55 13 25 364 728
46 55 25 37 0 364
46 55 25 37 364 728
46 55 37 49 0 364
46 55 37 49 364 728
46 55 49 61 0 364
46 55 49 61 364 728
46 55 61 73 0 364
46 55 61 73 364 728
46 55 73 85 0 364
46 55 73 85 364 728
46 55 85 97 0 364
46 55 85 97 364 728
46 55 97 109 0 364
46 55 97 109 364 728
46 55 109 121 0 364
46 55 109 121 364 728
46 55 121 133 0 364
46 55 121 133 364 728
46 55 133 145 0 364
46 55 133 145 364 728
46 55 145 157 0 364
46 55 145 157 364 728
46 55 157 169 0 364
46 55 157 169 364 728
46 55 169 181 0 364
46 55 169 181 364 728
46 55 181 194 0 364
46 55 181 194 364 728
55 64 0 13 0 364
55 64 0 13 364 728
55 64 13 25 0 364
55 64 13 25 364 728
55 64 25 37 0 364
55 64 25 37 364 728
55 64 37 49 0 364
55 64 37 49 364 728
55 64 49 61 0 364
55 64 49 61 364 728
55 64 61 73 0 364
55 64 61 73 364 728
55 64 73 85 0 364
55 64 73 85 364 728
55 64 85 97 0 364
55 64 85 97 364 728
55 64 97 109 0 364
55 64 97 109 364 728
55 64 109 121 0 364
55 64 109 121 364 728
55 64 121 133 0 364
55 64 121 133 364 728
55 64 133 145 0 364
55 64 133 145 364 728
55 64 145 157 0 364
55 64 145 157 364 728
55 64 157 169 0 364
55 64 157 169 364 728
55 64 169 181 0 364
55 64 169 181 364 728
55 64 181 194 0 364
55 64 181 194 364 728
64 74 0 13 0 364
64 74 0 13 364 728
64 74 13 25 0 364
64 74 13 25 364 728
64 74 25 37 0 364
64 74 25 37 364 728
64 74 37 49 0 364
64 74 37 49 364 728
64 74 49 61 0 364
64 74 49 61 364 728
64 74 61 73 0 364
64 74 61 73 364 728
64 74 73 85 0 364
64 74 73 85 364 728
64 74 85 97 0 364
64 74 85 97 364 728
64 74 97 109 0 364
64 74 97 109 364 728
64 74 109 121 0 364
64 74 109 121 364 728
64 74 121 133 0 364
64 74 121 133 364 728
64 74 133 145 0 364
64 74 133 145 364 728
64 74 145 157 0 364
64 74 145 157 364 728
64 74 157 169 0 364
64 74 157 169 364 728
64 74 169 181 0 364
64 74 169 181 364 728
64 74 181 194 0 364
64 74 181 194 364 728
74 83 0 13 0 364
74 83 0 13 364 728
74 83 13 25 0 364
74 83 13 25 364 728
74 83 25 37 0 364
74 83 25 37 364 728
74 83 37 49 0 364
74 83 37 49 364 728
74 83 49 61 0 364
74 83 49 61 364 728
74 83 61 73 0 364
74 83 61 73 364 728
74 83 73 85 0 364
74 83 73 85 364 728
74 83 85 97 0 364
74 83 85 97 364 728
74 83 97 109 0 364
74 83 97 109 364 728
74 83 109 121 0 364
74 83 109 121 364 728
74 83 121 133 0 364
74 83 121 133 364 728
74 83 133 145 0 364
74 83 133 145 364 728
74 83 145 157 0 364
74 83 145 157 364 728
74 83 157 169 0 364
74 83 157 169 364 728
74 83 169 181 0 364
74 83 169 181 364 728
74 83 181 194 0 364
74 83 181 194 364 728
83 92 0 13 0 364
83 92 0 13 364 728
83 92 13 25 0 364
83 92 13 25 364 728
83 92 25 37 0 364
83 92 25 37 364 728
83 92 37 49 0 364
83 92 37 49 364 728
83 92 49 61 0 364
83 92 49 61 364 728
83 92 61 73 0 364
83 92 61 73 364 728
83 92 73 85 0 364
83 92 73 85 364 728
83 92 85 97 0 364
83 92 85 97 364 728
83 92 97 109 0 364
83 92 97 109 364 728
83 92 109 121 0 364
83 92 109 121 364 728
83 92 121 133 0 364
83 92 121 133 364 728
83 92 133 145 0 364
83 92 133 145 364 728
83 92 145 157 0 364
83 92 145 157 364 728
83 92 157 169 0 364
83 92 157 169 364 728
83 92 169 181 0 364
83 92 169 181 364 728
83 92 181 194 0 364
83 92 181 194 364 728
92 101 0 13 0 364
92 101 0 13 364 728
92 101 13 25 0 364
92 101 13 25 364 728
92 101 25 37 0 364
92 101 25 37 364 728
92 101 37 49 0 364
92 101 37 49 364 728
92 101 49 61 0 364
92 101 49 61 364 728
92 101 61 73 0 364
92 101 61 73 364 728
92 101 73 85 0 364
92 101 73 85 364 728
92 101 85 97 0 364
92 101 85 97 364 728
92 101 97 109 0 364
92 101 97 109 364 728
92 101 109 121 0 364
92 101 109 121 364 728
92 101 121 133 0 364
92 101 121 133 364 728
92 101 133 145 0 364
92 101 133 145 364 728
92 101 145 157 0 364
92 101 145 157 364 728
92 101 157 169 0 364
92 101 157 169 364 728
92 101 169 181 0 364
92 101 169 181 364 728
92 101 181 194 0 364
92 101 181 194 364 728
101 110 0 13 0 364
101 110 0 13 364 728
101 110 13 25 0 364
101 110 13 25 364 728
101 110 25 37 0 364
101 110 25 37 364 728
101 110 37 49 0 364
101 110 37 49 364 728
101 110 49 61 0 364
101 110 49 61 364 728
101 110 61 73 0 364
101 110 61 73 364 728
101 110 73 85 0 364
101 110 73 85 364 728
101 110 85 97 0 364
101 110 85 97 364 728
101 110 97 109 0 364
101 110 97 109 364 728
101 110 109 121 0 364
101 110 109 121 364 728
101 110 121 133 0 364
101 110 121 133 364 728
101 110 133 145 0 364
101 110 133 145 364 728
101 110 145 157 0 364
101 110 145 157 364 728
101 110 157 169 0 364
101 110 157 169 364 728
101 110 169 181 0 364
101 110 169 181 364 728
101 110 181 194 0 364
101 110 181 194 364 728
110 119 0 13 0 364
110 119 0 13 364 728
110 119 13 25 0 364
110 119 13 25 364 728
110 119 25 37 0 364
110 119 25 37 364 728
110 119 37 49 0 364
110 119 37 49 364 728
110 119 49 61 0 364
110 119 49 61 364 728
110 119 61 73 0 364
110 119 61 73 364 728
110 119 73 85 0 364
110 119 73 85 364 728
110 119 85 97 0 364
110 119 85 97 364 728
110 119 97 109 0 364
110 119 97 109 364 728
110 119 109 121 0 364
110 119 109 121 364 728
110 119 121 133 0 364
110 119 121 133 364 728
110 119 133 145 0 364
110 119 133 145 364 728
110 119 145 157 0 364
110 119 145 157 364 728
110 119 157 169 0 364
110 119 157 169 364 728
110 119 169 181 0 364
110 119 169 181 364 728
110 119 181 194 0 364
110 119 181 194 364 728
119 128 0 13 0 364
119 128 0 13 364 728
119 128 13 25 0 364
119 128 13 25 364 728
119 128 25 37 0 364
119 128 25 37 364 728
119 128 37 49 0 364
119 128 37 49 364 728
119 128 49 61 0 364
119 128 49 61 364 728
119 128 61 73 0 364
119 128 61 73 364 728
119 128 73 85 0 364
119 128 73 85 364 728
119 128 85 97 0 364
119 128 85 97 364 728
119 128 97 109 0 364
119 128 97 109 364 728
119 128 109 121 0 364
119 128 109 121 364 728
119 128 121 133 0 364
119 128 121 133 364 728
119 128 133 145 0 364
119 128 133 145 364 728
119 128 145 157 0 364
119 128 145 157 364 728
119 128 157 169 0 364
119 128 157 169 364 728
119 128 169 181 0 364
119 128 169 181 364 728
119 128 181 194 0 364
119 128 181 194 364 728
128 137 0 13 0 364
128 137 0 13 364 728
128 137 13 25 0 364
128 137 13 25 364 728
128 137 25 37 0 364
128 137 25 37 364 728
128 137 37 49 0 364
128 137 37 49 364 728
128 137 49 61 0 364
128 137 49 61 364 728
128 137 61 73 0 364
128 137 61 73 364 728
128 137 73 85 0 364
128 137 73 85 364 728
128 137 85 97 0 364
128 137 85 97 364 728
128 137 97 109 0 364
128 137 97 109 364 728
128 137 109 121 0 364
128 137 109 121 364 728
128 137 121 133 0 364
128 137 121 133 364 728
128 137 133 145 0 364
128 137 133 145 364 728
128 137 145 157 0 364
128 137 145 157 364 728
128 137 157 169 0 364
128 137 157 169 364 728
128 137 169 181 0 364
128 137 169 181 364 728
128 137 181 194 0 364
128 137 181 194 364 728
137 148 0 13 0 364
137 148 0 13 364 728
137 148 13 25 0 364
137 148 13 25 364 728
137 148 25 37 0 364
137 148 25 37 364 728
137 148 37 49 0 364
137 148 37 49 364 728
137 148 49 61 0 364
137 148 49 61 364 728
137 148 61 73 0 364
137 148 61 73 364 728
137 148 73 85 0 364
137 148 73 85 364 728
137 148 85 97 0 364
137 148 85 97 364 728
137 148 97 109 0 364
137 148 97 109 364 728
137 148 109 121 0 364
137 148 109 121 364 728
137 148 121 133 0 364
137 148 121 133 364 728
137 148 133 145 0 364
137 148 133 145 364 728
137 148 145 157 0 364
137 148 145 157 364 728
137 148 157 169 0 364
137 148 157 169 364 728
137 148 169 181 0 364
137 148 169 181 364 728
137 148 181 194 0 364
137 148 181 194 364 728
