44
192 224 288 386 0 384
96 160 256 386 0 320
160 192 0 192 0 192
224 294 224 288 0 320
96 160 96 128 0 728
96 160 160 192 0 256
160 192 224 288 0 384
0 96 160 224 0 384
192 224 0 224 128 704
0 96 0 160 0 192
96 160 224 256 0 256
192 224 224 288 0 256
224 294 288 386 0 384
224 294 0 224 0 192
96 160 192 224 0 256
96 160 128 160 0 192
160 192 192 224 0 256
160 192 288 386 0 728
192 224 0 224 0 128
224 294 0 224 192 448
0 96 224 386 0 256
96 160 0 96 0 728
160 192 0 192 256 728
96 160 128 160 192 728
96 160 224 256 256 728
96 160 160 192 320 728
160 192 192 224 256 728
0 96 0 160 192 576
96 160 256 386 320 728
96 160 192 224 256 728
192 224 224 288 256 640
224 294 224 288 320 728
192 224 288 386 384 728
224 294 288 386 384 728
160 192 0 192 192 256
224 294 0 224 448 728
160 192 224 288 384 728
96 160 160 192 256 320
0 96 160 224 384 728
0 96 224 386 320 728
0 96 224 386 256 320
0 96 0 160 576 728
192 224 224 288 640 728
192 224 0 224 704 728
