60
64 96 96 128 64 128
96 128 128 160 64 192
0 64 96 128 96 480
0 64 96 128 0 96
0 64 64 96 96 256
64 96 0 64 0 256
64 96 96 128 288 728
96 128 96 128 32 96
64 96 96 128 0 64
96 128 160 194 0 128
64 96 96 128 128 192
64 96 64 96 256 728
96 128 0 96 0 192
64 96 64 96 96 192
0 64 0 64 64 160
64 96 128 160 0 96
64 96 128 160 96 288
0 64 64 96 0 64
0 64 0 64 0 64
96 128 128 160 0 64
96 128 96 128 96 192
64 96 64 96 32 64
64 96 96 128 192 288
128 148 96 128 0 192
0 64 64 96 64 96
0 64 128 194 96 320
64 96 64 96 64 96
96 128 128 160 192 384
96 128 96 128 192 288
0 64 128 194 0 96
96 128 96 128 288 480
96 128 160 194 256 728
64 96 160 194 0 160
96 128 96 128 480 728
64 96 64 96 192 256
64 96 128 160 288 728
0 64 64 96 256 480
96 128 160 194 128 256
96 128 0 96 192 320
128 148 96 128 192 448
128 148 0 96 96 448
96 128 128 160 384 728
0 64 0 64 256 728
96 128 0 96 320 728
0 64 0 64 160 256
64 96 64 96 0 32
96 128 96 128 0 32
64 96 160 194 160 728
64 96 0 64 256 728
128 148 0 96 0 96
0 64 64 96 480 728
0 64 96 128 480 728
128 148 128 194 0 728
0 64 128 194 320 448
128 148 96 128 448 728
0 64 128 194 544 728
128 148 0 96 448 728
0 64 128 194 512 544
0 64 128 194 448 480
0 64 128 194 480 512
