64
0 128 224 288 0 64
160 224 288 386 96 192
192 224 160 192 0 288
192 224 288 386 0 96
160 294 288 386 192 288
0 294 192 288 480 576
192 256 224 256 0 96
96 128 192 224 0 224
0 160 224 288 224 352
256 294 192 288 128 480
128 224 160 192 288 672
192 224 192 224 0 192
96 160 128 160 160 672
192 256 224 288 160 256
128 160 224 288 0 96
0 128 288 386 0 288
0 192 192 288 352 480
224 294 320 386 0 192
192 256 0 160 128 672
0 192 192 224 224 352
128 160 96 128 0 672
128 160 160 192 64 288
0 96 160 192 0 160
192 256 256 288 0 96
160 192 224 288 160 352
256 294 192 288 0 128
96 192 0 96 0 96
64 96 128 160 0 672
96 128 128 160 0 160
96 192 0 96 96 672
0 294 192 288 576 672
160 192 96 160 0 128
192 256 224 288 96 160
160 192 160 192 64 288
0 294 288 320 288 672
192 256 224 288 256 480
96 128 160 192 0 160
128 160 288 386 0 288
128 160 128 160 0 160
192 256 192 224 192 480
224 256 160 192 0 672
160 192 224 256 0 160
0 294 0 386 672 728
0 96 0 96 0 672
0 128 160 192 160 672
96 128 224 288 64 224
0 294 320 386 288 672
64 128 96 128 0 96
0 96 192 224 0 224
128 192 192 224 128 224
160 192 192 224 0 128
0 96 224 288 64 224
64 128 96 128 96 672
128 160 224 288 96 224
160 192 288 386 0 96
128 192 160 192 0 64
160 192 96 160 128 672
128 160 192 224 0 128
0 64 96 160 0 672
192 256 0 160 0 128
256 294 0 192 0 672
224 294 288 320 0 192
160 192 256 288 0 160
224 256 192 224 0 192
