32
64 160 160 192 0 128
160 256 0 192 128 256
64 160 0 96 0 728
160 256 192 256 64 128
160 256 192 256 0 64
256 294 0 386 128 728
64 160 224 386 128 256
160 256 0 192 256 728
64 160 96 160 0 64
64 160 224 386 0 64
64 160 96 160 64 128
64 160 192 224 0 128
160 256 0 192 0 64
64 160 224 386 64 128
64 160 192 224 128 728
160 256 256 288 128 728
160 256 192 256 320 728
160 256 0 192 64 128
160 256 192 256 192 320
160 256 288 386 0 64
64 160 224 386 256 728
64 160 160 192 128 728
64 160 96 160 192 728
160 256 256 288 0 128
256 294 0 386 0 128
0 64 0 192 0 728
160 256 192 256 128 192
160 256 288 386 256 728
160 256 288 386 64 128
160 256 288 386 128 256
0 64 192 386 0 728
64 160 96 160 128 192
