512
55 74 121 145 182 273
111 129 97 121 91 182
55 74 72 97 182 273
37 74 97 145 546 728
74 92 48 72 91 182
92 111 145 169 91 182
129 148 72 97 0 91
18 37 121 145 0 91
111 129 145 169 91 182
55 74 97 121 182 273
37 55 24 48 0 91
111 129 169 194 0 91
37 55 48 72 182 273
37 55 97 121 91 182
0 37 48 97 0 182
55 74 48 72 91 182
46 55 60 72 45 91
74 111 145 194 546 728
74 111 145 194 364 546
74 92 97 121 273 364
64 74 84 97 45 91
92 111 97 121 273 364
74 92 145 169 91 182
37 74 145 194 0 182
111 148 97 145 546 728
92 111 145 169 182 273
111 129 97 121 182 273
74 92 121 145 182 273
92 101 109 121 45 91
0 37 97 145 182 364
64 74 72 84 45 91
111 129 121 145 182 273
129 148 72 97 91 182
37 55 121 145 0 91
111 129 145 169 182 273
111 148 145 194 364 546
55 74 24 48 0 91
55 74 72 97 273 364
129 148 97 121 182 273
37 46 97 109 45 91
101 111 121 133 45 91
92 111 97 121 364 455
37 46 60 72 45 91
92 111 72 97 273 364
92 111 121 145 182 273
46 55 60 72 0 45
37 46 84 97 45 91
111 148 145 194 546 728
55 74 121 145 273 364
37 55 72 97 182 273
101 111 121 133 0 45
74 92 72 97 273 364
83 92 72 84 45 91
111 129 169 194 91 182
92 111 169 194 91 182
74 83 97 109 45 91
18 37 121 145 91 182
92 101 84 97 45 91
129 148 97 121 273 364
74 111 0 48 0 182
92 111 97 121 546 637
83 92 84 97 45 91
74 83 84 97 45 91
37 46 60 72 91 136
111 129 121 145 273 364
55 64 121 133 45 91
37 74 0 48 182 364
46 55 48 60 45 91
92 111 121 145 273 364
129 148 72 97 182 273
37 55 24 48 91 182
101 111 109 121 45 91
55 64 72 84 45 91
46 55 72 84 45 91
64 74 121 133 45 91
64 74 84 97 0 45
55 74 48 72 182 273
92 101 97 109 45 91
55 64 121 133 136 182
92 101 109 121 136 182
37 46 60 72 0 45
74 92 97 121 364 455
74 83 72 84 45 91
55 64 60 72 45 91
92 111 97 121 455 546
101 111 169 181 0 45
55 64 121 133 0 45
101 111 157 169 0 45
101 111 157 169 45 91
64 74 109 121 45 91
83 92 97 109 136 182
83 92 109 121 45 91
64 74 84 97 91 136
46 55 48 60 0 45
37 55 48 72 273 364
64 74 97 109 45 91
101 111 109 121 0 45
83 92 97 109 45 91
74 92 121 145 273 364
46 55 60 72 91 136
55 74 72 97 364 455
111 120 145 157 45 91
74 92 169 194 0 91
55 64 121 133 91 136
64 74 121 133 91 136
55 64 84 97 45 91
92 101 72 84 45 91
83 92 109 121 136 182
111 129 145 169 273 364
92 101 121 133 45 91
74 92 72 97 364 455
111 129 72 97 182 273
111 129 97 121 364 455
46 55 48 60 91 136
55 74 121 145 364 455
37 46 48 60 45 91
83 92 121 133 45 91
83 92 97 109 182 227
55 74 97 121 273 364
37 55 72 97 273 364
83 92 72 84 0 45
92 101 72 84 0 45
92 111 145 169 273 364
37 46 84 97 91 136
74 92 72 97 546 637
37 55 121 145 91 182
92 101 109 121 91 136
64 74 121 133 0 45
111 129 72 97 91 182
111 120 121 133 45 91
83 92 72 84 136 182
74 83 97 109 136 182
64 74 72 84 0 45
92 111 72 97 546 637
37 46 72 84 45 91
101 111 84 97 91 136
111 129 72 97 0 91
55 64 48 60 45 91
92 101 145 157 45 91
83 92 145 157 45 91
64 74 48 60 45 91
120 129 145 157 45 91
92 101 121 133 0 45
46 55 97 109 45 91
101 111 145 157 45 91
92 101 97 109 0 45
74 83 109 121 45 91
64 74 72 84 91 136
92 111 72 97 455 546
74 83 121 133 136 182
92 101 109 121 0 45
55 74 72 97 546 637
101 111 121 133 91 136
111 129 121 145 364 455
111 129 97 121 273 364
101 111 84 97 45 91
64 74 121 133 136 182
64 74 109 121 136 182
55 64 109 121 45 91
92 101 84 97 0 45
74 92 145 169 182 273
64 74 60 72 45 91
64 74 97 109 0 45
111 148 48 97 364 546
92 111 169 194 182 273
74 83 97 109 91 136
92 111 72 97 364 455
64 74 48 60 0 45
37 46 97 109 0 45
111 148 48 97 546 728
101 111 121 133 136 182
74 92 97 121 546 637
37 55 97 121 182 273
55 64 48 60 0 45
55 74 24 48 91 182
138 148 97 109 45 91
74 92 48 72 182 273
83 92 84 97 136 182
92 101 84 97 91 136
101 111 169 181 45 91
37 46 48 60 91 136
120 129 97 109 45 91
64 74 133 145 45 91
64 74 84 97 136 182
92 111 97 121 637 728
111 120 121 133 0 45
120 129 133 145 45 91
111 120 109 121 45 91
129 148 72 97 273 364
83 92 97 109 91 136
55 74 97 121 364 455
64 74 97 109 136 182
74 83 84 97 91 136
101 111 109 121 136 182
46 55 72 84 91 136
92 101 97 109 136 182
111 129 169 194 182 273
74 83 121 133 45 91
83 92 121 133 136 182
129 148 97 121 364 455
37 46 60 72 136 182
83 92 72 84 182 227
101 111 84 97 136 182
37 74 145 194 182 364
74 83 97 109 0 45
74 83 72 84 0 45
46 55 60 72 136 182
74 83 109 121 136 182
55 74 72 97 455 546
83 92 72 84 91 136
129 138 109 121 45 91
18 37 97 121 0 91
101 111 84 97 182 227
46 55 48 60 136 182
55 64 97 109 45 91
0 37 48 97 182 364
92 101 72 84 91 136
37 55 121 145 182 273
101 111 84 97 227 273
74 92 72 97 455 546
55 64 84 97 0 45
64 74 109 121 0 45
92 101 72 84 136 182
37 55 48 72 546 637
83 92 84 97 0 45
55 64 60 72 0 45
74 83 84 97 0 45
37 55 48 72 364 455
74 83 48 60 45 91
46 55 97 109 0 45
83 92 121 133 91 136
74 92 48 72 273 364
74 83 97 109 227 273
64 74 97 109 91 136
74 92 97 121 637 728
129 138 97 109 45 91
120 129 109 121 45 91
111 120 121 133 91 136
55 64 84 97 91 136
74 83 109 121 0 45
37 46 48 60 0 45
83 92 97 109 0 45
92 111 121 145 546 637
101 111 109 121 91 136
92 101 109 121 182 227
55 64 109 121 0 45
111 120 133 145 0 45
92 101 121 133 91 136
111 120 133 145 45 91
37 46 84 97 0 45
101 111 97 109 227 273
101 111 145 157 0 45
37 55 48 72 455 546
101 111 109 121 182 227
46 55 84 97 45 91
37 46 72 84 91 136
111 129 72 97 273 364
92 101 145 157 0 45
74 83 109 121 91 136
55 74 48 72 273 364
101 111 97 109 136 182
74 83 133 145 45 91
92 101 97 109 91 136
101 111 97 109 45 91
111 120 121 133 136 182
55 74 121 145 455 546
83 92 84 97 91 136
92 101 157 169 45 91
83 92 157 169 45 91
83 92 133 145 45 91
55 64 109 121 136 182
111 120 145 157 0 45
101 111 84 97 0 45
92 111 121 145 364 455
120 129 157 169 45 91
55 64 72 84 91 136
120 129 133 145 136 182
83 92 121 133 0 45
138 148 109 121 136 182
138 148 97 109 91 136
83 92 145 157 0 45
74 83 60 72 45 91
83 92 97 109 227 273
101 111 109 121 227 273
92 111 48 72 0 91
55 64 84 97 136 182
120 129 145 157 0 45
74 83 84 97 136 182
46 55 72 84 0 45
83 92 72 84 227 273
55 64 72 84 0 45
92 111 72 97 637 728
64 74 133 145 91 136
92 101 72 84 227 273
92 111 121 145 637 728
74 92 145 169 273 364
92 101 97 109 227 273
74 83 72 84 182 227
46 55 84 97 91 136
92 101 84 97 182 227
111 120 109 121 0 45
74 83 97 109 182 227
101 111 72 84 91 136
138 148 109 121 91 136
55 64 109 121 91 136
37 46 84 97 136 182
111 120 133 145 136 182
111 129 169 194 273 364
92 101 84 97 136 182
74 92 169 194 91 182
46 55 84 97 0 45
83 92 109 121 91 136
101 111 97 109 0 45
74 83 72 84 91 136
129 138 109 121 136 182
18 37 97 121 91 182
129 138 97 109 91 136
120 129 97 109 0 45
92 101 109 121 227 273
64 74 60 72 0 45
83 92 157 169 0 45
74 92 121 145 364 455
64 74 133 145 0 45
74 92 97 121 455 546
92 101 121 133 136 182
92 101 84 97 227 273
129 138 109 121 91 136
74 92 121 145 546 637
111 129 97 121 455 546
111 120 157 169 0 45
74 83 72 84 136 182
55 74 72 97 637 728
37 55 97 121 273 364
74 83 48 60 0 45
37 55 72 97 546 637
64 74 109 121 91 136
101 111 97 109 91 136
83 92 84 97 182 227
74 83 121 133 0 45
101 111 181 194 45 91
37 55 72 97 364 455
55 64 97 109 0 45
111 120 157 169 45 91
0 37 48 97 546 728
74 83 121 133 91 136
74 83 157 169 45 91
55 64 72 84 136 182
83 92 109 121 182 227
101 111 97 109 182 227
37 46 48 60 136 182
74 92 72 97 637 728
92 101 72 84 182 227
74 83 109 121 227 273
83 92 48 60 45 91
92 101 133 145 45 91
83 92 60 72 45 91
0 18 121 145 0 91
92 101 97 109 182 227
120 129 133 145 91 136
55 74 0 24 0 91
120 129 133 145 0 45
64 74 72 84 136 182
74 83 84 97 182 227
46 55 109 121 45 91
37 55 97 121 364 455
92 111 121 145 455 546
37 74 0 48 546 728
101 111 72 84 45 91
92 101 169 181 45 91
101 111 72 84 0 45
83 92 109 121 0 45
74 83 72 84 227 273
74 92 121 145 455 546
111 120 97 109 45 91
83 92 109 121 227 273
138 148 109 121 45 91
55 74 97 121 455 546
129 138 109 121 0 45
83 92 133 145 136 182
37 46 72 84 0 45
101 111 72 84 136 182
129 148 97 121 455 546
37 55 48 72 637 728
74 92 48 72 455 546
55 64 97 109 91 136
74 92 48 72 546 637
74 92 48 72 364 455
129 138 97 109 136 182
129 138 97 109 0 45
74 83 145 157 45 91
92 101 133 145 0 45
55 74 48 72 364 455
74 83 84 97 227 273
120 129 121 133 0 45
74 92 121 145 637 728
55 64 133 145 0 45
101 111 133 145 45 91
83 92 133 145 91 136
37 55 121 145 364 455
37 74 0 48 364 546
55 64 133 145 45 91
74 83 157 169 0 45
83 92 133 145 0 45
74 83 60 72 0 45
74 83 145 157 0 45
46 55 109 121 0 45
55 64 97 109 136 182
120 129 121 133 45 91
101 111 181 194 0 45
46 55 72 84 136 182
74 83 109 121 182 227
92 111 169 194 273 364
138 148 109 121 0 45
138 148 97 109 136 182
83 92 60 72 0 45
138 148 97 109 0 45
92 101 157 169 0 45
111 129 121 145 455 546
37 74 145 194 546 728
64 74 133 145 136 182
120 129 109 121 0 45
0 18 121 145 91 182
37 55 121 145 273 364
74 111 0 48 182 364
111 120 133 145 91 136
37 55 72 97 637 728
74 83 133 145 136 182
74 92 169 194 273 364
74 83 133 145 91 136
55 74 48 72 455 546
120 129 121 133 91 136
120 129 157 169 0 45
74 92 169 194 182 273
74 83 133 145 0 45
55 64 133 145 91 136
37 55 72 97 455 546
37 74 145 194 364 546
101 111 133 145 0 45
37 46 72 84 136 182
0 37 97 145 364 546
83 92 84 97 227 273
92 101 133 145 136 182
92 101 133 145 91 136
101 111 72 84 227 273
46 55 84 97 136 182
74 92 48 72 637 728
92 101 169 181 0 45
74 111 0 48 546 728
0 37 145 194 0 182
0 37 48 97 364 546
83 92 48 60 0 45
0 37 97 145 546 728
92 111 48 72 91 182
101 111 72 84 182 227
55 74 48 72 546 637
120 129 121 133 136 182
111 120 97 109 0 45
37 55 121 145 455 546
129 148 121 145 91 182
55 74 0 24 91 182
55 64 133 145 136 182
55 74 48 72 637 728
129 148 145 169 91 182
74 111 0 48 364 546
37 55 97 121 455 546
101 111 133 145 136 182
129 148 121 145 0 91
92 111 48 72 182 273
129 148 145 169 0 91
37 55 0 24 0 91
129 148 145 169 182 273
101 111 133 145 91 136
92 111 48 72 546 637
92 111 48 72 273 364
129 148 121 145 182 273
92 111 48 72 364 455
37 46 109 121 45 91
129 148 121 145 364 455
92 111 48 72 637 728
0 37 145 194 182 364
92 111 48 72 455 546
37 46 109 121 0 45
129 148 121 145 273 364
129 148 145 169 273 364
37 55 0 24 91 182
92 101 181 194 45 91
129 148 169 194 0 91
0 18 97 121 0 91
129 148 169 194 91 182
111 129 48 72 91 182
111 148 0 48 546 728
129 148 48 72 182 273
111 148 0 48 0 182
129 148 121 145 455 546
111 129 48 72 182 273
0 37 145 194 546 728
0 37 0 48 0 182
111 148 0 48 182 364
0 18 97 121 91 182
111 129 48 72 273 364
0 37 0 48 546 728
129 148 169 194 182 273
0 37 0 48 364 546
111 148 0 48 364 546
92 101 181 194 0 45
129 148 48 72 0 91
129 148 48 72 273 364
129 148 48 72 91 182
111 129 48 72 0 91
0 37 0 48 182 364
0 37 145 194 364 546
129 148 169 194 273 364
