64
3250 4875 1500 2250 42 63
4875 6501 1500 2250 21 42
4875 6501 1500 2250 63 84
3250 4875 750 1500 21 42
0 3250 0 1500 0 42
3250 4875 1500 2250 21 42
0 3250 1500 3001 0 42
3250 4875 1500 2250 63 84
0 1625 750 1500 42 63
3250 4875 750 1500 63 84
4875 5688 1875 2250 52 63
4875 5688 1875 2250 42 52
0 1625 1500 2250 42 63
1625 3250 750 1500 42 63
4875 6501 1500 2250 0 21
3250 4875 1500 2250 0 21
3250 4875 750 1500 0 21
3250 4875 2250 3001 42 63
0 1625 2250 3001 42 63
0 1625 750 1500 63 84
3250 4062 750 1125 42 52
1625 3250 1500 2250 42 63
4062 4875 1125 1500 42 52
3250 4875 2250 3001 21 42
4875 5688 1500 1875 52 63
0 1625 1500 2250 63 84
4062 4875 1125 1500 52 63
4875 6501 750 1500 42 63
4875 5688 1500 1875 42 52
4062 4875 750 1125 42 52
3250 4875 2250 3001 63 84
3250 4062 1125 1500 42 52
0 1625 2250 3001 63 84
4875 6501 0 750 42 63
4875 6501 2250 3001 42 63
3250 4062 750 1125 52 63
4062 4875 750 1125 52 63
1625 3250 750 1500 63 84
4875 6501 750 1500 21 42
3250 4875 0 750 42 63
4875 6501 2250 3001 21 42
1625 3250 1500 2250 63 84
4875 6501 0 750 21 42
3250 4062 1125 1500 52 63
5688 6501 1875 2250 42 52
4875 6501 2250 3001 63 84
3250 4875 2250 3001 0 21
5688 6501 1875 2250 52 63
4875 6501 750 1500 63 84
3250 4875 0 750 21 42
4875 6501 0 750 63 84
4875 6501 2250 3001 0 21
4875 6501 750 1500 0 21
1625 3250 0 750 42 63
3250 4875 0 750 63 84
4875 6501 0 750 0 21
1625 3250 2250 3001 42 63
3250 4875 0 750 0 21
1625 3250 2250 3001 63 84
1625 3250 0 750 63 84
0 1625 0 750 42 63
0 1625 0 750 63 84
5688 6501 1500 1875 42 52
5688 6501 1500 1875 52 63
