32
1024 1280 1280 1536 0 64
3328 3840 1280 3001 0 84
5376 5632 2048 3001 0 84
3328 3840 0 1280 0 84
4864 5376 1280 1792 0 84
2560 3328 0 1280 0 84
3840 4352 2048 3001 0 84
4352 4608 0 1792 0 84
5376 5632 0 2048 0 84
1280 2560 0 1536 0 84
0 1024 0 2048 0 84
4864 5376 1792 2048 0 64
4352 4608 1792 3001 0 84
1280 2560 1536 3001 0 84
4608 4864 1280 2048 0 84
4608 4864 0 1280 0 84
2560 3328 1280 3001 0 84
4864 5376 0 1280 0 84
5632 6501 2048 2304 0 64
0 1024 2048 3001 0 84
3840 4352 0 1536 0 84
3840 4352 1536 2048 0 84
4608 4864 2048 3001 0 84
4864 5376 2048 3001 0 84
1024 1280 1280 1536 64 84
4864 5376 1792 2048 64 84
5632 6501 2048 2304 64 84
1024 1280 1536 3001 0 84
5632 6501 2304 3001 0 64
5632 6501 0 2048 0 84
1024 1280 0 1280 0 84
5632 6501 2304 3001 64 84
