32
544 576 192 224 0 64
128 256 128 160 0 84
160 416 160 192 0 84
448 512 192 224 0 64
416 480 128 160 0 84
64 128 128 160 0 84
416 480 160 192 0 84
480 576 192 301 64 84
448 576 224 301 0 64
256 320 64 160 0 84
64 128 192 301 0 84
64 160 160 192 0 84
352 416 192 301 0 64
448 651 64 96 0 84
576 651 192 301 0 84
64 256 64 128 0 84
416 448 192 301 0 64
352 448 96 128 0 84
128 352 192 301 0 84
320 448 64 96 0 84
512 544 160 192 0 84
320 416 128 160 0 84
448 651 96 128 0 84
352 480 192 301 64 84
320 352 96 128 0 84
480 651 128 160 0 84
512 544 192 224 0 64
64 651 0 64 0 84
544 651 160 192 0 84
480 512 160 192 0 84
32 64 0 301 0 84
0 32 0 301 0 84
