34
544 576 192 224 32 64
0 128 0 160 32 84
128 256 0 160 0 84
256 384 160 301 0 84
384 416 0 301 0 84
256 384 96 128 32 84
416 448 0 192 0 84
512 544 0 192 0 84
416 448 192 301 0 84
448 480 192 301 0 84
448 480 128 192 0 84
0 128 192 301 0 84
480 512 160 301 0 84
0 128 160 192 0 84
512 544 192 301 0 84
480 512 0 96 0 84
256 384 128 160 0 84
480 512 96 160 0 84
256 384 0 96 0 84
448 480 0 128 0 84
128 256 160 301 0 84
544 576 192 224 64 84
544 576 192 224 0 32
256 384 96 128 0 32
0 128 0 160 0 32
576 651 192 224 32 64
576 651 224 301 32 64
544 576 0 192 0 84
544 576 224 301 0 84
576 651 192 224 64 84
576 651 192 224 0 32
576 651 224 301 64 84
576 651 224 301 0 32
576 651 0 192 0 84
