1024
0 813 0 375 0 6
0 813 0 375 6 11
0 813 0 375 11 16
0 813 0 375 16 21
0 813 0 375 21 26
0 813 0 375 26 32
0 813 0 375 32 37
0 813 0 375 37 42
0 813 0 375 42 47
0 813 0 375 47 52
0 813 0 375 52 58
0 813 0 375 58 63
0 813 0 375 63 68
0 813 0 375 68 73
0 813 0 375 73 78
0 813 0 375 78 84
0 813 375 750 0 6
0 813 375 750 6 11
0 813 375 750 11 16
0 813 375 750 16 21
0 813 375 750 21 26
0 813 375 750 26 32
0 813 375 750 32 37
0 813 375 750 37 42
0 813 375 750 42 47
0 813 375 750 47 52
0 813 375 750 52 58
0 813 375 750 58 63
0 813 375 750 63 68
0 813 375 750 68 73
0 813 375 750 73 78
0 813 375 750 78 84
0 813 750 1125 0 6
0 813 750 1125 6 11
0 813 750 1125 11 16
0 813 750 1125 16 21
0 813 750 1125 21 26
0 813 750 1125 26 32
0 813 750 1125 32 37
0 813 750 1125 37 42
0 813 750 1125 42 47
0 813 750 1125 47 52
0 813 750 1125 52 58
0 813 750 1125 58 63
0 813 750 1125 63 68
0 813 750 1125 68 73
0 813 750 1125 73 78
0 813 750 1125 78 84
0 813 1125 1500 0 6
0 813 1125 1500 6 11
0 813 1125 1500 11 16
0 813 1125 1500 16 21
0 813 1125 1500 21 26
0 813 1125 1500 26 32
0 813 1125 1500 32 37
0 813 1125 1500 37 42
0 813 1125 1500 42 47
0 813 1125 1500 47 52
0 813 1125 1500 52 58
0 813 1125 1500 58 63
0 813 1125 1500 63 68
0 813 1125 1500 68 73
0 813 1125 1500 73 78
0 813 1125 1500 78 84
0 813 1500 1875 0 6
0 813 1500 1875 6 11
0 813 1500 1875 11 16
0 813 1500 1875 16 21
0 813 1500 1875 21 26
0 813 1500 1875 26 32
0 813 1500 1875 32 37
0 813 1500 1875 37 42
0 813 1500 1875 42 47
0 813 1500 1875 47 52
0 813 1500 1875 52 58
0 813 1500 1875 58 63
0 813 1500 1875 63 68
0 813 1500 1875 68 73
0 813 1500 1875 73 78
0 813 1500 1875 78 84
0 813 1875 2250 0 6
0 813 1875 2250 6 11
0 813 1875 2250 11 16
0 813 1875 2250 16 21
0 813 1875 2250 21 26
0 813 1875 2250 26 32
0 813 1875 2250 32 37
0 813 1875 2250 37 42
0 813 1875 2250 42 47
0 813 1875 2250 47 52
0 813 1875 2250 52 58
0 813 1875 2250 58 63
0 813 1875 2250 63 68
0 813 1875 2250 68 73
0 813 1875 2250 73 78
0 813 1875 2250 78 84
0 813 2250 2625 0 6
0 813 2250 2625 6 11
0 813 2250 2625 11 16
0 813 2250 2625 16 21
0 813 2250 2625 21 26
0 813 2250 2625 26 32
0 813 2250 2625 32 37
0 813 2250 2625 37 42
0 813 2250 2625 42 47
0 813 2250 2625 47 52
0 813 2250 2625 52 58
0 813 2250 2625 58 63
0 813 2250 2625 63 68
0 813 2250 2625 68 73
0 813 2250 2625 73 78
0 813 2250 2625 78 84
0 813 2625 3001 0 6
0 813 2625 3001 6 11
0 813 2625 3001 11 16
0 813 2625 3001 16 21
0 813 2625 3001 21 26
0 813 2625 3001 26 32
0 813 2625 3001 32 37
0 813 2625 3001 37 42
0 813 2625 3001 42 47
0 813 2625 3001 47 52
0 813 2625 3001 52 58
0 813 2625 3001 58 63
0 813 2625 3001 63 68
0 813 2625 3001 68 73
0 813 2625 3001 73 78
0 813 2625 3001 78 84
813 1625 0 375 0 6
813 1625 0 375 6 11
813 1625 0 375 11 16
813 1625 0 375 16 21
813 1625 0 375 21 26
813 1625 0 375 26 32
813 1625 0 375 32 37
813 1625 0 375 37 42
813 1625 0 375 42 47
813 1625 0 375 47 52
813 1625 0 375 52 58
813 1625 0 375 58 63
813 1625 0 375 63 68
813 1625 0 375 68 73
813 1625 0 375 73 78
813 1625 0 375 78 84
813 1625 375 750 0 6
813 1625 375 750 6 11
813 1625 375 750 11 16
813 1625 375 750 16 21
813 1625 375 750 21 26
813 1625 375 750 26 32
813 1625 375 750 32 37
813 1625 375 750 37 42
813 1625 375 750 42 47
813 1625 375 750 47 52
813 1625 375 750 52 58
813 1625 375 750 58 63
813 1625 375 750 63 68
813 1625 375 750 68 73
813 1625 375 750 73 78
813 1625 375 750 78 84
813 1625 750 1125 0 6
813 1625 750 1125 6 11
813 1625 750 1125 11 16
813 1625 750 1125 16 21
813 1625 750 1125 21 26
813 1625 750 1125 26 32
813 1625 750 1125 32 37
813 1625 750 1125 37 42
813 1625 750 1125 42 47
813 1625 750 1125 47 52
813 1625 750 1125 52 58
813 1625 750 1125 58 63
813 1625 750 1125 63 68
813 1625 750 1125 68 73
813 1625 750 1125 73 78
813 1625 750 1125 78 84
813 1625 1125 1500 0 6
813 1625 1125 1500 6 11
813 1625 1125 1500 11 16
813 1625 1125 1500 16 21
813 1625 1125 1500 21 26
813 1625 1125 1500 26 32
813 1625 1125 1500 32 37
813 1625 1125 1500 37 42
813 1625 1125 1500 42 47
813 1625 1125 1500 47 52
813 1625 1125 1500 52 58
813 1625 1125 1500 58 63
813 1625 1125 1500 63 68
813 1625 1125 1500 68 73
813 1625 1125 1500 73 78
813 1625 1125 1500 78 84
813 1625 1500 1875 0 6
813 1625 1500 1875 6 11
813 1625 1500 1875 11 16
813 1625 1500 1875 16 21
813 1625 1500 1875 21 26
813 1625 1500 1875 26 32
813 1625 1500 1875 32 37
813 1625 1500 1875 37 42
813 1625 1500 1875 42 47
813 1625 1500 1875 47 52
813 1625 1500 1875 52 58
813 1625 1500 1875 58 63
813 1625 1500 1875 63 68
813 1625 1500 1875 68 73
813 1625 1500 1875 73 78
813 1625 1500 1875 78 84
813 1625 1875 2250 0 6
813 1625 1875 2250 6 11
813 1625 1875 2250 11 16
813 1625 1875 2250 16 21
813 1625 1875 2250 21 26
813 1625 1875 2250 26 32
813 1625 1875 2250 32 37
813 1625 1875 2250 37 42
813 1625 1875 2250 42 47
813 1625 1875 2250 47 52
813 1625 1875 2250 52 58
813 1625 1875 2250 58 63
813 1625 1875 2250 63 68
813 1625 1875 2250 68 73
813 1625 1875 2250 73 78
813 1625 1875 2250 78 84
813 1625 2250 2625 0 6
813 1625 2250 2625 6 11
813 1625 2250 2625 11 16
813 1625 2250 2625 16 21
813 1625 2250 2625 21 26
813 1625 2250 2625 26 32
813 1625 2250 2625 32 37
813 1625 2250 2625 37 42
813 1625 2250 2625 42 47
813 1625 2250 2625 47 52
813 1625 2250 2625 52 58
813 1625 2250 2625 58 63
813 1625 2250 2625 63 68
813 1625 2250 2625 68 73
813 1625 2250 2625 73 78
813 1625 2250 2625 78 84
813 1625 2625 3001 0 6
813 1625 2625 3001 6 11
813 1625 2625 3001 11 16
813 1625 2625 3001 16 21
813 1625 2625 3001 21 26
813 1625 2625 3001 26 32
813 1625 2625 3001 32 37
813 1625 2625 3001 37 42
813 1625 2625 3001 42 47
813 1625 2625 3001 47 52
813 1625 2625 3001 52 58
813 1625 2625 3001 58 63
813 1625 2625 3001 63 68
813 1625 2625 3001 68 73
813 1625 2625 3001 73 78
813 1625 2625 3001 78 84
1625 2438 0 375 0 6
1625 2438 0 375 6 11
1625 2438 0 375 11 16
1625 2438 0 375 16 21
1625 2438 0 375 21 26
1625 2438 0 375 26 32
1625 2438 0 375 32 37
1625 2438 0 375 37 42
1625 2438 0 375 42 47
1625 2438 0 375 47 52
1625 2438 0 375 52 58
1625 2438 0 375 58 63
1625 2438 0 375 63 68
1625 2438 0 375 68 73
1625 2438 0 375 73 78
1625 2438 0 375 78 84
1625 2438 375 750 0 6
1625 2438 375 750 6 11
1625 2438 375 750 11 16
1625 2438 375 750 16 21
1625 2438 375 750 21 26
1625 2438 375 750 26 32
1625 2438 375 750 32 37
1625 2438 375 750 37 42
1625 2438 375 750 42 47
1625 2438 375 750 47 52
1625 2438 375 750 52 58
1625 2438 375 750 58 63
1625 2438 375 750 63 68
1625 2438 375 750 68 73
1625 2438 375 750 73 78
1625 2438 375 750 78 84
1625 2438 750 1125 0 6
1625 2438 750 1125 6 11
1625 2438 750 1125 11 16
1625 2438 750 1125 16 21
1625 2438 750 1125 21 26
1625 2438 750 1125 26 32
1625 2438 750 1125 32 37
1625 2438 750 1125 37 42
1625 2438 750 1125 42 47
1625 2438 750 1125 47 52
1625 2438 750 1125 52 58
1625 2438 750 1125 58 63
1625 2438 750 1125 63 68
1625 2438 750 1125 68 73
1625 2438 750 1125 73 78
1625 2438 750 1125 78 84
1625 2438 1125 1500 0 6
1625 2438 1125 1500 6 11
1625 2438 1125 1500 11 16
1625 2438 1125 1500 16 21
1625 2438 1125 1500 21 26
1625 2438 1125 1500 26 32
1625 2438 1125 1500 32 37
1625 2438 1125 1500 37 42
1625 2438 1125 1500 42 47
1625 2438 1125 1500 47 52
1625 2438 1125 1500 52 58
1625 2438 1125 1500 58 63
1625 2438 1125 1500 63 68
1625 2438 1125 1500 68 73
1625 2438 1125 1500 73 78
1625 2438 1125 1500 78 84
1625 2438 1500 1875 0 6
1625 2438 1500 1875 6 11
1625 2438 1500 1875 11 16
1625 2438 1500 1875 16 21
1625 2438 1500 1875 21 26
1625 2438 1500 1875 26 32
1625 2438 1500 1875 32 37
1625 2438 1500 1875 37 42
1625 2438 1500 1875 42 47
1625 2438 1500 1875 47 52
1625 2438 1500 1875 52 58
1625 2438 1500 1875 58 63
1625 2438 1500 1875 63 68
1625 2438 1500 1875 68 73
1625 2438 1500 1875 73 78
1625 2438 1500 1875 78 84
1625 2438 1875 2250 0 6
1625 2438 1875 2250 6 11
1625 2438 1875 2250 11 16
1625 2438 1875 2250 16 21
1625 2438 1875 2250 21 26
1625 2438 1875 2250 26 32
1625 2438 1875 2250 32 37
1625 2438 1875 2250 37 42
1625 2438 1875 2250 42 47
1625 2438 1875 2250 47 52
1625 2438 1875 2250 52 58
1625 2438 1875 2250 58 63
1625 2438 1875 2250 63 68
1625 2438 1875 2250 68 73
1625 2438 1875 2250 73 78
1625 2438 1875 2250 78 84
1625 2438 2250 2625 0 6
1625 2438 2250 2625 6 11
1625 2438 2250 2625 11 16
1625 2438 2250 2625 16 21
1625 2438 2250 2625 21 26
1625 2438 2250 2625 26 32
1625 2438 2250 2625 32 37
1625 2438 2250 2625 37 42
1625 2438 2250 2625 42 47
1625 2438 2250 2625 47 52
1625 2438 2250 2625 52 58
1625 2438 2250 2625 58 63
1625 2438 2250 2625 63 68
1625 2438 2250 2625 68 73
1625 2438 2250 2625 73 78
1625 2438 2250 2625 78 84
1625 2438 2625 3001 0 6
1625 2438 2625 3001 6 11
1625 2438 2625 3001 11 16
1625 2438 2625 3001 16 21
1625 2438 2625 3001 21 26
1625 2438 2625 3001 26 32
1625 2438 2625 3001 32 37
1625 2438 2625 3001 37 42
1625 2438 2625 3001 42 47
1625 2438 2625 3001 47 52
1625 2438 2625 3001 52 58
1625 2438 2625 3001 58 63
1625 2438 2625 3001 63 68
1625 2438 2625 3001 68 73
1625 2438 2625 3001 73 78
1625 2438 2625 3001 78 84
2438 3250 0 375 0 6
2438 3250 0 375 6 11
2438 3250 0 375 11 16
2438 3250 0 375 16 21
2438 3250 0 375 21 26
2438 3250 0 375 26 32
2438 3250 0 375 32 37
2438 3250 0 375 37 42
2438 3250 0 375 42 47
2438 3250 0 375 47 52
2438 3250 0 375 52 58
2438 3250 0 375 58 63
2438 3250 0 375 63 68
2438 3250 0 375 68 73
2438 3250 0 375 73 78
2438 3250 0 375 78 84
2438 3250 375 750 0 6
2438 3250 375 750 6 11
2438 3250 375 750 11 16
2438 3250 375 750 16 21
2438 3250 375 750 21 26
2438 3250 375 750 26 32
2438 3250 375 750 32 37
2438 3250 375 750 37 42
2438 3250 375 750 42 47
2438 3250 375 750 47 52
2438 3250 375 750 52 58
2438 3250 375 750 58 63
2438 3250 375 750 63 68
2438 3250 375 750 68 73
2438 3250 375 750 73 78
2438 3250 375 750 78 84
2438 3250 750 1125 0 6
2438 3250 750 1125 6 11
2438 3250 750 1125 11 16
2438 3250 750 1125 16 21
2438 3250 750 1125 21 26
2438 3250 750 1125 26 32
2438 3250 750 1125 32 37
2438 3250 750 1125 37 42
2438 3250 750 1125 42 47
2438 3250 750 1125 47 52
2438 3250 750 1125 52 58
2438 3250 750 1125 58 63
2438 3250 750 1125 63 68
2438 3250 750 1125 68 73
2438 3250 750 1125 73 78
2438 3250 750 1125 78 84
2438 3250 1125 1500 0 6
2438 3250 1125 1500 6 11
2438 3250 1125 1500 11 16
2438 3250 1125 1500 16 21
2438 3250 1125 1500 21 26
2438 3250 1125 1500 26 32
2438 3250 1125 1500 32 37
2438 3250 1125 1500 37 42
2438 3250 1125 1500 42 47
2438 3250 1125 1500 47 52
2438 3250 1125 1500 52 58
2438 3250 1125 1500 58 63
2438 3250 1125 1500 63 68
2438 3250 1125 1500 68 73
2438 3250 1125 1500 73 78
2438 3250 1125 1500 78 84
2438 3250 1500 1875 0 6
2438 3250 1500 1875 6 11
2438 3250 1500 1875 11 16
2438 3250 1500 1875 16 21
2438 3250 1500 1875 21 26
2438 3250 1500 1875 26 32
2438 3250 1500 1875 32 37
2438 3250 1500 1875 37 42
2438 3250 1500 1875 42 47
2438 3250 1500 1875 47 52
2438 3250 1500 1875 52 58
2438 3250 1500 1875 58 63
2438 3250 1500 1875 63 68
2438 3250 1500 1875 68 73
2438 3250 1500 1875 73 78
2438 3250 1500 1875 78 84
2438 3250 1875 2250 0 6
2438 3250 1875 2250 6 11
2438 3250 1875 2250 11 16
2438 3250 1875 2250 16 21
2438 3250 1875 2250 21 26
2438 3250 1875 2250 26 32
2438 3250 1875 2250 32 37
2438 3250 1875 2250 37 42
2438 3250 1875 2250 42 47
2438 3250 1875 2250 47 52
2438 3250 1875 2250 52 58
2438 3250 1875 2250 58 63
2438 3250 1875 2250 63 68
2438 3250 1875 2250 68 73
2438 3250 1875 2250 73 78
2438 3250 1875 2250 78 84
2438 3250 2250 2625 0 6
2438 3250 2250 2625 6 11
2438 3250 2250 2625 11 16
2438 3250 2250 2625 16 21
2438 3250 2250 2625 21 26
2438 3250 2250 2625 26 32
2438 3250 2250 2625 32 37
2438 3250 2250 2625 37 42
2438 3250 2250 2625 42 47
2438 3250 2250 2625 47 52
2438 3250 2250 2625 52 58
2438 3250 2250 2625 58 63
2438 3250 2250 2625 63 68
2438 3250 2250 2625 68 73
2438 3250 2250 2625 73 78
2438 3250 2250 2625 78 84
2438 3250 2625 3001 0 6
2438 3250 2625 3001 6 11
2438 3250 2625 3001 11 16
2438 3250 2625 3001 16 21
2438 3250 2625 3001 21 26
2438 3250 2625 3001 26 32
2438 3250 2625 3001 32 37
2438 3250 2625 3001 37 42
2438 3250 2625 3001 42 47
2438 3250 2625 3001 47 52
2438 3250 2625 3001 52 58
2438 3250 2625 3001 58 63
2438 3250 2625 3001 63 68
2438 3250 2625 3001 68 73
2438 3250 2625 3001 73 78
2438 3250 2625 3001 78 84
3250 4063 0 375 0 6
3250 4063 0 375 6 11
3250 4063 0 375 11 16
3250 4063 0 375 16 21
3250 4063 0 375 21 26
3250 4063 0 375 26 32
3250 4063 0 375 32 37
3250 4063 0 375 37 42
3250 4063 0 375 42 47
3250 4063 0 375 47 52
3250 4063 0 375 52 58
3250 4063 0 375 58 63
3250 4063 0 375 63 68
3250 4063 0 375 68 73
3250 4063 0 375 73 78
3250 4063 0 375 78 84
3250 4063 375 750 0 6
3250 4063 375 750 6 11
3250 4063 375 750 11 16
3250 4063 375 750 16 21
3250 4063 375 750 21 26
3250 4063 375 750 26 32
3250 4063 375 750 32 37
3250 4063 375 750 37 42
3250 4063 375 750 42 47
3250 4063 375 750 47 52
3250 4063 375 750 52 58
3250 4063 375 750 58 63
3250 4063 375 750 63 68
3250 4063 375 750 68 73
3250 4063 375 750 73 78
3250 4063 375 750 78 84
3250 4063 750 1125 0 6
3250 4063 750 1125 6 11
3250 4063 750 1125 11 16
3250 4063 750 1125 16 21
3250 4063 750 1125 21 26
3250 4063 750 1125 26 32
3250 4063 750 1125 32 37
3250 4063 750 1125 37 42
3250 4063 750 1125 42 47
3250 4063 750 1125 47 52
3250 4063 750 1125 52 58
3250 4063 750 1125 58 63
3250 4063 750 1125 63 68
3250 4063 750 1125 68 73
3250 4063 750 1125 73 78
3250 4063 750 1125 78 84
3250 4063 1125 1500 0 6
3250 4063 1125 1500 6 11
3250 4063 1125 1500 11 16
3250 4063 1125 1500 16 21
3250 4063 1125 1500 21 26
3250 4063 1125 1500 26 32
3250 4063 1125 1500 32 37
3250 4063 1125 1500 37 42
3250 4063 1125 1500 42 47
3250 4063 1125 1500 47 52
3250 4063 1125 1500 52 58
3250 4063 1125 1500 58 63
3250 4063 1125 1500 63 68
3250 4063 1125 1500 68 73
3250 4063 1125 1500 73 78
3250 4063 1125 1500 78 84
3250 4063 1500 1875 0 6
3250 4063 1500 1875 6 11
3250 4063 1500 1875 11 16
3250 4063 1500 1875 16 21
3250 4063 1500 1875 21 26
3250 4063 1500 1875 26 32
3250 4063 1500 1875 32 37
3250 4063 1500 1875 37 42
3250 4063 1500 1875 42 47
3250 4063 1500 1875 47 52
3250 4063 1500 1875 52 58
3250 4063 1500 1875 58 63
3250 4063 1500 1875 63 68
3250 4063 1500 1875 68 73
3250 4063 1500 1875 73 78
3250 4063 1500 1875 78 84
3250 4063 1875 2250 0 6
3250 4063 1875 2250 6 11
3250 4063 1875 2250 11 16
3250 4063 1875 2250 16 21
3250 4063 1875 2250 21 26
3250 4063 1875 2250 26 32
3250 4063 1875 2250 32 37
3250 4063 1875 2250 37 42
3250 4063 1875 2250 42 47
3250 4063 1875 2250 47 52
3250 4063 1875 2250 52 58
3250 4063 1875 2250 58 63
3250 4063 1875 2250 63 68
3250 4063 1875 2250 68 73
3250 4063 1875 2250 73 78
3250 4063 1875 2250 78 84
3250 4063 2250 2625 0 6
3250 4063 2250 2625 6 11
3250 4063 2250 2625 11 16
3250 4063 2250 2625 16 21
3250 4063 2250 2625 21 26
3250 4063 2250 2625 26 32
3250 4063 2250 2625 32 37
3250 4063 2250 2625 37 42
3250 4063 2250 2625 42 47
3250 4063 2250 2625 47 52
3250 4063 2250 2625 52 58
3250 4063 2250 2625 58 63
3250 4063 2250 2625 63 68
3250 4063 2250 2625 68 73
3250 4063 2250 2625 73 78
3250 4063 2250 2625 78 84
3250 4063 2625 3001 0 6
3250 4063 2625 3001 6 11
3250 4063 2625 3001 11 16
3250 4063 2625 3001 16 21
3250 4063 2625 3001 21 26
3250 4063 2625 3001 26 32
3250 4063 2625 3001 32 37
3250 4063 2625 3001 37 42
3250 4063 2625 3001 42 47
3250 4063 2625 3001 47 52
3250 4063 2625 3001 52 58
3250 4063 2625 3001 58 63
3250 4063 2625 3001 63 68
3250 4063 2625 3001 68 73
3250 4063 2625 3001 73 78
3250 4063 2625 3001 78 84
4063 4875 0 375 0 6
4063 4875 0 375 6 11
4063 4875 0 375 11 16
4063 4875 0 375 16 21
4063 4875 0 375 21 26
4063 4875 0 375 26 32
4063 4875 0 375 32 37
4063 4875 0 375 37 42
4063 4875 0 375 42 47
4063 4875 0 375 47 52
4063 4875 0 375 52 58
4063 4875 0 375 58 63
4063 4875 0 375 63 68
4063 4875 0 375 68 73
4063 4875 0 375 73 78
4063 4875 0 375 78 84
4063 4875 375 750 0 6
4063 4875 375 750 6 11
4063 4875 375 750 11 16
4063 4875 375 750 16 21
4063 4875 375 750 21 26
4063 4875 375 750 26 32
4063 4875 375 750 32 37
4063 4875 375 750 37 42
4063 4875 375 750 42 47
4063 4875 375 750 47 52
4063 4875 375 750 52 58
4063 4875 375 750 58 63
4063 4875 375 750 63 68
4063 4875 375 750 68 73
4063 4875 375 750 73 78
4063 4875 375 750 78 84
4063 4875 750 1125 0 6
4063 4875 750 1125 6 11
4063 4875 750 1125 11 16
4063 4875 750 1125 16 21
4063 4875 750 1125 21 26
4063 4875 750 1125 26 32
4063 4875 750 1125 32 37
4063 4875 750 1125 37 42
4063 4875 750 1125 42 47
4063 4875 750 1125 47 52
4063 4875 750 1125 52 58
4063 4875 750 1125 58 63
4063 4875 750 1125 63 68
4063 4875 750 1125 68 73
4063 4875 750 1125 73 78
4063 4875 750 1125 78 84
4063 4875 1125 1500 0 6
4063 4875 1125 1500 6 11
4063 4875 1125 1500 11 16
4063 4875 1125 1500 16 21
4063 4875 1125 1500 21 26
4063 4875 1125 1500 26 32
4063 4875 1125 1500 32 37
4063 4875 1125 1500 37 42
4063 4875 1125 1500 42 47
4063 4875 1125 1500 47 52
4063 4875 1125 1500 52 58
4063 4875 1125 1500 58 63
4063 4875 1125 1500 63 68
4063 4875 1125 1500 68 73
4063 4875 1125 1500 73 78
4063 4875 1125 1500 78 84
4063 4875 1500 1875 0 6
4063 4875 1500 1875 6 11
4063 4875 1500 1875 11 16
4063 4875 1500 1875 16 21
4063 4875 1500 1875 21 26
4063 4875 1500 1875 26 32
4063 4875 1500 1875 32 37
4063 4875 1500 1875 37 42
4063 4875 1500 1875 42 47
4063 4875 1500 1875 47 52
4063 4875 1500 1875 52 58
4063 4875 1500 1875 58 63
4063 4875 1500 1875 63 68
4063 4875 1500 1875 68 73
4063 4875 1500 1875 73 78
4063 4875 1500 1875 78 84
4063 4875 1875 2250 0 6
4063 4875 1875 2250 6 11
4063 4875 1875 2250 11 16
4063 4875 1875 2250 16 21
4063 4875 1875 2250 21 26
4063 4875 1875 2250 26 32
4063 4875 1875 2250 32 37
4063 4875 1875 2250 37 42
4063 4875 1875 2250 42 47
4063 4875 1875 2250 47 52
4063 4875 1875 2250 52 58
4063 4875 1875 2250 58 63
4063 4875 1875 2250 63 68
4063 4875 1875 2250 68 73
4063 4875 1875 2250 73 78
4063 4875 1875 2250 78 84
4063 4875 2250 2625 0 6
4063 4875 2250 2625 6 11
4063 4875 2250 2625 11 16
4063 4875 2250 2625 16 21
4063 4875 2250 2625 21 26
4063 4875 2250 2625 26 32
4063 4875 2250 2625 32 37
4063 4875 2250 2625 37 42
4063 4875 2250 2625 42 47
4063 4875 2250 2625 47 52
4063 4875 2250 2625 52 58
4063 4875 2250 2625 58 63
4063 4875 2250 2625 63 68
4063 4875 2250 2625 68 73
4063 4875 2250 2625 73 78
4063 4875 2250 2625 78 84
4063 4875 2625 3001 0 6
4063 4875 2625 3001 6 11
4063 4875 2625 3001 11 16
4063 4875 2625 3001 16 21
4063 4875 2625 3001 21 26
4063 4875 2625 3001 26 32
4063 4875 2625 3001 32 37
4063 4875 2625 3001 37 42
4063 4875 2625 3001 42 47
4063 4875 2625 3001 47 52
4063 4875 2625 3001 52 58
4063 4875 2625 3001 58 63
4063 4875 2625 3001 63 68
4063 4875 2625 3001 68 73
4063 4875 2625 3001 73 78
4063 4875 2625 3001 78 84
4875 5688 0 375 0 6
4875 5688 0 375 6 11
4875 5688 0 375 11 16
4875 5688 0 375 16 21
4875 5688 0 375 21 26
4875 5688 0 375 26 32
4875 5688 0 375 32 37
4875 5688 0 375 37 42
4875 5688 0 375 42 47
4875 5688 0 375 47 52
4875 5688 0 375 52 58
4875 5688 0 375 58 63
4875 5688 0 375 63 68
4875 5688 0 375 68 73
4875 5688 0 375 73 78
4875 5688 0 375 78 84
4875 5688 375 750 0 6
4875 5688 375 750 6 11
4875 5688 375 750 11 16
4875 5688 375 750 16 21
4875 5688 375 750 21 26
4875 5688 375 750 26 32
4875 5688 375 750 32 37
4875 5688 375 750 37 42
4875 5688 375 750 42 47
4875 5688 375 750 47 52
4875 5688 375 750 52 58
4875 5688 375 750 58 63
4875 5688 375 750 63 68
4875 5688 375 750 68 73
4875 5688 375 750 73 78
4875 5688 375 750 78 84
4875 5688 750 1125 0 6
4875 5688 750 1125 6 11
4875 5688 750 1125 11 16
4875 5688 750 1125 16 21
4875 5688 750 1125 21 26
4875 5688 750 1125 26 32
4875 5688 750 1125 32 37
4875 5688 750 1125 37 42
4875 5688 750 1125 42 47
4875 5688 750 1125 47 52
4875 5688 750 1125 52 58
4875 5688 750 1125 58 63
4875 5688 750 1125 63 68
4875 5688 750 1125 68 73
4875 5688 750 1125 73 78
4875 5688 750 1125 78 84
4875 5688 1125 1500 0 6
4875 5688 1125 1500 6 11
4875 5688 1125 1500 11 16
4875 5688 1125 1500 16 21
4875 5688 1125 1500 21 26
4875 5688 1125 1500 26 32
4875 5688 1125 1500 32 37
4875 5688 1125 1500 37 42
4875 5688 1125 1500 42 47
4875 5688 1125 1500 47 52
4875 5688 1125 1500 52 58
4875 5688 1125 1500 58 63
4875 5688 1125 1500 63 68
4875 5688 1125 1500 68 73
4875 5688 1125 1500 73 78
4875 5688 1125 1500 78 84
4875 5688 1500 1875 0 6
4875 5688 1500 1875 6 11
4875 5688 1500 1875 11 16
4875 5688 1500 1875 16 21
4875 5688 1500 1875 21 26
4875 5688 1500 1875 26 32
4875 5688 1500 1875 32 37
4875 5688 1500 1875 37 42
4875 5688 1500 1875 42 47
4875 5688 1500 1875 47 52
4875 5688 1500 1875 52 58
4875 5688 1500 1875 58 63
4875 5688 1500 1875 63 68
4875 5688 1500 1875 68 73
4875 5688 1500 1875 73 78
4875 5688 1500 1875 78 84
4875 5688 1875 2250 0 6
4875 5688 1875 2250 6 11
4875 5688 1875 2250 11 16
4875 5688 1875 2250 16 21
4875 5688 1875 2250 21 26
4875 5688 1875 2250 26 32
4875 5688 1875 2250 32 37
4875 5688 1875 2250 37 42
4875 5688 1875 2250 42 47
4875 5688 1875 2250 47 52
4875 5688 1875 2250 52 58
4875 5688 1875 2250 58 63
4875 5688 1875 2250 63 68
4875 5688 1875 2250 68 73
4875 5688 1875 2250 73 78
4875 5688 1875 2250 78 84
4875 5688 2250 2625 0 6
4875 5688 2250 2625 6 11
4875 5688 2250 2625 11 16
4875 5688 2250 2625 16 21
4875 5688 2250 2625 21 26
4875 5688 2250 2625 26 32
4875 5688 2250 2625 32 37
4875 5688 2250 2625 37 42
4875 5688 2250 2625 42 47
4875 5688 2250 2625 47 52
4875 5688 2250 2625 52 58
4875 5688 2250 2625 58 63
4875 5688 2250 2625 63 68
4875 5688 2250 2625 68 73
4875 5688 2250 2625 73 78
4875 5688 2250 2625 78 84
4875 5688 2625 3001 0 6
4875 5688 2625 3001 6 11
4875 5688 2625 3001 11 16
4875 5688 2625 3001 16 21
4875 5688 2625 3001 21 26
4875 5688 2625 3001 26 32
4875 5688 2625 3001 32 37
4875 5688 2625 3001 37 42
4875 5688 2625 3001 42 47
4875 5688 2625 3001 47 52
4875 5688 2625 3001 52 58
4875 5688 2625 3001 58 63
4875 5688 2625 3001 63 68
4875 5688 2625 3001 68 73
4875 5688 2625 3001 73 78
4875 5688 2625 3001 78 84
5688 6501 0 375 0 6
5688 6501 0 375 6 11
5688 6501 0 375 11 16
5688 6501 0 375 16 21
5688 6501 0 375 21 26
5688 6501 0 375 26 32
5688 6501 0 375 32 37
5688 6501 0 375 37 42
5688 6501 0 375 42 47
5688 6501 0 375 47 52
5688 6501 0 375 52 58
5688 6501 0 375 58 63
5688 6501 0 375 63 68
5688 6501 0 375 68 73
5688 6501 0 375 73 78
5688 6501 0 375 78 84
5688 6501 375 750 0 6
5688 6501 375 750 6 11
5688 6501 375 750 11 16
5688 6501 375 750 16 21
5688 6501 375 750 21 26
5688 6501 375 750 26 32
5688 6501 375 750 32 37
5688 6501 375 750 37 42
5688 6501 375 750 42 47
5688 6501 375 750 47 52
5688 6501 375 750 52 58
5688 6501 375 750 58 63
5688 6501 375 750 63 68
5688 6501 375 750 68 73
5688 6501 375 750 73 78
5688 6501 375 750 78 84
5688 6501 750 1125 0 6
5688 6501 750 1125 6 11
5688 6501 750 1125 11 16
5688 6501 750 1125 16 21
5688 6501 750 1125 21 26
5688 6501 750 1125 26 32
5688 6501 750 1125 32 37
5688 6501 750 1125 37 42
5688 6501 750 1125 42 47
5688 6501 750 1125 47 52
5688 6501 750 1125 52 58
5688 6501 750 1125 58 63
5688 6501 750 1125 63 68
5688 6501 750 1125 68 73
5688 6501 750 1125 73 78
5688 6501 750 1125 78 84
5688 6501 1125 1500 0 6
5688 6501 1125 1500 6 11
5688 6501 1125 1500 11 16
5688 6501 1125 1500 16 21
5688 6501 1125 1500 21 26
5688 6501 1125 1500 26 32
5688 6501 1125 1500 32 37
5688 6501 1125 1500 37 42
5688 6501 1125 1500 42 47
5688 6501 1125 1500 47 52
5688 6501 1125 1500 52 58
5688 6501 1125 1500 58 63
5688 6501 1125 1500 63 68
5688 6501 1125 1500 68 73
5688 6501 1125 1500 73 78
5688 6501 1125 1500 78 84
5688 6501 1500 1875 0 6
5688 6501 1500 1875 6 11
5688 6501 1500 1875 11 16
5688 6501 1500 1875 16 21
5688 6501 1500 1875 21 26
5688 6501 1500 1875 26 32
5688 6501 1500 1875 32 37
5688 6501 1500 1875 37 42
5688 6501 1500 1875 42 47
5688 6501 1500 1875 47 52
5688 6501 1500 1875 52 58
5688 6501 1500 1875 58 63
5688 6501 1500 1875 63 68
5688 6501 1500 1875 68 73
5688 6501 1500 1875 73 78
5688 6501 1500 1875 78 84
5688 6501 1875 2250 0 6
5688 6501 1875 2250 6 11
5688 6501 1875 2250 11 16
5688 6501 1875 2250 16 21
5688 6501 1875 2250 21 26
5688 6501 1875 2250 26 32
5688 6501 1875 2250 32 37
5688 6501 1875 2250 37 42
5688 6501 1875 2250 42 47
5688 6501 1875 2250 47 52
5688 6501 1875 2250 52 58
5688 6501 1875 2250 58 63
5688 6501 1875 2250 63 68
5688 6501 1875 2250 68 73
5688 6501 1875 2250 73 78
5688 6501 1875 2250 78 84
5688 6501 2250 2625 0 6
5688 6501 2250 2625 6 11
5688 6501 2250 2625 11 16
5688 6501 2250 2625 16 21
5688 6501 2250 2625 21 26
5688 6501 2250 2625 26 32
5688 6501 2250 2625 32 37
5688 6501 2250 2625 37 42
5688 6501 2250 2625 42 47
5688 6501 2250 2625 47 52
5688 6501 2250 2625 52 58
5688 6501 2250 2625 58 63
5688 6501 2250 2625 63 68
5688 6501 2250 2625 68 73
5688 6501 2250 2625 73 78
5688 6501 2250 2625 78 84
5688 6501 2625 3001 0 6
5688 6501 2625 3001 6 11
5688 6501 2625 3001 11 16
5688 6501 2625 3001 16 21
5688 6501 2625 3001 21 26
5688 6501 2625 3001 26 32
5688 6501 2625 3001 32 37
5688 6501 2625 3001 37 42
5688 6501 2625 3001 42 47
5688 6501 2625 3001 47 52
5688 6501 2625 3001 52 58
5688 6501 2625 3001 58 63
5688 6501 2625 3001 63 68
5688 6501 2625 3001 68 73
5688 6501 2625 3001 73 78
5688 6501 2625 3001 78 84
