32
352 448 224 301 0 84
160 352 128 160 0 84
352 448 160 192 0 84
160 352 96 128 0 84
544 651 192 224 0 84
480 544 160 192 32 84
448 480 128 192 0 84
352 448 128 160 0 84
64 160 192 301 0 84
480 544 224 301 0 84
352 448 192 224 0 84
160 352 0 96 0 84
64 160 128 160 0 84
448 480 0 128 0 84
64 160 160 192 0 84
544 651 160 192 0 84
448 480 192 301 0 84
480 544 192 224 32 84
544 651 224 301 32 84
352 448 96 128 0 84
64 160 0 128 0 84
352 448 0 96 0 84
160 352 192 301 0 84
160 352 160 192 0 84
480 544 128 160 0 84
480 544 0 96 0 84
0 64 0 301 0 84
480 544 96 128 0 84
480 544 160 192 0 32
544 651 0 160 0 84
480 544 192 224 0 32
544 651 224 301 0 32
