260
81 98 22 30 42 52
98 114 37 45 21 31
32 65 30 45 42 63
0 32 15 30 63 84
81 98 22 30 52 63
65 98 45 61 21 42
65 81 15 22 42 52
0 32 30 45 63 84
0 32 30 45 21 42
0 32 15 30 21 42
81 98 37 45 63 73
65 81 22 30 42 52
65 98 45 61 63 84
98 114 30 37 52 63
98 131 15 30 42 63
65 81 22 30 31 42
65 81 15 22 31 42
16 32 30 37 52 63
81 98 15 22 42 52
81 98 22 30 31 42
98 114 30 37 42 52
0 32 45 61 63 84
98 114 37 45 10 21
81 98 30 37 42 52
81 98 30 37 52 63
81 98 37 45 21 31
16 32 30 37 42 52
65 98 0 15 42 63
81 98 37 45 73 84
98 131 45 61 42 63
98 114 30 37 31 42
32 65 30 45 21 42
81 98 30 37 31 42
98 131 0 15 42 63
81 98 15 22 52 63
81 98 22 30 63 73
106 114 37 41 47 52
106 114 37 41 52 57
32 65 15 30 63 84
81 98 15 22 31 42
65 81 15 22 52 63
32 65 15 30 0 21
106 114 37 41 36 42
0 32 30 45 0 21
98 114 37 45 0 10
32 48 22 30 31 42
106 114 37 41 57 63
32 48 22 30 42 52
106 114 41 45 47 52
81 98 45 53 52 63
0 32 45 61 21 42
81 98 37 45 10 21
98 131 45 61 21 42
98 131 15 30 21 42
106 114 37 41 42 47
106 114 41 45 52 57
65 81 22 30 52 63
0 32 15 30 0 21
106 114 41 45 36 42
98 114 30 37 63 73
32 65 30 45 63 84
48 65 22 30 42 52
65 98 0 15 21 42
48 65 22 30 31 42
114 131 37 45 42 52
65 81 37 45 42 52
106 114 41 45 57 63
81 98 30 37 63 73
48 65 15 22 42 52
81 98 45 53 42 52
65 81 30 37 42 52
98 131 45 61 63 84
65 98 45 61 0 21
106 114 41 45 42 47
114 131 37 45 52 63
106 114 37 41 31 36
16 24 26 30 52 57
24 32 26 30 52 57
98 114 30 37 21 31
24 32 26 30 47 52
81 98 22 30 21 31
16 24 26 30 47 52
106 114 37 41 73 78
65 81 37 45 31 42
98 131 0 15 21 42
106 114 37 41 63 68
65 81 22 30 21 31
106 114 41 45 73 78
48 65 15 22 31 42
114 131 37 45 31 42
24 32 26 30 57 63
81 98 37 45 0 10
16 24 26 30 57 63
106 114 37 41 78 84
65 81 15 22 21 31
106 114 41 45 78 84
98 114 30 37 73 84
106 114 41 45 63 68
106 114 41 45 31 36
65 81 15 22 63 73
81 98 22 30 73 84
65 81 30 37 31 42
81 98 30 37 73 84
65 81 37 45 52 63
81 98 15 22 63 73
81 98 30 37 21 31
98 131 15 30 63 84
32 48 22 30 52 63
106 114 37 41 68 73
65 81 22 30 63 73
114 131 37 45 73 84
65 81 15 22 73 84
114 131 37 45 63 73
81 89 41 45 47 52
65 81 30 37 52 63
106 114 41 45 68 73
81 89 41 45 52 57
24 32 26 30 42 47
89 98 41 45 47 52
65 81 15 22 10 21
0 16 30 37 52 63
32 48 22 30 21 31
89 98 41 45 52 57
16 24 26 30 42 47
65 81 45 53 42 52
81 89 41 45 57 63
89 98 41 45 57 63
65 81 22 30 10 21
98 106 37 41 47 52
81 98 15 22 21 31
65 81 22 30 73 84
0 32 45 61 0 21
81 89 41 45 42 47
98 106 37 41 52 57
81 89 41 45 36 42
89 98 37 41 47 52
81 98 22 30 10 21
98 114 30 37 10 21
89 98 41 45 36 42
89 98 37 41 52 57
32 65 30 45 0 21
89 98 41 45 42 47
98 106 37 41 36 42
0 16 45 53 52 63
65 81 45 53 52 63
98 131 45 61 0 21
98 106 37 41 42 47
89 98 37 41 57 63
48 65 22 30 52 63
81 98 30 37 10 21
98 106 37 41 57 63
0 16 30 37 42 52
89 98 37 41 42 47
89 98 37 41 36 42
65 98 0 15 63 84
114 131 37 45 21 31
16 32 37 45 52 63
89 98 41 45 31 36
48 65 15 22 52 63
0 16 53 61 52 63
65 81 37 45 21 31
81 89 41 45 31 36
16 32 37 45 42 52
48 65 22 30 21 31
0 16 45 53 42 52
16 32 53 61 52 63
98 131 0 15 63 84
98 106 37 41 31 36
81 98 22 30 0 10
65 81 37 45 63 73
81 98 15 22 73 84
65 81 15 22 0 10
65 81 37 45 73 84
32 65 0 15 42 63
65 81 22 30 0 10
89 98 37 41 31 36
98 131 15 30 0 21
81 98 15 22 10 21
65 81 30 37 21 31
98 114 30 37 0 10
81 98 30 37 0 10
98 106 37 41 73 78
65 81 30 37 63 73
98 106 37 41 63 68
16 32 45 53 52 63
81 89 37 41 47 52
114 131 37 45 10 21
98 106 41 45 47 52
81 89 37 41 36 42
48 65 15 22 21 31
0 16 53 61 42 52
81 89 37 41 42 47
65 81 37 45 10 21
98 106 37 41 68 73
16 32 53 61 42 52
24 32 22 26 52 57
81 89 37 41 52 57
24 32 22 26 47 52
98 106 41 45 36 42
98 106 37 41 78 84
98 106 41 45 52 57
16 32 45 53 42 52
65 98 0 15 0 21
81 89 37 41 57 63
98 106 41 45 42 47
32 65 0 15 21 42
24 32 22 26 57 63
65 81 30 37 73 84
98 106 41 45 31 36
0 16 37 45 52 63
65 81 30 37 10 21
114 131 37 45 0 10
32 65 45 61 42 63
0 16 37 45 42 52
98 106 41 45 57 63
98 131 0 15 0 21
81 98 15 22 0 10
81 89 37 41 31 36
24 32 22 26 42 47
65 81 37 45 0 10
98 106 41 45 73 78
65 81 30 37 0 10
32 65 45 61 21 42
98 106 41 45 63 68
16 24 22 26 52 57
16 24 22 26 47 52
98 106 41 45 78 84
98 106 41 45 68 73
32 65 45 61 63 84
16 24 22 26 57 63
16 24 22 26 42 47
65 81 53 61 42 52
32 65 0 15 0 21
65 81 53 61 52 63
32 65 45 61 0 21
81 98 53 61 52 63
32 65 0 15 63 84
81 98 53 61 42 52
32 48 15 22 42 52
32 48 15 22 31 42
0 16 22 30 52 63
32 48 15 22 52 63
0 16 22 30 42 52
32 48 15 22 21 31
16 32 15 22 42 52
16 32 15 22 52 63
114 131 30 37 63 73
114 131 30 37 42 52
0 32 0 15 63 84
0 32 0 15 42 63
0 32 0 15 0 21
114 131 30 37 52 63
114 131 30 37 31 42
0 32 0 15 21 42
114 131 30 37 0 10
114 131 30 37 73 84
114 131 30 37 21 31
114 131 30 37 10 21
0 16 15 22 52 63
0 16 15 22 42 52
