256
0 1625 0 750 0 6
0 1625 0 750 6 11
0 1625 0 750 11 16
0 1625 0 750 16 21
0 1625 0 750 21 26
0 1625 0 750 26 32
0 1625 0 750 32 37
0 1625 0 750 37 42
0 1625 0 750 42 47
0 1625 0 750 47 52
0 1625 0 750 52 58
0 1625 0 750 58 63
0 1625 0 750 63 68
0 1625 0 750 68 73
0 1625 0 750 73 78
0 1625 0 750 78 84
0 1625 750 1500 0 6
0 1625 750 1500 6 11
0 1625 750 1500 11 16
0 1625 750 1500 16 21
0 1625 750 1500 21 26
0 1625 750 1500 26 32
0 1625 750 1500 32 37
0 1625 750 1500 37 42
0 1625 750 1500 42 47
0 1625 750 1500 47 52
0 1625 750 1500 52 58
0 1625 750 1500 58 63
0 1625 750 1500 63 68
0 1625 750 1500 68 73
0 1625 750 1500 73 78
0 1625 750 1500 78 84
0 1625 1500 2250 0 6
0 1625 1500 2250 6 11
0 1625 1500 2250 11 16
0 1625 1500 2250 16 21
0 1625 1500 2250 21 26
0 1625 1500 2250 26 32
0 1625 1500 2250 32 37
0 1625 1500 2250 37 42
0 1625 1500 2250 42 47
0 1625 1500 2250 47 52
0 1625 1500 2250 52 58
0 1625 1500 2250 58 63
0 1625 1500 2250 63 68
0 1625 1500 2250 68 73
0 1625 1500 2250 73 78
0 1625 1500 2250 78 84
0 1625 2250 3001 0 6
0 1625 2250 3001 6 11
0 1625 2250 3001 11 16
0 1625 2250 3001 16 21
0 1625 2250 3001 21 26
0 1625 2250 3001 26 32
0 1625 2250 3001 32 37
0 1625 2250 3001 37 42
0 1625 2250 3001 42 47
0 1625 2250 3001 47 52
0 1625 2250 3001 52 58
0 1625 2250 3001 58 63
0 1625 2250 3001 63 68
0 1625 2250 3001 68 73
0 1625 2250 3001 73 78
0 1625 2250 3001 78 84
1625 3250 0 750 0 6
1625 3250 0 750 6 11
1625 3250 0 750 11 16
1625 3250 0 750 16 21
1625 3250 0 750 21 26
1625 3250 0 750 26 32
1625 3250 0 750 32 37
1625 3250 0 750 37 42
1625 3250 0 750 42 47
1625 3250 0 750 47 52
1625 3250 0 750 52 58
1625 3250 0 750 58 63
1625 3250 0 750 63 68
1625 3250 0 750 68 73
1625 3250 0 750 73 78
1625 3250 0 750 78 84
1625 3250 750 1500 0 6
1625 3250 750 1500 6 11
1625 3250 750 1500 11 16
1625 3250 750 1500 16 21
1625 3250 750 1500 21 26
1625 3250 750 1500 26 32
1625 3250 750 1500 32 37
1625 3250 750 1500 37 42
1625 3250 750 1500 42 47
1625 3250 750 1500 47 52
1625 3250 750 1500 52 58
1625 3250 750 1500 58 63
1625 3250 750 1500 63 68
1625 3250 750 1500 68 73
1625 3250 750 1500 73 78
1625 3250 750 1500 78 84
1625 3250 1500 2250 0 6
1625 3250 1500 2250 6 11
1625 3250 1500 2250 11 16
1625 3250 1500 2250 16 21
1625 3250 1500 2250 21 26
1625 3250 1500 2250 26 32
1625 3250 1500 2250 32 37
1625 3250 1500 2250 37 42
1625 3250 1500 2250 42 47
1625 3250 1500 2250 47 52
1625 3250 1500 2250 52 58
1625 3250 1500 2250 58 63
1625 3250 1500 2250 63 68
1625 3250 1500 2250 68 73
1625 3250 1500 2250 73 78
1625 3250 1500 2250 78 84
1625 3250 2250 3001 0 6
1625 3250 2250 3001 6 11
1625 3250 2250 3001 11 16
1625 3250 2250 3001 16 21
1625 3250 2250 3001 21 26
1625 3250 2250 3001 26 32
1625 3250 2250 3001 32 37
1625 3250 2250 3001 37 42
1625 3250 2250 3001 42 47
1625 3250 2250 3001 47 52
1625 3250 2250 3001 52 58
1625 3250 2250 3001 58 63
1625 3250 2250 3001 63 68
1625 3250 2250 3001 68 73
1625 3250 2250 3001 73 78
1625 3250 2250 3001 78 84
3250 4875 0 750 0 6
3250 4875 0 750 6 11
3250 4875 0 750 11 16
3250 4875 0 750 16 21
3250 4875 0 750 21 26
3250 4875 0 750 26 32
3250 4875 0 750 32 37
3250 4875 0 750 37 42
3250 4875 0 750 42 47
3250 4875 0 750 47 52
3250 4875 0 750 52 58
3250 4875 0 750 58 63
3250 4875 0 750 63 68
3250 4875 0 750 68 73
3250 4875 0 750 73 78
3250 4875 0 750 78 84
3250 4875 750 1500 0 6
3250 4875 750 1500 6 11
3250 4875 750 1500 11 16
3250 4875 750 1500 16 21
3250 4875 750 1500 21 26
3250 4875 750 1500 26 32
3250 4875 750 1500 32 37
3250 4875 750 1500 37 42
3250 4875 750 1500 42 47
3250 4875 750 1500 47 52
3250 4875 750 1500 52 58
3250 4875 750 1500 58 63
3250 4875 750 1500 63 68
3250 4875 750 1500 68 73
3250 4875 750 1500 73 78
3250 4875 750 1500 78 84
3250 4875 1500 2250 0 6
3250 4875 1500 2250 6 11
3250 4875 1500 2250 11 16
3250 4875 1500 2250 16 21
3250 4875 1500 2250 21 26
3250 4875 1500 2250 26 32
3250 4875 1500 2250 32 37
3250 4875 1500 2250 37 42
3250 4875 1500 2250 42 47
3250 4875 1500 2250 47 52
3250 4875 1500 2250 52 58
3250 4875 1500 2250 58 63
3250 4875 1500 2250 63 68
3250 4875 1500 2250 68 73
3250 4875 1500 2250 73 78
3250 4875 1500 2250 78 84
3250 4875 2250 3001 0 6
3250 4875 2250 3001 6 11
3250 4875 2250 3001 11 16
3250 4875 2250 3001 16 21
3250 4875 2250 3001 21 26
3250 4875 2250 3001 26 32
3250 4875 2250 3001 32 37
3250 4875 2250 3001 37 42
3250 4875 2250 3001 42 47
3250 4875 2250 3001 47 52
3250 4875 2250 3001 52 58
3250 4875 2250 3001 58 63
3250 4875 2250 3001 63 68
3250 4875 2250 3001 68 73
3250 4875 2250 3001 73 78
3250 4875 2250 3001 78 84
4875 6501 0 750 0 6
4875 6501 0 750 6 11
4875 6501 0 750 11 16
4875 6501 0 750 16 21
4875 6501 0 750 21 26
4875 6501 0 750 26 32
4875 6501 0 750 32 37
4875 6501 0 750 37 42
4875 6501 0 750 42 47
4875 6501 0 750 47 52
4875 6501 0 750 52 58
4875 6501 0 750 58 63
4875 6501 0 750 63 68
4875 6501 0 750 68 73
4875 6501 0 750 73 78
4875 6501 0 750 78 84
4875 6501 750 1500 0 6
4875 6501 750 1500 6 11
4875 6501 750 1500 11 16
4875 6501 750 1500 16 21
4875 6501 750 1500 21 26
4875 6501 750 1500 26 32
4875 6501 750 1500 32 37
4875 6501 750 1500 37 42
4875 6501 750 1500 42 47
4875 6501 750 1500 47 52
4875 6501 750 1500 52 58
4875 6501 750 1500 58 63
4875 6501 750 1500 63 68
4875 6501 750 1500 68 73
4875 6501 750 1500 73 78
4875 6501 750 1500 78 84
4875 6501 1500 2250 0 6
4875 6501 1500 2250 6 11
4875 6501 1500 2250 11 16
4875 6501 1500 2250 16 21
4875 6501 1500 2250 21 26
4875 6501 1500 2250 26 32
4875 6501 1500 2250 32 37
4875 6501 1500 2250 37 42
4875 6501 1500 2250 42 47
4875 6501 1500 2250 47 52
4875 6501 1500 2250 52 58
4875 6501 1500 2250 58 63
4875 6501 1500 2250 63 68
4875 6501 1500 2250 68 73
4875 6501 1500 2250 73 78
4875 6501 1500 2250 78 84
4875 6501 2250 3001 0 6
4875 6501 2250 3001 6 11
4875 6501 2250 3001 11 16
4875 6501 2250 3001 16 21
4875 6501 2250 3001 21 26
4875 6501 2250 3001 26 32
4875 6501 2250 3001 32 37
4875 6501 2250 3001 37 42
4875 6501 2250 3001 42 47
4875 6501 2250 3001 47 52
4875 6501 2250 3001 52 58
4875 6501 2250 3001 58 63
4875 6501 2250 3001 63 68
4875 6501 2250 3001 68 73
4875 6501 2250 3001 73 78
4875 6501 2250 3001 78 84
