64
0 3250 0 1500 0 6
0 3250 0 1500 6 11
0 3250 0 1500 11 16
0 3250 0 1500 16 21
0 3250 0 1500 21 26
0 3250 0 1500 26 32
0 3250 0 1500 32 37
0 3250 0 1500 37 42
0 3250 0 1500 42 47
0 3250 0 1500 47 52
0 3250 0 1500 52 58
0 3250 0 1500 58 63
0 3250 0 1500 63 68
0 3250 0 1500 68 73
0 3250 0 1500 73 78
0 3250 0 1500 78 84
0 3250 1500 3001 0 6
0 3250 1500 3001 6 11
0 3250 1500 3001 11 16
0 3250 1500 3001 16 21
0 3250 1500 3001 21 26
0 3250 1500 3001 26 32
0 3250 1500 3001 32 37
0 3250 1500 3001 37 42
0 3250 1500 3001 42 47
0 3250 1500 3001 47 52
0 3250 1500 3001 52 58
0 3250 1500 3001 58 63
0 3250 1500 3001 63 68
0 3250 1500 3001 68 73
0 3250 1500 3001 73 78
0 3250 1500 3001 78 84
3250 6501 0 1500 0 6
3250 6501 0 1500 6 11
3250 6501 0 1500 11 16
3250 6501 0 1500 16 21
3250 6501 0 1500 21 26
3250 6501 0 1500 26 32
3250 6501 0 1500 32 37
3250 6501 0 1500 37 42
3250 6501 0 1500 42 47
3250 6501 0 1500 47 52
3250 6501 0 1500 52 58
3250 6501 0 1500 58 63
3250 6501 0 1500 63 68
3250 6501 0 1500 68 73
3250 6501 0 1500 73 78
3250 6501 0 1500 78 84
3250 6501 1500 3001 0 6
3250 6501 1500 3001 6 11
3250 6501 1500 3001 11 16
3250 6501 1500 3001 16 21
3250 6501 1500 3001 21 26
3250 6501 1500 3001 26 32
3250 6501 1500 3001 32 37
3250 6501 1500 3001 37 42
3250 6501 1500 3001 42 47
3250 6501 1500 3001 47 52
3250 6501 1500 3001 52 58
3250 6501 1500 3001 58 63
3250 6501 1500 3001 63 68
3250 6501 1500 3001 68 73
3250 6501 1500 3001 73 78
3250 6501 1500 3001 78 84
