32
1024 1280 1280 1536 0 84
1024 3584 1024 1280 0 84
768 1024 0 3001 0 84
5376 5632 1792 2048 0 84
4352 5120 1792 2048 0 84
1536 3328 1536 3001 0 84
1024 3584 768 1024 0 84
3840 4352 1280 2048 0 84
1024 6501 512 768 0 84
3584 6501 768 1024 0 84
1536 3328 1280 1536 0 84
5632 5888 2048 3001 0 84
5376 5632 2048 2304 0 84
4608 5632 1536 1792 0 84
5120 5376 1792 2048 0 84
3328 3840 1280 2304 0 84
3328 5632 2304 3001 0 84
3584 6501 1024 1280 0 84
4352 4864 2048 2304 0 84
3840 4352 2048 2304 0 84
4608 5632 1280 1536 0 84
512 768 0 3001 0 84
4352 4608 1280 1792 0 84
1280 1536 1280 3001 0 84
4864 5376 2048 2304 0 84
5888 6501 2048 3001 0 84
5632 6501 1280 2048 0 84
1024 1280 1536 3001 0 84
1024 6501 256 512 0 84
256 512 0 3001 0 84
1024 6501 0 256 0 84
0 256 0 3001 0 84
