64
0 65 0 30 0 6
0 65 0 30 6 11
0 65 0 30 11 16
0 65 0 30 16 21
0 65 0 30 21 26
0 65 0 30 26 32
0 65 0 30 32 37
0 65 0 30 37 42
0 65 0 30 42 47
0 65 0 30 47 52
0 65 0 30 52 58
0 65 0 30 58 63
0 65 0 30 63 68
0 65 0 30 68 73
0 65 0 30 73 78
0 65 0 30 78 84
0 65 30 61 0 6
0 65 30 61 6 11
0 65 30 61 11 16
0 65 30 61 16 21
0 65 30 61 21 26
0 65 30 61 26 32
0 65 30 61 32 37
0 65 30 61 37 42
0 65 30 61 42 47
0 65 30 61 47 52
0 65 30 61 52 58
0 65 30 61 58 63
0 65 30 61 63 68
0 65 30 61 68 73
0 65 30 61 73 78
0 65 30 61 78 84
65 131 0 30 0 6
65 131 0 30 6 11
65 131 0 30 11 16
65 131 0 30 16 21
65 131 0 30 21 26
65 131 0 30 26 32
65 131 0 30 32 37
65 131 0 30 37 42
65 131 0 30 42 47
65 131 0 30 47 52
65 131 0 30 52 58
65 131 0 30 58 63
65 131 0 30 63 68
65 131 0 30 68 73
65 131 0 30 73 78
65 131 0 30 78 84
65 131 30 61 0 6
65 131 30 61 6 11
65 131 30 61 11 16
65 131 30 61 16 21
65 131 30 61 21 26
65 131 30 61 26 32
65 131 30 61 32 37
65 131 30 61 37 42
65 131 30 61 42 47
65 131 30 61 47 52
65 131 30 61 52 58
65 131 30 61 58 63
65 131 30 61 63 68
65 131 30 61 68 73
65 131 30 61 73 78
65 131 30 61 78 84
