26
544 576 192 224 0 64
480 512 128 301 0 84
0 128 0 160 0 84
448 480 160 301 0 84
128 192 0 301 0 84
352 448 128 192 0 84
448 480 0 160 0 84
192 320 0 301 0 84
320 352 0 128 0 84
352 448 192 224 0 84
480 512 0 128 0 84
512 544 0 192 0 84
352 448 0 128 0 84
320 352 128 301 0 84
0 128 192 301 0 84
0 128 160 192 0 84
512 544 192 301 0 84
352 448 224 301 0 84
544 576 192 224 64 84
576 651 192 224 0 64
576 651 224 301 0 64
544 576 0 192 0 84
544 576 224 301 0 84
576 651 192 224 64 84
576 651 224 301 64 84
576 651 0 192 0 84
