512
4062 4875 750 1125 52 63
5281 5688 1875 2062 36 42
1625 3250 1500 2250 21 42
4062 4875 1500 1875 31 42
4062 4875 750 1125 31 42
5281 5688 1875 2062 57 63
1625 3250 750 1500 63 84
1625 3250 750 1500 0 21
4062 4875 1125 1500 63 73
5281 5688 1875 2062 42 47
4875 5688 1875 2250 0 10
1625 2437 1125 1500 31 42
4875 6501 750 1500 21 42
1625 2437 1125 1500 42 52
0 1625 2250 3001 21 42
0 1625 1500 2250 0 21
0 1625 750 1500 0 21
4875 5688 1500 1875 63 73
3250 4875 0 750 42 63
812 1218 1312 1500 52 57
2437 3250 750 1125 42 52
3250 4062 1500 1875 42 52
4875 5688 375 750 42 52
4062 4875 1875 2250 10 21
4875 6501 2250 3001 21 42
812 1218 1312 1500 47 52
5281 5688 2062 2250 47 52
1625 3250 1500 2250 63 84
4062 4875 2250 2625 52 63
5281 5688 2062 2250 52 57
4875 6501 0 750 21 42
4062 4875 1500 1875 63 73
5281 5688 1875 2062 31 36
5281 5688 2062 2250 36 42
4875 5688 1500 1875 21 31
3250 4062 1875 2250 42 52
812 1218 1312 1500 57 63
3250 4062 1125 1500 52 63
5281 5688 1875 2062 73 78
5281 5688 2062 2250 57 63
5688 6501 1875 2250 42 52
4875 6501 2250 3001 63 84
5281 5688 1875 2062 63 68
812 1625 1125 1500 73 84
3250 4875 2250 3001 0 21
3250 3656 937 1125 36 42
2437 3250 750 1125 31 42
3250 3656 937 1125 42 47
5281 5688 2062 2250 42 47
812 1625 1125 1500 21 31
3250 4062 750 1125 21 31
4062 4875 2250 2625 42 52
3250 4062 750 1125 63 73
5281 5688 1875 2062 78 84
4875 5688 1500 1875 73 84
3250 4062 1500 1875 31 42
5688 6501 1875 2250 52 63
3250 4062 1875 2250 31 42
2437 3250 1125 1500 42 52
4062 4875 2250 2625 31 42
2437 3250 1125 1500 31 42
812 1625 1500 1875 31 42
4062 4875 1125 1500 21 31
3250 3656 937 1125 47 52
5281 5688 1875 2062 68 73
5281 5688 2062 2250 73 78
0 812 1500 1875 52 63
4062 4875 750 1125 63 73
4875 6501 750 1500 63 84
4875 5688 1125 1500 42 52
4875 5688 375 750 52 63
3250 4062 1125 1500 21 31
4062 4875 1500 1875 73 84
3250 4062 750 1125 73 84
4062 4875 1875 2250 0 10
1218 1625 1312 1500 52 57
5688 6501 1875 2250 31 42
1218 1625 1312 1500 47 52
1625 2437 1125 1500 52 63
4875 5688 1125 1500 52 63
3250 4062 1500 1875 52 63
812 1218 1312 1500 42 47
4062 4875 1500 1875 21 31
3250 4875 0 750 21 42
4062 4875 2250 2625 63 73
5281 5688 2062 2250 78 84
3250 4062 1875 2250 52 63
5281 5688 2062 2250 63 68
5281 5688 2062 2250 31 36
812 1625 1500 1875 63 73
1218 1625 1312 1500 57 63
5281 5688 1875 2062 26 31
4062 4875 1125 1500 73 84
3250 4062 750 1125 10 21
4062 4468 2062 2250 47 52
4468 4875 1312 1500 47 52
3250 3656 1125 1312 36 42
4062 4468 2062 2250 52 57
1625 2437 1125 1500 21 31
5281 5688 2062 2250 68 73
5688 6501 1875 2250 63 73
0 812 1500 1875 42 52
4875 5688 1500 1875 10 21
3250 4062 1125 1500 63 73
812 1218 1312 1500 63 68
4062 4468 2062 2250 57 63
4468 4875 1312 1500 52 57
5688 6501 1875 2250 73 84
4062 4875 750 1125 21 31
0 1625 2250 3001 0 21
3250 3656 1125 1312 42 47
4468 4875 1312 1500 57 63
4062 4468 2062 2250 42 47
4062 4468 2062 2250 36 42
4468 4875 1312 1500 42 47
3250 4062 2250 2625 42 52
812 1218 1312 1500 36 42
5484 5688 1968 2062 49 52
4468 4875 2062 2250 47 52
5281 5688 1875 2062 21 26
1218 1625 1312 1500 42 47
4468 4875 2062 2250 52 57
3250 3656 937 1125 31 36
3250 4062 1125 1500 10 21
1625 3250 1500 2250 0 21
0 812 2250 2625 52 63
4468 4875 2062 2250 57 63
3250 3656 937 1125 52 57
812 1625 1500 1875 21 31
3250 4062 2250 2625 31 42
5281 5688 1875 2062 15 21
4062 4875 2250 2625 21 31
4062 4875 1125 1500 10 21
0 812 2625 3001 52 63
5281 5688 2062 2250 26 31
3250 4062 1125 1500 73 84
2437 3250 750 1125 52 63
5688 6501 2250 2625 42 52
4468 4875 750 937 42 47
4468 4875 750 937 47 52
3250 4062 2250 2625 52 63
4468 4875 1875 2062 47 52
4062 4875 2250 2625 73 84
4062 4875 1500 1875 10 21
4875 5281 1500 1687 52 57
4468 4875 1312 1500 36 42
4875 6501 0 750 63 84
4875 5281 1875 2062 47 52
4468 4875 1875 2062 52 57
4875 6501 2250 3001 0 21
4468 4875 2062 2250 36 42
4875 5281 1875 2062 52 57
4875 5281 1500 1687 47 52
0 812 1500 1875 63 73
5484 5688 1968 2062 52 54
4062 4468 2062 2250 63 68
5688 6501 2250 2625 52 63
0 812 2625 3001 63 73
4875 5688 750 1125 42 52
2437 3250 1875 2250 42 52
4468 4875 2062 2250 42 47
3250 3656 1125 1312 47 52
2437 3250 1500 1875 42 52
1218 1625 1312 1500 63 68
5484 5688 1968 2062 54 57
812 1625 1500 1875 73 84
812 1218 1687 1875 52 57
5688 6501 1875 2250 21 31
4875 5281 1500 1687 57 63
3250 4062 750 1125 0 10
4875 5281 1875 2062 36 42
3250 3656 1125 1312 31 36
4468 4875 1875 2062 57 63
4062 4468 2062 2250 31 36
0 812 2250 2625 42 52
4468 4875 1875 2062 42 47
5484 5688 1968 2062 47 49
812 1218 1687 1875 47 52
3250 4062 1875 2250 21 31
4875 5281 1875 2062 42 47
4468 4875 1875 2062 36 42
812 1218 1687 1875 57 63
4875 5281 1500 1687 36 42
4468 4875 2062 2250 31 36
4062 4875 750 1125 73 84
4468 4875 2062 2250 63 68
3250 3656 1312 1500 36 42
812 1218 1312 1500 68 73
4062 4468 2062 2250 73 78
4875 5688 2250 2625 42 52
4875 5281 1875 2062 57 63
1625 2437 1875 2250 52 63
3250 4062 1500 1875 21 31
4875 5281 1500 1687 42 47
2437 3250 1875 2250 52 63
5281 5688 2062 2250 21 26
1218 1625 1312 1500 36 42
4875 5688 1500 1875 0 10
2437 3250 1125 1500 52 63
3250 4062 1875 2250 63 73
4875 5688 2250 2625 52 63
812 1218 1312 1500 31 36
3250 4062 1875 2250 73 84
3250 4062 1500 1875 63 73
1625 2437 1875 2250 42 52
5281 5688 1687 1875 52 57
5281 5688 2062 2250 15 21
4875 6501 750 1500 0 21
3250 3656 1312 1500 42 47
0 812 2625 3001 42 52
4062 4875 1125 1500 0 10
0 812 1500 1875 31 42
4062 4875 750 1125 10 21
812 1625 2625 3001 52 63
5281 5688 1687 1875 47 52
5281 5688 1875 2062 10 15
1625 3250 0 750 42 63
3250 3656 750 937 42 47
4062 4468 2062 2250 68 73
3250 3656 937 1125 57 63
4875 5281 1687 1875 52 57
4468 4875 1312 1500 31 36
4875 5281 1875 2062 31 36
4875 5688 750 1125 52 63
5281 5688 1687 1875 57 63
4062 4875 1500 1875 0 10
2437 3250 750 1125 21 31
4875 5281 1687 1875 47 52
3250 4875 0 750 63 84
4468 4875 1500 1687 47 52
4062 4468 937 1125 47 52
4468 4875 1125 1312 47 52
3250 3656 750 937 36 42
2437 3250 1125 1500 21 31
3250 4062 2250 2625 63 73
4875 5281 1500 1687 31 36
4062 4468 2062 2250 26 31
4468 4875 2062 2250 26 31
4062 4468 1875 2062 47 52
3250 4062 1125 1500 0 10
4062 4468 2062 2250 78 84
5281 5688 1687 1875 36 42
4875 5281 1687 1875 57 63
4468 4875 1875 2062 31 36
4062 4468 937 1125 42 47
0 812 2250 2625 63 73
4468 4875 1500 1687 52 57
812 1625 1875 2250 52 63
812 1625 2625 3001 63 73
3250 3656 750 937 47 52
5688 6501 1875 2250 10 21
4062 4468 1875 2062 36 42
4468 4875 1875 2062 63 68
4062 4468 1875 2062 42 47
4062 4468 1500 1687 47 52
4875 5281 1687 1875 36 42
5281 5484 1875 1968 49 52
812 1218 1500 1687 52 57
4875 5281 2062 2250 47 52
3250 3656 1312 1500 47 52
5281 5688 1687 1875 42 47
0 812 1500 1875 73 84
812 1218 1687 1875 42 47
4468 4875 1500 1687 42 47
812 1625 1875 2250 42 52
3250 4062 1500 1875 73 84
812 1218 1500 1687 47 52
3250 4062 1875 2250 10 21
4468 4875 1125 1312 52 57
4468 4875 1125 1312 42 47
3250 4062 2250 2625 73 84
4062 4468 1875 2062 52 57
0 812 1500 1875 21 31
4468 4875 2062 2250 68 73
0 812 2625 3001 73 84
4875 5281 1687 1875 42 47
4875 5281 1875 2062 73 78
3656 4062 937 1125 47 52
3250 4062 2250 2625 21 31
4062 4468 1500 1687 52 57
3250 4062 1500 1875 10 21
4468 4875 1875 2062 73 78
4875 5281 1875 2062 63 68
4875 6501 0 750 0 21
5281 5484 1875 1968 54 57
4468 4875 2062 2250 73 78
4468 4875 1125 1312 57 63
4468 4875 1500 1687 57 63
4875 5281 2062 2250 52 57
4875 5281 2062 2250 36 42
4062 4468 2062 2250 21 26
1218 1625 1500 1687 47 52
4875 5281 1875 2062 26 31
1218 1625 1125 1312 47 52
4062 4468 1500 1687 42 47
1218 1625 1125 1312 52 57
1625 3250 0 750 21 42
3250 3656 1312 1500 31 36
5281 5688 2062 2250 10 15
4062 4468 1875 2062 57 63
812 1625 2625 3001 42 52
1218 1625 1312 1500 68 73
4468 4875 1875 2062 26 31
5281 5484 1875 1968 52 54
4875 5281 2062 2250 42 47
4468 4875 937 1125 47 52
4468 4875 1125 1312 36 42
1218 1625 1500 1687 52 57
3656 4062 937 1125 52 57
1218 1625 1312 1500 31 36
4062 4468 1312 1500 47 52
4875 5281 2062 2250 31 36
4875 5281 1875 2062 68 73
812 1218 1500 1687 57 63
4062 4468 1500 1687 57 63
4875 5281 1687 1875 31 36
4468 4875 937 1125 42 47
1218 1625 1125 1312 57 63
4468 4875 2062 2250 21 26
812 1625 2250 2625 52 63
4468 4875 1687 1875 52 57
5688 6501 1875 2250 0 10
4468 4875 1687 1875 57 63
5281 5688 1687 1875 31 36
4468 4875 1687 1875 47 52
4875 5281 1875 2062 78 84
2437 3250 1500 1875 52 63
1218 1625 1500 1687 42 47
4062 4875 750 1125 0 10
4468 4875 1875 2062 68 73
4062 4468 1687 1875 47 52
1625 3250 2250 3001 42 63
4062 4468 1312 1500 42 47
4468 4875 1875 2062 78 84
1625 2437 1500 1875 42 52
4062 4468 1875 2062 31 36
4062 4468 1312 1500 52 57
3656 4062 937 1125 42 47
4062 4468 1312 1500 36 42
5281 5484 1875 1968 47 49
4875 5281 2062 2250 57 63
5281 5484 1968 2062 49 52
4062 4468 1687 1875 52 57
4062 4468 1687 1875 57 63
812 1218 1500 1687 42 47
812 1625 2250 2625 42 52
4062 4468 1687 1875 42 47
4468 4875 2062 2250 78 84
0 812 2250 2625 73 84
4468 4875 1687 1875 42 47
4468 4875 1875 2062 21 26
4875 5281 1875 2062 21 26
3656 4062 937 1125 57 63
3250 4062 1875 2250 0 10
4875 5281 2062 2250 26 31
1218 1625 1500 1687 57 63
3250 4875 0 750 0 21
3250 4062 1500 1875 0 10
1218 1625 1125 1312 42 47
4062 4468 1125 1312 47 52
4875 5281 1875 2062 15 21
4062 4468 1875 2062 63 68
4062 4468 1312 1500 57 63
5281 5484 1968 2062 54 57
3250 3656 750 937 52 57
812 1625 2625 3001 73 84
5281 5484 1968 2062 52 54
4062 4468 1125 1312 42 47
3656 4062 937 1125 36 42
3250 3656 750 937 31 36
4468 4875 1125 1312 31 36
1625 2437 1500 1875 52 63
4062 4468 1875 2062 73 78
4062 4468 1125 1312 36 42
4875 5281 2062 2250 73 78
4062 4468 1875 2062 26 31
4875 5281 2062 2250 63 68
5281 5484 1968 2062 47 49
4062 4468 1875 2062 68 73
1625 3250 2250 3001 21 42
4062 4468 1125 1312 52 57
812 1625 1875 2250 63 73
812 1625 2250 2625 63 73
812 1625 1875 2250 31 42
1218 1625 1125 1312 63 68
0 812 1875 2250 52 63
4062 4468 1312 1500 31 36
3656 4062 1312 1500 47 52
4875 5281 2062 2250 68 73
4875 5281 2062 2250 78 84
3656 4062 1312 1500 42 47
0 812 1875 2250 42 52
1218 1625 1125 1312 36 42
1625 3250 2250 3001 63 84
4875 5281 2062 2250 21 26
4062 4468 1875 2062 78 84
812 1218 1125 1312 52 57
4062 4468 1125 1312 57 63
4875 5281 1875 2062 10 15
4875 5281 2062 2250 15 21
4062 4468 1875 2062 21 26
812 1218 1125 1312 47 52
5281 5688 1500 1687 57 63
3656 4062 1312 1500 36 42
5281 5688 1500 1687 52 57
3656 4062 1125 1312 47 52
812 1218 1125 1312 57 63
5484 5688 1875 1968 49 52
3656 4062 937 1125 31 36
3250 3656 750 937 57 63
3656 4062 1125 1312 42 47
4062 4468 1125 1312 31 36
5281 5688 1500 1687 47 52
3250 4062 2625 3001 42 52
5281 5688 1500 1687 36 42
5484 5688 1875 1968 54 57
3250 4062 2625 3001 31 42
5484 5688 1875 1968 52 54
3656 4062 1125 1312 36 42
812 1625 1875 2250 73 84
812 1625 1875 2250 21 31
812 1625 2250 2625 73 84
1218 1625 1125 1312 31 36
3250 4062 2625 3001 52 63
5281 5688 1500 1687 42 47
0 812 1875 2250 31 42
812 1218 1125 1312 42 47
4875 5281 2062 2250 10 15
0 812 1875 2250 63 73
5281 5688 1500 1687 31 36
1218 1625 1125 1312 68 73
5484 5688 1875 1968 47 49
1625 3250 0 750 0 21
3656 4062 1312 1500 31 36
4062 4875 2625 3001 52 63
812 1218 1125 1312 63 68
3656 4062 1125 1312 31 36
1625 3250 2250 3001 0 21
812 1218 1125 1312 36 42
3250 4062 2625 3001 63 73
4062 4875 2625 3001 42 52
4062 4875 2625 3001 31 42
1625 3250 0 750 63 84
0 812 1875 2250 21 31
0 812 1875 2250 73 84
1218 1625 1687 1875 47 52
1218 1625 1687 1875 52 57
3250 4062 2625 3001 21 31
4062 4875 2625 3001 63 73
3250 4062 2625 3001 73 84
4062 4468 750 937 47 52
1218 1625 1687 1875 42 47
4062 4468 750 937 42 47
3656 4062 750 937 47 52
812 1218 1125 1312 68 73
1625 2437 750 1125 42 52
812 1218 1125 1312 31 36
4062 4875 2625 3001 21 31
1218 1625 1687 1875 57 63
3656 4062 750 937 52 57
1625 2437 750 1125 31 42
3656 4062 750 937 42 47
3656 4062 750 937 57 63
4062 4875 2625 3001 73 84
3656 4062 750 937 36 42
1625 2437 750 1125 52 63
0 812 1125 1500 52 63
1625 2437 750 1125 21 31
3656 4062 750 937 31 36
0 812 1125 1500 42 52
0 812 1125 1500 63 73
0 812 1125 1500 31 42
5688 6501 2625 3001 52 63
0 812 1125 1500 21 31
5688 6501 2625 3001 42 52
0 812 1125 1500 73 84
812 1625 750 1125 42 52
812 1625 750 1125 31 42
4875 5688 0 375 42 52
4875 5688 0 375 52 63
812 1625 750 1125 52 63
5688 6501 0 375 52 63
4875 5688 2625 3001 42 52
812 1625 750 1125 21 31
0 1625 0 750 63 84
0 1625 0 750 42 63
0 1625 0 750 0 21
5688 6501 1500 1875 63 73
5688 6501 1500 1875 42 52
5688 6501 750 1125 52 63
5688 6501 750 1125 42 52
0 812 750 1125 21 31
4875 5688 2625 3001 52 63
0 1625 0 750 21 42
5688 6501 1125 1500 42 52
812 1625 750 1125 73 84
5688 6501 1500 1875 52 63
812 1625 750 1125 63 73
5688 6501 1500 1875 31 42
5688 6501 1500 1875 21 31
5688 6501 1500 1875 10 21
5688 6501 1500 1875 0 10
5688 6501 1500 1875 73 84
5688 6501 1125 1500 52 63
0 812 750 1125 52 63
0 812 750 1125 63 73
0 812 750 1125 31 42
5688 6501 0 375 42 52
0 812 750 1125 42 52
0 812 750 1125 73 84
5688 6501 375 750 42 52
5688 6501 375 750 52 63
