29
448 512 128 192 0 64
512 576 128 192 0 84
512 576 192 256 0 64
384 448 192 301 0 84
448 512 192 301 0 64
192 320 128 301 0 84
384 448 128 192 0 84
0 128 128 192 0 84
320 384 0 128 0 84
448 512 64 128 0 84
0 128 192 301 0 84
128 192 128 301 0 84
320 384 128 192 0 84
192 320 0 128 0 84
384 448 0 128 0 84
320 384 192 301 0 84
576 651 192 256 0 64
512 576 0 128 0 84
128 192 0 128 0 84
512 576 192 256 64 84
448 512 128 192 64 84
0 128 0 128 0 84
448 512 192 301 64 84
576 651 0 192 0 84
448 512 0 64 0 84
576 651 192 256 64 84
512 576 256 301 0 84
576 651 256 301 0 64
576 651 256 301 64 84
