25
448 512 192 256 0 84
384 448 192 301 0 84
128 192 0 192 0 84
256 320 0 192 0 84
0 192 192 301 0 84
384 448 128 192 0 84
576 651 128 301 0 84
0 128 128 192 0 84
320 384 0 128 0 84
512 576 128 192 32 84
448 512 128 192 32 64
448 512 64 128 0 84
512 576 192 256 32 64
320 384 128 192 0 84
384 448 0 128 0 84
448 576 128 192 0 32
256 384 192 301 0 84
192 256 0 301 0 84
512 651 0 128 0 84
512 576 192 256 64 84
512 576 192 256 0 32
448 512 128 192 64 84
0 128 0 128 0 84
448 512 0 64 0 84
448 576 256 301 0 84
