26
1024 1280 1280 1536 0 84
2816 4096 1792 3001 0 84
2816 4096 0 1024 0 84
2816 4096 1280 1792 0 84
4352 4864 1536 2048 0 84
1280 2816 0 1536 0 84
4352 4864 0 1280 0 84
2816 4096 1024 1280 0 84
4864 5376 1792 2048 0 84
5376 5632 0 2048 0 84
4352 4864 2048 3001 0 84
4864 5376 1280 1792 0 84
5632 6501 2048 2304 0 84
0 1024 0 2048 0 84
5376 5632 2048 3001 0 84
1280 2816 1536 3001 0 84
4096 4352 2048 3001 0 84
4352 4864 1280 1536 0 84
4864 5376 0 1280 0 84
4096 4352 0 2048 0 84
0 1024 2048 3001 0 84
4864 5376 2048 3001 0 84
5632 6501 0 2048 0 84
1024 1280 1536 3001 0 84
5632 6501 2304 3001 0 84
1024 1280 0 1280 0 84
