134
4875 5688 1875 2250 52 63
4875 5688 1875 2250 42 52
4875 5688 1875 2250 31 42
0 1625 1500 2250 42 63
4875 6501 1500 2250 0 21
1625 3250 750 1500 42 63
1625 3250 750 1500 21 42
812 1625 1125 1500 52 63
4875 5688 1875 2250 73 84
4875 5688 1875 2250 63 73
3250 4875 1500 2250 0 21
4062 4875 1875 2250 52 63
4062 4875 1875 2250 42 52
812 1625 1125 1500 42 52
3250 4875 750 1500 0 21
4062 4875 1875 2250 31 42
3250 4875 2250 3001 42 63
4875 5688 1875 2250 21 31
0 1625 2250 3001 42 63
0 1625 750 1500 63 84
3250 4062 750 1125 42 52
0 1625 750 1500 21 42
1625 3250 1500 2250 42 63
4062 4875 1125 1500 42 52
4062 4875 1875 2250 63 73
4875 5688 1500 1875 52 63
0 1625 1500 2250 21 42
0 1625 1500 2250 63 84
4062 4875 1125 1500 52 63
3250 4875 2250 3001 21 42
4062 4875 750 1125 42 52
3250 4062 1125 1500 42 52
4875 6501 750 1500 42 63
3250 4062 750 1125 31 42
3250 4062 1125 1500 31 42
4875 5688 1500 1875 42 52
0 1625 2250 3001 63 84
3250 4875 2250 3001 63 84
4062 4875 1875 2250 21 31
4875 6501 0 750 42 63
4062 4875 1500 1875 42 52
4062 4875 1500 1875 52 63
4062 4875 1875 2250 73 84
4875 5688 1500 1875 31 42
4062 4875 1125 1500 31 42
4062 4875 750 1125 52 63
4062 4875 750 1125 31 42
3250 4062 750 1125 52 63
4875 6501 2250 3001 42 63
1625 3250 1500 2250 21 42
4062 4875 1500 1875 31 42
4062 4875 1125 1500 63 73
1625 3250 750 1500 63 84
0 1625 750 1500 0 21
1625 3250 750 1500 0 21
0 1625 2250 3001 21 42
0 1625 1500 2250 0 21
4875 6501 750 1500 21 42
4875 5688 1500 1875 63 73
3250 4062 1500 1875 42 52
1625 3250 1500 2250 63 84
3250 4062 1125 1500 52 63
3250 4062 1875 2250 42 52
3250 4875 0 750 42 63
4875 6501 2250 3001 21 42
4875 6501 0 750 21 42
4062 4875 1500 1875 63 73
4875 5688 1500 1875 21 31
4875 6501 2250 3001 63 84
3250 4062 750 1125 63 73
3250 4062 750 1125 21 31
3250 4062 1875 2250 31 42
3250 4062 1500 1875 31 42
3250 4875 2250 3001 0 21
5688 6501 1875 2250 42 52
3250 4062 1125 1500 21 31
4062 4875 750 1125 63 73
4875 5688 1500 1875 73 84
4062 4875 1125 1500 21 31
3250 4062 750 1125 73 84
3250 4062 1500 1875 52 63
4062 4875 1500 1875 73 84
3250 4062 1875 2250 52 63
5688 6501 1875 2250 52 63
4875 6501 750 1500 63 84
4062 4875 1500 1875 21 31
5688 6501 1875 2250 31 42
4062 4875 1125 1500 73 84
4062 4875 750 1125 21 31
3250 4062 1125 1500 63 73
3250 4875 0 750 21 42
0 1625 2250 3001 0 21
5688 6501 1875 2250 63 73
3250 4062 1125 1500 73 84
1625 3250 1500 2250 0 21
5688 6501 1875 2250 73 84
4875 6501 0 750 63 84
4875 6501 2250 3001 0 21
3250 4062 1875 2250 21 31
4062 4875 750 1125 73 84
5688 6501 1875 2250 21 31
3250 4062 1500 1875 21 31
3250 4062 1875 2250 63 73
3250 4062 1875 2250 73 84
3250 4062 1500 1875 63 73
4875 6501 750 1500 0 21
1625 3250 0 750 42 63
3250 4875 0 750 63 84
3250 4062 1500 1875 73 84
4875 6501 0 750 0 21
1625 3250 0 750 21 42
1625 3250 2250 3001 42 63
3250 4875 0 750 0 21
1625 3250 2250 3001 21 42
1625 3250 2250 3001 63 84
1625 3250 0 750 0 21
1625 3250 0 750 63 84
1625 3250 2250 3001 0 21
0 812 1125 1500 52 63
0 812 1125 1500 42 52
812 1625 750 1125 42 52
812 1625 750 1125 52 63
0 1625 0 750 63 84
0 1625 0 750 42 63
0 1625 0 750 0 21
0 1625 0 750 21 42
5688 6501 1500 1875 63 73
5688 6501 1500 1875 42 52
5688 6501 1500 1875 31 42
5688 6501 1500 1875 52 63
5688 6501 1500 1875 21 31
0 812 750 1125 52 63
5688 6501 1500 1875 73 84
0 812 750 1125 42 52
