32
512 576 192 256 32 64
128 192 64 301 0 84
384 448 64 192 32 84
384 448 192 301 32 84
512 651 128 192 32 84
448 651 64 128 32 84
320 384 64 128 32 84
64 128 64 192 32 64
448 512 128 192 32 64
512 651 128 301 0 32
320 384 128 301 32 84
256 320 64 301 0 84
448 512 192 301 32 64
448 512 128 301 0 32
448 512 128 301 64 84
320 384 64 301 0 32
384 448 64 301 0 32
512 576 192 256 64 84
64 128 192 301 32 84
192 256 64 301 0 84
64 651 0 64 0 84
64 128 64 301 0 32
576 640 192 256 32 64
64 128 64 192 64 84
0 64 0 301 0 84
448 651 64 128 0 32
576 640 192 256 64 84
576 640 256 301 32 84
512 576 256 301 32 84
640 651 192 256 32 64
640 651 256 301 32 84
640 651 192 256 64 84
