36
325 651 0 150 0 42
488 651 150 225 42 63
0 325 0 150 42 84
325 488 75 150 42 63
325 488 150 225 42 63
488 651 150 225 21 42
0 325 150 301 0 42
0 325 0 150 0 42
488 651 150 225 63 84
325 488 150 225 21 42
325 488 150 225 63 84
0 162 150 225 42 63
325 488 75 150 63 84
488 651 150 225 0 21
325 488 225 301 42 63
325 488 150 225 0 21
0 162 150 225 63 84
162 325 150 225 42 63
488 651 225 301 42 63
325 488 225 301 21 42
488 651 75 150 42 63
0 162 225 301 42 63
325 488 225 301 63 84
488 651 225 301 21 42
0 162 225 301 63 84
325 488 0 75 42 63
488 651 225 301 63 84
488 651 0 75 42 63
162 325 150 225 63 84
325 488 225 301 0 21
488 651 75 150 63 84
488 651 225 301 0 21
325 488 0 75 63 84
488 651 0 75 63 84
162 325 225 301 42 63
162 325 225 301 63 84
