32
352 416 192 301 0 84
416 448 192 301 0 84
96 128 0 160 0 84
448 480 128 192 0 84
224 352 96 128 0 64
128 160 0 301 0 84
480 512 0 128 0 84
224 352 160 301 0 84
480 512 128 192 0 84
544 576 192 224 0 64
448 480 192 301 0 84
448 480 0 128 0 84
160 224 0 301 0 84
576 651 0 301 0 84
0 96 192 301 0 84
512 544 192 301 0 64
352 416 0 128 0 84
416 448 128 192 0 84
512 544 160 192 0 84
0 96 0 192 0 84
224 352 128 160 0 84
224 352 0 96 0 84
352 416 128 192 0 84
480 512 192 301 0 84
544 576 0 192 0 84
96 128 160 301 0 84
416 448 0 128 0 84
544 576 224 301 0 84
512 544 0 160 0 84
544 576 192 224 64 84
512 544 192 301 64 84
224 352 96 128 64 84
