45
1024 1280 1280 1536 0 84
5376 5632 2048 2304 0 84
1024 3584 1024 1280 0 84
1024 3584 768 1024 0 84
768 1024 0 3001 0 84
5376 6501 1792 2048 0 84
5120 5376 1792 2048 0 84
4608 4864 1792 3001 0 84
3584 6501 768 1024 0 84
4352 4608 1792 3001 0 84
4608 6501 1536 1792 0 84
1024 6501 512 768 0 84
3584 6501 1024 1280 0 84
4096 4352 2048 3001 0 84
5632 5888 2048 2304 0 84
4608 6501 1280 1536 0 84
512 768 0 3001 0 84
4352 4608 1280 1792 0 84
3072 3328 1280 3001 0 84
3328 3584 1280 3001 0 84
3840 4096 1280 3001 0 84
4096 4352 1280 2048 0 84
3584 3840 1280 3001 0 84
4864 5120 1792 3001 0 84
1280 1536 1280 3001 0 84
1792 2048 1280 3001 0 84
2304 2560 1280 3001 0 84
1536 1792 1280 3001 0 84
5120 5376 2048 3001 0 84
5888 6144 2048 2304 0 84
1024 1280 1536 3001 0 84
2560 2816 1280 3001 0 84
2816 3072 1280 3001 0 84
5632 5888 2304 3001 0 84
5888 6144 2304 3001 0 84
2048 2304 1280 3001 0 84
1024 6501 256 512 0 84
5376 5632 2304 3001 0 84
6144 6400 2304 2560 0 84
6144 6400 2560 3001 0 84
256 512 0 3001 0 84
1024 6501 0 256 0 84
6144 6501 2048 2304 0 84
0 256 0 3001 0 84
6400 6501 2304 3001 0 84
