1030
106 114 41 45 63 68
106 114 41 45 31 36
65 81 15 22 63 73
81 98 22 30 73 84
65 81 30 37 31 42
81 98 30 37 73 84
98 114 22 30 42 52
65 81 37 45 52 63
81 98 15 22 63 73
98 114 22 30 52 63
81 98 30 37 21 31
16 32 22 30 10 21
98 131 15 30 63 84
32 48 22 30 52 63
89 98 26 30 47 52
106 114 37 41 68 73
65 81 22 30 63 73
65 73 22 26 36 42
114 131 37 45 73 84
81 98 7 15 31 42
65 81 15 22 73 84
114 131 37 45 63 73
81 89 41 45 47 52
81 98 7 15 52 63
65 81 30 37 52 63
98 114 7 15 31 42
106 114 41 45 68 73
89 98 26 30 52 57
98 114 7 15 52 63
106 114 37 41 26 31
81 89 41 45 52 57
89 98 26 30 57 63
24 32 26 30 42 47
89 98 26 30 42 47
89 98 41 45 47 52
65 73 22 26 42 47
65 81 15 22 10 21
0 16 30 37 52 63
32 48 22 30 21 31
89 98 41 45 52 57
16 24 26 30 42 47
65 81 45 53 42 52
81 89 41 45 57 63
89 98 41 45 57 63
65 81 22 30 10 21
98 106 37 41 47 52
81 98 15 22 21 31
65 81 22 30 73 84
0 32 45 61 0 21
16 32 30 37 21 31
81 89 41 45 42 47
98 106 37 41 52 57
114 122 41 45 47 52
81 89 41 45 36 42
89 98 37 41 47 52
98 114 22 30 31 42
81 98 45 53 21 31
81 98 22 30 10 21
106 114 41 45 26 31
65 81 45 53 31 42
98 114 30 37 10 21
89 98 41 45 36 42
81 98 45 53 73 84
89 98 37 41 52 57
48 65 37 45 42 52
32 65 30 45 0 21
65 73 18 22 52 57
65 73 18 22 31 36
89 98 26 30 36 42
114 131 45 53 42 52
89 98 41 45 42 47
98 106 37 41 36 42
24 32 26 30 63 68
0 16 45 53 52 63
65 81 45 53 52 63
16 32 30 37 73 84
98 131 45 61 0 21
114 122 41 45 36 42
98 106 37 41 42 47
16 32 22 30 0 10
89 98 37 41 57 63
16 32 30 37 10 21
65 73 22 26 47 52
48 65 22 30 52 63
16 24 33 37 52 57
81 98 30 37 10 21
16 24 26 30 63 68
98 106 37 41 57 63
106 114 37 41 21 26
0 16 30 37 42 52
89 98 37 41 42 47
114 122 41 45 52 57
89 98 37 41 36 42
65 98 0 15 63 84
89 98 26 30 63 68
114 131 45 53 52 63
110 114 41 43 49 52
32 40 26 30 36 42
106 114 37 41 15 21
114 131 37 45 21 31
65 73 26 30 36 42
98 106 33 37 52 57
16 32 37 45 52 63
16 24 33 37 47 52
114 122 41 45 42 47
110 114 39 41 49 52
89 98 41 45 31 36
48 65 37 45 52 63
24 32 26 30 36 42
48 65 30 37 42 52
89 98 41 45 63 68
65 73 22 26 31 36
16 24 33 37 57 63
81 89 41 45 63 68
48 65 15 22 52 63
98 106 33 37 47 52
16 24 26 30 36 42
114 131 45 53 31 42
65 73 26 30 42 47
32 40 26 30 42 47
89 98 15 18 47 52
89 98 15 18 42 47
114 122 41 45 57 63
98 114 45 53 42 52
0 16 53 61 52 63
56 65 18 22 42 47
65 81 37 45 21 31
98 106 33 37 57 63
89 98 15 18 36 42
81 89 41 45 31 36
106 114 41 45 21 26
56 65 18 22 36 42
16 32 37 45 42 52
48 65 22 30 21 31
0 16 45 53 42 52
106 114 41 45 15 21
89 98 22 26 47 52
16 32 53 61 52 63
98 114 45 53 52 63
98 131 0 15 63 84
98 106 33 37 36 42
98 106 11 15 42 47
98 106 37 41 31 36
98 106 11 15 47 52
81 98 22 30 0 10
65 81 37 45 63 73
81 98 15 22 73 84
110 114 41 43 52 54
81 89 41 45 73 78
65 81 15 22 0 10
81 98 45 53 10 21
110 114 41 43 39 42
65 73 18 22 26 31
110 114 39 41 52 54
98 114 45 53 31 42
65 81 37 45 73 84
89 98 11 15 47 52
89 98 11 15 42 47
110 114 39 41 39 42
0 16 53 61 63 73
89 98 26 30 31 36
110 114 41 43 54 57
48 65 30 37 31 42
32 40 26 30 47 52
98 114 15 22 42 52
24 28 26 28 49 52
110 114 39 41 54 57
98 106 30 33 52 57
32 65 0 15 42 63
56 65 18 22 47 52
89 98 18 22 47 52
98 106 33 37 42 47
32 48 22 30 10 21
0 16 30 37 63 73
110 114 41 43 36 39
110 114 41 43 47 49
65 81 22 30 0 10
110 114 41 43 44 47
89 98 41 45 26 31
89 98 26 30 68 73
32 48 37 45 52 63
98 106 30 33 47 52
89 98 22 26 42 47
89 98 15 18 52 57
89 98 37 41 31 36
65 73 18 22 57 63
89 98 22 26 52 57
110 114 39 41 36 39
89 98 18 22 42 47
110 114 41 43 78 81
110 114 41 43 57 60
98 131 15 30 0 21
110 114 41 43 75 78
16 32 53 61 63 73
89 98 37 41 63 68
110 114 41 43 60 63
81 98 15 22 10 21
110 114 39 41 57 60
110 114 39 41 44 47
65 81 30 37 21 31
98 114 30 37 0 10
110 114 39 41 47 49
56 65 22 26 36 42
32 40 26 30 31 36
81 89 45 49 47 52
20 24 28 30 49 52
65 73 26 30 47 52
110 114 39 41 60 63
32 48 37 45 42 52
81 89 41 45 68 73
110 114 39 41 78 81
114 122 41 45 31 36
81 98 30 37 0 10
20 24 26 28 49 52
98 106 37 41 73 78
110 114 39 41 75 78
24 28 26 28 54 57
65 81 30 37 63 73
98 106 30 33 57 63
65 81 45 53 63 73
106 114 37 41 5 10
89 98 30 33 47 52
89 98 18 22 36 42
98 106 37 41 63 68
89 98 22 26 57 63
56 65 22 26 42 47
16 32 45 53 52 63
81 89 45 49 52 57
106 114 33 37 52 57
81 89 37 41 47 52
114 131 45 53 63 73
48 65 37 45 31 42
16 24 33 37 42 47
114 131 37 45 10 21
16 24 30 33 52 57
89 98 41 45 73 78
81 89 45 49 57 63
89 98 41 45 68 73
106 114 37 41 10 15
89 98 30 33 52 57
20 24 28 30 54 57
81 89 41 45 26 31
65 73 22 26 52 57
16 24 30 33 47 52
16 24 26 30 68 73
32 48 22 30 63 73
98 106 33 37 31 36
0 16 45 53 63 73
89 98 22 26 36 42
106 114 33 37 47 52
89 98 18 22 52 57
16 32 30 37 0 10
81 89 41 45 78 84
98 106 41 45 47 52
98 106 30 33 36 42
20 24 26 28 54 57
24 32 26 30 68 73
24 28 28 30 49 52
56 65 26 30 36 42
106 114 33 37 57 63
81 89 37 41 36 42
48 65 15 22 21 31
89 98 45 49 57 63
0 16 53 61 42 52
98 106 37 41 26 31
89 98 37 41 73 78
65 81 45 53 73 84
16 24 26 30 31 36
24 28 26 28 52 54
65 73 22 26 26 31
48 65 22 30 63 73
65 73 26 30 31 36
110 114 39 41 33 36
98 106 30 33 42 47
106 114 41 45 5 10
81 89 45 49 36 42
81 89 37 41 42 47
24 28 26 28 57 60
24 32 26 30 31 36
65 81 37 45 10 21
98 106 37 41 68 73
16 32 53 61 42 52
98 114 15 22 31 42
24 32 22 26 52 57
106 110 39 41 49 52
89 98 37 41 26 31
81 89 37 41 52 57
16 24 33 37 63 68
65 81 45 53 21 31
48 65 22 30 10 21
24 32 22 26 47 52
89 98 30 33 42 47
65 73 18 22 21 26
81 98 7 15 21 31
81 89 45 49 42 47
32 40 22 26 36 42
89 98 30 33 36 42
114 131 45 53 73 84
98 106 41 45 36 42
89 98 30 33 57 63
81 89 18 22 47 52
89 98 26 30 26 31
89 98 15 18 31 36
110 114 41 43 42 44
106 114 41 45 10 15
98 106 33 37 63 68
24 28 28 30 54 57
106 114 33 37 36 42
98 106 37 41 78 84
0 16 30 37 31 42
81 98 45 53 0 10
56 65 26 30 42 47
98 114 15 22 52 63
98 106 41 45 52 57
24 32 30 33 47 52
20 24 28 30 52 54
110 114 39 41 65 68
16 32 45 53 42 52
110 114 39 41 42 44
89 98 33 37 47 52
20 24 28 30 57 60
89 98 33 37 52 57
16 24 26 30 73 78
20 24 26 28 52 54
24 28 26 28 60 63
24 28 26 28 47 49
65 98 0 15 0 21
106 114 37 41 0 5
16 24 30 33 57 63
89 98 15 18 57 63
20 24 26 28 57 60
81 89 37 41 57 63
98 114 7 15 21 31
106 110 37 39 49 52
81 89 18 22 42 47
24 32 26 30 73 78
98 114 22 30 21 31
98 106 41 45 42 47
24 32 30 33 52 57
89 98 33 37 57 63
32 65 0 15 21 42
56 65 22 26 47 52
24 32 22 26 57 63
81 89 26 30 47 52
89 98 41 45 21 26
81 89 33 37 47 52
89 98 37 41 68 73
89 98 33 37 36 42
110 114 43 45 49 52
65 81 30 37 73 84
81 89 41 45 21 26
98 106 41 45 31 36
89 98 18 22 57 63
0 16 37 45 52 63
106 114 33 37 42 47
32 40 22 26 42 47
48 65 22 30 73 84
81 89 41 45 15 21
106 110 39 41 54 57
110 114 39 41 63 65
106 110 39 41 39 42
106 114 41 45 0 5
98 106 33 37 26 31
24 28 28 30 57 60
89 98 22 26 63 68
98 114 45 53 63 73
48 65 37 45 63 73
20 24 28 30 47 49
24 28 28 30 52 54
65 81 30 37 10 21
81 89 45 49 63 68
65 73 15 18 42 47
98 106 30 33 31 36
89 98 45 49 63 68
20 24 28 30 60 63
20 24 26 28 60 63
114 131 37 45 0 10
89 98 45 49 52 57
89 98 37 41 78 84
89 98 41 45 15 21
73 81 18 22 47 52
106 110 37 39 54 57
20 24 26 28 47 49
89 98 33 37 42 47
81 89 33 37 52 57
106 110 39 41 36 39
89 98 41 45 78 84
16 24 26 30 26 31
110 114 41 43 73 75
106 110 39 41 52 54
98 114 45 53 73 84
81 89 22 26 47 52
89 98 45 49 36 42
98 106 33 37 73 78
81 89 26 30 42 47
32 48 37 45 63 73
81 89 30 33 47 52
98 106 30 33 63 68
32 65 45 61 42 63
16 32 37 45 63 73
114 131 45 53 21 31
81 89 33 37 42 47
81 89 26 30 36 42
81 89 33 37 36 42
24 28 28 30 60 63
0 16 45 53 31 42
65 73 15 18 36 42
0 16 53 61 73 84
98 106 37 41 21 26
81 89 33 37 57 63
89 98 45 49 47 52
110 114 39 41 73 75
24 32 26 30 26 31
81 89 26 30 52 57
0 16 30 37 73 84
48 65 15 22 63 73
48 65 30 37 52 63
106 110 39 41 44 47
81 89 18 22 52 57
32 40 22 26 47 52
0 16 37 45 42 52
56 65 26 30 47 52
89 98 37 41 21 26
81 89 45 49 31 36
106 110 37 39 39 42
81 89 22 26 42 47
24 28 28 30 47 49
98 106 41 45 57 63
89 98 18 22 31 36
48 65 37 45 73 84
24 32 30 33 42 47
106 110 37 39 52 54
16 24 30 33 42 47
16 24 33 37 36 42
98 131 0 15 0 21
65 69 20 22 39 42
65 73 22 26 57 63
89 98 45 49 31 36
110 114 41 43 81 84
98 106 37 41 15 21
81 98 15 22 0 10
65 81 7 15 42 52
81 89 30 33 52 57
32 48 37 45 31 42
106 110 39 41 57 60
0 16 30 37 21 31
98 106 33 37 68 73
48 65 15 22 10 21
73 81 18 22 52 57
16 32 37 45 31 42
16 32 45 53 63 73
81 89 37 41 31 36
65 73 15 18 47 52
24 32 30 33 57 63
98 114 45 53 21 31
110 114 43 45 39 42
89 98 22 26 31 36
110 114 39 41 81 84
32 48 22 30 73 84
106 110 37 39 36 39
65 73 26 30 52 57
106 110 39 41 33 36
16 32 53 61 73 84
56 65 18 22 31 36
110 114 43 45 52 54
89 98 37 41 15 21
81 89 30 33 42 47
106 110 39 41 47 49
32 40 22 26 31 36
56 65 22 26 31 36
106 110 37 39 44 47
16 32 53 61 31 42
32 48 30 37 42 52
89 98 30 33 31 36
89 98 30 33 63 68
0 16 30 37 10 21
106 114 33 37 31 36
110 114 43 45 44 47
65 69 18 20 39 42
106 114 33 37 63 68
98 106 33 37 78 84
110 114 43 45 47 49
110 114 43 45 78 81
65 81 45 53 10 21
98 106 41 45 26 31
24 32 22 26 42 47
106 110 37 39 57 60
65 73 37 41 42 47
106 110 39 41 60 63
110 114 43 45 75 78
0 16 53 61 31 42
48 65 22 30 0 10
65 69 20 22 44 47
0 16 45 53 73 84
24 32 26 30 78 84
16 24 26 30 78 84
98 106 30 33 26 31
65 73 37 41 47 52
65 73 33 37 42 47
65 81 37 45 0 10
81 89 22 26 36 42
110 114 43 45 36 39
81 89 18 22 36 42
89 98 45 49 42 47
110 114 43 45 54 57
65 73 22 26 21 26
81 89 26 30 57 63
110 114 39 41 31 33
110 114 43 45 60 63
81 89 30 33 36 42
32 48 22 30 0 10
65 73 37 41 36 42
81 89 18 22 57 63
81 89 22 26 52 57
89 98 33 37 63 68
65 73 26 30 26 31
81 89 37 41 63 68
73 81 18 22 42 47
81 89 30 33 57 63
110 114 43 45 57 60
65 69 18 20 44 47
89 98 26 30 21 26
16 24 26 30 21 26
89 98 22 26 68 73
89 98 33 37 31 36
65 69 20 22 36 39
48 65 15 22 73 84
106 110 37 39 47 49
65 73 33 37 47 52
56 65 15 18 42 47
24 32 26 30 21 26
98 106 33 37 21 26
65 69 20 22 49 52
81 89 45 49 68 73
56 65 26 30 31 36
106 110 39 41 42 44
16 24 33 37 68 73
56 65 15 18 36 42
106 110 37 39 60 63
106 110 37 39 33 36
65 69 20 22 42 44
24 32 30 33 36 42
89 98 45 49 68 73
106 110 39 41 75 78
65 69 18 20 49 52
69 73 20 22 39 42
98 106 41 45 73 78
81 89 37 41 73 78
73 81 37 41 47 52
81 89 33 37 63 68
65 69 18 20 36 39
81 89 33 37 31 36
65 81 30 37 0 10
81 89 41 45 5 10
65 73 30 33 42 47
65 69 20 22 47 49
106 110 39 41 78 81
89 98 41 45 5 10
16 24 33 37 31 36
73 81 18 22 57 63
32 48 30 37 31 42
69 73 18 20 39 42
48 65 37 45 21 31
106 110 37 39 42 44
69 73 18 20 44 47
65 69 18 20 42 44
32 65 45 61 21 42
69 73 20 22 44 47
24 32 22 26 63 68
98 106 41 45 63 68
98 106 7 11 47 52
106 114 33 37 73 78
48 65 15 22 0 10
81 89 41 45 10 15
65 69 18 20 47 49
98 106 7 11 42 47
0 16 45 53 21 31
32 48 37 45 73 84
106 110 39 41 65 68
65 73 30 33 47 52
81 89 22 26 57 63
73 81 41 45 36 42
73 81 18 22 36 42
16 32 45 53 31 42
106 110 41 43 49 52
81 89 37 41 68 73
89 98 22 26 26 31
110 114 43 45 42 44
56 65 15 18 47 52
98 106 37 41 5 10
89 98 41 45 10 15
32 48 30 37 52 63
81 89 37 41 26 31
16 24 22 26 52 57
106 114 33 37 68 73
106 114 33 37 26 31
16 24 30 33 36 42
73 81 33 37 47 52
48 65 30 37 21 31
0 16 53 61 21 31
16 24 22 26 47 52
81 89 26 30 31 36
0 16 37 45 63 73
89 98 30 33 68 73
98 106 30 33 68 73
69 73 20 22 49 52
69 73 18 20 49 52
106 110 37 39 75 78
16 32 53 61 21 31
98 106 41 45 78 84
73 81 26 30 47 52
16 32 37 45 73 84
16 24 30 33 63 68
73 81 37 41 42 47
69 73 20 22 36 39
24 32 22 26 36 42
81 89 41 45 0 5
98 106 41 45 68 73
69 73 20 22 42 44
89 98 33 37 68 73
89 98 37 41 5 10
73 81 26 30 42 47
81 89 30 33 31 36
16 32 37 45 21 31
98 106 37 41 10 15
69 73 18 20 42 44
106 110 41 43 39 42
89 98 41 45 0 5
65 73 26 30 57 63
106 110 39 41 63 65
73 81 22 26 47 52
106 110 41 43 36 39
65 81 45 53 0 10
106 110 37 39 78 81
65 73 41 45 36 42
32 65 45 61 63 84
69 73 18 20 36 39
16 24 22 26 57 63
106 110 37 39 65 68
98 106 30 33 21 26
89 98 37 41 10 15
81 89 33 37 68 73
69 73 18 20 47 49
106 110 39 41 31 33
69 73 20 22 47 49
0 16 37 45 31 42
98 106 41 45 21 26
106 114 33 37 78 84
73 81 41 45 42 47
110 114 43 45 73 75
98 106 30 33 73 78
73 81 41 45 47 52
81 89 26 30 63 68
65 73 41 45 42 47
106 110 41 43 54 57
65 73 41 45 47 52
16 32 45 53 73 84
65 81 7 15 31 42
98 106 41 45 15 21
81 89 30 33 63 68
73 81 33 37 42 47
81 89 37 41 78 84
114 122 37 41 47 52
73 81 37 41 36 42
106 110 41 43 52 54
73 81 30 33 47 52
98 106 37 41 0 5
106 110 41 43 44 47
73 81 22 26 42 47
106 110 37 39 63 65
110 114 43 45 81 84
24 32 30 33 63 68
65 73 26 30 21 26
32 48 37 45 21 31
0 16 30 37 0 10
106 110 39 41 73 75
81 89 37 41 21 26
48 65 30 37 63 73
73 81 22 26 52 57
73 81 26 30 36 42
24 32 30 33 31 36
16 32 37 45 10 21
98 114 15 22 21 31
65 73 37 41 31 36
89 98 37 41 0 5
81 89 22 26 31 36
24 32 33 37 47 52
81 89 37 41 15 21
81 89 22 26 63 68
65 73 15 18 52 57
106 110 41 43 57 60
106 110 37 39 31 33
106 110 41 43 47 49
65 73 15 18 31 36
114 122 37 41 52 57
73 81 30 33 42 47
24 32 33 37 52 57
106 114 33 37 21 26
98 106 30 33 78 84
106 110 41 43 60 63
73 81 26 30 52 57
73 81 22 26 36 42
89 98 22 26 21 26
114 122 37 41 36 42
81 89 18 22 31 36
16 24 30 33 31 36
106 110 37 39 73 75
114 122 37 41 57 63
106 110 41 43 75 78
81 89 26 30 26 31
89 98 7 11 47 52
106 110 39 41 81 84
16 32 45 53 21 31
106 110 41 43 78 81
16 24 22 26 42 47
89 98 7 11 42 47
24 32 33 37 42 47
106 110 41 43 42 44
73 81 22 26 57 63
73 81 41 45 31 36
114 122 37 41 42 47
81 89 30 33 68 73
65 73 41 45 31 36
16 24 30 33 68 73
98 106 41 45 5 10
0 16 37 45 21 31
0 16 37 45 73 84
81 89 26 30 68 73
24 32 22 26 31 36
48 65 30 37 73 84
73 81 18 22 31 36
24 32 30 33 68 73
24 32 22 26 68 73
110 114 37 39 49 52
56 65 15 18 31 36
73 81 37 41 31 36
98 106 41 45 10 15
24 32 33 37 57 63
16 24 22 26 63 68
81 89 22 26 68 73
0 16 37 45 10 21
81 89 37 41 5 10
106 110 37 39 81 84
73 81 26 30 57 63
98 106 41 45 0 5
65 81 53 61 42 52
24 32 33 37 36 42
81 89 37 41 10 15
106 114 30 33 57 63
24 32 22 26 73 78
32 48 30 37 21 31
110 114 37 39 39 42
48 56 26 30 36 42
110 114 37 39 36 39
110 114 37 39 54 57
73 81 26 30 31 36
65 81 53 61 31 42
81 89 22 26 26 31
81 89 26 30 21 26
106 114 30 33 52 57
16 32 37 45 0 10
110 114 37 39 52 54
16 24 22 26 36 42
32 48 30 37 63 73
32 65 0 15 0 21
65 73 15 18 26 31
24 32 22 26 26 31
114 122 37 41 31 36
65 81 53 61 52 63
106 110 41 43 73 75
73 81 22 26 31 36
48 56 22 26 36 42
65 81 7 15 52 63
48 56 26 30 42 47
106 110 43 45 49 52
73 81 18 22 26 31
81 89 37 41 0 5
106 114 30 33 47 52
110 114 37 39 44 47
106 114 30 33 36 42
110 114 37 39 33 36
110 114 37 39 57 60
32 65 45 61 0 21
81 98 53 61 52 63
24 32 22 26 78 84
110 114 37 39 60 63
110 114 37 39 47 49
65 73 15 18 57 63
48 56 22 26 42 47
106 110 41 43 81 84
106 110 43 45 39 42
48 56 26 30 47 52
73 81 18 22 21 26
24 32 22 26 21 26
40 48 22 26 36 42
24 32 33 37 31 36
106 114 30 33 42 47
106 110 43 45 36 39
81 89 22 26 21 26
81 89 49 53 52 57
32 65 0 15 63 84
106 114 30 33 31 36
110 114 37 39 42 44
106 110 43 45 44 47
81 89 49 53 47 52
106 110 43 45 52 54
73 81 26 30 26 31
106 110 43 45 54 57
106 114 30 33 63 68
73 81 22 26 26 31
40 48 22 26 42 47
106 110 43 45 60 63
65 73 15 18 21 26
0 16 37 45 0 10
16 24 22 26 68 73
81 98 53 61 31 42
81 89 49 53 57 63
106 110 43 45 47 49
81 98 53 61 42 52
106 110 43 45 57 60
16 24 22 26 31 36
65 81 53 61 63 73
110 114 37 39 65 68
48 56 22 26 47 52
106 110 43 45 75 78
32 48 30 37 73 84
106 110 43 45 78 81
24 32 33 37 63 68
81 89 49 53 36 42
48 56 26 30 31 36
40 48 22 26 47 52
16 24 22 26 73 78
48 56 22 26 31 36
110 114 37 39 75 78
81 98 53 61 63 73
110 114 37 39 78 81
81 89 49 53 42 47
110 114 37 39 63 65
106 110 43 45 42 44
65 81 53 61 21 31
110 114 37 39 31 33
73 81 22 26 21 26
106 114 30 33 26 31
73 81 26 30 21 26
65 81 53 61 73 84
40 48 26 30 36 42
81 89 49 53 63 68
16 24 22 26 26 31
40 48 26 30 47 52
40 48 26 30 42 47
24 32 33 37 68 73
81 89 49 53 31 36
48 56 18 22 36 42
40 48 22 26 31 36
81 98 53 61 21 31
48 56 18 22 42 47
16 24 22 26 78 84
81 89 15 18 47 52
65 81 7 15 21 31
81 89 11 15 47 52
106 110 43 45 73 75
81 89 11 15 42 47
81 89 15 18 42 47
16 24 22 26 21 26
32 48 15 22 42 52
110 114 37 39 73 75
81 89 15 18 52 57
106 114 30 33 68 73
73 81 15 18 47 52
81 89 49 53 68 73
89 98 49 53 57 63
106 114 30 33 73 78
106 110 43 45 81 84
32 48 15 22 31 42
110 114 37 39 81 84
65 81 53 61 10 21
106 114 30 33 21 26
81 89 15 18 36 42
48 56 18 22 47 52
89 98 49 53 52 57
73 81 15 18 52 57
16 20 28 30 54 57
106 114 30 33 78 84
81 89 15 18 57 63
40 48 26 30 31 36
73 81 15 18 42 47
89 98 49 53 31 36
81 98 53 61 73 84
89 98 49 53 36 42
89 98 49 53 63 68
28 32 26 28 49 52
16 20 28 30 49 52
89 98 49 53 47 52
81 98 53 61 10 21
48 56 18 22 31 36
28 32 26 28 54 57
16 20 28 30 57 60
28 32 28 30 49 52
48 56 15 18 36 42
48 56 15 18 42 47
28 32 26 28 57 60
16 20 28 30 52 54
81 89 7 11 47 52
28 32 26 28 60 63
28 32 26 28 52 54
81 89 7 11 42 47
73 81 15 18 57 63
28 32 28 30 54 57
89 98 49 53 42 47
73 81 15 18 36 42
28 32 26 28 47 49
0 16 22 30 52 63
28 32 28 30 47 49
89 98 49 53 68 73
65 81 53 61 0 10
16 20 28 30 60 63
81 89 15 18 31 36
48 56 15 18 47 52
28 32 28 30 57 60
81 98 53 61 0 10
28 32 28 30 52 54
16 20 28 30 47 49
32 48 15 22 52 63
28 32 28 30 60 63
16 20 26 28 54 57
0 16 22 30 42 52
16 20 26 28 49 52
32 48 15 22 21 31
48 56 15 18 31 36
16 20 26 28 57 60
16 20 26 28 60 63
16 20 26 28 52 54
73 81 15 18 31 36
0 16 22 30 63 73
0 16 22 30 31 42
16 20 26 28 47 49
32 48 15 22 63 73
32 48 15 22 10 21
73 81 15 18 26 31
32 48 15 22 73 84
73 81 15 18 21 26
0 16 22 30 21 31
0 16 22 30 73 84
0 16 22 30 10 21
114 131 53 61 52 63
114 131 53 61 31 42
114 131 53 61 42 52
32 48 15 22 0 10
0 16 22 30 0 10
81 98 0 7 42 52
114 131 53 61 63 73
114 131 53 61 21 31
114 131 53 61 73 84
81 98 0 7 52 63
81 98 0 7 31 42
16 32 15 22 31 42
16 32 15 22 42 52
81 98 0 7 21 31
122 131 41 45 47 52
114 131 0 7 52 63
16 32 15 22 52 63
122 131 41 45 52 57
98 114 0 7 42 52
122 131 41 45 42 47
98 114 53 61 42 52
122 131 41 45 36 42
16 32 15 22 21 31
16 32 15 22 10 21
122 131 41 45 57 63
114 131 30 37 63 73
114 131 30 37 42 52
0 32 0 15 63 84
0 32 0 15 42 63
98 114 0 7 31 42
122 131 41 45 31 36
0 32 0 15 0 21
98 114 0 7 52 63
114 131 15 22 52 63
98 114 53 61 31 42
114 131 15 22 42 52
0 16 15 22 21 31
114 131 30 37 52 63
98 114 53 61 52 63
114 131 30 37 31 42
114 131 22 30 42 52
16 32 15 22 0 10
0 32 0 15 21 42
114 131 0 7 42 52
114 131 7 15 52 63
106 114 11 15 47 52
16 32 15 22 73 84
16 32 15 22 63 73
114 131 30 37 0 10
98 114 0 7 21 31
122 131 37 41 36 42
122 131 37 41 31 36
122 131 37 41 57 63
114 131 30 37 73 84
114 131 30 37 21 31
0 16 15 22 63 73
0 16 15 22 10 21
106 114 11 15 42 47
0 16 15 22 73 84
98 114 53 61 21 31
0 16 15 22 42 52
114 131 0 7 31 42
122 131 37 41 52 57
114 131 7 15 21 31
114 131 7 15 42 52
65 81 0 7 42 52
114 131 15 22 21 31
122 131 37 41 42 47
114 131 15 22 31 42
65 81 0 7 31 42
114 131 7 15 31 42
65 81 0 7 52 63
114 131 22 30 31 42
114 131 22 30 52 63
65 81 0 7 21 31
0 16 15 22 52 63
0 16 15 22 31 42
114 131 30 37 10 21
106 114 7 11 42 47
114 131 0 7 21 31
114 131 22 30 21 31
0 16 15 22 0 10
98 114 53 61 73 84
106 114 7 11 47 52
122 131 37 41 47 52
98 114 53 61 63 73
