39
256 352 0 96 0 84
416 480 128 160 0 84
384 448 160 192 0 84
416 480 0 96 0 84
480 544 224 256 0 84
192 256 0 301 0 84
544 608 224 256 0 84
448 480 192 256 0 84
256 320 128 224 0 84
480 651 0 96 0 84
480 544 128 160 0 84
320 384 160 224 0 84
64 96 0 192 0 84
576 608 96 224 0 84
384 651 256 301 0 84
256 352 96 128 0 84
416 448 192 256 0 84
416 480 96 128 0 84
544 576 128 192 0 84
384 416 0 160 0 84
64 160 192 256 0 84
96 128 128 192 0 84
0 64 0 301 0 84
352 384 0 128 0 84
160 192 0 301 0 84
512 544 160 192 0 84
320 384 128 160 0 84
96 160 0 128 0 84
128 160 128 192 0 84
480 512 160 192 0 84
512 544 192 224 0 84
480 576 96 128 0 84
384 416 192 256 0 84
448 480 160 192 0 84
544 576 192 224 0 84
480 512 192 224 0 84
256 384 224 301 0 84
64 160 256 301 0 84
608 651 96 256 0 84
