128
0 1625 0 750 0 11
0 1625 0 750 11 21
0 1625 0 750 21 32
0 1625 0 750 32 42
0 1625 0 750 42 52
0 1625 0 750 52 63
0 1625 0 750 63 73
0 1625 0 750 73 84
0 1625 750 1500 0 11
0 1625 750 1500 11 21
0 1625 750 1500 21 32
0 1625 750 1500 32 42
0 1625 750 1500 42 52
0 1625 750 1500 52 63
0 1625 750 1500 63 73
0 1625 750 1500 73 84
0 1625 1500 2250 0 11
0 1625 1500 2250 11 21
0 1625 1500 2250 21 32
0 1625 1500 2250 32 42
0 1625 1500 2250 42 52
0 1625 1500 2250 52 63
0 1625 1500 2250 63 73
0 1625 1500 2250 73 84
0 1625 2250 3001 0 11
0 1625 2250 3001 11 21
0 1625 2250 3001 21 32
0 1625 2250 3001 32 42
0 1625 2250 3001 42 52
0 1625 2250 3001 52 63
0 1625 2250 3001 63 73
0 1625 2250 3001 73 84
1625 3250 0 750 0 11
1625 3250 0 750 11 21
1625 3250 0 750 21 32
1625 3250 0 750 32 42
1625 3250 0 750 42 52
1625 3250 0 750 52 63
1625 3250 0 750 63 73
1625 3250 0 750 73 84
1625 3250 750 1500 0 11
1625 3250 750 1500 11 21
1625 3250 750 1500 21 32
1625 3250 750 1500 32 42
1625 3250 750 1500 42 52
1625 3250 750 1500 52 63
1625 3250 750 1500 63 73
1625 3250 750 1500 73 84
1625 3250 1500 2250 0 11
1625 3250 1500 2250 11 21
1625 3250 1500 2250 21 32
1625 3250 1500 2250 32 42
1625 3250 1500 2250 42 52
1625 3250 1500 2250 52 63
1625 3250 1500 2250 63 73
1625 3250 1500 2250 73 84
1625 3250 2250 3001 0 11
1625 3250 2250 3001 11 21
1625 3250 2250 3001 21 32
1625 3250 2250 3001 32 42
1625 3250 2250 3001 42 52
1625 3250 2250 3001 52 63
1625 3250 2250 3001 63 73
1625 3250 2250 3001 73 84
3250 4875 0 750 0 11
3250 4875 0 750 11 21
3250 4875 0 750 21 32
3250 4875 0 750 32 42
3250 4875 0 750 42 52
3250 4875 0 750 52 63
3250 4875 0 750 63 73
3250 4875 0 750 73 84
3250 4875 750 1500 0 11
3250 4875 750 1500 11 21
3250 4875 750 1500 21 32
3250 4875 750 1500 32 42
3250 4875 750 1500 42 52
3250 4875 750 1500 52 63
3250 4875 750 1500 63 73
3250 4875 750 1500 73 84
3250 4875 1500 2250 0 11
3250 4875 1500 2250 11 21
3250 4875 1500 2250 21 32
3250 4875 1500 2250 32 42
3250 4875 1500 2250 42 52
3250 4875 1500 2250 52 63
3250 4875 1500 2250 63 73
3250 4875 1500 2250 73 84
3250 4875 2250 3001 0 11
3250 4875 2250 3001 11 21
3250 4875 2250 3001 21 32
3250 4875 2250 3001 32 42
3250 4875 2250 3001 42 52
3250 4875 2250 3001 52 63
3250 4875 2250 3001 63 73
3250 4875 2250 3001 73 84
4875 6501 0 750 0 11
4875 6501 0 750 11 21
4875 6501 0 750 21 32
4875 6501 0 750 32 42
4875 6501 0 750 42 52
4875 6501 0 750 52 63
4875 6501 0 750 63 73
4875 6501 0 750 73 84
4875 6501 750 1500 0 11
4875 6501 750 1500 11 21
4875 6501 750 1500 21 32
4875 6501 750 1500 32 42
4875 6501 750 1500 42 52
4875 6501 750 1500 52 63
4875 6501 750 1500 63 73
4875 6501 750 1500 73 84
4875 6501 1500 2250 0 11
4875 6501 1500 2250 11 21
4875 6501 1500 2250 21 32
4875 6501 1500 2250 32 42
4875 6501 1500 2250 42 52
4875 6501 1500 2250 52 63
4875 6501 1500 2250 63 73
4875 6501 1500 2250 73 84
4875 6501 2250 3001 0 11
4875 6501 2250 3001 11 21
4875 6501 2250 3001 21 32
4875 6501 2250 3001 32 42
4875 6501 2250 3001 42 52
4875 6501 2250 3001 52 63
4875 6501 2250 3001 63 73
4875 6501 2250 3001 73 84
