22
3072 3328 0 1792 0 84
1024 1280 0 1536 0 84
5120 5632 2048 3001 0 84
4352 5120 2048 3001 0 84
4608 5632 256 1024 0 84
1280 2048 0 2304 0 84
4864 5632 1024 1792 0 84
3328 3584 0 1792 0 84
5632 6501 0 3001 0 84
3072 4096 1792 3001 0 84
4864 5376 1792 2048 0 84
4096 4608 256 1536 0 84
0 1280 1536 2304 0 84
4096 4608 1536 2048 0 84
4608 4864 1024 2048 0 84
5376 5632 1792 2048 0 84
0 2048 2304 3001 0 84
4096 4352 2048 3001 0 84
2048 3072 0 3001 0 84
3584 4096 0 1792 0 84
0 1024 0 1536 0 84
4096 5632 0 256 0 84
