36
4875 6501 1500 2250 42 63
0 3250 1500 3001 42 84
0 3250 0 1500 42 84
3250 4875 750 1500 42 63
3250 4875 1500 2250 42 63
4875 6501 1500 2250 21 42
3250 4875 750 1500 21 42
4875 6501 1500 2250 63 84
0 3250 0 1500 0 42
3250 4875 1500 2250 21 42
0 3250 1500 3001 0 42
3250 4875 1500 2250 63 84
3250 4875 750 1500 63 84
4875 6501 1500 2250 0 21
3250 4875 1500 2250 0 21
3250 4875 750 1500 0 21
3250 4875 2250 3001 42 63
3250 4875 2250 3001 21 42
4875 6501 750 1500 42 63
3250 4875 2250 3001 63 84
4875 6501 0 750 42 63
4875 6501 2250 3001 42 63
4875 6501 750 1500 21 42
3250 4875 0 750 42 63
4875 6501 2250 3001 21 42
4875 6501 0 750 21 42
4875 6501 2250 3001 63 84
3250 4875 2250 3001 0 21
4875 6501 750 1500 63 84
3250 4875 0 750 21 42
4875 6501 0 750 63 84
4875 6501 2250 3001 0 21
4875 6501 750 1500 0 21
3250 4875 0 750 63 84
4875 6501 0 750 0 21
3250 4875 0 750 0 21
