41
544 576 192 224 0 64
352 448 224 301 0 84
352 448 192 224 0 64
448 480 192 301 0 84
448 480 0 128 0 84
0 96 192 301 0 84
128 224 128 160 0 84
224 320 128 301 0 84
512 544 192 301 0 64
320 352 128 301 0 84
448 480 128 192 0 64
352 448 96 128 0 84
352 448 160 192 0 84
512 544 160 192 0 84
0 96 0 192 0 84
480 512 96 160 0 84
96 128 128 160 0 84
352 448 128 160 0 84
320 352 96 128 0 84
480 512 192 301 0 84
224 320 0 128 0 84
480 512 0 96 0 84
544 576 0 192 0 84
128 224 160 301 0 84
96 128 160 301 0 84
480 512 160 192 0 84
128 224 0 128 0 84
320 352 0 96 0 84
352 448 0 96 0 84
544 576 224 301 0 84
512 544 0 160 0 84
576 651 192 224 0 64
544 576 192 224 64 84
96 128 0 128 0 84
576 651 224 301 0 64
512 544 192 301 64 84
352 448 192 224 64 84
448 480 128 192 64 84
576 651 192 224 64 84
576 651 224 301 64 84
576 651 0 192 0 84
