32
0 33 0 15 0 42
0 33 0 15 42 84
0 33 15 30 0 42
0 33 15 30 42 84
0 33 30 45 0 42
0 33 30 45 42 84
0 33 45 61 0 42
0 33 45 61 42 84
33 65 0 15 0 42
33 65 0 15 42 84
33 65 15 30 0 42
33 65 15 30 42 84
33 65 30 45 0 42
33 65 30 45 42 84
33 65 45 61 0 42
33 65 45 61 42 84
65 98 0 15 0 42
65 98 0 15 42 84
65 98 15 30 0 42
65 98 15 30 42 84
65 98 30 45 0 42
65 98 30 45 42 84
65 98 45 61 0 42
65 98 45 61 42 84
98 131 0 15 0 42
98 131 0 15 42 84
98 131 15 30 0 42
98 131 15 30 42 84
98 131 30 45 0 42
98 131 30 45 42 84
98 131 45 61 0 42
98 131 45 61 42 84
