512
0 82 0 38 0 11
0 82 0 38 11 21
0 82 0 38 21 32
0 82 0 38 32 42
0 82 0 38 42 52
0 82 0 38 52 63
0 82 0 38 63 73
0 82 0 38 73 84
0 82 38 75 0 11
0 82 38 75 11 21
0 82 38 75 21 32
0 82 38 75 32 42
0 82 38 75 42 52
0 82 38 75 52 63
0 82 38 75 63 73
0 82 38 75 73 84
0 82 75 113 0 11
0 82 75 113 11 21
0 82 75 113 21 32
0 82 75 113 32 42
0 82 75 113 42 52
0 82 75 113 52 63
0 82 75 113 63 73
0 82 75 113 73 84
0 82 113 150 0 11
0 82 113 150 11 21
0 82 113 150 21 32
0 82 113 150 32 42
0 82 113 150 42 52
0 82 113 150 52 63
0 82 113 150 63 73
0 82 113 150 73 84
0 82 150 188 0 11
0 82 150 188 11 21
0 82 150 188 21 32
0 82 150 188 32 42
0 82 150 188 42 52
0 82 150 188 52 63
0 82 150 188 63 73
0 82 150 188 73 84
0 82 188 225 0 11
0 82 188 225 11 21
0 82 188 225 21 32
0 82 188 225 32 42
0 82 188 225 42 52
0 82 188 225 52 63
0 82 188 225 63 73
0 82 188 225 73 84
0 82 225 263 0 11
0 82 225 263 11 21
0 82 225 263 21 32
0 82 225 263 32 42
0 82 225 263 42 52
0 82 225 263 52 63
0 82 225 263 63 73
0 82 225 263 73 84
0 82 263 301 0 11
0 82 263 301 11 21
0 82 263 301 21 32
0 82 263 301 32 42
0 82 263 301 42 52
0 82 263 301 52 63
0 82 263 301 63 73
0 82 263 301 73 84
82 163 0 38 0 11
82 163 0 38 11 21
82 163 0 38 21 32
82 163 0 38 32 42
82 163 0 38 42 52
82 163 0 38 52 63
82 163 0 38 63 73
82 163 0 38 73 84
82 163 38 75 0 11
82 163 38 75 11 21
82 163 38 75 21 32
82 163 38 75 32 42
82 163 38 75 42 52
82 163 38 75 52 63
82 163 38 75 63 73
82 163 38 75 73 84
82 163 75 113 0 11
82 163 75 113 11 21
82 163 75 113 21 32
82 163 75 113 32 42
82 163 75 113 42 52
82 163 75 113 52 63
82 163 75 113 63 73
82 163 75 113 73 84
82 163 113 150 0 11
82 163 113 150 11 21
82 163 113 150 21 32
82 163 113 150 32 42
82 163 113 150 42 52
82 163 113 150 52 63
82 163 113 150 63 73
82 163 113 150 73 84
82 163 150 188 0 11
82 163 150 188 11 21
82 163 150 188 21 32
82 163 150 188 32 42
82 163 150 188 42 52
82 163 150 188 52 63
82 163 150 188 63 73
82 163 150 188 73 84
82 163 188 225 0 11
82 163 188 225 11 21
82 163 188 225 21 32
82 163 188 225 32 42
82 163 188 225 42 52
82 163 188 225 52 63
82 163 188 225 63 73
82 163 188 225 73 84
82 163 225 263 0 11
82 163 225 263 11 21
82 163 225 263 21 32
82 163 225 263 32 42
82 163 225 263 42 52
82 163 225 263 52 63
82 163 225 263 63 73
82 163 225 263 73 84
82 163 263 301 0 11
82 163 263 301 11 21
82 163 263 301 21 32
82 163 263 301 32 42
82 163 263 301 42 52
82 163 263 301 52 63
82 163 263 301 63 73
82 163 263 301 73 84
163 244 0 38 0 11
163 244 0 38 11 21
163 244 0 38 21 32
163 244 0 38 32 42
163 244 0 38 42 52
163 244 0 38 52 63
163 244 0 38 63 73
163 244 0 38 73 84
163 244 38 75 0 11
163 244 38 75 11 21
163 244 38 75 21 32
163 244 38 75 32 42
163 244 38 75 42 52
163 244 38 75 52 63
163 244 38 75 63 73
163 244 38 75 73 84
163 244 75 113 0 11
163 244 75 113 11 21
163 244 75 113 21 32
163 244 75 113 32 42
163 244 75 113 42 52
163 244 75 113 52 63
163 244 75 113 63 73
163 244 75 113 73 84
163 244 113 150 0 11
163 244 113 150 11 21
163 244 113 150 21 32
163 244 113 150 32 42
163 244 113 150 42 52
163 244 113 150 52 63
163 244 113 150 63 73
163 244 113 150 73 84
163 244 150 188 0 11
163 244 150 188 11 21
163 244 150 188 21 32
163 244 150 188 32 42
163 244 150 188 42 52
163 244 150 188 52 63
163 244 150 188 63 73
163 244 150 188 73 84
163 244 188 225 0 11
163 244 188 225 11 21
163 244 188 225 21 32
163 244 188 225 32 42
163 244 188 225 42 52
163 244 188 225 52 63
163 244 188 225 63 73
163 244 188 225 73 84
163 244 225 263 0 11
163 244 225 263 11 21
163 244 225 263 21 32
163 244 225 263 32 42
163 244 225 263 42 52
163 244 225 263 52 63
163 244 225 263 63 73
163 244 225 263 73 84
163 244 263 301 0 11
163 244 263 301 11 21
163 244 263 301 21 32
163 244 263 301 32 42
163 244 263 301 42 52
163 244 263 301 52 63
163 244 263 301 63 73
163 244 263 301 73 84
244 325 0 38 0 11
244 325 0 38 11 21
244 325 0 38 21 32
244 325 0 38 32 42
244 325 0 38 42 52
244 325 0 38 52 63
244 325 0 38 63 73
244 325 0 38 73 84
244 325 38 75 0 11
244 325 38 75 11 21
244 325 38 75 21 32
244 325 38 75 32 42
244 325 38 75 42 52
244 325 38 75 52 63
244 325 38 75 63 73
244 325 38 75 73 84
244 325 75 113 0 11
244 325 75 113 11 21
244 325 75 113 21 32
244 325 75 113 32 42
244 325 75 113 42 52
244 325 75 113 52 63
244 325 75 113 63 73
244 325 75 113 73 84
244 325 113 150 0 11
244 325 113 150 11 21
244 325 113 150 21 32
244 325 113 150 32 42
244 325 113 150 42 52
244 325 113 150 52 63
244 325 113 150 63 73
244 325 113 150 73 84
244 325 150 188 0 11
244 325 150 188 11 21
244 325 150 188 21 32
244 325 150 188 32 42
244 325 150 188 42 52
244 325 150 188 52 63
244 325 150 188 63 73
244 325 150 188 73 84
244 325 188 225 0 11
244 325 188 225 11 21
244 325 188 225 21 32
244 325 188 225 32 42
244 325 188 225 42 52
244 325 188 225 52 63
244 325 188 225 63 73
244 325 188 225 73 84
244 325 225 263 0 11
244 325 225 263 11 21
244 325 225 263 21 32
244 325 225 263 32 42
244 325 225 263 42 52
244 325 225 263 52 63
244 325 225 263 63 73
244 325 225 263 73 84
244 325 263 301 0 11
244 325 263 301 11 21
244 325 263 301 21 32
244 325 263 301 32 42
244 325 263 301 42 52
244 325 263 301 52 63
244 325 263 301 63 73
244 325 263 301 73 84
325 407 0 38 0 11
325 407 0 38 11 21
325 407 0 38 21 32
325 407 0 38 32 42
325 407 0 38 42 52
325 407 0 38 52 63
325 407 0 38 63 73
325 407 0 38 73 84
325 407 38 75 0 11
325 407 38 75 11 21
325 407 38 75 21 32
325 407 38 75 32 42
325 407 38 75 42 52
325 407 38 75 52 63
325 407 38 75 63 73
325 407 38 75 73 84
325 407 75 113 0 11
325 407 75 113 11 21
325 407 75 113 21 32
325 407 75 113 32 42
325 407 75 113 42 52
325 407 75 113 52 63
325 407 75 113 63 73
325 407 75 113 73 84
325 407 113 150 0 11
325 407 113 150 11 21
325 407 113 150 21 32
325 407 113 150 32 42
325 407 113 150 42 52
325 407 113 150 52 63
325 407 113 150 63 73
325 407 113 150 73 84
325 407 150 188 0 11
325 407 150 188 11 21
325 407 150 188 21 32
325 407 150 188 32 42
325 407 150 188 42 52
325 407 150 188 52 63
325 407 150 188 63 73
325 407 150 188 73 84
325 407 188 225 0 11
325 407 188 225 11 21
325 407 188 225 21 32
325 407 188 225 32 42
325 407 188 225 42 52
325 407 188 225 52 63
325 407 188 225 63 73
325 407 188 225 73 84
325 407 225 263 0 11
325 407 225 263 11 21
325 407 225 263 21 32
325 407 225 263 32 42
325 407 225 263 42 52
325 407 225 263 52 63
325 407 225 263 63 73
325 407 225 263 73 84
325 407 263 301 0 11
325 407 263 301 11 21
325 407 263 301 21 32
325 407 263 301 32 42
325 407 263 301 42 52
325 407 263 301 52 63
325 407 263 301 63 73
325 407 263 301 73 84
407 488 0 38 0 11
407 488 0 38 11 21
407 488 0 38 21 32
407 488 0 38 32 42
407 488 0 38 42 52
407 488 0 38 52 63
407 488 0 38 63 73
407 488 0 38 73 84
407 488 38 75 0 11
407 488 38 75 11 21
407 488 38 75 21 32
407 488 38 75 32 42
407 488 38 75 42 52
407 488 38 75 52 63
407 488 38 75 63 73
407 488 38 75 73 84
407 488 75 113 0 11
407 488 75 113 11 21
407 488 75 113 21 32
407 488 75 113 32 42
407 488 75 113 42 52
407 488 75 113 52 63
407 488 75 113 63 73
407 488 75 113 73 84
407 488 113 150 0 11
407 488 113 150 11 21
407 488 113 150 21 32
407 488 113 150 32 42
407 488 113 150 42 52
407 488 113 150 52 63
407 488 113 150 63 73
407 488 113 150 73 84
407 488 150 188 0 11
407 488 150 188 11 21
407 488 150 188 21 32
407 488 150 188 32 42
407 488 150 188 42 52
407 488 150 188 52 63
407 488 150 188 63 73
407 488 150 188 73 84
407 488 188 225 0 11
407 488 188 225 11 21
407 488 188 225 21 32
407 488 188 225 32 42
407 488 188 225 42 52
407 488 188 225 52 63
407 488 188 225 63 73
407 488 188 225 73 84
407 488 225 263 0 11
407 488 225 263 11 21
407 488 225 263 21 32
407 488 225 263 32 42
407 488 225 263 42 52
407 488 225 263 52 63
407 488 225 263 63 73
407 488 225 263 73 84
407 488 263 301 0 11
407 488 263 301 11 21
407 488 263 301 21 32
407 488 263 301 32 42
407 488 263 301 42 52
407 488 263 301 52 63
407 488 263 301 63 73
407 488 263 301 73 84
488 569 0 38 0 11
488 569 0 38 11 21
488 569 0 38 21 32
488 569 0 38 32 42
488 569 0 38 42 52
488 569 0 38 52 63
488 569 0 38 63 73
488 569 0 38 73 84
488 569 38 75 0 11
488 569 38 75 11 21
488 569 38 75 21 32
488 569 38 75 32 42
488 569 38 75 42 52
488 569 38 75 52 63
488 569 38 75 63 73
488 569 38 75 73 84
488 569 75 113 0 11
488 569 75 113 11 21
488 569 75 113 21 32
488 569 75 113 32 42
488 569 75 113 42 52
488 569 75 113 52 63
488 569 75 113 63 73
488 569 75 113 73 84
488 569 113 150 0 11
488 569 113 150 11 21
488 569 113 150 21 32
488 569 113 150 32 42
488 569 113 150 42 52
488 569 113 150 52 63
488 569 113 150 63 73
488 569 113 150 73 84
488 569 150 188 0 11
488 569 150 188 11 21
488 569 150 188 21 32
488 569 150 188 32 42
488 569 150 188 42 52
488 569 150 188 52 63
488 569 150 188 63 73
488 569 150 188 73 84
488 569 188 225 0 11
488 569 188 225 11 21
488 569 188 225 21 32
488 569 188 225 32 42
488 569 188 225 42 52
488 569 188 225 52 63
488 569 188 225 63 73
488 569 188 225 73 84
488 569 225 263 0 11
488 569 225 263 11 21
488 569 225 263 21 32
488 569 225 263 32 42
488 569 225 263 42 52
488 569 225 263 52 63
488 569 225 263 63 73
488 569 225 263 73 84
488 569 263 301 0 11
488 569 263 301 11 21
488 569 263 301 21 32
488 569 263 301 32 42
488 569 263 301 42 52
488 569 263 301 52 63
488 569 263 301 63 73
488 569 263 301 73 84
569 651 0 38 0 11
569 651 0 38 11 21
569 651 0 38 21 32
569 651 0 38 32 42
569 651 0 38 42 52
569 651 0 38 52 63
569 651 0 38 63 73
569 651 0 38 73 84
569 651 38 75 0 11
569 651 38 75 11 21
569 651 38 75 21 32
569 651 38 75 32 42
569 651 38 75 42 52
569 651 38 75 52 63
569 651 38 75 63 73
569 651 38 75 73 84
569 651 75 113 0 11
569 651 75 113 11 21
569 651 75 113 21 32
569 651 75 113 32 42
569 651 75 113 42 52
569 651 75 113 52 63
569 651 75 113 63 73
569 651 75 113 73 84
569 651 113 150 0 11
569 651 113 150 11 21
569 651 113 150 21 32
569 651 113 150 32 42
569 651 113 150 42 52
569 651 113 150 52 63
569 651 113 150 63 73
569 651 113 150 73 84
569 651 150 188 0 11
569 651 150 188 11 21
569 651 150 188 21 32
569 651 150 188 32 42
569 651 150 188 42 52
569 651 150 188 52 63
569 651 150 188 63 73
569 651 150 188 73 84
569 651 188 225 0 11
569 651 188 225 11 21
569 651 188 225 21 32
569 651 188 225 32 42
569 651 188 225 42 52
569 651 188 225 52 63
569 651 188 225 63 73
569 651 188 225 73 84
569 651 225 263 0 11
569 651 225 263 11 21
569 651 225 263 21 32
569 651 225 263 32 42
569 651 225 263 42 52
569 651 225 263 52 63
569 651 225 263 63 73
569 651 225 263 73 84
569 651 263 301 0 11
569 651 263 301 11 21
569 651 263 301 21 32
569 651 263 301 32 42
569 651 263 301 42 52
569 651 263 301 52 63
569 651 263 301 63 73
569 651 263 301 73 84
