32
0 1625 0 750 0 42
0 1625 0 750 42 84
0 1625 750 1500 0 42
0 1625 750 1500 42 84
0 1625 1500 2250 0 42
0 1625 1500 2250 42 84
0 1625 2250 3001 0 42
0 1625 2250 3001 42 84
1625 3250 0 750 0 42
1625 3250 0 750 42 84
1625 3250 750 1500 0 42
1625 3250 750 1500 42 84
1625 3250 1500 2250 0 42
1625 3250 1500 2250 42 84
1625 3250 2250 3001 0 42
1625 3250 2250 3001 42 84
3250 4875 0 750 0 42
3250 4875 0 750 42 84
3250 4875 750 1500 0 42
3250 4875 750 1500 42 84
3250 4875 1500 2250 0 42
3250 4875 1500 2250 42 84
3250 4875 2250 3001 0 42
3250 4875 2250 3001 42 84
4875 6501 0 750 0 42
4875 6501 0 750 42 84
4875 6501 750 1500 0 42
4875 6501 750 1500 42 84
4875 6501 1500 2250 0 42
4875 6501 1500 2250 42 84
4875 6501 2250 3001 0 42
4875 6501 2250 3001 42 84
