32
0 65 0 30 0 11
0 65 0 30 11 21
0 65 0 30 21 32
0 65 0 30 32 42
0 65 0 30 42 52
0 65 0 30 52 63
0 65 0 30 63 73
0 65 0 30 73 84
0 65 30 61 0 11
0 65 30 61 11 21
0 65 30 61 21 32
0 65 30 61 32 42
0 65 30 61 42 52
0 65 30 61 52 63
0 65 30 61 63 73
0 65 30 61 73 84
65 131 0 30 0 11
65 131 0 30 11 21
65 131 0 30 21 32
65 131 0 30 32 42
65 131 0 30 42 52
65 131 0 30 52 63
65 131 0 30 63 73
65 131 0 30 73 84
65 131 30 61 0 11
65 131 30 61 11 21
65 131 30 61 21 32
65 131 30 61 32 42
65 131 30 61 42 52
65 131 30 61 52 63
65 131 30 61 63 73
65 131 30 61 73 84
