32
0 3250 0 1500 0 11
0 3250 0 1500 11 21
0 3250 0 1500 21 32
0 3250 0 1500 32 42
0 3250 0 1500 42 52
0 3250 0 1500 52 63
0 3250 0 1500 63 73
0 3250 0 1500 73 84
0 3250 1500 3001 0 11
0 3250 1500 3001 11 21
0 3250 1500 3001 21 32
0 3250 1500 3001 32 42
0 3250 1500 3001 42 52
0 3250 1500 3001 52 63
0 3250 1500 3001 63 73
0 3250 1500 3001 73 84
3250 6501 0 1500 0 11
3250 6501 0 1500 11 21
3250 6501 0 1500 21 32
3250 6501 0 1500 32 42
3250 6501 0 1500 42 52
3250 6501 0 1500 52 63
3250 6501 0 1500 63 73
3250 6501 0 1500 73 84
3250 6501 1500 3001 0 11
3250 6501 1500 3001 11 21
3250 6501 1500 3001 21 32
3250 6501 1500 3001 32 42
3250 6501 1500 3001 42 52
3250 6501 1500 3001 52 63
3250 6501 1500 3001 63 73
3250 6501 1500 3001 73 84
