2052
488 528 206 225 42 47
325 406 187 225 10 21
447 488 150 168 47 52
325 406 187 225 73 84
447 488 168 187 63 68
528 569 225 244 47 52
162 243 150 187 21 31
0 81 150 187 63 73
447 488 150 168 57 63
406 447 168 187 47 52
528 569 225 244 36 42
528 569 225 244 57 63
488 528 206 225 52 57
406 447 168 187 57 63
243 325 112 150 10 21
569 651 150 187 73 84
0 81 112 150 52 63
81 162 225 263 42 52
528 569 225 244 42 47
488 528 168 187 31 36
447 488 150 168 52 57
447 488 150 168 36 42
447 488 150 168 42 47
528 569 206 225 63 68
488 569 225 263 0 10
162 243 75 112 42 52
406 447 168 187 36 42
406 447 168 187 42 47
406 447 168 187 52 57
0 81 225 263 52 63
528 569 225 244 52 57
162 243 112 150 21 31
0 81 150 187 31 42
0 81 187 225 63 73
325 406 37 75 21 31
162 243 75 112 31 42
243 325 75 112 63 73
243 325 187 225 42 52
447 488 112 131 47 52
447 488 131 150 47 52
488 528 187 206 31 36
447 488 131 150 57 63
447 488 112 131 42 47
447 488 168 187 31 36
447 488 131 150 52 57
447 488 112 131 36 42
81 162 225 263 63 73
528 569 187 206 31 36
447 488 112 131 52 57
406 447 187 206 47 52
447 488 131 150 42 47
406 447 187 206 57 63
447 488 131 150 36 42
447 488 187 206 63 68
569 651 225 263 10 21
447 488 112 131 57 63
0 81 187 225 31 42
447 488 93 112 47 52
0 81 112 150 42 52
243 325 37 75 52 63
488 528 150 168 63 68
243 325 187 225 31 42
243 325 187 225 52 63
488 528 206 225 63 68
406 447 187 206 36 42
528 569 168 187 31 36
243 325 150 187 63 73
488 528 225 244 47 52
447 488 93 112 42 47
528 569 225 244 63 68
406 447 187 206 42 47
488 528 225 244 36 42
447 488 93 112 36 42
488 528 225 244 57 63
406 447 187 206 52 57
488 528 168 187 68 73
81 162 75 112 21 31
488 528 225 244 42 47
447 488 206 225 57 63
325 365 131 150 36 42
447 488 93 112 52 57
447 488 206 225 47 52
325 365 112 131 36 42
528 569 187 206 68 73
447 488 206 225 36 42
162 243 75 112 52 63
528 569 206 225 31 36
243 325 75 112 10 21
488 528 225 244 52 57
528 569 150 168 47 52
325 406 112 150 0 10
81 162 263 301 52 63
447 488 93 112 57 63
447 488 206 225 42 47
81 162 187 225 21 31
528 569 168 187 68 73
528 569 150 168 57 63
447 488 206 225 52 57
488 528 168 187 26 31
488 528 187 206 68 73
528 569 150 168 42 47
162 243 112 150 63 73
528 569 150 168 36 42
406 488 112 150 0 10
447 488 187 206 31 36
0 81 225 263 42 52
325 365 93 112 36 42
528 569 150 168 52 57
406 447 168 187 63 68
447 488 150 168 63 68
406 488 225 263 0 10
325 406 37 75 63 73
528 569 206 225 68 73
0 81 263 301 52 63
325 365 131 150 42 47
488 528 150 168 31 36
81 121 168 187 57 63
447 488 168 187 68 73
488 528 206 225 31 36
325 365 112 131 42 47
488 528 187 206 26 31
406 447 150 168 47 52
406 447 131 150 47 52
406 447 206 225 57 63
406 447 206 225 47 52
0 81 225 263 63 73
162 243 187 225 52 63
81 121 131 150 57 63
488 528 131 150 47 52
81 162 225 263 31 42
569 610 187 206 47 52
569 610 187 206 57 63
325 406 225 263 73 84
528 569 187 206 26 31
569 610 206 225 47 52
569 610 206 225 57 63
406 488 263 301 52 63
406 447 131 150 57 63
406 447 150 168 57 63
81 162 150 187 0 10
81 121 150 168 57 63
325 365 131 150 47 52
406 447 131 150 52 57
488 528 131 150 57 63
406 447 206 225 36 42
447 488 168 187 26 31
406 447 150 168 36 42
406 447 150 168 42 47
569 610 187 206 36 42
406 447 150 168 52 57
569 610 206 225 36 42
528 569 225 244 31 36
488 569 37 75 63 73
406 447 131 150 42 47
284 325 112 131 36 42
488 528 131 150 52 57
81 121 168 187 52 57
325 365 112 131 47 52
406 447 206 225 42 47
488 528 131 150 42 47
81 162 187 225 73 84
488 528 225 244 63 68
406 447 206 225 52 57
528 569 168 187 26 31
406 447 131 150 36 42
569 610 187 206 52 57
325 365 93 112 42 47
406 488 263 301 42 52
488 569 37 75 21 31
569 610 187 206 42 47
569 610 206 225 52 57
569 610 206 225 42 47
406 447 187 206 63 68
488 528 131 150 36 42
569 610 225 244 57 63
121 162 168 187 57 63
569 610 225 244 47 52
162 243 187 225 42 52
81 121 131 150 52 57
406 447 168 187 31 36
81 121 168 187 47 52
284 325 131 150 36 42
447 488 150 168 31 36
121 162 168 187 47 52
121 162 131 150 47 52
121 162 131 150 57 63
365 406 131 150 36 42
81 121 150 168 52 57
284 325 93 112 36 42
121 162 150 168 57 63
447 488 225 244 57 63
325 406 225 263 10 21
569 610 225 244 36 42
121 162 168 187 52 57
121 162 150 168 47 52
81 121 131 150 47 52
447 488 206 225 63 68
447 488 131 150 63 68
0 81 112 150 63 73
121 162 131 150 52 57
447 488 225 244 47 52
528 569 225 244 68 73
528 569 206 225 26 31
81 121 150 168 47 52
121 162 150 168 52 57
569 610 168 187 57 63
569 610 225 244 52 57
488 651 0 75 0 21
569 610 168 187 47 52
569 610 225 244 42 47
447 488 225 244 36 42
325 365 93 112 47 52
528 569 150 168 63 68
488 528 206 225 68 73
447 488 187 206 68 73
406 447 112 131 47 52
81 162 112 150 0 10
569 651 150 187 10 21
447 488 225 244 42 47
365 406 131 150 42 47
488 528 150 168 68 73
569 610 168 187 36 42
81 162 263 301 42 52
121 162 131 150 42 47
447 488 225 244 52 57
121 162 168 187 42 47
365 406 131 150 47 52
488 528 112 131 47 52
325 365 131 150 52 57
569 610 168 187 52 57
81 162 75 112 73 84
406 447 112 131 52 57
0 81 112 150 31 42
406 447 112 131 42 47
569 610 168 187 42 47
121 162 150 168 42 47
447 488 187 206 26 31
406 447 112 131 36 42
243 325 112 150 73 84
81 162 263 301 63 73
406 447 112 131 57 63
325 365 131 150 31 36
569 610 187 206 63 68
284 325 112 131 42 47
569 610 206 225 63 68
447 488 112 131 63 68
121 162 112 131 47 52
488 528 112 131 42 47
325 365 112 131 31 36
81 121 168 187 42 47
447 488 112 131 31 36
488 528 112 131 36 42
325 365 112 131 52 57
488 528 168 187 21 26
406 447 187 206 31 36
121 162 112 131 57 63
406 447 225 244 57 63
325 365 75 93 36 42
406 447 225 244 47 52
284 325 131 150 42 47
488 528 206 225 26 31
528 569 187 206 73 78
406 488 263 301 31 42
488 528 225 244 31 36
121 162 112 131 52 57
447 488 131 150 31 36
488 528 112 131 52 57
81 121 131 150 42 47
488 528 168 187 73 78
162 325 0 75 63 84
121 162 131 150 36 42
284 325 93 112 42 47
325 406 75 112 0 10
488 528 150 168 26 31
121 162 168 187 36 42
243 325 150 187 10 21
406 447 225 244 36 42
81 121 150 168 42 47
488 528 93 112 47 52
0 81 263 301 63 73
243 325 37 75 21 31
569 610 225 244 63 68
325 406 263 301 42 52
365 406 168 187 36 42
488 528 112 131 57 63
121 162 150 168 36 42
447 488 206 225 31 36
0 81 263 301 42 52
365 406 112 131 36 42
365 406 131 150 52 57
488 528 93 112 42 47
406 447 225 244 42 47
528 569 168 187 73 78
325 406 263 301 52 63
406 447 206 225 63 68
406 447 225 244 52 57
488 528 187 206 21 26
488 528 93 112 36 42
121 162 112 131 42 47
447 488 93 112 31 36
325 365 93 112 31 36
284 325 112 131 47 52
162 243 150 187 10 21
528 569 225 244 26 31
325 365 93 112 52 57
365 406 168 187 47 52
365 406 168 187 42 47
81 162 187 225 10 21
447 488 75 93 47 52
284 325 131 150 47 52
569 610 168 187 63 68
488 569 75 112 73 84
162 243 187 225 31 42
447 488 75 93 42 47
447 488 75 93 36 42
528 569 206 225 73 78
488 528 187 206 73 78
528 569 187 206 21 26
406 447 168 187 68 73
488 528 93 112 52 57
325 406 150 187 0 10
0 81 225 263 31 42
81 121 168 187 36 42
284 325 93 112 47 52
365 406 112 131 42 47
447 488 150 168 68 73
81 121 168 187 63 68
488 569 75 112 10 21
447 488 168 187 21 26
325 365 75 93 42 47
121 162 112 131 36 42
365 406 131 150 57 63
447 488 93 112 63 68
365 406 112 131 47 52
81 121 131 150 36 42
81 162 75 112 10 21
528 569 150 168 31 36
325 365 131 150 57 63
162 243 75 112 21 31
325 406 263 301 31 42
528 569 168 187 21 26
81 121 131 150 63 68
81 121 150 168 36 42
488 528 93 112 57 63
447 488 225 244 63 68
488 528 131 150 63 68
406 447 150 168 63 68
365 406 187 206 36 42
284 325 112 131 31 36
447 488 75 93 52 57
162 243 112 150 10 21
406 447 168 187 26 31
406 447 93 112 47 52
406 488 263 301 63 73
406 488 0 37 42 52
488 528 225 244 68 73
284 325 75 93 36 42
81 121 150 168 63 68
488 528 168 187 15 21
365 406 187 206 47 52
528 569 244 263 36 42
81 121 112 131 57 63
447 488 168 187 73 78
365 406 168 187 52 57
447 488 150 168 26 31
528 569 244 263 47 52
528 569 244 263 57 63
406 447 131 150 63 68
325 365 112 131 57 63
365 406 187 206 42 47
284 325 131 150 31 36
488 569 0 37 42 52
325 365 75 93 47 52
365 406 168 187 57 63
406 447 93 112 52 57
406 447 93 112 42 47
528 569 206 225 21 26
284 325 93 112 31 36
406 488 37 75 10 21
406 447 187 206 68 73
406 447 206 225 31 36
406 447 93 112 36 42
528 569 244 263 42 47
406 447 93 112 57 63
121 162 93 112 47 52
447 488 75 93 57 63
121 162 93 112 57 63
488 528 187 206 15 21
406 488 37 75 73 84
447 488 206 225 68 73
528 569 244 263 52 57
365 406 112 131 52 57
81 121 112 131 52 57
528 569 225 244 73 78
284 325 112 131 52 57
121 162 93 112 52 57
365 406 187 206 57 63
488 528 225 244 26 31
528 569 150 168 68 73
365 406 93 112 36 42
447 488 187 206 21 26
569 651 187 225 0 10
365 406 187 206 52 57
406 447 150 168 31 36
0 81 150 187 21 31
81 121 112 131 47 52
121 162 168 187 63 68
569 610 187 206 31 36
243 325 75 112 73 84
325 406 37 75 10 21
569 610 206 225 31 36
284 325 131 150 52 57
569 610 187 206 68 73
569 610 206 225 68 73
365 406 131 150 31 36
406 447 187 206 26 31
406 447 225 244 63 68
243 325 187 225 63 73
528 569 187 206 15 21
325 365 131 150 26 31
325 365 93 112 57 63
488 528 206 225 21 26
365 406 150 168 36 42
121 162 131 150 63 68
447 488 206 225 26 31
447 488 168 187 15 21
162 325 0 75 0 21
121 162 150 168 63 68
447 488 131 150 68 73
325 365 150 168 36 42
406 447 131 150 31 36
447 488 225 244 31 36
81 162 225 263 73 84
325 365 112 131 26 31
284 325 93 112 52 57
488 528 131 150 31 36
488 528 206 225 73 78
365 406 206 225 36 42
121 162 93 112 42 47
406 488 0 37 52 63
284 325 75 93 42 47
365 406 206 225 47 52
162 243 187 225 63 73
447 488 187 206 73 78
569 610 225 244 31 36
569 610 225 244 68 73
528 569 187 206 78 84
81 162 263 301 31 42
406 488 75 112 0 10
406 488 0 37 31 42
528 569 168 187 15 21
365 406 93 112 42 47
365 406 150 168 42 47
365 406 206 225 42 47
365 406 112 131 57 63
0 81 187 225 21 31
325 406 187 225 0 10
488 528 150 168 21 26
447 488 112 131 26 31
162 243 150 187 73 84
325 365 75 93 31 36
488 569 0 37 52 63
0 81 150 187 73 84
447 488 131 150 26 31
325 365 75 93 52 57
365 406 93 112 47 52
488 569 0 37 31 42
365 406 150 168 47 52
243 325 187 225 21 31
0 81 187 225 73 84
488 528 150 168 73 78
528 569 244 263 63 68
528 569 225 244 21 26
569 610 168 187 68 73
447 488 56 75 36 42
569 610 244 263 57 63
121 162 93 112 36 42
447 488 56 75 42 47
365 406 206 225 57 63
243 325 150 187 73 84
528 569 168 187 78 84
81 121 112 131 42 47
325 365 93 112 26 31
569 610 168 187 31 36
528 569 206 225 15 21
447 488 56 75 47 52
569 610 244 263 47 52
488 569 112 150 0 10
406 447 112 131 63 68
528 569 150 168 26 31
243 325 112 150 0 10
284 325 75 93 47 52
325 365 150 168 42 47
365 406 206 225 52 57
528 569 206 225 78 84
447 488 187 206 15 21
488 528 168 187 78 84
569 610 244 263 36 42
406 447 206 225 68 73
121 162 112 131 63 68
447 488 112 131 68 73
406 447 225 244 31 36
406 447 112 131 31 36
365 406 168 187 31 36
569 610 244 263 52 57
365 406 112 131 31 36
488 528 112 131 31 36
488 528 112 131 63 68
569 610 244 263 42 47
488 528 206 225 15 21
0 81 263 301 31 42
447 488 93 112 26 31
284 325 112 131 26 31
284 325 150 168 36 42
365 406 93 112 52 57
162 325 225 301 0 21
365 406 150 168 52 57
488 528 187 206 78 84
325 365 56 75 36 42
447 488 56 75 52 57
325 365 150 168 47 52
406 447 206 225 26 31
284 325 131 150 26 31
406 447 168 187 21 26
325 406 263 301 63 73
406 447 244 263 57 63
569 651 225 263 0 10
284 325 112 131 57 63
81 121 93 112 57 63
284 325 131 150 57 63
162 243 75 112 63 73
447 488 244 263 57 63
406 447 244 263 47 52
284 325 75 93 31 36
447 488 225 244 68 73
406 447 168 187 73 78
81 121 112 131 36 42
447 488 150 168 21 26
488 528 93 112 31 36
569 610 187 206 26 31
569 610 206 225 26 31
0 81 225 263 73 84
447 488 244 263 47 52
284 325 93 112 26 31
488 528 75 93 36 42
365 406 150 168 57 63
488 528 75 93 42 47
325 365 168 187 36 42
488 528 75 93 47 52
488 528 225 244 21 26
406 447 244 263 36 42
365 406 225 244 36 42
488 528 150 168 15 21
447 488 244 263 36 42
488 528 244 263 36 42
325 406 37 75 73 84
447 488 75 93 31 36
365 406 225 244 47 52
243 325 225 263 42 52
528 569 225 244 78 84
447 488 225 244 26 31
488 528 244 263 47 52
488 528 225 244 73 78
406 447 150 168 68 73
81 121 168 187 68 73
447 488 150 168 73 78
81 121 112 131 63 68
284 325 93 112 57 63
488 528 244 263 57 63
406 447 244 263 52 57
488 528 131 150 68 73
528 569 225 244 15 21
406 447 244 263 42 47
447 488 206 225 21 26
569 610 244 263 63 68
81 121 93 112 52 57
121 162 131 150 31 36
365 406 187 206 31 36
81 162 225 263 21 31
325 365 75 93 57 63
365 406 225 244 42 47
406 488 263 301 21 31
447 488 244 263 42 47
243 325 225 263 52 63
447 488 56 75 57 63
447 488 244 263 52 57
406 447 187 206 21 26
488 528 244 263 42 47
569 610 225 244 26 31
121 162 168 187 31 36
365 406 168 187 63 68
365 406 93 112 57 63
121 162 150 168 31 36
81 121 131 150 68 73
284 325 75 93 52 57
81 121 93 112 47 52
406 447 150 168 26 31
284 325 150 168 42 47
447 488 93 112 68 73
406 447 131 150 68 73
365 406 131 150 63 68
569 610 187 206 73 78
528 569 244 263 31 36
569 610 206 225 73 78
325 365 56 75 42 47
365 406 225 244 57 63
81 121 150 168 68 73
365 406 187 206 63 68
447 488 168 187 78 84
365 406 131 150 26 31
0 81 150 187 10 21
81 121 187 206 57 63
488 528 131 150 26 31
406 447 187 206 73 78
488 528 244 263 52 57
365 406 75 93 36 42
162 243 225 263 52 63
488 528 75 93 52 57
447 488 206 225 73 78
325 365 168 187 42 47
365 406 225 244 52 57
488 528 93 112 63 68
406 447 225 244 68 73
325 365 150 168 31 36
569 610 168 187 26 31
325 365 150 168 52 57
121 162 93 112 63 68
243 325 75 112 0 10
365 406 93 112 31 36
325 365 56 75 47 52
569 610 225 244 73 78
528 569 150 168 73 78
406 447 168 187 15 21
406 447 93 112 63 68
406 447 131 150 26 31
528 569 244 263 68 73
488 528 206 225 78 84
243 325 225 263 31 42
81 162 263 301 73 84
121 162 112 131 31 36
325 365 75 93 26 31
0 81 187 225 10 21
488 569 263 301 52 63
365 406 150 168 31 36
488 569 263 301 42 52
406 447 93 112 31 36
325 365 131 150 63 68
284 325 150 168 47 52
406 447 225 244 26 31
81 121 187 206 52 57
447 488 150 168 15 21
325 365 168 187 47 52
488 528 225 244 15 21
365 406 75 93 42 47
447 488 206 225 15 21
488 528 75 93 57 63
365 406 206 225 63 68
528 569 150 168 21 26
81 121 168 187 31 36
284 325 56 75 36 42
365 406 206 225 31 36
40 81 168 187 57 63
121 162 168 187 68 73
81 121 187 206 47 52
365 406 75 93 47 52
447 488 131 150 21 26
81 121 93 112 42 47
0 81 263 301 73 84
406 447 187 206 15 21
488 528 56 75 36 42
447 488 75 93 63 68
81 121 131 150 31 36
325 365 131 150 21 26
447 488 131 150 73 78
488 528 56 75 42 47
447 488 187 206 78 84
365 406 168 187 26 31
325 365 112 131 63 68
447 488 112 131 21 26
81 121 150 168 31 36
406 447 244 263 63 68
121 162 131 150 68 73
121 162 150 168 68 73
447 488 37 56 36 42
162 243 225 263 42 52
325 406 263 301 21 31
447 488 37 56 42 47
162 243 112 150 73 84
488 528 56 75 47 52
406 447 206 225 21 26
488 528 150 168 78 84
447 488 244 263 63 68
569 610 150 168 47 52
325 365 112 131 21 26
569 610 150 168 57 63
365 406 112 131 26 31
488 528 112 131 26 31
406 447 75 93 47 52
488 528 244 263 63 68
488 528 168 187 10 15
284 325 150 168 31 36
325 365 56 75 52 57
447 488 37 56 47 52
0 81 112 150 21 31
528 569 131 150 47 52
81 121 206 225 57 63
40 81 168 187 52 57
284 325 168 187 36 42
406 447 206 225 73 78
325 365 150 168 57 63
406 447 112 131 26 31
447 488 225 244 21 26
406 447 75 93 42 47
40 81 150 168 57 63
488 569 263 301 31 42
406 447 75 93 36 42
406 447 75 93 52 57
569 610 150 168 42 47
406 447 112 131 68 73
569 610 150 168 36 42
284 325 75 93 26 31
365 406 112 131 63 68
365 406 75 93 52 57
447 488 56 75 31 36
569 610 150 168 52 57
81 121 187 206 42 47
569 610 187 206 21 26
569 610 206 225 21 26
284 325 75 93 57 63
488 528 187 206 10 15
528 569 131 150 57 63
528 569 244 263 26 31
569 610 244 263 68 73
40 81 168 187 47 52
528 569 131 150 42 47
325 365 56 75 31 36
325 406 225 263 0 10
569 610 244 263 31 36
284 325 56 75 42 47
325 365 168 187 52 57
528 569 131 150 52 57
406 447 75 93 57 63
81 121 93 112 36 42
528 569 187 206 10 15
284 325 150 168 52 57
528 569 131 150 36 42
325 365 93 112 63 68
488 528 56 75 52 57
325 365 93 112 21 26
0 81 225 263 21 31
81 121 93 112 63 68
365 406 187 206 26 31
569 651 150 187 0 10
0 81 112 150 73 84
325 365 168 187 31 36
162 243 75 112 10 21
121 162 112 131 68 73
488 528 112 131 68 73
406 488 263 301 73 84
447 488 225 244 73 78
569 610 225 244 21 26
488 528 225 244 78 84
447 488 93 112 21 26
447 488 112 131 73 78
81 121 206 225 52 57
447 488 168 187 10 15
447 488 37 56 52 57
40 81 150 168 52 57
569 610 206 225 78 84
488 528 93 112 26 31
569 610 187 206 78 84
528 569 150 168 15 21
488 569 37 75 73 84
365 406 225 244 63 68
447 488 244 263 31 36
284 325 168 187 42 47
284 325 56 75 47 52
406 447 244 263 31 36
406 447 206 225 15 21
528 569 168 187 10 15
406 447 168 187 78 84
121 162 93 112 31 36
447 488 131 150 15 21
365 406 225 244 31 36
40 81 206 225 57 63
488 528 244 263 31 36
325 365 150 168 26 31
81 121 187 206 36 42
488 528 37 56 36 42
40 81 150 168 47 52
447 488 225 244 15 21
406 447 150 168 21 26
569 610 225 244 78 84
162 243 187 225 21 31
284 325 112 131 21 26
365 406 75 93 57 63
488 528 37 56 42 47
569 610 168 187 21 26
447 488 75 93 26 31
121 162 131 150 26 31
81 121 206 225 47 52
569 610 150 168 63 68
284 325 131 150 21 26
488 528 131 150 21 26
365 406 244 263 36 42
528 569 206 225 10 15
365 406 244 263 47 52
406 447 225 244 21 26
40 81 168 187 42 47
121 162 168 187 26 31
365 406 150 168 63 68
528 569 244 263 73 78
488 528 75 93 31 36
121 162 150 168 26 31
162 202 150 168 36 42
81 121 187 206 63 68
488 528 56 75 57 63
488 528 37 56 47 52
406 447 150 168 73 78
81 162 187 225 0 10
365 406 93 112 26 31
447 488 150 168 78 84
162 202 150 168 42 47
162 202 150 168 47 52
284 325 168 187 47 52
325 365 168 187 57 63
325 365 56 75 57 63
81 162 225 263 10 21
365 406 168 187 68 73
365 406 206 225 26 31
365 406 244 263 42 47
162 202 131 150 36 42
447 488 112 131 15 21
325 365 131 150 15 21
365 406 150 168 26 31
365 406 75 93 31 36
81 121 112 131 68 73
528 569 150 168 78 84
447 488 187 206 10 15
365 406 244 263 57 63
365 406 187 206 68 73
447 488 37 56 57 63
488 528 131 150 73 78
162 243 225 263 31 42
406 447 225 244 73 78
569 610 187 206 15 21
162 202 131 150 42 47
569 610 206 225 15 21
284 325 93 112 21 26
325 365 187 206 36 42
406 447 187 206 78 84
365 406 131 150 21 26
243 325 150 187 0 10
162 202 131 150 47 52
406 447 131 150 73 78
162 202 168 187 36 42
162 202 168 187 47 52
447 488 206 225 78 84
365 406 131 150 68 73
162 202 168 187 42 47
325 365 112 131 15 21
40 81 187 206 57 63
40 81 206 225 52 57
162 202 112 131 36 42
365 406 56 75 36 42
406 447 131 150 21 26
365 406 244 263 52 57
488 528 206 225 10 15
81 162 75 112 0 10
162 243 225 263 63 73
121 162 112 131 26 31
81 162 263 301 21 31
162 202 112 131 42 47
488 569 263 301 63 73
40 81 150 168 42 47
284 325 56 75 31 36
406 447 93 112 26 31
284 325 150 168 57 63
406 488 263 301 10 21
284 325 131 150 63 68
284 325 150 168 26 31
162 202 112 131 47 52
81 121 206 225 42 47
162 202 150 168 52 57
365 406 93 112 63 68
243 325 187 225 10 21
488 528 93 112 68 73
284 325 112 131 63 68
488 528 37 56 52 57
406 447 93 112 68 73
365 406 206 225 68 73
569 610 244 263 26 31
325 365 187 206 42 47
447 488 93 112 73 78
243 325 187 225 73 84
488 528 244 263 68 73
406 447 244 263 68 73
447 488 56 75 63 68
40 81 206 225 47 52
243 325 225 263 63 73
121 162 93 112 68 73
365 406 168 187 21 26
406 447 225 244 15 21
447 488 244 263 68 73
162 202 168 187 52 57
81 121 168 187 26 31
365 406 56 75 42 47
528 569 225 244 10 15
81 121 206 225 63 68
365 406 56 75 47 52
40 81 187 206 52 57
569 651 263 301 52 63
81 121 168 187 73 78
406 447 150 168 15 21
81 121 112 131 31 36
162 202 131 150 52 57
528 569 131 150 63 68
528 569 244 263 21 26
162 202 150 168 57 63
325 365 93 112 15 21
569 610 244 263 73 78
325 365 75 93 63 68
0 81 112 150 10 21
325 365 187 206 47 52
569 651 263 301 42 52
284 325 168 187 31 36
162 243 150 187 0 10
81 121 131 150 26 31
488 528 150 168 10 15
447 488 244 263 26 31
325 365 131 150 68 73
406 488 0 37 63 73
162 202 168 187 57 63
325 365 75 93 21 26
81 121 131 150 73 78
406 447 244 263 26 31
284 325 168 187 52 57
81 121 150 168 26 31
121 162 187 206 57 63
488 528 131 150 15 21
488 528 112 131 21 26
488 528 244 263 26 31
488 528 56 75 31 36
40 81 187 206 47 52
81 121 150 168 73 78
81 121 225 244 57 63
447 488 93 112 15 21
325 365 168 187 26 31
162 202 112 131 52 57
325 406 263 301 73 84
162 243 187 225 73 84
447 488 37 56 31 36
488 528 168 187 5 10
81 121 206 225 36 42
406 488 0 37 21 31
325 406 37 75 0 10
365 406 56 75 52 57
0 81 263 301 21 31
447 488 131 150 78 84
365 406 225 244 26 31
365 406 112 131 21 26
162 202 131 150 57 63
121 162 187 206 52 57
406 447 206 225 78 84
406 447 112 131 21 26
365 406 187 206 21 26
488 528 37 56 57 63
121 162 187 206 47 52
488 528 75 93 63 68
488 569 0 37 63 73
406 447 56 75 47 52
447 488 75 93 68 73
325 365 112 131 68 73
447 488 56 75 26 31
121 162 131 150 21 26
40 81 206 225 42 47
488 528 187 206 5 10
406 447 168 187 10 15
508 528 177 187 49 52
406 447 56 75 42 47
162 243 112 150 0 10
569 610 150 168 68 73
121 162 168 187 21 26
488 569 0 37 21 31
406 447 56 75 36 42
406 447 131 150 15 21
0 81 225 263 10 21
365 406 131 150 15 21
528 569 187 206 5 10
406 447 56 75 52 57
528 569 244 263 78 84
121 162 150 168 21 26
569 610 150 168 31 36
162 202 112 131 57 63
365 406 112 131 68 73
569 651 263 301 31 42
488 569 75 112 0 10
508 528 177 187 44 47
406 447 75 93 31 36
488 528 225 244 10 15
406 447 112 131 73 78
325 365 187 206 52 57
447 488 206 225 10 15
121 162 187 206 42 47
365 406 244 263 63 68
365 406 225 244 68 73
325 365 206 225 36 42
40 81 187 206 42 47
447 488 225 244 78 84
447 488 168 187 5 10
528 569 244 263 15 21
447 488 150 168 10 15
406 447 56 75 57 63
365 406 168 187 15 21
81 121 225 244 52 57
406 447 187 206 10 15
121 162 168 187 73 78
528 569 131 150 31 36
365 406 56 75 57 63
528 569 168 187 5 10
81 121 93 112 68 73
284 325 75 93 21 26
406 447 75 93 63 68
365 406 206 225 21 26
488 528 93 112 21 26
284 325 168 187 57 63
365 406 75 93 26 31
508 528 177 187 54 57
81 121 168 187 21 26
121 162 112 131 21 26
325 365 150 168 63 68
121 162 150 168 73 78
467 488 177 187 49 52
121 162 131 150 73 78
365 406 244 263 31 36
528 569 206 225 5 10
325 365 93 112 68 73
508 528 196 206 49 52
325 365 206 225 42 47
488 508 177 187 49 52
325 406 263 301 10 21
488 528 75 93 26 31
447 488 112 131 78 84
81 121 187 206 68 73
121 162 131 150 15 21
325 365 187 206 57 63
488 528 112 131 73 78
528 548 177 187 49 52
406 488 37 75 0 10
488 528 37 56 31 36
508 528 177 187 39 42
121 162 168 187 15 21
121 162 187 206 36 42
81 121 131 150 21 26
325 365 150 168 21 26
508 528 196 206 44 47
467 488 177 187 44 47
365 406 150 168 21 26
488 508 177 187 44 47
121 162 150 168 15 21
325 365 206 225 47 52
81 121 150 168 21 26
406 447 150 168 78 84
325 365 187 206 31 36
162 202 150 168 31 36
528 548 177 187 44 47
508 528 177 187 57 60
81 121 168 187 15 21
447 488 244 263 21 26
365 406 168 187 73 78
365 406 150 168 68 73
447 488 75 93 21 26
447 488 187 206 5 10
162 202 131 150 31 36
569 610 244 263 21 26
488 569 263 301 21 31
488 528 112 131 15 21
467 488 177 187 54 57
243 325 225 263 21 31
325 365 75 93 15 21
528 548 196 206 49 52
202 243 150 168 36 42
569 610 244 263 78 84
488 528 244 263 21 26
365 406 93 112 21 26
406 447 225 244 78 84
406 447 244 263 21 26
365 406 131 150 73 78
284 325 168 187 26 31
81 121 131 150 15 21
508 528 168 177 49 52
488 508 177 187 54 57
508 528 187 196 49 52
365 406 75 93 63 68
406 447 112 131 15 21
508 528 177 187 60 63
488 528 206 225 5 10
162 202 112 131 31 36
365 406 112 131 15 21
81 121 150 168 15 21
528 548 196 206 44 47
365 406 56 75 31 36
488 528 244 263 73 78
508 528 196 206 54 57
406 447 131 150 78 84
447 467 177 187 49 52
508 528 168 177 44 47
0 81 150 187 0 10
162 202 168 187 31 36
508 528 187 196 44 47
81 121 206 225 68 73
406 447 244 263 73 78
508 528 177 187 47 49
81 162 263 301 10 21
528 548 177 187 54 57
488 528 131 150 78 84
467 488 177 187 57 60
508 528 196 206 39 42
447 488 244 263 73 78
121 162 112 131 15 21
406 447 93 112 21 26
121 162 112 131 73 78
406 447 206 225 10 15
81 121 187 206 31 36
81 121 93 112 31 36
508 528 177 187 52 54
548 569 196 206 49 52
0 81 75 112 52 63
488 508 177 187 39 42
467 488 177 187 39 42
528 548 177 187 39 42
202 243 150 168 42 47
508 528 177 187 36 39
548 569 177 187 49 52
325 365 131 150 73 78
447 467 177 187 44 47
528 569 150 168 10 15
488 508 177 187 57 60
325 365 168 187 63 68
569 610 150 168 26 31
508 528 159 168 49 52
447 488 225 244 10 15
325 365 206 225 52 57
508 528 196 206 57 60
528 569 131 150 68 73
508 528 177 187 42 44
202 243 168 187 36 42
569 651 263 301 63 73
548 569 196 206 44 47
81 121 244 263 57 63
447 467 177 187 54 57
508 528 168 177 54 57
447 488 244 263 15 21
365 406 225 244 21 26
162 243 187 225 10 21
528 548 196 206 54 57
365 406 93 112 68 73
548 569 177 187 44 47
508 528 159 168 44 47
284 325 150 168 21 26
528 548 177 187 57 60
508 528 187 196 54 57
202 243 150 168 47 52
528 548 187 196 49 52
467 488 177 187 60 63
528 548 196 206 39 42
0 81 187 225 0 10
162 243 75 112 73 84
467 488 168 177 49 52
508 528 196 206 60 63
447 488 37 56 63 68
81 121 112 131 26 31
284 325 131 150 68 73
406 447 93 112 73 78
488 528 150 168 5 10
121 162 187 206 63 68
325 365 112 131 73 78
488 508 177 187 60 63
569 610 206 225 10 15
569 610 187 206 10 15
508 528 168 177 39 42
447 488 131 150 10 15
325 365 206 225 57 63
488 508 168 177 49 52
508 528 187 196 39 42
528 548 187 196 44 47
528 548 177 187 60 63
508 528 215 225 49 52
406 447 244 263 15 21
0 81 263 301 10 21
447 488 93 112 78 84
202 243 168 187 42 47
467 488 177 187 47 49
488 528 244 263 15 21
467 488 168 177 44 47
284 325 112 131 68 73
508 528 196 206 47 49
528 569 131 150 26 31
447 467 177 187 57 60
447 488 37 56 26 31
488 508 177 187 47 49
548 569 215 225 49 52
81 121 112 131 73 78
508 528 168 177 57 60
488 508 168 177 44 47
508 528 177 187 65 68
528 548 196 206 57 60
447 488 56 75 68 73
467 488 177 187 52 54
548 569 196 206 54 57
528 548 168 177 49 52
162 202 150 168 63 68
528 548 215 225 49 52
508 528 187 196 57 60
508 528 159 168 54 57
508 528 196 206 36 39
548 569 177 187 54 57
162 202 168 187 63 68
528 548 177 187 47 49
467 488 177 187 36 39
508 528 196 206 52 54
365 406 150 168 15 21
488 508 177 187 52 54
202 243 168 187 47 52
365 406 244 263 26 31
447 467 177 187 39 42
528 548 177 187 36 39
325 365 225 244 36 42
488 508 196 206 49 52
325 365 131 150 10 15
488 508 177 187 36 39
325 365 168 187 21 26
528 548 196 206 60 63
528 548 177 187 52 54
467 488 168 177 54 57
548 569 196 206 39 42
548 569 215 225 44 47
528 548 168 177 44 47
528 548 215 225 44 47
508 528 196 206 42 44
0 81 75 112 42 52
406 447 168 187 5 10
528 569 112 131 47 52
325 365 75 93 68 73
488 508 196 206 44 47
325 365 37 56 36 42
548 569 177 187 39 42
243 284 131 150 36 42
508 528 206 215 49 52
467 488 177 187 42 44
488 508 177 187 42 44
508 528 168 177 60 63
508 528 187 196 60 63
548 569 187 196 49 52
325 365 150 168 15 21
488 508 187 196 49 52
528 548 177 187 42 44
81 121 168 187 78 84
508 528 159 168 39 42
488 508 159 168 49 52
488 508 168 177 54 57
528 548 187 196 54 57
365 406 244 263 68 73
447 467 177 187 60 63
467 488 196 206 49 52
528 548 196 206 36 39
325 365 112 131 10 15
202 243 150 168 52 57
548 569 196 206 57 60
528 548 196 206 47 49
365 406 112 131 73 78
243 284 112 131 36 42
508 528 159 168 57 60
508 528 168 177 47 49
467 488 187 196 49 52
488 508 187 196 44 47
548 569 177 187 57 60
528 548 187 196 39 42
325 365 206 225 31 36
406 447 75 93 26 31
488 508 159 168 44 47
447 488 112 131 10 15
406 447 225 244 10 15
447 467 168 177 49 52
508 528 187 196 47 49
528 548 196 206 52 54
528 569 112 131 42 47
325 365 225 244 42 47
548 569 187 196 44 47
528 548 206 215 49 52
548 569 196 206 60 63
365 406 93 112 15 21
447 488 206 225 5 10
81 121 244 263 52 57
508 528 168 177 52 54
467 488 196 206 44 47
81 121 131 150 78 84
508 528 177 187 63 65
467 488 168 177 57 60
528 569 112 131 36 42
548 569 177 187 60 63
325 365 93 112 73 78
488 528 168 187 0 5
508 528 196 206 65 68
467 488 168 177 39 42
508 528 187 196 52 54
548 569 206 215 49 52
508 528 168 177 36 39
508 528 187 196 36 39
528 569 112 131 52 57
447 467 177 187 47 49
467 488 187 196 44 47
528 548 196 206 42 44
202 243 131 150 36 42
548 569 215 225 54 57
406 447 187 206 5 10
528 548 168 177 54 57
81 121 150 168 78 84
488 508 168 177 39 42
508 528 215 225 39 42
488 528 75 93 68 73
528 548 206 215 44 47
447 488 56 75 21 26
325 365 225 244 47 52
325 365 187 206 26 31
447 467 177 187 52 54
488 508 196 206 54 57
202 243 168 187 52 57
447 467 168 177 44 47
528 548 215 225 54 57
508 528 168 177 42 44
508 528 159 168 60 63
528 548 187 196 57 60
528 548 177 187 65 68
528 569 112 131 57 63
488 508 168 177 57 60
447 488 150 168 5 10
406 447 112 131 78 84
406 447 56 75 31 36
243 284 150 168 36 42
508 528 187 196 42 44
548 569 215 225 39 42
528 548 215 225 39 42
81 121 206 225 31 36
447 467 177 187 36 39
488 508 159 168 54 57
528 548 168 177 39 42
548 569 206 215 44 47
488 508 196 206 39 42
488 569 263 301 73 84
548 569 196 206 47 49
406 447 150 168 10 15
406 447 93 112 15 21
488 508 187 196 54 57
447 488 75 93 15 21
548 569 196 206 36 39
548 569 177 187 47 49
548 569 196 206 52 54
467 488 196 206 54 57
508 528 215 225 57 60
202 243 150 168 57 63
508 528 159 168 47 49
467 488 187 196 54 57
528 548 187 196 60 63
488 528 187 206 0 5
548 569 177 187 36 39
488 508 150 159 49 52
447 467 168 177 54 57
548 569 177 187 52 54
243 284 93 112 36 42
488 508 177 187 65 68
548 569 187 196 54 57
447 467 196 206 49 52
528 569 187 206 0 5
528 548 196 206 65 68
447 467 177 187 42 44
365 406 168 187 78 84
447 488 75 93 73 78
548 569 215 225 57 60
508 528 159 168 52 54
243 284 131 150 42 47
528 548 168 177 57 60
284 325 37 56 36 42
325 365 93 112 10 15
508 528 206 215 39 42
467 488 168 177 60 63
202 243 168 187 57 63
325 365 37 56 42 47
508 528 215 225 60 63
447 467 187 196 49 52
488 508 187 196 39 42
528 548 215 225 57 60
548 569 215 225 60 63
508 528 159 168 36 39
488 508 196 206 57 60
365 406 131 150 78 84
548 569 196 206 42 44
548 569 187 196 39 42
406 447 75 93 68 73
528 548 187 196 47 49
488 508 150 159 44 47
467 488 196 206 39 42
528 548 187 196 36 39
488 508 168 177 60 63
488 508 159 168 39 42
467 488 168 177 47 49
548 569 177 187 42 44
508 528 187 196 65 68
508 528 196 206 63 65
548 569 168 177 49 52
406 447 56 75 63 68
447 467 196 206 44 47
528 548 206 215 54 57
508 528 159 168 42 44
528 548 215 225 60 63
325 365 131 150 78 84
488 508 159 168 57 60
365 406 75 93 21 26
508 528 168 177 65 68
528 548 187 196 52 54
528 548 168 177 60 63
467 488 187 196 39 42
467 488 168 177 52 54
528 548 206 215 39 42
488 508 187 196 57 60
488 508 168 177 47 49
467 488 196 206 57 60
447 488 168 187 0 5
202 243 131 150 42 47
548 569 206 215 54 57
467 488 187 196 57 60
243 284 112 131 42 47
508 528 206 215 57 60
243 284 150 168 42 47
528 548 177 187 63 65
508 528 215 225 47 49
81 121 112 131 21 26
447 467 187 196 44 47
488 528 131 150 10 15
548 569 187 196 57 60
488 528 244 263 78 84
467 488 168 177 36 39
447 467 168 177 57 60
548 569 196 206 65 68
508 528 215 225 36 39
325 365 37 56 47 52
569 610 150 168 21 26
528 548 187 196 42 44
488 508 168 177 52 54
528 569 168 187 0 5
447 467 168 177 39 42
548 569 168 177 44 47
488 508 196 206 60 63
488 508 150 159 54 57
488 528 75 93 21 26
162 243 225 263 73 84
243 284 131 150 47 52
548 569 177 187 65 68
202 243 112 131 36 42
548 569 206 215 39 42
548 569 215 225 36 39
325 365 225 244 52 57
325 365 150 168 68 73
488 508 177 187 63 65
447 467 196 206 54 57
528 548 215 225 36 39
488 508 168 177 36 39
548 569 215 225 47 49
548 569 187 196 60 63
528 548 168 177 47 49
508 528 206 215 60 63
365 406 150 168 73 78
528 548 215 225 47 49
121 162 168 187 78 84
325 365 187 206 63 68
202 243 150 168 31 36
467 488 168 177 42 44
548 569 215 225 52 54
243 284 150 168 47 52
447 467 187 196 54 57
488 508 196 206 47 49
488 508 168 177 42 44
528 548 168 177 36 39
528 548 196 206 63 65
528 548 168 177 52 54
325 365 112 131 78 84
488 508 196 206 36 39
528 548 206 215 57 60
488 508 187 196 60 63
467 488 196 206 60 63
325 365 225 244 57 63
528 569 206 225 0 5
528 548 215 225 52 54
528 569 244 263 10 15
243 325 225 263 73 84
467 488 187 196 60 63
488 508 159 168 60 63
548 569 206 215 57 60
365 406 131 150 10 15
162 243 225 263 21 31
488 528 112 131 78 84
508 528 206 215 47 49
406 447 131 150 10 15
528 548 206 215 60 63
528 548 215 225 42 44
488 508 196 206 52 54
548 569 215 225 42 44
447 488 93 112 10 15
488 508 187 196 47 49
528 548 168 177 42 44
325 365 168 187 15 21
406 447 206 225 5 10
488 508 159 168 47 49
488 508 196 206 42 44
121 162 150 168 78 84
508 528 187 196 63 65
508 528 206 215 36 39
548 569 206 215 60 63
548 569 187 196 47 49
243 284 112 131 47 52
528 548 187 196 65 68
81 121 112 131 15 21
202 243 131 150 47 52
548 569 187 196 36 39
447 467 196 206 39 42
508 528 168 177 63 65
121 162 131 150 78 84
488 508 150 159 57 60
447 467 196 206 57 60
447 467 168 177 60 63
548 569 187 196 52 54
467 488 196 206 47 49
467 488 196 206 36 39
488 508 187 196 36 39
243 284 93 112 42 47
548 569 168 177 54 57
284 325 168 187 21 26
488 508 159 168 52 54
365 406 75 93 68 73
365 406 168 187 10 15
467 488 187 196 47 49
284 325 37 56 42 47
488 508 187 196 52 54
488 508 150 159 39 42
548 569 196 206 63 65
447 467 187 196 57 60
406 447 244 263 78 84
528 569 150 168 5 10
528 548 206 215 36 39
447 467 168 177 47 49
467 488 187 196 36 39
447 467 187 196 39 42
447 488 187 206 0 5
81 121 168 187 10 15
528 548 206 215 47 49
467 488 196 206 52 54
488 508 159 168 36 39
548 569 177 187 63 65
488 508 187 196 42 44
467 488 187 196 52 54
447 488 244 263 78 84
365 406 93 112 73 78
447 467 168 177 52 54
121 162 187 206 31 36
508 528 150 159 49 52
528 569 131 150 21 26
548 569 168 177 39 42
488 508 159 168 42 44
548 569 187 196 42 44
569 651 263 301 21 31
488 508 215 225 49 52
365 406 244 263 21 26
528 548 206 215 52 54
467 488 196 206 42 44
447 467 168 177 36 39
548 569 206 215 36 39
548 569 206 215 47 49
243 284 168 187 36 42
121 162 131 150 10 15
528 548 168 177 65 68
81 121 131 150 10 15
548 569 206 215 52 54
447 467 196 206 60 63
121 162 168 187 10 15
202 243 112 131 42 47
467 488 187 196 42 44
488 569 263 301 10 21
528 548 206 215 42 44
548 569 168 177 57 60
488 508 206 215 49 52
508 528 150 159 44 47
488 528 206 225 0 5
325 365 206 225 26 31
243 284 150 168 52 57
81 162 225 263 0 10
121 162 150 168 10 15
121 162 206 225 57 63
202 243 168 187 31 36
81 121 150 168 10 15
325 365 75 93 73 78
447 467 187 196 60 63
488 508 150 159 60 63
325 365 206 225 63 68
121 162 75 93 47 52
447 467 168 177 42 44
284 325 37 56 47 52
548 569 187 196 65 68
548 569 168 177 60 63
325 365 93 112 78 84
243 284 93 112 47 52
528 548 187 196 63 65
488 508 168 177 65 68
548 569 206 215 42 44
528 569 93 112 47 52
325 365 37 56 52 57
488 508 150 159 47 49
447 467 196 206 47 49
528 569 131 150 73 78
488 508 196 206 65 68
325 365 168 187 68 73
325 365 225 244 31 36
488 508 150 159 52 54
0 81 112 150 0 10
447 467 196 206 36 39
243 284 131 150 52 57
243 284 131 150 31 36
365 406 112 131 78 84
162 243 75 112 0 10
243 284 112 131 31 36
528 569 93 112 42 47
243 284 168 187 42 47
447 467 187 196 47 49
121 162 187 206 68 73
447 467 196 206 52 54
121 162 75 93 52 57
508 528 150 159 54 57
0 81 75 112 63 73
243 284 168 187 47 52
325 365 37 56 31 36
528 569 93 112 36 42
447 467 187 196 52 54
121 162 75 93 57 63
447 467 187 196 36 39
488 508 187 196 65 68
548 569 168 177 47 49
121 162 75 93 42 47
406 447 93 112 78 84
121 162 112 131 78 84
121 162 206 225 52 57
528 548 168 177 63 65
548 569 168 177 52 54
488 508 150 159 36 39
447 467 196 206 42 44
406 488 263 301 0 10
488 508 150 159 42 44
488 508 215 225 39 42
548 569 168 177 36 39
202 243 131 150 31 36
202 243 112 131 47 52
325 365 75 93 10 15
365 406 75 93 15 21
0 81 75 112 31 42
488 508 168 177 63 65
121 162 112 131 10 15
548 569 187 196 63 65
243 325 187 225 0 10
447 467 187 196 42 44
243 284 150 168 57 63
488 508 206 215 39 42
528 569 93 112 52 57
121 162 75 93 36 42
447 488 37 56 21 26
447 488 37 56 68 73
508 528 150 159 39 42
121 162 206 225 47 52
202 243 131 150 52 57
365 406 112 131 10 15
488 508 196 206 63 65
488 528 150 168 0 5
548 569 168 177 42 44
162 202 168 187 68 73
243 284 112 131 52 57
488 508 215 225 57 60
243 284 93 112 31 36
508 528 150 159 57 60
162 202 150 168 68 73
528 569 112 131 63 68
406 447 112 131 10 15
548 569 168 177 65 68
488 508 187 196 63 65
488 528 112 131 10 15
406 447 75 93 21 26
243 284 168 187 52 57
488 508 206 215 57 60
447 488 244 263 10 15
488 508 215 225 60 63
325 365 187 206 21 26
406 447 56 75 26 31
406 488 0 37 10 21
406 447 150 168 5 10
528 569 131 150 15 21
406 447 168 187 0 5
528 569 93 112 57 63
284 325 37 56 31 36
243 284 150 168 31 36
528 569 112 131 31 36
202 243 112 131 31 36
81 121 112 131 78 84
406 447 244 263 10 15
508 528 150 159 60 63
488 508 206 215 60 63
488 508 215 225 47 49
488 508 215 225 36 39
508 528 150 159 47 49
121 162 206 225 42 47
569 651 263 301 73 84
243 284 75 93 36 42
325 365 244 263 36 42
508 528 150 159 52 54
488 528 244 263 10 15
488 508 206 215 36 39
488 508 206 215 47 49
243 284 93 112 52 57
243 284 168 187 57 63
365 406 150 168 78 84
447 488 206 225 0 5
548 569 168 177 63 65
0 81 225 263 0 10
508 528 150 159 36 39
325 365 225 244 63 68
325 365 150 168 73 78
406 447 187 206 0 5
508 528 150 159 42 44
243 284 131 150 57 63
202 243 168 187 63 68
202 243 150 168 63 68
447 488 150 168 0 5
447 488 75 93 78 84
325 365 37 56 57 63
365 406 150 168 10 15
325 365 244 263 42 47
202 243 131 150 57 63
406 447 37 56 36 42
325 365 75 93 78 84
406 447 37 56 42 47
406 447 37 56 47 52
202 243 112 131 52 57
121 162 206 225 36 42
365 406 93 112 78 84
325 365 225 244 26 31
406 447 75 93 73 78
406 447 56 75 68 73
365 406 75 93 73 78
325 365 244 263 47 52
406 488 0 37 73 84
569 651 112 150 52 63
365 406 93 112 10 15
325 365 150 168 10 15
569 651 112 150 42 52
325 365 187 206 68 73
243 284 75 93 42 47
243 284 131 150 26 31
121 162 206 225 63 68
243 284 112 131 26 31
325 406 263 301 0 10
406 447 37 56 52 57
488 569 0 37 73 84
325 365 206 225 21 26
243 284 112 131 57 63
243 325 0 37 31 42
243 325 0 37 42 52
325 365 168 187 73 78
121 162 225 244 57 63
406 447 75 93 15 21
406 447 93 112 10 15
243 284 168 187 31 36
406 447 206 225 0 5
81 121 112 131 10 15
325 365 244 263 52 57
243 284 75 93 47 52
325 365 244 263 57 63
325 365 206 225 68 73
243 284 93 112 26 31
528 569 150 168 0 5
406 447 37 56 57 63
528 569 112 131 26 31
528 569 131 150 78 84
81 162 263 301 0 10
121 162 75 93 63 68
447 488 75 93 10 15
325 406 0 37 42 52
569 651 263 301 10 21
81 121 75 93 57 63
243 284 93 112 57 63
202 243 112 131 57 63
528 569 93 112 31 36
325 406 0 37 31 42
243 284 150 168 26 31
121 162 225 244 52 57
325 365 150 168 78 84
243 284 75 93 31 36
325 365 168 187 10 15
528 569 112 131 68 73
81 121 75 93 52 57
162 243 187 225 0 10
325 365 244 263 31 36
610 651 225 244 36 42
365 406 37 56 36 42
569 651 112 150 31 42
610 651 206 225 36 42
81 121 75 93 47 52
0 81 263 301 0 10
610 651 225 244 47 52
610 651 225 244 57 63
610 651 206 225 47 52
610 651 206 225 57 63
610 651 244 263 36 42
121 162 75 93 31 36
406 447 56 75 21 26
610 651 244 263 47 52
610 651 244 263 57 63
610 651 225 244 52 57
610 651 187 206 36 42
610 651 206 225 52 57
365 406 75 93 78 84
243 284 75 93 52 57
610 651 187 206 47 52
610 651 225 244 42 47
610 651 187 206 57 63
325 365 225 244 68 73
528 569 75 93 42 47
610 651 206 225 42 47
365 406 37 56 42 47
528 569 75 93 36 42
528 569 75 93 47 52
406 447 150 168 0 5
528 569 93 112 63 68
610 651 244 263 52 57
325 365 225 244 21 26
365 406 37 56 47 52
610 651 244 263 42 47
610 651 187 206 52 57
365 406 75 93 10 15
325 365 168 187 78 84
243 284 56 75 36 42
610 651 187 206 42 47
81 121 75 93 42 47
406 447 37 56 31 36
325 365 244 263 63 68
121 162 206 225 68 73
202 243 168 187 68 73
202 243 150 168 68 73
528 569 75 93 52 57
243 325 0 37 52 63
406 447 75 93 78 84
569 651 112 150 63 73
243 284 168 187 26 31
365 406 37 56 52 57
325 406 0 37 52 63
325 365 244 263 26 31
528 569 131 150 10 15
243 325 263 301 42 52
610 651 225 244 63 68
610 651 206 225 63 68
121 162 206 225 31 36
528 569 112 131 21 26
243 284 131 150 63 68
81 121 75 93 36 42
243 284 56 75 42 47
243 284 131 150 21 26
610 651 244 263 63 68
528 569 56 75 36 42
243 325 263 301 31 42
528 569 56 75 42 47
528 569 75 93 57 63
243 284 112 131 21 26
81 121 75 93 63 68
610 651 187 206 63 68
243 284 75 93 26 31
0 40 206 225 57 63
528 569 56 75 47 52
243 325 263 301 52 63
121 162 244 263 57 63
528 569 93 112 26 31
488 569 263 301 0 10
243 284 56 75 47 52
243 284 75 93 57 63
365 406 37 56 57 63
162 243 263 301 52 63
528 569 37 56 36 42
528 569 37 56 42 47
121 162 75 93 68 73
365 406 37 56 31 36
406 447 37 56 63 68
243 284 93 112 21 26
243 284 150 168 21 26
528 569 37 56 47 52
0 81 75 112 21 31
0 40 206 225 52 57
528 569 56 75 52 57
610 651 225 244 31 36
610 651 206 225 31 36
121 162 244 263 52 57
243 284 112 131 63 68
610 651 244 263 31 36
528 569 112 131 73 78
162 243 263 301 42 52
243 284 56 75 31 36
0 40 206 225 47 52
610 651 187 206 31 36
610 651 168 187 36 42
528 569 112 131 15 21
406 447 75 93 10 15
0 81 75 112 73 84
610 651 168 187 57 63
406 447 37 56 26 31
325 365 244 263 68 73
528 569 37 56 52 57
528 569 75 93 31 36
610 651 168 187 47 52
528 569 56 75 57 63
528 569 93 112 68 73
610 651 225 244 68 73
610 651 206 225 68 73
610 651 168 187 52 57
325 365 244 263 21 26
610 651 168 187 42 47
610 651 244 263 68 73
610 651 187 206 68 73
0 40 206 225 42 47
528 569 37 56 57 63
162 243 263 301 31 42
243 284 168 187 21 26
569 651 112 150 21 31
610 651 225 244 26 31
610 651 206 225 26 31
610 651 244 263 26 31
528 569 56 75 31 36
610 651 187 206 26 31
610 651 168 187 63 68
81 121 75 93 68 73
243 325 263 301 63 73
162 243 263 301 63 73
528 569 93 112 21 26
406 488 0 37 0 10
569 651 263 301 0 10
0 40 187 206 57 63
243 325 0 37 21 31
243 284 131 150 68 73
528 569 37 56 31 36
528 569 75 93 63 68
610 651 225 244 73 78
610 651 206 225 73 78
243 284 75 93 21 26
0 81 75 112 10 21
243 325 263 301 21 31
610 651 244 263 73 78
610 651 187 206 73 78
406 447 37 56 68 73
81 121 75 93 31 36
0 40 187 206 52 57
610 651 168 187 31 36
528 569 75 93 26 31
0 40 187 206 47 52
406 447 37 56 21 26
325 406 0 37 21 31
243 284 37 56 36 42
610 651 225 244 21 26
610 651 206 225 21 26
243 284 112 131 68 73
569 651 112 150 73 84
528 569 112 131 78 84
610 651 244 263 21 26
0 40 168 187 57 63
610 651 168 187 68 73
610 651 187 206 21 26
162 243 37 75 31 42
0 40 187 206 42 47
610 651 206 225 15 21
162 243 37 75 42 52
243 284 37 56 42 47
0 40 168 187 52 57
610 651 225 244 78 84
610 651 206 225 78 84
610 651 168 187 26 31
610 651 187 206 15 21
610 651 244 263 78 84
610 651 187 206 78 84
0 40 150 168 57 63
528 569 112 131 10 15
0 40 168 187 47 52
243 284 37 56 47 52
0 40 150 168 52 57
569 651 112 150 10 21
0 40 168 187 42 47
528 569 75 93 68 73
162 243 263 301 21 31
0 40 150 168 47 52
243 284 37 56 31 36
243 325 263 301 73 84
162 243 37 75 52 63
528 569 75 93 21 26
162 243 263 301 73 84
0 40 150 168 42 47
610 651 168 187 21 26
569 651 0 37 52 63
569 651 0 37 42 52
610 651 206 225 10 15
610 651 187 206 10 15
0 81 75 112 0 10
325 406 0 37 63 73
162 243 37 75 21 31
569 651 0 37 31 42
325 406 0 37 10 21
569 651 112 150 0 10
569 651 0 37 63 73
325 406 0 37 0 10
325 406 0 37 73 84
569 651 0 37 21 31
610 651 150 168 57 63
610 651 150 168 36 42
610 651 150 168 47 52
610 651 150 168 52 57
610 651 150 168 42 47
569 651 0 37 73 84
610 651 150 168 63 68
162 243 0 37 31 42
162 243 0 37 42 52
610 651 150 168 68 73
0 162 0 75 42 63
610 651 150 168 31 36
162 243 0 37 52 63
610 651 150 168 26 31
0 162 0 75 21 42
569 651 75 112 52 63
569 651 75 112 42 52
610 651 150 168 21 26
162 243 0 37 21 31
569 651 75 112 31 42
569 651 75 112 63 73
0 162 0 75 63 84
569 651 75 112 21 31
0 162 0 75 0 21
569 651 75 112 73 84
569 651 75 112 10 21
569 651 75 112 0 10
569 651 37 75 52 63
569 651 37 75 42 52
569 651 37 75 63 73
569 651 37 75 31 42
569 651 37 75 73 84
569 651 37 75 21 31
