2048
0 813 0 375 0 3
0 813 0 375 3 6
0 813 0 375 6 8
0 813 0 375 8 11
0 813 0 375 11 13
0 813 0 375 13 16
0 813 0 375 16 19
0 813 0 375 19 21
0 813 0 375 21 24
0 813 0 375 24 26
0 813 0 375 26 29
0 813 0 375 29 32
0 813 0 375 32 34
0 813 0 375 34 37
0 813 0 375 37 39
0 813 0 375 39 42
0 813 0 375 42 45
0 813 0 375 45 47
0 813 0 375 47 50
0 813 0 375 50 52
0 813 0 375 52 55
0 813 0 375 55 58
0 813 0 375 58 60
0 813 0 375 60 63
0 813 0 375 63 65
0 813 0 375 65 68
0 813 0 375 68 71
0 813 0 375 71 73
0 813 0 375 73 76
0 813 0 375 76 78
0 813 0 375 78 81
0 813 0 375 81 84
0 813 375 750 0 3
0 813 375 750 3 6
0 813 375 750 6 8
0 813 375 750 8 11
0 813 375 750 11 13
0 813 375 750 13 16
0 813 375 750 16 19
0 813 375 750 19 21
0 813 375 750 21 24
0 813 375 750 24 26
0 813 375 750 26 29
0 813 375 750 29 32
0 813 375 750 32 34
0 813 375 750 34 37
0 813 375 750 37 39
0 813 375 750 39 42
0 813 375 750 42 45
0 813 375 750 45 47
0 813 375 750 47 50
0 813 375 750 50 52
0 813 375 750 52 55
0 813 375 750 55 58
0 813 375 750 58 60
0 813 375 750 60 63
0 813 375 750 63 65
0 813 375 750 65 68
0 813 375 750 68 71
0 813 375 750 71 73
0 813 375 750 73 76
0 813 375 750 76 78
0 813 375 750 78 81
0 813 375 750 81 84
0 813 750 1125 0 3
0 813 750 1125 3 6
0 813 750 1125 6 8
0 813 750 1125 8 11
0 813 750 1125 11 13
0 813 750 1125 13 16
0 813 750 1125 16 19
0 813 750 1125 19 21
0 813 750 1125 21 24
0 813 750 1125 24 26
0 813 750 1125 26 29
0 813 750 1125 29 32
0 813 750 1125 32 34
0 813 750 1125 34 37
0 813 750 1125 37 39
0 813 750 1125 39 42
0 813 750 1125 42 45
0 813 750 1125 45 47
0 813 750 1125 47 50
0 813 750 1125 50 52
0 813 750 1125 52 55
0 813 750 1125 55 58
0 813 750 1125 58 60
0 813 750 1125 60 63
0 813 750 1125 63 65
0 813 750 1125 65 68
0 813 750 1125 68 71
0 813 750 1125 71 73
0 813 750 1125 73 76
0 813 750 1125 76 78
0 813 750 1125 78 81
0 813 750 1125 81 84
0 813 1125 1500 0 3
0 813 1125 1500 3 6
0 813 1125 1500 6 8
0 813 1125 1500 8 11
0 813 1125 1500 11 13
0 813 1125 1500 13 16
0 813 1125 1500 16 19
0 813 1125 1500 19 21
0 813 1125 1500 21 24
0 813 1125 1500 24 26
0 813 1125 1500 26 29
0 813 1125 1500 29 32
0 813 1125 1500 32 34
0 813 1125 1500 34 37
0 813 1125 1500 37 39
0 813 1125 1500 39 42
0 813 1125 1500 42 45
0 813 1125 1500 45 47
0 813 1125 1500 47 50
0 813 1125 1500 50 52
0 813 1125 1500 52 55
0 813 1125 1500 55 58
0 813 1125 1500 58 60
0 813 1125 1500 60 63
0 813 1125 1500 63 65
0 813 1125 1500 65 68
0 813 1125 1500 68 71
0 813 1125 1500 71 73
0 813 1125 1500 73 76
0 813 1125 1500 76 78
0 813 1125 1500 78 81
0 813 1125 1500 81 84
0 813 1500 1875 0 3
0 813 1500 1875 3 6
0 813 1500 1875 6 8
0 813 1500 1875 8 11
0 813 1500 1875 11 13
0 813 1500 1875 13 16
0 813 1500 1875 16 19
0 813 1500 1875 19 21
0 813 1500 1875 21 24
0 813 1500 1875 24 26
0 813 1500 1875 26 29
0 813 1500 1875 29 32
0 813 1500 1875 32 34
0 813 1500 1875 34 37
0 813 1500 1875 37 39
0 813 1500 1875 39 42
0 813 1500 1875 42 45
0 813 1500 1875 45 47
0 813 1500 1875 47 50
0 813 1500 1875 50 52
0 813 1500 1875 52 55
0 813 1500 1875 55 58
0 813 1500 1875 58 60
0 813 1500 1875 60 63
0 813 1500 1875 63 65
0 813 1500 1875 65 68
0 813 1500 1875 68 71
0 813 1500 1875 71 73
0 813 1500 1875 73 76
0 813 1500 1875 76 78
0 813 1500 1875 78 81
0 813 1500 1875 81 84
0 813 1875 2250 0 3
0 813 1875 2250 3 6
0 813 1875 2250 6 8
0 813 1875 2250 8 11
0 813 1875 2250 11 13
0 813 1875 2250 13 16
0 813 1875 2250 16 19
0 813 1875 2250 19 21
0 813 1875 2250 21 24
0 813 1875 2250 24 26
0 813 1875 2250 26 29
0 813 1875 2250 29 32
0 813 1875 2250 32 34
0 813 1875 2250 34 37
0 813 1875 2250 37 39
0 813 1875 2250 39 42
0 813 1875 2250 42 45
0 813 1875 2250 45 47
0 813 1875 2250 47 50
0 813 1875 2250 50 52
0 813 1875 2250 52 55
0 813 1875 2250 55 58
0 813 1875 2250 58 60
0 813 1875 2250 60 63
0 813 1875 2250 63 65
0 813 1875 2250 65 68
0 813 1875 2250 68 71
0 813 1875 2250 71 73
0 813 1875 2250 73 76
0 813 1875 2250 76 78
0 813 1875 2250 78 81
0 813 1875 2250 81 84
0 813 2250 2625 0 3
0 813 2250 2625 3 6
0 813 2250 2625 6 8
0 813 2250 2625 8 11
0 813 2250 2625 11 13
0 813 2250 2625 13 16
0 813 2250 2625 16 19
0 813 2250 2625 19 21
0 813 2250 2625 21 24
0 813 2250 2625 24 26
0 813 2250 2625 26 29
0 813 2250 2625 29 32
0 813 2250 2625 32 34
0 813 2250 2625 34 37
0 813 2250 2625 37 39
0 813 2250 2625 39 42
0 813 2250 2625 42 45
0 813 2250 2625 45 47
0 813 2250 2625 47 50
0 813 2250 2625 50 52
0 813 2250 2625 52 55
0 813 2250 2625 55 58
0 813 2250 2625 58 60
0 813 2250 2625 60 63
0 813 2250 2625 63 65
0 813 2250 2625 65 68
0 813 2250 2625 68 71
0 813 2250 2625 71 73
0 813 2250 2625 73 76
0 813 2250 2625 76 78
0 813 2250 2625 78 81
0 813 2250 2625 81 84
0 813 2625 3001 0 3
0 813 2625 3001 3 6
0 813 2625 3001 6 8
0 813 2625 3001 8 11
0 813 2625 3001 11 13
0 813 2625 3001 13 16
0 813 2625 3001 16 19
0 813 2625 3001 19 21
0 813 2625 3001 21 24
0 813 2625 3001 24 26
0 813 2625 3001 26 29
0 813 2625 3001 29 32
0 813 2625 3001 32 34
0 813 2625 3001 34 37
0 813 2625 3001 37 39
0 813 2625 3001 39 42
0 813 2625 3001 42 45
0 813 2625 3001 45 47
0 813 2625 3001 47 50
0 813 2625 3001 50 52
0 813 2625 3001 52 55
0 813 2625 3001 55 58
0 813 2625 3001 58 60
0 813 2625 3001 60 63
0 813 2625 3001 63 65
0 813 2625 3001 65 68
0 813 2625 3001 68 71
0 813 2625 3001 71 73
0 813 2625 3001 73 76
0 813 2625 3001 76 78
0 813 2625 3001 78 81
0 813 2625 3001 81 84
813 1625 0 375 0 3
813 1625 0 375 3 6
813 1625 0 375 6 8
813 1625 0 375 8 11
813 1625 0 375 11 13
813 1625 0 375 13 16
813 1625 0 375 16 19
813 1625 0 375 19 21
813 1625 0 375 21 24
813 1625 0 375 24 26
813 1625 0 375 26 29
813 1625 0 375 29 32
813 1625 0 375 32 34
813 1625 0 375 34 37
813 1625 0 375 37 39
813 1625 0 375 39 42
813 1625 0 375 42 45
813 1625 0 375 45 47
813 1625 0 375 47 50
813 1625 0 375 50 52
813 1625 0 375 52 55
813 1625 0 375 55 58
813 1625 0 375 58 60
813 1625 0 375 60 63
813 1625 0 375 63 65
813 1625 0 375 65 68
813 1625 0 375 68 71
813 1625 0 375 71 73
813 1625 0 375 73 76
813 1625 0 375 76 78
813 1625 0 375 78 81
813 1625 0 375 81 84
813 1625 375 750 0 3
813 1625 375 750 3 6
813 1625 375 750 6 8
813 1625 375 750 8 11
813 1625 375 750 11 13
813 1625 375 750 13 16
813 1625 375 750 16 19
813 1625 375 750 19 21
813 1625 375 750 21 24
813 1625 375 750 24 26
813 1625 375 750 26 29
813 1625 375 750 29 32
813 1625 375 750 32 34
813 1625 375 750 34 37
813 1625 375 750 37 39
813 1625 375 750 39 42
813 1625 375 750 42 45
813 1625 375 750 45 47
813 1625 375 750 47 50
813 1625 375 750 50 52
813 1625 375 750 52 55
813 1625 375 750 55 58
813 1625 375 750 58 60
813 1625 375 750 60 63
813 1625 375 750 63 65
813 1625 375 750 65 68
813 1625 375 750 68 71
813 1625 375 750 71 73
813 1625 375 750 73 76
813 1625 375 750 76 78
813 1625 375 750 78 81
813 1625 375 750 81 84
813 1625 750 1125 0 3
813 1625 750 1125 3 6
813 1625 750 1125 6 8
813 1625 750 1125 8 11
813 1625 750 1125 11 13
813 1625 750 1125 13 16
813 1625 750 1125 16 19
813 1625 750 1125 19 21
813 1625 750 1125 21 24
813 1625 750 1125 24 26
813 1625 750 1125 26 29
813 1625 750 1125 29 32
813 1625 750 1125 32 34
813 1625 750 1125 34 37
813 1625 750 1125 37 39
813 1625 750 1125 39 42
813 1625 750 1125 42 45
813 1625 750 1125 45 47
813 1625 750 1125 47 50
813 1625 750 1125 50 52
813 1625 750 1125 52 55
813 1625 750 1125 55 58
813 1625 750 1125 58 60
813 1625 750 1125 60 63
813 1625 750 1125 63 65
813 1625 750 1125 65 68
813 1625 750 1125 68 71
813 1625 750 1125 71 73
813 1625 750 1125 73 76
813 1625 750 1125 76 78
813 1625 750 1125 78 81
813 1625 750 1125 81 84
813 1625 1125 1500 0 3
813 1625 1125 1500 3 6
813 1625 1125 1500 6 8
813 1625 1125 1500 8 11
813 1625 1125 1500 11 13
813 1625 1125 1500 13 16
813 1625 1125 1500 16 19
813 1625 1125 1500 19 21
813 1625 1125 1500 21 24
813 1625 1125 1500 24 26
813 1625 1125 1500 26 29
813 1625 1125 1500 29 32
813 1625 1125 1500 32 34
813 1625 1125 1500 34 37
813 1625 1125 1500 37 39
813 1625 1125 1500 39 42
813 1625 1125 1500 42 45
813 1625 1125 1500 45 47
813 1625 1125 1500 47 50
813 1625 1125 1500 50 52
813 1625 1125 1500 52 55
813 1625 1125 1500 55 58
813 1625 1125 1500 58 60
813 1625 1125 1500 60 63
813 1625 1125 1500 63 65
813 1625 1125 1500 65 68
813 1625 1125 1500 68 71
813 1625 1125 1500 71 73
813 1625 1125 1500 73 76
813 1625 1125 1500 76 78
813 1625 1125 1500 78 81
813 1625 1125 1500 81 84
813 1625 1500 1875 0 3
813 1625 1500 1875 3 6
813 1625 1500 1875 6 8
813 1625 1500 1875 8 11
813 1625 1500 1875 11 13
813 1625 1500 1875 13 16
813 1625 1500 1875 16 19
813 1625 1500 1875 19 21
813 1625 1500 1875 21 24
813 1625 1500 1875 24 26
813 1625 1500 1875 26 29
813 1625 1500 1875 29 32
813 1625 1500 1875 32 34
813 1625 1500 1875 34 37
813 1625 1500 1875 37 39
813 1625 1500 1875 39 42
813 1625 1500 1875 42 45
813 1625 1500 1875 45 47
813 1625 1500 1875 47 50
813 1625 1500 1875 50 52
813 1625 1500 1875 52 55
813 1625 1500 1875 55 58
813 1625 1500 1875 58 60
813 1625 1500 1875 60 63
813 1625 1500 1875 63 65
813 1625 1500 1875 65 68
813 1625 1500 1875 68 71
813 1625 1500 1875 71 73
813 1625 1500 1875 73 76
813 1625 1500 1875 76 78
813 1625 1500 1875 78 81
813 1625 1500 1875 81 84
813 1625 1875 2250 0 3
813 1625 1875 2250 3 6
813 1625 1875 2250 6 8
813 1625 1875 2250 8 11
813 1625 1875 2250 11 13
813 1625 1875 2250 13 16
813 1625 1875 2250 16 19
813 1625 1875 2250 19 21
813 1625 1875 2250 21 24
813 1625 1875 2250 24 26
813 1625 1875 2250 26 29
813 1625 1875 2250 29 32
813 1625 1875 2250 32 34
813 1625 1875 2250 34 37
813 1625 1875 2250 37 39
813 1625 1875 2250 39 42
813 1625 1875 2250 42 45
813 1625 1875 2250 45 47
813 1625 1875 2250 47 50
813 1625 1875 2250 50 52
813 1625 1875 2250 52 55
813 1625 1875 2250 55 58
813 1625 1875 2250 58 60
813 1625 1875 2250 60 63
813 1625 1875 2250 63 65
813 1625 1875 2250 65 68
813 1625 1875 2250 68 71
813 1625 1875 2250 71 73
813 1625 1875 2250 73 76
813 1625 1875 2250 76 78
813 1625 1875 2250 78 81
813 1625 1875 2250 81 84
813 1625 2250 2625 0 3
813 1625 2250 2625 3 6
813 1625 2250 2625 6 8
813 1625 2250 2625 8 11
813 1625 2250 2625 11 13
813 1625 2250 2625 13 16
813 1625 2250 2625 16 19
813 1625 2250 2625 19 21
813 1625 2250 2625 21 24
813 1625 2250 2625 24 26
813 1625 2250 2625 26 29
813 1625 2250 2625 29 32
813 1625 2250 2625 32 34
813 1625 2250 2625 34 37
813 1625 2250 2625 37 39
813 1625 2250 2625 39 42
813 1625 2250 2625 42 45
813 1625 2250 2625 45 47
813 1625 2250 2625 47 50
813 1625 2250 2625 50 52
813 1625 2250 2625 52 55
813 1625 2250 2625 55 58
813 1625 2250 2625 58 60
813 1625 2250 2625 60 63
813 1625 2250 2625 63 65
813 1625 2250 2625 65 68
813 1625 2250 2625 68 71
813 1625 2250 2625 71 73
813 1625 2250 2625 73 76
813 1625 2250 2625 76 78
813 1625 2250 2625 78 81
813 1625 2250 2625 81 84
813 1625 2625 3001 0 3
813 1625 2625 3001 3 6
813 1625 2625 3001 6 8
813 1625 2625 3001 8 11
813 1625 2625 3001 11 13
813 1625 2625 3001 13 16
813 1625 2625 3001 16 19
813 1625 2625 3001 19 21
813 1625 2625 3001 21 24
813 1625 2625 3001 24 26
813 1625 2625 3001 26 29
813 1625 2625 3001 29 32
813 1625 2625 3001 32 34
813 1625 2625 3001 34 37
813 1625 2625 3001 37 39
813 1625 2625 3001 39 42
813 1625 2625 3001 42 45
813 1625 2625 3001 45 47
813 1625 2625 3001 47 50
813 1625 2625 3001 50 52
813 1625 2625 3001 52 55
813 1625 2625 3001 55 58
813 1625 2625 3001 58 60
813 1625 2625 3001 60 63
813 1625 2625 3001 63 65
813 1625 2625 3001 65 68
813 1625 2625 3001 68 71
813 1625 2625 3001 71 73
813 1625 2625 3001 73 76
813 1625 2625 3001 76 78
813 1625 2625 3001 78 81
813 1625 2625 3001 81 84
1625 2438 0 375 0 3
1625 2438 0 375 3 6
1625 2438 0 375 6 8
1625 2438 0 375 8 11
1625 2438 0 375 11 13
1625 2438 0 375 13 16
1625 2438 0 375 16 19
1625 2438 0 375 19 21
1625 2438 0 375 21 24
1625 2438 0 375 24 26
1625 2438 0 375 26 29
1625 2438 0 375 29 32
1625 2438 0 375 32 34
1625 2438 0 375 34 37
1625 2438 0 375 37 39
1625 2438 0 375 39 42
1625 2438 0 375 42 45
1625 2438 0 375 45 47
1625 2438 0 375 47 50
1625 2438 0 375 50 52
1625 2438 0 375 52 55
1625 2438 0 375 55 58
1625 2438 0 375 58 60
1625 2438 0 375 60 63
1625 2438 0 375 63 65
1625 2438 0 375 65 68
1625 2438 0 375 68 71
1625 2438 0 375 71 73
1625 2438 0 375 73 76
1625 2438 0 375 76 78
1625 2438 0 375 78 81
1625 2438 0 375 81 84
1625 2438 375 750 0 3
1625 2438 375 750 3 6
1625 2438 375 750 6 8
1625 2438 375 750 8 11
1625 2438 375 750 11 13
1625 2438 375 750 13 16
1625 2438 375 750 16 19
1625 2438 375 750 19 21
1625 2438 375 750 21 24
1625 2438 375 750 24 26
1625 2438 375 750 26 29
1625 2438 375 750 29 32
1625 2438 375 750 32 34
1625 2438 375 750 34 37
1625 2438 375 750 37 39
1625 2438 375 750 39 42
1625 2438 375 750 42 45
1625 2438 375 750 45 47
1625 2438 375 750 47 50
1625 2438 375 750 50 52
1625 2438 375 750 52 55
1625 2438 375 750 55 58
1625 2438 375 750 58 60
1625 2438 375 750 60 63
1625 2438 375 750 63 65
1625 2438 375 750 65 68
1625 2438 375 750 68 71
1625 2438 375 750 71 73
1625 2438 375 750 73 76
1625 2438 375 750 76 78
1625 2438 375 750 78 81
1625 2438 375 750 81 84
1625 2438 750 1125 0 3
1625 2438 750 1125 3 6
1625 2438 750 1125 6 8
1625 2438 750 1125 8 11
1625 2438 750 1125 11 13
1625 2438 750 1125 13 16
1625 2438 750 1125 16 19
1625 2438 750 1125 19 21
1625 2438 750 1125 21 24
1625 2438 750 1125 24 26
1625 2438 750 1125 26 29
1625 2438 750 1125 29 32
1625 2438 750 1125 32 34
1625 2438 750 1125 34 37
1625 2438 750 1125 37 39
1625 2438 750 1125 39 42
1625 2438 750 1125 42 45
1625 2438 750 1125 45 47
1625 2438 750 1125 47 50
1625 2438 750 1125 50 52
1625 2438 750 1125 52 55
1625 2438 750 1125 55 58
1625 2438 750 1125 58 60
1625 2438 750 1125 60 63
1625 2438 750 1125 63 65
1625 2438 750 1125 65 68
1625 2438 750 1125 68 71
1625 2438 750 1125 71 73
1625 2438 750 1125 73 76
1625 2438 750 1125 76 78
1625 2438 750 1125 78 81
1625 2438 750 1125 81 84
1625 2438 1125 1500 0 3
1625 2438 1125 1500 3 6
1625 2438 1125 1500 6 8
1625 2438 1125 1500 8 11
1625 2438 1125 1500 11 13
1625 2438 1125 1500 13 16
1625 2438 1125 1500 16 19
1625 2438 1125 1500 19 21
1625 2438 1125 1500 21 24
1625 2438 1125 1500 24 26
1625 2438 1125 1500 26 29
1625 2438 1125 1500 29 32
1625 2438 1125 1500 32 34
1625 2438 1125 1500 34 37
1625 2438 1125 1500 37 39
1625 2438 1125 1500 39 42
1625 2438 1125 1500 42 45
1625 2438 1125 1500 45 47
1625 2438 1125 1500 47 50
1625 2438 1125 1500 50 52
1625 2438 1125 1500 52 55
1625 2438 1125 1500 55 58
1625 2438 1125 1500 58 60
1625 2438 1125 1500 60 63
1625 2438 1125 1500 63 65
1625 2438 1125 1500 65 68
1625 2438 1125 1500 68 71
1625 2438 1125 1500 71 73
1625 2438 1125 1500 73 76
1625 2438 1125 1500 76 78
1625 2438 1125 1500 78 81
1625 2438 1125 1500 81 84
1625 2438 1500 1875 0 3
1625 2438 1500 1875 3 6
1625 2438 1500 1875 6 8
1625 2438 1500 1875 8 11
1625 2438 1500 1875 11 13
1625 2438 1500 1875 13 16
1625 2438 1500 1875 16 19
1625 2438 1500 1875 19 21
1625 2438 1500 1875 21 24
1625 2438 1500 1875 24 26
1625 2438 1500 1875 26 29
1625 2438 1500 1875 29 32
1625 2438 1500 1875 32 34
1625 2438 1500 1875 34 37
1625 2438 1500 1875 37 39
1625 2438 1500 1875 39 42
1625 2438 1500 1875 42 45
1625 2438 1500 1875 45 47
1625 2438 1500 1875 47 50
1625 2438 1500 1875 50 52
1625 2438 1500 1875 52 55
1625 2438 1500 1875 55 58
1625 2438 1500 1875 58 60
1625 2438 1500 1875 60 63
1625 2438 1500 1875 63 65
1625 2438 1500 1875 65 68
1625 2438 1500 1875 68 71
1625 2438 1500 1875 71 73
1625 2438 1500 1875 73 76
1625 2438 1500 1875 76 78
1625 2438 1500 1875 78 81
1625 2438 1500 1875 81 84
1625 2438 1875 2250 0 3
1625 2438 1875 2250 3 6
1625 2438 1875 2250 6 8
1625 2438 1875 2250 8 11
1625 2438 1875 2250 11 13
1625 2438 1875 2250 13 16
1625 2438 1875 2250 16 19
1625 2438 1875 2250 19 21
1625 2438 1875 2250 21 24
1625 2438 1875 2250 24 26
1625 2438 1875 2250 26 29
1625 2438 1875 2250 29 32
1625 2438 1875 2250 32 34
1625 2438 1875 2250 34 37
1625 2438 1875 2250 37 39
1625 2438 1875 2250 39 42
1625 2438 1875 2250 42 45
1625 2438 1875 2250 45 47
1625 2438 1875 2250 47 50
1625 2438 1875 2250 50 52
1625 2438 1875 2250 52 55
1625 2438 1875 2250 55 58
1625 2438 1875 2250 58 60
1625 2438 1875 2250 60 63
1625 2438 1875 2250 63 65
1625 2438 1875 2250 65 68
1625 2438 1875 2250 68 71
1625 2438 1875 2250 71 73
1625 2438 1875 2250 73 76
1625 2438 1875 2250 76 78
1625 2438 1875 2250 78 81
1625 2438 1875 2250 81 84
1625 2438 2250 2625 0 3
1625 2438 2250 2625 3 6
1625 2438 2250 2625 6 8
1625 2438 2250 2625 8 11
1625 2438 2250 2625 11 13
1625 2438 2250 2625 13 16
1625 2438 2250 2625 16 19
1625 2438 2250 2625 19 21
1625 2438 2250 2625 21 24
1625 2438 2250 2625 24 26
1625 2438 2250 2625 26 29
1625 2438 2250 2625 29 32
1625 2438 2250 2625 32 34
1625 2438 2250 2625 34 37
1625 2438 2250 2625 37 39
1625 2438 2250 2625 39 42
1625 2438 2250 2625 42 45
1625 2438 2250 2625 45 47
1625 2438 2250 2625 47 50
1625 2438 2250 2625 50 52
1625 2438 2250 2625 52 55
1625 2438 2250 2625 55 58
1625 2438 2250 2625 58 60
1625 2438 2250 2625 60 63
1625 2438 2250 2625 63 65
1625 2438 2250 2625 65 68
1625 2438 2250 2625 68 71
1625 2438 2250 2625 71 73
1625 2438 2250 2625 73 76
1625 2438 2250 2625 76 78
1625 2438 2250 2625 78 81
1625 2438 2250 2625 81 84
1625 2438 2625 3001 0 3
1625 2438 2625 3001 3 6
1625 2438 2625 3001 6 8
1625 2438 2625 3001 8 11
1625 2438 2625 3001 11 13
1625 2438 2625 3001 13 16
1625 2438 2625 3001 16 19
1625 2438 2625 3001 19 21
1625 2438 2625 3001 21 24
1625 2438 2625 3001 24 26
1625 2438 2625 3001 26 29
1625 2438 2625 3001 29 32
1625 2438 2625 3001 32 34
1625 2438 2625 3001 34 37
1625 2438 2625 3001 37 39
1625 2438 2625 3001 39 42
1625 2438 2625 3001 42 45
1625 2438 2625 3001 45 47
1625 2438 2625 3001 47 50
1625 2438 2625 3001 50 52
1625 2438 2625 3001 52 55
1625 2438 2625 3001 55 58
1625 2438 2625 3001 58 60
1625 2438 2625 3001 60 63
1625 2438 2625 3001 63 65
1625 2438 2625 3001 65 68
1625 2438 2625 3001 68 71
1625 2438 2625 3001 71 73
1625 2438 2625 3001 73 76
1625 2438 2625 3001 76 78
1625 2438 2625 3001 78 81
1625 2438 2625 3001 81 84
2438 3250 0 375 0 3
2438 3250 0 375 3 6
2438 3250 0 375 6 8
2438 3250 0 375 8 11
2438 3250 0 375 11 13
2438 3250 0 375 13 16
2438 3250 0 375 16 19
2438 3250 0 375 19 21
2438 3250 0 375 21 24
2438 3250 0 375 24 26
2438 3250 0 375 26 29
2438 3250 0 375 29 32
2438 3250 0 375 32 34
2438 3250 0 375 34 37
2438 3250 0 375 37 39
2438 3250 0 375 39 42
2438 3250 0 375 42 45
2438 3250 0 375 45 47
2438 3250 0 375 47 50
2438 3250 0 375 50 52
2438 3250 0 375 52 55
2438 3250 0 375 55 58
2438 3250 0 375 58 60
2438 3250 0 375 60 63
2438 3250 0 375 63 65
2438 3250 0 375 65 68
2438 3250 0 375 68 71
2438 3250 0 375 71 73
2438 3250 0 375 73 76
2438 3250 0 375 76 78
2438 3250 0 375 78 81
2438 3250 0 375 81 84
2438 3250 375 750 0 3
2438 3250 375 750 3 6
2438 3250 375 750 6 8
2438 3250 375 750 8 11
2438 3250 375 750 11 13
2438 3250 375 750 13 16
2438 3250 375 750 16 19
2438 3250 375 750 19 21
2438 3250 375 750 21 24
2438 3250 375 750 24 26
2438 3250 375 750 26 29
2438 3250 375 750 29 32
2438 3250 375 750 32 34
2438 3250 375 750 34 37
2438 3250 375 750 37 39
2438 3250 375 750 39 42
2438 3250 375 750 42 45
2438 3250 375 750 45 47
2438 3250 375 750 47 50
2438 3250 375 750 50 52
2438 3250 375 750 52 55
2438 3250 375 750 55 58
2438 3250 375 750 58 60
2438 3250 375 750 60 63
2438 3250 375 750 63 65
2438 3250 375 750 65 68
2438 3250 375 750 68 71
2438 3250 375 750 71 73
2438 3250 375 750 73 76
2438 3250 375 750 76 78
2438 3250 375 750 78 81
2438 3250 375 750 81 84
2438 3250 750 1125 0 3
2438 3250 750 1125 3 6
2438 3250 750 1125 6 8
2438 3250 750 1125 8 11
2438 3250 750 1125 11 13
2438 3250 750 1125 13 16
2438 3250 750 1125 16 19
2438 3250 750 1125 19 21
2438 3250 750 1125 21 24
2438 3250 750 1125 24 26
2438 3250 750 1125 26 29
2438 3250 750 1125 29 32
2438 3250 750 1125 32 34
2438 3250 750 1125 34 37
2438 3250 750 1125 37 39
2438 3250 750 1125 39 42
2438 3250 750 1125 42 45
2438 3250 750 1125 45 47
2438 3250 750 1125 47 50
2438 3250 750 1125 50 52
2438 3250 750 1125 52 55
2438 3250 750 1125 55 58
2438 3250 750 1125 58 60
2438 3250 750 1125 60 63
2438 3250 750 1125 63 65
2438 3250 750 1125 65 68
2438 3250 750 1125 68 71
2438 3250 750 1125 71 73
2438 3250 750 1125 73 76
2438 3250 750 1125 76 78
2438 3250 750 1125 78 81
2438 3250 750 1125 81 84
2438 3250 1125 1500 0 3
2438 3250 1125 1500 3 6
2438 3250 1125 1500 6 8
2438 3250 1125 1500 8 11
2438 3250 1125 1500 11 13
2438 3250 1125 1500 13 16
2438 3250 1125 1500 16 19
2438 3250 1125 1500 19 21
2438 3250 1125 1500 21 24
2438 3250 1125 1500 24 26
2438 3250 1125 1500 26 29
2438 3250 1125 1500 29 32
2438 3250 1125 1500 32 34
2438 3250 1125 1500 34 37
2438 3250 1125 1500 37 39
2438 3250 1125 1500 39 42
2438 3250 1125 1500 42 45
2438 3250 1125 1500 45 47
2438 3250 1125 1500 47 50
2438 3250 1125 1500 50 52
2438 3250 1125 1500 52 55
2438 3250 1125 1500 55 58
2438 3250 1125 1500 58 60
2438 3250 1125 1500 60 63
2438 3250 1125 1500 63 65
2438 3250 1125 1500 65 68
2438 3250 1125 1500 68 71
2438 3250 1125 1500 71 73
2438 3250 1125 1500 73 76
2438 3250 1125 1500 76 78
2438 3250 1125 1500 78 81
2438 3250 1125 1500 81 84
2438 3250 1500 1875 0 3
2438 3250 1500 1875 3 6
2438 3250 1500 1875 6 8
2438 3250 1500 1875 8 11
2438 3250 1500 1875 11 13
2438 3250 1500 1875 13 16
2438 3250 1500 1875 16 19
2438 3250 1500 1875 19 21
2438 3250 1500 1875 21 24
2438 3250 1500 1875 24 26
2438 3250 1500 1875 26 29
2438 3250 1500 1875 29 32
2438 3250 1500 1875 32 34
2438 3250 1500 1875 34 37
2438 3250 1500 1875 37 39
2438 3250 1500 1875 39 42
2438 3250 1500 1875 42 45
2438 3250 1500 1875 45 47
2438 3250 1500 1875 47 50
2438 3250 1500 1875 50 52
2438 3250 1500 1875 52 55
2438 3250 1500 1875 55 58
2438 3250 1500 1875 58 60
2438 3250 1500 1875 60 63
2438 3250 1500 1875 63 65
2438 3250 1500 1875 65 68
2438 3250 1500 1875 68 71
2438 3250 1500 1875 71 73
2438 3250 1500 1875 73 76
2438 3250 1500 1875 76 78
2438 3250 1500 1875 78 81
2438 3250 1500 1875 81 84
2438 3250 1875 2250 0 3
2438 3250 1875 2250 3 6
2438 3250 1875 2250 6 8
2438 3250 1875 2250 8 11
2438 3250 1875 2250 11 13
2438 3250 1875 2250 13 16
2438 3250 1875 2250 16 19
2438 3250 1875 2250 19 21
2438 3250 1875 2250 21 24
2438 3250 1875 2250 24 26
2438 3250 1875 2250 26 29
2438 3250 1875 2250 29 32
2438 3250 1875 2250 32 34
2438 3250 1875 2250 34 37
2438 3250 1875 2250 37 39
2438 3250 1875 2250 39 42
2438 3250 1875 2250 42 45
2438 3250 1875 2250 45 47
2438 3250 1875 2250 47 50
2438 3250 1875 2250 50 52
2438 3250 1875 2250 52 55
2438 3250 1875 2250 55 58
2438 3250 1875 2250 58 60
2438 3250 1875 2250 60 63
2438 3250 1875 2250 63 65
2438 3250 1875 2250 65 68
2438 3250 1875 2250 68 71
2438 3250 1875 2250 71 73
2438 3250 1875 2250 73 76
2438 3250 1875 2250 76 78
2438 3250 1875 2250 78 81
2438 3250 1875 2250 81 84
2438 3250 2250 2625 0 3
2438 3250 2250 2625 3 6
2438 3250 2250 2625 6 8
2438 3250 2250 2625 8 11
2438 3250 2250 2625 11 13
2438 3250 2250 2625 13 16
2438 3250 2250 2625 16 19
2438 3250 2250 2625 19 21
2438 3250 2250 2625 21 24
2438 3250 2250 2625 24 26
2438 3250 2250 2625 26 29
2438 3250 2250 2625 29 32
2438 3250 2250 2625 32 34
2438 3250 2250 2625 34 37
2438 3250 2250 2625 37 39
2438 3250 2250 2625 39 42
2438 3250 2250 2625 42 45
2438 3250 2250 2625 45 47
2438 3250 2250 2625 47 50
2438 3250 2250 2625 50 52
2438 3250 2250 2625 52 55
2438 3250 2250 2625 55 58
2438 3250 2250 2625 58 60
2438 3250 2250 2625 60 63
2438 3250 2250 2625 63 65
2438 3250 2250 2625 65 68
2438 3250 2250 2625 68 71
2438 3250 2250 2625 71 73
2438 3250 2250 2625 73 76
2438 3250 2250 2625 76 78
2438 3250 2250 2625 78 81
2438 3250 2250 2625 81 84
2438 3250 2625 3001 0 3
2438 3250 2625 3001 3 6
2438 3250 2625 3001 6 8
2438 3250 2625 3001 8 11
2438 3250 2625 3001 11 13
2438 3250 2625 3001 13 16
2438 3250 2625 3001 16 19
2438 3250 2625 3001 19 21
2438 3250 2625 3001 21 24
2438 3250 2625 3001 24 26
2438 3250 2625 3001 26 29
2438 3250 2625 3001 29 32
2438 3250 2625 3001 32 34
2438 3250 2625 3001 34 37
2438 3250 2625 3001 37 39
2438 3250 2625 3001 39 42
2438 3250 2625 3001 42 45
2438 3250 2625 3001 45 47
2438 3250 2625 3001 47 50
2438 3250 2625 3001 50 52
2438 3250 2625 3001 52 55
2438 3250 2625 3001 55 58
2438 3250 2625 3001 58 60
2438 3250 2625 3001 60 63
2438 3250 2625 3001 63 65
2438 3250 2625 3001 65 68
2438 3250 2625 3001 68 71
2438 3250 2625 3001 71 73
2438 3250 2625 3001 73 76
2438 3250 2625 3001 76 78
2438 3250 2625 3001 78 81
2438 3250 2625 3001 81 84
3250 4063 0 375 0 3
3250 4063 0 375 3 6
3250 4063 0 375 6 8
3250 4063 0 375 8 11
3250 4063 0 375 11 13
3250 4063 0 375 13 16
3250 4063 0 375 16 19
3250 4063 0 375 19 21
3250 4063 0 375 21 24
3250 4063 0 375 24 26
3250 4063 0 375 26 29
3250 4063 0 375 29 32
3250 4063 0 375 32 34
3250 4063 0 375 34 37
3250 4063 0 375 37 39
3250 4063 0 375 39 42
3250 4063 0 375 42 45
3250 4063 0 375 45 47
3250 4063 0 375 47 50
3250 4063 0 375 50 52
3250 4063 0 375 52 55
3250 4063 0 375 55 58
3250 4063 0 375 58 60
3250 4063 0 375 60 63
3250 4063 0 375 63 65
3250 4063 0 375 65 68
3250 4063 0 375 68 71
3250 4063 0 375 71 73
3250 4063 0 375 73 76
3250 4063 0 375 76 78
3250 4063 0 375 78 81
3250 4063 0 375 81 84
3250 4063 375 750 0 3
3250 4063 375 750 3 6
3250 4063 375 750 6 8
3250 4063 375 750 8 11
3250 4063 375 750 11 13
3250 4063 375 750 13 16
3250 4063 375 750 16 19
3250 4063 375 750 19 21
3250 4063 375 750 21 24
3250 4063 375 750 24 26
3250 4063 375 750 26 29
3250 4063 375 750 29 32
3250 4063 375 750 32 34
3250 4063 375 750 34 37
3250 4063 375 750 37 39
3250 4063 375 750 39 42
3250 4063 375 750 42 45
3250 4063 375 750 45 47
3250 4063 375 750 47 50
3250 4063 375 750 50 52
3250 4063 375 750 52 55
3250 4063 375 750 55 58
3250 4063 375 750 58 60
3250 4063 375 750 60 63
3250 4063 375 750 63 65
3250 4063 375 750 65 68
3250 4063 375 750 68 71
3250 4063 375 750 71 73
3250 4063 375 750 73 76
3250 4063 375 750 76 78
3250 4063 375 750 78 81
3250 4063 375 750 81 84
3250 4063 750 1125 0 3
3250 4063 750 1125 3 6
3250 4063 750 1125 6 8
3250 4063 750 1125 8 11
3250 4063 750 1125 11 13
3250 4063 750 1125 13 16
3250 4063 750 1125 16 19
3250 4063 750 1125 19 21
3250 4063 750 1125 21 24
3250 4063 750 1125 24 26
3250 4063 750 1125 26 29
3250 4063 750 1125 29 32
3250 4063 750 1125 32 34
3250 4063 750 1125 34 37
3250 4063 750 1125 37 39
3250 4063 750 1125 39 42
3250 4063 750 1125 42 45
3250 4063 750 1125 45 47
3250 4063 750 1125 47 50
3250 4063 750 1125 50 52
3250 4063 750 1125 52 55
3250 4063 750 1125 55 58
3250 4063 750 1125 58 60
3250 4063 750 1125 60 63
3250 4063 750 1125 63 65
3250 4063 750 1125 65 68
3250 4063 750 1125 68 71
3250 4063 750 1125 71 73
3250 4063 750 1125 73 76
3250 4063 750 1125 76 78
3250 4063 750 1125 78 81
3250 4063 750 1125 81 84
3250 4063 1125 1500 0 3
3250 4063 1125 1500 3 6
3250 4063 1125 1500 6 8
3250 4063 1125 1500 8 11
3250 4063 1125 1500 11 13
3250 4063 1125 1500 13 16
3250 4063 1125 1500 16 19
3250 4063 1125 1500 19 21
3250 4063 1125 1500 21 24
3250 4063 1125 1500 24 26
3250 4063 1125 1500 26 29
3250 4063 1125 1500 29 32
3250 4063 1125 1500 32 34
3250 4063 1125 1500 34 37
3250 4063 1125 1500 37 39
3250 4063 1125 1500 39 42
3250 4063 1125 1500 42 45
3250 4063 1125 1500 45 47
3250 4063 1125 1500 47 50
3250 4063 1125 1500 50 52
3250 4063 1125 1500 52 55
3250 4063 1125 1500 55 58
3250 4063 1125 1500 58 60
3250 4063 1125 1500 60 63
3250 4063 1125 1500 63 65
3250 4063 1125 1500 65 68
3250 4063 1125 1500 68 71
3250 4063 1125 1500 71 73
3250 4063 1125 1500 73 76
3250 4063 1125 1500 76 78
3250 4063 1125 1500 78 81
3250 4063 1125 1500 81 84
3250 4063 1500 1875 0 3
3250 4063 1500 1875 3 6
3250 4063 1500 1875 6 8
3250 4063 1500 1875 8 11
3250 4063 1500 1875 11 13
3250 4063 1500 1875 13 16
3250 4063 1500 1875 16 19
3250 4063 1500 1875 19 21
3250 4063 1500 1875 21 24
3250 4063 1500 1875 24 26
3250 4063 1500 1875 26 29
3250 4063 1500 1875 29 32
3250 4063 1500 1875 32 34
3250 4063 1500 1875 34 37
3250 4063 1500 1875 37 39
3250 4063 1500 1875 39 42
3250 4063 1500 1875 42 45
3250 4063 1500 1875 45 47
3250 4063 1500 1875 47 50
3250 4063 1500 1875 50 52
3250 4063 1500 1875 52 55
3250 4063 1500 1875 55 58
3250 4063 1500 1875 58 60
3250 4063 1500 1875 60 63
3250 4063 1500 1875 63 65
3250 4063 1500 1875 65 68
3250 4063 1500 1875 68 71
3250 4063 1500 1875 71 73
3250 4063 1500 1875 73 76
3250 4063 1500 1875 76 78
3250 4063 1500 1875 78 81
3250 4063 1500 1875 81 84
3250 4063 1875 2250 0 3
3250 4063 1875 2250 3 6
3250 4063 1875 2250 6 8
3250 4063 1875 2250 8 11
3250 4063 1875 2250 11 13
3250 4063 1875 2250 13 16
3250 4063 1875 2250 16 19
3250 4063 1875 2250 19 21
3250 4063 1875 2250 21 24
3250 4063 1875 2250 24 26
3250 4063 1875 2250 26 29
3250 4063 1875 2250 29 32
3250 4063 1875 2250 32 34
3250 4063 1875 2250 34 37
3250 4063 1875 2250 37 39
3250 4063 1875 2250 39 42
3250 4063 1875 2250 42 45
3250 4063 1875 2250 45 47
3250 4063 1875 2250 47 50
3250 4063 1875 2250 50 52
3250 4063 1875 2250 52 55
3250 4063 1875 2250 55 58
3250 4063 1875 2250 58 60
3250 4063 1875 2250 60 63
3250 4063 1875 2250 63 65
3250 4063 1875 2250 65 68
3250 4063 1875 2250 68 71
3250 4063 1875 2250 71 73
3250 4063 1875 2250 73 76
3250 4063 1875 2250 76 78
3250 4063 1875 2250 78 81
3250 4063 1875 2250 81 84
3250 4063 2250 2625 0 3
3250 4063 2250 2625 3 6
3250 4063 2250 2625 6 8
3250 4063 2250 2625 8 11
3250 4063 2250 2625 11 13
3250 4063 2250 2625 13 16
3250 4063 2250 2625 16 19
3250 4063 2250 2625 19 21
3250 4063 2250 2625 21 24
3250 4063 2250 2625 24 26
3250 4063 2250 2625 26 29
3250 4063 2250 2625 29 32
3250 4063 2250 2625 32 34
3250 4063 2250 2625 34 37
3250 4063 2250 2625 37 39
3250 4063 2250 2625 39 42
3250 4063 2250 2625 42 45
3250 4063 2250 2625 45 47
3250 4063 2250 2625 47 50
3250 4063 2250 2625 50 52
3250 4063 2250 2625 52 55
3250 4063 2250 2625 55 58
3250 4063 2250 2625 58 60
3250 4063 2250 2625 60 63
3250 4063 2250 2625 63 65
3250 4063 2250 2625 65 68
3250 4063 2250 2625 68 71
3250 4063 2250 2625 71 73
3250 4063 2250 2625 73 76
3250 4063 2250 2625 76 78
3250 4063 2250 2625 78 81
3250 4063 2250 2625 81 84
3250 4063 2625 3001 0 3
3250 4063 2625 3001 3 6
3250 4063 2625 3001 6 8
3250 4063 2625 3001 8 11
3250 4063 2625 3001 11 13
3250 4063 2625 3001 13 16
3250 4063 2625 3001 16 19
3250 4063 2625 3001 19 21
3250 4063 2625 3001 21 24
3250 4063 2625 3001 24 26
3250 4063 2625 3001 26 29
3250 4063 2625 3001 29 32
3250 4063 2625 3001 32 34
3250 4063 2625 3001 34 37
3250 4063 2625 3001 37 39
3250 4063 2625 3001 39 42
3250 4063 2625 3001 42 45
3250 4063 2625 3001 45 47
3250 4063 2625 3001 47 50
3250 4063 2625 3001 50 52
3250 4063 2625 3001 52 55
3250 4063 2625 3001 55 58
3250 4063 2625 3001 58 60
3250 4063 2625 3001 60 63
3250 4063 2625 3001 63 65
3250 4063 2625 3001 65 68
3250 4063 2625 3001 68 71
3250 4063 2625 3001 71 73
3250 4063 2625 3001 73 76
3250 4063 2625 3001 76 78
3250 4063 2625 3001 78 81
3250 4063 2625 3001 81 84
4063 4875 0 375 0 3
4063 4875 0 375 3 6
4063 4875 0 375 6 8
4063 4875 0 375 8 11
4063 4875 0 375 11 13
4063 4875 0 375 13 16
4063 4875 0 375 16 19
4063 4875 0 375 19 21
4063 4875 0 375 21 24
4063 4875 0 375 24 26
4063 4875 0 375 26 29
4063 4875 0 375 29 32
4063 4875 0 375 32 34
4063 4875 0 375 34 37
4063 4875 0 375 37 39
4063 4875 0 375 39 42
4063 4875 0 375 42 45
4063 4875 0 375 45 47
4063 4875 0 375 47 50
4063 4875 0 375 50 52
4063 4875 0 375 52 55
4063 4875 0 375 55 58
4063 4875 0 375 58 60
4063 4875 0 375 60 63
4063 4875 0 375 63 65
4063 4875 0 375 65 68
4063 4875 0 375 68 71
4063 4875 0 375 71 73
4063 4875 0 375 73 76
4063 4875 0 375 76 78
4063 4875 0 375 78 81
4063 4875 0 375 81 84
4063 4875 375 750 0 3
4063 4875 375 750 3 6
4063 4875 375 750 6 8
4063 4875 375 750 8 11
4063 4875 375 750 11 13
4063 4875 375 750 13 16
4063 4875 375 750 16 19
4063 4875 375 750 19 21
4063 4875 375 750 21 24
4063 4875 375 750 24 26
4063 4875 375 750 26 29
4063 4875 375 750 29 32
4063 4875 375 750 32 34
4063 4875 375 750 34 37
4063 4875 375 750 37 39
4063 4875 375 750 39 42
4063 4875 375 750 42 45
4063 4875 375 750 45 47
4063 4875 375 750 47 50
4063 4875 375 750 50 52
4063 4875 375 750 52 55
4063 4875 375 750 55 58
4063 4875 375 750 58 60
4063 4875 375 750 60 63
4063 4875 375 750 63 65
4063 4875 375 750 65 68
4063 4875 375 750 68 71
4063 4875 375 750 71 73
4063 4875 375 750 73 76
4063 4875 375 750 76 78
4063 4875 375 750 78 81
4063 4875 375 750 81 84
4063 4875 750 1125 0 3
4063 4875 750 1125 3 6
4063 4875 750 1125 6 8
4063 4875 750 1125 8 11
4063 4875 750 1125 11 13
4063 4875 750 1125 13 16
4063 4875 750 1125 16 19
4063 4875 750 1125 19 21
4063 4875 750 1125 21 24
4063 4875 750 1125 24 26
4063 4875 750 1125 26 29
4063 4875 750 1125 29 32
4063 4875 750 1125 32 34
4063 4875 750 1125 34 37
4063 4875 750 1125 37 39
4063 4875 750 1125 39 42
4063 4875 750 1125 42 45
4063 4875 750 1125 45 47
4063 4875 750 1125 47 50
4063 4875 750 1125 50 52
4063 4875 750 1125 52 55
4063 4875 750 1125 55 58
4063 4875 750 1125 58 60
4063 4875 750 1125 60 63
4063 4875 750 1125 63 65
4063 4875 750 1125 65 68
4063 4875 750 1125 68 71
4063 4875 750 1125 71 73
4063 4875 750 1125 73 76
4063 4875 750 1125 76 78
4063 4875 750 1125 78 81
4063 4875 750 1125 81 84
4063 4875 1125 1500 0 3
4063 4875 1125 1500 3 6
4063 4875 1125 1500 6 8
4063 4875 1125 1500 8 11
4063 4875 1125 1500 11 13
4063 4875 1125 1500 13 16
4063 4875 1125 1500 16 19
4063 4875 1125 1500 19 21
4063 4875 1125 1500 21 24
4063 4875 1125 1500 24 26
4063 4875 1125 1500 26 29
4063 4875 1125 1500 29 32
4063 4875 1125 1500 32 34
4063 4875 1125 1500 34 37
4063 4875 1125 1500 37 39
4063 4875 1125 1500 39 42
4063 4875 1125 1500 42 45
4063 4875 1125 1500 45 47
4063 4875 1125 1500 47 50
4063 4875 1125 1500 50 52
4063 4875 1125 1500 52 55
4063 4875 1125 1500 55 58
4063 4875 1125 1500 58 60
4063 4875 1125 1500 60 63
4063 4875 1125 1500 63 65
4063 4875 1125 1500 65 68
4063 4875 1125 1500 68 71
4063 4875 1125 1500 71 73
4063 4875 1125 1500 73 76
4063 4875 1125 1500 76 78
4063 4875 1125 1500 78 81
4063 4875 1125 1500 81 84
4063 4875 1500 1875 0 3
4063 4875 1500 1875 3 6
4063 4875 1500 1875 6 8
4063 4875 1500 1875 8 11
4063 4875 1500 1875 11 13
4063 4875 1500 1875 13 16
4063 4875 1500 1875 16 19
4063 4875 1500 1875 19 21
4063 4875 1500 1875 21 24
4063 4875 1500 1875 24 26
4063 4875 1500 1875 26 29
4063 4875 1500 1875 29 32
4063 4875 1500 1875 32 34
4063 4875 1500 1875 34 37
4063 4875 1500 1875 37 39
4063 4875 1500 1875 39 42
4063 4875 1500 1875 42 45
4063 4875 1500 1875 45 47
4063 4875 1500 1875 47 50
4063 4875 1500 1875 50 52
4063 4875 1500 1875 52 55
4063 4875 1500 1875 55 58
4063 4875 1500 1875 58 60
4063 4875 1500 1875 60 63
4063 4875 1500 1875 63 65
4063 4875 1500 1875 65 68
4063 4875 1500 1875 68 71
4063 4875 1500 1875 71 73
4063 4875 1500 1875 73 76
4063 4875 1500 1875 76 78
4063 4875 1500 1875 78 81
4063 4875 1500 1875 81 84
4063 4875 1875 2250 0 3
4063 4875 1875 2250 3 6
4063 4875 1875 2250 6 8
4063 4875 1875 2250 8 11
4063 4875 1875 2250 11 13
4063 4875 1875 2250 13 16
4063 4875 1875 2250 16 19
4063 4875 1875 2250 19 21
4063 4875 1875 2250 21 24
4063 4875 1875 2250 24 26
4063 4875 1875 2250 26 29
4063 4875 1875 2250 29 32
4063 4875 1875 2250 32 34
4063 4875 1875 2250 34 37
4063 4875 1875 2250 37 39
4063 4875 1875 2250 39 42
4063 4875 1875 2250 42 45
4063 4875 1875 2250 45 47
4063 4875 1875 2250 47 50
4063 4875 1875 2250 50 52
4063 4875 1875 2250 52 55
4063 4875 1875 2250 55 58
4063 4875 1875 2250 58 60
4063 4875 1875 2250 60 63
4063 4875 1875 2250 63 65
4063 4875 1875 2250 65 68
4063 4875 1875 2250 68 71
4063 4875 1875 2250 71 73
4063 4875 1875 2250 73 76
4063 4875 1875 2250 76 78
4063 4875 1875 2250 78 81
4063 4875 1875 2250 81 84
4063 4875 2250 2625 0 3
4063 4875 2250 2625 3 6
4063 4875 2250 2625 6 8
4063 4875 2250 2625 8 11
4063 4875 2250 2625 11 13
4063 4875 2250 2625 13 16
4063 4875 2250 2625 16 19
4063 4875 2250 2625 19 21
4063 4875 2250 2625 21 24
4063 4875 2250 2625 24 26
4063 4875 2250 2625 26 29
4063 4875 2250 2625 29 32
4063 4875 2250 2625 32 34
4063 4875 2250 2625 34 37
4063 4875 2250 2625 37 39
4063 4875 2250 2625 39 42
4063 4875 2250 2625 42 45
4063 4875 2250 2625 45 47
4063 4875 2250 2625 47 50
4063 4875 2250 2625 50 52
4063 4875 2250 2625 52 55
4063 4875 2250 2625 55 58
4063 4875 2250 2625 58 60
4063 4875 2250 2625 60 63
4063 4875 2250 2625 63 65
4063 4875 2250 2625 65 68
4063 4875 2250 2625 68 71
4063 4875 2250 2625 71 73
4063 4875 2250 2625 73 76
4063 4875 2250 2625 76 78
4063 4875 2250 2625 78 81
4063 4875 2250 2625 81 84
4063 4875 2625 3001 0 3
4063 4875 2625 3001 3 6
4063 4875 2625 3001 6 8
4063 4875 2625 3001 8 11
4063 4875 2625 3001 11 13
4063 4875 2625 3001 13 16
4063 4875 2625 3001 16 19
4063 4875 2625 3001 19 21
4063 4875 2625 3001 21 24
4063 4875 2625 3001 24 26
4063 4875 2625 3001 26 29
4063 4875 2625 3001 29 32
4063 4875 2625 3001 32 34
4063 4875 2625 3001 34 37
4063 4875 2625 3001 37 39
4063 4875 2625 3001 39 42
4063 4875 2625 3001 42 45
4063 4875 2625 3001 45 47
4063 4875 2625 3001 47 50
4063 4875 2625 3001 50 52
4063 4875 2625 3001 52 55
4063 4875 2625 3001 55 58
4063 4875 2625 3001 58 60
4063 4875 2625 3001 60 63
4063 4875 2625 3001 63 65
4063 4875 2625 3001 65 68
4063 4875 2625 3001 68 71
4063 4875 2625 3001 71 73
4063 4875 2625 3001 73 76
4063 4875 2625 3001 76 78
4063 4875 2625 3001 78 81
4063 4875 2625 3001 81 84
4875 5688 0 375 0 3
4875 5688 0 375 3 6
4875 5688 0 375 6 8
4875 5688 0 375 8 11
4875 5688 0 375 11 13
4875 5688 0 375 13 16
4875 5688 0 375 16 19
4875 5688 0 375 19 21
4875 5688 0 375 21 24
4875 5688 0 375 24 26
4875 5688 0 375 26 29
4875 5688 0 375 29 32
4875 5688 0 375 32 34
4875 5688 0 375 34 37
4875 5688 0 375 37 39
4875 5688 0 375 39 42
4875 5688 0 375 42 45
4875 5688 0 375 45 47
4875 5688 0 375 47 50
4875 5688 0 375 50 52
4875 5688 0 375 52 55
4875 5688 0 375 55 58
4875 5688 0 375 58 60
4875 5688 0 375 60 63
4875 5688 0 375 63 65
4875 5688 0 375 65 68
4875 5688 0 375 68 71
4875 5688 0 375 71 73
4875 5688 0 375 73 76
4875 5688 0 375 76 78
4875 5688 0 375 78 81
4875 5688 0 375 81 84
4875 5688 375 750 0 3
4875 5688 375 750 3 6
4875 5688 375 750 6 8
4875 5688 375 750 8 11
4875 5688 375 750 11 13
4875 5688 375 750 13 16
4875 5688 375 750 16 19
4875 5688 375 750 19 21
4875 5688 375 750 21 24
4875 5688 375 750 24 26
4875 5688 375 750 26 29
4875 5688 375 750 29 32
4875 5688 375 750 32 34
4875 5688 375 750 34 37
4875 5688 375 750 37 39
4875 5688 375 750 39 42
4875 5688 375 750 42 45
4875 5688 375 750 45 47
4875 5688 375 750 47 50
4875 5688 375 750 50 52
4875 5688 375 750 52 55
4875 5688 375 750 55 58
4875 5688 375 750 58 60
4875 5688 375 750 60 63
4875 5688 375 750 63 65
4875 5688 375 750 65 68
4875 5688 375 750 68 71
4875 5688 375 750 71 73
4875 5688 375 750 73 76
4875 5688 375 750 76 78
4875 5688 375 750 78 81
4875 5688 375 750 81 84
4875 5688 750 1125 0 3
4875 5688 750 1125 3 6
4875 5688 750 1125 6 8
4875 5688 750 1125 8 11
4875 5688 750 1125 11 13
4875 5688 750 1125 13 16
4875 5688 750 1125 16 19
4875 5688 750 1125 19 21
4875 5688 750 1125 21 24
4875 5688 750 1125 24 26
4875 5688 750 1125 26 29
4875 5688 750 1125 29 32
4875 5688 750 1125 32 34
4875 5688 750 1125 34 37
4875 5688 750 1125 37 39
4875 5688 750 1125 39 42
4875 5688 750 1125 42 45
4875 5688 750 1125 45 47
4875 5688 750 1125 47 50
4875 5688 750 1125 50 52
4875 5688 750 1125 52 55
4875 5688 750 1125 55 58
4875 5688 750 1125 58 60
4875 5688 750 1125 60 63
4875 5688 750 1125 63 65
4875 5688 750 1125 65 68
4875 5688 750 1125 68 71
4875 5688 750 1125 71 73
4875 5688 750 1125 73 76
4875 5688 750 1125 76 78
4875 5688 750 1125 78 81
4875 5688 750 1125 81 84
4875 5688 1125 1500 0 3
4875 5688 1125 1500 3 6
4875 5688 1125 1500 6 8
4875 5688 1125 1500 8 11
4875 5688 1125 1500 11 13
4875 5688 1125 1500 13 16
4875 5688 1125 1500 16 19
4875 5688 1125 1500 19 21
4875 5688 1125 1500 21 24
4875 5688 1125 1500 24 26
4875 5688 1125 1500 26 29
4875 5688 1125 1500 29 32
4875 5688 1125 1500 32 34
4875 5688 1125 1500 34 37
4875 5688 1125 1500 37 39
4875 5688 1125 1500 39 42
4875 5688 1125 1500 42 45
4875 5688 1125 1500 45 47
4875 5688 1125 1500 47 50
4875 5688 1125 1500 50 52
4875 5688 1125 1500 52 55
4875 5688 1125 1500 55 58
4875 5688 1125 1500 58 60
4875 5688 1125 1500 60 63
4875 5688 1125 1500 63 65
4875 5688 1125 1500 65 68
4875 5688 1125 1500 68 71
4875 5688 1125 1500 71 73
4875 5688 1125 1500 73 76
4875 5688 1125 1500 76 78
4875 5688 1125 1500 78 81
4875 5688 1125 1500 81 84
4875 5688 1500 1875 0 3
4875 5688 1500 1875 3 6
4875 5688 1500 1875 6 8
4875 5688 1500 1875 8 11
4875 5688 1500 1875 11 13
4875 5688 1500 1875 13 16
4875 5688 1500 1875 16 19
4875 5688 1500 1875 19 21
4875 5688 1500 1875 21 24
4875 5688 1500 1875 24 26
4875 5688 1500 1875 26 29
4875 5688 1500 1875 29 32
4875 5688 1500 1875 32 34
4875 5688 1500 1875 34 37
4875 5688 1500 1875 37 39
4875 5688 1500 1875 39 42
4875 5688 1500 1875 42 45
4875 5688 1500 1875 45 47
4875 5688 1500 1875 47 50
4875 5688 1500 1875 50 52
4875 5688 1500 1875 52 55
4875 5688 1500 1875 55 58
4875 5688 1500 1875 58 60
4875 5688 1500 1875 60 63
4875 5688 1500 1875 63 65
4875 5688 1500 1875 65 68
4875 5688 1500 1875 68 71
4875 5688 1500 1875 71 73
4875 5688 1500 1875 73 76
4875 5688 1500 1875 76 78
4875 5688 1500 1875 78 81
4875 5688 1500 1875 81 84
4875 5688 1875 2250 0 3
4875 5688 1875 2250 3 6
4875 5688 1875 2250 6 8
4875 5688 1875 2250 8 11
4875 5688 1875 2250 11 13
4875 5688 1875 2250 13 16
4875 5688 1875 2250 16 19
4875 5688 1875 2250 19 21
4875 5688 1875 2250 21 24
4875 5688 1875 2250 24 26
4875 5688 1875 2250 26 29
4875 5688 1875 2250 29 32
4875 5688 1875 2250 32 34
4875 5688 1875 2250 34 37
4875 5688 1875 2250 37 39
4875 5688 1875 2250 39 42
4875 5688 1875 2250 42 45
4875 5688 1875 2250 45 47
4875 5688 1875 2250 47 50
4875 5688 1875 2250 50 52
4875 5688 1875 2250 52 55
4875 5688 1875 2250 55 58
4875 5688 1875 2250 58 60
4875 5688 1875 2250 60 63
4875 5688 1875 2250 63 65
4875 5688 1875 2250 65 68
4875 5688 1875 2250 68 71
4875 5688 1875 2250 71 73
4875 5688 1875 2250 73 76
4875 5688 1875 2250 76 78
4875 5688 1875 2250 78 81
4875 5688 1875 2250 81 84
4875 5688 2250 2625 0 3
4875 5688 2250 2625 3 6
4875 5688 2250 2625 6 8
4875 5688 2250 2625 8 11
4875 5688 2250 2625 11 13
4875 5688 2250 2625 13 16
4875 5688 2250 2625 16 19
4875 5688 2250 2625 19 21
4875 5688 2250 2625 21 24
4875 5688 2250 2625 24 26
4875 5688 2250 2625 26 29
4875 5688 2250 2625 29 32
4875 5688 2250 2625 32 34
4875 5688 2250 2625 34 37
4875 5688 2250 2625 37 39
4875 5688 2250 2625 39 42
4875 5688 2250 2625 42 45
4875 5688 2250 2625 45 47
4875 5688 2250 2625 47 50
4875 5688 2250 2625 50 52
4875 5688 2250 2625 52 55
4875 5688 2250 2625 55 58
4875 5688 2250 2625 58 60
4875 5688 2250 2625 60 63
4875 5688 2250 2625 63 65
4875 5688 2250 2625 65 68
4875 5688 2250 2625 68 71
4875 5688 2250 2625 71 73
4875 5688 2250 2625 73 76
4875 5688 2250 2625 76 78
4875 5688 2250 2625 78 81
4875 5688 2250 2625 81 84
4875 5688 2625 3001 0 3
4875 5688 2625 3001 3 6
4875 5688 2625 3001 6 8
4875 5688 2625 3001 8 11
4875 5688 2625 3001 11 13
4875 5688 2625 3001 13 16
4875 5688 2625 3001 16 19
4875 5688 2625 3001 19 21
4875 5688 2625 3001 21 24
4875 5688 2625 3001 24 26
4875 5688 2625 3001 26 29
4875 5688 2625 3001 29 32
4875 5688 2625 3001 32 34
4875 5688 2625 3001 34 37
4875 5688 2625 3001 37 39
4875 5688 2625 3001 39 42
4875 5688 2625 3001 42 45
4875 5688 2625 3001 45 47
4875 5688 2625 3001 47 50
4875 5688 2625 3001 50 52
4875 5688 2625 3001 52 55
4875 5688 2625 3001 55 58
4875 5688 2625 3001 58 60
4875 5688 2625 3001 60 63
4875 5688 2625 3001 63 65
4875 5688 2625 3001 65 68
4875 5688 2625 3001 68 71
4875 5688 2625 3001 71 73
4875 5688 2625 3001 73 76
4875 5688 2625 3001 76 78
4875 5688 2625 3001 78 81
4875 5688 2625 3001 81 84
5688 6501 0 375 0 3
5688 6501 0 375 3 6
5688 6501 0 375 6 8
5688 6501 0 375 8 11
5688 6501 0 375 11 13
5688 6501 0 375 13 16
5688 6501 0 375 16 19
5688 6501 0 375 19 21
5688 6501 0 375 21 24
5688 6501 0 375 24 26
5688 6501 0 375 26 29
5688 6501 0 375 29 32
5688 6501 0 375 32 34
5688 6501 0 375 34 37
5688 6501 0 375 37 39
5688 6501 0 375 39 42
5688 6501 0 375 42 45
5688 6501 0 375 45 47
5688 6501 0 375 47 50
5688 6501 0 375 50 52
5688 6501 0 375 52 55
5688 6501 0 375 55 58
5688 6501 0 375 58 60
5688 6501 0 375 60 63
5688 6501 0 375 63 65
5688 6501 0 375 65 68
5688 6501 0 375 68 71
5688 6501 0 375 71 73
5688 6501 0 375 73 76
5688 6501 0 375 76 78
5688 6501 0 375 78 81
5688 6501 0 375 81 84
5688 6501 375 750 0 3
5688 6501 375 750 3 6
5688 6501 375 750 6 8
5688 6501 375 750 8 11
5688 6501 375 750 11 13
5688 6501 375 750 13 16
5688 6501 375 750 16 19
5688 6501 375 750 19 21
5688 6501 375 750 21 24
5688 6501 375 750 24 26
5688 6501 375 750 26 29
5688 6501 375 750 29 32
5688 6501 375 750 32 34
5688 6501 375 750 34 37
5688 6501 375 750 37 39
5688 6501 375 750 39 42
5688 6501 375 750 42 45
5688 6501 375 750 45 47
5688 6501 375 750 47 50
5688 6501 375 750 50 52
5688 6501 375 750 52 55
5688 6501 375 750 55 58
5688 6501 375 750 58 60
5688 6501 375 750 60 63
5688 6501 375 750 63 65
5688 6501 375 750 65 68
5688 6501 375 750 68 71
5688 6501 375 750 71 73
5688 6501 375 750 73 76
5688 6501 375 750 76 78
5688 6501 375 750 78 81
5688 6501 375 750 81 84
5688 6501 750 1125 0 3
5688 6501 750 1125 3 6
5688 6501 750 1125 6 8
5688 6501 750 1125 8 11
5688 6501 750 1125 11 13
5688 6501 750 1125 13 16
5688 6501 750 1125 16 19
5688 6501 750 1125 19 21
5688 6501 750 1125 21 24
5688 6501 750 1125 24 26
5688 6501 750 1125 26 29
5688 6501 750 1125 29 32
5688 6501 750 1125 32 34
5688 6501 750 1125 34 37
5688 6501 750 1125 37 39
5688 6501 750 1125 39 42
5688 6501 750 1125 42 45
5688 6501 750 1125 45 47
5688 6501 750 1125 47 50
5688 6501 750 1125 50 52
5688 6501 750 1125 52 55
5688 6501 750 1125 55 58
5688 6501 750 1125 58 60
5688 6501 750 1125 60 63
5688 6501 750 1125 63 65
5688 6501 750 1125 65 68
5688 6501 750 1125 68 71
5688 6501 750 1125 71 73
5688 6501 750 1125 73 76
5688 6501 750 1125 76 78
5688 6501 750 1125 78 81
5688 6501 750 1125 81 84
5688 6501 1125 1500 0 3
5688 6501 1125 1500 3 6
5688 6501 1125 1500 6 8
5688 6501 1125 1500 8 11
5688 6501 1125 1500 11 13
5688 6501 1125 1500 13 16
5688 6501 1125 1500 16 19
5688 6501 1125 1500 19 21
5688 6501 1125 1500 21 24
5688 6501 1125 1500 24 26
5688 6501 1125 1500 26 29
5688 6501 1125 1500 29 32
5688 6501 1125 1500 32 34
5688 6501 1125 1500 34 37
5688 6501 1125 1500 37 39
5688 6501 1125 1500 39 42
5688 6501 1125 1500 42 45
5688 6501 1125 1500 45 47
5688 6501 1125 1500 47 50
5688 6501 1125 1500 50 52
5688 6501 1125 1500 52 55
5688 6501 1125 1500 55 58
5688 6501 1125 1500 58 60
5688 6501 1125 1500 60 63
5688 6501 1125 1500 63 65
5688 6501 1125 1500 65 68
5688 6501 1125 1500 68 71
5688 6501 1125 1500 71 73
5688 6501 1125 1500 73 76
5688 6501 1125 1500 76 78
5688 6501 1125 1500 78 81
5688 6501 1125 1500 81 84
5688 6501 1500 1875 0 3
5688 6501 1500 1875 3 6
5688 6501 1500 1875 6 8
5688 6501 1500 1875 8 11
5688 6501 1500 1875 11 13
5688 6501 1500 1875 13 16
5688 6501 1500 1875 16 19
5688 6501 1500 1875 19 21
5688 6501 1500 1875 21 24
5688 6501 1500 1875 24 26
5688 6501 1500 1875 26 29
5688 6501 1500 1875 29 32
5688 6501 1500 1875 32 34
5688 6501 1500 1875 34 37
5688 6501 1500 1875 37 39
5688 6501 1500 1875 39 42
5688 6501 1500 1875 42 45
5688 6501 1500 1875 45 47
5688 6501 1500 1875 47 50
5688 6501 1500 1875 50 52
5688 6501 1500 1875 52 55
5688 6501 1500 1875 55 58
5688 6501 1500 1875 58 60
5688 6501 1500 1875 60 63
5688 6501 1500 1875 63 65
5688 6501 1500 1875 65 68
5688 6501 1500 1875 68 71
5688 6501 1500 1875 71 73
5688 6501 1500 1875 73 76
5688 6501 1500 1875 76 78
5688 6501 1500 1875 78 81
5688 6501 1500 1875 81 84
5688 6501 1875 2250 0 3
5688 6501 1875 2250 3 6
5688 6501 1875 2250 6 8
5688 6501 1875 2250 8 11
5688 6501 1875 2250 11 13
5688 6501 1875 2250 13 16
5688 6501 1875 2250 16 19
5688 6501 1875 2250 19 21
5688 6501 1875 2250 21 24
5688 6501 1875 2250 24 26
5688 6501 1875 2250 26 29
5688 6501 1875 2250 29 32
5688 6501 1875 2250 32 34
5688 6501 1875 2250 34 37
5688 6501 1875 2250 37 39
5688 6501 1875 2250 39 42
5688 6501 1875 2250 42 45
5688 6501 1875 2250 45 47
5688 6501 1875 2250 47 50
5688 6501 1875 2250 50 52
5688 6501 1875 2250 52 55
5688 6501 1875 2250 55 58
5688 6501 1875 2250 58 60
5688 6501 1875 2250 60 63
5688 6501 1875 2250 63 65
5688 6501 1875 2250 65 68
5688 6501 1875 2250 68 71
5688 6501 1875 2250 71 73
5688 6501 1875 2250 73 76
5688 6501 1875 2250 76 78
5688 6501 1875 2250 78 81
5688 6501 1875 2250 81 84
5688 6501 2250 2625 0 3
5688 6501 2250 2625 3 6
5688 6501 2250 2625 6 8
5688 6501 2250 2625 8 11
5688 6501 2250 2625 11 13
5688 6501 2250 2625 13 16
5688 6501 2250 2625 16 19
5688 6501 2250 2625 19 21
5688 6501 2250 2625 21 24
5688 6501 2250 2625 24 26
5688 6501 2250 2625 26 29
5688 6501 2250 2625 29 32
5688 6501 2250 2625 32 34
5688 6501 2250 2625 34 37
5688 6501 2250 2625 37 39
5688 6501 2250 2625 39 42
5688 6501 2250 2625 42 45
5688 6501 2250 2625 45 47
5688 6501 2250 2625 47 50
5688 6501 2250 2625 50 52
5688 6501 2250 2625 52 55
5688 6501 2250 2625 55 58
5688 6501 2250 2625 58 60
5688 6501 2250 2625 60 63
5688 6501 2250 2625 63 65
5688 6501 2250 2625 65 68
5688 6501 2250 2625 68 71
5688 6501 2250 2625 71 73
5688 6501 2250 2625 73 76
5688 6501 2250 2625 76 78
5688 6501 2250 2625 78 81
5688 6501 2250 2625 81 84
5688 6501 2625 3001 0 3
5688 6501 2625 3001 3 6
5688 6501 2625 3001 6 8
5688 6501 2625 3001 8 11
5688 6501 2625 3001 11 13
5688 6501 2625 3001 13 16
5688 6501 2625 3001 16 19
5688 6501 2625 3001 19 21
5688 6501 2625 3001 21 24
5688 6501 2625 3001 24 26
5688 6501 2625 3001 26 29
5688 6501 2625 3001 29 32
5688 6501 2625 3001 32 34
5688 6501 2625 3001 34 37
5688 6501 2625 3001 37 39
5688 6501 2625 3001 39 42
5688 6501 2625 3001 42 45
5688 6501 2625 3001 45 47
5688 6501 2625 3001 47 50
5688 6501 2625 3001 50 52
5688 6501 2625 3001 52 55
5688 6501 2625 3001 55 58
5688 6501 2625 3001 58 60
5688 6501 2625 3001 60 63
5688 6501 2625 3001 63 65
5688 6501 2625 3001 65 68
5688 6501 2625 3001 68 71
5688 6501 2625 3001 71 73
5688 6501 2625 3001 73 76
5688 6501 2625 3001 76 78
5688 6501 2625 3001 78 81
5688 6501 2625 3001 81 84
