2052
5688 6501 2250 2625 31 42
406 812 1687 1875 52 57
5484 5688 1968 2062 78 81
4875 5688 1125 1500 63 73
812 1218 1687 1875 57 63
5484 5688 1968 2062 75 78
4875 5281 1500 1687 36 42
4468 4875 2062 2250 31 36
406 812 1687 1875 57 63
4062 4875 750 1125 73 84
4468 4875 2062 2250 63 68
3250 3656 1312 1500 36 42
1015 1218 1406 1500 49 52
812 1218 1312 1500 68 73
4062 4468 2062 2250 73 78
4875 5688 2250 2625 42 52
4875 5281 1875 2062 57 63
1625 2437 1875 2250 52 63
3250 4062 1500 1875 21 31
4875 5281 1500 1687 42 47
5688 6094 2062 2250 57 63
2437 3250 1875 2250 52 63
5281 5688 2062 2250 21 26
1218 1625 1312 1500 36 42
3250 3656 937 1125 26 31
4875 5688 1500 1875 0 10
2437 3250 1125 1500 52 63
3250 4062 1875 2250 63 73
1625 2437 1125 1500 10 21
4875 5688 2250 2625 52 63
4875 5281 562 750 52 57
812 1218 1312 1500 31 36
406 812 1687 1875 47 52
3250 4062 1875 2250 73 84
1015 1218 1312 1406 54 57
5281 5688 1875 2062 5 10
3250 4062 1500 1875 63 73
1625 2437 1875 2250 42 52
5281 5688 1687 1875 52 57
5281 5688 2062 2250 15 21
4875 6501 750 1500 0 21
3250 3656 1312 1500 42 47
2437 3250 1500 1875 31 42
1015 1218 1406 1500 54 57
0 812 2625 3001 42 52
2843 3250 937 1125 47 52
4062 4875 1125 1500 0 10
1625 2031 1312 1500 47 52
0 812 1500 1875 31 42
4062 4875 750 1125 10 21
5484 5688 1968 2062 33 36
4875 5688 750 1125 31 42
812 1625 2625 3001 52 63
5281 5688 1687 1875 47 52
5281 5688 1875 2062 10 15
5484 5688 2062 2156 33 36
1625 3250 0 750 42 63
3250 3656 750 937 42 47
4062 4875 2250 2625 10 21
4062 4468 2062 2250 68 73
4875 5688 2250 2625 31 42
3250 3656 937 1125 57 63
4875 5281 1687 1875 52 57
5688 6094 2062 2250 63 68
4468 4875 1312 1500 68 73
812 1218 1312 1500 73 78
4468 4875 1312 1500 31 36
1625 2031 1312 1500 31 36
4875 5281 1875 2062 31 36
5688 6094 2062 2250 73 78
4875 5688 750 1125 52 63
1015 1218 1312 1406 52 54
5281 5688 1687 1875 57 63
5484 5688 2062 2156 65 68
4062 4875 1500 1875 0 10
5484 5688 2062 2156 42 44
2437 3250 750 1125 21 31
4875 5281 1687 1875 47 52
5484 5688 1968 2062 42 44
4468 4875 750 937 31 36
3250 4875 0 750 63 84
5484 5688 1968 2062 65 68
1015 1218 1406 1500 52 54
1218 1421 1312 1406 49 52
4875 5688 375 750 21 31
4468 4875 1500 1687 47 52
4062 4468 937 1125 47 52
4468 4875 1125 1312 47 52
3250 3656 750 937 36 42
2437 3250 1125 1500 21 31
4875 5281 1312 1500 47 52
3250 4062 2250 2625 63 73
1015 1218 1312 1406 57 60
1625 2437 1125 1500 63 73
4875 5281 1500 1687 31 36
4062 4468 2062 2250 26 31
5688 6094 2062 2250 31 36
4468 4875 2062 2250 26 31
4062 4468 1875 2062 47 52
5484 5688 2062 2156 63 65
3250 4062 1125 1500 0 10
1015 1218 1406 1500 57 60
4062 4468 2062 2250 78 84
3250 3656 937 1125 63 68
4875 5688 375 750 63 73
5281 5688 1687 1875 36 42
5484 5688 1968 2062 63 65
5688 6501 2250 2625 63 73
4875 5281 1687 1875 57 63
4468 4875 1875 2062 31 36
4062 4468 937 1125 42 47
0 812 2250 2625 63 73
4468 4875 1500 1687 52 57
4468 4875 750 937 57 63
5484 5688 2062 2156 70 73
812 1625 1875 2250 52 63
812 1625 2625 3001 63 73
3250 3656 937 1125 73 78
3250 3656 750 937 47 52
4875 5281 1500 1687 63 68
4062 4468 2250 2437 47 52
5688 6501 1875 2250 10 21
4062 4468 1875 2062 36 42
5688 6094 2062 2250 78 84
1015 1218 1312 1406 47 49
4468 4875 1875 2062 63 68
812 1218 1312 1500 26 31
4875 5281 1312 1500 52 57
4875 5281 1312 1500 42 47
4062 4468 1875 2062 42 47
3250 3656 937 1125 68 73
4062 4468 1500 1687 47 52
1625 2031 1125 1312 36 42
1218 1421 1312 1406 54 57
5484 5688 1968 2062 70 73
1015 1218 1312 1406 60 63
4875 5281 1687 1875 36 42
5281 5688 1875 2062 0 5
1015 1218 1406 1500 47 49
5281 5484 1875 1968 49 52
812 1218 1500 1687 52 57
5484 5688 2062 2156 73 75
4468 4875 1500 1687 36 42
4875 5281 2062 2250 47 52
3250 3656 1312 1500 47 52
5281 5688 1687 1875 42 47
4062 4468 2250 2437 52 57
4875 5281 1312 1500 57 63
3250 3656 937 1125 15 21
3250 3656 937 1125 78 84
1015 1218 1312 1406 44 47
0 812 1500 1875 73 84
406 812 1687 1875 63 68
812 1218 1687 1875 42 47
4468 4875 1500 1687 42 47
812 1625 1875 2250 42 52
3250 4062 1500 1875 73 84
812 1218 1500 1687 47 52
3250 4062 1875 2250 10 21
4468 4875 1125 1312 52 57
4062 4468 2250 2437 57 63
3250 3656 937 1125 21 26
3250 3656 1125 1312 52 57
1015 1218 1406 1500 44 47
4468 4875 1125 1312 42 47
3250 4062 2250 2625 73 84
1015 1218 1406 1500 60 63
5688 6094 2062 2250 68 73
1625 2031 1312 1500 52 57
4062 4468 1875 2062 52 57
5688 6094 2250 2437 47 52
0 812 1500 1875 21 31
5484 5688 1968 2062 73 75
4468 4875 2062 2250 68 73
3250 3656 1125 1312 26 31
4875 5281 562 750 57 63
0 812 2625 3001 73 84
4875 5281 1687 1875 42 47
812 1625 1500 1875 0 10
4875 5281 1875 2062 73 78
5281 5688 2062 2250 5 10
3656 4062 937 1125 47 52
3250 4062 2250 2625 21 31
4062 4468 1500 1687 52 57
3250 4062 1500 1875 10 21
3250 3453 1218 1312 39 42
4468 4875 1312 1500 73 78
406 812 1687 1875 42 47
4875 5281 1312 1500 36 42
5688 6501 2250 2625 73 84
406 812 2625 2813 57 63
4468 4875 2250 2437 57 63
1218 1421 1312 1406 52 54
4468 4875 1875 2062 73 78
4875 5281 1875 2062 63 68
406 812 2437 2625 57 63
4875 6501 0 750 0 21
5281 5484 1875 1968 54 57
4468 4875 2062 2250 73 78
4468 4875 1125 1312 57 63
4468 4875 1500 1687 57 63
4875 5281 2062 2250 52 57
4875 5688 1125 1500 21 31
1625 2031 1125 1312 42 47
4875 5281 2062 2250 36 42
4875 5281 1500 1687 26 31
5484 5688 2062 2156 81 84
4062 4468 2062 2250 21 26
2437 3250 1875 2250 31 42
1218 1625 1500 1687 47 52
4468 4875 1312 1500 26 31
4062 4468 2250 2437 36 42
4875 5281 1875 2062 26 31
812 1218 1687 1875 63 68
1218 1421 1312 1406 57 60
0 812 1500 1875 10 21
1218 1625 1125 1312 47 52
4062 4468 1500 1687 42 47
1218 1625 1125 1312 52 57
4875 5281 562 750 31 36
4062 4468 937 1125 52 57
4062 4468 2062 2250 15 21
1625 3250 0 750 21 42
3250 3656 1312 1500 31 36
5281 5688 2062 2250 10 15
2437 3250 750 1125 63 73
1625 2437 1875 2250 63 73
4062 4468 1875 2062 57 63
812 1625 2625 3001 42 52
1218 1625 1312 1500 68 73
4468 4875 1875 2062 26 31
5484 5688 1968 2062 81 84
5281 5484 1875 1968 52 54
1625 2031 1312 1500 26 31
4062 4468 2250 2437 42 47
2843 3250 1125 1312 36 42
5688 6094 2062 2250 26 31
4062 4875 2250 2625 0 10
4875 5281 2062 2250 42 47
4468 4875 937 1125 47 52
4468 4875 1125 1312 36 42
5484 5688 1968 2062 28 31
1218 1625 1500 1687 52 57
5484 5688 2062 2156 28 31
406 812 2437 2625 52 57
3656 4062 937 1125 52 57
812 1218 1312 1500 78 84
1218 1625 1312 1500 31 36
2843 3250 750 937 42 47
5484 5688 2062 2156 68 70
1218 1421 1312 1406 60 63
1218 1421 1312 1406 47 49
4062 4468 1500 1687 36 42
4062 4468 1312 1500 47 52
3250 3453 1218 1312 44 47
812 1218 1312 1500 15 21
5281 5484 1875 1968 39 42
4875 5281 2062 2250 31 36
2843 3250 1125 1312 42 47
4875 5281 1875 2062 68 73
406 812 2625 2813 63 68
812 1218 1500 1687 57 63
4062 4468 1500 1687 57 63
406 812 2437 2625 47 52
0 812 2250 2625 31 42
0 812 2625 3001 31 42
4875 5281 1687 1875 31 36
2437 3250 750 1125 10 21
1625 2031 1125 1312 47 52
5484 5688 1968 2062 68 70
4468 4875 937 1125 42 47
4468 4875 562 750 36 42
1218 1421 1312 1406 44 47
2843 3250 750 937 36 42
5688 6094 2250 2437 42 47
3250 3453 1218 1312 36 39
5484 5688 1968 2062 31 33
812 1218 1312 1500 21 26
5688 6094 2250 2437 52 57
1625 2437 1875 2250 31 42
5484 5688 2062 2156 31 33
1218 1625 1125 1312 57 63
4468 4875 2062 2250 21 26
4468 4875 562 750 47 52
1218 1421 1406 1500 49 52
4062 4468 937 1125 36 42
4875 5688 2250 2625 63 73
812 1625 2250 2625 52 63
4468 4875 1687 1875 52 57
4468 4875 562 750 42 47
812 1218 1312 1500 10 15
5688 6501 1875 2250 0 10
4468 4875 1687 1875 57 63
5281 5484 1875 1968 44 47
2437 2843 1875 2062 47 52
5281 5688 2062 2250 0 5
5281 5688 1687 1875 31 36
4468 4875 1687 1875 47 52
5281 5484 1875 1968 36 39
2843 3250 937 1125 52 57
4875 5281 1875 2062 78 84
5281 5688 1687 1875 63 68
2437 3250 1500 1875 52 63
1218 1625 1500 1687 42 47
4062 4468 2250 2437 63 68
2437 3250 1125 1500 63 73
5281 5484 1875 1968 57 60
4062 4875 750 1125 0 10
3250 3453 1218 1312 42 44
4468 4875 937 1125 36 42
4468 4875 1875 2062 68 73
4062 4468 1687 1875 47 52
2437 3250 1125 1500 10 21
4062 4468 937 1125 57 63
4468 4875 2250 2437 63 68
3250 3656 937 1125 10 15
1625 3250 2250 3001 42 63
4062 4468 1312 1500 42 47
5688 6501 2250 2625 21 31
1218 1625 1312 1500 73 78
4875 5078 562 656 44 47
1625 2437 1125 1500 73 84
4468 4875 1875 2062 78 84
3250 3656 1500 1687 42 47
1625 2437 1500 1875 42 52
3250 3656 1500 1687 36 42
4875 5688 375 750 73 84
4062 4468 1875 2062 31 36
4468 4875 937 1125 52 57
4875 5688 2250 2625 73 84
4062 4468 1312 1500 52 57
812 1218 1312 1500 5 10
4468 4875 2250 2437 52 57
4468 4875 750 937 26 31
3656 4062 937 1125 42 47
4062 4468 1312 1500 36 42
4468 4875 562 750 52 57
3250 3453 937 1031 39 42
3250 3656 937 1125 5 10
1218 1421 1406 1500 54 57
5281 5484 1875 1968 47 49
5688 6094 2062 2250 21 26
4468 4875 2250 2437 36 42
1625 2031 1125 1312 31 36
1015 1218 1312 1406 65 68
4468 4875 2062 2250 15 21
4875 5078 562 656 49 52
4875 5281 2062 2250 57 63
2437 3250 1875 2250 63 73
5688 6094 2250 2437 57 63
2437 3250 750 1125 73 84
4468 4875 1687 1875 36 42
4875 5281 1687 1875 63 68
406 812 2625 2813 52 57
4062 4468 2250 2437 31 36
5281 5484 1968 2062 49 52
3250 4062 375 750 42 52
4062 4468 1687 1875 52 57
2843 3250 937 1125 31 36
2843 3250 750 937 47 52
4062 4468 1687 1875 57 63
812 1218 1500 1687 42 47
4875 5281 750 937 42 47
4062 4468 1687 1875 36 42
1625 2031 1312 1500 57 63
3250 3656 1500 1687 47 52
4468 4875 750 937 63 68
1015 1218 1312 1406 63 65
4468 4875 1500 1687 31 36
4875 5281 750 937 47 52
4468 4875 1125 1312 63 68
812 1625 2250 2625 42 52
4875 5688 2250 2625 21 31
4062 4468 1687 1875 42 47
4468 4875 2062 2250 78 84
2843 3250 1312 1500 36 42
812 1218 1687 1875 36 42
4468 4875 2250 2437 47 52
406 812 1687 1875 68 73
1625 2437 1125 1500 0 10
0 812 2250 2625 73 84
1015 1218 1406 1500 65 68
4062 4875 375 750 21 31
4468 4875 1687 1875 42 47
3250 3453 1218 1312 33 36
4468 4875 1875 2062 21 26
4875 5281 1875 2062 21 26
4062 4265 2156 2250 49 52
4875 5281 375 562 47 52
5281 5484 1875 1968 60 63
3250 3453 937 1031 44 47
4468 4875 2250 2437 31 36
4875 5281 1500 1687 68 73
3656 4062 937 1125 57 63
4875 5281 375 562 42 47
1015 1218 1406 1500 63 65
4468 4875 1500 1687 63 68
5281 5484 1875 1968 33 36
1218 1421 1406 1500 52 54
3250 4062 1875 2250 0 10
3250 4062 2250 2625 10 21
1218 1625 1312 1500 26 31
2843 3250 1312 1500 42 47
4875 5281 2062 2250 26 31
1015 1218 1312 1406 39 42
1218 1625 1500 1687 57 63
3250 3656 1125 1312 57 63
2437 3250 1125 1500 73 84
2843 3250 1125 1312 47 52
4468 4875 937 1125 57 63
1218 1421 1406 1500 57 60
3250 4875 0 750 0 21
3250 4062 1500 1875 0 10
5281 5688 1687 1875 73 78
4875 5281 1687 1875 26 31
4875 5281 1500 1687 21 26
4875 5281 1312 1500 31 36
406 812 2625 2813 68 73
1218 1625 1125 1312 42 47
5281 5484 1875 1968 42 44
4875 5281 1687 1875 73 78
1015 1218 1406 1500 39 42
1625 2031 1125 1312 52 57
5281 5484 1968 2062 39 42
3250 3656 1125 1312 15 21
3250 3656 1312 1500 52 57
4062 4468 1125 1312 47 52
1015 1218 1312 1406 42 44
2437 3250 1875 2250 73 84
4875 5281 1875 2062 15 21
4875 5688 1125 1500 73 84
4875 5078 562 656 47 49
4062 4468 1500 1687 31 36
3046 3250 937 1031 39 42
4062 4468 1875 2062 63 68
4062 4468 1312 1500 57 63
812 1625 2625 3001 31 42
5281 5484 1968 2062 54 57
3250 3656 1687 1875 36 42
3250 3656 1875 2062 42 47
3250 3453 1218 1312 47 49
1015 1218 1406 1500 42 44
4671 4875 750 843 44 47
3250 3453 937 1031 36 39
4468 4875 562 750 57 63
3250 3453 1218 1312 49 52
5281 5484 1968 2062 36 39
3250 3656 1875 2062 47 52
3453 3656 937 1031 39 42
2437 3250 750 1125 0 10
1218 1625 1500 1687 36 42
3453 3656 937 1031 44 47
3250 3453 937 1031 49 52
4062 4468 2250 2437 73 78
406 812 2437 2625 42 47
4875 5078 562 656 39 42
4875 5281 1500 1687 73 78
4468 4875 1875 2062 15 21
3250 3656 750 937 52 57
0 812 2625 3001 21 31
4062 4468 937 1125 63 68
812 1625 2625 3001 73 84
4468 4875 1312 1500 78 84
5484 5688 1968 2062 23 26
4671 4875 750 843 49 52
3250 3656 1687 1875 42 47
1625 2437 1875 2250 73 84
1218 1421 1406 1500 60 63
5281 5484 1968 2062 52 54
3250 3453 937 1031 42 44
4062 4468 1125 1312 42 47
1625 2437 1500 1875 31 42
3656 4062 937 1125 36 42
4468 4875 1312 1500 21 26
5281 5688 1687 1875 68 73
4062 4468 2062 2250 5 10
4468 4875 2250 2437 42 47
3250 3656 1125 1312 21 26
3046 3250 937 1031 44 47
3250 3453 937 1031 47 49
1218 1421 1406 1500 47 49
1218 1421 1312 1406 63 65
3250 3656 750 937 31 36
1218 1421 1312 1406 65 68
3250 3656 1875 2062 36 42
4875 5281 1500 1687 15 21
1625 2031 1312 1500 21 26
4468 4671 1312 1406 49 52
5484 5688 2062 2156 26 28
4468 4875 1125 1312 31 36
5281 5688 1687 1875 26 31
4468 4875 1687 1875 63 68
5484 5688 1968 2062 26 28
3250 3656 1125 1312 63 68
4875 5281 1687 1875 68 73
0 812 2250 2625 21 31
3250 3656 1312 1500 26 31
1625 2437 1500 1875 52 63
4062 4468 2250 2437 68 73
1218 1421 1406 1500 44 47
1218 1625 1312 1500 78 84
5281 5484 1875 1968 75 78
4062 4468 1875 2062 73 78
5688 5891 2156 2250 49 52
5281 5484 1968 2062 44 47
4062 4468 1500 1687 63 68
3656 4062 2062 2250 36 42
3250 3453 1031 1125 39 42
4062 4468 2062 2250 10 15
4875 5078 562 656 42 44
4468 4875 1312 1500 15 21
1218 1625 1312 1500 15 21
3250 3656 1687 1875 47 52
3250 3656 1125 1312 68 73
4671 4875 750 843 39 42
4062 4265 2156 2250 54 57
4875 5281 375 562 36 42
3656 4062 1687 1875 47 52
4875 5688 750 1125 63 73
5281 5484 1968 2062 33 36
4468 4875 750 937 68 73
4062 4468 1125 1312 36 42
4062 4265 2156 2250 44 47
4875 5281 375 562 52 57
5484 5688 1968 2062 18 21
812 1218 1687 1875 68 73
4468 4875 2250 2437 68 73
4468 4875 562 750 31 36
1015 1218 1312 1406 36 39
4875 5281 2062 2250 73 78
5078 5281 1875 1968 49 52
3250 3656 1125 1312 73 78
0 812 1500 1875 0 10
2437 3250 1125 1500 0 10
4875 5281 1687 1875 78 84
3453 3656 937 1031 49 52
4062 4468 1687 1875 63 68
4062 4265 2156 2250 52 54
3453 3656 937 1031 42 44
5484 5688 2156 2250 49 52
5688 6501 2250 2625 10 21
4062 4468 1875 2062 26 31
2437 2843 1875 2062 42 47
5281 5484 1875 1968 78 81
1015 1218 1406 1500 36 39
4671 4875 843 937 44 47
4468 4875 937 1125 31 36
4468 4671 1312 1406 44 47
5281 5688 1687 1875 78 84
3046 3250 937 1031 42 44
3656 4062 937 1125 63 68
4062 4468 2250 2437 26 31
4875 5281 2062 2250 63 68
2843 3250 1312 1500 47 52
5281 5484 1875 1968 65 68
4468 4875 2250 2437 26 31
1218 1625 1312 1500 21 26
5281 5484 1968 2062 57 60
4468 4875 1125 1312 68 73
3453 3656 937 1031 47 49
1218 1421 1312 1406 42 44
2843 3250 1125 1312 31 36
5281 5484 1968 2062 47 49
812 1218 1687 1875 31 36
4671 4875 843 937 49 52
4062 4468 1875 2062 68 73
1625 3250 2250 3001 21 42
4468 4671 1406 1500 49 52
4468 4875 2250 2437 73 78
4062 4468 1125 1312 52 57
4062 4468 1687 1875 31 36
4671 4875 750 843 47 49
3656 4062 1875 2062 47 52
4468 4875 1687 1875 31 36
3453 3656 937 1031 36 39
4468 4875 2062 2250 5 10
4062 4265 2156 2250 47 49
1625 2031 1125 1312 26 31
4671 4875 750 843 36 39
3046 3250 937 1031 36 39
4875 5281 1500 1687 78 84
812 1625 1875 2250 63 73
2437 3250 1500 1875 21 31
5078 5281 1875 1968 54 57
4062 4468 2062 2250 0 5
4875 5078 562 656 36 39
3250 3656 937 1125 0 5
3250 3453 1031 1125 44 47
4875 5281 1125 1312 47 52
4875 5688 750 1125 21 31
3250 3656 2062 2250 36 42
5484 5688 1968 2062 15 18
812 1625 2250 2625 63 73
812 1015 1687 1781 54 57
3656 4062 1687 1875 52 57
812 1015 1781 1875 49 52
4062 4265 2156 2250 60 63
812 1625 1875 2250 31 42
4062 4468 1500 1687 73 78
4468 4875 1500 1687 26 31
812 1015 1687 1781 49 52
1218 1625 1125 1312 63 68
5688 5891 2156 2250 47 49
0 812 1875 2250 52 63
3250 3453 1031 1125 36 39
4468 4875 937 1125 63 68
4062 4265 2156 2250 39 42
3656 4062 2062 2250 42 47
4468 4875 1500 1687 68 73
812 1218 1687 1875 73 78
4468 4671 1312 1406 54 57
5484 5688 1968 2062 21 23
4062 4265 2062 2156 49 52
1218 1625 1312 1500 10 15
4062 4468 1500 1687 26 31
4062 4265 2156 2250 57 60
5281 5484 1875 1968 63 65
4468 4875 750 937 21 26
4671 4875 750 843 42 44
3250 3656 1875 2062 52 57
3656 4062 1687 1875 42 47
4468 4671 1312 1406 60 63
4875 5688 2250 2625 10 21
3656 4062 1500 1687 47 52
4468 4875 1500 1687 73 78
5281 5484 1968 2062 60 63
812 1015 1781 1875 54 57
4468 4671 1312 1406 47 49
5688 5891 2156 2250 39 42
812 1218 1687 1875 26 31
3656 4062 2062 2250 47 52
2437 3250 1875 2250 21 31
5281 5484 1875 1968 70 73
5688 5891 2062 2156 49 52
3656 4062 1875 2062 52 57
4062 4468 2250 2437 78 84
4062 4468 1687 1875 73 78
5281 5484 1875 1968 28 31
5281 5484 1968 2062 42 44
4468 4671 1312 1406 57 60
4062 4468 1312 1500 31 36
3656 4062 1312 1500 47 52
3250 3656 1500 1687 52 57
3250 3656 2062 2250 42 47
5078 5281 1875 1968 52 54
4875 5281 2062 2250 68 73
3250 3453 1218 1312 31 33
4468 4875 2062 2250 10 15
4875 5281 2062 2250 78 84
3250 3453 1031 1125 42 44
4671 4875 2062 2156 49 52
4875 5281 1875 2062 5 10
3250 3656 2062 2250 47 52
4671 4875 750 843 52 54
3656 4062 1312 1500 42 47
4875 5078 656 750 44 47
4671 4875 843 937 39 42
4468 4671 1406 1500 44 47
3250 4062 2250 2625 0 10
4875 5281 1687 1875 21 26
1625 2437 1875 2250 21 31
3250 3453 1031 1125 49 52
4671 4875 750 843 54 57
0 812 2625 3001 10 21
0 812 1875 2250 42 52
3250 3453 937 1031 33 36
1625 2031 1125 1312 57 63
1218 1625 1125 1312 36 42
4875 5281 1125 1312 52 57
5484 5688 2156 2250 39 42
3250 3453 1125 1218 39 42
1116 1218 1359 1406 50 52
2843 3250 937 1125 57 63
812 1218 1500 1687 36 42
4468 4671 1312 1406 52 54
4671 4875 843 937 47 49
1625 3250 2250 3001 63 84
3250 3656 1125 1312 10 15
1218 1625 1312 1500 5 10
5484 5688 2156 2250 44 47
5688 5891 2156 2250 52 54
5484 5688 2156 2250 52 54
5688 5891 2156 2250 44 47
812 1625 2625 3001 21 31
4468 4671 1406 1500 54 57
3250 3656 1125 1312 78 84
1625 1828 1312 1406 44 47
5484 5688 2156 2250 47 49
5484 5586 2015 2062 50 52
3250 3656 1500 1687 31 36
4062 4468 1687 1875 68 73
4671 4875 2156 2250 49 52
4875 5281 2062 2250 21 26
5078 5281 1875 1968 44 47
5281 5484 1875 1968 31 33
4875 5281 1125 1312 42 47
3656 4062 1875 2062 42 47
1625 1828 1312 1406 39 42
5281 5688 1687 1875 21 26
5688 5891 2156 2250 36 39
0 812 2250 2625 10 21
5078 5281 1875 1968 39 42
5586 5688 2062 2109 50 52
3250 3453 1031 1125 47 49
2843 3250 1500 1687 42 47
1116 1218 1312 1359 50 52
4062 4265 2156 2250 36 39
4468 4875 1125 1312 26 31
4062 4468 1500 1687 68 73
4468 4875 1687 1875 73 78
4468 4671 1406 1500 60 63
3656 4062 1500 1687 42 47
4062 4468 937 1125 68 73
4875 5078 656 750 49 52
4468 4875 1875 2062 5 10
1218 1625 1500 1687 31 36
4468 4875 1687 1875 68 73
4062 4468 1312 1500 63 68
3250 3656 1687 1875 52 57
1218 1421 1406 1500 65 68
1218 1421 1406 1500 63 65
5281 5484 1968 2062 75 78
812 1015 1687 1781 52 54
4468 4671 1406 1500 57 60
3656 4062 2437 2625 47 52
3250 3453 937 1031 52 54
4062 4468 1875 2062 78 84
5281 5484 1875 1968 73 75
812 1218 1312 1500 0 5
812 1218 1125 1312 52 57
5586 5688 2109 2156 50 52
812 1218 1687 1875 78 84
812 1218 1500 1687 63 68
5688 6501 2250 2625 0 10
4062 4468 937 1125 31 36
4468 4875 2062 2250 0 5
4062 4468 1125 1312 57 63
3250 3656 1312 1500 57 63
5586 5688 2015 2062 50 52
812 1015 1781 1875 52 54
4468 4671 1312 1406 39 42
5484 5586 2062 2109 50 52
812 1218 1687 1875 15 21
4062 4265 2062 2156 44 47
4875 5281 1875 2062 10 15
4875 5281 2062 2250 15 21
4671 4875 843 937 36 39
4062 4468 1500 1687 78 84
4875 5078 1500 1593 49 52
5484 5688 2156 2250 36 39
4062 4468 1875 2062 21 26
5281 5484 1968 2062 78 81
4468 4671 1406 1500 47 49
1625 1828 1312 1406 36 39
4468 4875 1312 1500 10 15
4468 4875 1875 2062 10 15
4875 5281 1687 1875 15 21
3656 4062 2437 2625 36 42
3250 4062 375 750 31 42
812 1218 1125 1312 47 52
5281 5688 1687 1875 15 21
5484 5688 2156 2250 60 63
5281 5484 1968 2062 28 31
5484 5688 2156 2250 54 57
3656 4062 1687 1875 36 42
3250 3453 1125 1218 44 47
4062 4468 2250 2437 21 26
4468 4671 1406 1500 52 54
5688 5891 2062 2156 47 49
4671 4875 843 937 42 44
5281 5688 1500 1687 57 63
2437 3250 1500 1875 63 73
5078 5281 1875 1968 47 49
5484 5688 2156 2250 75 78
2843 3250 750 937 31 36
4468 4875 937 1125 26 31
4062 4468 1875 2062 15 21
4062 4265 2062 2156 54 57
3656 4062 1500 1687 52 57
4062 4265 2156 2250 42 44
3250 3656 1312 1500 15 21
5484 5688 2156 2250 78 81
3250 3656 750 937 26 31
2843 3250 750 937 52 57
3656 4062 2437 2625 52 57
4875 5078 656 750 39 42
2843 3250 1312 1500 31 36
3453 3656 1031 1125 39 42
4062 4265 2156 2250 65 68
4875 5281 375 562 57 63
5078 5281 1875 1968 36 39
5484 5586 1968 2015 50 52
5281 5484 1875 1968 68 70
4062 4265 2156 2250 33 36
5484 5688 2156 2250 57 60
4875 5281 1125 1312 57 63
3656 4062 2062 2250 52 57
812 1625 2250 2625 31 42
4671 4875 843 937 52 54
4062 4265 2062 2156 52 54
4468 4671 1875 1968 49 52
5281 5484 1968 2062 65 68
812 1218 1687 1875 21 26
3656 4062 1312 1500 36 42
4468 4671 1312 1406 42 44
3656 4062 1875 2062 36 42
4468 4671 1312 1406 65 68
4468 4875 1500 1687 78 84
3250 3453 1125 1218 36 39
3656 4062 2437 2625 42 47
4062 4468 1687 1875 26 31
4468 4875 2250 2437 21 26
4875 5078 656 750 47 49
4671 4875 843 937 54 57
4875 5078 1500 1593 54 57
5281 5484 1968 2062 31 33
4468 4875 1687 1875 26 31
4875 5281 1125 1312 36 42
4468 4875 1125 1312 73 78
4062 4265 2062 2156 47 49
4671 4875 2062 2156 44 47
5688 5891 2062 2156 52 54
5281 5688 1500 1687 52 57
4468 4875 937 1125 68 73
3656 4062 1125 1312 47 52
812 1218 1125 1312 57 63
3250 3453 1031 1125 33 36
3453 3656 937 1031 33 36
4875 5281 1875 2062 0 5
4671 4875 2156 2250 60 63
4671 4875 2156 2250 54 57
3250 3656 1875 2062 31 36
5484 5688 1875 1968 49 52
4671 4875 2062 2156 52 54
3250 3656 2062 2250 52 57
3250 3453 1125 1218 42 44
5484 5586 2015 2062 52 53
3453 3656 1031 1125 44 47
1625 1828 1312 1406 42 44
5484 5586 2015 2062 40 42
4671 4875 2062 2156 54 57
5281 5484 1875 1968 23 26
1218 1421 1406 1500 42 44
4062 4265 2156 2250 63 65
3453 3656 937 1031 52 54
4671 4875 2156 2250 52 54
3250 3656 1312 1500 21 26
5688 5891 2062 2156 39 42
5688 5891 2156 2250 42 44
5688 5891 2062 2156 44 47
2437 3250 1500 1875 10 21
4062 4265 2062 2156 39 42
812 1015 1781 1875 47 49
4468 4671 1406 1500 39 42
5484 5586 2015 2062 37 39
2843 3250 1500 1687 47 52
1218 1625 1500 1687 63 68
4062 4468 1500 1687 21 26
5586 5688 2062 2109 52 53
4062 4468 1687 1875 78 84
3656 4062 1312 1500 52 57
3656 4062 2250 2437 47 52
3046 3250 1031 1125 39 42
4468 4671 2156 2250 60 63
1218 1625 1500 1687 26 31
3656 4062 937 1125 31 36
3250 3656 750 937 57 63
3656 4062 1125 1312 42 47
3250 3656 1312 1500 63 68
4875 5078 1500 1593 52 54
3250 3656 1875 2062 57 63
5484 5586 2015 2062 55 57
4671 4875 2156 2250 57 60
3656 4062 1687 1875 57 63
4875 5688 2250 2625 0 10
3250 3656 1312 1500 68 73
4875 5281 1500 1687 10 15
3656 4062 2062 2250 31 36
4468 4875 1875 2062 0 5
4875 5078 656 750 42 44
3656 4062 2250 2437 36 42
4468 4671 1312 1406 63 65
5586 5688 2109 2156 52 53
1625 2031 1125 1312 21 26
4671 4875 2156 2250 44 47
5586 5688 2015 2062 52 53
4062 4468 1125 1312 31 36
4468 4875 1687 1875 78 84
3250 3656 2062 2250 31 36
4671 4875 2062 2156 47 49
3250 3656 1687 1875 31 36
3656 4062 1500 1687 36 42
4062 4265 2062 2156 60 63
4671 4875 1968 2062 49 52
5484 5688 2156 2250 42 44
5281 5484 1968 2062 70 73
4062 4265 2062 2156 57 60
5484 5586 2062 2109 52 53
3250 3656 1312 1500 73 78
5078 5281 1875 1968 42 44
5484 5586 2062 2109 40 42
3656 4062 937 1125 68 73
3046 3250 1031 1125 44 47
4671 4875 1406 1500 49 52
5281 5484 1968 2062 63 65
4468 4671 1968 2062 49 52
5484 5688 2156 2250 33 36
4468 4671 1875 1968 54 57
5586 5688 2062 2109 49 50
3656 4062 2437 2625 57 63
5281 5484 1875 1968 18 21
4468 4875 2250 2437 78 84
5688 5891 2062 2156 36 39
5586 5688 2062 2109 76 78
3453 3656 1031 1125 36 39
5484 5586 2015 2062 45 47
5484 5586 2015 2062 49 50
4468 4671 1406 1500 65 68
5484 5688 2156 2250 65 68
5586 5688 2062 2109 40 42
812 1218 1687 1875 10 15
5484 5586 2062 2109 37 39
812 1015 1687 1781 47 49
5586 5688 2109 2156 76 78
5281 5688 1500 1687 47 52
3656 4062 1875 2062 57 63
3656 4062 937 1125 73 78
2437 3250 1875 2250 10 21
3453 3656 1031 1125 42 44
4875 5078 656 750 36 39
5586 5688 2062 2109 48 49
4468 4671 1312 1406 36 39
1116 1218 1359 1406 49 50
3250 4062 2625 3001 42 52
4468 4671 2156 2250 57 60
3453 3656 1031 1125 49 52
5586 5688 1968 2015 50 52
4875 5281 375 562 31 36
5586 5688 2062 2109 45 47
5586 5688 2109 2156 49 50
4468 4671 1406 1500 42 44
5586 5688 2109 2156 40 42
5586 5688 2062 2109 55 57
5484 5586 1968 2015 52 53
5484 5586 2062 2109 55 57
5281 5484 1875 1968 26 28
5484 5586 2015 2062 58 60
5484 5586 2109 2156 50 52
4468 4671 1875 1968 44 47
5586 5688 2062 2109 79 81
5484 5586 2015 2062 48 49
4671 4875 2156 2250 39 42
4062 4468 1500 1687 15 21
5586 5688 2109 2156 48 49
5586 5688 2109 2156 79 81
5484 5586 1968 2015 40 42
4671 4875 2062 2156 39 42
812 1625 2625 3001 10 21
4062 4468 1312 1500 26 31
5586 5688 2015 2062 49 50
5586 5688 2109 2156 45 47
5586 5688 2062 2109 37 39
5281 5688 1500 1687 36 42
4671 4875 2156 2250 47 49
5484 5586 1968 2015 37 39
5586 5688 2015 2062 40 42
5281 5484 1875 1968 81 84
5484 5586 2015 2062 61 63
5586 5688 2062 2109 47 48
5484 5586 2062 2109 45 47
5586 5688 2015 2062 55 57
5586 5688 2062 2109 61 63
5484 5688 1875 1968 54 57
3656 4062 2250 2437 42 47
3250 4062 2625 3001 31 42
5484 5586 2062 2109 49 50
5484 5586 2015 2062 53 54
4265 4468 2156 2250 49 52
5484 5688 1875 1968 52 54
3656 4062 1125 1312 36 42
5586 5688 2062 2109 58 60
1116 1218 1312 1359 49 50
4875 5688 750 1125 73 84
5484 5586 1968 2015 55 57
812 1625 1875 2250 73 84
5586 5688 2109 2156 37 39
4468 4671 1875 1968 52 54
5586 5688 2015 2062 48 49
5484 5688 1875 1968 39 42
4062 4265 2062 2156 36 39
4875 5078 1500 1593 60 63
3656 4062 2250 2437 52 57
5586 5688 2109 2156 55 57
3250 3453 1125 1218 33 36
5688 5891 2156 2250 54 57
3250 3453 1031 1125 52 54
5586 5688 2015 2062 45 47
3656 4062 1125 1312 52 57
4468 4875 1500 1687 21 26
4875 5281 2062 2250 5 10
5586 5688 2109 2156 47 48
5484 5586 2015 2062 47 48
4265 4468 2062 2156 49 52
5484 5586 2062 2109 58 60
812 1218 1500 1687 31 36
5484 5688 2156 2250 63 65
5586 5688 2062 2109 53 54
5484 5688 1875 1968 36 39
3453 3656 1031 1125 47 49
5484 5586 2062 2109 48 49
812 1625 1875 2250 21 31
3250 3656 750 937 73 78
4875 5078 1500 1593 57 60
4468 4671 1406 1500 63 65
5586 5688 2015 2062 37 39
5586 5688 2109 2156 61 63
4468 4671 1875 1968 57 60
4468 4671 2156 2250 49 52
5586 5688 2015 2062 58 60
3250 3656 1500 1687 57 63
5586 5688 2015 2062 61 63
3250 3453 1125 1218 47 49
3250 3656 750 937 15 21
5484 5586 2062 2109 76 78
5484 5586 2015 2062 39 40
5586 5688 2109 2156 58 60
5281 5484 1968 2062 73 75
2437 3250 1500 1875 73 84
1218 1625 1500 1687 15 21
4468 4875 1500 1687 15 21
4062 4468 1312 1500 68 73
4468 4671 1875 1968 60 63
5484 5586 2062 2109 61 63
1625 2437 1875 2250 10 21
4468 4875 937 1125 21 26
5586 5688 2015 2062 47 48
812 1625 2250 2625 73 84
4671 4875 1406 1500 44 47
3250 3656 750 937 63 68
4671 4875 2156 2250 36 39
3250 3656 750 937 78 84
5586 5688 2015 2062 53 54
3250 3453 1125 1218 49 52
3046 3250 1031 1125 42 44
1218 1625 1500 1687 21 26
4671 4875 2062 2156 57 60
5586 5688 2109 2156 53 54
4062 4468 1125 1312 63 68
4265 4468 2156 2250 60 63
4062 4468 1875 2062 5 10
5484 5586 2062 2109 79 81
3250 3453 937 1031 54 57
5484 5586 1968 2015 49 50
4468 4671 1968 2062 54 57
4062 4265 2062 2156 42 44
5484 5586 2062 2109 53 54
5484 5586 2062 2109 47 48
4468 4671 1406 1500 36 39
5484 5586 1968 2015 45 47
4875 5078 1968 2062 49 52
0 812 2250 2625 0 10
4468 4671 1875 1968 47 49
4468 4875 1125 1312 21 26
5484 5688 2156 2250 70 73
4671 4875 2062 2156 60 63
5484 5586 1968 2015 58 60
5281 5484 1968 2062 23 26
3250 3656 750 937 21 26
5281 5484 1875 1968 21 23
4062 4265 2062 2156 33 36
4875 5078 1593 1687 49 52
1218 1625 1125 1312 31 36
3250 4062 2625 3001 52 63
4468 4671 1968 2062 44 47
3250 3453 937 1031 31 33
4062 4468 1312 1500 73 78
4468 4671 1875 1968 39 42
4875 5078 1500 1593 47 49
1625 2437 1500 1875 21 31
5688 5891 2062 2156 54 57
3656 4062 2437 2625 31 36
4265 4468 2062 2156 44 47
4671 4875 2062 2156 36 39
4671 4875 1406 1500 54 57
4468 4671 2156 2250 54 57
3250 3656 750 937 68 73
3046 3250 1031 1125 36 39
5484 5586 1968 2015 48 49
4265 4468 2156 2250 44 47
4265 4468 2156 2250 57 60
5281 5688 1500 1687 42 47
4062 4468 1875 2062 10 15
3656 4062 1500 1687 57 63
0 812 1875 2250 31 42
5484 5586 1968 2015 61 63
4468 4875 1687 1875 21 26
1218 1625 1500 1687 68 73
5484 5586 1968 2015 53 54
5484 5586 2062 2109 39 40
2437 2843 1312 1500 36 42
3250 3656 2437 2625 36 42
5688 5891 2062 2156 42 44
3250 3656 1312 1500 10 15
3250 3656 1687 1875 57 63
4671 4875 1968 2062 44 47
5281 5484 1968 2062 68 70
4062 4468 1687 1875 21 26
4671 4875 1968 2062 54 57
5484 5586 2015 2062 54 55
3250 3656 1875 2062 26 31
4875 5078 1593 1687 54 57
5078 5281 1500 1593 49 52
5484 5688 2156 2250 73 75
5586 5688 1968 2015 52 53
4468 4671 1968 2062 52 54
5586 5688 2062 2109 78 79
812 1218 1125 1312 42 47
4875 5281 2062 2250 10 15
0 812 1875 2250 63 73
0 812 2625 3001 0 10
3250 3656 1312 1500 78 84
4671 4875 1968 2062 52 54
3656 4062 937 1125 78 84
5586 5688 2109 2156 78 79
5078 5281 1968 2062 49 52
5586 5688 2062 2109 39 40
4265 4468 2062 2156 39 42
5281 5484 1875 1968 15 18
3656 4062 1687 1875 31 36
5484 5688 1875 1968 44 47
4468 4671 2156 2250 39 42
1625 2437 1500 1875 63 73
5484 5586 2109 2156 52 53
4265 4468 2156 2250 39 42
4468 4875 1687 1875 15 21
4062 4468 1687 1875 15 21
5484 5586 1968 2015 47 48
812 1218 1500 1687 68 73
5891 6094 2156 2250 49 52
5484 5586 1968 2015 39 40
5281 5484 1968 2062 26 28
5586 5688 2109 2156 39 40
812 1218 1500 1687 26 31
5484 5586 2015 2062 36 37
4671 4875 1406 1500 47 49
4265 4468 2156 2250 54 57
3250 3656 2062 2250 57 63
5484 5688 1875 1968 57 60
3656 4062 937 1125 26 31
4062 4265 2062 2156 65 68
4468 4671 2156 2250 44 47
4875 5281 2062 2250 0 5
4875 5078 1968 2062 44 47
3656 4062 1875 2062 31 36
5281 5484 2062 2156 49 52
3656 4062 937 1125 15 21
5281 5688 1500 1687 31 36
1218 1625 1500 1687 73 78
5484 5586 2109 2156 40 42
4875 5281 937 1125 47 52
4671 4875 1406 1500 52 54
5484 5688 1875 1968 33 36
1218 1625 1125 1312 68 73
5281 5688 1500 1687 63 68
5281 5484 2062 2156 36 39
5281 5484 1968 2062 18 21
5688 6094 1875 2062 47 52
3656 4062 1312 1500 57 63
5586 5688 2015 2062 39 40
1828 2031 1312 1406 39 42
5078 5281 1500 1593 54 57
5586 5688 2062 2109 54 55
4468 4671 2156 2250 52 54
5078 5281 1593 1687 49 52
4468 4671 1968 2062 39 42
5484 5688 1875 1968 47 49
3656 4062 1125 1312 57 63
4468 4671 2156 2250 36 39
5484 5586 2062 2109 54 55
4671 4875 2062 2156 42 44
4468 4671 1968 2062 57 60
5586 5688 1968 2015 55 57
5484 5586 2109 2156 76 78
4671 4875 1968 2062 39 42
5281 5484 2062 2156 39 42
5484 5586 2015 2062 57 58
5484 5688 1875 1968 60 63
4468 4671 1968 2062 47 49
4671 4875 1968 2062 47 49
5484 5586 2109 2156 55 57
5281 5484 2062 2156 33 36
4875 5281 1687 1875 10 15
3453 3656 937 1031 54 57
4468 4875 1125 1312 15 21
4671 4875 1406 1500 60 63
4265 4468 2062 2156 54 57
4265 4468 2062 2156 60 63
4875 5078 1593 1687 52 54
1218 1625 1312 1500 0 5
5078 5281 1593 1687 54 57
2843 3250 1687 1875 42 47
4265 4468 2156 2250 52 54
4265 4468 2062 2156 47 49
5484 5586 2015 2062 60 61
5586 5688 1968 2015 40 42
4265 4468 2062 2156 57 60
5586 5688 1968 2015 49 50
4265 4468 2156 2250 47 49
4671 4875 1406 1500 57 60
5484 5586 2109 2156 45 47
5484 5586 2109 2156 49 50
4875 5281 1125 1312 31 36
1828 2031 1312 1406 44 47
3453 3656 1031 1125 33 36
5586 5688 2015 2062 54 55
5484 5586 2109 2156 37 39
406 812 2813 3001 57 63
5484 5586 2109 2156 79 81
5484 5586 2109 2156 58 60
3656 4062 2062 2250 57 63
5484 5586 1968 2015 54 55
5484 5586 2062 2109 78 79
1625 3250 0 750 0 21
1828 2031 1312 1406 36 39
4671 4875 2156 2250 42 44
4468 4671 1968 2062 60 63
5484 5586 2109 2156 61 63
5586 5688 2109 2156 54 55
4265 4468 2156 2250 65 68
5586 5688 1968 2015 58 60
2437 3250 1500 1875 0 10
4671 4875 1312 1406 49 52
5586 5688 2062 2109 57 58
5586 5688 1968 2015 61 63
5484 5586 2062 2109 36 37
5586 5688 2062 2109 60 61
812 1625 1875 2250 10 21
5484 5586 2109 2156 48 49
4062 4265 2062 2156 63 65
3656 4062 1312 1500 31 36
4468 4671 1875 1968 36 39
5586 5688 1968 2015 48 49
3250 3656 2437 2625 47 52
5281 5688 1687 1875 10 15
812 1218 1500 1687 73 78
4265 4468 2062 2156 52 54
4265 4468 2156 2250 33 36
5586 5688 1968 2015 37 39
5586 5688 1968 2015 45 47
4062 4265 2156 2250 31 33
4062 4875 2625 3001 52 63
5586 5688 2062 2109 75 76
5484 5586 2062 2109 57 58
5586 5688 2109 2156 75 76
3250 3453 1031 1125 31 33
3250 3656 2437 2625 42 47
4265 4468 2156 2250 36 39
3656 4062 2250 2437 31 36
3656 4062 2250 2437 57 63
3250 3656 2062 2250 26 31
5484 5586 2062 2109 60 61
5281 5484 1968 2062 81 84
5484 5688 2156 2250 28 31
5484 5688 2156 2250 81 84
5586 5688 2015 2062 57 58
4671 4875 1875 1968 49 52
5586 5688 1968 2015 53 54
4875 5281 937 1125 42 47
5484 5586 1968 2015 36 37
4468 4671 1875 1968 42 44
5586 5688 2015 2062 60 61
5586 5688 2109 2156 57 58
4671 4875 1406 1500 39 42
4062 4468 937 1125 26 31
3453 3656 937 1031 31 33
1218 1625 1125 1312 73 78
3250 3656 2437 2625 52 57
5586 5688 2109 2156 60 61
5484 5586 2109 2156 47 48
4062 4468 1312 1500 21 26
5688 6094 1875 2062 52 57
4875 5078 1968 2062 47 49
3656 4062 2062 2250 26 31
2437 2843 1312 1500 42 47
5586 5688 1968 2015 47 48
3656 4062 1500 1687 31 36
4265 4468 2062 2156 36 39
5586 5688 2062 2109 36 37
812 1625 2250 2625 21 31
5484 5586 2109 2156 53 54
5078 5281 1500 1593 52 54
5078 5281 1968 2062 54 57
4671 4875 1312 1406 44 47
5484 5586 2015 2062 44 45
1218 1625 1500 1687 10 15
4875 5078 1968 2062 54 57
5484 5688 2156 2250 68 70
4062 4468 1875 2062 0 5
406 812 2813 3001 63 68
4468 4671 2156 2250 47 49
812 1218 1125 1312 63 68
4875 5078 1968 2062 52 54
3656 4062 937 1125 21 26
5891 6094 2156 2250 47 49
4062 4468 1312 1500 15 21
5484 5586 1968 2015 57 58
4875 5078 1593 1687 60 63
4875 5078 1968 2062 39 42
4671 4875 1968 2062 57 60
4875 5078 1593 1687 57 60
5586 5688 2109 2156 36 37
3250 3656 750 937 10 15
5281 5484 1968 2062 21 23
5078 5281 1968 2062 52 54
4062 4468 1125 1312 26 31
1625 1828 1406 1500 39 42
5484 5586 1968 2015 60 61
5281 5484 2062 2156 44 47
4671 4875 1968 2062 36 39
5078 5281 1968 2062 44 47
3453 3656 1031 1125 52 54
5078 5281 1968 2062 39 42
1218 1625 1125 1312 26 31
5078 5281 1593 1687 52 54
5586 5688 2015 2062 36 37
3250 4062 375 750 52 63
2437 3250 1875 2250 0 10
5484 5688 2156 2250 31 33
4468 4671 1968 2062 36 39
1625 1828 1406 1500 44 47
406 812 1500 1687 52 57
3250 3453 1031 1125 54 57
4062 4468 1312 1500 78 84
4468 4875 1125 1312 78 84
4468 4671 2062 2156 49 52
5484 5688 1875 1968 42 44
5586 5688 2062 2109 44 45
4265 4468 2156 2250 63 65
812 1218 1500 1687 15 21
5281 5484 2062 2156 52 54
5281 5484 1968 2062 15 18
5078 5281 1968 2062 36 39
5484 5586 2062 2109 44 45
4265 4468 2062 2156 33 36
4875 5078 1968 2062 36 39
4265 4468 2062 2156 42 44
5586 5688 2109 2156 44 45
5484 5586 2062 2109 75 76
5281 5484 2062 2156 54 57
4671 4875 1406 1500 42 44
2843 3250 1687 1875 47 52
406 812 2250 2437 57 63
4062 4468 1125 1312 68 73
406 812 1500 1687 57 63
5484 5586 2109 2156 39 40
1218 1625 1500 1687 78 84
1625 1828 1406 1500 36 39
812 1218 1500 1687 21 26
1828 2031 1312 1406 42 44
2437 2843 1125 1312 36 42
5484 5586 2109 2156 78 79
5078 5281 1500 1593 57 60
4468 4671 1968 2062 42 44
4671 4875 1968 2062 60 63
3250 3656 2250 2437 36 42
3250 3453 1125 1218 31 33
4062 4468 1500 1687 10 15
5688 6094 1875 2062 36 42
1625 2437 1500 1875 10 21
5078 5281 1593 1687 57 60
4671 4875 1312 1406 47 49
5586 5688 2015 2062 44 45
5891 6094 2156 2250 39 42
5891 6094 2156 2250 52 54
3250 3656 750 937 5 10
4265 4468 2156 2250 42 44
5586 5688 1968 2015 39 40
4265 4468 2062 2156 65 68
4671 4875 1875 1968 54 57
4671 4875 1406 1500 65 68
3250 3656 2437 2625 57 63
3656 4062 1125 1312 31 36
812 1625 2625 3001 0 10
5688 6094 1875 2062 42 47
5078 5281 1968 2062 47 49
5586 5688 1968 2015 54 55
5281 5484 2062 2156 47 49
1218 1625 1125 1312 15 21
5484 5586 2109 2156 54 55
5484 5586 1968 2015 44 45
1625 3250 2250 3001 0 21
4468 4875 1500 1687 10 15
4468 4671 2156 2250 42 44
5891 6094 2156 2250 44 47
4671 4875 1968 2062 42 44
5078 5281 1500 1593 60 63
5688 6094 1875 2062 57 63
3656 4062 1875 2062 26 31
4468 4671 2062 2156 54 57
3250 3656 2437 2625 31 36
406 812 2250 2437 52 57
4671 4875 1875 1968 52 54
812 1218 1125 1312 36 42
4671 4875 1406 1500 36 39
4875 5078 1593 1687 47 49
5078 5281 1593 1687 60 63
5484 5688 1875 1968 65 68
2437 2843 1312 1500 47 52
406 812 2250 2437 47 52
3250 4062 2625 3001 63 73
5078 5281 1500 1593 47 49
5484 5586 2109 2156 57 58
5484 5586 2109 2156 60 61
812 1218 1500 1687 78 84
4671 4875 1312 1406 54 57
2031 2437 1125 1312 36 42
4468 4875 1687 1875 10 15
5281 5484 2062 2156 28 31
5586 5688 1968 2015 60 61
5586 5688 1968 2015 57 58
3656 4062 937 1125 10 15
3656 4062 1125 1312 63 68
4468 4671 2062 2156 60 63
5688 6094 1875 2062 73 78
2843 3250 750 937 57 63
5281 5484 2062 2156 57 60
4468 4671 2062 2156 39 42
5281 5688 1500 1687 26 31
4468 4671 2062 2156 44 47
4468 4671 2062 2156 57 60
4062 4875 2625 3001 42 52
406 812 1500 1687 47 52
1625 1828 1406 1500 42 44
3250 3656 1875 2062 21 26
4671 4875 1312 1406 60 63
4062 4875 2625 3001 31 42
4265 4468 2062 2156 63 65
4671 4875 1875 1968 44 47
5891 6094 2156 2250 36 39
4062 4468 1687 1875 10 15
1218 1625 1125 1312 78 84
5484 5586 2109 2156 75 76
4468 4671 2062 2156 52 54
5484 5586 2109 2156 36 37
4062 4265 2062 2156 31 33
5281 5484 2062 2156 42 44
4671 4875 1312 1406 57 60
4671 4875 1875 1968 39 42
406 812 2813 3001 68 73
2437 2843 1125 1312 42 47
1625 3250 0 750 63 84
4875 5078 1968 2062 42 44
5281 5484 2062 2156 31 33
5688 6094 1875 2062 78 84
1218 1625 1125 1312 21 26
4671 4875 1406 1500 63 65
0 812 1875 2250 21 31
812 1218 1500 1687 10 15
4062 4468 2437 2625 52 57
4671 4875 1312 1406 52 54
5281 5484 2062 2156 60 63
5586 5688 1968 2015 36 37
5484 5688 1875 1968 63 65
1625 2437 1875 2250 0 10
1625 2437 1500 1875 73 84
406 812 2813 3001 52 57
5078 5281 1593 1687 47 49
2031 2437 1125 1312 42 47
5281 5484 2062 2156 75 78
5484 5688 1875 1968 75 78
4062 4468 1125 1312 73 78
4468 4875 375 562 47 52
5484 5688 1875 1968 78 81
812 1625 2250 2625 10 21
3656 4062 2062 2250 21 26
4671 4875 1875 1968 47 49
5078 5281 1968 2062 42 44
3656 4062 1125 1312 68 73
4062 4468 2437 2625 47 52
0 812 1875 2250 73 84
4468 4875 1125 1312 10 15
1218 1625 1687 1875 47 52
4468 4875 375 562 42 47
1218 1625 1687 1875 52 57
4468 4671 2062 2156 36 39
4671 4875 1875 1968 57 60
5484 5688 1875 1968 28 31
3250 3656 2062 2250 21 26
3656 4062 1125 1312 73 78
5484 5586 2109 2156 44 45
3250 3656 2250 2437 42 47
2437 2843 1687 1875 47 52
5281 5484 2062 2156 78 81
4671 4875 1312 1406 39 42
4062 4468 1125 1312 21 26
3656 4062 1312 1500 26 31
5484 5688 2156 2250 26 28
3453 3656 1031 1125 54 57
4265 4468 2156 2250 31 33
5484 5688 1875 1968 31 33
3250 3656 2250 2437 47 52
4468 4671 2062 2156 47 49
4671 4875 1312 1406 42 44
3453 3656 1031 1125 31 33
2437 2843 1312 1500 31 36
5586 5688 1968 2015 44 45
3250 4062 2625 3001 21 31
4671 4875 1875 1968 36 39
4062 4875 2625 3001 63 73
4671 4875 1875 1968 60 63
406 812 2250 2437 42 47
1015 1116 1359 1406 50 52
5891 6094 2156 2250 42 44
4062 4468 2437 2625 57 63
4062 4468 937 1125 21 26
5688 6094 1875 2062 63 68
4468 4875 375 562 36 42
3656 4062 1312 1500 63 68
1218 1625 1125 1312 10 15
812 1625 1875 2250 0 10
4062 4468 1125 1312 15 21
3250 3656 2250 2437 31 36
1218 1625 1125 1312 5 10
4468 4875 375 562 52 57
2437 2843 1500 1687 42 47
3656 4062 1125 1312 26 31
3656 4062 1312 1500 73 78
5281 5484 2062 2156 65 68
3250 4062 2625 3001 73 84
4062 4468 1312 1500 10 15
4062 4468 750 937 47 52
5484 5688 1875 1968 70 73
3250 3656 2250 2437 52 57
5688 6094 1875 2062 31 36
0 812 1875 2250 10 21
4875 5078 1875 1968 49 52
2437 2843 1125 1312 47 52
3656 4062 1312 1500 68 73
4062 4468 2437 2625 36 42
4468 4671 2062 2156 42 44
3656 4062 1875 2062 21 26
1218 1625 1687 1875 42 47
4062 4468 750 937 42 47
4265 4468 2062 2156 31 33
3656 4062 937 1125 5 10
5688 6094 1875 2062 68 73
5281 5484 2062 2156 70 73
406 812 1500 1687 63 68
3656 4062 750 937 47 52
4671 4875 1312 1406 65 68
5891 6094 2156 2250 54 57
5281 5688 1500 1687 68 73
4671 4875 1875 1968 42 44
2031 2437 1125 1312 47 52
3250 3656 750 937 0 5
812 1218 1125 1312 68 73
1015 1116 1312 1359 50 52
2437 2843 1125 1312 31 36
1625 2437 750 1125 42 52
4062 4468 2437 2625 42 47
2437 2843 1687 1875 42 47
1828 2031 1406 1500 39 42
5281 5688 1500 1687 73 78
4671 4875 1312 1406 36 39
2437 2843 2062 2250 47 52
812 1218 1125 1312 31 36
4062 4875 2625 3001 21 31
5281 5484 2062 2156 63 65
4671 4875 1312 1406 63 65
1828 2031 1406 1500 36 39
1218 1625 1687 1875 57 63
4875 5078 1875 1968 44 47
5281 5484 2062 2156 73 75
4062 4468 750 937 52 57
4062 4468 1125 1312 78 84
4468 4875 375 562 57 63
1625 2437 1500 1875 0 10
3656 4062 750 937 52 57
1625 2437 750 1125 31 42
406 812 1500 1687 42 47
5484 5688 1875 1968 68 70
4875 5078 1875 1968 54 57
812 1218 1125 1312 73 78
5484 5688 1875 1968 73 75
5281 5484 2062 2156 26 28
5281 5484 2156 2250 49 52
2437 2843 1500 1687 47 52
5281 5688 1500 1687 21 26
5484 5688 1875 1968 23 26
5281 5688 1500 1687 15 21
1828 2031 1406 1500 44 47
4062 4468 2437 2625 63 68
1015 1116 1359 1406 49 50
3656 4062 1312 1500 21 26
3656 4062 1312 1500 78 84
3656 4062 1312 1500 15 21
1218 1625 1687 1875 36 42
812 1625 2250 2625 0 10
2031 2437 1125 1312 31 36
4875 5078 1875 1968 39 42
2031 2437 1312 1500 42 47
2031 2437 1312 1500 47 52
4875 5078 1875 1968 47 49
4062 4468 750 937 36 42
4875 5078 1875 1968 52 54
3250 3656 2250 2437 57 63
2031 2437 1312 1500 36 42
2437 2843 937 1125 36 42
5484 5688 1875 1968 26 28
5281 5484 2062 2156 68 70
4062 4468 2437 2625 31 36
3656 4062 1125 1312 78 84
2843 3250 1875 2062 42 47
5281 5688 1500 1687 78 84
2437 2843 937 1125 42 47
4875 5078 1875 1968 36 39
3656 4062 1125 1312 21 26
5484 5688 1875 1968 18 21
5281 5484 2156 2250 36 39
5688 6094 1875 2062 26 31
5484 5688 1875 1968 81 84
5281 5484 2156 2250 33 36
1828 2031 1406 1500 42 44
5281 5484 2156 2250 39 42
3656 4062 750 937 42 47
4062 4468 562 750 47 52
5281 5484 2156 2250 52 54
812 1218 1125 1312 26 31
2843 3250 1875 2062 47 52
3656 4062 1125 1312 15 21
4062 4468 562 750 42 47
4062 4468 750 937 57 63
5688 6094 2437 2625 47 52
1015 1116 1312 1359 49 50
3453 3656 1125 1218 39 42
5891 6094 2062 2156 49 52
3250 4062 2625 3001 10 21
4062 4468 1125 1312 10 15
2437 2843 2062 2250 42 47
1218 1625 1125 1312 0 5
1015 1218 1687 1781 49 52
4468 4875 375 562 31 36
3250 4062 375 750 21 31
2031 2437 1125 1312 52 57
5281 5484 2062 2156 81 84
5688 6094 2437 2625 52 57
5484 5688 1875 1968 21 23
3656 4062 937 1125 0 5
3453 3656 1125 1218 36 39
5484 5688 1875 1968 15 18
3453 3656 1218 1312 39 42
5281 5484 2156 2250 44 47
5281 5484 2156 2250 54 57
4875 5078 1875 1968 42 44
812 1218 1125 1312 78 84
4062 4468 562 750 36 42
5281 5484 2156 2250 47 49
406 812 1500 1687 68 73
4062 4468 2437 2625 68 73
3656 4062 750 937 57 63
3656 4062 1312 1500 10 15
4062 4468 562 750 52 57
0 812 1875 2250 0 10
812 1218 1125 1312 15 21
2031 2437 1312 1500 52 57
5891 6094 2062 2156 47 49
5688 6094 1875 2062 21 26
5688 6094 2437 2625 42 47
5281 5484 2156 2250 28 31
4062 4468 2437 2625 73 78
5281 5484 2156 2250 60 63
3453 3656 1125 1218 33 36
1218 1625 1687 1875 31 36
2031 2437 1125 1312 26 31
4062 4468 2437 2625 26 31
3453 3656 1218 1312 44 47
812 1218 1125 1312 21 26
3453 3656 1218 1312 36 39
1015 1218 1687 1781 54 57
4468 4671 750 843 44 47
4062 4875 2625 3001 73 84
4468 4671 750 843 49 52
4062 4875 2625 3001 10 21
5281 5688 1312 1500 57 63
3656 4062 750 937 36 42
5688 6094 2437 2625 57 63
3453 3656 1125 1218 44 47
5281 5484 2156 2250 57 60
5281 5484 2156 2250 31 33
1015 1218 1687 1781 47 49
812 1015 1406 1500 54 57
2437 2843 750 937 36 42
812 1218 1125 1312 10 15
5281 5688 1312 1500 52 57
4468 4875 2437 2625 57 63
3453 3656 1218 1312 33 36
2437 2843 937 1125 47 52
5891 6094 2062 2156 52 54
3453 3656 1125 1218 42 44
5891 6094 2062 2156 44 47
5281 5484 2156 2250 75 78
5281 5688 1312 1500 47 52
5281 5484 2156 2250 65 68
5281 5484 2156 2250 42 44
812 1218 1125 1312 5 10
3656 4062 1125 1312 10 15
3453 3656 1218 1312 42 44
4468 4671 750 843 39 42
2437 2843 750 937 42 47
5281 5484 2156 2250 78 81
5281 5688 1500 1687 10 15
3453 3656 1218 1312 49 52
1015 1218 1687 1781 52 54
2031 2437 1312 1500 31 36
1218 1625 1687 1875 26 31
5891 6094 2062 2156 39 42
4062 4468 375 562 47 52
4062 4468 562 750 57 63
3453 3656 1125 1218 49 52
4468 4671 750 843 47 49
812 1015 1406 1500 49 52
1218 1625 1687 1875 63 68
4062 4468 750 937 31 36
4468 4671 843 937 49 52
5281 5688 1312 1500 36 42
4468 4671 843 937 44 47
2031 2437 1312 1500 57 63
4062 4468 750 937 63 68
5281 5484 2156 2250 63 65
3453 3656 1218 1312 47 49
4062 4468 2437 2625 21 26
4062 4468 375 562 42 47
5281 5688 1312 1500 42 47
4468 4671 750 843 54 57
812 1015 1406 1500 57 60
4468 4875 2437 2625 52 57
5891 6094 2062 2156 36 39
4468 4671 750 843 36 39
3656 4062 750 937 63 68
1625 2437 750 1125 52 63
4468 4671 750 843 42 44
3453 3656 1125 1218 47 49
4468 4875 2437 2625 63 68
4468 4671 750 843 52 54
812 1015 1406 1500 52 54
4062 4468 375 562 52 57
3250 4062 2625 3001 0 10
2437 2843 937 1125 31 36
4062 4468 2437 2625 78 84
4468 4875 2437 2625 36 42
2437 2843 750 937 47 52
3453 3656 1125 1218 31 33
5281 5484 2156 2250 70 73
4468 4671 843 937 47 49
4468 4875 2437 2625 47 52
2031 2437 1125 1312 21 26
4062 4875 2625 3001 0 10
5281 5484 2156 2250 26 28
4468 4875 2437 2625 31 36
4062 4468 562 750 31 36
1218 1625 1687 1875 15 21
4468 4671 843 937 39 42
2031 2437 1125 1312 57 63
5891 6094 2062 2156 42 44
5281 5484 2156 2250 73 75
0 812 1125 1500 52 63
1218 1625 1687 1875 21 26
4062 4468 750 937 26 31
4062 4468 375 562 36 42
1218 1625 1687 1875 68 73
3453 3656 1218 1312 31 33
812 1015 1406 1500 60 63
1625 2437 750 1125 21 31
2031 2437 1312 1500 26 31
5891 6094 2062 2156 54 57
4468 4671 843 937 42 44
4468 4671 843 937 52 54
4468 4671 843 937 54 57
2843 3250 2062 2250 47 52
1218 1625 1687 1875 73 78
4468 4671 843 937 36 39
2437 2843 750 937 31 36
5281 5484 2156 2250 68 70
812 1015 1406 1500 47 49
4062 4468 750 937 68 73
3656 4062 750 937 31 36
4062 4468 375 562 57 63
4468 4875 2437 2625 68 73
4468 4875 2437 2625 42 47
1421 1625 1312 1406 49 52
5281 5688 1312 1500 31 36
1421 1625 1406 1500 49 52
1218 1625 1687 1875 10 15
1218 1625 1687 1875 78 84
2031 2437 1312 1500 21 26
2843 3250 2062 2250 42 47
812 1218 1125 1312 0 5
2437 2843 937 1125 52 57
5281 5484 2156 2250 81 84
812 1015 1406 1500 44 47
1421 1625 1312 1406 54 57
4468 4875 2437 2625 26 31
4062 4468 375 562 31 36
1421 1625 1406 1500 44 47
0 812 1125 1500 42 52
2437 2843 750 937 52 57
1421 1625 1406 1500 47 49
3656 4062 750 937 68 73
3656 4062 750 937 15 21
1421 1625 1312 1406 57 60
1015 1218 1781 1875 49 52
2843 3046 1031 1125 39 42
1421 1625 1312 1406 52 54
4062 4468 750 937 21 26
3656 4062 750 937 73 78
1015 1218 1781 1875 54 57
1421 1625 1312 1406 60 63
4468 4875 2437 2625 73 78
1625 2437 750 1125 63 73
1421 1625 1406 1500 54 57
1421 1625 1312 1406 44 47
1421 1625 1312 1406 47 49
2843 3046 937 1031 39 42
3656 4062 750 937 26 31
1625 2437 750 1125 10 21
1421 1625 1406 1500 52 54
2843 3046 937 1031 44 47
1015 1218 1781 1875 52 54
812 1015 1312 1406 54 57
2843 3046 1031 1125 42 44
2843 3046 1031 1125 44 47
1421 1625 1406 1500 57 60
3656 4062 750 937 21 26
3656 4062 750 937 78 84
4468 4875 2437 2625 21 26
2843 3046 937 1031 42 44
1625 2437 750 1125 73 84
812 1015 1312 1406 49 52
812 1015 1406 1500 65 68
6094 6501 2437 2625 47 52
0 812 1125 1500 63 73
1421 1625 1406 1500 60 63
812 1015 1406 1500 63 65
2437 2843 937 1125 57 63
1015 1218 1781 1875 47 49
2843 3046 1031 1125 36 39
812 1015 1312 1406 57 60
1421 1625 1406 1500 42 44
6094 6501 2437 2625 52 57
0 812 1125 1500 31 42
812 1015 1406 1500 42 44
812 1015 1406 1500 39 42
2843 3046 937 1031 36 39
1421 1625 1312 1406 63 65
3656 4062 750 937 10 15
812 1015 1312 1406 60 63
1421 1625 1312 1406 42 44
812 1015 1312 1406 52 54
1421 1625 1312 1406 65 68
4468 4875 2437 2625 78 84
812 1015 1406 1500 36 39
5688 6501 2625 3001 52 63
812 1015 1312 1406 44 47
812 1015 1312 1406 47 49
2437 2843 750 937 57 63
6094 6501 2437 2625 57 63
5688 6501 2625 3001 31 42
1421 1625 1406 1500 65 68
0 812 1125 1500 21 31
0 812 1125 1500 10 21
5688 6501 2625 3001 42 52
1421 1625 1406 1500 63 65
3656 4062 750 937 5 10
0 812 1125 1500 73 84
6094 6501 2250 2437 47 52
6094 6501 2437 2625 42 47
812 1015 1312 1406 65 68
1625 2437 750 1125 0 10
6094 6501 2250 2437 52 57
812 1015 1312 1406 63 65
5078 5281 562 656 44 47
812 1015 1312 1406 39 42
812 1015 1312 1406 42 44
5078 5281 562 656 39 42
5078 5281 562 656 49 52
4062 4875 0 375 42 52
5078 5281 562 656 42 44
5078 5281 562 656 47 49
812 1015 1312 1406 36 39
5078 5281 562 656 36 39
6094 6501 2250 2437 57 63
3656 4062 750 937 0 5
5688 6501 2625 3001 63 73
5078 5281 656 750 44 47
0 812 1125 1500 0 10
4062 4875 0 375 52 63
5078 5281 656 750 49 52
5078 5281 656 750 39 42
6094 6501 2250 2437 42 47
5688 6501 2625 3001 21 31
4062 4875 0 375 31 42
5078 5281 656 750 47 49
5688 6501 2625 3001 0 10
5078 5281 656 750 42 44
5078 5281 656 750 36 39
5688 6501 2625 3001 73 84
5688 6501 2625 3001 10 21
812 1625 750 1125 42 52
4062 4875 0 375 21 31
812 1625 750 1125 31 42
4875 5688 0 375 42 52
4875 5688 0 375 52 63
812 1625 750 1125 52 63
4875 5688 0 375 31 42
5281 5688 1125 1312 57 63
5688 6501 0 375 52 63
5281 5688 1125 1312 36 42
5281 5688 1125 1312 52 57
5281 5688 1125 1312 42 47
4875 5688 2625 3001 42 52
5281 5688 1125 1312 47 52
812 1625 750 1125 21 31
812 1625 750 1125 10 21
4875 5688 0 375 63 73
0 1625 0 750 63 84
0 1625 0 750 42 63
0 1625 0 750 0 21
6094 6501 2062 2250 47 52
5688 6501 1500 1875 63 73
5688 6501 1500 1875 42 52
5281 5688 1125 1312 31 36
5688 6501 750 1125 52 63
0 406 2250 2437 57 63
6094 6501 2062 2250 52 57
5688 6501 750 1125 42 52
6094 6501 2062 2250 73 78
4875 5688 2625 3001 31 42
0 812 750 1125 21 31
6094 6501 2062 2250 68 73
4875 5688 2625 3001 52 63
6094 6501 2062 2250 57 63
6094 6501 2062 2250 63 68
4875 5688 0 375 21 31
6094 6501 2062 2250 42 47
0 1625 0 750 21 42
6094 6501 2062 2250 36 42
4875 5688 0 375 73 84
5688 6501 1125 1500 42 52
0 406 2250 2437 52 57
812 1625 750 1125 73 84
812 1625 750 1125 0 10
5281 5688 750 937 47 52
6094 6501 2062 2250 31 36
6094 6501 2062 2250 78 84
5281 5688 562 750 52 57
5688 6501 1500 1875 52 63
6094 6501 2062 2250 26 31
812 1625 750 1125 63 73
5688 6501 1500 1875 31 42
5281 5688 562 750 47 52
5281 5688 562 750 57 63
6094 6501 2062 2250 21 26
4875 5688 2625 3001 21 31
0 406 1500 1687 52 57
0 406 1500 1687 47 52
0 406 2437 2625 57 63
0 406 1687 1875 52 57
5688 6501 1500 1875 21 31
4875 5688 2625 3001 10 21
5688 6501 1500 1875 10 21
5688 6501 1500 1875 0 10
0 406 1687 1875 47 52
0 406 2437 2625 52 57
5688 6501 1500 1875 73 84
6094 6501 1875 2062 68 73
4875 5688 2625 3001 63 73
6094 6501 1875 2062 63 68
6094 6501 1875 2062 73 78
6094 6501 1875 2062 57 63
6094 6501 1875 2062 36 42
4875 5688 2625 3001 0 10
6094 6501 1875 2062 26 31
6094 6501 1875 2062 31 36
6094 6501 1875 2062 21 26
6094 6501 1875 2062 47 52
4875 5688 2625 3001 73 84
6094 6501 1875 2062 42 47
6094 6501 1875 2062 52 57
6094 6501 1875 2062 78 84
0 812 750 1125 42 52
5281 5688 375 562 47 52
5688 6501 1125 1500 52 63
0 406 2813 3001 68 73
5688 6501 375 750 73 84
0 406 2625 2813 52 57
0 812 750 1125 73 84
5688 6501 1125 1500 63 73
5688 6501 375 750 21 31
0 406 1687 1875 57 63
5688 6501 375 750 63 73
0 406 1500 1687 42 47
5688 6501 1125 1500 21 31
5281 5688 562 750 31 36
0 406 1500 1687 63 68
5281 5688 750 937 42 47
0 812 750 1125 0 10
5688 6501 0 375 42 52
0 812 750 1125 31 42
0 406 2813 3001 63 68
5281 5688 562 750 36 42
0 406 2437 2625 47 52
3250 4062 0 375 21 31
5281 5688 375 562 42 47
5281 5688 937 1125 42 47
5688 6501 0 375 73 84
5688 6501 0 375 31 42
5688 6501 750 1125 31 42
5281 5688 562 750 42 47
0 812 750 1125 52 63
3250 4062 0 375 42 52
0 406 2250 2437 47 52
5281 5688 375 562 57 63
5688 6501 750 1125 21 31
0 406 2250 2437 42 47
5688 6501 0 375 21 31
0 812 750 1125 10 21
0 406 1500 1687 57 63
5688 6501 375 750 42 52
0 406 2625 2813 57 63
5281 5688 937 1125 47 52
3250 4062 0 375 52 63
5688 6501 375 750 52 63
5281 5688 375 562 36 42
5688 6501 0 375 63 73
5281 5688 375 562 31 36
0 812 750 1125 63 73
0 406 1500 1687 68 73
5281 5688 375 562 52 57
3250 4062 0 375 31 42
0 406 2437 2625 42 47
5688 6501 750 1125 63 73
5688 6501 1125 1500 31 42
0 406 2625 2813 68 73
0 406 2813 3001 57 63
0 406 2813 3001 52 57
0 406 1687 1875 63 68
0 406 1687 1875 68 73
0 406 1687 1875 42 47
5688 6501 375 750 31 42
0 406 2625 2813 63 68
5688 6501 1125 1500 73 84
5688 6501 750 1125 73 84
