128
0 813 0 375 0 42
0 813 0 375 42 84
0 813 375 750 0 42
0 813 375 750 42 84
0 813 750 1125 0 42
0 813 750 1125 42 84
0 813 1125 1500 0 42
0 813 1125 1500 42 84
0 813 1500 1875 0 42
0 813 1500 1875 42 84
0 813 1875 2250 0 42
0 813 1875 2250 42 84
0 813 2250 2625 0 42
0 813 2250 2625 42 84
0 813 2625 3001 0 42
0 813 2625 3001 42 84
813 1625 0 375 0 42
813 1625 0 375 42 84
813 1625 375 750 0 42
813 1625 375 750 42 84
813 1625 750 1125 0 42
813 1625 750 1125 42 84
813 1625 1125 1500 0 42
813 1625 1125 1500 42 84
813 1625 1500 1875 0 42
813 1625 1500 1875 42 84
813 1625 1875 2250 0 42
813 1625 1875 2250 42 84
813 1625 2250 2625 0 42
813 1625 2250 2625 42 84
813 1625 2625 3001 0 42
813 1625 2625 3001 42 84
1625 2438 0 375 0 42
1625 2438 0 375 42 84
1625 2438 375 750 0 42
1625 2438 375 750 42 84
1625 2438 750 1125 0 42
1625 2438 750 1125 42 84
1625 2438 1125 1500 0 42
1625 2438 1125 1500 42 84
1625 2438 1500 1875 0 42
1625 2438 1500 1875 42 84
1625 2438 1875 2250 0 42
1625 2438 1875 2250 42 84
1625 2438 2250 2625 0 42
1625 2438 2250 2625 42 84
1625 2438 2625 3001 0 42
1625 2438 2625 3001 42 84
2438 3250 0 375 0 42
2438 3250 0 375 42 84
2438 3250 375 750 0 42
2438 3250 375 750 42 84
2438 3250 750 1125 0 42
2438 3250 750 1125 42 84
2438 3250 1125 1500 0 42
2438 3250 1125 1500 42 84
2438 3250 1500 1875 0 42
2438 3250 1500 1875 42 84
2438 3250 1875 2250 0 42
2438 3250 1875 2250 42 84
2438 3250 2250 2625 0 42
2438 3250 2250 2625 42 84
2438 3250 2625 3001 0 42
2438 3250 2625 3001 42 84
3250 4063 0 375 0 42
3250 4063 0 375 42 84
3250 4063 375 750 0 42
3250 4063 375 750 42 84
3250 4063 750 1125 0 42
3250 4063 750 1125 42 84
3250 4063 1125 1500 0 42
3250 4063 1125 1500 42 84
3250 4063 1500 1875 0 42
3250 4063 1500 1875 42 84
3250 4063 1875 2250 0 42
3250 4063 1875 2250 42 84
3250 4063 2250 2625 0 42
3250 4063 2250 2625 42 84
3250 4063 2625 3001 0 42
3250 4063 2625 3001 42 84
4063 4875 0 375 0 42
4063 4875 0 375 42 84
4063 4875 375 750 0 42
4063 4875 375 750 42 84
4063 4875 750 1125 0 42
4063 4875 750 1125 42 84
4063 4875 1125 1500 0 42
4063 4875 1125 1500 42 84
4063 4875 1500 1875 0 42
4063 4875 1500 1875 42 84
4063 4875 1875 2250 0 42
4063 4875 1875 2250 42 84
4063 4875 2250 2625 0 42
4063 4875 2250 2625 42 84
4063 4875 2625 3001 0 42
4063 4875 2625 3001 42 84
4875 5688 0 375 0 42
4875 5688 0 375 42 84
4875 5688 375 750 0 42
4875 5688 375 750 42 84
4875 5688 750 1125 0 42
4875 5688 750 1125 42 84
4875 5688 1125 1500 0 42
4875 5688 1125 1500 42 84
4875 5688 1500 1875 0 42
4875 5688 1500 1875 42 84
4875 5688 1875 2250 0 42
4875 5688 1875 2250 42 84
4875 5688 2250 2625 0 42
4875 5688 2250 2625 42 84
4875 5688 2625 3001 0 42
4875 5688 2625 3001 42 84
5688 6501 0 375 0 42
5688 6501 0 375 42 84
5688 6501 375 750 0 42
5688 6501 375 750 42 84
5688 6501 750 1125 0 42
5688 6501 750 1125 42 84
5688 6501 1125 1500 0 42
5688 6501 1125 1500 42 84
5688 6501 1500 1875 0 42
5688 6501 1500 1875 42 84
5688 6501 1875 2250 0 42
5688 6501 1875 2250 42 84
5688 6501 2250 2625 0 42
5688 6501 2250 2625 42 84
5688 6501 2625 3001 0 42
5688 6501 2625 3001 42 84
