4096
0 9 0 4 0 6
0 9 0 4 6 11
0 9 0 4 11 16
0 9 0 4 16 21
0 9 0 4 21 26
0 9 0 4 26 32
0 9 0 4 32 37
0 9 0 4 37 42
0 9 0 4 42 47
0 9 0 4 47 52
0 9 0 4 52 58
0 9 0 4 58 63
0 9 0 4 63 68
0 9 0 4 68 73
0 9 0 4 73 78
0 9 0 4 78 84
0 9 4 8 0 6
0 9 4 8 6 11
0 9 4 8 11 16
0 9 4 8 16 21
0 9 4 8 21 26
0 9 4 8 26 32
0 9 4 8 32 37
0 9 4 8 37 42
0 9 4 8 42 47
0 9 4 8 47 52
0 9 4 8 52 58
0 9 4 8 58 63
0 9 4 8 63 68
0 9 4 8 68 73
0 9 4 8 73 78
0 9 4 8 78 84
0 9 8 12 0 6
0 9 8 12 6 11
0 9 8 12 11 16
0 9 8 12 16 21
0 9 8 12 21 26
0 9 8 12 26 32
0 9 8 12 32 37
0 9 8 12 37 42
0 9 8 12 42 47
0 9 8 12 47 52
0 9 8 12 52 58
0 9 8 12 58 63
0 9 8 12 63 68
0 9 8 12 68 73
0 9 8 12 73 78
0 9 8 12 78 84
0 9 12 15 0 6
0 9 12 15 6 11
0 9 12 15 11 16
0 9 12 15 16 21
0 9 12 15 21 26
0 9 12 15 26 32
0 9 12 15 32 37
0 9 12 15 37 42
0 9 12 15 42 47
0 9 12 15 47 52
0 9 12 15 52 58
0 9 12 15 58 63
0 9 12 15 63 68
0 9 12 15 68 73
0 9 12 15 73 78
0 9 12 15 78 84
0 9 15 19 0 6
0 9 15 19 6 11
0 9 15 19 11 16
0 9 15 19 16 21
0 9 15 19 21 26
0 9 15 19 26 32
0 9 15 19 32 37
0 9 15 19 37 42
0 9 15 19 42 47
0 9 15 19 47 52
0 9 15 19 52 58
0 9 15 19 58 63
0 9 15 19 63 68
0 9 15 19 68 73
0 9 15 19 73 78
0 9 15 19 78 84
0 9 19 23 0 6
0 9 19 23 6 11
0 9 19 23 11 16
0 9 19 23 16 21
0 9 19 23 21 26
0 9 19 23 26 32
0 9 19 23 32 37
0 9 19 23 37 42
0 9 19 23 42 47
0 9 19 23 47 52
0 9 19 23 52 58
0 9 19 23 58 63
0 9 19 23 63 68
0 9 19 23 68 73
0 9 19 23 73 78
0 9 19 23 78 84
0 9 23 27 0 6
0 9 23 27 6 11
0 9 23 27 11 16
0 9 23 27 16 21
0 9 23 27 21 26
0 9 23 27 26 32
0 9 23 27 32 37
0 9 23 27 37 42
0 9 23 27 42 47
0 9 23 27 47 52
0 9 23 27 52 58
0 9 23 27 58 63
0 9 23 27 63 68
0 9 23 27 68 73
0 9 23 27 73 78
0 9 23 27 78 84
0 9 27 30 0 6
0 9 27 30 6 11
0 9 27 30 11 16
0 9 27 30 16 21
0 9 27 30 21 26
0 9 27 30 26 32
0 9 27 30 32 37
0 9 27 30 37 42
0 9 27 30 42 47
0 9 27 30 47 52
0 9 27 30 52 58
0 9 27 30 58 63
0 9 27 30 63 68
0 9 27 30 68 73
0 9 27 30 73 78
0 9 27 30 78 84
0 9 30 34 0 6
0 9 30 34 6 11
0 9 30 34 11 16
0 9 30 34 16 21
0 9 30 34 21 26
0 9 30 34 26 32
0 9 30 34 32 37
0 9 30 34 37 42
0 9 30 34 42 47
0 9 30 34 47 52
0 9 30 34 52 58
0 9 30 34 58 63
0 9 30 34 63 68
0 9 30 34 68 73
0 9 30 34 73 78
0 9 30 34 78 84
0 9 34 38 0 6
0 9 34 38 6 11
0 9 34 38 11 16
0 9 34 38 16 21
0 9 34 38 21 26
0 9 34 38 26 32
0 9 34 38 32 37
0 9 34 38 37 42
0 9 34 38 42 47
0 9 34 38 47 52
0 9 34 38 52 58
0 9 34 38 58 63
0 9 34 38 63 68
0 9 34 38 68 73
0 9 34 38 73 78
0 9 34 38 78 84
0 9 38 42 0 6
0 9 38 42 6 11
0 9 38 42 11 16
0 9 38 42 16 21
0 9 38 42 21 26
0 9 38 42 26 32
0 9 38 42 32 37
0 9 38 42 37 42
0 9 38 42 42 47
0 9 38 42 47 52
0 9 38 42 52 58
0 9 38 42 58 63
0 9 38 42 63 68
0 9 38 42 68 73
0 9 38 42 73 78
0 9 38 42 78 84
0 9 42 45 0 6
0 9 42 45 6 11
0 9 42 45 11 16
0 9 42 45 16 21
0 9 42 45 21 26
0 9 42 45 26 32
0 9 42 45 32 37
0 9 42 45 37 42
0 9 42 45 42 47
0 9 42 45 47 52
0 9 42 45 52 58
0 9 42 45 58 63
0 9 42 45 63 68
0 9 42 45 68 73
0 9 42 45 73 78
0 9 42 45 78 84
0 9 45 49 0 6
0 9 45 49 6 11
0 9 45 49 11 16
0 9 45 49 16 21
0 9 45 49 21 26
0 9 45 49 26 32
0 9 45 49 32 37
0 9 45 49 37 42
0 9 45 49 42 47
0 9 45 49 47 52
0 9 45 49 52 58
0 9 45 49 58 63
0 9 45 49 63 68
0 9 45 49 68 73
0 9 45 49 73 78
0 9 45 49 78 84
0 9 49 53 0 6
0 9 49 53 6 11
0 9 49 53 11 16
0 9 49 53 16 21
0 9 49 53 21 26
0 9 49 53 26 32
0 9 49 53 32 37
0 9 49 53 37 42
0 9 49 53 42 47
0 9 49 53 47 52
0 9 49 53 52 58
0 9 49 53 58 63
0 9 49 53 63 68
0 9 49 53 68 73
0 9 49 53 73 78
0 9 49 53 78 84
0 9 53 57 0 6
0 9 53 57 6 11
0 9 53 57 11 16
0 9 53 57 16 21
0 9 53 57 21 26
0 9 53 57 26 32
0 9 53 57 32 37
0 9 53 57 37 42
0 9 53 57 42 47
0 9 53 57 47 52
0 9 53 57 52 58
0 9 53 57 58 63
0 9 53 57 63 68
0 9 53 57 68 73
0 9 53 57 73 78
0 9 53 57 78 84
0 9 57 61 0 6
0 9 57 61 6 11
0 9 57 61 11 16
0 9 57 61 16 21
0 9 57 61 21 26
0 9 57 61 26 32
0 9 57 61 32 37
0 9 57 61 37 42
0 9 57 61 42 47
0 9 57 61 47 52
0 9 57 61 52 58
0 9 57 61 58 63
0 9 57 61 63 68
0 9 57 61 68 73
0 9 57 61 73 78
0 9 57 61 78 84
9 17 0 4 0 6
9 17 0 4 6 11
9 17 0 4 11 16
9 17 0 4 16 21
9 17 0 4 21 26
9 17 0 4 26 32
9 17 0 4 32 37
9 17 0 4 37 42
9 17 0 4 42 47
9 17 0 4 47 52
9 17 0 4 52 58
9 17 0 4 58 63
9 17 0 4 63 68
9 17 0 4 68 73
9 17 0 4 73 78
9 17 0 4 78 84
9 17 4 8 0 6
9 17 4 8 6 11
9 17 4 8 11 16
9 17 4 8 16 21
9 17 4 8 21 26
9 17 4 8 26 32
9 17 4 8 32 37
9 17 4 8 37 42
9 17 4 8 42 47
9 17 4 8 47 52
9 17 4 8 52 58
9 17 4 8 58 63
9 17 4 8 63 68
9 17 4 8 68 73
9 17 4 8 73 78
9 17 4 8 78 84
9 17 8 12 0 6
9 17 8 12 6 11
9 17 8 12 11 16
9 17 8 12 16 21
9 17 8 12 21 26
9 17 8 12 26 32
9 17 8 12 32 37
9 17 8 12 37 42
9 17 8 12 42 47
9 17 8 12 47 52
9 17 8 12 52 58
9 17 8 12 58 63
9 17 8 12 63 68
9 17 8 12 68 73
9 17 8 12 73 78
9 17 8 12 78 84
9 17 12 15 0 6
9 17 12 15 6 11
9 17 12 15 11 16
9 17 12 15 16 21
9 17 12 15 21 26
9 17 12 15 26 32
9 17 12 15 32 37
9 17 12 15 37 42
9 17 12 15 42 47
9 17 12 15 47 52
9 17 12 15 52 58
9 17 12 15 58 63
9 17 12 15 63 68
9 17 12 15 68 73
9 17 12 15 73 78
9 17 12 15 78 84
9 17 15 19 0 6
9 17 15 19 6 11
9 17 15 19 11 16
9 17 15 19 16 21
9 17 15 19 21 26
9 17 15 19 26 32
9 17 15 19 32 37
9 17 15 19 37 42
9 17 15 19 42 47
9 17 15 19 47 52
9 17 15 19 52 58
9 17 15 19 58 63
9 17 15 19 63 68
9 17 15 19 68 73
9 17 15 19 73 78
9 17 15 19 78 84
9 17 19 23 0 6
9 17 19 23 6 11
9 17 19 23 11 16
9 17 19 23 16 21
9 17 19 23 21 26
9 17 19 23 26 32
9 17 19 23 32 37
9 17 19 23 37 42
9 17 19 23 42 47
9 17 19 23 47 52
9 17 19 23 52 58
9 17 19 23 58 63
9 17 19 23 63 68
9 17 19 23 68 73
9 17 19 23 73 78
9 17 19 23 78 84
9 17 23 27 0 6
9 17 23 27 6 11
9 17 23 27 11 16
9 17 23 27 16 21
9 17 23 27 21 26
9 17 23 27 26 32
9 17 23 27 32 37
9 17 23 27 37 42
9 17 23 27 42 47
9 17 23 27 47 52
9 17 23 27 52 58
9 17 23 27 58 63
9 17 23 27 63 68
9 17 23 27 68 73
9 17 23 27 73 78
9 17 23 27 78 84
9 17 27 30 0 6
9 17 27 30 6 11
9 17 27 30 11 16
9 17 27 30 16 21
9 17 27 30 21 26
9 17 27 30 26 32
9 17 27 30 32 37
9 17 27 30 37 42
9 17 27 30 42 47
9 17 27 30 47 52
9 17 27 30 52 58
9 17 27 30 58 63
9 17 27 30 63 68
9 17 27 30 68 73
9 17 27 30 73 78
9 17 27 30 78 84
9 17 30 34 0 6
9 17 30 34 6 11
9 17 30 34 11 16
9 17 30 34 16 21
9 17 30 34 21 26
9 17 30 34 26 32
9 17 30 34 32 37
9 17 30 34 37 42
9 17 30 34 42 47
9 17 30 34 47 52
9 17 30 34 52 58
9 17 30 34 58 63
9 17 30 34 63 68
9 17 30 34 68 73
9 17 30 34 73 78
9 17 30 34 78 84
9 17 34 38 0 6
9 17 34 38 6 11
9 17 34 38 11 16
9 17 34 38 16 21
9 17 34 38 21 26
9 17 34 38 26 32
9 17 34 38 32 37
9 17 34 38 37 42
9 17 34 38 42 47
9 17 34 38 47 52
9 17 34 38 52 58
9 17 34 38 58 63
9 17 34 38 63 68
9 17 34 38 68 73
9 17 34 38 73 78
9 17 34 38 78 84
9 17 38 42 0 6
9 17 38 42 6 11
9 17 38 42 11 16
9 17 38 42 16 21
9 17 38 42 21 26
9 17 38 42 26 32
9 17 38 42 32 37
9 17 38 42 37 42
9 17 38 42 42 47
9 17 38 42 47 52
9 17 38 42 52 58
9 17 38 42 58 63
9 17 38 42 63 68
9 17 38 42 68 73
9 17 38 42 73 78
9 17 38 42 78 84
9 17 42 45 0 6
9 17 42 45 6 11
9 17 42 45 11 16
9 17 42 45 16 21
9 17 42 45 21 26
9 17 42 45 26 32
9 17 42 45 32 37
9 17 42 45 37 42
9 17 42 45 42 47
9 17 42 45 47 52
9 17 42 45 52 58
9 17 42 45 58 63
9 17 42 45 63 68
9 17 42 45 68 73
9 17 42 45 73 78
9 17 42 45 78 84
9 17 45 49 0 6
9 17 45 49 6 11
9 17 45 49 11 16
9 17 45 49 16 21
9 17 45 49 21 26
9 17 45 49 26 32
9 17 45 49 32 37
9 17 45 49 37 42
9 17 45 49 42 47
9 17 45 49 47 52
9 17 45 49 52 58
9 17 45 49 58 63
9 17 45 49 63 68
9 17 45 49 68 73
9 17 45 49 73 78
9 17 45 49 78 84
9 17 49 53 0 6
9 17 49 53 6 11
9 17 49 53 11 16
9 17 49 53 16 21
9 17 49 53 21 26
9 17 49 53 26 32
9 17 49 53 32 37
9 17 49 53 37 42
9 17 49 53 42 47
9 17 49 53 47 52
9 17 49 53 52 58
9 17 49 53 58 63
9 17 49 53 63 68
9 17 49 53 68 73
9 17 49 53 73 78
9 17 49 53 78 84
9 17 53 57 0 6
9 17 53 57 6 11
9 17 53 57 11 16
9 17 53 57 16 21
9 17 53 57 21 26
9 17 53 57 26 32
9 17 53 57 32 37
9 17 53 57 37 42
9 17 53 57 42 47
9 17 53 57 47 52
9 17 53 57 52 58
9 17 53 57 58 63
9 17 53 57 63 68
9 17 53 57 68 73
9 17 53 57 73 78
9 17 53 57 78 84
9 17 57 61 0 6
9 17 57 61 6 11
9 17 57 61 11 16
9 17 57 61 16 21
9 17 57 61 21 26
9 17 57 61 26 32
9 17 57 61 32 37
9 17 57 61 37 42
9 17 57 61 42 47
9 17 57 61 47 52
9 17 57 61 52 58
9 17 57 61 58 63
9 17 57 61 63 68
9 17 57 61 68 73
9 17 57 61 73 78
9 17 57 61 78 84
17 25 0 4 0 6
17 25 0 4 6 11
17 25 0 4 11 16
17 25 0 4 16 21
17 25 0 4 21 26
17 25 0 4 26 32
17 25 0 4 32 37
17 25 0 4 37 42
17 25 0 4 42 47
17 25 0 4 47 52
17 25 0 4 52 58
17 25 0 4 58 63
17 25 0 4 63 68
17 25 0 4 68 73
17 25 0 4 73 78
17 25 0 4 78 84
17 25 4 8 0 6
17 25 4 8 6 11
17 25 4 8 11 16
17 25 4 8 16 21
17 25 4 8 21 26
17 25 4 8 26 32
17 25 4 8 32 37
17 25 4 8 37 42
17 25 4 8 42 47
17 25 4 8 47 52
17 25 4 8 52 58
17 25 4 8 58 63
17 25 4 8 63 68
17 25 4 8 68 73
17 25 4 8 73 78
17 25 4 8 78 84
17 25 8 12 0 6
17 25 8 12 6 11
17 25 8 12 11 16
17 25 8 12 16 21
17 25 8 12 21 26
17 25 8 12 26 32
17 25 8 12 32 37
17 25 8 12 37 42
17 25 8 12 42 47
17 25 8 12 47 52
17 25 8 12 52 58
17 25 8 12 58 63
17 25 8 12 63 68
17 25 8 12 68 73
17 25 8 12 73 78
17 25 8 12 78 84
17 25 12 15 0 6
17 25 12 15 6 11
17 25 12 15 11 16
17 25 12 15 16 21
17 25 12 15 21 26
17 25 12 15 26 32
17 25 12 15 32 37
17 25 12 15 37 42
17 25 12 15 42 47
17 25 12 15 47 52
17 25 12 15 52 58
17 25 12 15 58 63
17 25 12 15 63 68
17 25 12 15 68 73
17 25 12 15 73 78
17 25 12 15 78 84
17 25 15 19 0 6
17 25 15 19 6 11
17 25 15 19 11 16
17 25 15 19 16 21
17 25 15 19 21 26
17 25 15 19 26 32
17 25 15 19 32 37
17 25 15 19 37 42
17 25 15 19 42 47
17 25 15 19 47 52
17 25 15 19 52 58
17 25 15 19 58 63
17 25 15 19 63 68
17 25 15 19 68 73
17 25 15 19 73 78
17 25 15 19 78 84
17 25 19 23 0 6
17 25 19 23 6 11
17 25 19 23 11 16
17 25 19 23 16 21
17 25 19 23 21 26
17 25 19 23 26 32
17 25 19 23 32 37
17 25 19 23 37 42
17 25 19 23 42 47
17 25 19 23 47 52
17 25 19 23 52 58
17 25 19 23 58 63
17 25 19 23 63 68
17 25 19 23 68 73
17 25 19 23 73 78
17 25 19 23 78 84
17 25 23 27 0 6
17 25 23 27 6 11
17 25 23 27 11 16
17 25 23 27 16 21
17 25 23 27 21 26
17 25 23 27 26 32
17 25 23 27 32 37
17 25 23 27 37 42
17 25 23 27 42 47
17 25 23 27 47 52
17 25 23 27 52 58
17 25 23 27 58 63
17 25 23 27 63 68
17 25 23 27 68 73
17 25 23 27 73 78
17 25 23 27 78 84
17 25 27 30 0 6
17 25 27 30 6 11
17 25 27 30 11 16
17 25 27 30 16 21
17 25 27 30 21 26
17 25 27 30 26 32
17 25 27 30 32 37
17 25 27 30 37 42
17 25 27 30 42 47
17 25 27 30 47 52
17 25 27 30 52 58
17 25 27 30 58 63
17 25 27 30 63 68
17 25 27 30 68 73
17 25 27 30 73 78
17 25 27 30 78 84
17 25 30 34 0 6
17 25 30 34 6 11
17 25 30 34 11 16
17 25 30 34 16 21
17 25 30 34 21 26
17 25 30 34 26 32
17 25 30 34 32 37
17 25 30 34 37 42
17 25 30 34 42 47
17 25 30 34 47 52
17 25 30 34 52 58
17 25 30 34 58 63
17 25 30 34 63 68
17 25 30 34 68 73
17 25 30 34 73 78
17 25 30 34 78 84
17 25 34 38 0 6
17 25 34 38 6 11
17 25 34 38 11 16
17 25 34 38 16 21
17 25 34 38 21 26
17 25 34 38 26 32
17 25 34 38 32 37
17 25 34 38 37 42
17 25 34 38 42 47
17 25 34 38 47 52
17 25 34 38 52 58
17 25 34 38 58 63
17 25 34 38 63 68
17 25 34 38 68 73
17 25 34 38 73 78
17 25 34 38 78 84
17 25 38 42 0 6
17 25 38 42 6 11
17 25 38 42 11 16
17 25 38 42 16 21
17 25 38 42 21 26
17 25 38 42 26 32
17 25 38 42 32 37
17 25 38 42 37 42
17 25 38 42 42 47
17 25 38 42 47 52
17 25 38 42 52 58
17 25 38 42 58 63
17 25 38 42 63 68
17 25 38 42 68 73
17 25 38 42 73 78
17 25 38 42 78 84
17 25 42 45 0 6
17 25 42 45 6 11
17 25 42 45 11 16
17 25 42 45 16 21
17 25 42 45 21 26
17 25 42 45 26 32
17 25 42 45 32 37
17 25 42 45 37 42
17 25 42 45 42 47
17 25 42 45 47 52
17 25 42 45 52 58
17 25 42 45 58 63
17 25 42 45 63 68
17 25 42 45 68 73
17 25 42 45 73 78
17 25 42 45 78 84
17 25 45 49 0 6
17 25 45 49 6 11
17 25 45 49 11 16
17 25 45 49 16 21
17 25 45 49 21 26
17 25 45 49 26 32
17 25 45 49 32 37
17 25 45 49 37 42
17 25 45 49 42 47
17 25 45 49 47 52
17 25 45 49 52 58
17 25 45 49 58 63
17 25 45 49 63 68
17 25 45 49 68 73
17 25 45 49 73 78
17 25 45 49 78 84
17 25 49 53 0 6
17 25 49 53 6 11
17 25 49 53 11 16
17 25 49 53 16 21
17 25 49 53 21 26
17 25 49 53 26 32
17 25 49 53 32 37
17 25 49 53 37 42
17 25 49 53 42 47
17 25 49 53 47 52
17 25 49 53 52 58
17 25 49 53 58 63
17 25 49 53 63 68
17 25 49 53 68 73
17 25 49 53 73 78
17 25 49 53 78 84
17 25 53 57 0 6
17 25 53 57 6 11
17 25 53 57 11 16
17 25 53 57 16 21
17 25 53 57 21 26
17 25 53 57 26 32
17 25 53 57 32 37
17 25 53 57 37 42
17 25 53 57 42 47
17 25 53 57 47 52
17 25 53 57 52 58
17 25 53 57 58 63
17 25 53 57 63 68
17 25 53 57 68 73
17 25 53 57 73 78
17 25 53 57 78 84
17 25 57 61 0 6
17 25 57 61 6 11
17 25 57 61 11 16
17 25 57 61 16 21
17 25 57 61 21 26
17 25 57 61 26 32
17 25 57 61 32 37
17 25 57 61 37 42
17 25 57 61 42 47
17 25 57 61 47 52
17 25 57 61 52 58
17 25 57 61 58 63
17 25 57 61 63 68
17 25 57 61 68 73
17 25 57 61 73 78
17 25 57 61 78 84
25 33 0 4 0 6
25 33 0 4 6 11
25 33 0 4 11 16
25 33 0 4 16 21
25 33 0 4 21 26
25 33 0 4 26 32
25 33 0 4 32 37
25 33 0 4 37 42
25 33 0 4 42 47
25 33 0 4 47 52
25 33 0 4 52 58
25 33 0 4 58 63
25 33 0 4 63 68
25 33 0 4 68 73
25 33 0 4 73 78
25 33 0 4 78 84
25 33 4 8 0 6
25 33 4 8 6 11
25 33 4 8 11 16
25 33 4 8 16 21
25 33 4 8 21 26
25 33 4 8 26 32
25 33 4 8 32 37
25 33 4 8 37 42
25 33 4 8 42 47
25 33 4 8 47 52
25 33 4 8 52 58
25 33 4 8 58 63
25 33 4 8 63 68
25 33 4 8 68 73
25 33 4 8 73 78
25 33 4 8 78 84
25 33 8 12 0 6
25 33 8 12 6 11
25 33 8 12 11 16
25 33 8 12 16 21
25 33 8 12 21 26
25 33 8 12 26 32
25 33 8 12 32 37
25 33 8 12 37 42
25 33 8 12 42 47
25 33 8 12 47 52
25 33 8 12 52 58
25 33 8 12 58 63
25 33 8 12 63 68
25 33 8 12 68 73
25 33 8 12 73 78
25 33 8 12 78 84
25 33 12 15 0 6
25 33 12 15 6 11
25 33 12 15 11 16
25 33 12 15 16 21
25 33 12 15 21 26
25 33 12 15 26 32
25 33 12 15 32 37
25 33 12 15 37 42
25 33 12 15 42 47
25 33 12 15 47 52
25 33 12 15 52 58
25 33 12 15 58 63
25 33 12 15 63 68
25 33 12 15 68 73
25 33 12 15 73 78
25 33 12 15 78 84
25 33 15 19 0 6
25 33 15 19 6 11
25 33 15 19 11 16
25 33 15 19 16 21
25 33 15 19 21 26
25 33 15 19 26 32
25 33 15 19 32 37
25 33 15 19 37 42
25 33 15 19 42 47
25 33 15 19 47 52
25 33 15 19 52 58
25 33 15 19 58 63
25 33 15 19 63 68
25 33 15 19 68 73
25 33 15 19 73 78
25 33 15 19 78 84
25 33 19 23 0 6
25 33 19 23 6 11
25 33 19 23 11 16
25 33 19 23 16 21
25 33 19 23 21 26
25 33 19 23 26 32
25 33 19 23 32 37
25 33 19 23 37 42
25 33 19 23 42 47
25 33 19 23 47 52
25 33 19 23 52 58
25 33 19 23 58 63
25 33 19 23 63 68
25 33 19 23 68 73
25 33 19 23 73 78
25 33 19 23 78 84
25 33 23 27 0 6
25 33 23 27 6 11
25 33 23 27 11 16
25 33 23 27 16 21
25 33 23 27 21 26
25 33 23 27 26 32
25 33 23 27 32 37
25 33 23 27 37 42
25 33 23 27 42 47
25 33 23 27 47 52
25 33 23 27 52 58
25 33 23 27 58 63
25 33 23 27 63 68
25 33 23 27 68 73
25 33 23 27 73 78
25 33 23 27 78 84
25 33 27 30 0 6
25 33 27 30 6 11
25 33 27 30 11 16
25 33 27 30 16 21
25 33 27 30 21 26
25 33 27 30 26 32
25 33 27 30 32 37
25 33 27 30 37 42
25 33 27 30 42 47
25 33 27 30 47 52
25 33 27 30 52 58
25 33 27 30 58 63
25 33 27 30 63 68
25 33 27 30 68 73
25 33 27 30 73 78
25 33 27 30 78 84
25 33 30 34 0 6
25 33 30 34 6 11
25 33 30 34 11 16
25 33 30 34 16 21
25 33 30 34 21 26
25 33 30 34 26 32
25 33 30 34 32 37
25 33 30 34 37 42
25 33 30 34 42 47
25 33 30 34 47 52
25 33 30 34 52 58
25 33 30 34 58 63
25 33 30 34 63 68
25 33 30 34 68 73
25 33 30 34 73 78
25 33 30 34 78 84
25 33 34 38 0 6
25 33 34 38 6 11
25 33 34 38 11 16
25 33 34 38 16 21
25 33 34 38 21 26
25 33 34 38 26 32
25 33 34 38 32 37
25 33 34 38 37 42
25 33 34 38 42 47
25 33 34 38 47 52
25 33 34 38 52 58
25 33 34 38 58 63
25 33 34 38 63 68
25 33 34 38 68 73
25 33 34 38 73 78
25 33 34 38 78 84
25 33 38 42 0 6
25 33 38 42 6 11
25 33 38 42 11 16
25 33 38 42 16 21
25 33 38 42 21 26
25 33 38 42 26 32
25 33 38 42 32 37
25 33 38 42 37 42
25 33 38 42 42 47
25 33 38 42 47 52
25 33 38 42 52 58
25 33 38 42 58 63
25 33 38 42 63 68
25 33 38 42 68 73
25 33 38 42 73 78
25 33 38 42 78 84
25 33 42 45 0 6
25 33 42 45 6 11
25 33 42 45 11 16
25 33 42 45 16 21
25 33 42 45 21 26
25 33 42 45 26 32
25 33 42 45 32 37
25 33 42 45 37 42
25 33 42 45 42 47
25 33 42 45 47 52
25 33 42 45 52 58
25 33 42 45 58 63
25 33 42 45 63 68
25 33 42 45 68 73
25 33 42 45 73 78
25 33 42 45 78 84
25 33 45 49 0 6
25 33 45 49 6 11
25 33 45 49 11 16
25 33 45 49 16 21
25 33 45 49 21 26
25 33 45 49 26 32
25 33 45 49 32 37
25 33 45 49 37 42
25 33 45 49 42 47
25 33 45 49 47 52
25 33 45 49 52 58
25 33 45 49 58 63
25 33 45 49 63 68
25 33 45 49 68 73
25 33 45 49 73 78
25 33 45 49 78 84
25 33 49 53 0 6
25 33 49 53 6 11
25 33 49 53 11 16
25 33 49 53 16 21
25 33 49 53 21 26
25 33 49 53 26 32
25 33 49 53 32 37
25 33 49 53 37 42
25 33 49 53 42 47
25 33 49 53 47 52
25 33 49 53 52 58
25 33 49 53 58 63
25 33 49 53 63 68
25 33 49 53 68 73
25 33 49 53 73 78
25 33 49 53 78 84
25 33 53 57 0 6
25 33 53 57 6 11
25 33 53 57 11 16
25 33 53 57 16 21
25 33 53 57 21 26
25 33 53 57 26 32
25 33 53 57 32 37
25 33 53 57 37 42
25 33 53 57 42 47
25 33 53 57 47 52
25 33 53 57 52 58
25 33 53 57 58 63
25 33 53 57 63 68
25 33 53 57 68 73
25 33 53 57 73 78
25 33 53 57 78 84
25 33 57 61 0 6
25 33 57 61 6 11
25 33 57 61 11 16
25 33 57 61 16 21
25 33 57 61 21 26
25 33 57 61 26 32
25 33 57 61 32 37
25 33 57 61 37 42
25 33 57 61 42 47
25 33 57 61 47 52
25 33 57 61 52 58
25 33 57 61 58 63
25 33 57 61 63 68
25 33 57 61 68 73
25 33 57 61 73 78
25 33 57 61 78 84
33 41 0 4 0 6
33 41 0 4 6 11
33 41 0 4 11 16
33 41 0 4 16 21
33 41 0 4 21 26
33 41 0 4 26 32
33 41 0 4 32 37
33 41 0 4 37 42
33 41 0 4 42 47
33 41 0 4 47 52
33 41 0 4 52 58
33 41 0 4 58 63
33 41 0 4 63 68
33 41 0 4 68 73
33 41 0 4 73 78
33 41 0 4 78 84
33 41 4 8 0 6
33 41 4 8 6 11
33 41 4 8 11 16
33 41 4 8 16 21
33 41 4 8 21 26
33 41 4 8 26 32
33 41 4 8 32 37
33 41 4 8 37 42
33 41 4 8 42 47
33 41 4 8 47 52
33 41 4 8 52 58
33 41 4 8 58 63
33 41 4 8 63 68
33 41 4 8 68 73
33 41 4 8 73 78
33 41 4 8 78 84
33 41 8 12 0 6
33 41 8 12 6 11
33 41 8 12 11 16
33 41 8 12 16 21
33 41 8 12 21 26
33 41 8 12 26 32
33 41 8 12 32 37
33 41 8 12 37 42
33 41 8 12 42 47
33 41 8 12 47 52
33 41 8 12 52 58
33 41 8 12 58 63
33 41 8 12 63 68
33 41 8 12 68 73
33 41 8 12 73 78
33 41 8 12 78 84
33 41 12 15 0 6
33 41 12 15 6 11
33 41 12 15 11 16
33 41 12 15 16 21
33 41 12 15 21 26
33 41 12 15 26 32
33 41 12 15 32 37
33 41 12 15 37 42
33 41 12 15 42 47
33 41 12 15 47 52
33 41 12 15 52 58
33 41 12 15 58 63
33 41 12 15 63 68
33 41 12 15 68 73
33 41 12 15 73 78
33 41 12 15 78 84
33 41 15 19 0 6
33 41 15 19 6 11
33 41 15 19 11 16
33 41 15 19 16 21
33 41 15 19 21 26
33 41 15 19 26 32
33 41 15 19 32 37
33 41 15 19 37 42
33 41 15 19 42 47
33 41 15 19 47 52
33 41 15 19 52 58
33 41 15 19 58 63
33 41 15 19 63 68
33 41 15 19 68 73
33 41 15 19 73 78
33 41 15 19 78 84
33 41 19 23 0 6
33 41 19 23 6 11
33 41 19 23 11 16
33 41 19 23 16 21
33 41 19 23 21 26
33 41 19 23 26 32
33 41 19 23 32 37
33 41 19 23 37 42
33 41 19 23 42 47
33 41 19 23 47 52
33 41 19 23 52 58
33 41 19 23 58 63
33 41 19 23 63 68
33 41 19 23 68 73
33 41 19 23 73 78
33 41 19 23 78 84
33 41 23 27 0 6
33 41 23 27 6 11
33 41 23 27 11 16
33 41 23 27 16 21
33 41 23 27 21 26
33 41 23 27 26 32
33 41 23 27 32 37
33 41 23 27 37 42
33 41 23 27 42 47
33 41 23 27 47 52
33 41 23 27 52 58
33 41 23 27 58 63
33 41 23 27 63 68
33 41 23 27 68 73
33 41 23 27 73 78
33 41 23 27 78 84
33 41 27 30 0 6
33 41 27 30 6 11
33 41 27 30 11 16
33 41 27 30 16 21
33 41 27 30 21 26
33 41 27 30 26 32
33 41 27 30 32 37
33 41 27 30 37 42
33 41 27 30 42 47
33 41 27 30 47 52
33 41 27 30 52 58
33 41 27 30 58 63
33 41 27 30 63 68
33 41 27 30 68 73
33 41 27 30 73 78
33 41 27 30 78 84
33 41 30 34 0 6
33 41 30 34 6 11
33 41 30 34 11 16
33 41 30 34 16 21
33 41 30 34 21 26
33 41 30 34 26 32
33 41 30 34 32 37
33 41 30 34 37 42
33 41 30 34 42 47
33 41 30 34 47 52
33 41 30 34 52 58
33 41 30 34 58 63
33 41 30 34 63 68
33 41 30 34 68 73
33 41 30 34 73 78
33 41 30 34 78 84
33 41 34 38 0 6
33 41 34 38 6 11
33 41 34 38 11 16
33 41 34 38 16 21
33 41 34 38 21 26
33 41 34 38 26 32
33 41 34 38 32 37
33 41 34 38 37 42
33 41 34 38 42 47
33 41 34 38 47 52
33 41 34 38 52 58
33 41 34 38 58 63
33 41 34 38 63 68
33 41 34 38 68 73
33 41 34 38 73 78
33 41 34 38 78 84
33 41 38 42 0 6
33 41 38 42 6 11
33 41 38 42 11 16
33 41 38 42 16 21
33 41 38 42 21 26
33 41 38 42 26 32
33 41 38 42 32 37
33 41 38 42 37 42
33 41 38 42 42 47
33 41 38 42 47 52
33 41 38 42 52 58
33 41 38 42 58 63
33 41 38 42 63 68
33 41 38 42 68 73
33 41 38 42 73 78
33 41 38 42 78 84
33 41 42 45 0 6
33 41 42 45 6 11
33 41 42 45 11 16
33 41 42 45 16 21
33 41 42 45 21 26
33 41 42 45 26 32
33 41 42 45 32 37
33 41 42 45 37 42
33 41 42 45 42 47
33 41 42 45 47 52
33 41 42 45 52 58
33 41 42 45 58 63
33 41 42 45 63 68
33 41 42 45 68 73
33 41 42 45 73 78
33 41 42 45 78 84
33 41 45 49 0 6
33 41 45 49 6 11
33 41 45 49 11 16
33 41 45 49 16 21
33 41 45 49 21 26
33 41 45 49 26 32
33 41 45 49 32 37
33 41 45 49 37 42
33 41 45 49 42 47
33 41 45 49 47 52
33 41 45 49 52 58
33 41 45 49 58 63
33 41 45 49 63 68
33 41 45 49 68 73
33 41 45 49 73 78
33 41 45 49 78 84
33 41 49 53 0 6
33 41 49 53 6 11
33 41 49 53 11 16
33 41 49 53 16 21
33 41 49 53 21 26
33 41 49 53 26 32
33 41 49 53 32 37
33 41 49 53 37 42
33 41 49 53 42 47
33 41 49 53 47 52
33 41 49 53 52 58
33 41 49 53 58 63
33 41 49 53 63 68
33 41 49 53 68 73
33 41 49 53 73 78
33 41 49 53 78 84
33 41 53 57 0 6
33 41 53 57 6 11
33 41 53 57 11 16
33 41 53 57 16 21
33 41 53 57 21 26
33 41 53 57 26 32
33 41 53 57 32 37
33 41 53 57 37 42
33 41 53 57 42 47
33 41 53 57 47 52
33 41 53 57 52 58
33 41 53 57 58 63
33 41 53 57 63 68
33 41 53 57 68 73
33 41 53 57 73 78
33 41 53 57 78 84
33 41 57 61 0 6
33 41 57 61 6 11
33 41 57 61 11 16
33 41 57 61 16 21
33 41 57 61 21 26
33 41 57 61 26 32
33 41 57 61 32 37
33 41 57 61 37 42
33 41 57 61 42 47
33 41 57 61 47 52
33 41 57 61 52 58
33 41 57 61 58 63
33 41 57 61 63 68
33 41 57 61 68 73
33 41 57 61 73 78
33 41 57 61 78 84
41 49 0 4 0 6
41 49 0 4 6 11
41 49 0 4 11 16
41 49 0 4 16 21
41 49 0 4 21 26
41 49 0 4 26 32
41 49 0 4 32 37
41 49 0 4 37 42
41 49 0 4 42 47
41 49 0 4 47 52
41 49 0 4 52 58
41 49 0 4 58 63
41 49 0 4 63 68
41 49 0 4 68 73
41 49 0 4 73 78
41 49 0 4 78 84
41 49 4 8 0 6
41 49 4 8 6 11
41 49 4 8 11 16
41 49 4 8 16 21
41 49 4 8 21 26
41 49 4 8 26 32
41 49 4 8 32 37
41 49 4 8 37 42
41 49 4 8 42 47
41 49 4 8 47 52
41 49 4 8 52 58
41 49 4 8 58 63
41 49 4 8 63 68
41 49 4 8 68 73
41 49 4 8 73 78
41 49 4 8 78 84
41 49 8 12 0 6
41 49 8 12 6 11
41 49 8 12 11 16
41 49 8 12 16 21
41 49 8 12 21 26
41 49 8 12 26 32
41 49 8 12 32 37
41 49 8 12 37 42
41 49 8 12 42 47
41 49 8 12 47 52
41 49 8 12 52 58
41 49 8 12 58 63
41 49 8 12 63 68
41 49 8 12 68 73
41 49 8 12 73 78
41 49 8 12 78 84
41 49 12 15 0 6
41 49 12 15 6 11
41 49 12 15 11 16
41 49 12 15 16 21
41 49 12 15 21 26
41 49 12 15 26 32
41 49 12 15 32 37
41 49 12 15 37 42
41 49 12 15 42 47
41 49 12 15 47 52
41 49 12 15 52 58
41 49 12 15 58 63
41 49 12 15 63 68
41 49 12 15 68 73
41 49 12 15 73 78
41 49 12 15 78 84
41 49 15 19 0 6
41 49 15 19 6 11
41 49 15 19 11 16
41 49 15 19 16 21
41 49 15 19 21 26
41 49 15 19 26 32
41 49 15 19 32 37
41 49 15 19 37 42
41 49 15 19 42 47
41 49 15 19 47 52
41 49 15 19 52 58
41 49 15 19 58 63
41 49 15 19 63 68
41 49 15 19 68 73
41 49 15 19 73 78
41 49 15 19 78 84
41 49 19 23 0 6
41 49 19 23 6 11
41 49 19 23 11 16
41 49 19 23 16 21
41 49 19 23 21 26
41 49 19 23 26 32
41 49 19 23 32 37
41 49 19 23 37 42
41 49 19 23 42 47
41 49 19 23 47 52
41 49 19 23 52 58
41 49 19 23 58 63
41 49 19 23 63 68
41 49 19 23 68 73
41 49 19 23 73 78
41 49 19 23 78 84
41 49 23 27 0 6
41 49 23 27 6 11
41 49 23 27 11 16
41 49 23 27 16 21
41 49 23 27 21 26
41 49 23 27 26 32
41 49 23 27 32 37
41 49 23 27 37 42
41 49 23 27 42 47
41 49 23 27 47 52
41 49 23 27 52 58
41 49 23 27 58 63
41 49 23 27 63 68
41 49 23 27 68 73
41 49 23 27 73 78
41 49 23 27 78 84
41 49 27 30 0 6
41 49 27 30 6 11
41 49 27 30 11 16
41 49 27 30 16 21
41 49 27 30 21 26
41 49 27 30 26 32
41 49 27 30 32 37
41 49 27 30 37 42
41 49 27 30 42 47
41 49 27 30 47 52
41 49 27 30 52 58
41 49 27 30 58 63
41 49 27 30 63 68
41 49 27 30 68 73
41 49 27 30 73 78
41 49 27 30 78 84
41 49 30 34 0 6
41 49 30 34 6 11
41 49 30 34 11 16
41 49 30 34 16 21
41 49 30 34 21 26
41 49 30 34 26 32
41 49 30 34 32 37
41 49 30 34 37 42
41 49 30 34 42 47
41 49 30 34 47 52
41 49 30 34 52 58
41 49 30 34 58 63
41 49 30 34 63 68
41 49 30 34 68 73
41 49 30 34 73 78
41 49 30 34 78 84
41 49 34 38 0 6
41 49 34 38 6 11
41 49 34 38 11 16
41 49 34 38 16 21
41 49 34 38 21 26
41 49 34 38 26 32
41 49 34 38 32 37
41 49 34 38 37 42
41 49 34 38 42 47
41 49 34 38 47 52
41 49 34 38 52 58
41 49 34 38 58 63
41 49 34 38 63 68
41 49 34 38 68 73
41 49 34 38 73 78
41 49 34 38 78 84
41 49 38 42 0 6
41 49 38 42 6 11
41 49 38 42 11 16
41 49 38 42 16 21
41 49 38 42 21 26
41 49 38 42 26 32
41 49 38 42 32 37
41 49 38 42 37 42
41 49 38 42 42 47
41 49 38 42 47 52
41 49 38 42 52 58
41 49 38 42 58 63
41 49 38 42 63 68
41 49 38 42 68 73
41 49 38 42 73 78
41 49 38 42 78 84
41 49 42 45 0 6
41 49 42 45 6 11
41 49 42 45 11 16
41 49 42 45 16 21
41 49 42 45 21 26
41 49 42 45 26 32
41 49 42 45 32 37
41 49 42 45 37 42
41 49 42 45 42 47
41 49 42 45 47 52
41 49 42 45 52 58
41 49 42 45 58 63
41 49 42 45 63 68
41 49 42 45 68 73
41 49 42 45 73 78
41 49 42 45 78 84
41 49 45 49 0 6
41 49 45 49 6 11
41 49 45 49 11 16
41 49 45 49 16 21
41 49 45 49 21 26
41 49 45 49 26 32
41 49 45 49 32 37
41 49 45 49 37 42
41 49 45 49 42 47
41 49 45 49 47 52
41 49 45 49 52 58
41 49 45 49 58 63
41 49 45 49 63 68
41 49 45 49 68 73
41 49 45 49 73 78
41 49 45 49 78 84
41 49 49 53 0 6
41 49 49 53 6 11
41 49 49 53 11 16
41 49 49 53 16 21
41 49 49 53 21 26
41 49 49 53 26 32
41 49 49 53 32 37
41 49 49 53 37 42
41 49 49 53 42 47
41 49 49 53 47 52
41 49 49 53 52 58
41 49 49 53 58 63
41 49 49 53 63 68
41 49 49 53 68 73
41 49 49 53 73 78
41 49 49 53 78 84
41 49 53 57 0 6
41 49 53 57 6 11
41 49 53 57 11 16
41 49 53 57 16 21
41 49 53 57 21 26
41 49 53 57 26 32
41 49 53 57 32 37
41 49 53 57 37 42
41 49 53 57 42 47
41 49 53 57 47 52
41 49 53 57 52 58
41 49 53 57 58 63
41 49 53 57 63 68
41 49 53 57 68 73
41 49 53 57 73 78
41 49 53 57 78 84
41 49 57 61 0 6
41 49 57 61 6 11
41 49 57 61 11 16
41 49 57 61 16 21
41 49 57 61 21 26
41 49 57 61 26 32
41 49 57 61 32 37
41 49 57 61 37 42
41 49 57 61 42 47
41 49 57 61 47 52
41 49 57 61 52 58
41 49 57 61 58 63
41 49 57 61 63 68
41 49 57 61 68 73
41 49 57 61 73 78
41 49 57 61 78 84
49 57 0 4 0 6
49 57 0 4 6 11
49 57 0 4 11 16
49 57 0 4 16 21
49 57 0 4 21 26
49 57 0 4 26 32
49 57 0 4 32 37
49 57 0 4 37 42
49 57 0 4 42 47
49 57 0 4 47 52
49 57 0 4 52 58
49 57 0 4 58 63
49 57 0 4 63 68
49 57 0 4 68 73
49 57 0 4 73 78
49 57 0 4 78 84
49 57 4 8 0 6
49 57 4 8 6 11
49 57 4 8 11 16
49 57 4 8 16 21
49 57 4 8 21 26
49 57 4 8 26 32
49 57 4 8 32 37
49 57 4 8 37 42
49 57 4 8 42 47
49 57 4 8 47 52
49 57 4 8 52 58
49 57 4 8 58 63
49 57 4 8 63 68
49 57 4 8 68 73
49 57 4 8 73 78
49 57 4 8 78 84
49 57 8 12 0 6
49 57 8 12 6 11
49 57 8 12 11 16
49 57 8 12 16 21
49 57 8 12 21 26
49 57 8 12 26 32
49 57 8 12 32 37
49 57 8 12 37 42
49 57 8 12 42 47
49 57 8 12 47 52
49 57 8 12 52 58
49 57 8 12 58 63
49 57 8 12 63 68
49 57 8 12 68 73
49 57 8 12 73 78
49 57 8 12 78 84
49 57 12 15 0 6
49 57 12 15 6 11
49 57 12 15 11 16
49 57 12 15 16 21
49 57 12 15 21 26
49 57 12 15 26 32
49 57 12 15 32 37
49 57 12 15 37 42
49 57 12 15 42 47
49 57 12 15 47 52
49 57 12 15 52 58
49 57 12 15 58 63
49 57 12 15 63 68
49 57 12 15 68 73
49 57 12 15 73 78
49 57 12 15 78 84
49 57 15 19 0 6
49 57 15 19 6 11
49 57 15 19 11 16
49 57 15 19 16 21
49 57 15 19 21 26
49 57 15 19 26 32
49 57 15 19 32 37
49 57 15 19 37 42
49 57 15 19 42 47
49 57 15 19 47 52
49 57 15 19 52 58
49 57 15 19 58 63
49 57 15 19 63 68
49 57 15 19 68 73
49 57 15 19 73 78
49 57 15 19 78 84
49 57 19 23 0 6
49 57 19 23 6 11
49 57 19 23 11 16
49 57 19 23 16 21
49 57 19 23 21 26
49 57 19 23 26 32
49 57 19 23 32 37
49 57 19 23 37 42
49 57 19 23 42 47
49 57 19 23 47 52
49 57 19 23 52 58
49 57 19 23 58 63
49 57 19 23 63 68
49 57 19 23 68 73
49 57 19 23 73 78
49 57 19 23 78 84
49 57 23 27 0 6
49 57 23 27 6 11
49 57 23 27 11 16
49 57 23 27 16 21
49 57 23 27 21 26
49 57 23 27 26 32
49 57 23 27 32 37
49 57 23 27 37 42
49 57 23 27 42 47
49 57 23 27 47 52
49 57 23 27 52 58
49 57 23 27 58 63
49 57 23 27 63 68
49 57 23 27 68 73
49 57 23 27 73 78
49 57 23 27 78 84
49 57 27 30 0 6
49 57 27 30 6 11
49 57 27 30 11 16
49 57 27 30 16 21
49 57 27 30 21 26
49 57 27 30 26 32
49 57 27 30 32 37
49 57 27 30 37 42
49 57 27 30 42 47
49 57 27 30 47 52
49 57 27 30 52 58
49 57 27 30 58 63
49 57 27 30 63 68
49 57 27 30 68 73
49 57 27 30 73 78
49 57 27 30 78 84
49 57 30 34 0 6
49 57 30 34 6 11
49 57 30 34 11 16
49 57 30 34 16 21
49 57 30 34 21 26
49 57 30 34 26 32
49 57 30 34 32 37
49 57 30 34 37 42
49 57 30 34 42 47
49 57 30 34 47 52
49 57 30 34 52 58
49 57 30 34 58 63
49 57 30 34 63 68
49 57 30 34 68 73
49 57 30 34 73 78
49 57 30 34 78 84
49 57 34 38 0 6
49 57 34 38 6 11
49 57 34 38 11 16
49 57 34 38 16 21
49 57 34 38 21 26
49 57 34 38 26 32
49 57 34 38 32 37
49 57 34 38 37 42
49 57 34 38 42 47
49 57 34 38 47 52
49 57 34 38 52 58
49 57 34 38 58 63
49 57 34 38 63 68
49 57 34 38 68 73
49 57 34 38 73 78
49 57 34 38 78 84
49 57 38 42 0 6
49 57 38 42 6 11
49 57 38 42 11 16
49 57 38 42 16 21
49 57 38 42 21 26
49 57 38 42 26 32
49 57 38 42 32 37
49 57 38 42 37 42
49 57 38 42 42 47
49 57 38 42 47 52
49 57 38 42 52 58
49 57 38 42 58 63
49 57 38 42 63 68
49 57 38 42 68 73
49 57 38 42 73 78
49 57 38 42 78 84
49 57 42 45 0 6
49 57 42 45 6 11
49 57 42 45 11 16
49 57 42 45 16 21
49 57 42 45 21 26
49 57 42 45 26 32
49 57 42 45 32 37
49 57 42 45 37 42
49 57 42 45 42 47
49 57 42 45 47 52
49 57 42 45 52 58
49 57 42 45 58 63
49 57 42 45 63 68
49 57 42 45 68 73
49 57 42 45 73 78
49 57 42 45 78 84
49 57 45 49 0 6
49 57 45 49 6 11
49 57 45 49 11 16
49 57 45 49 16 21
49 57 45 49 21 26
49 57 45 49 26 32
49 57 45 49 32 37
49 57 45 49 37 42
49 57 45 49 42 47
49 57 45 49 47 52
49 57 45 49 52 58
49 57 45 49 58 63
49 57 45 49 63 68
49 57 45 49 68 73
49 57 45 49 73 78
49 57 45 49 78 84
49 57 49 53 0 6
49 57 49 53 6 11
49 57 49 53 11 16
49 57 49 53 16 21
49 57 49 53 21 26
49 57 49 53 26 32
49 57 49 53 32 37
49 57 49 53 37 42
49 57 49 53 42 47
49 57 49 53 47 52
49 57 49 53 52 58
49 57 49 53 58 63
49 57 49 53 63 68
49 57 49 53 68 73
49 57 49 53 73 78
49 57 49 53 78 84
49 57 53 57 0 6
49 57 53 57 6 11
49 57 53 57 11 16
49 57 53 57 16 21
49 57 53 57 21 26
49 57 53 57 26 32
49 57 53 57 32 37
49 57 53 57 37 42
49 57 53 57 42 47
49 57 53 57 47 52
49 57 53 57 52 58
49 57 53 57 58 63
49 57 53 57 63 68
49 57 53 57 68 73
49 57 53 57 73 78
49 57 53 57 78 84
49 57 57 61 0 6
49 57 57 61 6 11
49 57 57 61 11 16
49 57 57 61 16 21
49 57 57 61 21 26
49 57 57 61 26 32
49 57 57 61 32 37
49 57 57 61 37 42
49 57 57 61 42 47
49 57 57 61 47 52
49 57 57 61 52 58
49 57 57 61 58 63
49 57 57 61 63 68
49 57 57 61 68 73
49 57 57 61 73 78
49 57 57 61 78 84
57 65 0 4 0 6
57 65 0 4 6 11
57 65 0 4 11 16
57 65 0 4 16 21
57 65 0 4 21 26
57 65 0 4 26 32
57 65 0 4 32 37
57 65 0 4 37 42
57 65 0 4 42 47
57 65 0 4 47 52
57 65 0 4 52 58
57 65 0 4 58 63
57 65 0 4 63 68
57 65 0 4 68 73
57 65 0 4 73 78
57 65 0 4 78 84
57 65 4 8 0 6
57 65 4 8 6 11
57 65 4 8 11 16
57 65 4 8 16 21
57 65 4 8 21 26
57 65 4 8 26 32
57 65 4 8 32 37
57 65 4 8 37 42
57 65 4 8 42 47
57 65 4 8 47 52
57 65 4 8 52 58
57 65 4 8 58 63
57 65 4 8 63 68
57 65 4 8 68 73
57 65 4 8 73 78
57 65 4 8 78 84
57 65 8 12 0 6
57 65 8 12 6 11
57 65 8 12 11 16
57 65 8 12 16 21
57 65 8 12 21 26
57 65 8 12 26 32
57 65 8 12 32 37
57 65 8 12 37 42
57 65 8 12 42 47
57 65 8 12 47 52
57 65 8 12 52 58
57 65 8 12 58 63
57 65 8 12 63 68
57 65 8 12 68 73
57 65 8 12 73 78
57 65 8 12 78 84
57 65 12 15 0 6
57 65 12 15 6 11
57 65 12 15 11 16
57 65 12 15 16 21
57 65 12 15 21 26
57 65 12 15 26 32
57 65 12 15 32 37
57 65 12 15 37 42
57 65 12 15 42 47
57 65 12 15 47 52
57 65 12 15 52 58
57 65 12 15 58 63
57 65 12 15 63 68
57 65 12 15 68 73
57 65 12 15 73 78
57 65 12 15 78 84
57 65 15 19 0 6
57 65 15 19 6 11
57 65 15 19 11 16
57 65 15 19 16 21
57 65 15 19 21 26
57 65 15 19 26 32
57 65 15 19 32 37
57 65 15 19 37 42
57 65 15 19 42 47
57 65 15 19 47 52
57 65 15 19 52 58
57 65 15 19 58 63
57 65 15 19 63 68
57 65 15 19 68 73
57 65 15 19 73 78
57 65 15 19 78 84
57 65 19 23 0 6
57 65 19 23 6 11
57 65 19 23 11 16
57 65 19 23 16 21
57 65 19 23 21 26
57 65 19 23 26 32
57 65 19 23 32 37
57 65 19 23 37 42
57 65 19 23 42 47
57 65 19 23 47 52
57 65 19 23 52 58
57 65 19 23 58 63
57 65 19 23 63 68
57 65 19 23 68 73
57 65 19 23 73 78
57 65 19 23 78 84
57 65 23 27 0 6
57 65 23 27 6 11
57 65 23 27 11 16
57 65 23 27 16 21
57 65 23 27 21 26
57 65 23 27 26 32
57 65 23 27 32 37
57 65 23 27 37 42
57 65 23 27 42 47
57 65 23 27 47 52
57 65 23 27 52 58
57 65 23 27 58 63
57 65 23 27 63 68
57 65 23 27 68 73
57 65 23 27 73 78
57 65 23 27 78 84
57 65 27 30 0 6
57 65 27 30 6 11
57 65 27 30 11 16
57 65 27 30 16 21
57 65 27 30 21 26
57 65 27 30 26 32
57 65 27 30 32 37
57 65 27 30 37 42
57 65 27 30 42 47
57 65 27 30 47 52
57 65 27 30 52 58
57 65 27 30 58 63
57 65 27 30 63 68
57 65 27 30 68 73
57 65 27 30 73 78
57 65 27 30 78 84
57 65 30 34 0 6
57 65 30 34 6 11
57 65 30 34 11 16
57 65 30 34 16 21
57 65 30 34 21 26
57 65 30 34 26 32
57 65 30 34 32 37
57 65 30 34 37 42
57 65 30 34 42 47
57 65 30 34 47 52
57 65 30 34 52 58
57 65 30 34 58 63
57 65 30 34 63 68
57 65 30 34 68 73
57 65 30 34 73 78
57 65 30 34 78 84
57 65 34 38 0 6
57 65 34 38 6 11
57 65 34 38 11 16
57 65 34 38 16 21
57 65 34 38 21 26
57 65 34 38 26 32
57 65 34 38 32 37
57 65 34 38 37 42
57 65 34 38 42 47
57 65 34 38 47 52
57 65 34 38 52 58
57 65 34 38 58 63
57 65 34 38 63 68
57 65 34 38 68 73
57 65 34 38 73 78
57 65 34 38 78 84
57 65 38 42 0 6
57 65 38 42 6 11
57 65 38 42 11 16
57 65 38 42 16 21
57 65 38 42 21 26
57 65 38 42 26 32
57 65 38 42 32 37
57 65 38 42 37 42
57 65 38 42 42 47
57 65 38 42 47 52
57 65 38 42 52 58
57 65 38 42 58 63
57 65 38 42 63 68
57 65 38 42 68 73
57 65 38 42 73 78
57 65 38 42 78 84
57 65 42 45 0 6
57 65 42 45 6 11
57 65 42 45 11 16
57 65 42 45 16 21
57 65 42 45 21 26
57 65 42 45 26 32
57 65 42 45 32 37
57 65 42 45 37 42
57 65 42 45 42 47
57 65 42 45 47 52
57 65 42 45 52 58
57 65 42 45 58 63
57 65 42 45 63 68
57 65 42 45 68 73
57 65 42 45 73 78
57 65 42 45 78 84
57 65 45 49 0 6
57 65 45 49 6 11
57 65 45 49 11 16
57 65 45 49 16 21
57 65 45 49 21 26
57 65 45 49 26 32
57 65 45 49 32 37
57 65 45 49 37 42
57 65 45 49 42 47
57 65 45 49 47 52
57 65 45 49 52 58
57 65 45 49 58 63
57 65 45 49 63 68
57 65 45 49 68 73
57 65 45 49 73 78
57 65 45 49 78 84
57 65 49 53 0 6
57 65 49 53 6 11
57 65 49 53 11 16
57 65 49 53 16 21
57 65 49 53 21 26
57 65 49 53 26 32
57 65 49 53 32 37
57 65 49 53 37 42
57 65 49 53 42 47
57 65 49 53 47 52
57 65 49 53 52 58
57 65 49 53 58 63
57 65 49 53 63 68
57 65 49 53 68 73
57 65 49 53 73 78
57 65 49 53 78 84
57 65 53 57 0 6
57 65 53 57 6 11
57 65 53 57 11 16
57 65 53 57 16 21
57 65 53 57 21 26
57 65 53 57 26 32
57 65 53 57 32 37
57 65 53 57 37 42
57 65 53 57 42 47
57 65 53 57 47 52
57 65 53 57 52 58
57 65 53 57 58 63
57 65 53 57 63 68
57 65 53 57 68 73
57 65 53 57 73 78
57 65 53 57 78 84
57 65 57 61 0 6
57 65 57 61 6 11
57 65 57 61 11 16
57 65 57 61 16 21
57 65 57 61 21 26
57 65 57 61 26 32
57 65 57 61 32 37
57 65 57 61 37 42
57 65 57 61 42 47
57 65 57 61 47 52
57 65 57 61 52 58
57 65 57 61 58 63
57 65 57 61 63 68
57 65 57 61 68 73
57 65 57 61 73 78
57 65 57 61 78 84
65 74 0 4 0 6
65 74 0 4 6 11
65 74 0 4 11 16
65 74 0 4 16 21
65 74 0 4 21 26
65 74 0 4 26 32
65 74 0 4 32 37
65 74 0 4 37 42
65 74 0 4 42 47
65 74 0 4 47 52
65 74 0 4 52 58
65 74 0 4 58 63
65 74 0 4 63 68
65 74 0 4 68 73
65 74 0 4 73 78
65 74 0 4 78 84
65 74 4 8 0 6
65 74 4 8 6 11
65 74 4 8 11 16
65 74 4 8 16 21
65 74 4 8 21 26
65 74 4 8 26 32
65 74 4 8 32 37
65 74 4 8 37 42
65 74 4 8 42 47
65 74 4 8 47 52
65 74 4 8 52 58
65 74 4 8 58 63
65 74 4 8 63 68
65 74 4 8 68 73
65 74 4 8 73 78
65 74 4 8 78 84
65 74 8 12 0 6
65 74 8 12 6 11
65 74 8 12 11 16
65 74 8 12 16 21
65 74 8 12 21 26
65 74 8 12 26 32
65 74 8 12 32 37
65 74 8 12 37 42
65 74 8 12 42 47
65 74 8 12 47 52
65 74 8 12 52 58
65 74 8 12 58 63
65 74 8 12 63 68
65 74 8 12 68 73
65 74 8 12 73 78
65 74 8 12 78 84
65 74 12 15 0 6
65 74 12 15 6 11
65 74 12 15 11 16
65 74 12 15 16 21
65 74 12 15 21 26
65 74 12 15 26 32
65 74 12 15 32 37
65 74 12 15 37 42
65 74 12 15 42 47
65 74 12 15 47 52
65 74 12 15 52 58
65 74 12 15 58 63
65 74 12 15 63 68
65 74 12 15 68 73
65 74 12 15 73 78
65 74 12 15 78 84
65 74 15 19 0 6
65 74 15 19 6 11
65 74 15 19 11 16
65 74 15 19 16 21
65 74 15 19 21 26
65 74 15 19 26 32
65 74 15 19 32 37
65 74 15 19 37 42
65 74 15 19 42 47
65 74 15 19 47 52
65 74 15 19 52 58
65 74 15 19 58 63
65 74 15 19 63 68
65 74 15 19 68 73
65 74 15 19 73 78
65 74 15 19 78 84
65 74 19 23 0 6
65 74 19 23 6 11
65 74 19 23 11 16
65 74 19 23 16 21
65 74 19 23 21 26
65 74 19 23 26 32
65 74 19 23 32 37
65 74 19 23 37 42
65 74 19 23 42 47
65 74 19 23 47 52
65 74 19 23 52 58
65 74 19 23 58 63
65 74 19 23 63 68
65 74 19 23 68 73
65 74 19 23 73 78
65 74 19 23 78 84
65 74 23 27 0 6
65 74 23 27 6 11
65 74 23 27 11 16
65 74 23 27 16 21
65 74 23 27 21 26
65 74 23 27 26 32
65 74 23 27 32 37
65 74 23 27 37 42
65 74 23 27 42 47
65 74 23 27 47 52
65 74 23 27 52 58
65 74 23 27 58 63
65 74 23 27 63 68
65 74 23 27 68 73
65 74 23 27 73 78
65 74 23 27 78 84
65 74 27 30 0 6
65 74 27 30 6 11
65 74 27 30 11 16
65 74 27 30 16 21
65 74 27 30 21 26
65 74 27 30 26 32
65 74 27 30 32 37
65 74 27 30 37 42
65 74 27 30 42 47
65 74 27 30 47 52
65 74 27 30 52 58
65 74 27 30 58 63
65 74 27 30 63 68
65 74 27 30 68 73
65 74 27 30 73 78
65 74 27 30 78 84
65 74 30 34 0 6
65 74 30 34 6 11
65 74 30 34 11 16
65 74 30 34 16 21
65 74 30 34 21 26
65 74 30 34 26 32
65 74 30 34 32 37
65 74 30 34 37 42
65 74 30 34 42 47
65 74 30 34 47 52
65 74 30 34 52 58
65 74 30 34 58 63
65 74 30 34 63 68
65 74 30 34 68 73
65 74 30 34 73 78
65 74 30 34 78 84
65 74 34 38 0 6
65 74 34 38 6 11
65 74 34 38 11 16
65 74 34 38 16 21
65 74 34 38 21 26
65 74 34 38 26 32
65 74 34 38 32 37
65 74 34 38 37 42
65 74 34 38 42 47
65 74 34 38 47 52
65 74 34 38 52 58
65 74 34 38 58 63
65 74 34 38 63 68
65 74 34 38 68 73
65 74 34 38 73 78
65 74 34 38 78 84
65 74 38 42 0 6
65 74 38 42 6 11
65 74 38 42 11 16
65 74 38 42 16 21
65 74 38 42 21 26
65 74 38 42 26 32
65 74 38 42 32 37
65 74 38 42 37 42
65 74 38 42 42 47
65 74 38 42 47 52
65 74 38 42 52 58
65 74 38 42 58 63
65 74 38 42 63 68
65 74 38 42 68 73
65 74 38 42 73 78
65 74 38 42 78 84
65 74 42 45 0 6
65 74 42 45 6 11
65 74 42 45 11 16
65 74 42 45 16 21
65 74 42 45 21 26
65 74 42 45 26 32
65 74 42 45 32 37
65 74 42 45 37 42
65 74 42 45 42 47
65 74 42 45 47 52
65 74 42 45 52 58
65 74 42 45 58 63
65 74 42 45 63 68
65 74 42 45 68 73
65 74 42 45 73 78
65 74 42 45 78 84
65 74 45 49 0 6
65 74 45 49 6 11
65 74 45 49 11 16
65 74 45 49 16 21
65 74 45 49 21 26
65 74 45 49 26 32
65 74 45 49 32 37
65 74 45 49 37 42
65 74 45 49 42 47
65 74 45 49 47 52
65 74 45 49 52 58
65 74 45 49 58 63
65 74 45 49 63 68
65 74 45 49 68 73
65 74 45 49 73 78
65 74 45 49 78 84
65 74 49 53 0 6
65 74 49 53 6 11
65 74 49 53 11 16
65 74 49 53 16 21
65 74 49 53 21 26
65 74 49 53 26 32
65 74 49 53 32 37
65 74 49 53 37 42
65 74 49 53 42 47
65 74 49 53 47 52
65 74 49 53 52 58
65 74 49 53 58 63
65 74 49 53 63 68
65 74 49 53 68 73
65 74 49 53 73 78
65 74 49 53 78 84
65 74 53 57 0 6
65 74 53 57 6 11
65 74 53 57 11 16
65 74 53 57 16 21
65 74 53 57 21 26
65 74 53 57 26 32
65 74 53 57 32 37
65 74 53 57 37 42
65 74 53 57 42 47
65 74 53 57 47 52
65 74 53 57 52 58
65 74 53 57 58 63
65 74 53 57 63 68
65 74 53 57 68 73
65 74 53 57 73 78
65 74 53 57 78 84
65 74 57 61 0 6
65 74 57 61 6 11
65 74 57 61 11 16
65 74 57 61 16 21
65 74 57 61 21 26
65 74 57 61 26 32
65 74 57 61 32 37
65 74 57 61 37 42
65 74 57 61 42 47
65 74 57 61 47 52
65 74 57 61 52 58
65 74 57 61 58 63
65 74 57 61 63 68
65 74 57 61 68 73
65 74 57 61 73 78
65 74 57 61 78 84
74 82 0 4 0 6
74 82 0 4 6 11
74 82 0 4 11 16
74 82 0 4 16 21
74 82 0 4 21 26
74 82 0 4 26 32
74 82 0 4 32 37
74 82 0 4 37 42
74 82 0 4 42 47
74 82 0 4 47 52
74 82 0 4 52 58
74 82 0 4 58 63
74 82 0 4 63 68
74 82 0 4 68 73
74 82 0 4 73 78
74 82 0 4 78 84
74 82 4 8 0 6
74 82 4 8 6 11
74 82 4 8 11 16
74 82 4 8 16 21
74 82 4 8 21 26
74 82 4 8 26 32
74 82 4 8 32 37
74 82 4 8 37 42
74 82 4 8 42 47
74 82 4 8 47 52
74 82 4 8 52 58
74 82 4 8 58 63
74 82 4 8 63 68
74 82 4 8 68 73
74 82 4 8 73 78
74 82 4 8 78 84
74 82 8 12 0 6
74 82 8 12 6 11
74 82 8 12 11 16
74 82 8 12 16 21
74 82 8 12 21 26
74 82 8 12 26 32
74 82 8 12 32 37
74 82 8 12 37 42
74 82 8 12 42 47
74 82 8 12 47 52
74 82 8 12 52 58
74 82 8 12 58 63
74 82 8 12 63 68
74 82 8 12 68 73
74 82 8 12 73 78
74 82 8 12 78 84
74 82 12 15 0 6
74 82 12 15 6 11
74 82 12 15 11 16
74 82 12 15 16 21
74 82 12 15 21 26
74 82 12 15 26 32
74 82 12 15 32 37
74 82 12 15 37 42
74 82 12 15 42 47
74 82 12 15 47 52
74 82 12 15 52 58
74 82 12 15 58 63
74 82 12 15 63 68
74 82 12 15 68 73
74 82 12 15 73 78
74 82 12 15 78 84
74 82 15 19 0 6
74 82 15 19 6 11
74 82 15 19 11 16
74 82 15 19 16 21
74 82 15 19 21 26
74 82 15 19 26 32
74 82 15 19 32 37
74 82 15 19 37 42
74 82 15 19 42 47
74 82 15 19 47 52
74 82 15 19 52 58
74 82 15 19 58 63
74 82 15 19 63 68
74 82 15 19 68 73
74 82 15 19 73 78
74 82 15 19 78 84
74 82 19 23 0 6
74 82 19 23 6 11
74 82 19 23 11 16
74 82 19 23 16 21
74 82 19 23 21 26
74 82 19 23 26 32
74 82 19 23 32 37
74 82 19 23 37 42
74 82 19 23 42 47
74 82 19 23 47 52
74 82 19 23 52 58
74 82 19 23 58 63
74 82 19 23 63 68
74 82 19 23 68 73
74 82 19 23 73 78
74 82 19 23 78 84
74 82 23 27 0 6
74 82 23 27 6 11
74 82 23 27 11 16
74 82 23 27 16 21
74 82 23 27 21 26
74 82 23 27 26 32
74 82 23 27 32 37
74 82 23 27 37 42
74 82 23 27 42 47
74 82 23 27 47 52
74 82 23 27 52 58
74 82 23 27 58 63
74 82 23 27 63 68
74 82 23 27 68 73
74 82 23 27 73 78
74 82 23 27 78 84
74 82 27 30 0 6
74 82 27 30 6 11
74 82 27 30 11 16
74 82 27 30 16 21
74 82 27 30 21 26
74 82 27 30 26 32
74 82 27 30 32 37
74 82 27 30 37 42
74 82 27 30 42 47
74 82 27 30 47 52
74 82 27 30 52 58
74 82 27 30 58 63
74 82 27 30 63 68
74 82 27 30 68 73
74 82 27 30 73 78
74 82 27 30 78 84
74 82 30 34 0 6
74 82 30 34 6 11
74 82 30 34 11 16
74 82 30 34 16 21
74 82 30 34 21 26
74 82 30 34 26 32
74 82 30 34 32 37
74 82 30 34 37 42
74 82 30 34 42 47
74 82 30 34 47 52
74 82 30 34 52 58
74 82 30 34 58 63
74 82 30 34 63 68
74 82 30 34 68 73
74 82 30 34 73 78
74 82 30 34 78 84
74 82 34 38 0 6
74 82 34 38 6 11
74 82 34 38 11 16
74 82 34 38 16 21
74 82 34 38 21 26
74 82 34 38 26 32
74 82 34 38 32 37
74 82 34 38 37 42
74 82 34 38 42 47
74 82 34 38 47 52
74 82 34 38 52 58
74 82 34 38 58 63
74 82 34 38 63 68
74 82 34 38 68 73
74 82 34 38 73 78
74 82 34 38 78 84
74 82 38 42 0 6
74 82 38 42 6 11
74 82 38 42 11 16
74 82 38 42 16 21
74 82 38 42 21 26
74 82 38 42 26 32
74 82 38 42 32 37
74 82 38 42 37 42
74 82 38 42 42 47
74 82 38 42 47 52
74 82 38 42 52 58
74 82 38 42 58 63
74 82 38 42 63 68
74 82 38 42 68 73
74 82 38 42 73 78
74 82 38 42 78 84
74 82 42 45 0 6
74 82 42 45 6 11
74 82 42 45 11 16
74 82 42 45 16 21
74 82 42 45 21 26
74 82 42 45 26 32
74 82 42 45 32 37
74 82 42 45 37 42
74 82 42 45 42 47
74 82 42 45 47 52
74 82 42 45 52 58
74 82 42 45 58 63
74 82 42 45 63 68
74 82 42 45 68 73
74 82 42 45 73 78
74 82 42 45 78 84
74 82 45 49 0 6
74 82 45 49 6 11
74 82 45 49 11 16
74 82 45 49 16 21
74 82 45 49 21 26
74 82 45 49 26 32
74 82 45 49 32 37
74 82 45 49 37 42
74 82 45 49 42 47
74 82 45 49 47 52
74 82 45 49 52 58
74 82 45 49 58 63
74 82 45 49 63 68
74 82 45 49 68 73
74 82 45 49 73 78
74 82 45 49 78 84
74 82 49 53 0 6
74 82 49 53 6 11
74 82 49 53 11 16
74 82 49 53 16 21
74 82 49 53 21 26
74 82 49 53 26 32
74 82 49 53 32 37
74 82 49 53 37 42
74 82 49 53 42 47
74 82 49 53 47 52
74 82 49 53 52 58
74 82 49 53 58 63
74 82 49 53 63 68
74 82 49 53 68 73
74 82 49 53 73 78
74 82 49 53 78 84
74 82 53 57 0 6
74 82 53 57 6 11
74 82 53 57 11 16
74 82 53 57 16 21
74 82 53 57 21 26
74 82 53 57 26 32
74 82 53 57 32 37
74 82 53 57 37 42
74 82 53 57 42 47
74 82 53 57 47 52
74 82 53 57 52 58
74 82 53 57 58 63
74 82 53 57 63 68
74 82 53 57 68 73
74 82 53 57 73 78
74 82 53 57 78 84
74 82 57 61 0 6
74 82 57 61 6 11
74 82 57 61 11 16
74 82 57 61 16 21
74 82 57 61 21 26
74 82 57 61 26 32
74 82 57 61 32 37
74 82 57 61 37 42
74 82 57 61 42 47
74 82 57 61 47 52
74 82 57 61 52 58
74 82 57 61 58 63
74 82 57 61 63 68
74 82 57 61 68 73
74 82 57 61 73 78
74 82 57 61 78 84
82 90 0 4 0 6
82 90 0 4 6 11
82 90 0 4 11 16
82 90 0 4 16 21
82 90 0 4 21 26
82 90 0 4 26 32
82 90 0 4 32 37
82 90 0 4 37 42
82 90 0 4 42 47
82 90 0 4 47 52
82 90 0 4 52 58
82 90 0 4 58 63
82 90 0 4 63 68
82 90 0 4 68 73
82 90 0 4 73 78
82 90 0 4 78 84
82 90 4 8 0 6
82 90 4 8 6 11
82 90 4 8 11 16
82 90 4 8 16 21
82 90 4 8 21 26
82 90 4 8 26 32
82 90 4 8 32 37
82 90 4 8 37 42
82 90 4 8 42 47
82 90 4 8 47 52
82 90 4 8 52 58
82 90 4 8 58 63
82 90 4 8 63 68
82 90 4 8 68 73
82 90 4 8 73 78
82 90 4 8 78 84
82 90 8 12 0 6
82 90 8 12 6 11
82 90 8 12 11 16
82 90 8 12 16 21
82 90 8 12 21 26
82 90 8 12 26 32
82 90 8 12 32 37
82 90 8 12 37 42
82 90 8 12 42 47
82 90 8 12 47 52
82 90 8 12 52 58
82 90 8 12 58 63
82 90 8 12 63 68
82 90 8 12 68 73
82 90 8 12 73 78
82 90 8 12 78 84
82 90 12 15 0 6
82 90 12 15 6 11
82 90 12 15 11 16
82 90 12 15 16 21
82 90 12 15 21 26
82 90 12 15 26 32
82 90 12 15 32 37
82 90 12 15 37 42
82 90 12 15 42 47
82 90 12 15 47 52
82 90 12 15 52 58
82 90 12 15 58 63
82 90 12 15 63 68
82 90 12 15 68 73
82 90 12 15 73 78
82 90 12 15 78 84
82 90 15 19 0 6
82 90 15 19 6 11
82 90 15 19 11 16
82 90 15 19 16 21
82 90 15 19 21 26
82 90 15 19 26 32
82 90 15 19 32 37
82 90 15 19 37 42
82 90 15 19 42 47
82 90 15 19 47 52
82 90 15 19 52 58
82 90 15 19 58 63
82 90 15 19 63 68
82 90 15 19 68 73
82 90 15 19 73 78
82 90 15 19 78 84
82 90 19 23 0 6
82 90 19 23 6 11
82 90 19 23 11 16
82 90 19 23 16 21
82 90 19 23 21 26
82 90 19 23 26 32
82 90 19 23 32 37
82 90 19 23 37 42
82 90 19 23 42 47
82 90 19 23 47 52
82 90 19 23 52 58
82 90 19 23 58 63
82 90 19 23 63 68
82 90 19 23 68 73
82 90 19 23 73 78
82 90 19 23 78 84
82 90 23 27 0 6
82 90 23 27 6 11
82 90 23 27 11 16
82 90 23 27 16 21
82 90 23 27 21 26
82 90 23 27 26 32
82 90 23 27 32 37
82 90 23 27 37 42
82 90 23 27 42 47
82 90 23 27 47 52
82 90 23 27 52 58
82 90 23 27 58 63
82 90 23 27 63 68
82 90 23 27 68 73
82 90 23 27 73 78
82 90 23 27 78 84
82 90 27 30 0 6
82 90 27 30 6 11
82 90 27 30 11 16
82 90 27 30 16 21
82 90 27 30 21 26
82 90 27 30 26 32
82 90 27 30 32 37
82 90 27 30 37 42
82 90 27 30 42 47
82 90 27 30 47 52
82 90 27 30 52 58
82 90 27 30 58 63
82 90 27 30 63 68
82 90 27 30 68 73
82 90 27 30 73 78
82 90 27 30 78 84
82 90 30 34 0 6
82 90 30 34 6 11
82 90 30 34 11 16
82 90 30 34 16 21
82 90 30 34 21 26
82 90 30 34 26 32
82 90 30 34 32 37
82 90 30 34 37 42
82 90 30 34 42 47
82 90 30 34 47 52
82 90 30 34 52 58
82 90 30 34 58 63
82 90 30 34 63 68
82 90 30 34 68 73
82 90 30 34 73 78
82 90 30 34 78 84
82 90 34 38 0 6
82 90 34 38 6 11
82 90 34 38 11 16
82 90 34 38 16 21
82 90 34 38 21 26
82 90 34 38 26 32
82 90 34 38 32 37
82 90 34 38 37 42
82 90 34 38 42 47
82 90 34 38 47 52
82 90 34 38 52 58
82 90 34 38 58 63
82 90 34 38 63 68
82 90 34 38 68 73
82 90 34 38 73 78
82 90 34 38 78 84
82 90 38 42 0 6
82 90 38 42 6 11
82 90 38 42 11 16
82 90 38 42 16 21
82 90 38 42 21 26
82 90 38 42 26 32
82 90 38 42 32 37
82 90 38 42 37 42
82 90 38 42 42 47
82 90 38 42 47 52
82 90 38 42 52 58
82 90 38 42 58 63
82 90 38 42 63 68
82 90 38 42 68 73
82 90 38 42 73 78
82 90 38 42 78 84
82 90 42 45 0 6
82 90 42 45 6 11
82 90 42 45 11 16
82 90 42 45 16 21
82 90 42 45 21 26
82 90 42 45 26 32
82 90 42 45 32 37
82 90 42 45 37 42
82 90 42 45 42 47
82 90 42 45 47 52
82 90 42 45 52 58
82 90 42 45 58 63
82 90 42 45 63 68
82 90 42 45 68 73
82 90 42 45 73 78
82 90 42 45 78 84
82 90 45 49 0 6
82 90 45 49 6 11
82 90 45 49 11 16
82 90 45 49 16 21
82 90 45 49 21 26
82 90 45 49 26 32
82 90 45 49 32 37
82 90 45 49 37 42
82 90 45 49 42 47
82 90 45 49 47 52
82 90 45 49 52 58
82 90 45 49 58 63
82 90 45 49 63 68
82 90 45 49 68 73
82 90 45 49 73 78
82 90 45 49 78 84
82 90 49 53 0 6
82 90 49 53 6 11
82 90 49 53 11 16
82 90 49 53 16 21
82 90 49 53 21 26
82 90 49 53 26 32
82 90 49 53 32 37
82 90 49 53 37 42
82 90 49 53 42 47
82 90 49 53 47 52
82 90 49 53 52 58
82 90 49 53 58 63
82 90 49 53 63 68
82 90 49 53 68 73
82 90 49 53 73 78
82 90 49 53 78 84
82 90 53 57 0 6
82 90 53 57 6 11
82 90 53 57 11 16
82 90 53 57 16 21
82 90 53 57 21 26
82 90 53 57 26 32
82 90 53 57 32 37
82 90 53 57 37 42
82 90 53 57 42 47
82 90 53 57 47 52
82 90 53 57 52 58
82 90 53 57 58 63
82 90 53 57 63 68
82 90 53 57 68 73
82 90 53 57 73 78
82 90 53 57 78 84
82 90 57 61 0 6
82 90 57 61 6 11
82 90 57 61 11 16
82 90 57 61 16 21
82 90 57 61 21 26
82 90 57 61 26 32
82 90 57 61 32 37
82 90 57 61 37 42
82 90 57 61 42 47
82 90 57 61 47 52
82 90 57 61 52 58
82 90 57 61 58 63
82 90 57 61 63 68
82 90 57 61 68 73
82 90 57 61 73 78
82 90 57 61 78 84
90 98 0 4 0 6
90 98 0 4 6 11
90 98 0 4 11 16
90 98 0 4 16 21
90 98 0 4 21 26
90 98 0 4 26 32
90 98 0 4 32 37
90 98 0 4 37 42
90 98 0 4 42 47
90 98 0 4 47 52
90 98 0 4 52 58
90 98 0 4 58 63
90 98 0 4 63 68
90 98 0 4 68 73
90 98 0 4 73 78
90 98 0 4 78 84
90 98 4 8 0 6
90 98 4 8 6 11
90 98 4 8 11 16
90 98 4 8 16 21
90 98 4 8 21 26
90 98 4 8 26 32
90 98 4 8 32 37
90 98 4 8 37 42
90 98 4 8 42 47
90 98 4 8 47 52
90 98 4 8 52 58
90 98 4 8 58 63
90 98 4 8 63 68
90 98 4 8 68 73
90 98 4 8 73 78
90 98 4 8 78 84
90 98 8 12 0 6
90 98 8 12 6 11
90 98 8 12 11 16
90 98 8 12 16 21
90 98 8 12 21 26
90 98 8 12 26 32
90 98 8 12 32 37
90 98 8 12 37 42
90 98 8 12 42 47
90 98 8 12 47 52
90 98 8 12 52 58
90 98 8 12 58 63
90 98 8 12 63 68
90 98 8 12 68 73
90 98 8 12 73 78
90 98 8 12 78 84
90 98 12 15 0 6
90 98 12 15 6 11
90 98 12 15 11 16
90 98 12 15 16 21
90 98 12 15 21 26
90 98 12 15 26 32
90 98 12 15 32 37
90 98 12 15 37 42
90 98 12 15 42 47
90 98 12 15 47 52
90 98 12 15 52 58
90 98 12 15 58 63
90 98 12 15 63 68
90 98 12 15 68 73
90 98 12 15 73 78
90 98 12 15 78 84
90 98 15 19 0 6
90 98 15 19 6 11
90 98 15 19 11 16
90 98 15 19 16 21
90 98 15 19 21 26
90 98 15 19 26 32
90 98 15 19 32 37
90 98 15 19 37 42
90 98 15 19 42 47
90 98 15 19 47 52
90 98 15 19 52 58
90 98 15 19 58 63
90 98 15 19 63 68
90 98 15 19 68 73
90 98 15 19 73 78
90 98 15 19 78 84
90 98 19 23 0 6
90 98 19 23 6 11
90 98 19 23 11 16
90 98 19 23 16 21
90 98 19 23 21 26
90 98 19 23 26 32
90 98 19 23 32 37
90 98 19 23 37 42
90 98 19 23 42 47
90 98 19 23 47 52
90 98 19 23 52 58
90 98 19 23 58 63
90 98 19 23 63 68
90 98 19 23 68 73
90 98 19 23 73 78
90 98 19 23 78 84
90 98 23 27 0 6
90 98 23 27 6 11
90 98 23 27 11 16
90 98 23 27 16 21
90 98 23 27 21 26
90 98 23 27 26 32
90 98 23 27 32 37
90 98 23 27 37 42
90 98 23 27 42 47
90 98 23 27 47 52
90 98 23 27 52 58
90 98 23 27 58 63
90 98 23 27 63 68
90 98 23 27 68 73
90 98 23 27 73 78
90 98 23 27 78 84
90 98 27 30 0 6
90 98 27 30 6 11
90 98 27 30 11 16
90 98 27 30 16 21
90 98 27 30 21 26
90 98 27 30 26 32
90 98 27 30 32 37
90 98 27 30 37 42
90 98 27 30 42 47
90 98 27 30 47 52
90 98 27 30 52 58
90 98 27 30 58 63
90 98 27 30 63 68
90 98 27 30 68 73
90 98 27 30 73 78
90 98 27 30 78 84
90 98 30 34 0 6
90 98 30 34 6 11
90 98 30 34 11 16
90 98 30 34 16 21
90 98 30 34 21 26
90 98 30 34 26 32
90 98 30 34 32 37
90 98 30 34 37 42
90 98 30 34 42 47
90 98 30 34 47 52
90 98 30 34 52 58
90 98 30 34 58 63
90 98 30 34 63 68
90 98 30 34 68 73
90 98 30 34 73 78
90 98 30 34 78 84
90 98 34 38 0 6
90 98 34 38 6 11
90 98 34 38 11 16
90 98 34 38 16 21
90 98 34 38 21 26
90 98 34 38 26 32
90 98 34 38 32 37
90 98 34 38 37 42
90 98 34 38 42 47
90 98 34 38 47 52
90 98 34 38 52 58
90 98 34 38 58 63
90 98 34 38 63 68
90 98 34 38 68 73
90 98 34 38 73 78
90 98 34 38 78 84
90 98 38 42 0 6
90 98 38 42 6 11
90 98 38 42 11 16
90 98 38 42 16 21
90 98 38 42 21 26
90 98 38 42 26 32
90 98 38 42 32 37
90 98 38 42 37 42
90 98 38 42 42 47
90 98 38 42 47 52
90 98 38 42 52 58
90 98 38 42 58 63
90 98 38 42 63 68
90 98 38 42 68 73
90 98 38 42 73 78
90 98 38 42 78 84
90 98 42 45 0 6
90 98 42 45 6 11
90 98 42 45 11 16
90 98 42 45 16 21
90 98 42 45 21 26
90 98 42 45 26 32
90 98 42 45 32 37
90 98 42 45 37 42
90 98 42 45 42 47
90 98 42 45 47 52
90 98 42 45 52 58
90 98 42 45 58 63
90 98 42 45 63 68
90 98 42 45 68 73
90 98 42 45 73 78
90 98 42 45 78 84
90 98 45 49 0 6
90 98 45 49 6 11
90 98 45 49 11 16
90 98 45 49 16 21
90 98 45 49 21 26
90 98 45 49 26 32
90 98 45 49 32 37
90 98 45 49 37 42
90 98 45 49 42 47
90 98 45 49 47 52
90 98 45 49 52 58
90 98 45 49 58 63
90 98 45 49 63 68
90 98 45 49 68 73
90 98 45 49 73 78
90 98 45 49 78 84
90 98 49 53 0 6
90 98 49 53 6 11
90 98 49 53 11 16
90 98 49 53 16 21
90 98 49 53 21 26
90 98 49 53 26 32
90 98 49 53 32 37
90 98 49 53 37 42
90 98 49 53 42 47
90 98 49 53 47 52
90 98 49 53 52 58
90 98 49 53 58 63
90 98 49 53 63 68
90 98 49 53 68 73
90 98 49 53 73 78
90 98 49 53 78 84
90 98 53 57 0 6
90 98 53 57 6 11
90 98 53 57 11 16
90 98 53 57 16 21
90 98 53 57 21 26
90 98 53 57 26 32
90 98 53 57 32 37
90 98 53 57 37 42
90 98 53 57 42 47
90 98 53 57 47 52
90 98 53 57 52 58
90 98 53 57 58 63
90 98 53 57 63 68
90 98 53 57 68 73
90 98 53 57 73 78
90 98 53 57 78 84
90 98 57 61 0 6
90 98 57 61 6 11
90 98 57 61 11 16
90 98 57 61 16 21
90 98 57 61 21 26
90 98 57 61 26 32
90 98 57 61 32 37
90 98 57 61 37 42
90 98 57 61 42 47
90 98 57 61 47 52
90 98 57 61 52 58
90 98 57 61 58 63
90 98 57 61 63 68
90 98 57 61 68 73
90 98 57 61 73 78
90 98 57 61 78 84
98 106 0 4 0 6
98 106 0 4 6 11
98 106 0 4 11 16
98 106 0 4 16 21
98 106 0 4 21 26
98 106 0 4 26 32
98 106 0 4 32 37
98 106 0 4 37 42
98 106 0 4 42 47
98 106 0 4 47 52
98 106 0 4 52 58
98 106 0 4 58 63
98 106 0 4 63 68
98 106 0 4 68 73
98 106 0 4 73 78
98 106 0 4 78 84
98 106 4 8 0 6
98 106 4 8 6 11
98 106 4 8 11 16
98 106 4 8 16 21
98 106 4 8 21 26
98 106 4 8 26 32
98 106 4 8 32 37
98 106 4 8 37 42
98 106 4 8 42 47
98 106 4 8 47 52
98 106 4 8 52 58
98 106 4 8 58 63
98 106 4 8 63 68
98 106 4 8 68 73
98 106 4 8 73 78
98 106 4 8 78 84
98 106 8 12 0 6
98 106 8 12 6 11
98 106 8 12 11 16
98 106 8 12 16 21
98 106 8 12 21 26
98 106 8 12 26 32
98 106 8 12 32 37
98 106 8 12 37 42
98 106 8 12 42 47
98 106 8 12 47 52
98 106 8 12 52 58
98 106 8 12 58 63
98 106 8 12 63 68
98 106 8 12 68 73
98 106 8 12 73 78
98 106 8 12 78 84
98 106 12 15 0 6
98 106 12 15 6 11
98 106 12 15 11 16
98 106 12 15 16 21
98 106 12 15 21 26
98 106 12 15 26 32
98 106 12 15 32 37
98 106 12 15 37 42
98 106 12 15 42 47
98 106 12 15 47 52
98 106 12 15 52 58
98 106 12 15 58 63
98 106 12 15 63 68
98 106 12 15 68 73
98 106 12 15 73 78
98 106 12 15 78 84
98 106 15 19 0 6
98 106 15 19 6 11
98 106 15 19 11 16
98 106 15 19 16 21
98 106 15 19 21 26
98 106 15 19 26 32
98 106 15 19 32 37
98 106 15 19 37 42
98 106 15 19 42 47
98 106 15 19 47 52
98 106 15 19 52 58
98 106 15 19 58 63
98 106 15 19 63 68
98 106 15 19 68 73
98 106 15 19 73 78
98 106 15 19 78 84
98 106 19 23 0 6
98 106 19 23 6 11
98 106 19 23 11 16
98 106 19 23 16 21
98 106 19 23 21 26
98 106 19 23 26 32
98 106 19 23 32 37
98 106 19 23 37 42
98 106 19 23 42 47
98 106 19 23 47 52
98 106 19 23 52 58
98 106 19 23 58 63
98 106 19 23 63 68
98 106 19 23 68 73
98 106 19 23 73 78
98 106 19 23 78 84
98 106 23 27 0 6
98 106 23 27 6 11
98 106 23 27 11 16
98 106 23 27 16 21
98 106 23 27 21 26
98 106 23 27 26 32
98 106 23 27 32 37
98 106 23 27 37 42
98 106 23 27 42 47
98 106 23 27 47 52
98 106 23 27 52 58
98 106 23 27 58 63
98 106 23 27 63 68
98 106 23 27 68 73
98 106 23 27 73 78
98 106 23 27 78 84
98 106 27 30 0 6
98 106 27 30 6 11
98 106 27 30 11 16
98 106 27 30 16 21
98 106 27 30 21 26
98 106 27 30 26 32
98 106 27 30 32 37
98 106 27 30 37 42
98 106 27 30 42 47
98 106 27 30 47 52
98 106 27 30 52 58
98 106 27 30 58 63
98 106 27 30 63 68
98 106 27 30 68 73
98 106 27 30 73 78
98 106 27 30 78 84
98 106 30 34 0 6
98 106 30 34 6 11
98 106 30 34 11 16
98 106 30 34 16 21
98 106 30 34 21 26
98 106 30 34 26 32
98 106 30 34 32 37
98 106 30 34 37 42
98 106 30 34 42 47
98 106 30 34 47 52
98 106 30 34 52 58
98 106 30 34 58 63
98 106 30 34 63 68
98 106 30 34 68 73
98 106 30 34 73 78
98 106 30 34 78 84
98 106 34 38 0 6
98 106 34 38 6 11
98 106 34 38 11 16
98 106 34 38 16 21
98 106 34 38 21 26
98 106 34 38 26 32
98 106 34 38 32 37
98 106 34 38 37 42
98 106 34 38 42 47
98 106 34 38 47 52
98 106 34 38 52 58
98 106 34 38 58 63
98 106 34 38 63 68
98 106 34 38 68 73
98 106 34 38 73 78
98 106 34 38 78 84
98 106 38 42 0 6
98 106 38 42 6 11
98 106 38 42 11 16
98 106 38 42 16 21
98 106 38 42 21 26
98 106 38 42 26 32
98 106 38 42 32 37
98 106 38 42 37 42
98 106 38 42 42 47
98 106 38 42 47 52
98 106 38 42 52 58
98 106 38 42 58 63
98 106 38 42 63 68
98 106 38 42 68 73
98 106 38 42 73 78
98 106 38 42 78 84
98 106 42 45 0 6
98 106 42 45 6 11
98 106 42 45 11 16
98 106 42 45 16 21
98 106 42 45 21 26
98 106 42 45 26 32
98 106 42 45 32 37
98 106 42 45 37 42
98 106 42 45 42 47
98 106 42 45 47 52
98 106 42 45 52 58
98 106 42 45 58 63
98 106 42 45 63 68
98 106 42 45 68 73
98 106 42 45 73 78
98 106 42 45 78 84
98 106 45 49 0 6
98 106 45 49 6 11
98 106 45 49 11 16
98 106 45 49 16 21
98 106 45 49 21 26
98 106 45 49 26 32
98 106 45 49 32 37
98 106 45 49 37 42
98 106 45 49 42 47
98 106 45 49 47 52
98 106 45 49 52 58
98 106 45 49 58 63
98 106 45 49 63 68
98 106 45 49 68 73
98 106 45 49 73 78
98 106 45 49 78 84
98 106 49 53 0 6
98 106 49 53 6 11
98 106 49 53 11 16
98 106 49 53 16 21
98 106 49 53 21 26
98 106 49 53 26 32
98 106 49 53 32 37
98 106 49 53 37 42
98 106 49 53 42 47
98 106 49 53 47 52
98 106 49 53 52 58
98 106 49 53 58 63
98 106 49 53 63 68
98 106 49 53 68 73
98 106 49 53 73 78
98 106 49 53 78 84
98 106 53 57 0 6
98 106 53 57 6 11
98 106 53 57 11 16
98 106 53 57 16 21
98 106 53 57 21 26
98 106 53 57 26 32
98 106 53 57 32 37
98 106 53 57 37 42
98 106 53 57 42 47
98 106 53 57 47 52
98 106 53 57 52 58
98 106 53 57 58 63
98 106 53 57 63 68
98 106 53 57 68 73
98 106 53 57 73 78
98 106 53 57 78 84
98 106 57 61 0 6
98 106 57 61 6 11
98 106 57 61 11 16
98 106 57 61 16 21
98 106 57 61 21 26
98 106 57 61 26 32
98 106 57 61 32 37
98 106 57 61 37 42
98 106 57 61 42 47
98 106 57 61 47 52
98 106 57 61 52 58
98 106 57 61 58 63
98 106 57 61 63 68
98 106 57 61 68 73
98 106 57 61 73 78
98 106 57 61 78 84
106 114 0 4 0 6
106 114 0 4 6 11
106 114 0 4 11 16
106 114 0 4 16 21
106 114 0 4 21 26
106 114 0 4 26 32
106 114 0 4 32 37
106 114 0 4 37 42
106 114 0 4 42 47
106 114 0 4 47 52
106 114 0 4 52 58
106 114 0 4 58 63
106 114 0 4 63 68
106 114 0 4 68 73
106 114 0 4 73 78
106 114 0 4 78 84
106 114 4 8 0 6
106 114 4 8 6 11
106 114 4 8 11 16
106 114 4 8 16 21
106 114 4 8 21 26
106 114 4 8 26 32
106 114 4 8 32 37
106 114 4 8 37 42
106 114 4 8 42 47
106 114 4 8 47 52
106 114 4 8 52 58
106 114 4 8 58 63
106 114 4 8 63 68
106 114 4 8 68 73
106 114 4 8 73 78
106 114 4 8 78 84
106 114 8 12 0 6
106 114 8 12 6 11
106 114 8 12 11 16
106 114 8 12 16 21
106 114 8 12 21 26
106 114 8 12 26 32
106 114 8 12 32 37
106 114 8 12 37 42
106 114 8 12 42 47
106 114 8 12 47 52
106 114 8 12 52 58
106 114 8 12 58 63
106 114 8 12 63 68
106 114 8 12 68 73
106 114 8 12 73 78
106 114 8 12 78 84
106 114 12 15 0 6
106 114 12 15 6 11
106 114 12 15 11 16
106 114 12 15 16 21
106 114 12 15 21 26
106 114 12 15 26 32
106 114 12 15 32 37
106 114 12 15 37 42
106 114 12 15 42 47
106 114 12 15 47 52
106 114 12 15 52 58
106 114 12 15 58 63
106 114 12 15 63 68
106 114 12 15 68 73
106 114 12 15 73 78
106 114 12 15 78 84
106 114 15 19 0 6
106 114 15 19 6 11
106 114 15 19 11 16
106 114 15 19 16 21
106 114 15 19 21 26
106 114 15 19 26 32
106 114 15 19 32 37
106 114 15 19 37 42
106 114 15 19 42 47
106 114 15 19 47 52
106 114 15 19 52 58
106 114 15 19 58 63
106 114 15 19 63 68
106 114 15 19 68 73
106 114 15 19 73 78
106 114 15 19 78 84
106 114 19 23 0 6
106 114 19 23 6 11
106 114 19 23 11 16
106 114 19 23 16 21
106 114 19 23 21 26
106 114 19 23 26 32
106 114 19 23 32 37
106 114 19 23 37 42
106 114 19 23 42 47
106 114 19 23 47 52
106 114 19 23 52 58
106 114 19 23 58 63
106 114 19 23 63 68
106 114 19 23 68 73
106 114 19 23 73 78
106 114 19 23 78 84
106 114 23 27 0 6
106 114 23 27 6 11
106 114 23 27 11 16
106 114 23 27 16 21
106 114 23 27 21 26
106 114 23 27 26 32
106 114 23 27 32 37
106 114 23 27 37 42
106 114 23 27 42 47
106 114 23 27 47 52
106 114 23 27 52 58
106 114 23 27 58 63
106 114 23 27 63 68
106 114 23 27 68 73
106 114 23 27 73 78
106 114 23 27 78 84
106 114 27 30 0 6
106 114 27 30 6 11
106 114 27 30 11 16
106 114 27 30 16 21
106 114 27 30 21 26
106 114 27 30 26 32
106 114 27 30 32 37
106 114 27 30 37 42
106 114 27 30 42 47
106 114 27 30 47 52
106 114 27 30 52 58
106 114 27 30 58 63
106 114 27 30 63 68
106 114 27 30 68 73
106 114 27 30 73 78
106 114 27 30 78 84
106 114 30 34 0 6
106 114 30 34 6 11
106 114 30 34 11 16
106 114 30 34 16 21
106 114 30 34 21 26
106 114 30 34 26 32
106 114 30 34 32 37
106 114 30 34 37 42
106 114 30 34 42 47
106 114 30 34 47 52
106 114 30 34 52 58
106 114 30 34 58 63
106 114 30 34 63 68
106 114 30 34 68 73
106 114 30 34 73 78
106 114 30 34 78 84
106 114 34 38 0 6
106 114 34 38 6 11
106 114 34 38 11 16
106 114 34 38 16 21
106 114 34 38 21 26
106 114 34 38 26 32
106 114 34 38 32 37
106 114 34 38 37 42
106 114 34 38 42 47
106 114 34 38 47 52
106 114 34 38 52 58
106 114 34 38 58 63
106 114 34 38 63 68
106 114 34 38 68 73
106 114 34 38 73 78
106 114 34 38 78 84
106 114 38 42 0 6
106 114 38 42 6 11
106 114 38 42 11 16
106 114 38 42 16 21
106 114 38 42 21 26
106 114 38 42 26 32
106 114 38 42 32 37
106 114 38 42 37 42
106 114 38 42 42 47
106 114 38 42 47 52
106 114 38 42 52 58
106 114 38 42 58 63
106 114 38 42 63 68
106 114 38 42 68 73
106 114 38 42 73 78
106 114 38 42 78 84
106 114 42 45 0 6
106 114 42 45 6 11
106 114 42 45 11 16
106 114 42 45 16 21
106 114 42 45 21 26
106 114 42 45 26 32
106 114 42 45 32 37
106 114 42 45 37 42
106 114 42 45 42 47
106 114 42 45 47 52
106 114 42 45 52 58
106 114 42 45 58 63
106 114 42 45 63 68
106 114 42 45 68 73
106 114 42 45 73 78
106 114 42 45 78 84
106 114 45 49 0 6
106 114 45 49 6 11
106 114 45 49 11 16
106 114 45 49 16 21
106 114 45 49 21 26
106 114 45 49 26 32
106 114 45 49 32 37
106 114 45 49 37 42
106 114 45 49 42 47
106 114 45 49 47 52
106 114 45 49 52 58
106 114 45 49 58 63
106 114 45 49 63 68
106 114 45 49 68 73
106 114 45 49 73 78
106 114 45 49 78 84
106 114 49 53 0 6
106 114 49 53 6 11
106 114 49 53 11 16
106 114 49 53 16 21
106 114 49 53 21 26
106 114 49 53 26 32
106 114 49 53 32 37
106 114 49 53 37 42
106 114 49 53 42 47
106 114 49 53 47 52
106 114 49 53 52 58
106 114 49 53 58 63
106 114 49 53 63 68
106 114 49 53 68 73
106 114 49 53 73 78
106 114 49 53 78 84
106 114 53 57 0 6
106 114 53 57 6 11
106 114 53 57 11 16
106 114 53 57 16 21
106 114 53 57 21 26
106 114 53 57 26 32
106 114 53 57 32 37
106 114 53 57 37 42
106 114 53 57 42 47
106 114 53 57 47 52
106 114 53 57 52 58
106 114 53 57 58 63
106 114 53 57 63 68
106 114 53 57 68 73
106 114 53 57 73 78
106 114 53 57 78 84
106 114 57 61 0 6
106 114 57 61 6 11
106 114 57 61 11 16
106 114 57 61 16 21
106 114 57 61 21 26
106 114 57 61 26 32
106 114 57 61 32 37
106 114 57 61 37 42
106 114 57 61 42 47
106 114 57 61 47 52
106 114 57 61 52 58
106 114 57 61 58 63
106 114 57 61 63 68
106 114 57 61 68 73
106 114 57 61 73 78
106 114 57 61 78 84
114 122 0 4 0 6
114 122 0 4 6 11
114 122 0 4 11 16
114 122 0 4 16 21
114 122 0 4 21 26
114 122 0 4 26 32
114 122 0 4 32 37
114 122 0 4 37 42
114 122 0 4 42 47
114 122 0 4 47 52
114 122 0 4 52 58
114 122 0 4 58 63
114 122 0 4 63 68
114 122 0 4 68 73
114 122 0 4 73 78
114 122 0 4 78 84
114 122 4 8 0 6
114 122 4 8 6 11
114 122 4 8 11 16
114 122 4 8 16 21
114 122 4 8 21 26
114 122 4 8 26 32
114 122 4 8 32 37
114 122 4 8 37 42
114 122 4 8 42 47
114 122 4 8 47 52
114 122 4 8 52 58
114 122 4 8 58 63
114 122 4 8 63 68
114 122 4 8 68 73
114 122 4 8 73 78
114 122 4 8 78 84
114 122 8 12 0 6
114 122 8 12 6 11
114 122 8 12 11 16
114 122 8 12 16 21
114 122 8 12 21 26
114 122 8 12 26 32
114 122 8 12 32 37
114 122 8 12 37 42
114 122 8 12 42 47
114 122 8 12 47 52
114 122 8 12 52 58
114 122 8 12 58 63
114 122 8 12 63 68
114 122 8 12 68 73
114 122 8 12 73 78
114 122 8 12 78 84
114 122 12 15 0 6
114 122 12 15 6 11
114 122 12 15 11 16
114 122 12 15 16 21
114 122 12 15 21 26
114 122 12 15 26 32
114 122 12 15 32 37
114 122 12 15 37 42
114 122 12 15 42 47
114 122 12 15 47 52
114 122 12 15 52 58
114 122 12 15 58 63
114 122 12 15 63 68
114 122 12 15 68 73
114 122 12 15 73 78
114 122 12 15 78 84
114 122 15 19 0 6
114 122 15 19 6 11
114 122 15 19 11 16
114 122 15 19 16 21
114 122 15 19 21 26
114 122 15 19 26 32
114 122 15 19 32 37
114 122 15 19 37 42
114 122 15 19 42 47
114 122 15 19 47 52
114 122 15 19 52 58
114 122 15 19 58 63
114 122 15 19 63 68
114 122 15 19 68 73
114 122 15 19 73 78
114 122 15 19 78 84
114 122 19 23 0 6
114 122 19 23 6 11
114 122 19 23 11 16
114 122 19 23 16 21
114 122 19 23 21 26
114 122 19 23 26 32
114 122 19 23 32 37
114 122 19 23 37 42
114 122 19 23 42 47
114 122 19 23 47 52
114 122 19 23 52 58
114 122 19 23 58 63
114 122 19 23 63 68
114 122 19 23 68 73
114 122 19 23 73 78
114 122 19 23 78 84
114 122 23 27 0 6
114 122 23 27 6 11
114 122 23 27 11 16
114 122 23 27 16 21
114 122 23 27 21 26
114 122 23 27 26 32
114 122 23 27 32 37
114 122 23 27 37 42
114 122 23 27 42 47
114 122 23 27 47 52
114 122 23 27 52 58
114 122 23 27 58 63
114 122 23 27 63 68
114 122 23 27 68 73
114 122 23 27 73 78
114 122 23 27 78 84
114 122 27 30 0 6
114 122 27 30 6 11
114 122 27 30 11 16
114 122 27 30 16 21
114 122 27 30 21 26
114 122 27 30 26 32
114 122 27 30 32 37
114 122 27 30 37 42
114 122 27 30 42 47
114 122 27 30 47 52
114 122 27 30 52 58
114 122 27 30 58 63
114 122 27 30 63 68
114 122 27 30 68 73
114 122 27 30 73 78
114 122 27 30 78 84
114 122 30 34 0 6
114 122 30 34 6 11
114 122 30 34 11 16
114 122 30 34 16 21
114 122 30 34 21 26
114 122 30 34 26 32
114 122 30 34 32 37
114 122 30 34 37 42
114 122 30 34 42 47
114 122 30 34 47 52
114 122 30 34 52 58
114 122 30 34 58 63
114 122 30 34 63 68
114 122 30 34 68 73
114 122 30 34 73 78
114 122 30 34 78 84
114 122 34 38 0 6
114 122 34 38 6 11
114 122 34 38 11 16
114 122 34 38 16 21
114 122 34 38 21 26
114 122 34 38 26 32
114 122 34 38 32 37
114 122 34 38 37 42
114 122 34 38 42 47
114 122 34 38 47 52
114 122 34 38 52 58
114 122 34 38 58 63
114 122 34 38 63 68
114 122 34 38 68 73
114 122 34 38 73 78
114 122 34 38 78 84
114 122 38 42 0 6
114 122 38 42 6 11
114 122 38 42 11 16
114 122 38 42 16 21
114 122 38 42 21 26
114 122 38 42 26 32
114 122 38 42 32 37
114 122 38 42 37 42
114 122 38 42 42 47
114 122 38 42 47 52
114 122 38 42 52 58
114 122 38 42 58 63
114 122 38 42 63 68
114 122 38 42 68 73
114 122 38 42 73 78
114 122 38 42 78 84
114 122 42 45 0 6
114 122 42 45 6 11
114 122 42 45 11 16
114 122 42 45 16 21
114 122 42 45 21 26
114 122 42 45 26 32
114 122 42 45 32 37
114 122 42 45 37 42
114 122 42 45 42 47
114 122 42 45 47 52
114 122 42 45 52 58
114 122 42 45 58 63
114 122 42 45 63 68
114 122 42 45 68 73
114 122 42 45 73 78
114 122 42 45 78 84
114 122 45 49 0 6
114 122 45 49 6 11
114 122 45 49 11 16
114 122 45 49 16 21
114 122 45 49 21 26
114 122 45 49 26 32
114 122 45 49 32 37
114 122 45 49 37 42
114 122 45 49 42 47
114 122 45 49 47 52
114 122 45 49 52 58
114 122 45 49 58 63
114 122 45 49 63 68
114 122 45 49 68 73
114 122 45 49 73 78
114 122 45 49 78 84
114 122 49 53 0 6
114 122 49 53 6 11
114 122 49 53 11 16
114 122 49 53 16 21
114 122 49 53 21 26
114 122 49 53 26 32
114 122 49 53 32 37
114 122 49 53 37 42
114 122 49 53 42 47
114 122 49 53 47 52
114 122 49 53 52 58
114 122 49 53 58 63
114 122 49 53 63 68
114 122 49 53 68 73
114 122 49 53 73 78
114 122 49 53 78 84
114 122 53 57 0 6
114 122 53 57 6 11
114 122 53 57 11 16
114 122 53 57 16 21
114 122 53 57 21 26
114 122 53 57 26 32
114 122 53 57 32 37
114 122 53 57 37 42
114 122 53 57 42 47
114 122 53 57 47 52
114 122 53 57 52 58
114 122 53 57 58 63
114 122 53 57 63 68
114 122 53 57 68 73
114 122 53 57 73 78
114 122 53 57 78 84
114 122 57 61 0 6
114 122 57 61 6 11
114 122 57 61 11 16
114 122 57 61 16 21
114 122 57 61 21 26
114 122 57 61 26 32
114 122 57 61 32 37
114 122 57 61 37 42
114 122 57 61 42 47
114 122 57 61 47 52
114 122 57 61 52 58
114 122 57 61 58 63
114 122 57 61 63 68
114 122 57 61 68 73
114 122 57 61 73 78
114 122 57 61 78 84
122 131 0 4 0 6
122 131 0 4 6 11
122 131 0 4 11 16
122 131 0 4 16 21
122 131 0 4 21 26
122 131 0 4 26 32
122 131 0 4 32 37
122 131 0 4 37 42
122 131 0 4 42 47
122 131 0 4 47 52
122 131 0 4 52 58
122 131 0 4 58 63
122 131 0 4 63 68
122 131 0 4 68 73
122 131 0 4 73 78
122 131 0 4 78 84
122 131 4 8 0 6
122 131 4 8 6 11
122 131 4 8 11 16
122 131 4 8 16 21
122 131 4 8 21 26
122 131 4 8 26 32
122 131 4 8 32 37
122 131 4 8 37 42
122 131 4 8 42 47
122 131 4 8 47 52
122 131 4 8 52 58
122 131 4 8 58 63
122 131 4 8 63 68
122 131 4 8 68 73
122 131 4 8 73 78
122 131 4 8 78 84
122 131 8 12 0 6
122 131 8 12 6 11
122 131 8 12 11 16
122 131 8 12 16 21
122 131 8 12 21 26
122 131 8 12 26 32
122 131 8 12 32 37
122 131 8 12 37 42
122 131 8 12 42 47
122 131 8 12 47 52
122 131 8 12 52 58
122 131 8 12 58 63
122 131 8 12 63 68
122 131 8 12 68 73
122 131 8 12 73 78
122 131 8 12 78 84
122 131 12 15 0 6
122 131 12 15 6 11
122 131 12 15 11 16
122 131 12 15 16 21
122 131 12 15 21 26
122 131 12 15 26 32
122 131 12 15 32 37
122 131 12 15 37 42
122 131 12 15 42 47
122 131 12 15 47 52
122 131 12 15 52 58
122 131 12 15 58 63
122 131 12 15 63 68
122 131 12 15 68 73
122 131 12 15 73 78
122 131 12 15 78 84
122 131 15 19 0 6
122 131 15 19 6 11
122 131 15 19 11 16
122 131 15 19 16 21
122 131 15 19 21 26
122 131 15 19 26 32
122 131 15 19 32 37
122 131 15 19 37 42
122 131 15 19 42 47
122 131 15 19 47 52
122 131 15 19 52 58
122 131 15 19 58 63
122 131 15 19 63 68
122 131 15 19 68 73
122 131 15 19 73 78
122 131 15 19 78 84
122 131 19 23 0 6
122 131 19 23 6 11
122 131 19 23 11 16
122 131 19 23 16 21
122 131 19 23 21 26
122 131 19 23 26 32
122 131 19 23 32 37
122 131 19 23 37 42
122 131 19 23 42 47
122 131 19 23 47 52
122 131 19 23 52 58
122 131 19 23 58 63
122 131 19 23 63 68
122 131 19 23 68 73
122 131 19 23 73 78
122 131 19 23 78 84
122 131 23 27 0 6
122 131 23 27 6 11
122 131 23 27 11 16
122 131 23 27 16 21
122 131 23 27 21 26
122 131 23 27 26 32
122 131 23 27 32 37
122 131 23 27 37 42
122 131 23 27 42 47
122 131 23 27 47 52
122 131 23 27 52 58
122 131 23 27 58 63
122 131 23 27 63 68
122 131 23 27 68 73
122 131 23 27 73 78
122 131 23 27 78 84
122 131 27 30 0 6
122 131 27 30 6 11
122 131 27 30 11 16
122 131 27 30 16 21
122 131 27 30 21 26
122 131 27 30 26 32
122 131 27 30 32 37
122 131 27 30 37 42
122 131 27 30 42 47
122 131 27 30 47 52
122 131 27 30 52 58
122 131 27 30 58 63
122 131 27 30 63 68
122 131 27 30 68 73
122 131 27 30 73 78
122 131 27 30 78 84
122 131 30 34 0 6
122 131 30 34 6 11
122 131 30 34 11 16
122 131 30 34 16 21
122 131 30 34 21 26
122 131 30 34 26 32
122 131 30 34 32 37
122 131 30 34 37 42
122 131 30 34 42 47
122 131 30 34 47 52
122 131 30 34 52 58
122 131 30 34 58 63
122 131 30 34 63 68
122 131 30 34 68 73
122 131 30 34 73 78
122 131 30 34 78 84
122 131 34 38 0 6
122 131 34 38 6 11
122 131 34 38 11 16
122 131 34 38 16 21
122 131 34 38 21 26
122 131 34 38 26 32
122 131 34 38 32 37
122 131 34 38 37 42
122 131 34 38 42 47
122 131 34 38 47 52
122 131 34 38 52 58
122 131 34 38 58 63
122 131 34 38 63 68
122 131 34 38 68 73
122 131 34 38 73 78
122 131 34 38 78 84
122 131 38 42 0 6
122 131 38 42 6 11
122 131 38 42 11 16
122 131 38 42 16 21
122 131 38 42 21 26
122 131 38 42 26 32
122 131 38 42 32 37
122 131 38 42 37 42
122 131 38 42 42 47
122 131 38 42 47 52
122 131 38 42 52 58
122 131 38 42 58 63
122 131 38 42 63 68
122 131 38 42 68 73
122 131 38 42 73 78
122 131 38 42 78 84
122 131 42 45 0 6
122 131 42 45 6 11
122 131 42 45 11 16
122 131 42 45 16 21
122 131 42 45 21 26
122 131 42 45 26 32
122 131 42 45 32 37
122 131 42 45 37 42
122 131 42 45 42 47
122 131 42 45 47 52
122 131 42 45 52 58
122 131 42 45 58 63
122 131 42 45 63 68
122 131 42 45 68 73
122 131 42 45 73 78
122 131 42 45 78 84
122 131 45 49 0 6
122 131 45 49 6 11
122 131 45 49 11 16
122 131 45 49 16 21
122 131 45 49 21 26
122 131 45 49 26 32
122 131 45 49 32 37
122 131 45 49 37 42
122 131 45 49 42 47
122 131 45 49 47 52
122 131 45 49 52 58
122 131 45 49 58 63
122 131 45 49 63 68
122 131 45 49 68 73
122 131 45 49 73 78
122 131 45 49 78 84
122 131 49 53 0 6
122 131 49 53 6 11
122 131 49 53 11 16
122 131 49 53 16 21
122 131 49 53 21 26
122 131 49 53 26 32
122 131 49 53 32 37
122 131 49 53 37 42
122 131 49 53 42 47
122 131 49 53 47 52
122 131 49 53 52 58
122 131 49 53 58 63
122 131 49 53 63 68
122 131 49 53 68 73
122 131 49 53 73 78
122 131 49 53 78 84
122 131 53 57 0 6
122 131 53 57 6 11
122 131 53 57 11 16
122 131 53 57 16 21
122 131 53 57 21 26
122 131 53 57 26 32
122 131 53 57 32 37
122 131 53 57 37 42
122 131 53 57 42 47
122 131 53 57 47 52
122 131 53 57 52 58
122 131 53 57 58 63
122 131 53 57 63 68
122 131 53 57 68 73
122 131 53 57 73 78
122 131 53 57 78 84
122 131 57 61 0 6
122 131 57 61 6 11
122 131 57 61 11 16
122 131 57 61 16 21
122 131 57 61 21 26
122 131 57 61 26 32
122 131 57 61 32 37
122 131 57 61 37 42
122 131 57 61 42 47
122 131 57 61 47 52
122 131 57 61 52 58
122 131 57 61 58 63
122 131 57 61 63 68
122 131 57 61 68 73
122 131 57 61 73 78
122 131 57 61 78 84
