128
0 65 0 30 0 3
0 65 0 30 3 6
0 65 0 30 6 8
0 65 0 30 8 11
0 65 0 30 11 13
0 65 0 30 13 16
0 65 0 30 16 19
0 65 0 30 19 21
0 65 0 30 21 24
0 65 0 30 24 26
0 65 0 30 26 29
0 65 0 30 29 32
0 65 0 30 32 34
0 65 0 30 34 37
0 65 0 30 37 39
0 65 0 30 39 42
0 65 0 30 42 45
0 65 0 30 45 47
0 65 0 30 47 50
0 65 0 30 50 52
0 65 0 30 52 55
0 65 0 30 55 58
0 65 0 30 58 60
0 65 0 30 60 63
0 65 0 30 63 65
0 65 0 30 65 68
0 65 0 30 68 71
0 65 0 30 71 73
0 65 0 30 73 76
0 65 0 30 76 78
0 65 0 30 78 81
0 65 0 30 81 84
0 65 30 61 0 3
0 65 30 61 3 6
0 65 30 61 6 8
0 65 30 61 8 11
0 65 30 61 11 13
0 65 30 61 13 16
0 65 30 61 16 19
0 65 30 61 19 21
0 65 30 61 21 24
0 65 30 61 24 26
0 65 30 61 26 29
0 65 30 61 29 32
0 65 30 61 32 34
0 65 30 61 34 37
0 65 30 61 37 39
0 65 30 61 39 42
0 65 30 61 42 45
0 65 30 61 45 47
0 65 30 61 47 50
0 65 30 61 50 52
0 65 30 61 52 55
0 65 30 61 55 58
0 65 30 61 58 60
0 65 30 61 60 63
0 65 30 61 63 65
0 65 30 61 65 68
0 65 30 61 68 71
0 65 30 61 71 73
0 65 30 61 73 76
0 65 30 61 76 78
0 65 30 61 78 81
0 65 30 61 81 84
65 131 0 30 0 3
65 131 0 30 3 6
65 131 0 30 6 8
65 131 0 30 8 11
65 131 0 30 11 13
65 131 0 30 13 16
65 131 0 30 16 19
65 131 0 30 19 21
65 131 0 30 21 24
65 131 0 30 24 26
65 131 0 30 26 29
65 131 0 30 29 32
65 131 0 30 32 34
65 131 0 30 34 37
65 131 0 30 37 39
65 131 0 30 39 42
65 131 0 30 42 45
65 131 0 30 45 47
65 131 0 30 47 50
65 131 0 30 50 52
65 131 0 30 52 55
65 131 0 30 55 58
65 131 0 30 58 60
65 131 0 30 60 63
65 131 0 30 63 65
65 131 0 30 65 68
65 131 0 30 68 71
65 131 0 30 71 73
65 131 0 30 73 76
65 131 0 30 76 78
65 131 0 30 78 81
65 131 0 30 81 84
65 131 30 61 0 3
65 131 30 61 3 6
65 131 30 61 6 8
65 131 30 61 8 11
65 131 30 61 11 13
65 131 30 61 13 16
65 131 30 61 16 19
65 131 30 61 19 21
65 131 30 61 21 24
65 131 30 61 24 26
65 131 30 61 26 29
65 131 30 61 29 32
65 131 30 61 32 34
65 131 30 61 34 37
65 131 30 61 37 39
65 131 30 61 39 42
65 131 30 61 42 45
65 131 30 61 45 47
65 131 30 61 47 50
65 131 30 61 50 52
65 131 30 61 52 55
65 131 30 61 55 58
65 131 30 61 58 60
65 131 30 61 60 63
65 131 30 61 63 65
65 131 30 61 65 68
65 131 30 61 68 71
65 131 30 61 71 73
65 131 30 61 73 76
65 131 30 61 76 78
65 131 30 61 78 81
65 131 30 61 81 84
