512
0 17 0 8 0 11
0 17 0 8 11 21
0 17 0 8 21 32
0 17 0 8 32 42
0 17 0 8 42 52
0 17 0 8 52 63
0 17 0 8 63 73
0 17 0 8 73 84
0 17 8 15 0 11
0 17 8 15 11 21
0 17 8 15 21 32
0 17 8 15 32 42
0 17 8 15 42 52
0 17 8 15 52 63
0 17 8 15 63 73
0 17 8 15 73 84
0 17 15 23 0 11
0 17 15 23 11 21
0 17 15 23 21 32
0 17 15 23 32 42
0 17 15 23 42 52
0 17 15 23 52 63
0 17 15 23 63 73
0 17 15 23 73 84
0 17 23 30 0 11
0 17 23 30 11 21
0 17 23 30 21 32
0 17 23 30 32 42
0 17 23 30 42 52
0 17 23 30 52 63
0 17 23 30 63 73
0 17 23 30 73 84
0 17 30 38 0 11
0 17 30 38 11 21
0 17 30 38 21 32
0 17 30 38 32 42
0 17 30 38 42 52
0 17 30 38 52 63
0 17 30 38 63 73
0 17 30 38 73 84
0 17 38 45 0 11
0 17 38 45 11 21
0 17 38 45 21 32
0 17 38 45 32 42
0 17 38 45 42 52
0 17 38 45 52 63
0 17 38 45 63 73
0 17 38 45 73 84
0 17 45 53 0 11
0 17 45 53 11 21
0 17 45 53 21 32
0 17 45 53 32 42
0 17 45 53 42 52
0 17 45 53 52 63
0 17 45 53 63 73
0 17 45 53 73 84
0 17 53 61 0 11
0 17 53 61 11 21
0 17 53 61 21 32
0 17 53 61 32 42
0 17 53 61 42 52
0 17 53 61 52 63
0 17 53 61 63 73
0 17 53 61 73 84
17 33 0 8 0 11
17 33 0 8 11 21
17 33 0 8 21 32
17 33 0 8 32 42
17 33 0 8 42 52
17 33 0 8 52 63
17 33 0 8 63 73
17 33 0 8 73 84
17 33 8 15 0 11
17 33 8 15 11 21
17 33 8 15 21 32
17 33 8 15 32 42
17 33 8 15 42 52
17 33 8 15 52 63
17 33 8 15 63 73
17 33 8 15 73 84
17 33 15 23 0 11
17 33 15 23 11 21
17 33 15 23 21 32
17 33 15 23 32 42
17 33 15 23 42 52
17 33 15 23 52 63
17 33 15 23 63 73
17 33 15 23 73 84
17 33 23 30 0 11
17 33 23 30 11 21
17 33 23 30 21 32
17 33 23 30 32 42
17 33 23 30 42 52
17 33 23 30 52 63
17 33 23 30 63 73
17 33 23 30 73 84
17 33 30 38 0 11
17 33 30 38 11 21
17 33 30 38 21 32
17 33 30 38 32 42
17 33 30 38 42 52
17 33 30 38 52 63
17 33 30 38 63 73
17 33 30 38 73 84
17 33 38 45 0 11
17 33 38 45 11 21
17 33 38 45 21 32
17 33 38 45 32 42
17 33 38 45 42 52
17 33 38 45 52 63
17 33 38 45 63 73
17 33 38 45 73 84
17 33 45 53 0 11
17 33 45 53 11 21
17 33 45 53 21 32
17 33 45 53 32 42
17 33 45 53 42 52
17 33 45 53 52 63
17 33 45 53 63 73
17 33 45 53 73 84
17 33 53 61 0 11
17 33 53 61 11 21
17 33 53 61 21 32
17 33 53 61 32 42
17 33 53 61 42 52
17 33 53 61 52 63
17 33 53 61 63 73
17 33 53 61 73 84
33 49 0 8 0 11
33 49 0 8 11 21
33 49 0 8 21 32
33 49 0 8 32 42
33 49 0 8 42 52
33 49 0 8 52 63
33 49 0 8 63 73
33 49 0 8 73 84
33 49 8 15 0 11
33 49 8 15 11 21
33 49 8 15 21 32
33 49 8 15 32 42
33 49 8 15 42 52
33 49 8 15 52 63
33 49 8 15 63 73
33 49 8 15 73 84
33 49 15 23 0 11
33 49 15 23 11 21
33 49 15 23 21 32
33 49 15 23 32 42
33 49 15 23 42 52
33 49 15 23 52 63
33 49 15 23 63 73
33 49 15 23 73 84
33 49 23 30 0 11
33 49 23 30 11 21
33 49 23 30 21 32
33 49 23 30 32 42
33 49 23 30 42 52
33 49 23 30 52 63
33 49 23 30 63 73
33 49 23 30 73 84
33 49 30 38 0 11
33 49 30 38 11 21
33 49 30 38 21 32
33 49 30 38 32 42
33 49 30 38 42 52
33 49 30 38 52 63
33 49 30 38 63 73
33 49 30 38 73 84
33 49 38 45 0 11
33 49 38 45 11 21
33 49 38 45 21 32
33 49 38 45 32 42
33 49 38 45 42 52
33 49 38 45 52 63
33 49 38 45 63 73
33 49 38 45 73 84
33 49 45 53 0 11
33 49 45 53 11 21
33 49 45 53 21 32
33 49 45 53 32 42
33 49 45 53 42 52
33 49 45 53 52 63
33 49 45 53 63 73
33 49 45 53 73 84
33 49 53 61 0 11
33 49 53 61 11 21
33 49 53 61 21 32
33 49 53 61 32 42
33 49 53 61 42 52
33 49 53 61 52 63
33 49 53 61 63 73
33 49 53 61 73 84
49 65 0 8 0 11
49 65 0 8 11 21
49 65 0 8 21 32
49 65 0 8 32 42
49 65 0 8 42 52
49 65 0 8 52 63
49 65 0 8 63 73
49 65 0 8 73 84
49 65 8 15 0 11
49 65 8 15 11 21
49 65 8 15 21 32
49 65 8 15 32 42
49 65 8 15 42 52
49 65 8 15 52 63
49 65 8 15 63 73
49 65 8 15 73 84
49 65 15 23 0 11
49 65 15 23 11 21
49 65 15 23 21 32
49 65 15 23 32 42
49 65 15 23 42 52
49 65 15 23 52 63
49 65 15 23 63 73
49 65 15 23 73 84
49 65 23 30 0 11
49 65 23 30 11 21
49 65 23 30 21 32
49 65 23 30 32 42
49 65 23 30 42 52
49 65 23 30 52 63
49 65 23 30 63 73
49 65 23 30 73 84
49 65 30 38 0 11
49 65 30 38 11 21
49 65 30 38 21 32
49 65 30 38 32 42
49 65 30 38 42 52
49 65 30 38 52 63
49 65 30 38 63 73
49 65 30 38 73 84
49 65 38 45 0 11
49 65 38 45 11 21
49 65 38 45 21 32
49 65 38 45 32 42
49 65 38 45 42 52
49 65 38 45 52 63
49 65 38 45 63 73
49 65 38 45 73 84
49 65 45 53 0 11
49 65 45 53 11 21
49 65 45 53 21 32
49 65 45 53 32 42
49 65 45 53 42 52
49 65 45 53 52 63
49 65 45 53 63 73
49 65 45 53 73 84
49 65 53 61 0 11
49 65 53 61 11 21
49 65 53 61 21 32
49 65 53 61 32 42
49 65 53 61 42 52
49 65 53 61 52 63
49 65 53 61 63 73
49 65 53 61 73 84
65 82 0 8 0 11
65 82 0 8 11 21
65 82 0 8 21 32
65 82 0 8 32 42
65 82 0 8 42 52
65 82 0 8 52 63
65 82 0 8 63 73
65 82 0 8 73 84
65 82 8 15 0 11
65 82 8 15 11 21
65 82 8 15 21 32
65 82 8 15 32 42
65 82 8 15 42 52
65 82 8 15 52 63
65 82 8 15 63 73
65 82 8 15 73 84
65 82 15 23 0 11
65 82 15 23 11 21
65 82 15 23 21 32
65 82 15 23 32 42
65 82 15 23 42 52
65 82 15 23 52 63
65 82 15 23 63 73
65 82 15 23 73 84
65 82 23 30 0 11
65 82 23 30 11 21
65 82 23 30 21 32
65 82 23 30 32 42
65 82 23 30 42 52
65 82 23 30 52 63
65 82 23 30 63 73
65 82 23 30 73 84
65 82 30 38 0 11
65 82 30 38 11 21
65 82 30 38 21 32
65 82 30 38 32 42
65 82 30 38 42 52
65 82 30 38 52 63
65 82 30 38 63 73
65 82 30 38 73 84
65 82 38 45 0 11
65 82 38 45 11 21
65 82 38 45 21 32
65 82 38 45 32 42
65 82 38 45 42 52
65 82 38 45 52 63
65 82 38 45 63 73
65 82 38 45 73 84
65 82 45 53 0 11
65 82 45 53 11 21
65 82 45 53 21 32
65 82 45 53 32 42
65 82 45 53 42 52
65 82 45 53 52 63
65 82 45 53 63 73
65 82 45 53 73 84
65 82 53 61 0 11
65 82 53 61 11 21
65 82 53 61 21 32
65 82 53 61 32 42
65 82 53 61 42 52
65 82 53 61 52 63
65 82 53 61 63 73
65 82 53 61 73 84
82 98 0 8 0 11
82 98 0 8 11 21
82 98 0 8 21 32
82 98 0 8 32 42
82 98 0 8 42 52
82 98 0 8 52 63
82 98 0 8 63 73
82 98 0 8 73 84
82 98 8 15 0 11
82 98 8 15 11 21
82 98 8 15 21 32
82 98 8 15 32 42
82 98 8 15 42 52
82 98 8 15 52 63
82 98 8 15 63 73
82 98 8 15 73 84
82 98 15 23 0 11
82 98 15 23 11 21
82 98 15 23 21 32
82 98 15 23 32 42
82 98 15 23 42 52
82 98 15 23 52 63
82 98 15 23 63 73
82 98 15 23 73 84
82 98 23 30 0 11
82 98 23 30 11 21
82 98 23 30 21 32
82 98 23 30 32 42
82 98 23 30 42 52
82 98 23 30 52 63
82 98 23 30 63 73
82 98 23 30 73 84
82 98 30 38 0 11
82 98 30 38 11 21
82 98 30 38 21 32
82 98 30 38 32 42
82 98 30 38 42 52
82 98 30 38 52 63
82 98 30 38 63 73
82 98 30 38 73 84
82 98 38 45 0 11
82 98 38 45 11 21
82 98 38 45 21 32
82 98 38 45 32 42
82 98 38 45 42 52
82 98 38 45 52 63
82 98 38 45 63 73
82 98 38 45 73 84
82 98 45 53 0 11
82 98 45 53 11 21
82 98 45 53 21 32
82 98 45 53 32 42
82 98 45 53 42 52
82 98 45 53 52 63
82 98 45 53 63 73
82 98 45 53 73 84
82 98 53 61 0 11
82 98 53 61 11 21
82 98 53 61 21 32
82 98 53 61 32 42
82 98 53 61 42 52
82 98 53 61 52 63
82 98 53 61 63 73
82 98 53 61 73 84
98 114 0 8 0 11
98 114 0 8 11 21
98 114 0 8 21 32
98 114 0 8 32 42
98 114 0 8 42 52
98 114 0 8 52 63
98 114 0 8 63 73
98 114 0 8 73 84
98 114 8 15 0 11
98 114 8 15 11 21
98 114 8 15 21 32
98 114 8 15 32 42
98 114 8 15 42 52
98 114 8 15 52 63
98 114 8 15 63 73
98 114 8 15 73 84
98 114 15 23 0 11
98 114 15 23 11 21
98 114 15 23 21 32
98 114 15 23 32 42
98 114 15 23 42 52
98 114 15 23 52 63
98 114 15 23 63 73
98 114 15 23 73 84
98 114 23 30 0 11
98 114 23 30 11 21
98 114 23 30 21 32
98 114 23 30 32 42
98 114 23 30 42 52
98 114 23 30 52 63
98 114 23 30 63 73
98 114 23 30 73 84
98 114 30 38 0 11
98 114 30 38 11 21
98 114 30 38 21 32
98 114 30 38 32 42
98 114 30 38 42 52
98 114 30 38 52 63
98 114 30 38 63 73
98 114 30 38 73 84
98 114 38 45 0 11
98 114 38 45 11 21
98 114 38 45 21 32
98 114 38 45 32 42
98 114 38 45 42 52
98 114 38 45 52 63
98 114 38 45 63 73
98 114 38 45 73 84
98 114 45 53 0 11
98 114 45 53 11 21
98 114 45 53 21 32
98 114 45 53 32 42
98 114 45 53 42 52
98 114 45 53 52 63
98 114 45 53 63 73
98 114 45 53 73 84
98 114 53 61 0 11
98 114 53 61 11 21
98 114 53 61 21 32
98 114 53 61 32 42
98 114 53 61 42 52
98 114 53 61 52 63
98 114 53 61 63 73
98 114 53 61 73 84
114 131 0 8 0 11
114 131 0 8 11 21
114 131 0 8 21 32
114 131 0 8 32 42
114 131 0 8 42 52
114 131 0 8 52 63
114 131 0 8 63 73
114 131 0 8 73 84
114 131 8 15 0 11
114 131 8 15 11 21
114 131 8 15 21 32
114 131 8 15 32 42
114 131 8 15 42 52
114 131 8 15 52 63
114 131 8 15 63 73
114 131 8 15 73 84
114 131 15 23 0 11
114 131 15 23 11 21
114 131 15 23 21 32
114 131 15 23 32 42
114 131 15 23 42 52
114 131 15 23 52 63
114 131 15 23 63 73
114 131 15 23 73 84
114 131 23 30 0 11
114 131 23 30 11 21
114 131 23 30 21 32
114 131 23 30 32 42
114 131 23 30 42 52
114 131 23 30 52 63
114 131 23 30 63 73
114 131 23 30 73 84
114 131 30 38 0 11
114 131 30 38 11 21
114 131 30 38 21 32
114 131 30 38 32 42
114 131 30 38 42 52
114 131 30 38 52 63
114 131 30 38 63 73
114 131 30 38 73 84
114 131 38 45 0 11
114 131 38 45 11 21
114 131 38 45 21 32
114 131 38 45 32 42
114 131 38 45 42 52
114 131 38 45 52 63
114 131 38 45 63 73
114 131 38 45 73 84
114 131 45 53 0 11
114 131 45 53 11 21
114 131 45 53 21 32
114 131 45 53 32 42
114 131 45 53 42 52
114 131 45 53 52 63
114 131 45 53 63 73
114 131 45 53 73 84
114 131 53 61 0 11
114 131 53 61 11 21
114 131 53 61 21 32
114 131 53 61 32 42
114 131 53 61 42 52
114 131 53 61 52 63
114 131 53 61 63 73
114 131 53 61 73 84
