hostname : cph-gpu3.uncc.edu
bounding: [1053872.965;1068485.726]x[860186.8419;879395.9741]x[3;730]
read 11056 observations
res: 50 50 1 bw: 2500 2500 1
160 294 128 192 0 728
0 294 0 128 0 728
192 294 192 256 0 728
32 128 192 386 0 728
128 294 288 386 0 384
128 192 192 256 0 728
96 160 128 192 0 728
128 294 256 288 0 728
0 96 128 192 0 728
128 294 288 386 384 728
0 32 192 386 0 728
voxsize: 294x386x728 size:315.156372MB
voxBW: 50 1
Decomp size:11
Initialization time: 0.035408
compute: 0.163023 seconds
evaluations: 328636729
time: 0.199201 seconds
