hostname : cph-gpu2.uncc.edu
bounding: [1053872.965;1068485.726]x[860186.8419;879395.9741]x[3;730]
read 11056 observations
res: 50 50 1 bw: 100 100 1
128 192 128 192 0 64
0 128 128 192 64 128
192 256 256 320 64 192
128 192 192 256 64 128
0 128 192 386 64 128
192 256 256 320 192 728
0 128 192 386 0 64
128 192 128 192 64 128
128 192 128 192 128 256
128 192 192 256 0 64
128 192 192 256 128 192
192 256 320 386 0 128
128 192 128 192 256 728
192 256 0 192 0 192
192 256 192 256 320 728
0 128 0 128 128 728
0 128 128 192 192 728
128 192 192 256 192 320
192 256 256 320 0 64
192 256 320 386 128 728
0 128 128 192 0 64
0 128 192 386 128 256
0 128 0 128 0 64
128 192 192 256 320 728
192 256 192 256 0 64
128 192 256 386 0 64
192 256 192 256 64 128
128 192 0 128 0 128
128 192 256 386 128 256
0 128 192 386 256 728
128 192 256 386 64 128
192 256 192 256 192 320
128 192 256 386 256 728
192 256 0 192 192 728
0 128 0 128 64 128
128 192 0 128 128 728
192 256 192 256 128 192
0 128 128 192 128 192
256 294 192 256 64 128
256 294 0 192 192 728
256 294 0 192 64 192
256 294 192 256 192 320
256 294 192 256 0 64
256 294 192 256 320 728
256 294 192 256 128 192
256 294 0 192 0 64
256 294 256 386 64 128
256 294 256 386 384 728
256 294 256 386 128 192
256 294 256 386 0 64
256 294 256 386 192 256
256 294 256 386 256 384
voxsize: 294x386x728 size:315.156372MB
voxBW: 2 1
Decomp size:52
Initialization time: 0.036437
compute: 0.001819 seconds
evaluations: 828825
time: 0.039961 seconds
