hostname : cph-gpu1.uncc.edu
bounding: [1053872.965;1068485.726]x[860186.8419;879395.9741]x[3;730]
read 11056 observations
res: 100 100 1 bw: 250 250 1
64 96 64 128 256 728
0 64 0 64 0 256
64 96 64 96 0 128
64 96 96 128 0 128
96 148 128 160 0 192
64 96 128 160 0 384
0 64 64 96 0 128
96 128 0 128 128 320
128 148 0 128 0 704
0 64 96 128 0 256
0 96 64 96 128 256
96 128 96 128 0 128
64 96 96 128 128 256
0 64 32 128 256 728
96 148 160 194 0 256
0 64 128 160 0 320
96 128 0 128 320 704
0 148 128 194 384 704
64 96 0 64 0 256
96 128 0 96 0 128
96 148 128 160 192 384
0 96 160 194 0 192
64 96 32 64 256 728
96 148 160 194 256 384
0 96 160 194 192 384
0 148 128 194 704 728
0 64 128 160 320 384
96 148 0 128 704 728
0 96 0 32 256 728
voxsize: 148x194x728 size:79.736084MB
voxBW: 3 1
Decomp size:29
Initialization time: 0.008721
compute: 0.001903 seconds
evaluations: 1624413
time: 0.011637 seconds
