hostname : cph-gpu2.uncc.edu
bounding: [1053872.965;1068485.726]x[860186.8419;879395.9741]x[3;730]
read 11056 observations
res: 50 50 1 bw: 100 100 1
128 192 192 256 0 192
0 128 192 386 0 256
192 256 192 256 0 320
128 192 256 386 0 384
128 192 128 192 0 192
192 256 256 320 0 384
0 128 128 192 0 256
0 128 0 128 0 256
128 192 128 192 192 728
128 192 192 256 192 448
192 256 320 386 0 256
128 192 0 128 0 728
256 294 0 256 0 192
192 256 0 192 0 192
192 256 192 256 320 704
0 128 192 386 256 728
0 128 128 192 256 728
256 294 0 256 192 448
192 256 320 386 256 728
128 192 192 256 448 728
192 256 256 320 384 728
192 256 0 192 192 320
0 128 0 128 256 728
128 192 256 386 384 728
192 256 0 192 320 728
256 294 0 256 512 728
256 294 256 386 64 384
256 294 0 256 448 512
192 256 192 256 704 728
256 294 256 386 384 728
256 294 256 386 0 64
voxsize: 294x386x728 size:315.156372MB
voxBW: 2 1
Decomp size:31
Initialization time: 0.03588
compute: 0.001518 seconds
evaluations: 828825
time: 0.038624 seconds
