hostname : cph-gpu4.uncc.edu
bounding: [1053872.965;1068485.726]x[860186.8419;879395.9741]x[3;730]
read 11056 observations
res: 50 50 1 bw: 2500 2500 14
64 294 128 192 64 128
192 294 256 386 0 128
192 294 256 386 128 728
64 294 128 192 0 64
64 128 192 256 0 728
64 294 128 192 128 256
64 192 256 386 0 128
128 294 192 256 256 728
64 192 256 386 128 728
64 294 128 192 256 728
128 192 192 256 64 256
192 294 192 256 64 256
128 294 192 256 0 64
64 128 0 128 0 728
128 294 0 128 0 728
0 64 0 386 0 728
voxsize: 294x386x728 size:315.156372MB
voxBW: 50 14
Decomp size:16
Initialization time: 0.03502
compute: 0.484855 seconds
evaluations: 3159635318
time: 0.520808 seconds
