hostname : cph-gpu2.uncc.edu
bounding: [1053872.965;1068485.726]x[860186.8419;879395.9741]x[3;730]
read 11056 observations
res: 50 50 1 bw: 100 100 1
128 256 192 256 0 728
0 128 64 386 0 256
128 256 0 192 0 704
128 256 256 386 0 384
0 128 64 386 256 728
256 294 0 256 0 192
128 256 256 386 384 728
256 294 0 256 192 448
256 294 0 256 512 728
0 128 0 64 0 728
256 294 256 386 64 384
128 256 0 192 704 728
256 294 0 256 448 512
256 294 256 386 384 728
256 294 256 386 0 64
voxsize: 294x386x728 size:315.156372MB
voxBW: 2 1
Decomp size:15
Initialization time: 0.038257
compute: 0.006422 seconds
evaluations: 828825
time: 0.049731 seconds
