hostname : cph-c54.uncc.edu
bounding: [1053872.965;1068485.726]x[860186.8419;879395.9741]x[3;730]
read 11056 observations
res: 100 100 1 bw: 2500 2500 1
0 128 96 128 0 64
0 128 128 194 0 64
128 148 0 194 0 728
0 128 64 96 64 128
0 128 64 96 0 64
0 128 96 128 160 288
0 128 64 96 128 256
0 128 96 128 288 728
0 128 0 64 96 728
0 128 128 194 128 256
0 128 128 194 256 728
0 128 64 96 256 728
0 128 0 64 0 96
0 128 128 194 64 128
0 128 96 128 96 160
0 128 96 128 64 96
voxsize: 148x194x728 size:79.736084MB
voxBW: 25 1
Decomp size:16
Initialization time: 0.008905
compute: 0.039082 seconds
evaluations: 83992257
time: 0.048969 seconds
