hostname : cph-gpu3.uncc.edu
bounding: [1053872.965;1068485.726]x[860186.8419;879395.9741]x[3;730]
read 11056 observations
res: 50 50 1 bw: 2500 2500 1
128 192 192 256 0 256
192 294 192 256 0 256
192 294 0 192 0 728
64 128 128 192 0 728
128 192 128 192 0 256
128 192 256 386 0 256
64 128 192 256 0 728
192 294 256 320 0 256
64 128 0 128 0 728
0 64 0 386 0 728
128 192 0 128 0 728
64 128 256 386 0 728
192 294 320 386 0 256
192 294 192 256 256 728
128 192 192 256 256 728
128 192 128 192 256 728
128 192 256 386 256 728
192 294 256 320 256 728
192 294 320 386 256 728
voxsize: 294x386x728 size:315.156372MB
voxBW: 50 1
Decomp size:19
Initialization time: 0.034285
compute: 0.107866 seconds
evaluations: 328636729
time: 0.144756 seconds
