hostname : cph-gpu1.uncc.edu
bounding: [1053872.965;1068485.726]x[860186.8419;879395.9741]x[3;730]
read 11056 observations
res: 100 100 1 bw: 250 250 1
96 128 96 128 128 704
64 96 96 128 128 384
0 64 0 64 0 256
64 96 64 96 0 128
64 96 128 160 0 448
64 96 96 128 0 128
128 148 0 194 0 728
64 96 64 96 128 728
0 64 64 96 0 128
96 128 128 160 0 192
96 128 160 194 0 728
0 64 96 128 0 256
96 128 96 128 0 128
0 64 64 96 128 728
64 96 0 64 0 728
0 64 128 194 0 320
96 128 0 96 0 192
64 96 160 194 0 728
96 128 128 160 192 384
64 96 96 128 384 728
0 64 96 128 256 728
96 128 0 96 192 320
96 128 128 160 384 728
0 64 0 64 256 728
96 128 0 96 320 728
0 64 128 194 320 728
64 96 128 160 448 728
96 128 96 128 704 728
voxsize: 148x194x728 size:79.736084MB
voxBW: 3 1
Decomp size:28
Initialization time: 0.009642
compute: 0.001626 seconds
evaluations: 1624413
time: 0.012222 seconds
