hostname : cph-gpu2.uncc.edu
bounding: [1053872.965;1068485.726]x[860186.8419;879395.9741]x[3;730]
read 11056 observations
res: 50 50 1 bw: 100 100 1
160 192 192 256 0 512
96 128 0 192 0 256
192 294 0 192 0 728
0 96 0 192 0 256
224 294 256 386 0 512
0 160 192 224 0 512
128 160 224 386 0 512
192 294 224 256 0 512
128 160 0 192 0 256
192 294 192 224 0 512
0 192 0 192 256 728
192 224 256 386 0 512
0 128 224 386 0 512
160 192 0 192 0 256
0 294 192 386 512 728
160 192 256 386 0 512
voxsize: 294x386x728 size:315.156372MB
voxBW: 2 1
Decomp size:16
Initialization time: 0.036001
compute: 0.003808 seconds
evaluations: 828825
time: 0.040884 seconds
