hostname : cph-gpu3.uncc.edu
bounding: [1053872.965;1068485.726]x[860186.8419;879395.9741]x[3;730]
read 11056 observations
res: 50 50 1 bw: 2500 2500 1
192 256 96 224 128 256
192 294 224 320 64 128
0 224 288 386 0 64
192 256 96 224 256 728
192 294 320 386 64 728
128 160 224 386 128 728
160 192 224 386 64 192
64 128 160 224 64 192
64 128 224 386 128 728
0 294 0 96 64 728
128 192 192 224 64 256
128 192 96 192 128 256
128 192 96 192 64 128
0 64 96 386 64 728
64 160 224 386 64 128
192 294 0 224 0 64
128 160 0 224 0 64
192 294 96 224 64 128
256 294 96 320 128 728
192 256 224 320 256 728
0 96 0 224 0 64
192 256 224 320 128 256
64 128 96 160 64 192
64 192 96 224 448 728
160 192 224 386 192 728
96 128 0 224 0 64
64 128 96 224 192 448
0 224 224 256 0 64
224 294 224 386 0 64
128 192 96 224 256 448
160 192 0 224 0 64
0 224 256 288 0 64
voxsize: 294x386x728 size:315.156372MB
voxBW: 50 1
Decomp size:32
Initialization time: 0.034863
compute: 0.088897 seconds
evaluations: 328636729
time: 0.125217 seconds
