hostname : cph-gpu2.uncc.edu
bounding: [1053872.965;1068485.726]x[860186.8419;879395.9741]x[3;730]
read 11056 observations
res: 50 50 1 bw: 100 100 1
0 294 0 96 64 728
96 160 256 320 64 192
224 256 96 224 0 256
224 294 256 320 64 192
96 294 320 386 64 128
160 294 320 386 256 728
128 160 128 192 64 128
128 224 96 224 384 512
96 294 96 256 576 640
0 294 96 256 640 728
128 192 160 224 256 384
0 96 160 256 128 640
96 128 128 160 64 512
96 294 256 320 192 256
0 96 96 160 128 640
0 96 256 386 64 728
160 294 256 288 0 64
224 294 96 224 256 512
0 96 192 256 0 128
160 224 224 256 64 128
160 224 128 160 0 128
128 192 192 224 64 128
192 294 320 386 0 64
192 224 160 224 192 384
0 160 256 288 0 64
160 294 288 320 256 728
128 224 96 160 192 384
192 224 224 256 128 512
96 128 96 160 0 64
128 224 160 192 128 192
96 294 96 256 512 576
128 160 128 192 0 64
128 160 224 256 128 512
96 128 192 256 64 192
128 224 96 128 0 128
224 294 224 256 128 512
128 192 192 224 0 64
160 224 224 256 0 64
256 294 192 224 0 256
96 128 96 128 64 512
96 160 256 386 256 728
128 192 192 224 128 192
96 128 160 256 192 512
128 192 160 224 192 256
96 128 160 192 0 192
160 192 224 256 128 512
96 294 320 386 128 256
0 96 160 192 0 128
192 224 192 224 0 192
224 294 224 256 0 128
160 224 160 192 0 64
192 224 256 320 64 192
160 294 256 288 256 728
256 294 96 192 0 256
192 294 288 320 0 64
0 96 96 160 0 64
0 96 96 160 64 128
0 192 288 386 0 64
160 192 256 320 64 192
160 224 160 192 64 128
128 160 224 256 0 128
96 128 192 256 0 64
0 294 0 96 0 64
128 224 96 160 128 192
voxsize: 294x386x728 size:315.156372MB
voxBW: 2 1
Decomp size:64
Initialization time: 0.035577
compute: 0.001875 seconds
evaluations: 828825
time: 0.038920 seconds
