hostname : cph-gpu2.uncc.edu
bounding: [1053872.965;1068485.726]x[860186.8419;879395.9741]x[3;730]
read 11056 observations
res: 50 50 1 bw: 100 100 1
0 192 224 320 0 544
192 294 160 288 0 288
0 192 160 224 0 256
0 192 0 160 0 288
192 294 288 386 0 728
192 294 160 288 288 728
0 192 160 224 256 672
0 192 0 160 288 672
192 294 0 160 0 728
0 192 320 386 96 728
0 192 224 320 544 728
0 192 320 386 0 96
0 192 160 224 672 728
0 192 0 160 672 728
voxsize: 294x386x728 size:315.156372MB
voxBW: 2 1
Decomp size:14
Initialization time: 0.037055
compute: 0.002424 seconds
evaluations: 828825
time: 0.040215 seconds
