hostname : cph-gpu2.uncc.edu
bounding: [1053872.965;1068485.726]x[860186.8419;879395.9741]x[3;730]
read 11056 observations
res: 50 50 1 bw: 100 100 1
128 192 192 256 0 448
192 294 256 386 0 384
192 256 128 256 0 288
0 128 128 256 0 192
0 192 256 386 0 384
128 192 128 192 0 480
0 256 0 128 0 480
0 256 0 256 480 728
0 294 256 386 384 704
256 294 0 256 0 192
0 128 128 256 192 480
256 294 0 256 192 728
192 256 128 256 288 480
192 294 256 386 704 728
128 192 256 386 704 728
128 192 192 256 448 480
0 128 256 386 704 728
voxsize: 294x386x728 size:315.156372MB
voxBW: 2 1
Decomp size:17
Initialization time: 0.035426
compute: 0.001902 seconds
evaluations: 828825
time: 0.038265 seconds
