hostname : cph-c54.uncc.edu
bounding: [1053872.965;1068485.726]x[860186.8419;879395.9741]x[3;730]
read 11056 observations
res: 100 100 1 bw: 2500 2500 1
64 128 64 128 0 64
64 128 64 128 64 128
64 148 128 194 192 728
64 148 64 128 192 320
64 148 64 128 320 728
64 128 128 194 64 192
0 64 0 64 0 728
0 64 64 194 64 128
64 128 64 128 128 192
0 64 64 194 0 64
64 128 128 194 0 64
64 148 0 64 0 728
0 64 64 194 128 256
0 64 64 194 256 728
128 148 64 194 64 192
128 148 64 194 0 64
voxsize: 148x194x728 size:79.736084MB
voxBW: 25 1
Decomp size:16
Initialization time: 0.011265
compute: 0.050554 seconds
evaluations: 83992257
time: 0.063056 seconds
