hostname : cph-gpu2.uncc.edu
bounding: [1053872.965;1068485.726]x[860186.8419;879395.9741]x[3;730]
read 11056 observations
res: 50 50 1 bw: 100 100 1
192 294 192 256 64 256
0 294 192 256 256 576
128 294 128 192 64 192
0 192 256 320 0 192
0 294 320 386 0 576
0 128 0 256 0 64
0 294 0 128 64 576
0 128 128 192 64 576
0 192 192 256 128 256
0 294 256 320 192 576
128 294 0 192 0 64
128 294 192 256 0 64
128 294 128 192 192 576
192 294 256 320 0 192
0 192 192 256 64 128
0 294 0 386 576 728
voxsize: 294x386x728 size:315.156372MB
voxBW: 2 1
Decomp size:16
Initialization time: 0.036239
compute: 0.003243 seconds
evaluations: 828825
time: 0.044289 seconds
