hostname : cph-gpu1.uncc.edu
bounding: [1053872.965;1068485.726]x[860186.8419;879395.9741]x[3;730]
read 11056 observations
res: 100 100 1 bw: 250 250 1
64 96 64 96 0 64
64 96 96 128 64 128
32 64 64 96 64 128
96 128 128 194 64 128
32 64 32 64 64 192
64 96 64 96 128 256
64 96 64 96 64 128
96 148 64 96 192 728
64 96 96 128 0 64
64 96 96 128 128 192
64 96 64 96 256 728
32 64 64 194 320 728
32 64 64 194 192 320
64 148 32 64 0 192
32 64 96 194 64 128
32 64 64 194 128 192
32 64 64 96 0 64
32 148 32 64 192 728
32 64 96 194 0 64
96 128 128 160 0 64
96 128 96 128 0 64
96 148 64 96 64 192
32 64 32 64 0 64
64 96 128 194 0 64
96 128 96 128 64 128
96 148 96 128 128 192
64 96 128 194 64 128
96 148 128 194 128 192
96 128 160 194 0 64
0 32 0 194 0 728
64 96 96 128 192 256
96 148 64 96 0 64
96 128 96 128 192 256
64 96 128 194 128 192
96 128 128 194 192 256
128 148 96 194 64 128
64 96 96 128 256 320
64 96 128 194 192 256
64 96 96 128 320 384
128 148 96 194 0 64
96 128 96 128 256 320
96 148 128 160 256 320
64 96 128 194 384 576
96 128 96 128 320 384
96 128 96 160 512 576
64 96 128 194 256 320
96 128 128 194 320 384
96 128 160 194 512 728
96 128 96 194 448 512
96 128 96 160 576 640
64 96 96 194 640 728
96 128 96 160 640 728
96 128 96 128 384 448
96 128 128 194 384 448
64 96 96 194 576 640
64 96 96 128 384 448
64 96 96 128 448 576
128 148 96 194 384 728
128 148 96 194 192 256
64 96 128 194 320 384
32 148 0 32 0 728
128 148 96 128 256 320
96 148 160 194 256 320
128 148 96 194 320 384
voxsize: 148x194x728 size:79.736084MB
voxBW: 3 1
Decomp size:64
Initialization time: 0.011115
compute: 0.001983 seconds
evaluations: 1624413
time: 0.014518 seconds
