hostname : cph-gpu4.uncc.edu
bounding: [1053872.965;1068485.726]x[860186.8419;879395.9741]x[3;730]
read 11056 observations
res: 50 50 1 bw: 2500 2500 14
192 294 192 256 0 728
128 192 192 256 0 728
0 192 0 128 0 728
0 192 256 320 0 728
128 192 128 192 0 728
0 128 128 192 0 728
192 294 256 320 0 728
192 294 0 192 0 728
0 128 192 256 0 728
0 294 320 386 0 728
voxsize: 294x386x728 size:315.156372MB
voxBW: 50 14
Decomp size:10
Initialization time: 0.035253
compute: 0.934955 seconds
evaluations: 3159635318
time: 0.971049 seconds
