hostname : cph-c53.uncc.edu
bounding: [1053872.965;1068485.726]x[860186.8419;879395.9741]x[3;730]
read 11056 observations
res: 100 100 1 bw: 500 500 7
0 10 0 13 0 46
0 10 0 13 46 91
0 10 0 13 91 137
0 10 0 13 137 182
0 10 0 13 182 228
0 10 0 13 228 273
0 10 0 13 273 319
0 10 0 13 319 364
0 10 0 13 364 409
0 10 0 13 409 455
0 10 0 13 455 500
0 10 0 13 500 546
0 10 0 13 546 591
0 10 0 13 591 637
0 10 0 13 637 682
0 10 0 13 682 728
0 10 13 25 0 46
0 10 13 25 46 91
0 10 13 25 91 137
0 10 13 25 137 182
0 10 13 25 182 228
0 10 13 25 228 273
0 10 13 25 273 319
0 10 13 25 319 364
0 10 13 25 364 409
0 10 13 25 409 455
0 10 13 25 455 500
0 10 13 25 500 546
0 10 13 25 546 591
0 10 13 25 591 637
0 10 13 25 637 682
0 10 13 25 682 728
0 10 25 37 0 46
0 10 25 37 46 91
0 10 25 37 91 137
0 10 25 37 137 182
0 10 25 37 182 228
0 10 25 37 228 273
0 10 25 37 273 319
0 10 25 37 319 364
0 10 25 37 364 409
0 10 25 37 409 455
0 10 25 37 455 500
0 10 25 37 500 546
0 10 25 37 546 591
0 10 25 37 591 637
0 10 25 37 637 682
0 10 25 37 682 728
0 10 37 49 0 46
0 10 37 49 46 91
0 10 37 49 91 137
0 10 37 49 137 182
0 10 37 49 182 228
0 10 37 49 228 273
0 10 37 49 273 319
0 10 37 49 319 364
0 10 37 49 364 409
0 10 37 49 409 455
0 10 37 49 455 500
0 10 37 49 500 546
0 10 37 49 546 591
0 10 37 49 591 637
0 10 37 49 637 682
0 10 37 49 682 728
0 10 49 61 0 46
0 10 49 61 46 91
0 10 49 61 91 137
0 10 49 61 137 182
0 10 49 61 182 228
0 10 49 61 228 273
0 10 49 61 273 319
0 10 49 61 319 364
0 10 49 61 364 409
0 10 49 61 409 455
0 10 49 61 455 500
0 10 49 61 500 546
0 10 49 61 546 591
0 10 49 61 591 637
0 10 49 61 637 682
0 10 49 61 682 728
0 10 61 73 0 46
0 10 61 73 46 91
0 10 61 73 91 137
0 10 61 73 137 182
0 10 61 73 182 228
0 10 61 73 228 273
0 10 61 73 273 319
0 10 61 73 319 364
0 10 61 73 364 409
0 10 61 73 409 455
0 10 61 73 455 500
0 10 61 73 500 546
0 10 61 73 546 591
0 10 61 73 591 637
0 10 61 73 637 682
0 10 61 73 682 728
0 10 73 85 0 46
0 10 73 85 46 91
0 10 73 85 91 137
0 10 73 85 137 182
0 10 73 85 182 228
0 10 73 85 228 273
0 10 73 85 273 319
0 10 73 85 319 364
0 10 73 85 364 409
0 10 73 85 409 455
0 10 73 85 455 500
0 10 73 85 500 546
0 10 73 85 546 591
0 10 73 85 591 637
0 10 73 85 637 682
0 10 73 85 682 728
0 10 85 97 0 46
0 10 85 97 46 91
0 10 85 97 91 137
0 10 85 97 137 182
0 10 85 97 182 228
0 10 85 97 228 273
0 10 85 97 273 319
0 10 85 97 319 364
0 10 85 97 364 409
0 10 85 97 409 455
0 10 85 97 455 500
0 10 85 97 500 546
0 10 85 97 546 591
0 10 85 97 591 637
0 10 85 97 637 682
0 10 85 97 682 728
0 10 97 109 0 46
0 10 97 109 46 91
0 10 97 109 91 137
0 10 97 109 137 182
0 10 97 109 182 228
0 10 97 109 228 273
0 10 97 109 273 319
0 10 97 109 319 364
0 10 97 109 364 409
0 10 97 109 409 455
0 10 97 109 455 500
0 10 97 109 500 546
0 10 97 109 546 591
0 10 97 109 591 637
0 10 97 109 637 682
0 10 97 109 682 728
0 10 109 121 0 46
0 10 109 121 46 91
0 10 109 121 91 137
0 10 109 121 137 182
0 10 109 121 182 228
0 10 109 121 228 273
0 10 109 121 273 319
0 10 109 121 319 364
0 10 109 121 364 409
0 10 109 121 409 455
0 10 109 121 455 500
0 10 109 121 500 546
0 10 109 121 546 591
0 10 109 121 591 637
0 10 109 121 637 682
0 10 109 121 682 728
0 10 121 133 0 46
0 10 121 133 46 91
0 10 121 133 91 137
0 10 121 133 137 182
0 10 121 133 182 228
0 10 121 133 228 273
0 10 121 133 273 319
0 10 121 133 319 364
0 10 121 133 364 409
0 10 121 133 409 455
0 10 121 133 455 500
0 10 121 133 500 546
0 10 121 133 546 591
0 10 121 133 591 637
0 10 121 133 637 682
0 10 121 133 682 728
0 10 133 145 0 46
0 10 133 145 46 91
0 10 133 145 91 137
0 10 133 145 137 182
0 10 133 145 182 228
0 10 133 145 228 273
0 10 133 145 273 319
0 10 133 145 319 364
0 10 133 145 364 409
0 10 133 145 409 455
0 10 133 145 455 500
0 10 133 145 500 546
0 10 133 145 546 591
0 10 133 145 591 637
0 10 133 145 637 682
0 10 133 145 682 728
0 10 145 157 0 46
0 10 145 157 46 91
0 10 145 157 91 137
0 10 145 157 137 182
0 10 145 157 182 228
0 10 145 157 228 273
0 10 145 157 273 319
0 10 145 157 319 364
0 10 145 157 364 409
0 10 145 157 409 455
0 10 145 157 455 500
0 10 145 157 500 546
0 10 145 157 546 591
0 10 145 157 591 637
0 10 145 157 637 682
0 10 145 157 682 728
0 10 157 169 0 46
0 10 157 169 46 91
0 10 157 169 91 137
0 10 157 169 137 182
0 10 157 169 182 228
0 10 157 169 228 273
0 10 157 169 273 319
0 10 157 169 319 364
0 10 157 169 364 409
0 10 157 169 409 455
0 10 157 169 455 500
0 10 157 169 500 546
0 10 157 169 546 591
0 10 157 169 591 637
0 10 157 169 637 682
0 10 157 169 682 728
0 10 169 181 0 46
0 10 169 181 46 91
0 10 169 181 91 137
0 10 169 181 137 182
0 10 169 181 182 228
0 10 169 181 228 273
0 10 169 181 273 319
0 10 169 181 319 364
0 10 169 181 364 409
0 10 169 181 409 455
0 10 169 181 455 500
0 10 169 181 500 546
0 10 169 181 546 591
0 10 169 181 591 637
0 10 169 181 637 682
0 10 169 181 682 728
0 10 181 194 0 46
0 10 181 194 46 91
0 10 181 194 91 137
0 10 181 194 137 182
0 10 181 194 182 228
0 10 181 194 228 273
0 10 181 194 273 319
0 10 181 194 319 364
0 10 181 194 364 409
0 10 181 194 409 455
0 10 181 194 455 500
0 10 181 194 500 546
0 10 181 194 546 591
0 10 181 194 591 637
0 10 181 194 637 682
0 10 181 194 682 728
10 19 0 13 0 46
10 19 0 13 46 91
10 19 0 13 91 137
10 19 0 13 137 182
10 19 0 13 182 228
10 19 0 13 228 273
10 19 0 13 273 319
10 19 0 13 319 364
10 19 0 13 364 409
10 19 0 13 409 455
10 19 0 13 455 500
10 19 0 13 500 546
10 19 0 13 546 591
10 19 0 13 591 637
10 19 0 13 637 682
10 19 0 13 682 728
10 19 13 25 0 46
10 19 13 25 46 91
10 19 13 25 91 137
10 19 13 25 137 182
10 19 13 25 182 228
10 19 13 25 228 273
10 19 13 25 273 319
10 19 13 25 319 364
10 19 13 25 364 409
10 19 13 25 409 455
10 19 13 25 455 500
10 19 13 25 500 546
10 19 13 25 546 591
10 19 13 25 591 637
10 19 13 25 637 682
10 19 13 25 682 728
10 19 25 37 0 46
10 19 25 37 46 91
10 19 25 37 91 137
10 19 25 37 137 182
10 19 25 37 182 228
10 19 25 37 228 273
10 19 25 37 273 319
10 19 25 37 319 364
10 19 25 37 364 409
10 19 25 37 409 455
10 19 25 37 455 500
10 19 25 37 500 546
10 19 25 37 546 591
10 19 25 37 591 637
10 19 25 37 637 682
10 19 25 37 682 728
10 19 37 49 0 46
10 19 37 49 46 91
10 19 37 49 91 137
10 19 37 49 137 182
10 19 37 49 182 228
10 19 37 49 228 273
10 19 37 49 273 319
10 19 37 49 319 364
10 19 37 49 364 409
10 19 37 49 409 455
10 19 37 49 455 500
10 19 37 49 500 546
10 19 37 49 546 591
10 19 37 49 591 637
10 19 37 49 637 682
10 19 37 49 682 728
10 19 49 61 0 46
10 19 49 61 46 91
10 19 49 61 91 137
10 19 49 61 137 182
10 19 49 61 182 228
10 19 49 61 228 273
10 19 49 61 273 319
10 19 49 61 319 364
10 19 49 61 364 409
10 19 49 61 409 455
10 19 49 61 455 500
10 19 49 61 500 546
10 19 49 61 546 591
10 19 49 61 591 637
10 19 49 61 637 682
10 19 49 61 682 728
10 19 61 73 0 46
10 19 61 73 46 91
10 19 61 73 91 137
10 19 61 73 137 182
10 19 61 73 182 228
10 19 61 73 228 273
10 19 61 73 273 319
10 19 61 73 319 364
10 19 61 73 364 409
10 19 61 73 409 455
10 19 61 73 455 500
10 19 61 73 500 546
10 19 61 73 546 591
10 19 61 73 591 637
10 19 61 73 637 682
10 19 61 73 682 728
10 19 73 85 0 46
10 19 73 85 46 91
10 19 73 85 91 137
10 19 73 85 137 182
10 19 73 85 182 228
10 19 73 85 228 273
10 19 73 85 273 319
10 19 73 85 319 364
10 19 73 85 364 409
10 19 73 85 409 455
10 19 73 85 455 500
10 19 73 85 500 546
10 19 73 85 546 591
10 19 73 85 591 637
10 19 73 85 637 682
10 19 73 85 682 728
10 19 85 97 0 46
10 19 85 97 46 91
10 19 85 97 91 137
10 19 85 97 137 182
10 19 85 97 182 228
10 19 85 97 228 273
10 19 85 97 273 319
10 19 85 97 319 364
10 19 85 97 364 409
10 19 85 97 409 455
10 19 85 97 455 500
10 19 85 97 500 546
10 19 85 97 546 591
10 19 85 97 591 637
10 19 85 97 637 682
10 19 85 97 682 728
10 19 97 109 0 46
10 19 97 109 46 91
10 19 97 109 91 137
10 19 97 109 137 182
10 19 97 109 182 228
10 19 97 109 228 273
10 19 97 109 273 319
10 19 97 109 319 364
10 19 97 109 364 409
10 19 97 109 409 455
10 19 97 109 455 500
10 19 97 109 500 546
10 19 97 109 546 591
10 19 97 109 591 637
10 19 97 109 637 682
10 19 97 109 682 728
10 19 109 121 0 46
10 19 109 121 46 91
10 19 109 121 91 137
10 19 109 121 137 182
10 19 109 121 182 228
10 19 109 121 228 273
10 19 109 121 273 319
10 19 109 121 319 364
10 19 109 121 364 409
10 19 109 121 409 455
10 19 109 121 455 500
10 19 109 121 500 546
10 19 109 121 546 591
10 19 109 121 591 637
10 19 109 121 637 682
10 19 109 121 682 728
10 19 121 133 0 46
10 19 121 133 46 91
10 19 121 133 91 137
10 19 121 133 137 182
10 19 121 133 182 228
10 19 121 133 228 273
10 19 121 133 273 319
10 19 121 133 319 364
10 19 121 133 364 409
10 19 121 133 409 455
10 19 121 133 455 500
10 19 121 133 500 546
10 19 121 133 546 591
10 19 121 133 591 637
10 19 121 133 637 682
10 19 121 133 682 728
10 19 133 145 0 46
10 19 133 145 46 91
10 19 133 145 91 137
10 19 133 145 137 182
10 19 133 145 182 228
10 19 133 145 228 273
10 19 133 145 273 319
10 19 133 145 319 364
10 19 133 145 364 409
10 19 133 145 409 455
10 19 133 145 455 500
10 19 133 145 500 546
10 19 133 145 546 591
10 19 133 145 591 637
10 19 133 145 637 682
10 19 133 145 682 728
10 19 145 157 0 46
10 19 145 157 46 91
10 19 145 157 91 137
10 19 145 157 137 182
10 19 145 157 182 228
10 19 145 157 228 273
10 19 145 157 273 319
10 19 145 157 319 364
10 19 145 157 364 409
10 19 145 157 409 455
10 19 145 157 455 500
10 19 145 157 500 546
10 19 145 157 546 591
10 19 145 157 591 637
10 19 145 157 637 682
10 19 145 157 682 728
10 19 157 169 0 46
10 19 157 169 46 91
10 19 157 169 91 137
10 19 157 169 137 182
10 19 157 169 182 228
10 19 157 169 228 273
10 19 157 169 273 319
10 19 157 169 319 364
10 19 157 169 364 409
10 19 157 169 409 455
10 19 157 169 455 500
10 19 157 169 500 546
10 19 157 169 546 591
10 19 157 169 591 637
10 19 157 169 637 682
10 19 157 169 682 728
10 19 169 181 0 46
10 19 169 181 46 91
10 19 169 181 91 137
10 19 169 181 137 182
10 19 169 181 182 228
10 19 169 181 228 273
10 19 169 181 273 319
10 19 169 181 319 364
10 19 169 181 364 409
10 19 169 181 409 455
10 19 169 181 455 500
10 19 169 181 500 546
10 19 169 181 546 591
10 19 169 181 591 637
10 19 169 181 637 682
10 19 169 181 682 728
10 19 181 194 0 46
10 19 181 194 46 91
10 19 181 194 91 137
10 19 181 194 137 182
10 19 181 194 182 228
10 19 181 194 228 273
10 19 181 194 273 319
10 19 181 194 319 364
10 19 181 194 364 409
10 19 181 194 409 455
10 19 181 194 455 500
10 19 181 194 500 546
10 19 181 194 546 591
10 19 181 194 591 637
10 19 181 194 637 682
10 19 181 194 682 728
19 28 0 13 0 46
19 28 0 13 46 91
19 28 0 13 91 137
19 28 0 13 137 182
19 28 0 13 182 228
19 28 0 13 228 273
19 28 0 13 273 319
19 28 0 13 319 364
19 28 0 13 364 409
19 28 0 13 409 455
19 28 0 13 455 500
19 28 0 13 500 546
19 28 0 13 546 591
19 28 0 13 591 637
19 28 0 13 637 682
19 28 0 13 682 728
19 28 13 25 0 46
19 28 13 25 46 91
19 28 13 25 91 137
19 28 13 25 137 182
19 28 13 25 182 228
19 28 13 25 228 273
19 28 13 25 273 319
19 28 13 25 319 364
19 28 13 25 364 409
19 28 13 25 409 455
19 28 13 25 455 500
19 28 13 25 500 546
19 28 13 25 546 591
19 28 13 25 591 637
19 28 13 25 637 682
19 28 13 25 682 728
19 28 25 37 0 46
19 28 25 37 46 91
19 28 25 37 91 137
19 28 25 37 137 182
19 28 25 37 182 228
19 28 25 37 228 273
19 28 25 37 273 319
19 28 25 37 319 364
19 28 25 37 364 409
19 28 25 37 409 455
19 28 25 37 455 500
19 28 25 37 500 546
19 28 25 37 546 591
19 28 25 37 591 637
19 28 25 37 637 682
19 28 25 37 682 728
19 28 37 49 0 46
19 28 37 49 46 91
19 28 37 49 91 137
19 28 37 49 137 182
19 28 37 49 182 228
19 28 37 49 228 273
19 28 37 49 273 319
19 28 37 49 319 364
19 28 37 49 364 409
19 28 37 49 409 455
19 28 37 49 455 500
19 28 37 49 500 546
19 28 37 49 546 591
19 28 37 49 591 637
19 28 37 49 637 682
19 28 37 49 682 728
19 28 49 61 0 46
19 28 49 61 46 91
19 28 49 61 91 137
19 28 49 61 137 182
19 28 49 61 182 228
19 28 49 61 228 273
19 28 49 61 273 319
19 28 49 61 319 364
19 28 49 61 364 409
19 28 49 61 409 455
19 28 49 61 455 500
19 28 49 61 500 546
19 28 49 61 546 591
19 28 49 61 591 637
19 28 49 61 637 682
19 28 49 61 682 728
19 28 61 73 0 46
19 28 61 73 46 91
19 28 61 73 91 137
19 28 61 73 137 182
19 28 61 73 182 228
19 28 61 73 228 273
19 28 61 73 273 319
19 28 61 73 319 364
19 28 61 73 364 409
19 28 61 73 409 455
19 28 61 73 455 500
19 28 61 73 500 546
19 28 61 73 546 591
19 28 61 73 591 637
19 28 61 73 637 682
19 28 61 73 682 728
19 28 73 85 0 46
19 28 73 85 46 91
19 28 73 85 91 137
19 28 73 85 137 182
19 28 73 85 182 228
19 28 73 85 228 273
19 28 73 85 273 319
19 28 73 85 319 364
19 28 73 85 364 409
19 28 73 85 409 455
19 28 73 85 455 500
19 28 73 85 500 546
19 28 73 85 546 591
19 28 73 85 591 637
19 28 73 85 637 682
19 28 73 85 682 728
19 28 85 97 0 46
19 28 85 97 46 91
19 28 85 97 91 137
19 28 85 97 137 182
19 28 85 97 182 228
19 28 85 97 228 273
19 28 85 97 273 319
19 28 85 97 319 364
19 28 85 97 364 409
19 28 85 97 409 455
19 28 85 97 455 500
19 28 85 97 500 546
19 28 85 97 546 591
19 28 85 97 591 637
19 28 85 97 637 682
19 28 85 97 682 728
19 28 97 109 0 46
19 28 97 109 46 91
19 28 97 109 91 137
19 28 97 109 137 182
19 28 97 109 182 228
19 28 97 109 228 273
19 28 97 109 273 319
19 28 97 109 319 364
19 28 97 109 364 409
19 28 97 109 409 455
19 28 97 109 455 500
19 28 97 109 500 546
19 28 97 109 546 591
19 28 97 109 591 637
19 28 97 109 637 682
19 28 97 109 682 728
19 28 109 121 0 46
19 28 109 121 46 91
19 28 109 121 91 137
19 28 109 121 137 182
19 28 109 121 182 228
19 28 109 121 228 273
19 28 109 121 273 319
19 28 109 121 319 364
19 28 109 121 364 409
19 28 109 121 409 455
19 28 109 121 455 500
19 28 109 121 500 546
19 28 109 121 546 591
19 28 109 121 591 637
19 28 109 121 637 682
19 28 109 121 682 728
19 28 121 133 0 46
19 28 121 133 46 91
19 28 121 133 91 137
19 28 121 133 137 182
19 28 121 133 182 228
19 28 121 133 228 273
19 28 121 133 273 319
19 28 121 133 319 364
19 28 121 133 364 409
19 28 121 133 409 455
19 28 121 133 455 500
19 28 121 133 500 546
19 28 121 133 546 591
19 28 121 133 591 637
19 28 121 133 637 682
19 28 121 133 682 728
19 28 133 145 0 46
19 28 133 145 46 91
19 28 133 145 91 137
19 28 133 145 137 182
19 28 133 145 182 228
19 28 133 145 228 273
19 28 133 145 273 319
19 28 133 145 319 364
19 28 133 145 364 409
19 28 133 145 409 455
19 28 133 145 455 500
19 28 133 145 500 546
19 28 133 145 546 591
19 28 133 145 591 637
19 28 133 145 637 682
19 28 133 145 682 728
19 28 145 157 0 46
19 28 145 157 46 91
19 28 145 157 91 137
19 28 145 157 137 182
19 28 145 157 182 228
19 28 145 157 228 273
19 28 145 157 273 319
19 28 145 157 319 364
19 28 145 157 364 409
19 28 145 157 409 455
19 28 145 157 455 500
19 28 145 157 500 546
19 28 145 157 546 591
19 28 145 157 591 637
19 28 145 157 637 682
19 28 145 157 682 728
19 28 157 169 0 46
19 28 157 169 46 91
19 28 157 169 91 137
19 28 157 169 137 182
19 28 157 169 182 228
19 28 157 169 228 273
19 28 157 169 273 319
19 28 157 169 319 364
19 28 157 169 364 409
19 28 157 169 409 455
19 28 157 169 455 500
19 28 157 169 500 546
19 28 157 169 546 591
19 28 157 169 591 637
19 28 157 169 637 682
19 28 157 169 682 728
19 28 169 181 0 46
19 28 169 181 46 91
19 28 169 181 91 137
19 28 169 181 137 182
19 28 169 181 182 228
19 28 169 181 228 273
19 28 169 181 273 319
19 28 169 181 319 364
19 28 169 181 364 409
19 28 169 181 409 455
19 28 169 181 455 500
19 28 169 181 500 546
19 28 169 181 546 591
19 28 169 181 591 637
19 28 169 181 637 682
19 28 169 181 682 728
19 28 181 194 0 46
19 28 181 194 46 91
19 28 181 194 91 137
19 28 181 194 137 182
19 28 181 194 182 228
19 28 181 194 228 273
19 28 181 194 273 319
19 28 181 194 319 364
19 28 181 194 364 409
19 28 181 194 409 455
19 28 181 194 455 500
19 28 181 194 500 546
19 28 181 194 546 591
19 28 181 194 591 637
19 28 181 194 637 682
19 28 181 194 682 728
28 37 0 13 0 46
28 37 0 13 46 91
28 37 0 13 91 137
28 37 0 13 137 182
28 37 0 13 182 228
28 37 0 13 228 273
28 37 0 13 273 319
28 37 0 13 319 364
28 37 0 13 364 409
28 37 0 13 409 455
28 37 0 13 455 500
28 37 0 13 500 546
28 37 0 13 546 591
28 37 0 13 591 637
28 37 0 13 637 682
28 37 0 13 682 728
28 37 13 25 0 46
28 37 13 25 46 91
28 37 13 25 91 137
28 37 13 25 137 182
28 37 13 25 182 228
28 37 13 25 228 273
28 37 13 25 273 319
28 37 13 25 319 364
28 37 13 25 364 409
28 37 13 25 409 455
28 37 13 25 455 500
28 37 13 25 500 546
28 37 13 25 546 591
28 37 13 25 591 637
28 37 13 25 637 682
28 37 13 25 682 728
28 37 25 37 0 46
28 37 25 37 46 91
28 37 25 37 91 137
28 37 25 37 137 182
28 37 25 37 182 228
28 37 25 37 228 273
28 37 25 37 273 319
28 37 25 37 319 364
28 37 25 37 364 409
28 37 25 37 409 455
28 37 25 37 455 500
28 37 25 37 500 546
28 37 25 37 546 591
28 37 25 37 591 637
28 37 25 37 637 682
28 37 25 37 682 728
28 37 37 49 0 46
28 37 37 49 46 91
28 37 37 49 91 137
28 37 37 49 137 182
28 37 37 49 182 228
28 37 37 49 228 273
28 37 37 49 273 319
28 37 37 49 319 364
28 37 37 49 364 409
28 37 37 49 409 455
28 37 37 49 455 500
28 37 37 49 500 546
28 37 37 49 546 591
28 37 37 49 591 637
28 37 37 49 637 682
28 37 37 49 682 728
28 37 49 61 0 46
28 37 49 61 46 91
28 37 49 61 91 137
28 37 49 61 137 182
28 37 49 61 182 228
28 37 49 61 228 273
28 37 49 61 273 319
28 37 49 61 319 364
28 37 49 61 364 409
28 37 49 61 409 455
28 37 49 61 455 500
28 37 49 61 500 546
28 37 49 61 546 591
28 37 49 61 591 637
28 37 49 61 637 682
28 37 49 61 682 728
28 37 61 73 0 46
28 37 61 73 46 91
28 37 61 73 91 137
28 37 61 73 137 182
28 37 61 73 182 228
28 37 61 73 228 273
28 37 61 73 273 319
28 37 61 73 319 364
28 37 61 73 364 409
28 37 61 73 409 455
28 37 61 73 455 500
28 37 61 73 500 546
28 37 61 73 546 591
28 37 61 73 591 637
28 37 61 73 637 682
28 37 61 73 682 728
28 37 73 85 0 46
28 37 73 85 46 91
28 37 73 85 91 137
28 37 73 85 137 182
28 37 73 85 182 228
28 37 73 85 228 273
28 37 73 85 273 319
28 37 73 85 319 364
28 37 73 85 364 409
28 37 73 85 409 455
28 37 73 85 455 500
28 37 73 85 500 546
28 37 73 85 546 591
28 37 73 85 591 637
28 37 73 85 637 682
28 37 73 85 682 728
28 37 85 97 0 46
28 37 85 97 46 91
28 37 85 97 91 137
28 37 85 97 137 182
28 37 85 97 182 228
28 37 85 97 228 273
28 37 85 97 273 319
28 37 85 97 319 364
28 37 85 97 364 409
28 37 85 97 409 455
28 37 85 97 455 500
28 37 85 97 500 546
28 37 85 97 546 591
28 37 85 97 591 637
28 37 85 97 637 682
28 37 85 97 682 728
28 37 97 109 0 46
28 37 97 109 46 91
28 37 97 109 91 137
28 37 97 109 137 182
28 37 97 109 182 228
28 37 97 109 228 273
28 37 97 109 273 319
28 37 97 109 319 364
28 37 97 109 364 409
28 37 97 109 409 455
28 37 97 109 455 500
28 37 97 109 500 546
28 37 97 109 546 591
28 37 97 109 591 637
28 37 97 109 637 682
28 37 97 109 682 728
28 37 109 121 0 46
28 37 109 121 46 91
28 37 109 121 91 137
28 37 109 121 137 182
28 37 109 121 182 228
28 37 109 121 228 273
28 37 109 121 273 319
28 37 109 121 319 364
28 37 109 121 364 409
28 37 109 121 409 455
28 37 109 121 455 500
28 37 109 121 500 546
28 37 109 121 546 591
28 37 109 121 591 637
28 37 109 121 637 682
28 37 109 121 682 728
28 37 121 133 0 46
28 37 121 133 46 91
28 37 121 133 91 137
28 37 121 133 137 182
28 37 121 133 182 228
28 37 121 133 228 273
28 37 121 133 273 319
28 37 121 133 319 364
28 37 121 133 364 409
28 37 121 133 409 455
28 37 121 133 455 500
28 37 121 133 500 546
28 37 121 133 546 591
28 37 121 133 591 637
28 37 121 133 637 682
28 37 121 133 682 728
28 37 133 145 0 46
28 37 133 145 46 91
28 37 133 145 91 137
28 37 133 145 137 182
28 37 133 145 182 228
28 37 133 145 228 273
28 37 133 145 273 319
28 37 133 145 319 364
28 37 133 145 364 409
28 37 133 145 409 455
28 37 133 145 455 500
28 37 133 145 500 546
28 37 133 145 546 591
28 37 133 145 591 637
28 37 133 145 637 682
28 37 133 145 682 728
28 37 145 157 0 46
28 37 145 157 46 91
28 37 145 157 91 137
28 37 145 157 137 182
28 37 145 157 182 228
28 37 145 157 228 273
28 37 145 157 273 319
28 37 145 157 319 364
28 37 145 157 364 409
28 37 145 157 409 455
28 37 145 157 455 500
28 37 145 157 500 546
28 37 145 157 546 591
28 37 145 157 591 637
28 37 145 157 637 682
28 37 145 157 682 728
28 37 157 169 0 46
28 37 157 169 46 91
28 37 157 169 91 137
28 37 157 169 137 182
28 37 157 169 182 228
28 37 157 169 228 273
28 37 157 169 273 319
28 37 157 169 319 364
28 37 157 169 364 409
28 37 157 169 409 455
28 37 157 169 455 500
28 37 157 169 500 546
28 37 157 169 546 591
28 37 157 169 591 637
28 37 157 169 637 682
28 37 157 169 682 728
28 37 169 181 0 46
28 37 169 181 46 91
28 37 169 181 91 137
28 37 169 181 137 182
28 37 169 181 182 228
28 37 169 181 228 273
28 37 169 181 273 319
28 37 169 181 319 364
28 37 169 181 364 409
28 37 169 181 409 455
28 37 169 181 455 500
28 37 169 181 500 546
28 37 169 181 546 591
28 37 169 181 591 637
28 37 169 181 637 682
28 37 169 181 682 728
28 37 181 194 0 46
28 37 181 194 46 91
28 37 181 194 91 137
28 37 181 194 137 182
28 37 181 194 182 228
28 37 181 194 228 273
28 37 181 194 273 319
28 37 181 194 319 364
28 37 181 194 364 409
28 37 181 194 409 455
28 37 181 194 455 500
28 37 181 194 500 546
28 37 181 194 546 591
28 37 181 194 591 637
28 37 181 194 637 682
28 37 181 194 682 728
37 46 0 13 0 46
37 46 0 13 46 91
37 46 0 13 91 137
37 46 0 13 137 182
37 46 0 13 182 228
37 46 0 13 228 273
37 46 0 13 273 319
37 46 0 13 319 364
37 46 0 13 364 409
37 46 0 13 409 455
37 46 0 13 455 500
37 46 0 13 500 546
37 46 0 13 546 591
37 46 0 13 591 637
37 46 0 13 637 682
37 46 0 13 682 728
37 46 13 25 0 46
37 46 13 25 46 91
37 46 13 25 91 137
37 46 13 25 137 182
37 46 13 25 182 228
37 46 13 25 228 273
37 46 13 25 273 319
37 46 13 25 319 364
37 46 13 25 364 409
37 46 13 25 409 455
37 46 13 25 455 500
37 46 13 25 500 546
37 46 13 25 546 591
37 46 13 25 591 637
37 46 13 25 637 682
37 46 13 25 682 728
37 46 25 37 0 46
37 46 25 37 46 91
37 46 25 37 91 137
37 46 25 37 137 182
37 46 25 37 182 228
37 46 25 37 228 273
37 46 25 37 273 319
37 46 25 37 319 364
37 46 25 37 364 409
37 46 25 37 409 455
37 46 25 37 455 500
37 46 25 37 500 546
37 46 25 37 546 591
37 46 25 37 591 637
37 46 25 37 637 682
37 46 25 37 682 728
37 46 37 49 0 46
37 46 37 49 46 91
37 46 37 49 91 137
37 46 37 49 137 182
37 46 37 49 182 228
37 46 37 49 228 273
37 46 37 49 273 319
37 46 37 49 319 364
37 46 37 49 364 409
37 46 37 49 409 455
37 46 37 49 455 500
37 46 37 49 500 546
37 46 37 49 546 591
37 46 37 49 591 637
37 46 37 49 637 682
37 46 37 49 682 728
37 46 49 61 0 46
37 46 49 61 46 91
37 46 49 61 91 137
37 46 49 61 137 182
37 46 49 61 182 228
37 46 49 61 228 273
37 46 49 61 273 319
37 46 49 61 319 364
37 46 49 61 364 409
37 46 49 61 409 455
37 46 49 61 455 500
37 46 49 61 500 546
37 46 49 61 546 591
37 46 49 61 591 637
37 46 49 61 637 682
37 46 49 61 682 728
37 46 61 73 0 46
37 46 61 73 46 91
37 46 61 73 91 137
37 46 61 73 137 182
37 46 61 73 182 228
37 46 61 73 228 273
37 46 61 73 273 319
37 46 61 73 319 364
37 46 61 73 364 409
37 46 61 73 409 455
37 46 61 73 455 500
37 46 61 73 500 546
37 46 61 73 546 591
37 46 61 73 591 637
37 46 61 73 637 682
37 46 61 73 682 728
37 46 73 85 0 46
37 46 73 85 46 91
37 46 73 85 91 137
37 46 73 85 137 182
37 46 73 85 182 228
37 46 73 85 228 273
37 46 73 85 273 319
37 46 73 85 319 364
37 46 73 85 364 409
37 46 73 85 409 455
37 46 73 85 455 500
37 46 73 85 500 546
37 46 73 85 546 591
37 46 73 85 591 637
37 46 73 85 637 682
37 46 73 85 682 728
37 46 85 97 0 46
37 46 85 97 46 91
37 46 85 97 91 137
37 46 85 97 137 182
37 46 85 97 182 228
37 46 85 97 228 273
37 46 85 97 273 319
37 46 85 97 319 364
37 46 85 97 364 409
37 46 85 97 409 455
37 46 85 97 455 500
37 46 85 97 500 546
37 46 85 97 546 591
37 46 85 97 591 637
37 46 85 97 637 682
37 46 85 97 682 728
37 46 97 109 0 46
37 46 97 109 46 91
37 46 97 109 91 137
37 46 97 109 137 182
37 46 97 109 182 228
37 46 97 109 228 273
37 46 97 109 273 319
37 46 97 109 319 364
37 46 97 109 364 409
37 46 97 109 409 455
37 46 97 109 455 500
37 46 97 109 500 546
37 46 97 109 546 591
37 46 97 109 591 637
37 46 97 109 637 682
37 46 97 109 682 728
37 46 109 121 0 46
37 46 109 121 46 91
37 46 109 121 91 137
37 46 109 121 137 182
37 46 109 121 182 228
37 46 109 121 228 273
37 46 109 121 273 319
37 46 109 121 319 364
37 46 109 121 364 409
37 46 109 121 409 455
37 46 109 121 455 500
37 46 109 121 500 546
37 46 109 121 546 591
37 46 109 121 591 637
37 46 109 121 637 682
37 46 109 121 682 728
37 46 121 133 0 46
37 46 121 133 46 91
37 46 121 133 91 137
37 46 121 133 137 182
37 46 121 133 182 228
37 46 121 133 228 273
37 46 121 133 273 319
37 46 121 133 319 364
37 46 121 133 364 409
37 46 121 133 409 455
37 46 121 133 455 500
37 46 121 133 500 546
37 46 121 133 546 591
37 46 121 133 591 637
37 46 121 133 637 682
37 46 121 133 682 728
37 46 133 145 0 46
37 46 133 145 46 91
37 46 133 145 91 137
37 46 133 145 137 182
37 46 133 145 182 228
37 46 133 145 228 273
37 46 133 145 273 319
37 46 133 145 319 364
37 46 133 145 364 409
37 46 133 145 409 455
37 46 133 145 455 500
37 46 133 145 500 546
37 46 133 145 546 591
37 46 133 145 591 637
37 46 133 145 637 682
37 46 133 145 682 728
37 46 145 157 0 46
37 46 145 157 46 91
37 46 145 157 91 137
37 46 145 157 137 182
37 46 145 157 182 228
37 46 145 157 228 273
37 46 145 157 273 319
37 46 145 157 319 364
37 46 145 157 364 409
37 46 145 157 409 455
37 46 145 157 455 500
37 46 145 157 500 546
37 46 145 157 546 591
37 46 145 157 591 637
37 46 145 157 637 682
37 46 145 157 682 728
37 46 157 169 0 46
37 46 157 169 46 91
37 46 157 169 91 137
37 46 157 169 137 182
37 46 157 169 182 228
37 46 157 169 228 273
37 46 157 169 273 319
37 46 157 169 319 364
37 46 157 169 364 409
37 46 157 169 409 455
37 46 157 169 455 500
37 46 157 169 500 546
37 46 157 169 546 591
37 46 157 169 591 637
37 46 157 169 637 682
37 46 157 169 682 728
37 46 169 181 0 46
37 46 169 181 46 91
37 46 169 181 91 137
37 46 169 181 137 182
37 46 169 181 182 228
37 46 169 181 228 273
37 46 169 181 273 319
37 46 169 181 319 364
37 46 169 181 364 409
37 46 169 181 409 455
37 46 169 181 455 500
37 46 169 181 500 546
37 46 169 181 546 591
37 46 169 181 591 637
37 46 169 181 637 682
37 46 169 181 682 728
37 46 181 194 0 46
37 46 181 194 46 91
37 46 181 194 91 137
37 46 181 194 137 182
37 46 181 194 182 228
37 46 181 194 228 273
37 46 181 194 273 319
37 46 181 194 319 364
37 46 181 194 364 409
37 46 181 194 409 455
37 46 181 194 455 500
37 46 181 194 500 546
37 46 181 194 546 591
37 46 181 194 591 637
37 46 181 194 637 682
37 46 181 194 682 728
46 55 0 13 0 46
46 55 0 13 46 91
46 55 0 13 91 137
46 55 0 13 137 182
46 55 0 13 182 228
46 55 0 13 228 273
46 55 0 13 273 319
46 55 0 13 319 364
46 55 0 13 364 409
46 55 0 13 409 455
46 55 0 13 455 500
46 55 0 13 500 546
46 55 0 13 546 591
46 55 0 13 591 637
46 55 0 13 637 682
46 55 0 13 682 728
46 55 13 25 0 46
46 55 13 25 46 91
46 55 13 25 91 137
46 55 13 25 137 182
46 55 13 25 182 228
46 55 13 25 228 273
46 55 13 25 273 319
46 55 13 25 319 364
46 55 13 25 364 409
46 55 13 25 409 455
46 55 13 25 455 500
46 55 13 25 500 546
46 55 13 25 546 591
46 55 13 25 591 637
46 55 13 25 637 682
46 55 13 25 682 728
46 55 25 37 0 46
46 55 25 37 46 91
46 55 25 37 91 137
46 55 25 37 137 182
46 55 25 37 182 228
46 55 25 37 228 273
46 55 25 37 273 319
46 55 25 37 319 364
46 55 25 37 364 409
46 55 25 37 409 455
46 55 25 37 455 500
46 55 25 37 500 546
46 55 25 37 546 591
46 55 25 37 591 637
46 55 25 37 637 682
46 55 25 37 682 728
46 55 37 49 0 46
46 55 37 49 46 91
46 55 37 49 91 137
46 55 37 49 137 182
46 55 37 49 182 228
46 55 37 49 228 273
46 55 37 49 273 319
46 55 37 49 319 364
46 55 37 49 364 409
46 55 37 49 409 455
46 55 37 49 455 500
46 55 37 49 500 546
46 55 37 49 546 591
46 55 37 49 591 637
46 55 37 49 637 682
46 55 37 49 682 728
46 55 49 61 0 46
46 55 49 61 46 91
46 55 49 61 91 137
46 55 49 61 137 182
46 55 49 61 182 228
46 55 49 61 228 273
46 55 49 61 273 319
46 55 49 61 319 364
46 55 49 61 364 409
46 55 49 61 409 455
46 55 49 61 455 500
46 55 49 61 500 546
46 55 49 61 546 591
46 55 49 61 591 637
46 55 49 61 637 682
46 55 49 61 682 728
46 55 61 73 0 46
46 55 61 73 46 91
46 55 61 73 91 137
46 55 61 73 137 182
46 55 61 73 182 228
46 55 61 73 228 273
46 55 61 73 273 319
46 55 61 73 319 364
46 55 61 73 364 409
46 55 61 73 409 455
46 55 61 73 455 500
46 55 61 73 500 546
46 55 61 73 546 591
46 55 61 73 591 637
46 55 61 73 637 682
46 55 61 73 682 728
46 55 73 85 0 46
46 55 73 85 46 91
46 55 73 85 91 137
46 55 73 85 137 182
46 55 73 85 182 228
46 55 73 85 228 273
46 55 73 85 273 319
46 55 73 85 319 364
46 55 73 85 364 409
46 55 73 85 409 455
46 55 73 85 455 500
46 55 73 85 500 546
46 55 73 85 546 591
46 55 73 85 591 637
46 55 73 85 637 682
46 55 73 85 682 728
46 55 85 97 0 46
46 55 85 97 46 91
46 55 85 97 91 137
46 55 85 97 137 182
46 55 85 97 182 228
46 55 85 97 228 273
46 55 85 97 273 319
46 55 85 97 319 364
46 55 85 97 364 409
46 55 85 97 409 455
46 55 85 97 455 500
46 55 85 97 500 546
46 55 85 97 546 591
46 55 85 97 591 637
46 55 85 97 637 682
46 55 85 97 682 728
46 55 97 109 0 46
46 55 97 109 46 91
46 55 97 109 91 137
46 55 97 109 137 182
46 55 97 109 182 228
46 55 97 109 228 273
46 55 97 109 273 319
46 55 97 109 319 364
46 55 97 109 364 409
46 55 97 109 409 455
46 55 97 109 455 500
46 55 97 109 500 546
46 55 97 109 546 591
46 55 97 109 591 637
46 55 97 109 637 682
46 55 97 109 682 728
46 55 109 121 0 46
46 55 109 121 46 91
46 55 109 121 91 137
46 55 109 121 137 182
46 55 109 121 182 228
46 55 109 121 228 273
46 55 109 121 273 319
46 55 109 121 319 364
46 55 109 121 364 409
46 55 109 121 409 455
46 55 109 121 455 500
46 55 109 121 500 546
46 55 109 121 546 591
46 55 109 121 591 637
46 55 109 121 637 682
46 55 109 121 682 728
46 55 121 133 0 46
46 55 121 133 46 91
46 55 121 133 91 137
46 55 121 133 137 182
46 55 121 133 182 228
46 55 121 133 228 273
46 55 121 133 273 319
46 55 121 133 319 364
46 55 121 133 364 409
46 55 121 133 409 455
46 55 121 133 455 500
46 55 121 133 500 546
46 55 121 133 546 591
46 55 121 133 591 637
46 55 121 133 637 682
46 55 121 133 682 728
46 55 133 145 0 46
46 55 133 145 46 91
46 55 133 145 91 137
46 55 133 145 137 182
46 55 133 145 182 228
46 55 133 145 228 273
46 55 133 145 273 319
46 55 133 145 319 364
46 55 133 145 364 409
46 55 133 145 409 455
46 55 133 145 455 500
46 55 133 145 500 546
46 55 133 145 546 591
46 55 133 145 591 637
46 55 133 145 637 682
46 55 133 145 682 728
46 55 145 157 0 46
46 55 145 157 46 91
46 55 145 157 91 137
46 55 145 157 137 182
46 55 145 157 182 228
46 55 145 157 228 273
46 55 145 157 273 319
46 55 145 157 319 364
46 55 145 157 364 409
46 55 145 157 409 455
46 55 145 157 455 500
46 55 145 157 500 546
46 55 145 157 546 591
46 55 145 157 591 637
46 55 145 157 637 682
46 55 145 157 682 728
46 55 157 169 0 46
46 55 157 169 46 91
46 55 157 169 91 137
46 55 157 169 137 182
46 55 157 169 182 228
46 55 157 169 228 273
46 55 157 169 273 319
46 55 157 169 319 364
46 55 157 169 364 409
46 55 157 169 409 455
46 55 157 169 455 500
46 55 157 169 500 546
46 55 157 169 546 591
46 55 157 169 591 637
46 55 157 169 637 682
46 55 157 169 682 728
46 55 169 181 0 46
46 55 169 181 46 91
46 55 169 181 91 137
46 55 169 181 137 182
46 55 169 181 182 228
46 55 169 181 228 273
46 55 169 181 273 319
46 55 169 181 319 364
46 55 169 181 364 409
46 55 169 181 409 455
46 55 169 181 455 500
46 55 169 181 500 546
46 55 169 181 546 591
46 55 169 181 591 637
46 55 169 181 637 682
46 55 169 181 682 728
46 55 181 194 0 46
46 55 181 194 46 91
46 55 181 194 91 137
46 55 181 194 137 182
46 55 181 194 182 228
46 55 181 194 228 273
46 55 181 194 273 319
46 55 181 194 319 364
46 55 181 194 364 409
46 55 181 194 409 455
46 55 181 194 455 500
46 55 181 194 500 546
46 55 181 194 546 591
46 55 181 194 591 637
46 55 181 194 637 682
46 55 181 194 682 728
55 64 0 13 0 46
55 64 0 13 46 91
55 64 0 13 91 137
55 64 0 13 137 182
55 64 0 13 182 228
55 64 0 13 228 273
55 64 0 13 273 319
55 64 0 13 319 364
55 64 0 13 364 409
55 64 0 13 409 455
55 64 0 13 455 500
55 64 0 13 500 546
55 64 0 13 546 591
55 64 0 13 591 637
55 64 0 13 637 682
55 64 0 13 682 728
55 64 13 25 0 46
55 64 13 25 46 91
55 64 13 25 91 137
55 64 13 25 137 182
55 64 13 25 182 228
55 64 13 25 228 273
55 64 13 25 273 319
55 64 13 25 319 364
55 64 13 25 364 409
55 64 13 25 409 455
55 64 13 25 455 500
55 64 13 25 500 546
55 64 13 25 546 591
55 64 13 25 591 637
55 64 13 25 637 682
55 64 13 25 682 728
55 64 25 37 0 46
55 64 25 37 46 91
55 64 25 37 91 137
55 64 25 37 137 182
55 64 25 37 182 228
55 64 25 37 228 273
55 64 25 37 273 319
55 64 25 37 319 364
55 64 25 37 364 409
55 64 25 37 409 455
55 64 25 37 455 500
55 64 25 37 500 546
55 64 25 37 546 591
55 64 25 37 591 637
55 64 25 37 637 682
55 64 25 37 682 728
55 64 37 49 0 46
55 64 37 49 46 91
55 64 37 49 91 137
55 64 37 49 137 182
55 64 37 49 182 228
55 64 37 49 228 273
55 64 37 49 273 319
55 64 37 49 319 364
55 64 37 49 364 409
55 64 37 49 409 455
55 64 37 49 455 500
55 64 37 49 500 546
55 64 37 49 546 591
55 64 37 49 591 637
55 64 37 49 637 682
55 64 37 49 682 728
55 64 49 61 0 46
55 64 49 61 46 91
55 64 49 61 91 137
55 64 49 61 137 182
55 64 49 61 182 228
55 64 49 61 228 273
55 64 49 61 273 319
55 64 49 61 319 364
55 64 49 61 364 409
55 64 49 61 409 455
55 64 49 61 455 500
55 64 49 61 500 546
55 64 49 61 546 591
55 64 49 61 591 637
55 64 49 61 637 682
55 64 49 61 682 728
55 64 61 73 0 46
55 64 61 73 46 91
55 64 61 73 91 137
55 64 61 73 137 182
55 64 61 73 182 228
55 64 61 73 228 273
55 64 61 73 273 319
55 64 61 73 319 364
55 64 61 73 364 409
55 64 61 73 409 455
55 64 61 73 455 500
55 64 61 73 500 546
55 64 61 73 546 591
55 64 61 73 591 637
55 64 61 73 637 682
55 64 61 73 682 728
55 64 73 85 0 46
55 64 73 85 46 91
55 64 73 85 91 137
55 64 73 85 137 182
55 64 73 85 182 228
55 64 73 85 228 273
55 64 73 85 273 319
55 64 73 85 319 364
55 64 73 85 364 409
55 64 73 85 409 455
55 64 73 85 455 500
55 64 73 85 500 546
55 64 73 85 546 591
55 64 73 85 591 637
55 64 73 85 637 682
55 64 73 85 682 728
55 64 85 97 0 46
55 64 85 97 46 91
55 64 85 97 91 137
55 64 85 97 137 182
55 64 85 97 182 228
55 64 85 97 228 273
55 64 85 97 273 319
55 64 85 97 319 364
55 64 85 97 364 409
55 64 85 97 409 455
55 64 85 97 455 500
55 64 85 97 500 546
55 64 85 97 546 591
55 64 85 97 591 637
55 64 85 97 637 682
55 64 85 97 682 728
55 64 97 109 0 46
55 64 97 109 46 91
55 64 97 109 91 137
55 64 97 109 137 182
55 64 97 109 182 228
55 64 97 109 228 273
55 64 97 109 273 319
55 64 97 109 319 364
55 64 97 109 364 409
55 64 97 109 409 455
55 64 97 109 455 500
55 64 97 109 500 546
55 64 97 109 546 591
55 64 97 109 591 637
55 64 97 109 637 682
55 64 97 109 682 728
55 64 109 121 0 46
55 64 109 121 46 91
55 64 109 121 91 137
55 64 109 121 137 182
55 64 109 121 182 228
55 64 109 121 228 273
55 64 109 121 273 319
55 64 109 121 319 364
55 64 109 121 364 409
55 64 109 121 409 455
55 64 109 121 455 500
55 64 109 121 500 546
55 64 109 121 546 591
55 64 109 121 591 637
55 64 109 121 637 682
55 64 109 121 682 728
55 64 121 133 0 46
55 64 121 133 46 91
55 64 121 133 91 137
55 64 121 133 137 182
55 64 121 133 182 228
55 64 121 133 228 273
55 64 121 133 273 319
55 64 121 133 319 364
55 64 121 133 364 409
55 64 121 133 409 455
55 64 121 133 455 500
55 64 121 133 500 546
55 64 121 133 546 591
55 64 121 133 591 637
55 64 121 133 637 682
55 64 121 133 682 728
55 64 133 145 0 46
55 64 133 145 46 91
55 64 133 145 91 137
55 64 133 145 137 182
55 64 133 145 182 228
55 64 133 145 228 273
55 64 133 145 273 319
55 64 133 145 319 364
55 64 133 145 364 409
55 64 133 145 409 455
55 64 133 145 455 500
55 64 133 145 500 546
55 64 133 145 546 591
55 64 133 145 591 637
55 64 133 145 637 682
55 64 133 145 682 728
55 64 145 157 0 46
55 64 145 157 46 91
55 64 145 157 91 137
55 64 145 157 137 182
55 64 145 157 182 228
55 64 145 157 228 273
55 64 145 157 273 319
55 64 145 157 319 364
55 64 145 157 364 409
55 64 145 157 409 455
55 64 145 157 455 500
55 64 145 157 500 546
55 64 145 157 546 591
55 64 145 157 591 637
55 64 145 157 637 682
55 64 145 157 682 728
55 64 157 169 0 46
55 64 157 169 46 91
55 64 157 169 91 137
55 64 157 169 137 182
55 64 157 169 182 228
55 64 157 169 228 273
55 64 157 169 273 319
55 64 157 169 319 364
55 64 157 169 364 409
55 64 157 169 409 455
55 64 157 169 455 500
55 64 157 169 500 546
55 64 157 169 546 591
55 64 157 169 591 637
55 64 157 169 637 682
55 64 157 169 682 728
55 64 169 181 0 46
55 64 169 181 46 91
55 64 169 181 91 137
55 64 169 181 137 182
55 64 169 181 182 228
55 64 169 181 228 273
55 64 169 181 273 319
55 64 169 181 319 364
55 64 169 181 364 409
55 64 169 181 409 455
55 64 169 181 455 500
55 64 169 181 500 546
55 64 169 181 546 591
55 64 169 181 591 637
55 64 169 181 637 682
55 64 169 181 682 728
55 64 181 194 0 46
55 64 181 194 46 91
55 64 181 194 91 137
55 64 181 194 137 182
55 64 181 194 182 228
55 64 181 194 228 273
55 64 181 194 273 319
55 64 181 194 319 364
55 64 181 194 364 409
55 64 181 194 409 455
55 64 181 194 455 500
55 64 181 194 500 546
55 64 181 194 546 591
55 64 181 194 591 637
55 64 181 194 637 682
55 64 181 194 682 728
64 74 0 13 0 46
64 74 0 13 46 91
64 74 0 13 91 137
64 74 0 13 137 182
64 74 0 13 182 228
64 74 0 13 228 273
64 74 0 13 273 319
64 74 0 13 319 364
64 74 0 13 364 409
64 74 0 13 409 455
64 74 0 13 455 500
64 74 0 13 500 546
64 74 0 13 546 591
64 74 0 13 591 637
64 74 0 13 637 682
64 74 0 13 682 728
64 74 13 25 0 46
64 74 13 25 46 91
64 74 13 25 91 137
64 74 13 25 137 182
64 74 13 25 182 228
64 74 13 25 228 273
64 74 13 25 273 319
64 74 13 25 319 364
64 74 13 25 364 409
64 74 13 25 409 455
64 74 13 25 455 500
64 74 13 25 500 546
64 74 13 25 546 591
64 74 13 25 591 637
64 74 13 25 637 682
64 74 13 25 682 728
64 74 25 37 0 46
64 74 25 37 46 91
64 74 25 37 91 137
64 74 25 37 137 182
64 74 25 37 182 228
64 74 25 37 228 273
64 74 25 37 273 319
64 74 25 37 319 364
64 74 25 37 364 409
64 74 25 37 409 455
64 74 25 37 455 500
64 74 25 37 500 546
64 74 25 37 546 591
64 74 25 37 591 637
64 74 25 37 637 682
64 74 25 37 682 728
64 74 37 49 0 46
64 74 37 49 46 91
64 74 37 49 91 137
64 74 37 49 137 182
64 74 37 49 182 228
64 74 37 49 228 273
64 74 37 49 273 319
64 74 37 49 319 364
64 74 37 49 364 409
64 74 37 49 409 455
64 74 37 49 455 500
64 74 37 49 500 546
64 74 37 49 546 591
64 74 37 49 591 637
64 74 37 49 637 682
64 74 37 49 682 728
64 74 49 61 0 46
64 74 49 61 46 91
64 74 49 61 91 137
64 74 49 61 137 182
64 74 49 61 182 228
64 74 49 61 228 273
64 74 49 61 273 319
64 74 49 61 319 364
64 74 49 61 364 409
64 74 49 61 409 455
64 74 49 61 455 500
64 74 49 61 500 546
64 74 49 61 546 591
64 74 49 61 591 637
64 74 49 61 637 682
64 74 49 61 682 728
64 74 61 73 0 46
64 74 61 73 46 91
64 74 61 73 91 137
64 74 61 73 137 182
64 74 61 73 182 228
64 74 61 73 228 273
64 74 61 73 273 319
64 74 61 73 319 364
64 74 61 73 364 409
64 74 61 73 409 455
64 74 61 73 455 500
64 74 61 73 500 546
64 74 61 73 546 591
64 74 61 73 591 637
64 74 61 73 637 682
64 74 61 73 682 728
64 74 73 85 0 46
64 74 73 85 46 91
64 74 73 85 91 137
64 74 73 85 137 182
64 74 73 85 182 228
64 74 73 85 228 273
64 74 73 85 273 319
64 74 73 85 319 364
64 74 73 85 364 409
64 74 73 85 409 455
64 74 73 85 455 500
64 74 73 85 500 546
64 74 73 85 546 591
64 74 73 85 591 637
64 74 73 85 637 682
64 74 73 85 682 728
64 74 85 97 0 46
64 74 85 97 46 91
64 74 85 97 91 137
64 74 85 97 137 182
64 74 85 97 182 228
64 74 85 97 228 273
64 74 85 97 273 319
64 74 85 97 319 364
64 74 85 97 364 409
64 74 85 97 409 455
64 74 85 97 455 500
64 74 85 97 500 546
64 74 85 97 546 591
64 74 85 97 591 637
64 74 85 97 637 682
64 74 85 97 682 728
64 74 97 109 0 46
64 74 97 109 46 91
64 74 97 109 91 137
64 74 97 109 137 182
64 74 97 109 182 228
64 74 97 109 228 273
64 74 97 109 273 319
64 74 97 109 319 364
64 74 97 109 364 409
64 74 97 109 409 455
64 74 97 109 455 500
64 74 97 109 500 546
64 74 97 109 546 591
64 74 97 109 591 637
64 74 97 109 637 682
64 74 97 109 682 728
64 74 109 121 0 46
64 74 109 121 46 91
64 74 109 121 91 137
64 74 109 121 137 182
64 74 109 121 182 228
64 74 109 121 228 273
64 74 109 121 273 319
64 74 109 121 319 364
64 74 109 121 364 409
64 74 109 121 409 455
64 74 109 121 455 500
64 74 109 121 500 546
64 74 109 121 546 591
64 74 109 121 591 637
64 74 109 121 637 682
64 74 109 121 682 728
64 74 121 133 0 46
64 74 121 133 46 91
64 74 121 133 91 137
64 74 121 133 137 182
64 74 121 133 182 228
64 74 121 133 228 273
64 74 121 133 273 319
64 74 121 133 319 364
64 74 121 133 364 409
64 74 121 133 409 455
64 74 121 133 455 500
64 74 121 133 500 546
64 74 121 133 546 591
64 74 121 133 591 637
64 74 121 133 637 682
64 74 121 133 682 728
64 74 133 145 0 46
64 74 133 145 46 91
64 74 133 145 91 137
64 74 133 145 137 182
64 74 133 145 182 228
64 74 133 145 228 273
64 74 133 145 273 319
64 74 133 145 319 364
64 74 133 145 364 409
64 74 133 145 409 455
64 74 133 145 455 500
64 74 133 145 500 546
64 74 133 145 546 591
64 74 133 145 591 637
64 74 133 145 637 682
64 74 133 145 682 728
64 74 145 157 0 46
64 74 145 157 46 91
64 74 145 157 91 137
64 74 145 157 137 182
64 74 145 157 182 228
64 74 145 157 228 273
64 74 145 157 273 319
64 74 145 157 319 364
64 74 145 157 364 409
64 74 145 157 409 455
64 74 145 157 455 500
64 74 145 157 500 546
64 74 145 157 546 591
64 74 145 157 591 637
64 74 145 157 637 682
64 74 145 157 682 728
64 74 157 169 0 46
64 74 157 169 46 91
64 74 157 169 91 137
64 74 157 169 137 182
64 74 157 169 182 228
64 74 157 169 228 273
64 74 157 169 273 319
64 74 157 169 319 364
64 74 157 169 364 409
64 74 157 169 409 455
64 74 157 169 455 500
64 74 157 169 500 546
64 74 157 169 546 591
64 74 157 169 591 637
64 74 157 169 637 682
64 74 157 169 682 728
64 74 169 181 0 46
64 74 169 181 46 91
64 74 169 181 91 137
64 74 169 181 137 182
64 74 169 181 182 228
64 74 169 181 228 273
64 74 169 181 273 319
64 74 169 181 319 364
64 74 169 181 364 409
64 74 169 181 409 455
64 74 169 181 455 500
64 74 169 181 500 546
64 74 169 181 546 591
64 74 169 181 591 637
64 74 169 181 637 682
64 74 169 181 682 728
64 74 181 194 0 46
64 74 181 194 46 91
64 74 181 194 91 137
64 74 181 194 137 182
64 74 181 194 182 228
64 74 181 194 228 273
64 74 181 194 273 319
64 74 181 194 319 364
64 74 181 194 364 409
64 74 181 194 409 455
64 74 181 194 455 500
64 74 181 194 500 546
64 74 181 194 546 591
64 74 181 194 591 637
64 74 181 194 637 682
64 74 181 194 682 728
74 83 0 13 0 46
74 83 0 13 46 91
74 83 0 13 91 137
74 83 0 13 137 182
74 83 0 13 182 228
74 83 0 13 228 273
74 83 0 13 273 319
74 83 0 13 319 364
74 83 0 13 364 409
74 83 0 13 409 455
74 83 0 13 455 500
74 83 0 13 500 546
74 83 0 13 546 591
74 83 0 13 591 637
74 83 0 13 637 682
74 83 0 13 682 728
74 83 13 25 0 46
74 83 13 25 46 91
74 83 13 25 91 137
74 83 13 25 137 182
74 83 13 25 182 228
74 83 13 25 228 273
74 83 13 25 273 319
74 83 13 25 319 364
74 83 13 25 364 409
74 83 13 25 409 455
74 83 13 25 455 500
74 83 13 25 500 546
74 83 13 25 546 591
74 83 13 25 591 637
74 83 13 25 637 682
74 83 13 25 682 728
74 83 25 37 0 46
74 83 25 37 46 91
74 83 25 37 91 137
74 83 25 37 137 182
74 83 25 37 182 228
74 83 25 37 228 273
74 83 25 37 273 319
74 83 25 37 319 364
74 83 25 37 364 409
74 83 25 37 409 455
74 83 25 37 455 500
74 83 25 37 500 546
74 83 25 37 546 591
74 83 25 37 591 637
74 83 25 37 637 682
74 83 25 37 682 728
74 83 37 49 0 46
74 83 37 49 46 91
74 83 37 49 91 137
74 83 37 49 137 182
74 83 37 49 182 228
74 83 37 49 228 273
74 83 37 49 273 319
74 83 37 49 319 364
74 83 37 49 364 409
74 83 37 49 409 455
74 83 37 49 455 500
74 83 37 49 500 546
74 83 37 49 546 591
74 83 37 49 591 637
74 83 37 49 637 682
74 83 37 49 682 728
74 83 49 61 0 46
74 83 49 61 46 91
74 83 49 61 91 137
74 83 49 61 137 182
74 83 49 61 182 228
74 83 49 61 228 273
74 83 49 61 273 319
74 83 49 61 319 364
74 83 49 61 364 409
74 83 49 61 409 455
74 83 49 61 455 500
74 83 49 61 500 546
74 83 49 61 546 591
74 83 49 61 591 637
74 83 49 61 637 682
74 83 49 61 682 728
74 83 61 73 0 46
74 83 61 73 46 91
74 83 61 73 91 137
74 83 61 73 137 182
74 83 61 73 182 228
74 83 61 73 228 273
74 83 61 73 273 319
74 83 61 73 319 364
74 83 61 73 364 409
74 83 61 73 409 455
74 83 61 73 455 500
74 83 61 73 500 546
74 83 61 73 546 591
74 83 61 73 591 637
74 83 61 73 637 682
74 83 61 73 682 728
74 83 73 85 0 46
74 83 73 85 46 91
74 83 73 85 91 137
74 83 73 85 137 182
74 83 73 85 182 228
74 83 73 85 228 273
74 83 73 85 273 319
74 83 73 85 319 364
74 83 73 85 364 409
74 83 73 85 409 455
74 83 73 85 455 500
74 83 73 85 500 546
74 83 73 85 546 591
74 83 73 85 591 637
74 83 73 85 637 682
74 83 73 85 682 728
74 83 85 97 0 46
74 83 85 97 46 91
74 83 85 97 91 137
74 83 85 97 137 182
74 83 85 97 182 228
74 83 85 97 228 273
74 83 85 97 273 319
74 83 85 97 319 364
74 83 85 97 364 409
74 83 85 97 409 455
74 83 85 97 455 500
74 83 85 97 500 546
74 83 85 97 546 591
74 83 85 97 591 637
74 83 85 97 637 682
74 83 85 97 682 728
74 83 97 109 0 46
74 83 97 109 46 91
74 83 97 109 91 137
74 83 97 109 137 182
74 83 97 109 182 228
74 83 97 109 228 273
74 83 97 109 273 319
74 83 97 109 319 364
74 83 97 109 364 409
74 83 97 109 409 455
74 83 97 109 455 500
74 83 97 109 500 546
74 83 97 109 546 591
74 83 97 109 591 637
74 83 97 109 637 682
74 83 97 109 682 728
74 83 109 121 0 46
74 83 109 121 46 91
74 83 109 121 91 137
74 83 109 121 137 182
74 83 109 121 182 228
74 83 109 121 228 273
74 83 109 121 273 319
74 83 109 121 319 364
74 83 109 121 364 409
74 83 109 121 409 455
74 83 109 121 455 500
74 83 109 121 500 546
74 83 109 121 546 591
74 83 109 121 591 637
74 83 109 121 637 682
74 83 109 121 682 728
74 83 121 133 0 46
74 83 121 133 46 91
74 83 121 133 91 137
74 83 121 133 137 182
74 83 121 133 182 228
74 83 121 133 228 273
74 83 121 133 273 319
74 83 121 133 319 364
74 83 121 133 364 409
74 83 121 133 409 455
74 83 121 133 455 500
74 83 121 133 500 546
74 83 121 133 546 591
74 83 121 133 591 637
74 83 121 133 637 682
74 83 121 133 682 728
74 83 133 145 0 46
74 83 133 145 46 91
74 83 133 145 91 137
74 83 133 145 137 182
74 83 133 145 182 228
74 83 133 145 228 273
74 83 133 145 273 319
74 83 133 145 319 364
74 83 133 145 364 409
74 83 133 145 409 455
74 83 133 145 455 500
74 83 133 145 500 546
74 83 133 145 546 591
74 83 133 145 591 637
74 83 133 145 637 682
74 83 133 145 682 728
74 83 145 157 0 46
74 83 145 157 46 91
74 83 145 157 91 137
74 83 145 157 137 182
74 83 145 157 182 228
74 83 145 157 228 273
74 83 145 157 273 319
74 83 145 157 319 364
74 83 145 157 364 409
74 83 145 157 409 455
74 83 145 157 455 500
74 83 145 157 500 546
74 83 145 157 546 591
74 83 145 157 591 637
74 83 145 157 637 682
74 83 145 157 682 728
74 83 157 169 0 46
74 83 157 169 46 91
74 83 157 169 91 137
74 83 157 169 137 182
74 83 157 169 182 228
74 83 157 169 228 273
74 83 157 169 273 319
74 83 157 169 319 364
74 83 157 169 364 409
74 83 157 169 409 455
74 83 157 169 455 500
74 83 157 169 500 546
74 83 157 169 546 591
74 83 157 169 591 637
74 83 157 169 637 682
74 83 157 169 682 728
74 83 169 181 0 46
74 83 169 181 46 91
74 83 169 181 91 137
74 83 169 181 137 182
74 83 169 181 182 228
74 83 169 181 228 273
74 83 169 181 273 319
74 83 169 181 319 364
74 83 169 181 364 409
74 83 169 181 409 455
74 83 169 181 455 500
74 83 169 181 500 546
74 83 169 181 546 591
74 83 169 181 591 637
74 83 169 181 637 682
74 83 169 181 682 728
74 83 181 194 0 46
74 83 181 194 46 91
74 83 181 194 91 137
74 83 181 194 137 182
74 83 181 194 182 228
74 83 181 194 228 273
74 83 181 194 273 319
74 83 181 194 319 364
74 83 181 194 364 409
74 83 181 194 409 455
74 83 181 194 455 500
74 83 181 194 500 546
74 83 181 194 546 591
74 83 181 194 591 637
74 83 181 194 637 682
74 83 181 194 682 728
83 92 0 13 0 46
83 92 0 13 46 91
83 92 0 13 91 137
83 92 0 13 137 182
83 92 0 13 182 228
83 92 0 13 228 273
83 92 0 13 273 319
83 92 0 13 319 364
83 92 0 13 364 409
83 92 0 13 409 455
83 92 0 13 455 500
83 92 0 13 500 546
83 92 0 13 546 591
83 92 0 13 591 637
83 92 0 13 637 682
83 92 0 13 682 728
83 92 13 25 0 46
83 92 13 25 46 91
83 92 13 25 91 137
83 92 13 25 137 182
83 92 13 25 182 228
83 92 13 25 228 273
83 92 13 25 273 319
83 92 13 25 319 364
83 92 13 25 364 409
83 92 13 25 409 455
83 92 13 25 455 500
83 92 13 25 500 546
83 92 13 25 546 591
83 92 13 25 591 637
83 92 13 25 637 682
83 92 13 25 682 728
83 92 25 37 0 46
83 92 25 37 46 91
83 92 25 37 91 137
83 92 25 37 137 182
83 92 25 37 182 228
83 92 25 37 228 273
83 92 25 37 273 319
83 92 25 37 319 364
83 92 25 37 364 409
83 92 25 37 409 455
83 92 25 37 455 500
83 92 25 37 500 546
83 92 25 37 546 591
83 92 25 37 591 637
83 92 25 37 637 682
83 92 25 37 682 728
83 92 37 49 0 46
83 92 37 49 46 91
83 92 37 49 91 137
83 92 37 49 137 182
83 92 37 49 182 228
83 92 37 49 228 273
83 92 37 49 273 319
83 92 37 49 319 364
83 92 37 49 364 409
83 92 37 49 409 455
83 92 37 49 455 500
83 92 37 49 500 546
83 92 37 49 546 591
83 92 37 49 591 637
83 92 37 49 637 682
83 92 37 49 682 728
83 92 49 61 0 46
83 92 49 61 46 91
83 92 49 61 91 137
83 92 49 61 137 182
83 92 49 61 182 228
83 92 49 61 228 273
83 92 49 61 273 319
83 92 49 61 319 364
83 92 49 61 364 409
83 92 49 61 409 455
83 92 49 61 455 500
83 92 49 61 500 546
83 92 49 61 546 591
83 92 49 61 591 637
83 92 49 61 637 682
83 92 49 61 682 728
83 92 61 73 0 46
83 92 61 73 46 91
83 92 61 73 91 137
83 92 61 73 137 182
83 92 61 73 182 228
83 92 61 73 228 273
83 92 61 73 273 319
83 92 61 73 319 364
83 92 61 73 364 409
83 92 61 73 409 455
83 92 61 73 455 500
83 92 61 73 500 546
83 92 61 73 546 591
83 92 61 73 591 637
83 92 61 73 637 682
83 92 61 73 682 728
83 92 73 85 0 46
83 92 73 85 46 91
83 92 73 85 91 137
83 92 73 85 137 182
83 92 73 85 182 228
83 92 73 85 228 273
83 92 73 85 273 319
83 92 73 85 319 364
83 92 73 85 364 409
83 92 73 85 409 455
83 92 73 85 455 500
83 92 73 85 500 546
83 92 73 85 546 591
83 92 73 85 591 637
83 92 73 85 637 682
83 92 73 85 682 728
83 92 85 97 0 46
83 92 85 97 46 91
83 92 85 97 91 137
83 92 85 97 137 182
83 92 85 97 182 228
83 92 85 97 228 273
83 92 85 97 273 319
83 92 85 97 319 364
83 92 85 97 364 409
83 92 85 97 409 455
83 92 85 97 455 500
83 92 85 97 500 546
83 92 85 97 546 591
83 92 85 97 591 637
83 92 85 97 637 682
83 92 85 97 682 728
83 92 97 109 0 46
83 92 97 109 46 91
83 92 97 109 91 137
83 92 97 109 137 182
83 92 97 109 182 228
83 92 97 109 228 273
83 92 97 109 273 319
83 92 97 109 319 364
83 92 97 109 364 409
83 92 97 109 409 455
83 92 97 109 455 500
83 92 97 109 500 546
83 92 97 109 546 591
83 92 97 109 591 637
83 92 97 109 637 682
83 92 97 109 682 728
83 92 109 121 0 46
83 92 109 121 46 91
83 92 109 121 91 137
83 92 109 121 137 182
83 92 109 121 182 228
83 92 109 121 228 273
83 92 109 121 273 319
83 92 109 121 319 364
83 92 109 121 364 409
83 92 109 121 409 455
83 92 109 121 455 500
83 92 109 121 500 546
83 92 109 121 546 591
83 92 109 121 591 637
83 92 109 121 637 682
83 92 109 121 682 728
83 92 121 133 0 46
83 92 121 133 46 91
83 92 121 133 91 137
83 92 121 133 137 182
83 92 121 133 182 228
83 92 121 133 228 273
83 92 121 133 273 319
83 92 121 133 319 364
83 92 121 133 364 409
83 92 121 133 409 455
83 92 121 133 455 500
83 92 121 133 500 546
83 92 121 133 546 591
83 92 121 133 591 637
83 92 121 133 637 682
83 92 121 133 682 728
83 92 133 145 0 46
83 92 133 145 46 91
83 92 133 145 91 137
83 92 133 145 137 182
83 92 133 145 182 228
83 92 133 145 228 273
83 92 133 145 273 319
83 92 133 145 319 364
83 92 133 145 364 409
83 92 133 145 409 455
83 92 133 145 455 500
83 92 133 145 500 546
83 92 133 145 546 591
83 92 133 145 591 637
83 92 133 145 637 682
83 92 133 145 682 728
83 92 145 157 0 46
83 92 145 157 46 91
83 92 145 157 91 137
83 92 145 157 137 182
83 92 145 157 182 228
83 92 145 157 228 273
83 92 145 157 273 319
83 92 145 157 319 364
83 92 145 157 364 409
83 92 145 157 409 455
83 92 145 157 455 500
83 92 145 157 500 546
83 92 145 157 546 591
83 92 145 157 591 637
83 92 145 157 637 682
83 92 145 157 682 728
83 92 157 169 0 46
83 92 157 169 46 91
83 92 157 169 91 137
83 92 157 169 137 182
83 92 157 169 182 228
83 92 157 169 228 273
83 92 157 169 273 319
83 92 157 169 319 364
83 92 157 169 364 409
83 92 157 169 409 455
83 92 157 169 455 500
83 92 157 169 500 546
83 92 157 169 546 591
83 92 157 169 591 637
83 92 157 169 637 682
83 92 157 169 682 728
83 92 169 181 0 46
83 92 169 181 46 91
83 92 169 181 91 137
83 92 169 181 137 182
83 92 169 181 182 228
83 92 169 181 228 273
83 92 169 181 273 319
83 92 169 181 319 364
83 92 169 181 364 409
83 92 169 181 409 455
83 92 169 181 455 500
83 92 169 181 500 546
83 92 169 181 546 591
83 92 169 181 591 637
83 92 169 181 637 682
83 92 169 181 682 728
83 92 181 194 0 46
83 92 181 194 46 91
83 92 181 194 91 137
83 92 181 194 137 182
83 92 181 194 182 228
83 92 181 194 228 273
83 92 181 194 273 319
83 92 181 194 319 364
83 92 181 194 364 409
83 92 181 194 409 455
83 92 181 194 455 500
83 92 181 194 500 546
83 92 181 194 546 591
83 92 181 194 591 637
83 92 181 194 637 682
83 92 181 194 682 728
92 101 0 13 0 46
92 101 0 13 46 91
92 101 0 13 91 137
92 101 0 13 137 182
92 101 0 13 182 228
92 101 0 13 228 273
92 101 0 13 273 319
92 101 0 13 319 364
92 101 0 13 364 409
92 101 0 13 409 455
92 101 0 13 455 500
92 101 0 13 500 546
92 101 0 13 546 591
92 101 0 13 591 637
92 101 0 13 637 682
92 101 0 13 682 728
92 101 13 25 0 46
92 101 13 25 46 91
92 101 13 25 91 137
92 101 13 25 137 182
92 101 13 25 182 228
92 101 13 25 228 273
92 101 13 25 273 319
92 101 13 25 319 364
92 101 13 25 364 409
92 101 13 25 409 455
92 101 13 25 455 500
92 101 13 25 500 546
92 101 13 25 546 591
92 101 13 25 591 637
92 101 13 25 637 682
92 101 13 25 682 728
92 101 25 37 0 46
92 101 25 37 46 91
92 101 25 37 91 137
92 101 25 37 137 182
92 101 25 37 182 228
92 101 25 37 228 273
92 101 25 37 273 319
92 101 25 37 319 364
92 101 25 37 364 409
92 101 25 37 409 455
92 101 25 37 455 500
92 101 25 37 500 546
92 101 25 37 546 591
92 101 25 37 591 637
92 101 25 37 637 682
92 101 25 37 682 728
92 101 37 49 0 46
92 101 37 49 46 91
92 101 37 49 91 137
92 101 37 49 137 182
92 101 37 49 182 228
92 101 37 49 228 273
92 101 37 49 273 319
92 101 37 49 319 364
92 101 37 49 364 409
92 101 37 49 409 455
92 101 37 49 455 500
92 101 37 49 500 546
92 101 37 49 546 591
92 101 37 49 591 637
92 101 37 49 637 682
92 101 37 49 682 728
92 101 49 61 0 46
92 101 49 61 46 91
92 101 49 61 91 137
92 101 49 61 137 182
92 101 49 61 182 228
92 101 49 61 228 273
92 101 49 61 273 319
92 101 49 61 319 364
92 101 49 61 364 409
92 101 49 61 409 455
92 101 49 61 455 500
92 101 49 61 500 546
92 101 49 61 546 591
92 101 49 61 591 637
92 101 49 61 637 682
92 101 49 61 682 728
92 101 61 73 0 46
92 101 61 73 46 91
92 101 61 73 91 137
92 101 61 73 137 182
92 101 61 73 182 228
92 101 61 73 228 273
92 101 61 73 273 319
92 101 61 73 319 364
92 101 61 73 364 409
92 101 61 73 409 455
92 101 61 73 455 500
92 101 61 73 500 546
92 101 61 73 546 591
92 101 61 73 591 637
92 101 61 73 637 682
92 101 61 73 682 728
92 101 73 85 0 46
92 101 73 85 46 91
92 101 73 85 91 137
92 101 73 85 137 182
92 101 73 85 182 228
92 101 73 85 228 273
92 101 73 85 273 319
92 101 73 85 319 364
92 101 73 85 364 409
92 101 73 85 409 455
92 101 73 85 455 500
92 101 73 85 500 546
92 101 73 85 546 591
92 101 73 85 591 637
92 101 73 85 637 682
92 101 73 85 682 728
92 101 85 97 0 46
92 101 85 97 46 91
92 101 85 97 91 137
92 101 85 97 137 182
92 101 85 97 182 228
92 101 85 97 228 273
92 101 85 97 273 319
92 101 85 97 319 364
92 101 85 97 364 409
92 101 85 97 409 455
92 101 85 97 455 500
92 101 85 97 500 546
92 101 85 97 546 591
92 101 85 97 591 637
92 101 85 97 637 682
92 101 85 97 682 728
92 101 97 109 0 46
92 101 97 109 46 91
92 101 97 109 91 137
92 101 97 109 137 182
92 101 97 109 182 228
92 101 97 109 228 273
92 101 97 109 273 319
92 101 97 109 319 364
92 101 97 109 364 409
92 101 97 109 409 455
92 101 97 109 455 500
92 101 97 109 500 546
92 101 97 109 546 591
92 101 97 109 591 637
92 101 97 109 637 682
92 101 97 109 682 728
92 101 109 121 0 46
92 101 109 121 46 91
92 101 109 121 91 137
92 101 109 121 137 182
92 101 109 121 182 228
92 101 109 121 228 273
92 101 109 121 273 319
92 101 109 121 319 364
92 101 109 121 364 409
92 101 109 121 409 455
92 101 109 121 455 500
92 101 109 121 500 546
92 101 109 121 546 591
92 101 109 121 591 637
92 101 109 121 637 682
92 101 109 121 682 728
92 101 121 133 0 46
92 101 121 133 46 91
92 101 121 133 91 137
92 101 121 133 137 182
92 101 121 133 182 228
92 101 121 133 228 273
92 101 121 133 273 319
92 101 121 133 319 364
92 101 121 133 364 409
92 101 121 133 409 455
92 101 121 133 455 500
92 101 121 133 500 546
92 101 121 133 546 591
92 101 121 133 591 637
92 101 121 133 637 682
92 101 121 133 682 728
92 101 133 145 0 46
92 101 133 145 46 91
92 101 133 145 91 137
92 101 133 145 137 182
92 101 133 145 182 228
92 101 133 145 228 273
92 101 133 145 273 319
92 101 133 145 319 364
92 101 133 145 364 409
92 101 133 145 409 455
92 101 133 145 455 500
92 101 133 145 500 546
92 101 133 145 546 591
92 101 133 145 591 637
92 101 133 145 637 682
92 101 133 145 682 728
92 101 145 157 0 46
92 101 145 157 46 91
92 101 145 157 91 137
92 101 145 157 137 182
92 101 145 157 182 228
92 101 145 157 228 273
92 101 145 157 273 319
92 101 145 157 319 364
92 101 145 157 364 409
92 101 145 157 409 455
92 101 145 157 455 500
92 101 145 157 500 546
92 101 145 157 546 591
92 101 145 157 591 637
92 101 145 157 637 682
92 101 145 157 682 728
92 101 157 169 0 46
92 101 157 169 46 91
92 101 157 169 91 137
92 101 157 169 137 182
92 101 157 169 182 228
92 101 157 169 228 273
92 101 157 169 273 319
92 101 157 169 319 364
92 101 157 169 364 409
92 101 157 169 409 455
92 101 157 169 455 500
92 101 157 169 500 546
92 101 157 169 546 591
92 101 157 169 591 637
92 101 157 169 637 682
92 101 157 169 682 728
92 101 169 181 0 46
92 101 169 181 46 91
92 101 169 181 91 137
92 101 169 181 137 182
92 101 169 181 182 228
92 101 169 181 228 273
92 101 169 181 273 319
92 101 169 181 319 364
92 101 169 181 364 409
92 101 169 181 409 455
92 101 169 181 455 500
92 101 169 181 500 546
92 101 169 181 546 591
92 101 169 181 591 637
92 101 169 181 637 682
92 101 169 181 682 728
92 101 181 194 0 46
92 101 181 194 46 91
92 101 181 194 91 137
92 101 181 194 137 182
92 101 181 194 182 228
92 101 181 194 228 273
92 101 181 194 273 319
92 101 181 194 319 364
92 101 181 194 364 409
92 101 181 194 409 455
92 101 181 194 455 500
92 101 181 194 500 546
92 101 181 194 546 591
92 101 181 194 591 637
92 101 181 194 637 682
92 101 181 194 682 728
101 110 0 13 0 46
101 110 0 13 46 91
101 110 0 13 91 137
101 110 0 13 137 182
101 110 0 13 182 228
101 110 0 13 228 273
101 110 0 13 273 319
101 110 0 13 319 364
101 110 0 13 364 409
101 110 0 13 409 455
101 110 0 13 455 500
101 110 0 13 500 546
101 110 0 13 546 591
101 110 0 13 591 637
101 110 0 13 637 682
101 110 0 13 682 728
101 110 13 25 0 46
101 110 13 25 46 91
101 110 13 25 91 137
101 110 13 25 137 182
101 110 13 25 182 228
101 110 13 25 228 273
101 110 13 25 273 319
101 110 13 25 319 364
101 110 13 25 364 409
101 110 13 25 409 455
101 110 13 25 455 500
101 110 13 25 500 546
101 110 13 25 546 591
101 110 13 25 591 637
101 110 13 25 637 682
101 110 13 25 682 728
101 110 25 37 0 46
101 110 25 37 46 91
101 110 25 37 91 137
101 110 25 37 137 182
101 110 25 37 182 228
101 110 25 37 228 273
101 110 25 37 273 319
101 110 25 37 319 364
101 110 25 37 364 409
101 110 25 37 409 455
101 110 25 37 455 500
101 110 25 37 500 546
101 110 25 37 546 591
101 110 25 37 591 637
101 110 25 37 637 682
101 110 25 37 682 728
101 110 37 49 0 46
101 110 37 49 46 91
101 110 37 49 91 137
101 110 37 49 137 182
101 110 37 49 182 228
101 110 37 49 228 273
101 110 37 49 273 319
101 110 37 49 319 364
101 110 37 49 364 409
101 110 37 49 409 455
101 110 37 49 455 500
101 110 37 49 500 546
101 110 37 49 546 591
101 110 37 49 591 637
101 110 37 49 637 682
101 110 37 49 682 728
101 110 49 61 0 46
101 110 49 61 46 91
101 110 49 61 91 137
101 110 49 61 137 182
101 110 49 61 182 228
101 110 49 61 228 273
101 110 49 61 273 319
101 110 49 61 319 364
101 110 49 61 364 409
101 110 49 61 409 455
101 110 49 61 455 500
101 110 49 61 500 546
101 110 49 61 546 591
101 110 49 61 591 637
101 110 49 61 637 682
101 110 49 61 682 728
101 110 61 73 0 46
101 110 61 73 46 91
101 110 61 73 91 137
101 110 61 73 137 182
101 110 61 73 182 228
101 110 61 73 228 273
101 110 61 73 273 319
101 110 61 73 319 364
101 110 61 73 364 409
101 110 61 73 409 455
101 110 61 73 455 500
101 110 61 73 500 546
101 110 61 73 546 591
101 110 61 73 591 637
101 110 61 73 637 682
101 110 61 73 682 728
101 110 73 85 0 46
101 110 73 85 46 91
101 110 73 85 91 137
101 110 73 85 137 182
101 110 73 85 182 228
101 110 73 85 228 273
101 110 73 85 273 319
101 110 73 85 319 364
101 110 73 85 364 409
101 110 73 85 409 455
101 110 73 85 455 500
101 110 73 85 500 546
101 110 73 85 546 591
101 110 73 85 591 637
101 110 73 85 637 682
101 110 73 85 682 728
101 110 85 97 0 46
101 110 85 97 46 91
101 110 85 97 91 137
101 110 85 97 137 182
101 110 85 97 182 228
101 110 85 97 228 273
101 110 85 97 273 319
101 110 85 97 319 364
101 110 85 97 364 409
101 110 85 97 409 455
101 110 85 97 455 500
101 110 85 97 500 546
101 110 85 97 546 591
101 110 85 97 591 637
101 110 85 97 637 682
101 110 85 97 682 728
101 110 97 109 0 46
101 110 97 109 46 91
101 110 97 109 91 137
101 110 97 109 137 182
101 110 97 109 182 228
101 110 97 109 228 273
101 110 97 109 273 319
101 110 97 109 319 364
101 110 97 109 364 409
101 110 97 109 409 455
101 110 97 109 455 500
101 110 97 109 500 546
101 110 97 109 546 591
101 110 97 109 591 637
101 110 97 109 637 682
101 110 97 109 682 728
101 110 109 121 0 46
101 110 109 121 46 91
101 110 109 121 91 137
101 110 109 121 137 182
101 110 109 121 182 228
101 110 109 121 228 273
101 110 109 121 273 319
101 110 109 121 319 364
101 110 109 121 364 409
101 110 109 121 409 455
101 110 109 121 455 500
101 110 109 121 500 546
101 110 109 121 546 591
101 110 109 121 591 637
101 110 109 121 637 682
101 110 109 121 682 728
101 110 121 133 0 46
101 110 121 133 46 91
101 110 121 133 91 137
101 110 121 133 137 182
101 110 121 133 182 228
101 110 121 133 228 273
101 110 121 133 273 319
101 110 121 133 319 364
101 110 121 133 364 409
101 110 121 133 409 455
101 110 121 133 455 500
101 110 121 133 500 546
101 110 121 133 546 591
101 110 121 133 591 637
101 110 121 133 637 682
101 110 121 133 682 728
101 110 133 145 0 46
101 110 133 145 46 91
101 110 133 145 91 137
101 110 133 145 137 182
101 110 133 145 182 228
101 110 133 145 228 273
101 110 133 145 273 319
101 110 133 145 319 364
101 110 133 145 364 409
101 110 133 145 409 455
101 110 133 145 455 500
101 110 133 145 500 546
101 110 133 145 546 591
101 110 133 145 591 637
101 110 133 145 637 682
101 110 133 145 682 728
101 110 145 157 0 46
101 110 145 157 46 91
101 110 145 157 91 137
101 110 145 157 137 182
101 110 145 157 182 228
101 110 145 157 228 273
101 110 145 157 273 319
101 110 145 157 319 364
101 110 145 157 364 409
101 110 145 157 409 455
101 110 145 157 455 500
101 110 145 157 500 546
101 110 145 157 546 591
101 110 145 157 591 637
101 110 145 157 637 682
101 110 145 157 682 728
101 110 157 169 0 46
101 110 157 169 46 91
101 110 157 169 91 137
101 110 157 169 137 182
101 110 157 169 182 228
101 110 157 169 228 273
101 110 157 169 273 319
101 110 157 169 319 364
101 110 157 169 364 409
101 110 157 169 409 455
101 110 157 169 455 500
101 110 157 169 500 546
101 110 157 169 546 591
101 110 157 169 591 637
101 110 157 169 637 682
101 110 157 169 682 728
101 110 169 181 0 46
101 110 169 181 46 91
101 110 169 181 91 137
101 110 169 181 137 182
101 110 169 181 182 228
101 110 169 181 228 273
101 110 169 181 273 319
101 110 169 181 319 364
101 110 169 181 364 409
101 110 169 181 409 455
101 110 169 181 455 500
101 110 169 181 500 546
101 110 169 181 546 591
101 110 169 181 591 637
101 110 169 181 637 682
101 110 169 181 682 728
101 110 181 194 0 46
101 110 181 194 46 91
101 110 181 194 91 137
101 110 181 194 137 182
101 110 181 194 182 228
101 110 181 194 228 273
101 110 181 194 273 319
101 110 181 194 319 364
101 110 181 194 364 409
101 110 181 194 409 455
101 110 181 194 455 500
101 110 181 194 500 546
101 110 181 194 546 591
101 110 181 194 591 637
101 110 181 194 637 682
101 110 181 194 682 728
110 119 0 13 0 46
110 119 0 13 46 91
110 119 0 13 91 137
110 119 0 13 137 182
110 119 0 13 182 228
110 119 0 13 228 273
110 119 0 13 273 319
110 119 0 13 319 364
110 119 0 13 364 409
110 119 0 13 409 455
110 119 0 13 455 500
110 119 0 13 500 546
110 119 0 13 546 591
110 119 0 13 591 637
110 119 0 13 637 682
110 119 0 13 682 728
110 119 13 25 0 46
110 119 13 25 46 91
110 119 13 25 91 137
110 119 13 25 137 182
110 119 13 25 182 228
110 119 13 25 228 273
110 119 13 25 273 319
110 119 13 25 319 364
110 119 13 25 364 409
110 119 13 25 409 455
110 119 13 25 455 500
110 119 13 25 500 546
110 119 13 25 546 591
110 119 13 25 591 637
110 119 13 25 637 682
110 119 13 25 682 728
110 119 25 37 0 46
110 119 25 37 46 91
110 119 25 37 91 137
110 119 25 37 137 182
110 119 25 37 182 228
110 119 25 37 228 273
110 119 25 37 273 319
110 119 25 37 319 364
110 119 25 37 364 409
110 119 25 37 409 455
110 119 25 37 455 500
110 119 25 37 500 546
110 119 25 37 546 591
110 119 25 37 591 637
110 119 25 37 637 682
110 119 25 37 682 728
110 119 37 49 0 46
110 119 37 49 46 91
110 119 37 49 91 137
110 119 37 49 137 182
110 119 37 49 182 228
110 119 37 49 228 273
110 119 37 49 273 319
110 119 37 49 319 364
110 119 37 49 364 409
110 119 37 49 409 455
110 119 37 49 455 500
110 119 37 49 500 546
110 119 37 49 546 591
110 119 37 49 591 637
110 119 37 49 637 682
110 119 37 49 682 728
110 119 49 61 0 46
110 119 49 61 46 91
110 119 49 61 91 137
110 119 49 61 137 182
110 119 49 61 182 228
110 119 49 61 228 273
110 119 49 61 273 319
110 119 49 61 319 364
110 119 49 61 364 409
110 119 49 61 409 455
110 119 49 61 455 500
110 119 49 61 500 546
110 119 49 61 546 591
110 119 49 61 591 637
110 119 49 61 637 682
110 119 49 61 682 728
110 119 61 73 0 46
110 119 61 73 46 91
110 119 61 73 91 137
110 119 61 73 137 182
110 119 61 73 182 228
110 119 61 73 228 273
110 119 61 73 273 319
110 119 61 73 319 364
110 119 61 73 364 409
110 119 61 73 409 455
110 119 61 73 455 500
110 119 61 73 500 546
110 119 61 73 546 591
110 119 61 73 591 637
110 119 61 73 637 682
110 119 61 73 682 728
110 119 73 85 0 46
110 119 73 85 46 91
110 119 73 85 91 137
110 119 73 85 137 182
110 119 73 85 182 228
110 119 73 85 228 273
110 119 73 85 273 319
110 119 73 85 319 364
110 119 73 85 364 409
110 119 73 85 409 455
110 119 73 85 455 500
110 119 73 85 500 546
110 119 73 85 546 591
110 119 73 85 591 637
110 119 73 85 637 682
110 119 73 85 682 728
110 119 85 97 0 46
110 119 85 97 46 91
110 119 85 97 91 137
110 119 85 97 137 182
110 119 85 97 182 228
110 119 85 97 228 273
110 119 85 97 273 319
110 119 85 97 319 364
110 119 85 97 364 409
110 119 85 97 409 455
110 119 85 97 455 500
110 119 85 97 500 546
110 119 85 97 546 591
110 119 85 97 591 637
110 119 85 97 637 682
110 119 85 97 682 728
110 119 97 109 0 46
110 119 97 109 46 91
110 119 97 109 91 137
110 119 97 109 137 182
110 119 97 109 182 228
110 119 97 109 228 273
110 119 97 109 273 319
110 119 97 109 319 364
110 119 97 109 364 409
110 119 97 109 409 455
110 119 97 109 455 500
110 119 97 109 500 546
110 119 97 109 546 591
110 119 97 109 591 637
110 119 97 109 637 682
110 119 97 109 682 728
110 119 109 121 0 46
110 119 109 121 46 91
110 119 109 121 91 137
110 119 109 121 137 182
110 119 109 121 182 228
110 119 109 121 228 273
110 119 109 121 273 319
110 119 109 121 319 364
110 119 109 121 364 409
110 119 109 121 409 455
110 119 109 121 455 500
110 119 109 121 500 546
110 119 109 121 546 591
110 119 109 121 591 637
110 119 109 121 637 682
110 119 109 121 682 728
110 119 121 133 0 46
110 119 121 133 46 91
110 119 121 133 91 137
110 119 121 133 137 182
110 119 121 133 182 228
110 119 121 133 228 273
110 119 121 133 273 319
110 119 121 133 319 364
110 119 121 133 364 409
110 119 121 133 409 455
110 119 121 133 455 500
110 119 121 133 500 546
110 119 121 133 546 591
110 119 121 133 591 637
110 119 121 133 637 682
110 119 121 133 682 728
110 119 133 145 0 46
110 119 133 145 46 91
110 119 133 145 91 137
110 119 133 145 137 182
110 119 133 145 182 228
110 119 133 145 228 273
110 119 133 145 273 319
110 119 133 145 319 364
110 119 133 145 364 409
110 119 133 145 409 455
110 119 133 145 455 500
110 119 133 145 500 546
110 119 133 145 546 591
110 119 133 145 591 637
110 119 133 145 637 682
110 119 133 145 682 728
110 119 145 157 0 46
110 119 145 157 46 91
110 119 145 157 91 137
110 119 145 157 137 182
110 119 145 157 182 228
110 119 145 157 228 273
110 119 145 157 273 319
110 119 145 157 319 364
110 119 145 157 364 409
110 119 145 157 409 455
110 119 145 157 455 500
110 119 145 157 500 546
110 119 145 157 546 591
110 119 145 157 591 637
110 119 145 157 637 682
110 119 145 157 682 728
110 119 157 169 0 46
110 119 157 169 46 91
110 119 157 169 91 137
110 119 157 169 137 182
110 119 157 169 182 228
110 119 157 169 228 273
110 119 157 169 273 319
110 119 157 169 319 364
110 119 157 169 364 409
110 119 157 169 409 455
110 119 157 169 455 500
110 119 157 169 500 546
110 119 157 169 546 591
110 119 157 169 591 637
110 119 157 169 637 682
110 119 157 169 682 728
110 119 169 181 0 46
110 119 169 181 46 91
110 119 169 181 91 137
110 119 169 181 137 182
110 119 169 181 182 228
110 119 169 181 228 273
110 119 169 181 273 319
110 119 169 181 319 364
110 119 169 181 364 409
110 119 169 181 409 455
110 119 169 181 455 500
110 119 169 181 500 546
110 119 169 181 546 591
110 119 169 181 591 637
110 119 169 181 637 682
110 119 169 181 682 728
110 119 181 194 0 46
110 119 181 194 46 91
110 119 181 194 91 137
110 119 181 194 137 182
110 119 181 194 182 228
110 119 181 194 228 273
110 119 181 194 273 319
110 119 181 194 319 364
110 119 181 194 364 409
110 119 181 194 409 455
110 119 181 194 455 500
110 119 181 194 500 546
110 119 181 194 546 591
110 119 181 194 591 637
110 119 181 194 637 682
110 119 181 194 682 728
119 128 0 13 0 46
119 128 0 13 46 91
119 128 0 13 91 137
119 128 0 13 137 182
119 128 0 13 182 228
119 128 0 13 228 273
119 128 0 13 273 319
119 128 0 13 319 364
119 128 0 13 364 409
119 128 0 13 409 455
119 128 0 13 455 500
119 128 0 13 500 546
119 128 0 13 546 591
119 128 0 13 591 637
119 128 0 13 637 682
119 128 0 13 682 728
119 128 13 25 0 46
119 128 13 25 46 91
119 128 13 25 91 137
119 128 13 25 137 182
119 128 13 25 182 228
119 128 13 25 228 273
119 128 13 25 273 319
119 128 13 25 319 364
119 128 13 25 364 409
119 128 13 25 409 455
119 128 13 25 455 500
119 128 13 25 500 546
119 128 13 25 546 591
119 128 13 25 591 637
119 128 13 25 637 682
119 128 13 25 682 728
119 128 25 37 0 46
119 128 25 37 46 91
119 128 25 37 91 137
119 128 25 37 137 182
119 128 25 37 182 228
119 128 25 37 228 273
119 128 25 37 273 319
119 128 25 37 319 364
119 128 25 37 364 409
119 128 25 37 409 455
119 128 25 37 455 500
119 128 25 37 500 546
119 128 25 37 546 591
119 128 25 37 591 637
119 128 25 37 637 682
119 128 25 37 682 728
119 128 37 49 0 46
119 128 37 49 46 91
119 128 37 49 91 137
119 128 37 49 137 182
119 128 37 49 182 228
119 128 37 49 228 273
119 128 37 49 273 319
119 128 37 49 319 364
119 128 37 49 364 409
119 128 37 49 409 455
119 128 37 49 455 500
119 128 37 49 500 546
119 128 37 49 546 591
119 128 37 49 591 637
119 128 37 49 637 682
119 128 37 49 682 728
119 128 49 61 0 46
119 128 49 61 46 91
119 128 49 61 91 137
119 128 49 61 137 182
119 128 49 61 182 228
119 128 49 61 228 273
119 128 49 61 273 319
119 128 49 61 319 364
119 128 49 61 364 409
119 128 49 61 409 455
119 128 49 61 455 500
119 128 49 61 500 546
119 128 49 61 546 591
119 128 49 61 591 637
119 128 49 61 637 682
119 128 49 61 682 728
119 128 61 73 0 46
119 128 61 73 46 91
119 128 61 73 91 137
119 128 61 73 137 182
119 128 61 73 182 228
119 128 61 73 228 273
119 128 61 73 273 319
119 128 61 73 319 364
119 128 61 73 364 409
119 128 61 73 409 455
119 128 61 73 455 500
119 128 61 73 500 546
119 128 61 73 546 591
119 128 61 73 591 637
119 128 61 73 637 682
119 128 61 73 682 728
119 128 73 85 0 46
119 128 73 85 46 91
119 128 73 85 91 137
119 128 73 85 137 182
119 128 73 85 182 228
119 128 73 85 228 273
119 128 73 85 273 319
119 128 73 85 319 364
119 128 73 85 364 409
119 128 73 85 409 455
119 128 73 85 455 500
119 128 73 85 500 546
119 128 73 85 546 591
119 128 73 85 591 637
119 128 73 85 637 682
119 128 73 85 682 728
119 128 85 97 0 46
119 128 85 97 46 91
119 128 85 97 91 137
119 128 85 97 137 182
119 128 85 97 182 228
119 128 85 97 228 273
119 128 85 97 273 319
119 128 85 97 319 364
119 128 85 97 364 409
119 128 85 97 409 455
119 128 85 97 455 500
119 128 85 97 500 546
119 128 85 97 546 591
119 128 85 97 591 637
119 128 85 97 637 682
119 128 85 97 682 728
119 128 97 109 0 46
119 128 97 109 46 91
119 128 97 109 91 137
119 128 97 109 137 182
119 128 97 109 182 228
119 128 97 109 228 273
119 128 97 109 273 319
119 128 97 109 319 364
119 128 97 109 364 409
119 128 97 109 409 455
119 128 97 109 455 500
119 128 97 109 500 546
119 128 97 109 546 591
119 128 97 109 591 637
119 128 97 109 637 682
119 128 97 109 682 728
119 128 109 121 0 46
119 128 109 121 46 91
119 128 109 121 91 137
119 128 109 121 137 182
119 128 109 121 182 228
119 128 109 121 228 273
119 128 109 121 273 319
119 128 109 121 319 364
119 128 109 121 364 409
119 128 109 121 409 455
119 128 109 121 455 500
119 128 109 121 500 546
119 128 109 121 546 591
119 128 109 121 591 637
119 128 109 121 637 682
119 128 109 121 682 728
119 128 121 133 0 46
119 128 121 133 46 91
119 128 121 133 91 137
119 128 121 133 137 182
119 128 121 133 182 228
119 128 121 133 228 273
119 128 121 133 273 319
119 128 121 133 319 364
119 128 121 133 364 409
119 128 121 133 409 455
119 128 121 133 455 500
119 128 121 133 500 546
119 128 121 133 546 591
119 128 121 133 591 637
119 128 121 133 637 682
119 128 121 133 682 728
119 128 133 145 0 46
119 128 133 145 46 91
119 128 133 145 91 137
119 128 133 145 137 182
119 128 133 145 182 228
119 128 133 145 228 273
119 128 133 145 273 319
119 128 133 145 319 364
119 128 133 145 364 409
119 128 133 145 409 455
119 128 133 145 455 500
119 128 133 145 500 546
119 128 133 145 546 591
119 128 133 145 591 637
119 128 133 145 637 682
119 128 133 145 682 728
119 128 145 157 0 46
119 128 145 157 46 91
119 128 145 157 91 137
119 128 145 157 137 182
119 128 145 157 182 228
119 128 145 157 228 273
119 128 145 157 273 319
119 128 145 157 319 364
119 128 145 157 364 409
119 128 145 157 409 455
119 128 145 157 455 500
119 128 145 157 500 546
119 128 145 157 546 591
119 128 145 157 591 637
119 128 145 157 637 682
119 128 145 157 682 728
119 128 157 169 0 46
119 128 157 169 46 91
119 128 157 169 91 137
119 128 157 169 137 182
119 128 157 169 182 228
119 128 157 169 228 273
119 128 157 169 273 319
119 128 157 169 319 364
119 128 157 169 364 409
119 128 157 169 409 455
119 128 157 169 455 500
119 128 157 169 500 546
119 128 157 169 546 591
119 128 157 169 591 637
119 128 157 169 637 682
119 128 157 169 682 728
119 128 169 181 0 46
119 128 169 181 46 91
119 128 169 181 91 137
119 128 169 181 137 182
119 128 169 181 182 228
119 128 169 181 228 273
119 128 169 181 273 319
119 128 169 181 319 364
119 128 169 181 364 409
119 128 169 181 409 455
119 128 169 181 455 500
119 128 169 181 500 546
119 128 169 181 546 591
119 128 169 181 591 637
119 128 169 181 637 682
119 128 169 181 682 728
119 128 181 194 0 46
119 128 181 194 46 91
119 128 181 194 91 137
119 128 181 194 137 182
119 128 181 194 182 228
119 128 181 194 228 273
119 128 181 194 273 319
119 128 181 194 319 364
119 128 181 194 364 409
119 128 181 194 409 455
119 128 181 194 455 500
119 128 181 194 500 546
119 128 181 194 546 591
119 128 181 194 591 637
119 128 181 194 637 682
119 128 181 194 682 728
128 137 0 13 0 46
128 137 0 13 46 91
128 137 0 13 91 137
128 137 0 13 137 182
128 137 0 13 182 228
128 137 0 13 228 273
128 137 0 13 273 319
128 137 0 13 319 364
128 137 0 13 364 409
128 137 0 13 409 455
128 137 0 13 455 500
128 137 0 13 500 546
128 137 0 13 546 591
128 137 0 13 591 637
128 137 0 13 637 682
128 137 0 13 682 728
128 137 13 25 0 46
128 137 13 25 46 91
128 137 13 25 91 137
128 137 13 25 137 182
128 137 13 25 182 228
128 137 13 25 228 273
128 137 13 25 273 319
128 137 13 25 319 364
128 137 13 25 364 409
128 137 13 25 409 455
128 137 13 25 455 500
128 137 13 25 500 546
128 137 13 25 546 591
128 137 13 25 591 637
128 137 13 25 637 682
128 137 13 25 682 728
128 137 25 37 0 46
128 137 25 37 46 91
128 137 25 37 91 137
128 137 25 37 137 182
128 137 25 37 182 228
128 137 25 37 228 273
128 137 25 37 273 319
128 137 25 37 319 364
128 137 25 37 364 409
128 137 25 37 409 455
128 137 25 37 455 500
128 137 25 37 500 546
128 137 25 37 546 591
128 137 25 37 591 637
128 137 25 37 637 682
128 137 25 37 682 728
128 137 37 49 0 46
128 137 37 49 46 91
128 137 37 49 91 137
128 137 37 49 137 182
128 137 37 49 182 228
128 137 37 49 228 273
128 137 37 49 273 319
128 137 37 49 319 364
128 137 37 49 364 409
128 137 37 49 409 455
128 137 37 49 455 500
128 137 37 49 500 546
128 137 37 49 546 591
128 137 37 49 591 637
128 137 37 49 637 682
128 137 37 49 682 728
128 137 49 61 0 46
128 137 49 61 46 91
128 137 49 61 91 137
128 137 49 61 137 182
128 137 49 61 182 228
128 137 49 61 228 273
128 137 49 61 273 319
128 137 49 61 319 364
128 137 49 61 364 409
128 137 49 61 409 455
128 137 49 61 455 500
128 137 49 61 500 546
128 137 49 61 546 591
128 137 49 61 591 637
128 137 49 61 637 682
128 137 49 61 682 728
128 137 61 73 0 46
128 137 61 73 46 91
128 137 61 73 91 137
128 137 61 73 137 182
128 137 61 73 182 228
128 137 61 73 228 273
128 137 61 73 273 319
128 137 61 73 319 364
128 137 61 73 364 409
128 137 61 73 409 455
128 137 61 73 455 500
128 137 61 73 500 546
128 137 61 73 546 591
128 137 61 73 591 637
128 137 61 73 637 682
128 137 61 73 682 728
128 137 73 85 0 46
128 137 73 85 46 91
128 137 73 85 91 137
128 137 73 85 137 182
128 137 73 85 182 228
128 137 73 85 228 273
128 137 73 85 273 319
128 137 73 85 319 364
128 137 73 85 364 409
128 137 73 85 409 455
128 137 73 85 455 500
128 137 73 85 500 546
128 137 73 85 546 591
128 137 73 85 591 637
128 137 73 85 637 682
128 137 73 85 682 728
128 137 85 97 0 46
128 137 85 97 46 91
128 137 85 97 91 137
128 137 85 97 137 182
128 137 85 97 182 228
128 137 85 97 228 273
128 137 85 97 273 319
128 137 85 97 319 364
128 137 85 97 364 409
128 137 85 97 409 455
128 137 85 97 455 500
128 137 85 97 500 546
128 137 85 97 546 591
128 137 85 97 591 637
128 137 85 97 637 682
128 137 85 97 682 728
128 137 97 109 0 46
128 137 97 109 46 91
128 137 97 109 91 137
128 137 97 109 137 182
128 137 97 109 182 228
128 137 97 109 228 273
128 137 97 109 273 319
128 137 97 109 319 364
128 137 97 109 364 409
128 137 97 109 409 455
128 137 97 109 455 500
128 137 97 109 500 546
128 137 97 109 546 591
128 137 97 109 591 637
128 137 97 109 637 682
128 137 97 109 682 728
128 137 109 121 0 46
128 137 109 121 46 91
128 137 109 121 91 137
128 137 109 121 137 182
128 137 109 121 182 228
128 137 109 121 228 273
128 137 109 121 273 319
128 137 109 121 319 364
128 137 109 121 364 409
128 137 109 121 409 455
128 137 109 121 455 500
128 137 109 121 500 546
128 137 109 121 546 591
128 137 109 121 591 637
128 137 109 121 637 682
128 137 109 121 682 728
128 137 121 133 0 46
128 137 121 133 46 91
128 137 121 133 91 137
128 137 121 133 137 182
128 137 121 133 182 228
128 137 121 133 228 273
128 137 121 133 273 319
128 137 121 133 319 364
128 137 121 133 364 409
128 137 121 133 409 455
128 137 121 133 455 500
128 137 121 133 500 546
128 137 121 133 546 591
128 137 121 133 591 637
128 137 121 133 637 682
128 137 121 133 682 728
128 137 133 145 0 46
128 137 133 145 46 91
128 137 133 145 91 137
128 137 133 145 137 182
128 137 133 145 182 228
128 137 133 145 228 273
128 137 133 145 273 319
128 137 133 145 319 364
128 137 133 145 364 409
128 137 133 145 409 455
128 137 133 145 455 500
128 137 133 145 500 546
128 137 133 145 546 591
128 137 133 145 591 637
128 137 133 145 637 682
128 137 133 145 682 728
128 137 145 157 0 46
128 137 145 157 46 91
128 137 145 157 91 137
128 137 145 157 137 182
128 137 145 157 182 228
128 137 145 157 228 273
128 137 145 157 273 319
128 137 145 157 319 364
128 137 145 157 364 409
128 137 145 157 409 455
128 137 145 157 455 500
128 137 145 157 500 546
128 137 145 157 546 591
128 137 145 157 591 637
128 137 145 157 637 682
128 137 145 157 682 728
128 137 157 169 0 46
128 137 157 169 46 91
128 137 157 169 91 137
128 137 157 169 137 182
128 137 157 169 182 228
128 137 157 169 228 273
128 137 157 169 273 319
128 137 157 169 319 364
128 137 157 169 364 409
128 137 157 169 409 455
128 137 157 169 455 500
128 137 157 169 500 546
128 137 157 169 546 591
128 137 157 169 591 637
128 137 157 169 637 682
128 137 157 169 682 728
128 137 169 181 0 46
128 137 169 181 46 91
128 137 169 181 91 137
128 137 169 181 137 182
128 137 169 181 182 228
128 137 169 181 228 273
128 137 169 181 273 319
128 137 169 181 319 364
128 137 169 181 364 409
128 137 169 181 409 455
128 137 169 181 455 500
128 137 169 181 500 546
128 137 169 181 546 591
128 137 169 181 591 637
128 137 169 181 637 682
128 137 169 181 682 728
128 137 181 194 0 46
128 137 181 194 46 91
128 137 181 194 91 137
128 137 181 194 137 182
128 137 181 194 182 228
128 137 181 194 228 273
128 137 181 194 273 319
128 137 181 194 319 364
128 137 181 194 364 409
128 137 181 194 409 455
128 137 181 194 455 500
128 137 181 194 500 546
128 137 181 194 546 591
128 137 181 194 591 637
128 137 181 194 637 682
128 137 181 194 682 728
137 148 0 13 0 46
137 148 0 13 46 91
137 148 0 13 91 137
137 148 0 13 137 182
137 148 0 13 182 228
137 148 0 13 228 273
137 148 0 13 273 319
137 148 0 13 319 364
137 148 0 13 364 409
137 148 0 13 409 455
137 148 0 13 455 500
137 148 0 13 500 546
137 148 0 13 546 591
137 148 0 13 591 637
137 148 0 13 637 682
137 148 0 13 682 728
137 148 13 25 0 46
137 148 13 25 46 91
137 148 13 25 91 137
137 148 13 25 137 182
137 148 13 25 182 228
137 148 13 25 228 273
137 148 13 25 273 319
137 148 13 25 319 364
137 148 13 25 364 409
137 148 13 25 409 455
137 148 13 25 455 500
137 148 13 25 500 546
137 148 13 25 546 591
137 148 13 25 591 637
137 148 13 25 637 682
137 148 13 25 682 728
137 148 25 37 0 46
137 148 25 37 46 91
137 148 25 37 91 137
137 148 25 37 137 182
137 148 25 37 182 228
137 148 25 37 228 273
137 148 25 37 273 319
137 148 25 37 319 364
137 148 25 37 364 409
137 148 25 37 409 455
137 148 25 37 455 500
137 148 25 37 500 546
137 148 25 37 546 591
137 148 25 37 591 637
137 148 25 37 637 682
137 148 25 37 682 728
137 148 37 49 0 46
137 148 37 49 46 91
137 148 37 49 91 137
137 148 37 49 137 182
137 148 37 49 182 228
137 148 37 49 228 273
137 148 37 49 273 319
137 148 37 49 319 364
137 148 37 49 364 409
137 148 37 49 409 455
137 148 37 49 455 500
137 148 37 49 500 546
137 148 37 49 546 591
137 148 37 49 591 637
137 148 37 49 637 682
137 148 37 49 682 728
137 148 49 61 0 46
137 148 49 61 46 91
137 148 49 61 91 137
137 148 49 61 137 182
137 148 49 61 182 228
137 148 49 61 228 273
137 148 49 61 273 319
137 148 49 61 319 364
137 148 49 61 364 409
137 148 49 61 409 455
137 148 49 61 455 500
137 148 49 61 500 546
137 148 49 61 546 591
137 148 49 61 591 637
137 148 49 61 637 682
137 148 49 61 682 728
137 148 61 73 0 46
137 148 61 73 46 91
137 148 61 73 91 137
137 148 61 73 137 182
137 148 61 73 182 228
137 148 61 73 228 273
137 148 61 73 273 319
137 148 61 73 319 364
137 148 61 73 364 409
137 148 61 73 409 455
137 148 61 73 455 500
137 148 61 73 500 546
137 148 61 73 546 591
137 148 61 73 591 637
137 148 61 73 637 682
137 148 61 73 682 728
137 148 73 85 0 46
137 148 73 85 46 91
137 148 73 85 91 137
137 148 73 85 137 182
137 148 73 85 182 228
137 148 73 85 228 273
137 148 73 85 273 319
137 148 73 85 319 364
137 148 73 85 364 409
137 148 73 85 409 455
137 148 73 85 455 500
137 148 73 85 500 546
137 148 73 85 546 591
137 148 73 85 591 637
137 148 73 85 637 682
137 148 73 85 682 728
137 148 85 97 0 46
137 148 85 97 46 91
137 148 85 97 91 137
137 148 85 97 137 182
137 148 85 97 182 228
137 148 85 97 228 273
137 148 85 97 273 319
137 148 85 97 319 364
137 148 85 97 364 409
137 148 85 97 409 455
137 148 85 97 455 500
137 148 85 97 500 546
137 148 85 97 546 591
137 148 85 97 591 637
137 148 85 97 637 682
137 148 85 97 682 728
137 148 97 109 0 46
137 148 97 109 46 91
137 148 97 109 91 137
137 148 97 109 137 182
137 148 97 109 182 228
137 148 97 109 228 273
137 148 97 109 273 319
137 148 97 109 319 364
137 148 97 109 364 409
137 148 97 109 409 455
137 148 97 109 455 500
137 148 97 109 500 546
137 148 97 109 546 591
137 148 97 109 591 637
137 148 97 109 637 682
137 148 97 109 682 728
137 148 109 121 0 46
137 148 109 121 46 91
137 148 109 121 91 137
137 148 109 121 137 182
137 148 109 121 182 228
137 148 109 121 228 273
137 148 109 121 273 319
137 148 109 121 319 364
137 148 109 121 364 409
137 148 109 121 409 455
137 148 109 121 455 500
137 148 109 121 500 546
137 148 109 121 546 591
137 148 109 121 591 637
137 148 109 121 637 682
137 148 109 121 682 728
137 148 121 133 0 46
137 148 121 133 46 91
137 148 121 133 91 137
137 148 121 133 137 182
137 148 121 133 182 228
137 148 121 133 228 273
137 148 121 133 273 319
137 148 121 133 319 364
137 148 121 133 364 409
137 148 121 133 409 455
137 148 121 133 455 500
137 148 121 133 500 546
137 148 121 133 546 591
137 148 121 133 591 637
137 148 121 133 637 682
137 148 121 133 682 728
137 148 133 145 0 46
137 148 133 145 46 91
137 148 133 145 91 137
137 148 133 145 137 182
137 148 133 145 182 228
137 148 133 145 228 273
137 148 133 145 273 319
137 148 133 145 319 364
137 148 133 145 364 409
137 148 133 145 409 455
137 148 133 145 455 500
137 148 133 145 500 546
137 148 133 145 546 591
137 148 133 145 591 637
137 148 133 145 637 682
137 148 133 145 682 728
137 148 145 157 0 46
137 148 145 157 46 91
137 148 145 157 91 137
137 148 145 157 137 182
137 148 145 157 182 228
137 148 145 157 228 273
137 148 145 157 273 319
137 148 145 157 319 364
137 148 145 157 364 409
137 148 145 157 409 455
137 148 145 157 455 500
137 148 145 157 500 546
137 148 145 157 546 591
137 148 145 157 591 637
137 148 145 157 637 682
137 148 145 157 682 728
137 148 157 169 0 46
137 148 157 169 46 91
137 148 157 169 91 137
137 148 157 169 137 182
137 148 157 169 182 228
137 148 157 169 228 273
137 148 157 169 273 319
137 148 157 169 319 364
137 148 157 169 364 409
137 148 157 169 409 455
137 148 157 169 455 500
137 148 157 169 500 546
137 148 157 169 546 591
137 148 157 169 591 637
137 148 157 169 637 682
137 148 157 169 682 728
137 148 169 181 0 46
137 148 169 181 46 91
137 148 169 181 91 137
137 148 169 181 137 182
137 148 169 181 182 228
137 148 169 181 228 273
137 148 169 181 273 319
137 148 169 181 319 364
137 148 169 181 364 409
137 148 169 181 409 455
137 148 169 181 455 500
137 148 169 181 500 546
137 148 169 181 546 591
137 148 169 181 591 637
137 148 169 181 637 682
137 148 169 181 682 728
137 148 181 194 0 46
137 148 181 194 46 91
137 148 181 194 91 137
137 148 181 194 137 182
137 148 181 194 182 228
137 148 181 194 228 273
137 148 181 194 273 319
137 148 181 194 319 364
137 148 181 194 364 409
137 148 181 194 409 455
137 148 181 194 455 500
137 148 181 194 500 546
137 148 181 194 546 591
137 148 181 194 591 637
137 148 181 194 637 682
137 148 181 194 682 728
voxsize: 148x194x728 size:79.736084MB
voxBW: 5 7
Decomp size:4096
Initialization time: 0.011938
compute: 0.04061 seconds
evaluations: 20001751
time: 0.110280 seconds
