hostname : cph-gpu2.uncc.edu
bounding: [1053872.965;1068485.726]x[860186.8419;879395.9741]x[3;730]
read 11056 observations
res: 50 50 1 bw: 100 100 1
128 192 0 192 0 64
192 294 256 386 0 64
0 128 256 386 0 728
128 192 0 192 64 128
0 128 128 192 128 728
192 294 0 192 128 728
0 128 192 256 0 128
128 192 0 192 128 256
192 294 256 386 256 728
128 192 0 192 256 728
128 192 256 386 64 192
192 294 192 256 320 728
192 294 192 256 64 128
192 294 256 386 128 256
0 128 128 192 64 128
192 294 256 386 64 128
128 192 192 256 64 128
192 294 192 256 0 64
192 294 0 192 0 128
128 192 256 386 192 728
192 294 192 256 192 320
128 192 192 256 0 64
128 192 192 256 128 192
0 128 192 256 128 728
0 128 0 128 128 728
128 192 192 256 192 320
0 128 128 192 0 64
0 128 0 128 0 64
128 192 192 256 320 728
128 192 256 386 0 64
192 294 192 256 128 192
0 128 0 128 64 128
voxsize: 294x386x728 size:315.156372MB
voxBW: 2 1
Decomp size:32
Initialization time: 0.038862
compute: 0.006039 seconds
evaluations: 828825
time: 0.055019 seconds
