hostname : cph-gpu2.uncc.edu
bounding: [1053872.965;1068485.726]x[860186.8419;879395.9741]x[3;730]
read 11056 observations
res: 50 50 1 bw: 100 100 1
128 192 192 256 0 448
0 128 0 192 0 192
192 256 0 256 0 320
192 256 256 386 0 384
128 192 0 192 0 256
0 128 192 386 0 728
128 192 256 386 0 728
0 128 0 192 192 728
192 256 0 256 320 728
128 192 0 192 256 728
256 294 0 256 0 192
256 294 0 256 192 448
192 256 256 386 512 728
128 192 192 256 448 728
192 256 256 386 384 512
256 294 0 256 512 728
256 294 256 386 64 384
256 294 0 256 448 512
256 294 256 386 0 64
256 294 256 386 384 576
256 294 256 386 576 728
voxsize: 294x386x728 size:315.156372MB
voxBW: 2 1
Decomp size:21
Initialization time: 0.035732
compute: 0.001958 seconds
evaluations: 828825
time: 0.038670 seconds
