hostname : cph-c53.uncc.edu
bounding: [1053872.965;1068485.726]x[860186.8419;879395.9741]x[3;730]
read 11056 observations
res: 100 100 1 bw: 500 500 7
64 128 64 128 128 256
64 148 128 194 0 128
0 64 64 128 0 192
64 148 128 194 128 728
64 128 64 128 256 728
0 148 0 64 0 728
64 128 64 128 0 64
64 128 64 128 64 128
128 148 64 128 0 728
0 64 64 128 192 728
0 64 128 194 0 728
voxsize: 148x194x728 size:79.736084MB
voxBW: 5 7
Decomp size:11
Initialization time: 0.009752
compute: 0.008073 seconds
evaluations: 20001751
time: 0.018600 seconds
