hostname : cph-gpu2.uncc.edu
bounding: [1053872.965;1068485.726]x[860186.8419;879395.9741]x[3;730]
read 11056 observations
res: 50 50 1 bw: 100 100 1
147 294 0 193 0 364
0 147 193 386 0 364
73 147 96 193 0 182
147 220 193 289 0 182
147 294 193 386 364 728
220 294 193 289 0 182
147 220 289 386 0 182
147 220 193 289 182 364
220 294 289 386 0 182
73 147 96 193 182 364
220 294 193 289 182 364
147 294 0 193 364 728
0 147 0 193 364 728
0 147 193 386 364 728
73 147 0 96 0 182
147 220 289 386 182 364
220 294 289 386 182 364
0 73 96 193 0 182
73 147 0 96 182 364
0 73 96 193 182 364
0 73 0 96 0 182
0 73 0 96 182 364
voxsize: 294x386x728 size:315.156372MB
voxBW: 2 1
Decomp size:22
Initialization time: 0.035665
compute: 0.002201 seconds
evaluations: 828825
time: 0.046984 seconds
