hostname : cph-c54.uncc.edu
bounding: [1053872.965;1068485.726]x[860186.8419;879395.9741]x[3;730]
read 11056 observations
res: 100 100 1 bw: 2500 2500 1
64 128 64 128 0 256
0 64 64 194 0 728
64 128 128 194 0 728
0 148 0 64 0 728
64 128 64 128 256 728
128 148 64 128 0 256
128 148 128 192 0 256
128 148 64 128 256 728
128 148 128 192 256 728
128 148 192 194 0 256
128 148 192 194 256 512
128 148 192 194 512 728
voxsize: 148x194x728 size:79.736084MB
voxBW: 25 1
Decomp size:12
Initialization time: 0.008762
compute: 0.147571 seconds
evaluations: 83992257
time: 0.157090 seconds
