hostname : cph-c54.uncc.edu
bounding: [1053872.965;1068485.726]x[860186.8419;879395.9741]x[3;730]
read 11056 observations
res: 100 100 1 bw: 2500 2500 1
32 64 96 128 0 448
96 128 128 160 0 384
64 96 128 160 0 384
64 96 64 96 96 728
128 148 32 194 0 384
96 128 0 96 0 352
96 128 96 128 0 192
64 96 96 128 0 128
64 96 96 128 128 480
32 64 64 96 0 160
32 64 0 64 0 480
0 32 0 194 0 728
64 96 0 64 0 728
64 96 64 96 0 96
96 128 96 128 192 728
32 64 128 194 0 728
96 128 160 194 0 384
64 96 160 194 0 384
32 64 64 96 160 480
96 128 0 96 352 728
64 96 96 128 480 728
128 148 32 194 384 728
96 128 128 160 384 728
64 96 128 160 384 728
96 128 160 194 384 728
32 64 64 96 480 728
32 64 96 128 448 728
64 96 160 194 384 728
32 64 0 64 480 728
128 148 0 32 0 728
voxsize: 148x194x728 size:79.736084MB
voxBW: 25 1
Decomp size:30
Initialization time: 0.010332
compute: 0.039465 seconds
evaluations: 83992257
time: 0.051008 seconds
