hostname : cph-gpu3.uncc.edu
bounding: [1053872.965;1068485.726]x[860186.8419;879395.9741]x[3;730]
read 11056 observations
res: 50 50 1 bw: 2500 2500 1
128 192 192 256 0 64
128 192 192 256 64 128
192 294 192 256 64 128
128 192 128 192 0 64
192 294 192 256 0 64
64 128 192 320 64 128
128 192 128 192 128 256
128 192 0 128 0 128
128 192 256 386 0 64
64 128 192 320 0 64
64 128 192 320 128 256
128 192 128 192 64 128
192 294 192 256 320 728
64 128 128 192 64 128
128 192 128 192 256 728
192 294 256 320 0 64
128 192 256 386 128 256
192 294 192 256 192 320
192 294 0 192 256 728
192 294 0 192 128 256
128 192 256 386 256 728
64 128 128 192 0 64
192 294 256 320 256 728
128 192 256 386 64 128
64 128 192 320 256 728
192 294 256 320 128 256
64 128 128 192 192 728
128 192 192 256 320 728
128 192 192 256 192 320
64 128 0 128 128 728
128 192 192 256 128 192
192 294 256 320 64 128
0 64 0 386 128 728
192 294 192 256 128 192
128 192 0 128 128 728
192 294 0 192 0 64
64 128 0 128 0 64
192 294 0 192 64 128
0 64 0 386 64 128
64 128 0 128 64 128
0 64 0 386 0 64
192 294 320 386 0 64
192 294 320 386 256 728
64 128 128 192 128 192
192 294 320 386 64 128
192 294 320 386 128 256
64 128 320 386 0 728
voxsize: 294x386x728 size:315.156372MB
voxBW: 50 1
Decomp size:47
Initialization time: 0.034301
compute: 0.090055 seconds
evaluations: 328636729
time: 0.125942 seconds
