hostname : cph-gpu2.uncc.edu
bounding: [1053872.965;1068485.726]x[860186.8419;879395.9741]x[3;730]
read 11056 observations
res: 50 50 1 bw: 100 100 1
0 128 64 386 0 480
128 294 0 192 0 704
128 294 192 256 0 288
128 294 256 386 0 384
128 294 192 256 288 728
128 294 256 386 384 728
0 128 64 386 480 728
0 128 0 64 0 728
128 294 0 192 704 728
voxsize: 294x386x728 size:315.156372MB
voxBW: 2 1
Decomp size:9
Initialization time: 0.035852
compute: 0.002751 seconds
evaluations: 828825
time: 0.039480 seconds
