hostname : cph-gpu4.uncc.edu
bounding: [1053872.965;1068485.726]x[860186.8419;879395.9741]x[3;730]
read 11056 observations
res: 50 50 1 bw: 2500 2500 14
0 147 0 193 0 23
0 147 0 193 23 46
0 147 0 193 46 69
0 147 0 193 69 91
0 147 0 193 91 114
0 147 0 193 114 137
0 147 0 193 137 160
0 147 0 193 160 182
0 147 0 193 182 205
0 147 0 193 205 228
0 147 0 193 228 250
0 147 0 193 250 273
0 147 0 193 273 296
0 147 0 193 296 319
0 147 0 193 319 341
0 147 0 193 341 364
0 147 0 193 364 387
0 147 0 193 387 409
0 147 0 193 409 432
0 147 0 193 432 455
0 147 0 193 455 478
0 147 0 193 478 500
0 147 0 193 500 523
0 147 0 193 523 546
0 147 0 193 546 568
0 147 0 193 568 591
0 147 0 193 591 614
0 147 0 193 614 637
0 147 0 193 637 659
0 147 0 193 659 682
0 147 0 193 682 705
0 147 0 193 705 728
0 147 193 386 0 23
0 147 193 386 23 46
0 147 193 386 46 69
0 147 193 386 69 91
0 147 193 386 91 114
0 147 193 386 114 137
0 147 193 386 137 160
0 147 193 386 160 182
0 147 193 386 182 205
0 147 193 386 205 228
0 147 193 386 228 250
0 147 193 386 250 273
0 147 193 386 273 296
0 147 193 386 296 319
0 147 193 386 319 341
0 147 193 386 341 364
0 147 193 386 364 387
0 147 193 386 387 409
0 147 193 386 409 432
0 147 193 386 432 455
0 147 193 386 455 478
0 147 193 386 478 500
0 147 193 386 500 523
0 147 193 386 523 546
0 147 193 386 546 568
0 147 193 386 568 591
0 147 193 386 591 614
0 147 193 386 614 637
0 147 193 386 637 659
0 147 193 386 659 682
0 147 193 386 682 705
0 147 193 386 705 728
147 294 0 193 0 23
147 294 0 193 23 46
147 294 0 193 46 69
147 294 0 193 69 91
147 294 0 193 91 114
147 294 0 193 114 137
147 294 0 193 137 160
147 294 0 193 160 182
147 294 0 193 182 205
147 294 0 193 205 228
147 294 0 193 228 250
147 294 0 193 250 273
147 294 0 193 273 296
147 294 0 193 296 319
147 294 0 193 319 341
147 294 0 193 341 364
147 294 0 193 364 387
147 294 0 193 387 409
147 294 0 193 409 432
147 294 0 193 432 455
147 294 0 193 455 478
147 294 0 193 478 500
147 294 0 193 500 523
147 294 0 193 523 546
147 294 0 193 546 568
147 294 0 193 568 591
147 294 0 193 591 614
147 294 0 193 614 637
147 294 0 193 637 659
147 294 0 193 659 682
147 294 0 193 682 705
147 294 0 193 705 728
147 294 193 386 0 23
147 294 193 386 23 46
147 294 193 386 46 69
147 294 193 386 69 91
147 294 193 386 91 114
147 294 193 386 114 137
147 294 193 386 137 160
147 294 193 386 160 182
147 294 193 386 182 205
147 294 193 386 205 228
147 294 193 386 228 250
147 294 193 386 250 273
147 294 193 386 273 296
147 294 193 386 296 319
147 294 193 386 319 341
147 294 193 386 341 364
147 294 193 386 364 387
147 294 193 386 387 409
147 294 193 386 409 432
147 294 193 386 432 455
147 294 193 386 455 478
147 294 193 386 478 500
147 294 193 386 500 523
147 294 193 386 523 546
147 294 193 386 546 568
147 294 193 386 568 591
147 294 193 386 591 614
147 294 193 386 614 637
147 294 193 386 637 659
147 294 193 386 659 682
147 294 193 386 682 705
147 294 193 386 705 728
voxsize: 294x386x728 size:315.156372MB
voxBW: 50 14
Decomp size:128
Initialization time: 0.035182
compute: 0.611584 seconds
evaluations: 3159635318
time: 0.649031 seconds
