hostname : cph-c53.uncc.edu
bounding: [1053872.965;1068485.726]x[860186.8419;879395.9741]x[3;730]
read 11056 observations
res: 100 100 1 bw: 500 500 7
0 37 0 49 0 23
0 37 0 49 23 46
0 37 0 49 46 69
0 37 0 49 69 91
0 37 0 49 91 114
0 37 0 49 114 137
0 37 0 49 137 160
0 37 0 49 160 182
0 37 0 49 182 205
0 37 0 49 205 228
0 37 0 49 228 250
0 37 0 49 250 273
0 37 0 49 273 296
0 37 0 49 296 319
0 37 0 49 319 341
0 37 0 49 341 364
0 37 0 49 364 387
0 37 0 49 387 409
0 37 0 49 409 432
0 37 0 49 432 455
0 37 0 49 455 478
0 37 0 49 478 500
0 37 0 49 500 523
0 37 0 49 523 546
0 37 0 49 546 568
0 37 0 49 568 591
0 37 0 49 591 614
0 37 0 49 614 637
0 37 0 49 637 659
0 37 0 49 659 682
0 37 0 49 682 705
0 37 0 49 705 728
0 37 49 97 0 23
0 37 49 97 23 46
0 37 49 97 46 69
0 37 49 97 69 91
0 37 49 97 91 114
0 37 49 97 114 137
0 37 49 97 137 160
0 37 49 97 160 182
0 37 49 97 182 205
0 37 49 97 205 228
0 37 49 97 228 250
0 37 49 97 250 273
0 37 49 97 273 296
0 37 49 97 296 319
0 37 49 97 319 341
0 37 49 97 341 364
0 37 49 97 364 387
0 37 49 97 387 409
0 37 49 97 409 432
0 37 49 97 432 455
0 37 49 97 455 478
0 37 49 97 478 500
0 37 49 97 500 523
0 37 49 97 523 546
0 37 49 97 546 568
0 37 49 97 568 591
0 37 49 97 591 614
0 37 49 97 614 637
0 37 49 97 637 659
0 37 49 97 659 682
0 37 49 97 682 705
0 37 49 97 705 728
0 37 97 145 0 23
0 37 97 145 23 46
0 37 97 145 46 69
0 37 97 145 69 91
0 37 97 145 91 114
0 37 97 145 114 137
0 37 97 145 137 160
0 37 97 145 160 182
0 37 97 145 182 205
0 37 97 145 205 228
0 37 97 145 228 250
0 37 97 145 250 273
0 37 97 145 273 296
0 37 97 145 296 319
0 37 97 145 319 341
0 37 97 145 341 364
0 37 97 145 364 387
0 37 97 145 387 409
0 37 97 145 409 432
0 37 97 145 432 455
0 37 97 145 455 478
0 37 97 145 478 500
0 37 97 145 500 523
0 37 97 145 523 546
0 37 97 145 546 568
0 37 97 145 568 591
0 37 97 145 591 614
0 37 97 145 614 637
0 37 97 145 637 659
0 37 97 145 659 682
0 37 97 145 682 705
0 37 97 145 705 728
0 37 145 194 0 23
0 37 145 194 23 46
0 37 145 194 46 69
0 37 145 194 69 91
0 37 145 194 91 114
0 37 145 194 114 137
0 37 145 194 137 160
0 37 145 194 160 182
0 37 145 194 182 205
0 37 145 194 205 228
0 37 145 194 228 250
0 37 145 194 250 273
0 37 145 194 273 296
0 37 145 194 296 319
0 37 145 194 319 341
0 37 145 194 341 364
0 37 145 194 364 387
0 37 145 194 387 409
0 37 145 194 409 432
0 37 145 194 432 455
0 37 145 194 455 478
0 37 145 194 478 500
0 37 145 194 500 523
0 37 145 194 523 546
0 37 145 194 546 568
0 37 145 194 568 591
0 37 145 194 591 614
0 37 145 194 614 637
0 37 145 194 637 659
0 37 145 194 659 682
0 37 145 194 682 705
0 37 145 194 705 728
37 74 0 49 0 23
37 74 0 49 23 46
37 74 0 49 46 69
37 74 0 49 69 91
37 74 0 49 91 114
37 74 0 49 114 137
37 74 0 49 137 160
37 74 0 49 160 182
37 74 0 49 182 205
37 74 0 49 205 228
37 74 0 49 228 250
37 74 0 49 250 273
37 74 0 49 273 296
37 74 0 49 296 319
37 74 0 49 319 341
37 74 0 49 341 364
37 74 0 49 364 387
37 74 0 49 387 409
37 74 0 49 409 432
37 74 0 49 432 455
37 74 0 49 455 478
37 74 0 49 478 500
37 74 0 49 500 523
37 74 0 49 523 546
37 74 0 49 546 568
37 74 0 49 568 591
37 74 0 49 591 614
37 74 0 49 614 637
37 74 0 49 637 659
37 74 0 49 659 682
37 74 0 49 682 705
37 74 0 49 705 728
37 74 49 97 0 23
37 74 49 97 23 46
37 74 49 97 46 69
37 74 49 97 69 91
37 74 49 97 91 114
37 74 49 97 114 137
37 74 49 97 137 160
37 74 49 97 160 182
37 74 49 97 182 205
37 74 49 97 205 228
37 74 49 97 228 250
37 74 49 97 250 273
37 74 49 97 273 296
37 74 49 97 296 319
37 74 49 97 319 341
37 74 49 97 341 364
37 74 49 97 364 387
37 74 49 97 387 409
37 74 49 97 409 432
37 74 49 97 432 455
37 74 49 97 455 478
37 74 49 97 478 500
37 74 49 97 500 523
37 74 49 97 523 546
37 74 49 97 546 568
37 74 49 97 568 591
37 74 49 97 591 614
37 74 49 97 614 637
37 74 49 97 637 659
37 74 49 97 659 682
37 74 49 97 682 705
37 74 49 97 705 728
37 74 97 145 0 23
37 74 97 145 23 46
37 74 97 145 46 69
37 74 97 145 69 91
37 74 97 145 91 114
37 74 97 145 114 137
37 74 97 145 137 160
37 74 97 145 160 182
37 74 97 145 182 205
37 74 97 145 205 228
37 74 97 145 228 250
37 74 97 145 250 273
37 74 97 145 273 296
37 74 97 145 296 319
37 74 97 145 319 341
37 74 97 145 341 364
37 74 97 145 364 387
37 74 97 145 387 409
37 74 97 145 409 432
37 74 97 145 432 455
37 74 97 145 455 478
37 74 97 145 478 500
37 74 97 145 500 523
37 74 97 145 523 546
37 74 97 145 546 568
37 74 97 145 568 591
37 74 97 145 591 614
37 74 97 145 614 637
37 74 97 145 637 659
37 74 97 145 659 682
37 74 97 145 682 705
37 74 97 145 705 728
37 74 145 194 0 23
37 74 145 194 23 46
37 74 145 194 46 69
37 74 145 194 69 91
37 74 145 194 91 114
37 74 145 194 114 137
37 74 145 194 137 160
37 74 145 194 160 182
37 74 145 194 182 205
37 74 145 194 205 228
37 74 145 194 228 250
37 74 145 194 250 273
37 74 145 194 273 296
37 74 145 194 296 319
37 74 145 194 319 341
37 74 145 194 341 364
37 74 145 194 364 387
37 74 145 194 387 409
37 74 145 194 409 432
37 74 145 194 432 455
37 74 145 194 455 478
37 74 145 194 478 500
37 74 145 194 500 523
37 74 145 194 523 546
37 74 145 194 546 568
37 74 145 194 568 591
37 74 145 194 591 614
37 74 145 194 614 637
37 74 145 194 637 659
37 74 145 194 659 682
37 74 145 194 682 705
37 74 145 194 705 728
74 110 0 49 0 23
74 110 0 49 23 46
74 110 0 49 46 69
74 110 0 49 69 91
74 110 0 49 91 114
74 110 0 49 114 137
74 110 0 49 137 160
74 110 0 49 160 182
74 110 0 49 182 205
74 110 0 49 205 228
74 110 0 49 228 250
74 110 0 49 250 273
74 110 0 49 273 296
74 110 0 49 296 319
74 110 0 49 319 341
74 110 0 49 341 364
74 110 0 49 364 387
74 110 0 49 387 409
74 110 0 49 409 432
74 110 0 49 432 455
74 110 0 49 455 478
74 110 0 49 478 500
74 110 0 49 500 523
74 110 0 49 523 546
74 110 0 49 546 568
74 110 0 49 568 591
74 110 0 49 591 614
74 110 0 49 614 637
74 110 0 49 637 659
74 110 0 49 659 682
74 110 0 49 682 705
74 110 0 49 705 728
74 110 49 97 0 23
74 110 49 97 23 46
74 110 49 97 46 69
74 110 49 97 69 91
74 110 49 97 91 114
74 110 49 97 114 137
74 110 49 97 137 160
74 110 49 97 160 182
74 110 49 97 182 205
74 110 49 97 205 228
74 110 49 97 228 250
74 110 49 97 250 273
74 110 49 97 273 296
74 110 49 97 296 319
74 110 49 97 319 341
74 110 49 97 341 364
74 110 49 97 364 387
74 110 49 97 387 409
74 110 49 97 409 432
74 110 49 97 432 455
74 110 49 97 455 478
74 110 49 97 478 500
74 110 49 97 500 523
74 110 49 97 523 546
74 110 49 97 546 568
74 110 49 97 568 591
74 110 49 97 591 614
74 110 49 97 614 637
74 110 49 97 637 659
74 110 49 97 659 682
74 110 49 97 682 705
74 110 49 97 705 728
74 110 97 145 0 23
74 110 97 145 23 46
74 110 97 145 46 69
74 110 97 145 69 91
74 110 97 145 91 114
74 110 97 145 114 137
74 110 97 145 137 160
74 110 97 145 160 182
74 110 97 145 182 205
74 110 97 145 205 228
74 110 97 145 228 250
74 110 97 145 250 273
74 110 97 145 273 296
74 110 97 145 296 319
74 110 97 145 319 341
74 110 97 145 341 364
74 110 97 145 364 387
74 110 97 145 387 409
74 110 97 145 409 432
74 110 97 145 432 455
74 110 97 145 455 478
74 110 97 145 478 500
74 110 97 145 500 523
74 110 97 145 523 546
74 110 97 145 546 568
74 110 97 145 568 591
74 110 97 145 591 614
74 110 97 145 614 637
74 110 97 145 637 659
74 110 97 145 659 682
74 110 97 145 682 705
74 110 97 145 705 728
74 110 145 194 0 23
74 110 145 194 23 46
74 110 145 194 46 69
74 110 145 194 69 91
74 110 145 194 91 114
74 110 145 194 114 137
74 110 145 194 137 160
74 110 145 194 160 182
74 110 145 194 182 205
74 110 145 194 205 228
74 110 145 194 228 250
74 110 145 194 250 273
74 110 145 194 273 296
74 110 145 194 296 319
74 110 145 194 319 341
74 110 145 194 341 364
74 110 145 194 364 387
74 110 145 194 387 409
74 110 145 194 409 432
74 110 145 194 432 455
74 110 145 194 455 478
74 110 145 194 478 500
74 110 145 194 500 523
74 110 145 194 523 546
74 110 145 194 546 568
74 110 145 194 568 591
74 110 145 194 591 614
74 110 145 194 614 637
74 110 145 194 637 659
74 110 145 194 659 682
74 110 145 194 682 705
74 110 145 194 705 728
110 148 0 49 0 23
110 148 0 49 23 46
110 148 0 49 46 69
110 148 0 49 69 91
110 148 0 49 91 114
110 148 0 49 114 137
110 148 0 49 137 160
110 148 0 49 160 182
110 148 0 49 182 205
110 148 0 49 205 228
110 148 0 49 228 250
110 148 0 49 250 273
110 148 0 49 273 296
110 148 0 49 296 319
110 148 0 49 319 341
110 148 0 49 341 364
110 148 0 49 364 387
110 148 0 49 387 409
110 148 0 49 409 432
110 148 0 49 432 455
110 148 0 49 455 478
110 148 0 49 478 500
110 148 0 49 500 523
110 148 0 49 523 546
110 148 0 49 546 568
110 148 0 49 568 591
110 148 0 49 591 614
110 148 0 49 614 637
110 148 0 49 637 659
110 148 0 49 659 682
110 148 0 49 682 705
110 148 0 49 705 728
110 148 49 97 0 23
110 148 49 97 23 46
110 148 49 97 46 69
110 148 49 97 69 91
110 148 49 97 91 114
110 148 49 97 114 137
110 148 49 97 137 160
110 148 49 97 160 182
110 148 49 97 182 205
110 148 49 97 205 228
110 148 49 97 228 250
110 148 49 97 250 273
110 148 49 97 273 296
110 148 49 97 296 319
110 148 49 97 319 341
110 148 49 97 341 364
110 148 49 97 364 387
110 148 49 97 387 409
110 148 49 97 409 432
110 148 49 97 432 455
110 148 49 97 455 478
110 148 49 97 478 500
110 148 49 97 500 523
110 148 49 97 523 546
110 148 49 97 546 568
110 148 49 97 568 591
110 148 49 97 591 614
110 148 49 97 614 637
110 148 49 97 637 659
110 148 49 97 659 682
110 148 49 97 682 705
110 148 49 97 705 728
110 148 97 145 0 23
110 148 97 145 23 46
110 148 97 145 46 69
110 148 97 145 69 91
110 148 97 145 91 114
110 148 97 145 114 137
110 148 97 145 137 160
110 148 97 145 160 182
110 148 97 145 182 205
110 148 97 145 205 228
110 148 97 145 228 250
110 148 97 145 250 273
110 148 97 145 273 296
110 148 97 145 296 319
110 148 97 145 319 341
110 148 97 145 341 364
110 148 97 145 364 387
110 148 97 145 387 409
110 148 97 145 409 432
110 148 97 145 432 455
110 148 97 145 455 478
110 148 97 145 478 500
110 148 97 145 500 523
110 148 97 145 523 546
110 148 97 145 546 568
110 148 97 145 568 591
110 148 97 145 591 614
110 148 97 145 614 637
110 148 97 145 637 659
110 148 97 145 659 682
110 148 97 145 682 705
110 148 97 145 705 728
110 148 145 194 0 23
110 148 145 194 23 46
110 148 145 194 46 69
110 148 145 194 69 91
110 148 145 194 91 114
110 148 145 194 114 137
110 148 145 194 137 160
110 148 145 194 160 182
110 148 145 194 182 205
110 148 145 194 205 228
110 148 145 194 228 250
110 148 145 194 250 273
110 148 145 194 273 296
110 148 145 194 296 319
110 148 145 194 319 341
110 148 145 194 341 364
110 148 145 194 364 387
110 148 145 194 387 409
110 148 145 194 409 432
110 148 145 194 432 455
110 148 145 194 455 478
110 148 145 194 478 500
110 148 145 194 500 523
110 148 145 194 523 546
110 148 145 194 546 568
110 148 145 194 568 591
110 148 145 194 591 614
110 148 145 194 614 637
110 148 145 194 637 659
110 148 145 194 659 682
110 148 145 194 682 705
110 148 145 194 705 728
voxsize: 148x194x728 size:79.736084MB
voxBW: 5 7
Decomp size:512
Initialization time: 0.011046
compute: 0.008677 seconds
evaluations: 20001751
time: 0.026266 seconds
