hostname : cph-gpu2.uncc.edu
bounding: [1053872.965;1068485.726]x[860186.8419;879395.9741]x[3;730]
read 11056 observations
res: 50 50 1 bw: 100 100 1
192 294 288 386 0 512
0 128 0 160 0 192
192 294 224 288 0 288
128 192 224 288 0 288
192 294 0 224 0 192
128 192 128 192 0 192
0 128 160 224 0 352
192 294 0 224 192 704
128 192 192 224 0 256
128 192 128 192 192 728
128 192 0 128 0 728
128 192 288 386 0 288
0 128 224 386 96 480
0 128 224 386 0 96
192 294 224 288 288 448
128 192 192 224 352 728
0 128 160 224 352 728
0 128 0 160 256 480
128 192 224 288 416 728
128 192 224 288 288 416
192 294 288 386 512 728
0 128 0 160 192 256
192 294 224 288 448 728
128 192 288 386 288 728
128 192 192 224 256 352
0 128 0 160 480 728
0 128 224 386 480 728
192 294 0 224 704 728
voxsize: 294x386x728 size:315.156372MB
voxBW: 2 1
Decomp size:28
Initialization time: 0.036833
compute: 0.00178 seconds
evaluations: 828825
time: 0.039664 seconds
