hostname : cph-c53.uncc.edu
bounding: [1053872.965;1068485.726]x[860186.8419;879395.9741]x[3;730]
read 11056 observations
res: 100 100 1 bw: 500 500 7
64 96 64 96 64 192
96 128 96 128 192 704
64 96 96 128 128 256
0 64 0 64 0 128
96 128 160 194 0 384
0 64 64 96 64 192
96 128 0 96 0 448
64 96 128 160 0 192
96 128 128 160 0 128
96 128 128 160 128 728
64 96 64 96 192 728
0 64 128 194 0 728
96 128 96 128 64 192
0 64 96 128 0 128
128 148 32 194 0 192
64 96 0 64 0 728
64 96 96 128 256 728
64 96 64 96 0 64
64 96 96 128 64 128
64 96 96 128 0 64
0 64 96 128 128 728
0 64 64 96 0 64
0 64 0 64 128 728
0 64 64 96 192 728
96 128 96 128 0 64
128 148 32 194 192 728
64 96 128 160 192 728
64 96 160 194 0 728
96 128 160 194 384 728
96 128 0 96 448 728
96 128 96 128 704 728
128 148 0 32 0 728
voxsize: 148x194x728 size:79.736084MB
voxBW: 5 7
Decomp size:32
Initialization time: 0.011293
compute: 0.006327 seconds
evaluations: 20001751
time: 0.020428 seconds
