hostname : cph-c54.uncc.edu
bounding: [1053872.965;1068485.726]x[860186.8419;879395.9741]x[3;730]
read 11056 observations
res: 100 100 1 bw: 2500 2500 1
64 128 64 128 128 256
64 128 128 194 0 128
0 64 64 128 0 128
64 128 128 194 128 728
64 128 64 128 256 728
64 128 64 128 0 64
64 128 64 128 64 128
0 64 64 128 128 728
128 148 0 194 0 704
0 64 0 64 0 728
64 128 0 64 0 728
0 64 128 194 0 728
128 148 0 194 704 728
voxsize: 148x194x728 size:79.736084MB
voxBW: 25 1
Decomp size:13
Initialization time: 0.009366
compute: 0.057607 seconds
evaluations: 83992257
time: 0.067943 seconds
