hostname : cph-gpu2.uncc.edu
bounding: [1053872.965;1068485.726]x[860186.8419;879395.9741]x[3;730]
read 11056 observations
res: 50 50 1 bw: 100 100 1
224 256 256 386 128 288
224 256 256 386 0 64
160 192 0 160 128 728
192 224 192 256 64 160
192 224 288 386 192 728
160 192 0 160 0 128
192 224 288 386 64 192
192 224 192 256 160 320
64 96 128 224 0 64
192 224 288 386 0 64
96 160 192 224 160 728
64 96 0 128 96 728
160 192 160 192 128 728
192 224 192 256 320 728
160 192 256 386 160 728
96 160 128 160 128 728
96 160 160 192 64 128
0 64 0 386 0 728
224 256 0 256 96 256
96 160 0 96 0 728
64 96 128 224 160 728
160 192 192 256 64 128
96 160 192 224 64 160
224 256 256 386 288 728
160 192 192 256 288 728
96 160 160 192 256 728
96 160 96 128 64 160
192 224 256 288 0 728
64 96 0 128 0 96
96 160 96 128 0 64
192 224 192 256 0 64
96 160 256 386 256 728
96 160 224 256 224 728
160 192 192 256 128 192
96 160 128 160 64 128
224 256 0 256 0 96
160 192 160 192 0 128
256 294 0 224 0 96
256 294 224 386 0 728
224 256 256 386 64 128
160 192 256 386 64 160
256 294 0 224 224 728
64 96 128 224 64 96
224 256 0 256 256 728
96 160 160 192 0 64
96 160 256 386 0 64
64 96 224 386 0 728
64 96 128 224 96 160
160 192 192 256 0 64
96 160 224 256 128 224
96 160 256 386 64 128
160 192 256 386 0 64
96 160 256 386 128 256
192 224 0 192 0 96
96 160 128 160 0 64
192 224 0 192 224 728
96 160 96 128 160 728
96 160 192 224 0 64
96 160 160 192 128 256
96 160 224 256 0 64
192 224 0 192 96 224
256 294 0 224 96 224
96 160 224 256 64 128
160 192 192 256 192 288
voxsize: 294x386x728 size:315.156372MB
voxBW: 2 1
Decomp size:64
Initialization time: 0.038273
compute: 0.001722 seconds
evaluations: 828825
time: 0.041420 seconds
