hostname : cph-c53.uncc.edu
bounding: [1053872.965;1068485.726]x[860186.8419;879395.9741]x[3;730]
read 11056 observations
res: 100 100 1 bw: 500 500 7
64 96 96 128 128 384
0 64 0 64 0 256
0 64 96 128 0 448
64 96 64 96 0 128
64 96 128 160 0 448
128 148 0 194 0 728
64 96 96 128 0 128
0 64 64 96 0 128
64 96 64 96 128 728
96 128 160 194 0 728
96 128 128 160 0 192
96 128 96 128 128 512
96 128 0 96 0 728
96 128 96 128 0 128
0 64 128 194 0 728
0 64 64 96 128 728
64 96 0 64 0 728
96 128 128 160 192 728
64 96 160 194 0 728
64 96 96 128 384 728
96 128 96 128 512 728
0 64 0 64 256 728
64 96 128 160 448 728
0 64 96 128 448 728
voxsize: 148x194x728 size:79.736084MB
voxBW: 5 7
Decomp size:24
Initialization time: 0.011149
compute: 0.008125 seconds
evaluations: 20001751
time: 0.020545 seconds
