hostname : cph-c54.uncc.edu
bounding: [1053872.965;1068485.726]x[860186.8419;879395.9741]x[3;730]
read 11056 observations
res: 100 100 1 bw: 2500 2500 1
96 128 160 194 0 128
96 128 0 96 128 256
96 128 128 160 0 64
0 32 0 194 128 728
128 148 0 194 256 728
96 128 0 96 256 728
64 96 96 128 32 64
64 96 96 128 224 352
64 96 64 96 32 64
32 64 96 128 64 128
64 96 128 160 128 256
96 128 160 194 128 728
64 96 96 128 352 728
32 64 96 128 224 728
32 64 128 194 128 728
32 64 128 194 0 128
64 96 128 160 0 64
32 64 32 64 64 160
96 128 128 160 256 728
96 128 128 160 128 256
128 148 0 194 128 256
64 96 64 96 192 320
64 96 64 96 320 728
32 64 96 128 0 64
64 96 128 160 256 728
96 128 96 128 352 728
64 96 96 128 160 224
0 32 0 194 64 128
96 128 96 128 96 160
64 96 96 128 64 96
96 128 96 128 224 352
64 96 128 160 64 128
96 128 128 160 64 128
64 96 0 64 64 160
32 64 32 64 0 64
96 128 0 96 0 64
32 64 64 96 32 64
128 148 0 194 64 128
64 96 64 96 128 192
128 148 0 194 0 64
64 96 64 96 64 96
32 64 64 96 256 728
32 64 64 96 96 160
32 64 64 96 64 96
0 32 0 194 0 64
64 96 0 64 160 728
96 128 96 128 32 64
96 128 0 96 64 128
64 96 0 64 0 64
64 96 160 194 0 128
32 64 32 64 160 728
32 64 96 128 128 224
96 128 96 128 160 224
96 128 96 128 64 96
64 96 160 194 128 728
64 96 96 128 96 128
64 96 96 128 128 160
32 64 64 96 160 256
64 96 64 96 96 128
64 96 96 128 0 32
64 96 64 96 0 32
32 64 64 96 0 32
32 64 0 32 0 728
96 128 96 128 0 32
voxsize: 148x194x728 size:79.736084MB
voxBW: 25 1
Decomp size:64
Initialization time: 0.008785
compute: 0.037196 seconds
evaluations: 83992257
time: 0.056638 seconds
