hostname : cph-gpu3.uncc.edu
bounding: [1053872.965;1068485.726]x[860186.8419;879395.9741]x[3;730]
read 11056 observations
res: 50 50 1 bw: 2500 2500 1
0 128 128 192 64 160
128 192 0 192 64 128
128 192 256 386 64 192
128 192 0 192 128 256
192 256 0 192 0 160
256 294 0 386 0 160
0 128 192 386 64 128
128 192 192 256 128 256
0 128 192 386 224 728
0 128 0 128 0 96
192 256 0 192 160 728
192 256 192 256 0 96
0 128 192 386 0 64
192 256 192 256 224 728
128 192 0 192 256 728
0 128 0 128 96 728
128 192 256 386 192 728
192 256 256 386 0 64
0 128 128 192 160 728
256 294 0 386 160 728
128 192 192 256 256 728
192 256 192 256 96 224
128 192 0 192 32 64
192 256 256 386 256 728
0 128 128 192 0 64
128 192 192 256 0 64
128 192 192 256 64 128
128 192 256 386 0 64
192 256 256 386 128 256
0 128 192 386 128 224
192 256 256 386 64 128
128 192 0 192 0 32
voxsize: 294x386x728 size:315.156372MB
voxBW: 50 1
Decomp size:32
Initialization time: 0.035363
compute: 0.091429 seconds
evaluations: 328636729
time: 0.136177 seconds
