hostname : cph-gpu1.uncc.edu
bounding: [1053872.965;1068485.726]x[860186.8419;879395.9741]x[3;730]
read 11056 observations
res: 100 100 1 bw: 250 250 1
92 111 145 169 0 91
74 111 145 194 182 364
0 37 97 145 0 182
92 111 97 121 91 182
74 111 97 145 546 728
55 74 121 145 91 182
55 74 72 97 91 182
74 92 72 97 91 182
92 111 72 97 91 182
37 55 97 121 0 91
111 129 121 145 0 91
111 129 145 169 0 91
74 92 121 145 0 91
55 74 97 121 91 182
37 74 48 97 364 546
74 111 48 97 364 546
92 111 97 121 182 273
74 92 97 121 182 273
111 148 145 194 182 364
37 55 72 97 91 182
111 129 97 121 0 91
74 92 121 145 91 182
37 74 97 145 364 546
111 148 97 145 364 546
74 92 145 169 0 91
111 148 48 97 182 364
129 148 97 121 0 91
92 111 72 97 182 273
129 148 97 121 91 182
74 111 48 97 546 728
74 92 72 97 182 273
37 74 48 97 546 728
111 129 121 145 91 182
92 111 121 145 91 182
92 111 169 194 0 91
74 92 48 72 0 91
55 74 121 145 182 273
111 129 97 121 91 182
55 74 72 97 182 273
37 74 97 145 546 728
74 92 48 72 91 182
92 111 145 169 91 182
129 148 72 97 0 91
111 129 145 169 91 182
55 74 97 121 182 273
37 55 24 48 0 91
111 129 169 194 0 91
37 55 48 72 182 273
37 55 97 121 91 182
0 37 48 97 0 182
55 74 48 72 91 182
46 55 60 72 45 91
74 111 145 194 546 728
74 111 145 194 364 546
74 92 97 121 273 364
64 74 84 97 45 91
92 111 97 121 273 364
74 92 145 169 91 182
37 74 145 194 0 182
111 148 97 145 546 728
111 129 97 121 182 273
74 92 121 145 182 273
92 101 109 121 45 91
0 37 97 145 182 364
64 74 72 84 45 91
111 129 121 145 182 273
129 148 72 97 91 182
37 55 121 145 0 91
111 148 145 194 364 546
55 74 24 48 0 91
55 74 72 97 273 364
129 148 97 121 182 273
101 111 121 133 45 91
92 111 97 121 364 455
37 46 60 72 45 91
92 111 72 97 273 364
92 111 121 145 182 273
46 55 60 72 0 45
37 46 84 97 45 91
111 148 145 194 546 728
55 74 121 145 273 364
37 55 72 97 182 273
101 111 121 133 0 45
74 92 72 97 273 364
83 92 72 84 45 91
111 129 169 194 91 182
92 111 169 194 91 182
74 83 97 109 45 91
92 101 84 97 45 91
129 148 97 121 273 364
74 111 0 48 0 182
83 92 84 97 45 91
74 83 84 97 45 91
37 46 60 72 91 136
111 129 121 145 273 364
55 64 121 133 45 91
37 74 0 48 182 364
46 55 48 60 45 91
92 111 121 145 273 364
37 55 24 48 91 182
101 111 109 121 45 91
55 64 72 84 45 91
46 55 72 84 45 91
64 74 121 133 45 91
64 74 84 97 0 45
55 74 48 72 182 273
92 101 97 109 45 91
37 46 60 72 0 45
74 92 97 121 364 455
74 83 72 84 45 91
55 64 60 72 45 91
92 111 97 121 455 546
55 64 121 133 0 45
64 74 109 121 45 91
83 92 97 109 136 182
83 92 109 121 45 91
46 55 48 60 0 45
37 55 48 72 273 364
64 74 97 109 45 91
101 111 109 121 0 45
83 92 97 109 45 91
74 92 121 145 273 364
46 55 60 72 91 136
74 92 169 194 0 91
55 64 84 97 45 91
92 101 72 84 45 91
83 92 109 121 136 182
92 101 121 133 45 91
46 55 48 60 91 136
37 46 48 60 45 91
55 74 97 121 273 364
37 55 72 97 273 364
83 92 72 84 0 45
92 101 72 84 0 45
37 55 121 145 91 182
64 74 121 133 0 45
111 129 72 97 91 182
74 83 97 109 136 182
64 74 72 84 0 45
37 46 72 84 45 91
111 129 72 97 0 91
55 64 48 60 45 91
64 74 48 60 45 91
92 101 121 133 0 45
92 101 97 109 0 45
74 83 109 121 45 91
92 101 109 121 0 45
111 129 97 121 273 364
101 111 84 97 45 91
55 64 109 121 45 91
92 101 84 97 0 45
64 74 60 72 45 91
64 74 97 109 0 45
111 148 48 97 364 546
74 83 97 109 91 136
64 74 48 60 0 45
111 148 48 97 546 728
37 55 97 121 182 273
55 64 48 60 0 45
55 74 24 48 91 182
74 92 48 72 182 273
37 46 48 60 91 136
64 74 133 145 45 91
83 92 97 109 91 136
37 46 60 72 136 182
37 74 145 194 182 364
74 83 97 109 0 45
74 83 72 84 0 45
46 55 60 72 136 182
74 83 109 121 136 182
46 55 48 60 136 182
55 64 97 109 45 91
0 37 48 97 182 364
37 55 121 145 182 273
55 64 84 97 0 45
64 74 109 121 0 45
83 92 84 97 0 45
55 64 60 72 0 45
74 83 84 97 0 45
74 92 48 72 273 364
74 83 109 121 0 45
37 46 48 60 0 45
83 92 97 109 0 45
55 64 109 121 0 45
37 46 84 97 0 45
46 55 84 97 45 91
74 83 109 121 91 136
55 74 48 72 273 364
101 111 97 109 45 91
101 111 84 97 0 45
92 111 121 145 364 455
92 111 48 72 0 91
46 55 72 84 0 45
55 64 72 84 0 45
74 92 169 194 91 182
46 55 84 97 0 45
83 92 109 121 91 136
101 111 97 109 0 45
64 74 60 72 0 45
74 92 121 145 364 455
64 74 133 145 0 45
74 92 97 121 455 546
37 55 97 121 273 364
55 64 97 109 0 45
0 37 48 97 546 728
37 46 48 60 136 182
92 101 133 145 45 91
55 74 0 24 0 91
92 111 121 145 455 546
37 74 0 48 546 728
101 111 72 84 45 91
101 111 72 84 0 45
83 92 109 121 0 45
74 92 121 145 455 546
37 46 72 84 0 45
92 101 133 145 0 45
55 64 133 145 0 45
101 111 133 145 45 91
37 74 0 48 364 546
55 64 133 145 45 91
37 74 145 194 546 728
37 55 121 145 273 364
74 111 0 48 182 364
37 74 145 194 364 546
101 111 133 145 0 45
0 37 97 145 364 546
74 111 0 48 546 728
0 37 145 194 0 182
0 37 48 97 364 546
0 37 97 145 546 728
92 111 48 72 91 182
129 148 121 145 91 182
55 74 0 24 91 182
129 148 145 169 91 182
74 111 0 48 364 546
129 148 121 145 0 91
92 111 48 72 182 273
129 148 145 169 0 91
37 55 0 24 0 91
92 111 48 72 273 364
129 148 121 145 182 273
0 37 145 194 182 364
129 148 121 145 273 364
37 55 0 24 91 182
129 148 48 72 0 91
0 37 145 194 546 728
129 148 169 194 91 182
0 37 0 48 364 546
0 37 0 48 0 182
111 148 0 48 0 182
0 37 145 194 364 546
129 148 169 194 0 91
0 37 0 48 182 364
111 129 48 72 91 182
111 148 0 48 546 728
129 148 48 72 91 182
0 37 0 48 546 728
111 148 0 48 182 364
111 148 0 48 364 546
111 129 48 72 0 91
voxsize: 148x194x728 size:79.736084MB
voxBW: 3 1
Decomp size:260
Initialization time: 0.01105
compute: 0.003544 seconds
evaluations: 1624413
time: 0.020756 seconds
