hostname : cph-gpu2.uncc.edu
bounding: [1053872.965;1068485.726]x[860186.8419;879395.9741]x[3;730]
read 11056 observations
res: 50 50 1 bw: 100 100 1
160 192 224 320 0 512
224 294 160 224 0 512
0 160 64 224 256 728
160 294 320 386 0 512
0 128 64 128 0 256
96 160 256 386 0 728
0 160 128 160 0 256
224 294 224 288 0 512
160 224 64 224 256 728
160 224 192 224 0 256
192 224 224 288 0 512
192 294 288 320 0 512
96 160 160 192 0 256
160 192 128 192 0 256
0 160 224 256 0 256
0 96 160 224 0 256
96 160 192 224 0 256
192 224 128 192 0 256
128 224 64 128 0 256
0 96 256 386 0 728
160 294 224 386 512 728
0 160 224 256 256 728
224 294 160 224 512 728
224 294 64 160 0 728
0 294 0 64 0 256
0 294 0 64 256 728
voxsize: 294x386x728 size:315.156372MB
voxBW: 2 1
Decomp size:26
Initialization time: 0.0405
compute: 0.004724 seconds
evaluations: 828825
time: 0.046373 seconds
