hostname : cph-c54.uncc.edu
bounding: [1053872.965;1068485.726]x[860186.8419;879395.9741]x[3;730]
read 11056 observations
res: 100 100 1 bw: 2500 2500 1
64 128 64 128 224 728
64 128 128 194 0 160
0 64 64 128 0 160
64 128 64 128 96 224
64 128 64 128 32 96
64 128 128 194 160 728
128 148 0 194 0 728
0 64 0 64 0 728
64 128 0 64 0 728
0 64 64 128 160 480
0 64 128 194 0 608
64 128 64 128 0 32
0 64 64 128 480 728
0 64 128 194 608 728
voxsize: 148x194x728 size:79.736084MB
voxBW: 25 1
Decomp size:14
Initialization time: 0.011254
compute: 0.068519 seconds
evaluations: 83992257
time: 0.080661 seconds
