hostname : cph-gpu4.uncc.edu
bounding: [1053872.965;1068485.726]x[860186.8419;879395.9741]x[3;730]
read 11056 observations
res: 50 50 1 bw: 2500 2500 14
64 160 160 192 0 128
64 160 224 386 128 256
160 294 256 320 0 64
64 160 128 160 96 728
160 294 128 192 128 256
64 160 224 386 0 64
160 294 128 192 256 728
64 160 192 224 0 128
160 294 320 386 0 128
64 160 224 386 64 128
160 294 192 224 224 728
160 294 192 224 0 96
160 294 256 320 128 256
64 160 192 224 128 728
160 294 256 320 256 728
64 160 0 128 64 160
160 294 224 256 0 96
64 160 224 386 256 728
64 160 160 192 128 728
160 294 320 386 128 728
160 294 192 224 96 224
160 294 256 320 64 128
64 160 128 160 0 96
160 294 224 256 224 728
160 294 128 192 0 64
64 160 0 128 0 64
160 294 128 192 64 128
160 294 224 256 96 224
0 64 0 386 96 728
160 294 0 128 0 728
64 160 0 128 160 728
0 64 0 386 0 96
voxsize: 294x386x728 size:315.156372MB
voxBW: 50 14
Decomp size:32
Initialization time: 0.034853
compute: 0.46388 seconds
evaluations: 3159635318
time: 0.499885 seconds
