hostname : cph-gpu3.uncc.edu
bounding: [1053872.965;1068485.726]x[860186.8419;879395.9741]x[3;730]
read 11056 observations
res: 50 50 1 bw: 2500 2500 1
64 128 0 128 0 256
0 64 0 288 0 728
192 224 224 288 0 512
128 160 224 288 0 728
224 256 256 386 0 512
192 224 0 192 0 728
224 256 192 256 0 728
128 160 128 192 0 256
64 128 128 160 0 728
64 128 160 192 0 728
256 294 0 256 0 728
160 192 256 320 0 728
192 224 288 386 0 728
64 128 192 224 0 728
160 192 0 160 0 728
64 128 256 386 0 728
160 192 192 224 0 728
64 128 224 256 0 728
128 160 192 224 0 728
160 192 224 256 0 728
128 160 0 128 0 728
160 192 160 192 0 728
192 224 192 224 0 728
256 294 256 386 0 728
224 256 0 192 0 728
128 160 288 386 0 728
160 192 320 386 0 728
128 160 128 192 256 728
64 128 0 128 256 728
224 256 256 386 512 728
0 64 288 386 0 512
192 224 224 288 512 728
0 64 288 386 512 728
voxsize: 294x386x728 size:315.156372MB
voxBW: 50 1
Decomp size:33
Initialization time: 0.03564
compute: 0.091204 seconds
evaluations: 328636729
time: 0.134652 seconds
