hostname : cph-c53.uncc.edu
bounding: [1053872.965;1068485.726]x[860186.8419;879395.9741]x[3;730]
read 11056 observations
res: 100 100 1 bw: 500 500 7
0 148 0 194 0 64
0 148 0 194 64 128
0 148 0 194 128 192
0 148 0 194 192 256
0 148 0 194 256 320
0 148 0 194 320 384
0 148 0 194 384 448
0 148 0 194 512 576
0 148 0 194 576 640
0 148 0 194 448 512
0 148 0 194 640 704
0 148 0 194 704 728
voxsize: 148x194x728 size:79.736084MB
voxBW: 5 7
Decomp size:12
Initialization time: 0.011483
compute: 0.014059 seconds
evaluations: 20001751
time: 0.026355 seconds
