hostname : cph-gpu1.uncc.edu
bounding: [1053872.965;1068485.726]x[860186.8419;879395.9741]x[3;730]
read 11056 observations
res: 100 100 1 bw: 250 250 1
46 55 121 133 45 91
37 55 48 72 637 728
64 69 54 60 45 68
92 111 169 194 637 728
64 69 84 90 45 68
83 92 97 109 364 409
37 55 97 121 546 637
46 50 42 48 45 68
74 92 48 72 455 546
138 148 84 97 91 136
74 83 169 181 45 91
129 148 97 121 546 637
32 37 90 97 68 91
55 64 97 109 91 136
46 50 48 54 45 68
41 46 97 103 45 68
74 92 48 72 546 637
74 92 48 72 364 455
101 111 145 157 227 273
129 138 84 97 136 182
101 111 169 181 136 182
55 64 24 36 45 91
111 120 84 97 182 227
129 138 97 109 136 182
101 111 145 157 91 136
120 129 97 109 227 273
69 74 72 78 68 91
64 69 84 90 68 91
129 138 97 109 0 45
111 120 181 194 91 136
41 46 48 54 68 91
111 120 157 169 91 136
74 83 145 157 45 91
74 83 97 109 273 318
18 37 72 97 182 273
41 46 66 72 22 45
92 101 133 145 0 45
101 111 121 133 273 318
64 74 145 157 45 91
111 120 109 121 136 182
55 74 48 72 364 455
111 129 97 121 637 728
37 46 48 60 182 227
111 120 97 109 227 273
74 83 84 97 227 273
111 120 109 121 182 227
64 74 48 60 91 136
120 129 121 133 0 45
37 41 90 97 68 91
46 55 72 84 227 273
101 111 169 181 227 273
41 46 60 66 91 113
55 74 121 145 637 728
74 92 121 145 637 728
111 129 72 97 364 455
37 46 84 97 182 227
46 50 66 72 68 91
55 64 133 145 0 45
27 37 133 145 182 227
101 111 133 145 45 91
106 111 127 133 45 68
83 92 133 145 91 136
64 74 97 109 182 227
37 46 60 72 227 273
83 92 48 60 91 136
46 50 66 72 45 68
106 111 175 181 22 45
111 120 145 157 136 182
59 64 127 133 113 136
74 83 157 169 91 136
55 64 48 60 136 182
129 138 97 109 227 273
37 55 121 145 364 455
37 46 84 97 273 318
37 74 0 48 364 546
101 111 97 109 546 591
46 55 48 60 227 273
55 64 133 145 45 91
46 50 60 66 68 91
92 101 121 133 318 364
41 46 97 103 91 113
74 83 157 169 0 45
46 55 60 72 182 227
101 106 127 133 22 45
92 96 109 115 68 91
74 83 60 72 136 182
64 74 84 97 182 227
111 120 97 109 91 136
101 111 157 169 136 182
27 37 97 109 91 136
129 138 72 84 227 273
18 27 133 145 45 91
83 92 133 145 0 45
37 46 133 145 45 91
64 74 36 48 0 45
41 46 66 72 45 68
111 129 169 194 455 546
74 83 60 72 0 45
74 83 145 157 0 45
87 92 72 78 45 68
46 55 109 121 0 45
55 64 97 109 136 182
120 129 121 133 45 91
111 120 121 133 227 273
41 46 48 54 22 45
111 129 169 194 637 728
111 120 157 169 136 182
101 111 181 194 0 45
55 64 121 133 273 318
92 101 157 169 91 136
46 55 72 84 136 182
83 87 72 78 45 68
37 46 97 109 182 227
41 46 60 66 68 91
18 27 133 145 0 45
37 41 90 97 45 68
74 83 36 48 0 45
87 92 84 90 45 68
111 120 84 97 136 182
59 64 121 127 136 159
50 55 60 66 22 45
111 129 169 194 546 637
64 74 97 109 227 273
74 83 109 121 182 227
74 83 109 121 273 318
64 74 169 181 45 91
37 46 36 48 136 182
59 64 127 133 22 45
74 92 145 169 546 637
138 148 84 97 227 273
37 46 121 133 45 91
46 50 48 54 68 91
92 111 169 194 273 364
92 96 90 97 45 68
83 92 157 169 136 182
111 129 169 194 364 455
138 148 109 121 0 45
111 120 121 133 273 318
129 138 84 97 0 45
138 148 97 109 136 182
101 106 157 163 45 68
92 101 97 109 273 318
78 83 97 103 68 91
120 129 84 97 45 91
27 32 133 139 22 45
83 92 60 72 0 45
59 64 78 84 45 68
64 69 72 78 68 91
101 106 84 90 113 136
37 41 90 97 91 113
83 92 121 133 227 273
55 64 109 121 182 227
138 148 97 109 0 45
83 92 72 84 273 318
83 92 145 157 136 182
55 64 84 97 182 227
129 148 72 97 364 455
101 111 97 109 591 637
64 69 127 133 45 68
92 101 157 169 0 45
92 101 109 121 318 364
101 111 109 121 318 364
59 64 121 127 22 45
78 83 103 109 68 91
138 148 84 97 0 45
50 55 66 72 68 91
111 129 121 145 455 546
50 55 48 54 22 45
92 101 60 72 0 45
83 92 133 145 227 273
37 74 145 194 546 728
87 92 103 109 159 182
101 106 109 115 45 68
46 50 48 54 91 113
129 138 72 84 91 136
92 101 97 109 318 364
55 59 121 127 22 45
106 111 157 163 22 45
96 101 115 121 68 91
96 101 115 121 45 68
64 74 133 145 136 182
55 74 24 48 182 273
46 55 36 48 136 182
37 41 97 103 91 113
59 64 127 133 45 68
120 129 157 169 91 136
41 46 90 97 45 68
59 64 84 90 68 91
120 129 109 121 0 45
0 18 121 145 91 182
46 55 121 133 0 45
106 111 157 163 45 68
27 37 84 97 136 182
78 83 72 78 45 68
55 64 72 84 227 273
92 96 115 121 68 91
111 120 84 97 273 318
87 92 72 78 22 45
37 55 121 145 273 364
64 69 54 60 22 45
74 83 169 181 0 45
74 111 0 48 182 364
101 111 145 157 182 227
111 120 97 109 182 227
129 148 72 97 637 728
101 111 97 109 500 546
37 46 60 72 182 227
83 87 84 90 45 68
69 74 90 97 45 68
64 69 127 133 22 45
87 92 103 109 45 68
41 46 48 54 91 113
78 83 90 97 45 68
111 120 133 145 91 136
64 69 90 97 68 91
106 111 169 175 22 45
37 55 72 97 637 728
83 92 145 157 227 273
111 129 121 145 637 728
74 83 133 145 136 182
64 74 121 133 318 364
64 69 72 78 45 68
41 46 42 48 68 91
111 115 181 187 45 68
55 64 121 133 318 364
46 55 97 109 136 182
106 111 163 169 22 45
83 92 109 121 318 364
64 69 90 97 22 45
101 111 121 133 318 364
27 37 121 133 0 45
101 111 97 109 273 318
74 92 169 194 273 364
120 129 133 145 227 273
111 120 84 97 227 273
46 50 48 54 113 136
74 83 133 145 91 136
101 111 97 109 318 364
64 74 84 97 546 591
69 74 84 90 68 91
55 74 48 72 455 546
120 129 121 133 91 136
92 101 97 109 364 409
41 46 78 84 68 91
138 148 109 121 273 318
59 64 84 90 45 68
55 64 60 72 136 182
59 64 127 133 68 91
101 111 97 109 364 409
59 64 121 127 45 68
101 111 169 181 182 227
64 69 72 78 22 45
101 106 127 133 45 68
59 64 66 72 68 91
120 129 157 169 0 45
74 83 72 84 273 318
120 129 133 145 182 227
111 120 169 181 182 227
83 92 169 181 0 45
69 74 72 78 45 68
92 101 84 97 546 591
83 92 72 84 591 637
111 120 169 181 136 182
64 69 84 90 113 136
120 129 109 121 227 273
74 92 169 194 182 273
74 83 133 145 0 45
96 101 72 78 45 68
120 129 97 109 182 227
37 46 133 145 91 136
41 46 48 54 113 136
59 64 78 84 68 91
69 74 90 97 68 91
83 92 109 121 273 318
83 92 72 84 318 364
46 55 48 60 273 318
46 50 60 66 91 113
55 64 133 145 91 136
101 111 121 133 227 273
101 106 84 90 45 68
55 64 72 84 182 227
96 101 115 121 91 113
92 101 97 109 591 637
96 101 97 103 68 91
41 46 90 97 68 91
32 37 90 97 45 68
133 138 84 90 45 68
92 101 97 109 409 455
101 106 121 127 45 68
55 64 36 48 0 45
74 78 103 109 68 91
96 101 72 78 22 45
92 101 145 157 182 227
46 50 97 103 45 68
83 92 97 109 318 364
37 46 48 60 227 273
101 106 157 163 22 45
96 101 97 103 45 68
83 87 78 84 45 68
37 55 72 97 455 546
83 87 72 78 22 45
138 148 97 109 273 318
37 74 145 194 364 546
111 120 169 181 227 273
64 74 169 181 91 136
101 111 157 169 273 318
101 106 109 115 22 45
74 83 145 157 136 182
32 37 133 139 45 68
64 69 78 84 68 91
106 111 109 115 45 68
83 92 133 145 182 227
96 101 109 115 45 68
96 101 115 121 159 182
87 92 78 84 45 68
27 37 121 133 91 136
46 50 78 84 68 91
111 120 84 97 0 45
46 55 60 72 318 364
92 96 109 115 159 182
101 111 133 145 0 45
32 37 97 103 68 91
101 106 121 127 22 45
64 69 127 133 113 136
120 129 97 109 136 182
92 101 169 181 136 182
37 46 72 84 136 182
87 92 109 115 159 182
111 115 175 181 22 45
87 92 78 84 159 182
50 55 48 54 91 113
46 55 109 121 91 136
41 46 78 84 45 68
27 32 133 139 45 68
74 83 169 181 91 136
55 64 133 145 227 273
0 37 97 145 364 546
59 64 54 60 45 68
41 46 66 72 113 136
106 111 127 133 68 91
69 74 84 90 22 45
92 96 115 121 45 68
96 101 109 115 68 91
92 101 121 133 273 318
96 101 84 90 45 68
41 46 97 103 22 45
27 37 84 97 273 318
64 74 157 169 45 91
64 74 169 181 0 45
101 106 127 133 68 91
74 83 84 97 273 318
78 83 78 84 45 68
27 37 133 145 136 182
101 106 157 163 68 91
83 92 84 97 227 273
55 64 133 145 273 318
83 92 169 181 136 182
55 74 0 24 273 364
92 101 84 97 318 364
9 18 133 145 45 91
101 111 84 97 318 364
87 92 151 157 45 68
64 69 78 84 45 68
32 37 133 139 68 91
92 96 103 109 159 182
83 92 121 133 273 318
111 120 97 109 273 318
46 55 72 84 182 227
83 92 169 181 45 91
111 120 84 97 45 91
129 148 72 97 546 637
50 55 54 60 22 45
96 101 90 97 22 45
64 74 133 145 182 227
101 106 115 121 45 68
92 101 133 145 136 182
87 92 103 109 182 204
55 74 145 169 273 364
87 92 90 97 45 68
111 120 121 133 318 364
92 96 78 84 22 45
64 74 48 60 136 182
96 101 121 127 45 68
74 83 48 60 227 273
83 92 84 97 273 318
101 111 109 121 273 318
41 46 42 48 91 113
78 83 84 90 45 68
64 74 109 121 364 409
18 27 133 145 91 136
55 64 97 109 227 273
64 74 84 97 318 364
78 83 109 115 45 68
106 111 181 187 45 68
92 101 133 145 91 136
37 55 97 121 637 728
92 101 84 97 500 546
106 111 121 127 22 45
64 69 121 127 45 68
59 64 54 60 22 45
101 111 72 84 227 273
37 46 121 133 0 45
74 83 121 133 273 318
120 129 97 109 364 409
92 101 121 133 182 227
138 148 109 121 227 273
64 69 97 103 45 68
96 101 145 151 68 91
133 138 84 90 68 91
111 115 181 187 22 45
111 120 133 145 227 273
92 96 109 115 45 68
64 69 84 90 22 45
46 55 84 97 136 182
41 46 72 78 45 68
41 46 90 97 91 113
55 59 127 133 22 45
74 78 90 97 68 91
92 96 109 115 91 113
64 69 66 72 45 68
124 129 109 115 45 68
111 120 181 194 136 182
55 59 60 66 45 68
64 74 157 169 0 45
111 120 133 145 273 318
18 37 97 121 182 273
83 87 151 157 45 68
69 74 84 90 45 68
101 111 84 97 364 409
55 64 84 97 273 318
64 74 36 48 45 91
138 148 97 109 227 273
74 92 48 72 637 728
50 55 66 72 45 68
64 69 115 121 45 68
55 74 24 48 273 364
64 69 97 103 22 45
37 46 84 97 227 273
32 37 90 97 91 113
64 74 72 84 182 227
41 46 84 90 68 91
46 50 72 78 45 68
129 138 109 121 273 318
69 74 72 78 22 45
41 46 72 78 22 45
120 124 151 157 45 68
74 83 36 48 136 182
41 46 78 84 91 113
129 138 97 109 273 318
59 64 127 133 91 113
115 120 151 157 45 68
18 37 72 97 637 728
74 83 97 109 364 409
96 101 127 133 22 45
41 46 60 66 136 159
115 120 145 151 68 91
69 74 97 103 22 45
96 101 84 90 22 45
129 138 97 109 182 227
64 74 84 97 591 637
41 46 60 66 159 182
129 138 72 84 0 45
37 41 97 103 45 68
92 101 169 181 0 45
106 111 115 121 22 45
115 120 139 145 22 45
92 101 169 181 91 136
78 83 54 60 91 113
106 111 121 127 45 68
46 55 84 97 546 591
92 96 109 115 22 45
55 59 54 60 45 68
92 101 60 72 45 91
59 64 90 97 45 68
46 50 60 66 113 136
111 120 145 157 273 318
74 111 0 48 546 728
55 59 121 127 136 159
96 101 78 84 22 45
83 92 121 133 182 227
129 138 72 84 182 227
50 55 54 60 45 68
101 106 115 121 22 45
64 74 133 145 273 318
69 74 103 109 22 45
87 92 78 84 22 45
69 74 54 60 45 68
87 92 84 90 22 45
78 83 97 103 136 159
0 37 145 194 0 182
87 92 127 133 45 68
87 92 121 127 68 91
83 92 145 157 182 227
87 92 97 103 45 68
46 50 42 48 68 91
78 83 84 90 68 91
87 92 103 109 136 159
87 92 109 115 45 68
96 101 145 151 45 68
78 83 109 115 68 91
59 64 115 121 45 68
87 92 103 109 91 113
83 87 115 121 159 182
83 92 84 97 364 409
59 64 121 127 159 182
124 129 103 109 45 68
69 74 78 84 91 113
50 55 48 54 45 68
92 101 97 109 546 591
101 106 175 181 45 68
69 74 78 84 68 91
64 74 48 60 182 227
87 92 109 115 68 91
69 74 127 133 45 68
78 83 90 97 136 159
111 120 133 145 182 227
111 115 175 181 45 68
59 64 127 133 136 159
111 120 109 121 227 273
50 55 78 84 68 91
101 106 84 90 22 45
55 64 84 97 364 409
37 46 133 145 0 45
92 96 84 90 45 68
55 59 60 66 22 45
111 129 72 97 637 728
59 64 115 121 22 45
59 64 115 121 68 91
138 143 90 97 45 68
83 92 97 109 409 455
64 74 109 121 637 682
46 55 121 133 91 136
92 101 133 145 227 273
59 64 72 78 68 91
120 129 84 97 227 273
92 96 103 109 45 68
46 50 48 54 136 159
0 37 48 97 364 546
74 83 109 121 318 364
69 74 115 121 45 68
83 92 48 60 0 45
64 74 145 157 227 273
27 37 97 109 0 45
59 64 72 78 45 68
37 41 60 66 22 45
64 74 72 84 364 409
74 83 109 121 546 591
83 92 60 72 136 182
111 120 145 157 182 227
55 64 121 133 364 409
129 138 72 84 273 318
55 64 109 121 227 273
0 37 97 145 546 728
78 83 97 103 45 68
78 83 90 97 22 45
96 101 109 115 22 45
96 101 97 103 22 45
78 83 54 60 136 159
46 50 72 78 22 45
87 92 72 78 159 182
83 92 84 97 546 591
64 74 109 121 318 364
92 96 115 121 159 182
27 37 133 145 227 273
64 74 121 133 273 318
69 74 109 115 45 68
55 64 84 97 409 455
92 111 48 72 91 182
59 64 121 127 68 91
111 120 109 121 409 455
101 111 72 84 182 227
106 111 175 181 45 68
101 106 84 90 91 113
50 55 97 103 45 68
64 69 66 72 68 91
96 101 84 90 113 136
92 96 103 109 22 45
83 92 121 133 318 364
74 83 84 97 500 546
64 69 66 72 22 45
101 111 169 181 500 546
59 64 60 66 22 45
87 92 127 133 22 45
64 74 60 72 227 273
50 55 60 66 91 113
46 55 109 121 136 182
41 46 90 97 22 45
78 83 90 97 91 113
41 46 66 72 91 113
46 55 60 72 273 318
120 129 121 133 182 227
41 46 66 72 68 91
55 74 48 72 546 637
59 64 127 133 159 182
74 78 72 78 45 68
37 41 90 97 113 136
55 64 60 72 227 273
83 87 109 115 45 68
120 129 133 145 318 364
41 46 72 78 91 113
64 69 127 133 91 113
37 41 60 66 45 68
83 87 84 90 68 91
83 92 60 72 91 136
106 111 115 121 45 68
96 101 115 121 204 227
78 83 90 97 68 91
120 129 121 133 136 182
96 101 121 127 22 45
101 106 78 84 22 45
74 78 97 103 68 91
50 55 48 54 68 91
55 64 48 60 182 227
101 111 84 97 591 637
87 92 115 121 159 182
59 64 66 72 22 45
87 92 115 121 68 91
64 69 109 115 136 159
138 143 90 97 68 91
92 96 84 90 22 45
111 120 133 145 318 364
37 46 121 133 91 136
27 32 133 139 91 113
64 69 121 127 22 45
59 64 66 72 45 68
59 64 90 97 22 45
111 120 169 181 318 364
106 111 127 133 91 113
96 101 151 157 22 45
55 64 36 48 91 136
101 106 169 175 22 45
55 59 121 127 45 68
115 120 175 181 45 68
74 83 145 157 91 136
32 37 133 139 22 45
64 69 121 127 113 136
64 74 97 109 273 318
129 148 97 121 637 728
37 46 84 97 318 364
87 92 127 133 68 91
96 101 151 157 68 91
101 106 151 157 22 45
32 37 90 97 113 136
32 37 133 139 91 113
101 106 127 133 91 113
138 143 97 103 45 68
106 111 151 157 45 68
111 120 84 97 318 364
46 55 84 97 227 273
111 120 97 109 409 455
111 120 97 109 0 45
115 120 127 133 22 45
101 106 78 84 113 136
87 92 78 84 113 136
64 69 133 139 22 45
37 55 121 145 455 546
129 148 121 145 91 182
55 59 78 84 45 68
111 115 115 121 68 91
37 46 60 72 364 409
37 41 90 97 22 45
27 37 97 109 136 182
92 96 121 127 68 91
87 92 97 103 159 182
111 115 127 133 45 68
27 37 133 145 273 318
59 64 127 133 250 273
92 101 145 157 227 273
50 55 66 72 22 45
64 69 109 115 45 68
46 50 42 48 113 136
120 129 84 97 0 45
74 83 121 133 318 364
92 101 109 121 591 637
55 64 121 133 409 455
46 50 78 84 45 68
101 111 181 194 136 182
78 83 127 133 159 182
92 101 121 133 591 637
59 64 84 90 113 136
92 96 97 103 22 45
111 129 72 97 546 637
41 46 84 90 45 68
133 138 90 97 45 68
50 55 42 48 22 45
101 111 169 181 409 455
101 106 145 151 45 68
96 101 145 151 22 45
92 101 157 169 136 182
78 83 103 109 45 68
129 138 109 121 364 409
74 83 48 60 182 227
74 92 145 169 455 546
92 101 109 121 364 409
74 78 78 84 68 91
50 55 48 54 136 159
74 83 48 60 318 364
64 74 121 133 364 409
55 64 133 145 182 227
92 101 72 84 500 546
59 64 60 66 68 91
69 74 109 115 204 227
64 69 54 60 0 22
87 92 72 78 68 91
138 148 97 109 182 227
87 92 97 103 182 204
55 59 54 60 22 45
55 64 48 60 227 273
74 78 90 97 45 68
78 83 109 115 91 113
124 129 109 115 68 91
101 111 109 121 409 455
133 138 84 90 113 136
138 148 109 121 182 227
120 129 157 169 136 182
69 74 103 109 68 91
111 120 157 169 227 273
92 96 115 121 22 45
69 74 84 90 91 113
69 74 127 133 91 113
78 83 127 133 136 159
120 129 157 169 273 318
64 69 84 90 91 113
37 46 60 72 546 591
74 92 169 194 546 637
55 64 84 97 546 591
78 83 97 103 227 250
37 46 60 72 273 318
46 50 72 78 68 91
92 96 121 127 22 45
64 69 139 145 68 91
74 83 36 48 91 136
59 64 60 66 45 68
64 69 90 97 113 136
111 120 169 181 273 318
74 83 60 72 182 227
106 111 90 97 204 227
41 46 42 48 113 136
74 83 84 97 318 364
92 96 78 84 45 68
74 78 97 103 136 159
111 120 133 145 364 409
106 111 84 90 227 250
69 74 121 127 159 182
92 96 109 115 136 159
124 129 97 103 45 68
64 74 97 109 409 455
120 129 84 97 182 227
64 74 60 72 182 227
101 106 97 103 227 250
64 74 48 60 227 273
115 120 151 157 68 91
83 87 90 97 45 68
41 46 103 109 22 45
92 96 97 103 45 68
55 64 72 84 409 455
124 129 145 151 45 68
55 64 97 109 182 227
37 46 97 109 227 273
78 83 72 78 22 45
46 50 42 48 91 113
64 69 121 127 136 159
111 120 97 109 546 591
92 96 103 109 136 159
115 120 175 181 91 113
106 111 115 121 68 91
78 83 54 60 113 136
78 83 115 121 159 182
83 87 97 103 159 182
64 69 78 84 113 136
27 32 127 133 45 68
129 138 97 109 318 364
92 101 84 97 364 409
59 64 90 97 68 91
111 115 121 127 45 68
69 74 127 133 22 45
50 55 78 84 91 113
74 78 72 78 68 91
83 92 72 84 455 500
101 111 157 169 682 728
64 74 109 121 409 455
69 74 115 121 204 227
64 74 97 109 318 364
120 124 157 163 45 68
87 92 84 90 159 182
92 96 103 109 68 91
87 92 121 127 45 68
83 87 90 97 159 182
87 92 121 127 22 45
115 120 121 127 45 68
92 101 157 169 227 273
69 74 103 109 136 159
64 69 78 84 91 113
92 96 72 78 159 182
69 74 97 103 45 68
115 120 121 127 91 113
69 74 121 127 45 68
50 55 78 84 113 136
59 64 121 127 113 136
59 64 36 42 45 68
74 83 72 84 364 409
83 87 103 109 45 68
69 74 78 84 45 68
41 46 103 109 68 91
120 124 139 145 45 68
37 46 60 72 409 455
115 120 121 127 22 45
129 133 109 115 68 91
37 46 60 72 318 364
129 138 109 121 318 364
50 55 78 84 45 68
69 74 109 115 22 45
92 101 72 84 273 318
78 83 42 48 45 68
101 111 157 169 409 455
111 115 175 181 68 91
78 83 54 60 45 68
92 101 72 84 318 364
74 83 133 145 227 273
64 69 127 133 136 159
78 83 103 109 22 45
87 92 78 84 68 91
92 96 90 97 22 45
115 120 115 121 68 91
96 101 109 115 91 113
92 101 121 133 637 682
87 92 97 103 22 45
87 92 90 97 159 182
69 74 97 103 136 159
9 18 133 145 0 45
46 55 84 97 364 409
138 143 109 115 159 182
96 101 121 127 68 91
92 101 97 109 637 682
0 18 121 145 182 273
69 74 84 90 136 159
101 106 97 103 68 91
74 78 90 97 91 113
59 64 84 90 22 45
69 74 90 97 22 45
59 64 97 103 45 68
87 92 90 97 68 91
46 50 66 72 113 136
46 50 60 66 0 22
92 96 121 127 45 68
92 101 72 84 591 637
111 115 175 181 91 113
106 111 127 133 159 182
55 74 0 24 91 182
129 138 109 121 409 455
96 101 115 121 136 159
64 74 145 157 0 45
18 37 97 121 273 364
87 92 157 163 45 68
37 46 36 48 182 227
96 101 109 115 159 182
59 64 48 54 45 68
55 64 84 97 500 546
27 32 90 97 68 91
50 55 72 78 68 91
106 111 127 133 136 159
92 96 78 84 159 182
92 96 115 121 91 113
92 101 97 109 682 728
46 55 97 109 227 273
74 83 97 109 409 455
87 92 103 109 22 45
101 106 163 169 22 45
64 69 90 97 0 22
87 92 84 90 68 91
46 55 121 133 136 182
120 129 145 157 546 591
55 64 24 36 91 136
115 120 133 139 22 45
87 92 121 127 113 136
83 92 72 84 364 409
87 92 103 109 204 227
129 138 84 97 182 227
106 111 109 115 22 45
50 55 42 48 45 68
74 83 109 121 364 409
92 96 72 78 45 68
106 111 121 127 68 91
83 92 133 145 273 318
43 46 45 48 33 45
106 111 109 115 204 227
64 69 127 133 68 91
111 115 121 127 91 113
78 83 127 133 45 68
55 64 121 133 546 591
111 115 151 157 45 68
101 106 109 115 136 159
55 64 12 24 0 45
138 148 84 97 273 318
87 92 157 163 91 113
120 129 145 157 409 455
87 92 109 115 91 113
92 101 121 133 546 591
115 120 145 151 22 45
27 37 84 97 318 364
64 69 103 109 45 68
74 83 157 169 136 182
37 46 133 145 227 273
83 92 97 109 682 728
138 143 109 115 136 159
120 129 157 169 318 364
129 138 84 97 318 364
41 46 48 54 136 159
37 55 121 145 637 728
83 92 72 84 409 455
133 138 103 109 45 68
92 96 78 84 113 136
64 69 115 121 68 91
78 83 60 66 91 113
69 74 121 127 91 113
101 111 169 181 591 637
96 101 103 109 22 45
101 111 181 194 91 136
32 37 90 97 22 45
55 64 109 121 318 364
87 92 115 121 45 68
64 74 36 48 136 182
50 55 72 78 45 68
78 83 60 66 113 136
129 138 84 97 273 318
106 111 84 90 159 182
92 101 84 97 409 455
78 83 97 103 159 182
83 87 103 109 91 113
101 106 175 181 22 45
120 129 109 121 182 227
50 55 48 54 113 136
55 64 84 97 318 364
87 92 139 145 45 68
92 101 145 157 318 364
64 69 109 115 22 45
92 101 121 133 409 455
92 101 109 121 500 546
46 50 84 90 68 91
64 69 115 121 136 159
64 69 90 97 91 113
78 83 103 109 136 159
74 78 121 127 159 182
83 87 109 115 68 91
120 124 103 109 45 68
46 50 60 66 136 159
37 41 97 103 22 45
46 50 66 72 91 113
106 111 121 127 159 182
37 41 60 66 113 136
64 74 157 169 91 136
120 129 109 121 364 409
101 106 121 127 91 113
64 74 169 181 136 182
59 64 121 127 91 113
69 74 78 84 22 45
138 143 84 90 68 91
74 78 84 90 45 68
74 78 78 84 45 68
120 124 145 151 45 68
74 78 127 133 45 68
138 143 97 103 68 91
55 59 66 72 68 91
59 64 115 121 91 113
92 96 103 109 91 113
120 129 157 169 227 273
92 96 78 84 68 91
55 59 60 66 68 91
55 64 133 145 136 182
37 46 60 72 500 546
92 96 127 133 22 45
120 129 145 157 182 227
106 111 84 90 204 227
83 87 103 109 182 204
83 87 139 145 45 68
64 69 84 90 0 22
55 74 48 72 637 728
120 124 145 151 68 91
111 129 72 97 455 546
83 87 97 103 136 159
133 138 109 115 136 159
120 129 145 157 318 364
37 46 133 145 136 182
96 101 78 84 45 68
101 111 84 97 546 591
111 120 97 109 364 409
46 55 121 133 227 273
133 138 84 90 250 273
96 101 103 109 45 68
74 78 84 90 91 113
83 92 84 97 409 455
46 50 78 84 91 113
133 138 103 109 91 113
96 101 90 97 68 91
111 120 121 133 364 409
96 101 78 84 113 136
101 106 127 133 136 159
55 64 60 72 273 318
64 69 97 103 68 91
74 78 127 133 159 182
120 129 97 109 409 455
46 55 60 72 364 409
64 69 78 84 22 45
87 92 78 84 204 227
106 111 169 175 45 68
101 106 115 121 68 91
87 92 115 121 22 45
101 111 84 97 500 546
74 78 103 109 22 45
101 106 84 90 136 159
87 92 72 78 204 227
78 83 109 115 159 182
41 46 60 66 0 22
59 64 54 60 0 22
37 55 121 145 546 637
78 83 72 78 204 227
138 143 103 109 68 91
78 83 103 109 91 113
101 111 121 133 364 409
64 69 115 121 250 273
74 78 90 97 22 45
83 87 97 103 227 250
74 78 109 115 91 113
74 92 145 169 637 728
32 37 97 103 45 68
106 111 115 121 136 159
129 148 145 169 91 182
138 148 97 109 455 500
74 78 54 60 136 159
120 129 84 97 91 136
87 92 109 115 136 159
115 120 127 133 45 68
74 78 163 169 45 68
37 46 133 145 182 227
83 92 133 145 318 364
120 129 133 145 409 455
64 74 84 97 455 500
120 129 145 157 455 500
55 64 72 84 273 318
64 74 72 84 318 364
41 46 54 60 22 45
64 69 103 109 136 159
87 92 72 78 136 159
83 87 103 109 159 182
87 92 121 127 159 182
111 115 181 187 68 91
124 129 103 109 22 45
18 27 133 145 273 318
64 69 109 115 68 91
138 148 109 121 318 364
69 74 90 97 91 113
129 138 72 84 136 182
87 92 72 78 0 22
115 120 139 145 136 159
83 87 139 145 136 159
101 106 115 121 0 22
83 92 97 109 591 637
74 83 109 121 682 728
69 74 78 84 227 250
74 78 109 115 68 91
83 87 78 84 159 182
111 120 145 157 318 364
55 74 0 24 182 273
96 101 127 133 0 22
101 106 121 127 68 91
74 83 121 133 364 409
101 111 157 169 318 364
120 129 97 109 591 637
69 74 103 109 45 68
46 50 103 109 45 68
106 111 84 90 45 68
83 87 115 121 136 159
78 83 66 72 45 68
46 50 60 66 159 182
64 69 133 139 45 68
37 41 60 66 91 113
74 111 0 48 364 546
69 74 133 139 91 113
43 46 45 48 45 56
64 69 121 127 227 250
115 120 175 181 68 91
111 120 121 133 409 455
133 138 109 115 227 250
64 69 121 127 91 113
69 74 109 115 159 182
96 101 121 127 91 113
74 78 54 60 91 113
120 124 151 157 22 45
101 106 127 133 0 22
74 83 97 109 546 591
87 92 78 84 182 204
64 74 72 84 591 637
37 55 97 121 455 546
120 129 121 133 273 318
120 129 145 157 273 318
50 55 84 90 45 68
74 78 109 115 45 68
92 96 72 78 22 45
74 92 169 194 455 546
133 138 103 109 68 91
74 78 84 90 22 45
50 55 84 90 22 45
101 111 121 133 637 682
101 111 145 157 318 364
64 74 133 145 409 455
37 46 72 84 182 227
41 46 97 103 136 159
55 64 121 133 500 546
59 64 127 133 227 250
101 111 133 145 136 182
74 78 133 139 45 68
46 55 60 72 546 591
120 129 133 145 364 409
59 64 109 115 136 159
78 83 109 115 22 45
111 120 157 169 182 227
115 120 139 145 68 91
50 55 97 103 22 45
120 129 133 145 273 318
78 83 72 78 182 204
46 50 72 78 91 113
124 129 97 103 22 45
41 46 72 78 68 91
120 129 121 133 227 273
124 129 151 157 45 68
92 96 103 109 204 227
87 92 97 103 204 227
64 69 115 121 22 45
87 92 97 103 68 91
101 111 109 121 591 637
115 120 151 157 22 45
64 69 78 84 250 273
46 55 60 72 500 546
101 111 157 169 546 591
59 64 84 90 159 182
92 96 97 103 68 91
69 74 72 78 91 113
69 74 133 139 45 68
46 50 97 103 22 45
41 46 103 109 45 68
115 120 133 139 45 68
59 64 103 109 45 68
55 59 127 133 136 159
129 148 121 145 0 91
83 87 97 103 45 68
92 96 90 97 68 91
50 55 97 103 0 22
101 111 97 109 637 682
101 106 169 175 45 68
55 59 78 84 68 91
74 78 97 103 227 250
78 83 103 109 113 136
83 92 121 133 591 637
129 133 109 115 45 68
111 115 151 157 68 91
46 50 48 54 204 227
83 92 133 145 500 546
120 129 145 157 364 409
87 92 78 84 136 159
120 129 97 109 318 364
69 74 97 103 68 91
74 83 84 97 546 591
59 64 97 103 22 45
101 111 84 97 637 682
87 92 157 163 0 22
115 120 139 145 45 68
64 74 60 72 136 182
101 106 151 157 68 91
101 106 151 157 45 68
106 111 181 187 68 91
120 129 157 169 182 227
115 120 133 139 136 159
41 46 97 103 113 136
74 83 133 145 182 227
78 83 103 109 227 250
64 74 145 157 136 182
120 124 133 139 45 68
111 115 97 103 159 182
78 83 127 133 68 91
83 87 127 133 136 159
133 138 109 115 45 68
64 69 121 127 68 91
111 115 121 127 68 91
69 74 121 127 68 91
120 124 139 145 68 91
138 143 103 109 45 68
50 55 54 60 68 91
50 55 60 66 0 22
46 55 97 109 182 227
96 101 157 163 68 91
96 101 151 157 159 182
111 115 115 121 22 45
129 138 97 109 409 455
27 37 121 133 182 227
46 50 48 54 0 22
96 101 151 157 45 68
59 64 109 115 68 91
87 92 145 151 45 68
64 69 103 109 22 45
78 83 78 84 22 45
32 37 127 133 45 68
106 111 109 115 136 159
120 124 145 151 250 273
120 124 151 157 68 91
59 64 78 84 22 45
78 83 115 121 91 113
101 106 115 121 91 113
78 83 97 103 91 113
69 74 97 103 113 136
83 87 121 127 159 182
101 111 109 121 364 409
115 120 157 163 45 68
46 50 97 103 91 113
115 120 145 151 45 68
106 111 121 127 91 113
78 83 121 127 159 182
138 143 109 115 91 113
37 46 97 109 318 364
92 101 157 169 273 318
55 64 60 72 318 364
64 69 60 66 91 113
46 48 45 48 33 45
64 69 90 97 159 182
83 87 145 151 45 68
92 101 145 157 273 318
64 69 121 127 159 182
69 74 54 60 22 45
124 129 139 145 45 68
92 111 48 72 182 273
133 138 115 121 91 113
43 46 48 51 45 56
59 64 121 127 227 250
106 111 90 97 136 159
87 92 97 103 295 318
133 138 109 115 22 45
83 92 109 121 682 728
27 37 121 133 136 182
83 87 121 127 113 136
83 87 90 97 136 159
101 111 121 133 591 637
83 87 97 103 68 91
106 111 115 121 0 22
46 55 48 60 591 637
55 64 109 121 273 318
64 69 90 97 250 273
55 64 36 48 136 182
101 106 145 151 22 45
64 69 127 133 250 273
78 83 97 103 113 136
74 83 84 97 591 637
111 115 121 127 22 45
101 111 121 133 500 546
83 92 157 169 227 273
96 101 109 115 136 159
74 83 84 97 409 455
50 55 103 109 45 68
64 69 54 60 68 91
138 143 97 103 113 136
46 55 72 84 273 318
32 37 127 133 68 91
64 69 103 109 68 91
83 87 151 157 22 45
124 129 157 163 45 68
41 46 48 54 0 22
41 46 103 109 136 159
87 92 90 97 22 45
74 78 103 109 45 68
74 78 84 90 68 91
55 59 78 84 113 136
55 64 72 84 318 364
87 92 121 127 91 113
115 120 115 121 45 68
83 87 90 97 22 45
96 101 109 115 0 22
69 74 121 127 204 227
101 106 103 109 22 45
111 120 109 121 318 364
120 124 109 115 45 68
129 148 72 97 455 546
18 37 72 97 546 637
64 69 90 97 136 159
37 41 66 72 45 68
46 50 90 97 91 113
55 64 97 109 273 318
55 64 133 145 409 455
101 106 157 163 182 204
92 96 121 127 91 113
138 148 84 97 136 182
50 55 54 60 91 113
87 92 84 90 204 227
83 87 157 163 45 68
46 50 97 103 0 22
59 64 78 84 113 136
87 92 115 121 136 159
96 101 127 133 68 91
64 69 97 103 91 113
64 74 133 145 364 409
87 92 90 97 136 159
101 106 78 84 136 159
106 111 169 175 0 22
83 92 109 121 364 409
59 64 72 78 22 45
74 78 97 103 113 136
74 78 109 115 22 45
92 96 90 97 91 113
64 69 127 133 227 250
106 111 151 157 22 45
64 74 97 109 591 637
83 92 84 97 591 637
69 74 78 84 113 136
50 55 109 115 45 68
59 64 84 90 91 113
55 59 36 42 45 68
133 138 90 97 68 91
106 111 103 109 91 113
111 115 127 133 159 182
64 69 109 115 204 227
69 74 90 97 227 250
120 129 169 181 0 45
69 74 78 84 136 159
92 96 84 90 68 91
74 83 145 157 318 364
50 55 84 90 91 113
41 46 54 60 45 68
64 74 36 48 91 136
106 111 145 151 22 45
27 32 90 97 45 68
129 133 84 90 45 68
74 78 103 109 136 159
120 124 163 169 45 68
138 148 97 109 318 364
111 120 97 109 318 364
101 106 121 127 0 22
50 55 66 72 91 113
115 120 145 151 113 136
83 92 48 60 273 318
115 120 181 187 45 68
37 55 24 48 273 364
59 64 115 121 136 159
115 120 121 127 68 91
101 106 115 121 204 227
78 83 90 97 159 182
83 87 127 133 68 91
83 87 127 133 45 68
83 87 54 60 45 68
106 111 109 115 250 273
115 120 115 121 22 45
115 120 175 181 22 45
41 46 84 90 91 113
87 92 151 157 68 91
92 101 72 84 409 455
69 74 109 115 68 91
106 111 103 109 45 68
43 46 63 66 22 33
55 64 72 84 364 409
96 101 103 109 159 182
37 46 48 60 273 318
78 83 103 109 159 182
83 92 60 72 273 318
37 41 97 103 113 136
27 32 133 139 68 91
129 148 145 169 0 91
106 111 90 97 227 250
106 111 97 103 159 182
83 87 151 157 68 91
83 87 103 109 227 250
111 120 133 145 409 455
41 46 97 103 0 22
101 111 97 109 455 500
46 55 133 145 0 45
37 41 60 66 68 91
83 87 54 60 68 91
64 69 60 66 68 91
101 111 121 133 409 455
78 83 90 97 182 204
124 129 145 151 91 113
87 92 97 103 227 250
133 138 90 97 113 136
120 124 145 151 91 113
41 46 54 60 91 113
133 138 109 115 68 91
55 59 127 133 113 136
69 74 109 115 136 159
74 83 84 97 364 409
133 138 97 103 45 68
96 101 90 97 91 113
115 120 133 139 159 182
18 27 133 145 182 227
83 92 157 169 409 455
111 120 157 169 364 409
92 96 127 133 68 91
78 83 90 97 113 136
115 120 127 133 136 159
106 111 121 127 0 22
74 78 127 133 91 113
106 111 97 103 204 227
106 111 103 109 159 182
111 120 181 194 182 227
64 69 72 78 91 113
111 115 127 133 22 45
41 46 90 97 113 136
27 37 121 133 227 273
59 64 127 133 0 22
74 78 54 60 45 68
101 106 84 90 204 227
83 87 78 84 204 227
111 115 157 163 22 45
96 101 169 175 45 68
111 115 145 151 45 68
101 106 84 90 250 273
92 101 84 97 455 500
92 96 72 78 68 91
96 101 103 109 68 91
83 87 127 133 159 182
92 96 145 151 22 45
106 111 163 169 45 68
83 87 90 97 68 91
115 120 157 163 22 45
83 87 103 109 68 91
37 55 0 24 0 91
37 46 60 72 591 637
101 106 157 163 250 273
69 74 60 66 45 68
46 50 66 72 0 22
101 111 84 97 409 455
106 111 109 115 227 250
101 106 127 133 113 136
96 101 84 90 136 159
106 111 84 90 113 136
87 92 72 78 113 136
101 106 78 84 91 113
83 87 97 103 91 113
64 74 97 109 637 682
69 74 84 90 0 22
74 83 97 109 455 500
69 74 90 97 113 136
87 92 121 127 136 159
96 101 127 133 159 182
133 138 115 121 68 91
101 106 72 78 22 45
101 106 90 97 68 91
74 78 103 109 91 113
64 69 115 121 204 227
64 74 72 84 500 546
92 101 169 181 227 273
124 129 133 139 45 68
59 64 66 72 91 113
101 111 181 194 591 637
96 101 127 133 91 113
106 111 157 163 0 22
101 106 115 121 136 159
83 87 109 115 159 182
64 69 60 66 45 68
120 124 145 151 22 45
46 55 121 133 182 227
115 120 181 187 22 45
46 55 36 48 227 273
111 115 115 121 45 68
41 46 84 90 136 159
87 92 72 78 227 250
83 87 103 109 22 45
83 87 84 90 22 45
55 64 60 72 182 227
92 96 84 90 204 227
92 96 115 121 136 159
138 143 115 121 91 113
74 83 157 169 273 318
106 111 157 163 68 91
64 69 84 90 159 182
64 69 133 139 113 136
59 64 54 60 68 91
87 92 127 133 159 182
27 32 133 139 113 136
138 148 84 97 182 227
106 111 103 109 250 273
78 83 78 84 68 91
64 69 115 121 227 250
55 59 127 133 91 113
69 74 121 127 22 45
92 101 121 133 500 546
92 96 90 97 113 136
120 129 97 109 273 318
101 111 109 121 500 546
59 64 48 54 68 91
96 101 103 109 500 523
111 120 157 169 273 318
111 120 181 194 227 273
74 83 72 84 546 591
48 50 45 48 33 45
129 138 97 109 364 409
101 106 97 103 22 45
111 115 127 133 91 113
138 143 103 109 91 113
101 111 121 133 546 591
83 92 109 121 637 682
55 59 115 121 91 113
78 83 97 103 318 341
101 106 78 84 45 68
55 59 115 121 68 91
96 101 115 121 227 250
87 92 151 157 0 22
74 83 121 133 409 455
143 148 103 109 91 113
78 83 103 109 0 22
83 92 48 60 136 182
78 83 60 66 45 68
83 92 60 72 182 227
55 59 84 90 22 45
64 69 60 66 22 45
74 78 109 115 159 182
18 27 133 145 136 182
101 106 157 163 0 22
78 83 121 127 227 250
39 41 97 100 79 91
101 106 121 127 159 182
64 74 121 133 591 637
64 69 127 133 159 182
37 41 90 97 136 159
96 101 115 121 22 45
55 64 121 133 455 500
41 46 54 60 113 136
59 64 78 84 159 182
83 87 103 109 136 159
83 87 103 109 113 136
101 106 90 97 91 113
106 111 127 133 0 22
87 92 97 103 136 159
41 46 66 72 0 22
101 111 109 121 682 728
55 59 115 121 22 45
64 69 115 121 159 182
92 101 72 84 455 500
64 69 72 78 273 295
83 87 78 84 22 45
106 111 90 97 45 68
87 92 78 84 91 113
64 69 103 109 91 113
69 74 115 121 22 45
92 101 84 97 591 637
78 83 109 115 0 22
106 111 115 121 204 227
101 106 90 97 22 45
96 101 145 151 91 113
87 92 103 109 68 91
46 50 97 103 113 136
41 46 84 90 22 45
115 120 145 151 250 273
43 46 63 66 56 68
37 46 72 84 273 318
96 101 145 151 159 182
101 111 109 121 637 682
64 74 109 121 273 318
55 59 48 54 22 45
101 106 157 163 91 113
115 120 163 169 45 68
92 96 127 133 45 68
55 59 97 103 45 68
92 101 72 84 546 591
46 55 84 97 273 318
27 32 90 97 22 45
96 101 97 103 227 250
120 124 139 145 22 45
43 46 100 103 79 91
111 115 115 121 91 113
78 83 109 115 136 159
74 83 60 72 318 364
120 124 133 139 159 182
96 101 72 78 227 250
106 111 145 151 68 91
55 59 72 78 68 91
92 101 84 97 637 682
64 74 145 157 182 227
111 120 109 121 500 546
87 92 72 78 182 204
78 83 133 139 45 68
96 101 84 90 68 91
59 64 48 54 22 45
111 115 115 121 113 136
106 111 163 169 0 22
92 96 157 163 68 91
96 101 103 109 523 546
64 74 72 84 546 591
69 74 103 109 113 136
106 111 145 151 45 68
50 55 78 84 22 45
115 120 109 115 45 68
69 74 139 145 68 91
64 74 133 145 546 591
50 55 90 97 91 113
101 111 145 157 682 728
101 106 109 115 68 91
101 106 169 175 0 22
83 92 121 133 546 591
92 96 115 121 295 318
78 83 48 54 91 113
74 78 121 127 22 45
120 129 84 97 136 182
74 78 78 84 22 45
55 59 97 103 68 91
115 120 169 175 45 68
69 74 127 133 204 227
111 115 169 175 22 45
96 101 72 78 91 113
37 39 97 100 79 91
55 59 121 127 159 182
83 87 115 121 45 68
124 129 109 115 136 159
74 78 121 127 45 68
83 87 97 103 204 227
120 124 139 145 136 159
64 69 97 103 159 182
106 111 84 90 91 113
87 92 103 109 113 136
50 55 60 66 113 136
87 92 163 169 22 45
55 59 127 133 45 68
74 78 127 133 68 91
83 92 36 48 45 91
74 78 127 133 204 227
69 74 121 127 0 22
74 83 84 97 455 500
133 138 97 103 91 113
55 59 66 72 91 113
69 74 115 121 136 159
41 43 100 103 79 91
55 59 121 127 68 91
46 55 36 48 182 227
64 69 78 84 136 159
78 83 42 48 68 91
87 92 151 157 22 45
55 59 97 103 22 45
78 83 78 84 227 250
64 69 84 90 250 273
92 96 84 90 182 204
87 92 78 84 250 273
115 120 103 109 45 68
37 55 24 48 546 637
69 74 139 145 45 68
74 78 97 103 22 45
50 55 90 97 45 68
101 111 84 97 455 500
64 74 145 157 91 136
96 101 115 121 182 204
87 92 84 90 91 113
69 74 115 121 159 182
87 92 157 163 68 91
32 37 84 90 45 68
59 64 109 115 22 45
138 143 115 121 68 91
37 46 121 133 182 227
101 106 90 97 136 159
83 92 97 109 546 591
55 74 24 48 637 728
101 106 151 157 159 182
111 120 121 133 546 591
120 129 169 181 91 136
111 120 145 157 409 455
46 55 97 109 318 364
96 101 97 103 91 113
69 74 127 133 68 91
43 46 45 48 22 33
101 106 115 121 159 182
87 92 109 115 22 45
74 83 97 109 591 637
64 74 84 97 364 409
50 55 48 54 0 22
115 120 115 121 91 113
50 55 66 72 136 159
59 64 127 133 182 204
138 143 84 90 45 68
64 69 127 133 0 22
83 92 121 133 409 455
83 92 84 97 637 682
43 46 60 63 22 33
83 87 97 103 113 136
111 115 145 151 68 91
78 83 133 139 68 91
92 101 121 133 364 409
101 106 145 151 68 91
64 69 90 97 227 250
115 120 133 139 68 91
96 101 157 163 45 68
37 46 72 84 227 273
43 46 63 66 33 45
138 148 84 97 318 364
50 55 84 90 68 91
50 55 48 54 159 182
46 55 72 84 546 591
143 148 97 103 113 136
66 69 93 97 45 56
111 115 133 139 22 45
64 69 97 103 136 159
69 74 121 127 136 159
96 101 145 151 113 136
129 133 109 115 22 45
78 83 109 115 227 250
55 59 66 72 22 45
64 74 109 121 682 728
87 92 72 78 91 113
83 92 145 157 364 409
133 138 109 115 91 113
87 92 139 145 68 91
133 138 78 84 68 91
87 92 151 157 91 113
101 106 109 115 0 22
55 64 97 109 546 591
92 96 84 90 113 136
74 78 139 145 45 68
32 37 133 139 113 136
48 50 63 66 56 68
78 83 103 109 318 341
133 138 78 84 45 68
55 59 48 54 45 68
46 55 109 121 364 409
74 83 121 133 546 591
83 87 90 97 91 113
120 124 133 139 22 45
64 69 48 54 45 68
87 92 90 97 113 136
64 74 72 84 409 455
111 115 115 121 0 22
43 46 42 45 33 45
96 101 72 78 68 91
41 46 103 109 91 113
55 64 24 36 0 45
55 59 115 121 45 68
69 74 109 115 91 113
106 111 115 121 159 182
59 64 60 66 91 113
138 148 72 84 91 136
83 92 97 109 637 682
115 120 151 157 227 250
69 74 84 90 113 136
43 46 63 66 45 56
64 74 121 133 409 455
87 92 109 115 182 204
46 48 48 51 33 45
46 50 48 54 159 182
46 50 66 72 159 182
64 69 48 54 22 45
74 78 90 97 136 159
78 83 48 54 0 22
64 74 157 169 136 182
106 111 163 169 68 91
92 96 157 163 45 68
46 50 66 72 227 250
78 83 78 84 113 136
78 83 97 103 22 45
115 120 139 145 0 22
55 74 169 194 273 364
115 120 163 169 22 45
83 87 151 157 0 22
59 64 90 97 91 113
78 83 72 78 159 182
41 46 48 54 159 182
74 78 72 78 22 45
64 69 133 139 91 113
101 111 145 157 500 546
124 129 115 121 91 113
92 101 121 133 682 728
74 78 78 84 0 22
101 106 84 90 68 91
46 55 84 97 318 364
55 59 127 133 68 91
41 43 97 100 79 91
59 64 90 97 250 273
83 87 121 127 91 113
69 74 127 133 159 182
92 101 72 84 364 409
124 129 133 139 136 159
115 120 127 133 91 113
92 96 145 151 68 91
46 50 97 103 68 91
87 92 72 78 250 273
92 96 78 84 136 159
59 64 97 103 68 91
41 46 66 72 159 182
129 138 97 109 455 500
74 83 60 72 227 273
129 148 145 169 182 273
111 120 145 157 546 591
78 83 115 121 136 159
106 111 78 84 159 182
106 111 115 121 91 113
96 101 78 84 68 91
101 111 181 194 182 227
41 46 54 60 68 91
101 111 133 145 91 136
92 101 157 169 182 227
74 83 145 157 182 227
41 46 66 72 136 159
87 92 66 72 45 68
87 92 103 109 227 250
74 78 121 127 136 159
106 111 175 181 0 22
46 55 97 109 273 318
115 120 115 121 113 136
138 143 115 121 136 159
64 69 84 90 136 159
106 111 121 127 204 227
69 74 90 97 136 159
74 78 97 103 45 68
59 64 90 97 0 22
106 111 109 115 91 113
115 120 127 133 68 91
106 111 115 121 113 136
101 106 90 97 113 136
92 96 115 121 227 250
115 120 151 157 0 22
55 59 127 133 159 182
124 129 103 109 91 113
96 101 109 115 204 227
106 111 90 97 159 182
78 83 48 54 45 68
92 101 133 145 318 364
78 83 48 54 68 91
37 41 60 66 159 182
50 55 97 103 68 91
69 74 78 84 0 22
46 50 48 54 182 204
46 50 66 72 136 159
92 96 72 78 136 159
101 106 90 97 45 68
69 74 90 97 0 22
64 69 66 72 91 113
133 138 109 115 159 182
41 46 103 109 0 22
96 101 72 78 0 22
96 101 115 121 113 136
101 106 84 90 159 182
78 83 103 109 250 273
92 96 151 157 45 68
101 106 163 169 68 91
96 101 78 84 136 159
74 78 78 84 91 113
27 37 72 84 45 91
74 78 115 121 45 68
64 74 24 36 91 136
78 83 115 121 45 68
78 83 121 127 22 45
83 87 103 109 204 227
115 120 169 175 22 45
96 101 84 90 227 250
55 64 109 121 409 455
27 32 97 103 45 68
101 106 163 169 113 136
106 111 115 121 227 250
64 74 84 97 500 546
55 59 66 72 45 68
115 120 121 127 0 22
83 87 72 78 0 22
74 78 84 90 136 159
55 74 24 48 546 637
101 106 97 103 136 159
78 83 103 109 204 227
55 59 78 84 91 113
46 48 45 48 22 33
92 96 72 78 0 22
78 83 48 54 22 45
92 101 109 121 409 455
55 64 109 121 546 591
55 59 84 90 45 68
106 111 97 103 227 250
92 96 78 84 91 113
43 46 48 51 56 68
78 83 97 103 204 227
78 83 115 121 227 250
111 115 121 127 0 22
92 96 115 121 204 227
78 83 127 133 22 45
50 55 90 97 22 45
120 124 115 121 91 113
18 27 121 133 91 136
101 111 157 169 591 637
64 74 72 84 455 500
46 55 48 60 500 546
83 87 115 121 68 91
43 46 60 63 56 68
55 59 121 127 91 113
133 138 90 97 250 273
83 87 90 97 113 136
64 69 133 139 68 91
78 83 163 169 45 68
115 120 145 151 91 113
78 83 54 60 68 91
106 111 97 103 250 273
64 74 133 145 318 364
92 96 109 115 113 136
87 92 84 90 136 159
69 74 103 109 159 182
55 64 72 84 500 546
64 74 133 145 500 546
96 101 84 90 182 204
69 74 90 97 159 182
111 115 175 181 0 22
111 115 139 145 22 45
74 78 103 109 159 182
101 106 78 84 68 91
46 55 97 109 364 409
48 50 48 51 33 45
74 78 103 109 113 136
106 111 90 97 250 273
55 59 115 121 136 159
78 83 54 60 22 45
55 59 109 115 136 159
50 55 48 54 204 227
37 41 84 90 68 91
78 83 84 90 22 45
120 129 84 97 273 318
59 64 90 97 113 136
106 111 103 109 432 455
101 106 115 121 227 250
87 92 145 151 22 45
83 92 109 121 546 591
133 138 115 121 22 45
92 96 97 103 250 273
46 55 72 84 364 409
50 55 97 103 91 113
92 101 133 145 273 318
101 106 151 157 136 159
74 78 66 72 45 68
83 92 157 169 182 227
96 101 84 90 204 227
101 106 90 97 250 273
92 96 145 151 45 68
129 133 97 103 45 68
92 101 97 109 455 500
55 64 121 133 591 637
50 55 84 90 0 22
64 69 90 97 295 318
64 74 121 133 455 500
124 129 115 121 113 136
92 101 157 169 637 682
69 74 48 54 22 45
96 101 103 109 113 136
120 129 97 109 500 546
138 143 115 121 113 136
92 96 97 103 159 182
87 92 90 97 91 113
111 115 121 127 204 227
83 92 145 157 273 318
124 129 133 139 22 45
55 59 84 90 91 113
59 64 84 90 250 273
92 96 84 90 227 250
55 64 109 121 500 546
69 74 139 145 227 250
101 106 169 175 113 136
96 101 127 133 250 273
101 111 169 181 455 500
111 120 109 121 591 637
101 111 145 157 273 318
39 41 100 103 79 91
124 129 145 151 250 273
46 50 84 90 45 68
78 83 36 42 45 68
64 69 133 139 227 250
96 101 115 121 295 318
101 106 109 115 113 136
78 83 72 78 68 91
111 115 121 127 136 159
106 111 84 90 136 159
74 78 78 84 136 159
101 106 109 115 204 227
92 96 103 109 113 136
106 111 84 90 68 91
101 106 90 97 227 250
74 78 72 78 204 227
46 55 48 60 455 500
55 64 48 60 273 318
87 92 84 90 182 204
92 96 109 115 227 250
129 133 109 115 136 159
92 96 84 90 159 182
78 83 139 145 45 68
111 115 121 127 182 204
64 69 109 115 227 250
55 64 48 60 318 364
133 138 115 121 136 159
59 64 84 90 136 159
120 129 145 157 682 728
59 64 84 90 227 250
46 48 63 66 22 33
96 101 90 97 113 136
64 74 72 84 637 682
101 106 103 109 45 68
48 50 66 69 33 45
87 92 139 145 136 159
37 41 103 109 22 45
120 129 109 121 318 364
87 92 66 72 68 91
96 101 169 175 68 91
55 59 72 78 45 68
43 46 60 63 33 45
46 48 63 66 56 68
143 148 97 103 45 68
101 106 90 97 204 227
106 111 90 97 68 91
83 87 78 84 227 250
92 101 145 157 364 409
59 64 103 109 68 91
138 148 97 109 409 455
83 87 84 90 159 182
74 78 127 133 136 159
64 69 109 115 159 182
101 106 72 78 45 68
96 101 127 133 45 68
64 69 115 121 113 136
69 74 97 103 91 113
37 41 90 97 159 182
120 124 157 163 68 91
96 101 72 78 113 136
64 74 84 97 682 728
64 74 84 97 637 682
46 55 72 84 318 364
83 87 78 84 68 91
101 106 121 127 113 136
55 59 109 115 68 91
46 55 84 97 182 227
55 64 133 145 364 409
78 83 72 78 0 22
83 87 97 103 22 45
59 64 115 121 159 182
83 87 72 78 136 159
74 78 60 66 113 136
120 124 133 139 68 91
74 83 72 84 318 364
69 74 133 139 22 45
69 74 127 133 0 22
64 69 127 133 182 204
120 124 97 103 68 91
83 87 97 103 182 204
92 96 84 90 136 159
111 115 157 163 45 68
69 74 115 121 227 250
55 64 72 84 682 728
46 48 66 69 33 45
74 78 115 121 227 250
55 59 78 84 22 45
43 46 97 100 79 91
98 101 93 97 56 68
83 92 84 97 455 500
69 74 84 90 227 250
78 83 97 103 0 22
74 78 115 121 22 45
120 124 109 115 136 159
43 46 45 48 56 68
55 59 48 54 91 113
87 92 109 115 113 136
48 50 45 48 22 33
96 101 103 109 0 22
96 101 127 133 113 136
96 101 103 109 136 159
115 120 145 151 0 22
59 64 121 127 182 204
96 101 121 127 159 182
69 74 72 78 273 295
120 124 151 157 0 22
78 83 121 127 45 68
111 120 157 169 591 637
133 138 90 97 91 113
101 106 103 109 159 182
96 101 121 127 0 22
69 74 127 133 113 136
46 50 90 97 45 68
115 120 90 97 91 113
37 41 90 97 0 22
101 106 163 169 0 22
41 46 54 60 136 159
143 148 103 109 68 91
120 129 109 121 455 500
101 106 97 103 91 113
87 92 84 90 113 136
83 87 72 78 159 182
92 101 72 84 637 682
129 138 109 121 182 227
92 96 103 109 227 250
78 83 78 84 159 182
129 133 103 109 45 68
101 106 103 109 204 227
124 129 109 115 91 113
92 101 169 181 182 227
124 129 97 103 113 136
83 87 127 133 113 136
106 111 175 181 68 91
78 83 115 121 0 22
78 83 60 66 68 91
55 59 84 90 159 182
83 87 151 157 91 113
96 101 175 181 45 68
92 96 121 127 227 250
96 101 90 97 227 250
106 111 90 97 182 204
101 111 145 157 546 591
83 87 157 163 68 91
69 74 84 90 159 182
96 101 121 127 227 250
106 111 84 90 250 273
78 83 72 78 113 136
101 111 97 109 682 728
87 92 115 121 91 113
92 96 97 103 0 22
124 129 103 109 68 91
111 115 121 127 159 182
37 41 66 72 22 45
101 106 121 127 136 159
59 64 54 60 113 136
74 78 103 109 0 22
55 64 133 145 318 364
74 78 103 109 182 204
120 124 145 151 136 159
87 92 115 121 227 250
101 106 103 109 136 159
92 96 78 84 204 227
92 96 97 103 204 227
138 143 109 115 68 91
96 101 78 84 250 273
74 92 169 194 637 728
83 87 78 84 91 113
83 87 127 133 22 45
55 64 133 145 546 591
69 74 109 115 227 250
69 74 139 145 22 45
92 111 48 72 546 637
46 50 90 97 22 45
124 129 145 151 227 250
120 129 121 133 364 409
59 64 121 127 250 273
69 74 115 121 0 22
74 78 127 133 182 204
96 101 109 115 227 250
101 106 84 90 182 204
78 83 121 127 136 159
37 41 54 60 113 136
138 143 109 115 113 136
74 78 97 103 182 204
64 69 133 139 250 273
27 32 133 139 0 22
69 74 66 72 68 91
50 55 97 103 113 136
43 46 63 66 113 124
115 120 151 157 91 113
115 120 169 175 91 113
92 96 90 97 136 159
124 129 157 163 68 91
143 148 97 103 68 91
87 92 163 169 113 136
96 101 151 157 113 136
106 111 109 115 159 182
115 120 121 127 204 227
74 78 97 103 91 113
83 87 72 78 113 136
37 41 103 109 68 91
50 52 63 66 79 91
120 129 157 169 455 500
74 83 48 60 273 318
124 129 133 139 113 136
106 111 97 103 136 159
111 115 163 169 22 45
143 148 109 115 91 113
64 69 121 127 250 273
120 124 145 151 0 22
55 59 109 115 0 22
69 74 133 139 68 91
69 74 54 60 68 91
83 87 157 163 0 22
50 55 54 60 136 159
27 32 90 97 91 113
64 69 78 84 227 250
69 74 78 84 250 273
74 78 115 121 159 182
46 48 42 45 33 45
46 55 72 84 409 455
129 133 109 115 91 113
74 78 97 103 341 364
111 120 97 109 500 546
129 133 90 97 45 68
92 96 139 145 68 91
115 120 90 97 113 136
96 101 97 103 113 136
27 32 127 133 68 91
50 55 72 78 22 45
37 41 78 84 91 113
18 27 133 145 227 273
78 83 84 90 91 113
96 101 97 103 0 22
74 78 42 48 45 68
92 96 78 84 182 204
101 111 157 169 637 682
101 106 109 115 159 182
64 69 78 84 273 295
78 83 72 78 136 159
92 96 103 109 182 204
83 87 72 78 204 227
69 74 90 97 295 318
50 55 66 72 159 182
115 120 139 145 159 182
74 83 84 97 637 682
83 87 72 78 68 91
111 120 157 169 318 364
41 46 90 97 136 159
120 129 121 133 318 364
101 106 90 97 0 22
111 115 169 175 45 68
69 74 121 127 182 204
64 74 84 97 409 455
52 55 63 66 79 91
74 83 145 157 227 273
115 120 151 157 113 136
83 87 109 115 182 204
101 106 115 121 182 204
124 129 139 145 159 182
69 74 66 72 45 68
69 74 127 133 227 250
120 124 103 109 91 113
27 32 97 103 68 91
106 111 78 84 91 113
59 64 84 90 0 22
92 101 109 121 682 728
133 138 97 103 113 136
101 111 121 133 682 728
101 106 115 121 250 273
46 48 48 51 22 33
83 87 163 169 45 68
32 37 90 97 0 22
96 101 72 78 250 273
92 101 133 145 182 227
101 111 121 133 455 500
37 46 97 109 273 318
59 64 90 97 159 182
111 115 175 181 113 136
96 101 103 109 204 227
69 74 103 109 91 113
120 124 151 157 250 273
37 41 97 103 136 159
69 74 115 121 68 91
101 106 78 84 159 182
106 111 151 157 68 91
74 78 121 127 68 91
101 106 157 163 113 136
96 101 121 127 113 136
64 74 97 109 546 591
59 64 109 115 45 68
129 133 78 84 45 68
106 111 157 163 250 273
143 148 109 115 136 159
101 106 127 133 204 227
124 129 97 103 68 91
111 115 109 115 22 45
64 69 139 145 113 136
50 55 66 72 113 136
120 124 139 145 159 182
43 46 60 63 45 56
101 106 90 97 295 318
74 78 60 66 45 68
83 92 72 84 682 728
101 111 145 157 455 500
41 46 84 90 113 136
74 83 109 121 455 500
74 78 78 84 227 250
120 124 97 103 22 45
50 52 63 66 56 68
138 143 115 121 45 68
111 120 157 169 409 455
55 59 36 42 68 91
46 48 66 69 22 33
69 74 66 72 22 45
50 55 60 66 136 159
92 101 169 181 364 409
101 111 145 157 364 409
78 83 78 84 0 22
106 111 90 97 273 295
115 120 151 157 250 273
50 55 103 109 22 45
83 92 97 109 500 546
78 83 78 84 204 227
111 120 145 157 455 500
64 74 60 72 273 318
46 55 48 60 546 591
96 101 90 97 273 295
111 115 133 139 45 68
111 115 109 115 45 68
96 101 84 90 91 113
55 59 90 97 22 45
106 111 127 133 113 136
83 87 121 127 45 68
101 106 169 175 91 113
83 87 145 151 22 45
64 74 109 121 500 546
64 74 60 72 318 364
101 106 127 133 159 182
48 50 48 51 22 33
124 129 109 115 159 182
92 96 163 169 68 91
64 69 72 78 0 22
124 129 139 145 68 91
74 83 109 121 409 455
74 78 48 54 68 91
115 120 127 133 159 182
46 55 48 60 409 455
87 92 157 163 22 45
111 115 90 97 113 136
101 106 121 127 204 227
41 46 78 84 22 45
74 78 54 60 113 136
59 64 97 103 0 22
120 129 145 157 591 637
120 129 157 169 637 682
92 96 97 103 227 250
111 120 145 157 364 409
106 111 84 90 273 295
92 96 90 97 273 295
106 111 90 97 91 113
69 74 127 133 136 159
106 111 103 109 409 432
129 133 78 84 68 91
87 92 115 121 182 204
92 111 48 72 273 364
83 92 84 97 318 364
120 129 133 145 591 637
92 101 169 181 546 591
46 50 60 66 227 250
78 83 97 103 250 273
46 50 54 60 22 45
111 120 109 121 273 318
101 106 157 163 204 227
115 120 103 109 136 159
83 92 121 133 455 500
50 55 54 60 159 182
120 129 169 181 45 91
92 96 84 90 91 113
83 87 121 127 136 159
64 74 109 121 546 591
87 92 157 163 113 136
101 106 163 169 250 273
74 78 121 127 91 113
120 129 169 181 273 318
92 101 145 157 500 546
46 55 48 60 364 409
55 59 121 127 182 204
96 101 97 103 250 273
50 55 60 66 159 182
96 101 103 109 227 250
59 64 127 133 204 227
101 106 84 90 227 250
92 96 145 151 113 136
37 41 78 84 68 91
55 74 169 194 182 273
74 78 54 60 22 45
18 27 121 133 45 91
83 87 109 115 227 250
92 96 139 145 45 68
106 111 103 109 68 91
101 106 103 109 227 250
66 69 93 97 56 68
48 50 63 66 22 33
83 87 133 139 45 68
64 74 133 145 455 500
111 120 157 169 455 500
111 120 157 169 682 728
124 129 133 139 159 182
87 92 78 84 227 250
124 129 115 121 68 91
50 55 72 78 113 136
43 46 60 63 113 124
55 59 127 133 227 250
92 96 109 115 0 22
78 83 121 127 68 91
120 129 97 109 455 500
87 92 97 103 250 273
120 124 145 151 227 250
120 124 139 145 91 113
106 111 103 109 136 159
18 27 121 133 0 45
120 129 133 145 546 591
115 120 121 127 136 159
83 87 115 121 91 113
106 111 163 169 204 227
50 55 66 72 227 250
59 64 78 84 91 113
120 124 133 139 136 159
74 78 48 54 22 45
83 92 97 109 455 500
92 96 72 78 227 250
101 106 109 115 91 113
124 129 151 157 91 113
101 106 90 97 273 295
83 87 115 121 227 250
83 92 60 72 227 273
83 87 97 103 295 318
78 83 97 103 182 204
69 74 84 90 295 318
106 111 127 133 204 227
37 41 54 60 45 68
55 59 78 84 159 182
87 92 133 139 45 68
101 111 169 181 364 409
111 120 109 121 546 591
37 46 36 48 227 273
83 87 121 127 68 91
48 50 66 69 22 33
120 124 145 151 113 136
92 96 115 121 0 22
78 83 66 72 68 91
83 87 72 78 91 113
106 111 121 127 136 159
96 101 84 90 159 182
92 96 72 78 91 113
64 74 97 109 500 546
69 74 109 115 182 204
120 129 72 84 227 273
55 59 84 90 250 273
37 41 84 90 91 113
48 50 42 45 33 45
87 92 127 133 136 159
52 55 60 63 56 68
74 78 127 133 22 45
83 87 78 84 113 136
78 83 115 121 22 45
74 78 48 54 91 113
133 138 97 103 68 91
46 50 78 84 113 136
92 96 78 84 227 250
115 120 109 115 68 91
69 74 133 139 227 250
87 92 109 115 250 273
92 101 84 97 682 728
129 133 103 109 91 113
50 55 115 121 68 91
87 92 103 109 273 295
69 74 90 97 250 273
78 83 90 97 204 227
96 101 97 103 500 523
69 74 60 66 22 45
111 115 127 133 68 91
106 111 121 127 182 204
78 83 115 121 68 91
64 69 139 145 227 250
92 96 103 109 523 546
64 66 93 97 45 56
92 101 133 145 364 409
59 64 42 48 45 68
27 37 121 133 273 318
111 115 127 133 136 159
43 46 42 45 45 56
78 83 84 90 113 136
59 64 121 127 204 227
92 96 72 78 113 136
83 87 60 66 68 91
74 78 121 127 0 22
120 124 115 121 113 136
78 83 121 127 182 204
96 98 93 97 56 68
101 106 175 181 0 22
106 111 109 115 68 91
46 50 103 109 22 45
64 69 90 97 273 295
92 96 109 115 204 227
101 111 60 72 0 45
96 101 90 97 250 273
46 50 78 84 22 45
115 120 97 103 45 68
55 59 54 60 0 22
50 55 90 97 0 22
96 101 84 90 250 273
133 138 115 121 113 136
55 59 90 97 45 68
43 46 63 66 124 136
46 48 60 63 22 33
69 74 121 127 227 250
74 78 97 103 0 22
78 83 103 109 182 204
64 69 115 121 91 113
83 87 109 115 91 113
55 59 121 127 204 227
120 124 151 157 159 182
92 96 90 97 295 318
78 83 127 133 91 113
111 115 121 127 113 136
92 96 78 84 250 273
83 92 109 121 591 637
41 46 78 84 113 136
74 78 109 115 0 22
115 120 121 127 113 136
55 59 54 60 91 113
96 101 103 109 91 113
101 111 169 181 546 591
120 129 157 169 364 409
69 74 78 84 273 295
106 111 103 109 227 250
129 133 90 97 113 136
55 59 84 90 68 91
41 43 45 48 45 56
59 64 72 78 0 22
78 83 157 163 45 68
101 106 145 151 159 182
129 148 121 145 182 273
106 111 97 103 22 45
55 59 103 109 45 68
69 74 127 133 182 204
74 78 72 78 0 22
101 106 97 103 113 136
111 115 97 103 45 68
111 115 151 157 91 113
37 41 84 90 45 68
64 69 72 78 136 159
106 111 109 115 113 136
120 129 109 121 273 318
74 83 109 121 591 637
74 83 72 84 682 728
48 50 63 66 33 45
50 55 115 121 45 68
96 101 115 121 273 295
64 69 72 78 113 136
83 87 66 72 45 68
96 101 133 139 45 68
83 92 109 121 455 500
87 92 163 169 68 91
124 129 115 121 45 68
96 98 93 97 45 56
78 83 127 133 182 204
124 129 103 109 113 136
124 129 115 121 136 159
101 106 103 109 68 91
87 92 163 169 91 113
64 74 133 145 591 637
98 101 93 97 45 56
55 59 54 60 68 91
74 78 109 115 136 159
111 115 169 175 0 22
46 48 69 72 33 45
92 96 72 78 182 204
74 78 97 103 159 182
120 129 84 97 318 364
74 78 115 121 0 22
74 78 103 109 250 273
96 101 121 127 136 159
106 111 103 109 204 227
87 92 115 121 0 22
66 69 90 93 45 56
83 92 36 48 0 45
83 92 157 169 273 318
37 46 48 60 546 591
120 124 109 115 68 91
74 78 54 60 68 91
74 78 42 48 68 91
101 111 72 84 637 682
92 101 109 121 455 500
120 129 109 121 409 455
111 115 127 133 204 227
129 133 115 121 68 91
37 46 48 60 409 455
59 64 36 42 68 91
106 111 97 103 45 68
50 55 42 48 113 136
41 43 48 51 45 56
69 74 115 121 91 113
96 101 151 157 91 113
59 64 78 84 0 22
129 133 109 115 227 250
133 138 115 121 45 68
111 120 145 157 591 637
101 111 157 169 500 546
106 111 97 103 68 91
64 69 109 115 113 136
78 83 139 145 68 91
96 101 115 121 0 22
92 96 103 109 0 22
96 101 78 84 91 113
69 74 84 90 250 273
50 55 54 60 0 22
69 74 72 78 0 22
46 48 63 66 33 45
101 106 103 109 250 273
41 46 72 78 113 136
106 111 103 109 0 22
96 101 78 84 227 250
55 59 103 109 22 45
101 111 109 121 546 591
74 78 78 84 113 136
46 55 48 60 318 364
106 111 90 97 295 318
83 87 109 115 136 159
55 59 72 78 113 136
37 41 60 66 136 159
64 69 72 78 250 273
96 101 78 84 159 182
69 74 97 103 159 182
106 111 78 84 113 136
52 55 63 66 56 68
101 106 97 103 45 68
78 83 121 127 91 113
55 59 115 121 0 22
64 74 97 109 682 728
120 124 97 103 45 68
37 46 48 60 500 546
18 37 48 72 637 728
92 96 127 133 159 182
106 111 109 115 0 22
74 83 72 84 409 455
50 55 78 84 0 22
41 46 90 97 159 182
92 96 72 78 250 273
41 43 60 63 113 124
92 96 90 97 182 204
101 106 103 109 113 136
111 115 139 145 45 68
83 87 84 90 91 113
111 115 151 157 113 136
120 124 151 157 113 136
96 101 97 103 136 159
55 59 121 127 113 136
115 120 127 133 204 227
69 74 133 139 113 136
120 124 103 109 68 91
50 55 48 54 182 204
37 46 97 109 409 455
120 124 139 145 113 136
138 148 72 84 45 91
108 111 127 130 22 33
129 133 109 115 159 182
46 50 103 109 0 22
74 78 115 121 136 159
92 101 157 169 318 364
64 74 24 36 136 182
101 106 97 103 409 432
74 78 115 121 91 113
78 83 48 54 113 136
74 78 72 78 136 159
78 83 84 90 0 22
48 50 69 72 33 45
120 124 133 139 113 136
55 59 90 97 68 91
96 101 151 157 136 159
59 64 72 78 91 113
46 55 60 72 455 500
46 55 109 121 182 227
41 43 60 63 33 45
83 92 72 84 500 546
108 111 127 130 33 45
59 64 72 78 113 136
106 108 127 130 33 45
83 92 133 145 364 409
74 78 121 127 250 273
124 129 145 151 159 182
55 64 84 97 455 500
124 129 115 121 159 182
96 101 127 133 227 250
101 106 84 90 273 295
83 92 145 157 409 455
87 92 145 151 113 136
83 87 90 97 204 227
106 111 163 169 250 273
59 64 72 78 136 159
115 120 121 127 159 182
138 143 115 121 159 182
64 74 121 133 546 591
41 43 63 66 45 56
120 129 72 84 182 227
101 106 163 169 45 68
92 101 121 133 455 500
74 78 133 139 68 91
92 96 109 115 182 204
120 129 72 84 91 136
115 120 169 175 113 136
37 46 121 133 136 182
92 96 169 175 45 68
124 129 151 157 250 273
92 96 121 127 113 136
74 83 72 84 455 500
39 41 97 100 68 79
78 83 84 90 204 227
55 59 90 97 159 182
69 74 60 66 91 113
106 111 78 84 45 68
37 41 78 84 45 68
138 148 109 121 409 455
74 78 121 127 204 227
120 129 157 169 591 637
37 46 84 97 364 409
74 78 48 54 45 68
37 41 97 103 0 22
92 96 90 97 250 273
101 111 145 157 637 682
64 69 121 127 204 227
41 43 60 63 22 33
59 64 90 97 136 159
129 133 84 90 68 91
46 50 90 97 113 136
64 69 72 78 227 250
55 59 84 90 136 159
78 83 48 54 136 159
55 64 109 121 637 682
27 32 90 97 113 136
55 59 115 121 159 182
37 41 54 60 22 45
124 129 151 157 22 45
92 96 90 97 159 182
50 52 60 63 56 68
111 115 151 157 22 45
55 59 72 78 91 113
138 148 72 84 227 273
46 48 63 66 45 56
37 46 97 109 364 409
59 64 109 115 91 113
92 96 169 175 68 91
101 106 103 109 91 113
78 83 78 84 91 113
37 41 66 72 91 113
96 101 72 78 159 182
69 74 72 78 113 136
64 74 72 84 682 728
133 138 84 90 91 113
78 83 121 127 250 273
69 74 121 127 113 136
124 129 151 157 68 91
96 101 78 84 182 204
83 92 157 169 318 364
37 41 66 72 113 136
96 101 78 84 204 227
69 74 78 84 159 182
101 106 151 157 0 22
83 87 121 127 22 45
87 92 97 103 91 113
69 74 72 78 250 273
74 78 60 66 91 113
64 69 139 145 45 68
74 83 157 169 364 409
101 111 72 84 455 500
55 59 97 103 0 22
55 59 127 133 204 227
106 108 130 133 33 45
43 46 42 45 22 33
69 74 103 109 0 22
64 69 103 109 113 136
96 101 127 133 136 159
124 129 145 151 68 91
96 101 84 90 0 22
83 92 36 48 91 136
92 96 97 103 91 113
120 124 103 109 22 45
87 92 97 103 113 136
55 59 109 115 45 68
124 129 145 151 22 45
27 37 133 145 318 364
96 101 72 78 136 159
46 55 97 109 409 455
55 59 90 97 91 113
120 129 97 109 546 591
120 129 169 181 227 273
74 83 72 84 591 637
46 50 42 48 0 22
92 101 157 169 409 455
92 96 103 109 250 273
50 55 66 72 0 22
32 37 84 90 68 91
64 69 139 145 250 273
74 83 157 169 182 227
74 78 103 109 318 341
74 78 48 54 113 136
74 78 121 127 227 250
46 50 115 121 45 68
124 129 133 139 68 91
50 55 72 78 91 113
41 46 54 60 159 182
64 69 139 145 22 45
50 55 90 97 113 136
37 41 72 78 45 68
106 111 175 181 113 136
115 120 175 181 0 22
106 111 169 175 113 136
64 74 0 12 45 91
18 37 48 72 91 182
78 83 72 78 227 250
83 87 97 103 0 22
55 59 72 78 159 182
74 78 115 121 113 136
46 55 133 145 182 227
92 101 157 169 682 728
106 111 151 157 136 159
64 69 121 127 182 204
101 106 175 181 91 113
59 64 78 84 136 159
83 92 48 60 318 364
106 111 115 121 182 204
74 83 133 145 546 591
87 92 133 139 159 182
115 120 127 133 0 22
59 64 121 127 0 22
124 129 133 139 91 113
64 69 127 133 204 227
59 64 109 115 113 136
83 92 145 157 318 364
111 115 151 157 250 273
59 64 72 78 159 182
129 133 97 103 91 113
78 83 121 127 113 136
83 87 139 145 68 91
64 74 12 24 0 45
83 87 72 78 182 204
46 50 103 109 68 91
37 39 100 103 79 91
101 111 84 97 682 728
120 129 109 121 546 591
111 120 97 109 591 637
111 120 145 157 682 728
87 92 115 121 250 273
74 83 157 169 318 364
92 96 163 169 45 68
101 106 115 121 113 136
46 55 60 72 591 637
124 129 151 157 159 182
106 111 90 97 22 45
41 46 90 97 0 22
111 115 157 163 68 91
64 74 121 133 500 546
37 41 54 60 91 113
111 115 127 133 0 22
78 83 72 78 91 113
101 106 72 78 113 136
96 101 115 121 250 273
78 83 127 133 227 250
64 74 97 109 364 409
92 96 72 78 204 227
92 101 109 121 637 682
101 106 72 78 91 113
138 148 109 121 364 409
106 111 169 175 68 91
87 92 90 97 182 204
74 78 84 90 113 136
96 101 145 151 136 159
96 101 139 145 45 68
74 78 90 97 182 204
143 148 103 109 113 136
59 64 66 72 113 136
106 111 78 84 22 45
101 106 97 103 250 273
96 101 109 115 182 204
27 32 84 90 45 68
106 111 121 127 113 136
92 96 121 127 136 159
111 115 103 109 159 182
92 96 151 157 91 113
138 143 109 115 45 68
120 129 121 133 409 455
37 46 48 60 318 364
106 111 163 169 91 113
96 101 151 157 0 22
50 55 109 115 68 91
92 111 48 72 364 455
111 115 151 157 227 250
101 106 169 175 68 91
55 59 72 78 22 45
52 55 63 66 68 79
83 87 60 66 45 68
64 69 84 90 227 250
143 148 109 115 159 182
64 69 103 109 0 22
87 92 127 133 0 22
74 78 90 97 113 136
87 92 54 60 68 91
87 92 127 133 113 136
101 106 84 90 0 22
55 59 90 97 0 22
55 59 48 54 113 136
69 74 72 78 136 159
133 138 84 90 227 250
48 50 60 63 22 33
124 129 109 115 113 136
55 64 97 109 409 455
69 74 97 103 0 22
37 55 24 48 637 728
106 111 97 103 91 113
83 92 72 84 546 591
101 106 90 97 182 204
55 64 12 24 45 91
96 101 97 103 159 182
83 87 90 97 182 204
106 111 103 109 22 45
59 64 109 115 159 182
74 78 84 90 204 227
101 106 163 169 91 113
64 66 90 93 45 56
83 87 109 115 22 45
74 83 97 109 500 546
108 111 130 133 33 45
74 78 78 84 250 273
37 39 97 100 68 79
50 52 63 66 68 79
74 83 72 84 637 682
64 69 109 115 182 204
64 69 109 115 91 113
37 41 103 109 45 68
37 46 72 84 546 591
92 96 121 127 159 182
92 96 115 121 273 295
55 59 78 84 136 159
41 43 63 66 22 33
64 69 115 121 0 22
64 69 121 127 0 22
101 106 109 115 250 273
92 96 121 127 0 22
37 41 84 90 136 159
52 55 60 63 79 91
96 101 90 97 204 227
55 64 97 109 318 364
37 46 60 72 455 500
83 87 115 121 182 204
83 87 72 78 250 273
96 101 163 169 68 91
92 101 72 84 682 728
96 101 139 145 68 91
55 59 54 60 113 136
101 111 133 145 273 318
106 111 90 97 0 22
83 92 84 97 500 546
129 148 145 169 546 637
106 111 78 84 68 91
111 115 103 109 136 159
111 115 151 157 0 22
46 48 60 63 56 68
106 108 127 130 22 33
55 59 48 54 68 91
64 69 48 54 0 22
133 138 115 121 227 250
133 138 109 115 113 136
78 83 157 163 68 91
59 64 48 54 0 22
46 48 42 45 22 33
87 92 127 133 91 113
106 111 163 169 182 204
111 120 121 133 591 637
106 111 151 157 0 22
78 83 78 84 136 159
138 143 97 103 91 113
129 133 103 109 68 91
46 50 54 60 68 91
124 129 139 145 136 159
41 46 42 48 0 22
96 101 78 84 0 22
101 111 133 145 227 273
48 50 60 63 56 68
50 55 103 109 68 91
115 120 115 121 0 22
111 115 90 97 91 113
87 92 97 103 0 22
64 74 157 169 182 227
115 120 157 163 68 91
101 106 84 90 295 318
46 55 109 121 409 455
59 64 54 60 91 113
92 96 127 133 91 113
74 78 54 60 159 182
55 64 133 145 455 500
101 111 181 194 227 273
55 59 84 90 0 22
78 83 115 121 250 273
69 74 115 121 250 273
120 124 109 115 91 113
74 78 72 78 113 136
106 111 157 163 182 204
92 101 109 121 546 591
78 83 127 133 204 227
87 92 90 97 0 22
46 50 72 78 113 136
92 96 84 90 273 295
101 106 103 109 0 22
52 55 60 63 68 79
41 46 72 78 0 22
83 87 103 109 0 22
74 83 157 169 409 455
101 106 163 169 204 227
108 111 130 133 22 33
78 83 127 133 250 273
129 138 72 84 318 364
92 101 145 157 409 455
120 124 145 151 159 182
83 87 48 54 45 68
83 87 90 97 0 22
101 106 103 109 432 455
106 111 84 90 22 45
74 83 133 145 273 318
106 111 84 90 182 204
111 115 97 103 136 159
83 87 157 163 113 136
55 59 60 66 91 113
37 46 109 121 45 91
48 50 63 66 45 56
115 120 97 103 159 182
50 55 66 72 250 273
92 96 151 157 22 45
37 46 121 133 227 273
106 111 78 84 136 159
74 83 109 121 637 682
64 74 109 121 591 637
111 115 109 115 91 113
74 78 84 90 0 22
69 74 115 121 182 204
78 83 109 115 113 136
55 59 109 115 113 136
111 115 84 90 113 136
101 106 109 115 227 250
115 120 109 115 113 136
101 106 181 187 45 68
37 41 42 48 45 68
143 148 109 115 68 91
46 55 133 145 91 136
46 50 54 60 91 113
66 69 90 93 56 68
32 37 133 139 0 22
83 87 157 163 22 45
18 37 48 72 546 637
92 96 84 90 295 318
59 64 115 121 113 136
87 92 163 169 45 68
83 87 78 84 136 159
50 55 42 48 68 91
106 111 151 157 159 182
83 87 115 121 204 227
92 96 127 133 250 273
37 46 48 60 364 409
106 111 163 169 227 250
115 120 181 187 68 91
64 69 133 139 0 22
41 43 97 100 68 79
55 59 109 115 91 113
83 87 72 78 227 250
64 69 78 84 0 22
59 64 115 121 0 22
138 143 103 109 113 136
46 50 54 60 136 159
106 111 169 175 91 113
92 96 151 157 68 91
92 96 145 151 91 113
55 59 115 121 113 136
46 50 60 66 250 273
64 74 24 36 0 45
41 43 63 66 113 124
111 115 109 115 113 136
74 78 103 109 227 250
83 87 84 90 0 22
106 111 163 169 113 136
83 92 121 133 364 409
37 46 48 60 591 637
106 111 157 163 204 227
41 43 63 66 33 45
83 87 151 157 113 136
115 120 97 103 68 91
111 115 145 151 22 45
101 106 97 103 204 227
92 101 169 181 455 500
83 87 66 72 68 91
111 115 109 115 68 91
87 92 103 109 250 273
83 87 84 90 204 227
92 96 145 151 159 182
92 101 157 169 455 500
46 55 109 121 318 364
43 46 60 63 124 136
52 55 60 63 45 56
101 111 133 145 182 227
74 83 133 145 500 546
111 120 157 169 637 682
83 92 121 133 500 546
41 43 60 63 45 56
106 111 97 103 182 204
92 96 127 133 113 136
64 69 48 54 68 91
101 111 72 84 500 546
74 83 60 72 273 318
59 64 109 115 0 22
64 69 97 103 0 22
78 83 121 127 204 227
92 96 115 121 113 136
55 74 0 24 637 728
83 92 133 145 591 637
74 78 139 145 68 91
46 48 69 72 22 33
87 92 103 109 295 318
74 78 157 163 45 68
124 129 97 103 91 113
92 101 145 157 637 682
69 74 90 97 273 295
83 87 163 169 22 45
87 92 90 97 204 227
124 129 151 157 0 22
64 69 66 72 113 136
64 69 139 145 91 113
106 111 157 163 113 136
120 124 139 145 0 22
129 133 84 90 250 273
124 129 139 145 91 113
37 41 97 103 159 182
74 78 72 78 250 273
115 120 169 175 0 22
120 124 109 115 113 136
101 106 109 115 182 204
43 46 51 54 45 56
43 46 100 103 68 79
92 96 121 127 250 273
115 120 84 90 113 136
64 74 97 109 455 500
129 133 115 121 22 45
48 50 42 45 22 33
96 101 145 151 0 22
96 101 109 115 113 136
78 83 97 103 341 364
83 87 97 103 273 295
69 74 48 54 0 22
96 101 121 127 250 273
74 78 127 133 0 22
74 78 90 97 159 182
55 59 84 90 113 136
74 78 72 78 91 113
96 101 163 169 45 68
111 115 181 187 0 22
115 120 103 109 68 91
48 50 69 72 22 33
115 120 145 151 227 250
59 64 48 54 113 136
43 46 97 100 68 79
69 74 139 145 113 136
96 101 90 97 0 22
74 78 97 103 250 273
92 101 133 145 546 591
106 111 103 109 182 204
78 83 78 84 182 204
83 87 109 115 204 227
96 101 90 97 136 159
37 41 84 90 22 45
106 111 90 97 113 136
55 59 78 84 0 22
50 55 84 90 113 136
96 101 133 139 68 91
120 124 151 157 91 113
46 55 72 84 591 637
69 74 84 90 273 295
50 55 60 66 227 250
78 83 54 60 0 22
87 92 145 151 68 91
64 69 84 90 295 318
92 101 157 169 546 591
101 106 78 84 0 22
64 69 60 66 113 136
111 115 145 151 250 273
115 120 121 127 182 204
98 101 90 93 56 68
111 115 109 115 0 22
87 92 103 109 0 22
83 87 103 109 295 318
120 129 169 181 182 227
69 74 115 121 113 136
55 59 109 115 22 45
74 78 109 115 227 250
50 55 42 48 91 113
92 96 97 103 523 546
55 64 109 121 682 728
106 108 130 133 22 33
55 64 133 145 500 546
92 96 109 115 295 318
41 46 103 109 113 136
46 50 84 90 22 45
106 111 115 121 250 273
50 52 60 63 45 56
133 138 115 121 159 182
101 106 97 103 0 22
101 106 97 103 432 455
74 78 48 54 136 159
87 92 133 139 68 91
92 96 133 139 45 68
83 87 78 84 182 204
55 64 0 12 0 45
111 115 157 163 0 22
59 64 60 66 113 136
87 92 151 157 113 136
55 59 127 133 182 204
46 55 133 145 45 91
101 111 145 157 409 455
138 148 72 84 0 45
74 78 90 97 204 227
96 101 84 90 295 318
46 50 115 121 68 91
120 124 103 109 113 136
55 59 42 48 45 68
87 92 109 115 204 227
129 133 115 121 91 113
69 74 48 54 45 68
50 52 63 66 45 56
115 120 175 181 113 136
37 41 84 90 113 136
64 74 109 121 455 500
74 83 84 97 682 728
55 59 48 54 0 22
41 43 60 63 56 68
37 41 72 78 22 45
41 43 100 103 68 79
83 92 157 169 364 409
55 64 72 84 591 637
124 129 145 151 136 159
106 111 175 181 91 113
83 87 157 163 91 113
96 101 84 90 273 295
120 124 97 103 0 22
111 115 97 103 68 91
92 96 115 121 250 273
133 138 109 115 250 273
98 101 90 93 45 56
129 133 97 103 113 136
78 83 54 60 159 182
101 111 109 121 455 500
64 74 12 24 45 91
59 64 90 97 227 250
111 115 127 133 113 136
101 106 145 151 0 22
74 83 109 121 500 546
78 83 90 97 0 22
55 59 90 97 136 159
124 129 139 145 113 136
74 78 48 54 159 182
46 48 60 63 45 56
111 115 145 151 91 113
87 92 54 60 45 68
96 101 109 115 295 318
69 74 54 60 0 22
39 41 100 103 68 79
92 96 103 109 500 523
32 37 84 90 91 113
111 115 163 169 45 68
92 96 90 97 227 250
74 78 115 121 68 91
83 87 48 54 68 91
101 106 90 97 159 182
92 96 133 139 68 91
55 59 127 133 250 273
74 78 103 109 204 227
37 41 103 109 91 113
120 124 97 103 113 136
43 46 51 54 56 68
120 129 72 84 45 91
64 74 48 60 318 364
143 148 103 109 45 68
83 87 78 84 250 273
55 64 72 84 455 500
92 96 127 133 227 250
92 96 97 103 136 159
106 111 187 194 45 68
143 148 109 115 113 136
138 148 72 84 273 318
55 59 60 66 0 22
78 83 127 133 113 136
120 129 121 133 591 637
101 111 72 84 591 637
101 111 60 72 45 91
111 120 181 194 273 318
55 64 72 84 546 591
74 78 109 115 250 273
106 111 84 90 295 318
92 96 145 151 0 22
83 92 109 121 409 455
124 129 145 151 0 22
138 148 109 121 500 546
106 111 145 151 159 182
96 101 90 97 182 204
115 120 109 115 91 113
111 120 181 194 318 364
129 133 109 115 250 273
78 83 103 109 341 364
64 69 109 115 0 22
92 101 145 157 682 728
101 106 103 109 409 432
55 59 66 72 113 136
124 129 103 109 0 22
115 120 133 139 0 22
74 78 72 78 182 204
37 41 54 60 136 159
133 138 115 121 250 273
27 37 72 84 91 136
120 124 97 103 91 113
120 124 103 109 0 22
78 83 109 115 250 273
92 96 84 90 250 273
55 64 84 97 591 637
96 101 72 78 204 227
46 48 60 63 33 45
101 111 157 169 364 409
41 43 45 48 33 45
55 64 84 97 637 682
46 48 51 54 22 33
46 50 66 72 250 273
87 92 97 103 273 295
69 74 121 127 250 273
74 78 127 133 227 250
55 59 60 66 113 136
87 92 121 127 0 22
92 96 97 103 113 136
111 120 157 169 500 546
55 64 109 121 455 500
69 74 48 54 68 91
46 50 84 90 113 136
115 120 157 163 0 22
64 69 97 103 113 136
74 78 48 54 0 22
83 92 60 72 318 364
46 50 103 109 91 113
115 120 181 187 0 22
96 98 90 93 45 56
46 50 84 90 91 113
55 64 109 121 591 637
69 74 60 66 68 91
64 74 48 60 273 318
96 101 72 78 182 204
101 106 127 133 182 204
64 66 93 97 56 68
37 41 66 72 68 91
46 50 72 78 0 22
83 87 84 90 136 159
50 55 103 109 0 22
96 101 97 103 523 546
46 50 103 109 113 136
129 148 145 169 364 455
101 111 181 194 409 455
129 148 121 145 364 455
92 96 145 151 136 159
55 59 127 133 0 22
101 106 72 78 68 91
101 106 163 169 182 204
92 96 109 115 250 273
55 59 103 109 68 91
50 52 60 63 79 91
64 69 103 109 159 182
96 98 90 93 56 68
50 52 60 63 68 79
55 64 97 109 500 546
120 129 121 133 546 591
106 111 145 151 0 22
74 78 121 127 113 136
74 78 163 169 68 91
37 46 72 84 318 364
129 133 115 121 113 136
64 69 84 90 273 295
120 124 115 121 136 159
106 111 97 103 0 22
55 64 109 121 364 409
124 129 151 157 113 136
83 92 36 48 136 182
37 41 66 72 159 182
74 78 90 97 0 22
101 106 97 103 159 182
87 92 78 84 0 22
92 111 48 72 637 728
120 129 157 169 500 546
74 78 97 103 204 227
83 87 103 109 273 295
129 133 90 97 68 91
41 46 84 90 159 182
83 87 139 145 159 182
69 74 109 115 250 273
120 124 133 139 0 22
133 138 90 97 227 250
55 59 90 97 113 136
69 74 109 115 0 22
92 96 109 115 273 295
87 92 115 121 113 136
106 111 109 115 182 204
59 64 103 109 22 45
92 96 127 133 0 22
111 120 157 169 546 591
101 106 163 169 227 250
37 41 48 54 45 68
106 111 84 90 0 22
143 148 97 103 91 113
46 50 90 97 0 22
83 87 163 169 113 136
87 92 139 145 159 182
115 120 127 133 182 204
50 55 54 60 204 227
74 78 97 103 318 341
111 115 133 139 136 159
69 74 139 145 250 273
37 46 84 97 546 591
74 83 121 133 455 500
78 83 66 72 91 113
27 32 84 90 68 91
120 129 157 169 409 455
55 59 90 97 227 250
96 101 103 109 250 273
27 37 72 84 0 45
120 124 109 115 159 182
37 41 72 78 91 113
87 92 84 90 0 22
92 96 175 181 45 68
55 59 84 90 227 250
83 87 145 151 113 136
120 124 115 121 45 68
83 87 127 133 0 22
133 138 72 78 45 68
101 111 181 194 546 591
46 55 109 121 273 318
48 50 60 63 45 56
83 87 97 103 250 273
78 83 66 72 113 136
115 120 97 103 136 159
50 55 72 78 0 22
74 83 121 133 500 546
96 101 90 97 295 318
78 83 84 90 136 159
87 92 109 115 227 250
52 55 63 66 45 56
78 83 84 90 159 182
129 138 97 109 500 546
87 92 115 121 204 227
111 115 169 175 113 136
69 74 133 139 0 22
92 101 133 145 682 728
111 115 169 175 91 113
69 74 72 78 227 250
120 124 115 121 159 182
96 101 97 103 204 227
37 41 48 54 68 91
69 74 133 139 250 273
101 106 72 78 136 159
92 96 90 97 0 22
106 111 97 103 409 432
74 78 121 127 182 204
111 120 72 84 136 182
120 124 163 169 68 91
41 43 45 48 56 68
101 111 72 84 273 318
37 41 54 60 68 91
83 87 163 169 68 91
74 78 115 121 250 273
120 129 109 121 591 637
43 46 42 45 56 68
92 96 78 84 0 22
55 64 72 84 637 682
101 106 103 109 182 204
111 120 133 145 546 591
78 83 78 84 250 273
41 43 42 45 45 56
124 129 139 145 22 45
87 92 145 151 91 113
50 55 60 66 250 273
120 124 133 139 91 113
111 115 133 139 159 182
74 78 78 84 204 227
111 115 103 109 45 68
106 111 127 133 182 204
101 111 133 145 455 500
74 78 60 66 68 91
92 96 115 121 182 204
92 96 90 97 204 227
41 43 48 51 56 68
124 129 163 169 45 68
129 133 103 109 113 136
32 37 84 90 113 136
55 64 145 157 91 136
92 96 151 157 0 22
83 92 169 181 91 136
111 115 139 145 68 91
64 69 115 121 182 204
59 64 48 54 91 113
46 50 84 90 0 22
92 96 97 103 182 204
55 64 97 109 637 682
120 129 157 169 682 728
55 64 133 145 591 637
55 64 97 109 364 409
87 92 109 115 0 22
96 101 90 97 159 182
101 106 157 163 227 250
106 111 97 103 113 136
124 129 145 151 113 136
129 133 90 97 250 273
111 115 145 151 113 136
64 69 66 72 0 22
46 50 109 115 45 68
55 59 103 109 0 22
74 78 157 163 68 91
50 55 54 60 113 136
74 83 97 109 637 682
101 106 175 181 113 136
64 69 60 66 0 22
74 78 72 78 159 182
59 64 42 48 68 91
143 148 90 97 45 68
124 129 151 157 227 250
64 69 78 84 159 182
129 138 109 121 500 546
48 50 51 54 22 33
74 78 72 78 227 250
32 37 84 90 22 45
37 46 48 60 455 500
55 59 72 78 0 22
101 111 157 169 455 500
37 41 78 84 22 45
74 78 109 115 113 136
83 87 103 109 250 273
120 124 151 157 136 159
101 106 175 181 68 91
83 87 127 133 91 113
46 50 54 60 113 136
92 101 169 181 591 637
92 101 133 145 591 637
120 129 109 121 500 546
83 92 48 60 227 273
101 106 97 103 182 204
92 101 133 145 637 682
74 78 66 72 68 91
101 111 133 145 364 409
0 18 121 145 273 364
129 133 115 121 227 250
129 133 115 121 45 68
83 87 133 139 68 91
41 43 45 48 22 33
111 115 169 175 68 91
83 87 84 90 113 136
111 115 187 194 45 68
27 32 90 97 0 22
83 87 163 169 91 113
74 83 145 157 273 318
64 69 72 78 295 318
83 92 72 84 637 682
120 129 157 169 546 591
96 101 109 115 273 295
74 92 169 194 364 455
111 120 109 121 364 409
115 120 109 115 22 45
74 83 72 84 500 546
41 43 63 66 124 136
83 87 145 151 68 91
46 55 24 36 45 91
129 133 84 90 113 136
0 37 145 194 182 364
120 129 145 157 637 682
78 83 72 78 250 273
83 87 78 84 0 22
27 37 121 133 318 364
120 129 72 84 136 182
92 101 145 157 455 500
96 101 109 115 250 273
37 41 60 66 0 22
78 83 115 121 113 136
78 83 163 169 68 91
92 96 127 133 136 159
129 133 97 103 68 91
50 55 42 48 0 22
55 59 109 115 159 182
83 87 109 115 250 273
59 64 60 66 0 22
74 78 36 42 45 68
41 46 54 60 0 22
37 55 0 24 637 728
129 138 109 121 455 500
92 101 157 169 500 546
92 101 169 181 409 455
138 148 97 109 500 546
37 46 72 84 591 637
37 55 0 24 182 273
69 74 127 133 250 273
64 74 24 36 45 91
50 55 54 60 182 204
37 41 103 109 136 159
87 92 163 169 0 22
37 39 100 103 68 79
18 27 121 133 182 227
115 120 103 109 159 182
41 43 63 66 56 68
101 106 145 151 136 159
92 96 97 103 500 523
111 115 139 145 0 22
87 92 60 66 45 68
111 120 109 121 455 500
138 148 72 84 318 364
41 46 97 103 159 182
129 133 90 97 91 113
101 111 181 194 455 500
37 41 103 109 0 22
46 55 84 97 409 455
111 115 145 151 0 22
83 87 115 121 113 136
83 87 109 115 113 136
46 50 54 60 182 204
92 96 84 90 0 22
138 148 97 109 364 409
124 129 133 139 0 22
41 43 51 54 45 56
50 55 36 42 45 68
55 59 121 127 227 250
111 115 103 109 68 91
129 133 115 121 136 159
74 78 103 109 341 364
74 78 127 133 250 273
129 133 72 78 68 91
115 120 127 133 113 136
37 41 54 60 159 182
111 115 139 145 136 159
48 50 60 63 33 45
120 129 72 84 0 45
55 64 97 109 591 637
111 115 133 139 68 91
101 111 133 145 500 546
138 148 72 84 136 182
74 83 133 145 364 409
124 129 163 169 68 91
101 111 133 145 546 591
101 111 72 84 409 455
46 50 54 60 159 182
69 74 60 66 113 136
37 46 72 84 364 409
74 78 127 133 113 136
41 43 60 63 124 136
120 129 169 181 318 364
46 55 60 72 409 455
129 133 72 78 45 68
41 46 84 90 0 22
115 120 84 90 91 113
27 32 84 90 91 113
55 64 145 157 45 91
46 50 54 60 45 68
69 74 139 145 91 113
83 92 109 121 500 546
101 111 145 157 591 637
101 106 72 78 159 182
111 120 145 157 500 546
133 138 72 78 68 91
64 66 90 93 56 68
18 27 121 133 273 318
115 120 169 175 68 91
83 87 133 139 159 182
69 74 109 115 113 136
74 83 157 169 227 273
41 43 42 45 33 45
87 92 145 151 0 22
74 83 145 157 364 409
74 83 24 36 45 91
46 55 109 121 227 273
69 74 78 84 295 318
120 129 169 181 136 182
101 106 121 127 182 204
83 87 115 121 250 273
46 50 90 97 68 91
55 64 0 12 45 91
101 111 133 145 682 728
74 83 133 145 455 500
83 92 133 145 455 500
92 101 169 181 500 546
64 69 109 115 250 273
18 27 133 145 318 364
55 64 84 97 682 728
92 111 48 72 455 546
74 78 84 90 182 204
46 48 51 54 33 45
37 46 72 84 409 455
74 83 97 109 682 728
133 138 103 109 113 136
50 55 103 109 91 113
143 148 115 121 136 159
120 124 151 157 227 250
59 64 66 72 0 22
83 87 109 115 0 22
48 50 51 54 33 45
78 83 84 90 182 204
92 101 157 169 591 637
143 148 90 97 68 91
37 46 109 121 0 45
83 92 133 145 546 591
41 46 36 42 22 45
69 74 66 72 91 113
37 41 72 78 68 91
78 83 48 54 159 182
143 148 115 121 68 91
106 111 97 103 432 455
46 55 84 97 591 637
78 83 36 42 68 91
106 111 103 109 113 136
129 148 121 145 546 637
74 83 145 157 409 455
129 148 121 145 273 364
27 32 84 90 22 45
69 74 139 145 0 22
74 83 133 145 591 637
59 64 103 109 0 22
83 87 115 121 22 45
74 83 133 145 318 364
129 133 115 121 250 273
37 41 42 48 22 45
101 111 72 84 318 364
143 148 109 115 45 68
111 115 139 145 159 182
55 59 90 97 250 273
46 50 36 42 22 45
55 64 145 157 227 273
74 78 78 84 159 182
55 59 42 48 68 91
92 101 181 194 227 273
111 120 72 84 227 273
115 120 109 115 0 22
18 27 121 133 136 182
37 46 84 97 409 455
64 69 72 78 159 182
101 111 133 145 318 364
87 92 60 66 68 91
87 92 48 54 68 91
37 46 109 121 182 227
111 120 72 84 182 227
37 41 48 54 22 45
37 46 109 121 136 182
96 101 175 181 68 91
0 9 133 145 45 91
111 115 84 90 91 113
111 120 145 157 637 682
0 9 133 145 0 45
111 115 127 133 182 204
55 59 121 127 0 22
37 41 84 90 159 182
83 92 133 145 409 455
129 148 121 145 637 728
64 74 0 12 0 45
78 83 127 133 0 22
92 101 145 157 591 637
37 41 103 109 113 136
101 111 181 194 364 409
106 111 157 163 91 113
87 92 48 54 45 68
50 55 103 109 113 136
83 87 133 139 136 159
143 148 115 121 159 182
9 18 121 133 45 91
46 50 54 60 204 227
55 59 72 78 136 159
129 133 115 121 0 22
129 133 84 90 91 113
41 43 42 45 56 68
106 111 145 151 136 159
37 41 42 48 68 91
92 101 133 145 409 455
138 148 72 84 182 227
50 55 90 97 68 91
111 115 133 139 0 22
143 148 115 121 113 136
129 133 109 115 113 136
111 115 145 151 227 250
115 120 163 169 0 22
46 50 78 84 0 22
74 83 121 133 591 637
106 111 187 194 68 91
101 111 133 145 409 455
37 41 42 48 91 113
83 87 84 90 182 204
111 120 72 84 91 136
69 74 60 66 0 22
87 92 133 139 136 159
46 55 24 36 182 227
129 148 145 169 273 364
64 74 157 169 227 273
124 129 139 145 0 22
55 59 66 72 0 22
41 46 78 84 0 22
50 55 36 42 113 136
143 148 115 121 91 113
111 120 72 84 273 318
83 87 163 169 0 22
83 87 145 151 0 22
41 43 42 45 22 33
83 87 145 151 91 113
37 41 78 84 113 136
92 101 181 194 364 409
46 55 133 145 227 273
124 129 151 157 136 159
74 78 54 60 0 22
96 101 103 109 182 204
74 83 24 36 91 136
92 101 157 169 364 409
37 46 84 97 591 637
129 133 115 121 159 182
64 69 78 84 295 318
111 115 163 169 0 22
74 78 66 72 113 136
120 129 145 157 500 546
92 96 151 157 136 159
111 120 97 109 455 500
46 50 54 60 0 22
41 43 51 54 56 68
92 101 181 194 136 182
101 111 133 145 637 682
111 115 187 194 22 45
83 92 48 60 182 227
74 83 24 36 136 182
74 83 169 181 136 182
101 106 181 187 68 91
46 50 36 42 113 136
101 111 72 84 546 591
37 41 84 90 0 22
37 41 54 60 0 22
74 78 84 90 159 182
74 92 0 24 0 91
129 148 145 169 637 728
120 129 72 84 273 318
18 37 48 72 273 364
129 133 109 115 0 22
83 92 84 97 682 728
18 37 48 72 182 273
69 74 72 78 159 182
101 111 181 194 500 546
101 111 72 84 364 409
74 78 78 84 182 204
37 46 109 121 364 409
55 59 121 127 250 273
32 37 139 145 68 91
74 78 66 72 91 113
92 96 151 157 159 182
37 41 72 78 113 136
55 64 97 109 455 500
27 32 139 145 22 45
18 37 48 72 0 91
46 55 133 145 136 182
32 37 139 145 91 113
111 115 187 194 68 91
37 41 66 72 0 22
106 111 157 163 227 250
55 64 24 36 136 182
106 111 78 84 0 22
101 111 133 145 591 637
92 101 181 194 91 136
129 133 84 90 227 250
37 41 48 54 0 22
92 101 181 194 546 591
27 32 84 90 113 136
37 41 72 78 0 22
115 120 163 169 68 91
133 138 109 115 0 22
18 27 84 97 273 318
37 41 48 54 159 182
133 138 115 121 0 22
92 101 133 145 455 500
9 18 121 133 0 45
32 37 139 145 45 68
50 55 36 42 68 91
32 37 103 109 45 68
27 32 139 145 0 22
32 37 121 127 68 91
37 41 48 54 91 113
101 106 72 78 0 22
78 83 121 127 0 22
37 46 109 121 227 273
92 96 151 157 113 136
37 46 109 121 91 136
46 55 24 36 0 45
120 129 181 194 0 45
69 74 72 78 295 318
129 133 90 97 227 250
37 41 48 54 136 159
18 27 121 133 318 364
101 111 72 84 682 728
106 111 72 78 22 45
37 41 66 72 136 159
92 101 181 194 500 546
143 148 115 121 45 68
83 87 115 121 0 22
69 74 66 72 0 22
41 46 36 42 113 136
124 129 97 103 0 22
69 74 66 72 113 136
74 83 133 145 409 455
37 55 0 24 91 182
46 55 24 36 91 136
106 111 72 78 68 91
120 129 181 194 227 273
92 101 145 157 546 591
32 37 103 109 68 91
111 120 72 84 45 91
120 129 181 194 45 91
120 124 115 121 68 91
46 50 36 42 45 68
74 92 0 24 91 182
18 27 84 97 0 45
92 101 181 194 455 500
55 64 97 109 682 728
18 27 121 133 227 273
18 27 84 97 45 91
83 92 24 36 45 91
32 37 84 90 0 22
92 101 181 194 45 91
74 78 36 42 68 91
96 101 97 103 182 204
64 69 139 145 0 22
27 32 139 145 113 136
92 101 133 145 500 546
37 41 78 84 0 22
18 27 97 109 91 136
27 32 139 145 45 68
106 111 72 78 113 136
83 87 121 127 0 22
55 64 145 157 0 45
41 46 36 42 91 113
120 129 181 194 136 182
41 46 36 42 68 91
27 32 139 145 91 113
18 27 84 97 91 136
120 129 181 194 318 364
111 115 187 194 0 22
55 64 145 157 182 227
46 50 36 42 91 113
46 50 36 42 68 91
115 120 187 194 22 45
106 111 72 78 136 159
83 92 24 36 91 136
27 32 121 127 68 91
111 115 163 169 68 91
83 92 24 36 136 182
37 41 42 48 0 22
46 55 24 36 136 182
46 55 24 36 227 273
18 27 97 109 0 45
18 27 97 109 45 91
50 55 36 42 22 45
32 37 139 145 113 136
0 37 0 48 546 728
0 18 48 72 0 91
0 18 48 72 546 637
129 148 48 72 637 728
92 111 0 24 91 182
92 101 181 194 591 637
138 148 109 121 455 500
115 120 187 194 68 91
111 129 48 72 273 364
50 55 36 42 91 113
27 37 109 121 91 136
0 18 72 97 273 364
55 64 181 194 91 136
74 83 181 194 45 91
129 148 121 145 455 546
32 37 121 127 45 68
0 9 121 133 45 91
0 18 72 97 91 182
37 46 24 36 182 227
64 74 181 194 136 182
92 96 175 181 68 91
111 129 48 72 546 637
0 18 72 97 0 91
115 120 187 194 45 68
27 37 109 121 45 91
129 148 145 169 455 546
55 64 145 157 136 182
27 37 72 84 273 318
120 129 181 194 91 136
37 55 169 194 91 182
50 55 36 42 0 22
37 46 24 36 227 273
55 64 157 169 182 227
27 32 103 109 45 68
106 111 72 78 45 68
0 18 97 121 273 364
129 148 169 194 455 546
101 106 187 194 68 91
129 148 48 72 91 182
129 148 48 72 182 273
55 64 169 181 136 182
0 9 121 133 0 45
55 64 169 181 91 136
37 46 109 121 318 364
111 148 0 48 364 546
111 129 48 72 637 728
0 18 48 72 637 728
92 101 48 60 0 45
111 148 0 48 546 728
18 27 109 121 91 136
74 83 181 194 0 45
129 148 169 194 91 182
32 37 139 145 22 45
18 27 72 84 318 364
92 101 48 60 45 91
111 120 72 84 0 45
55 74 0 24 546 637
129 148 169 194 546 637
32 37 139 145 0 22
55 64 169 181 45 91
0 18 97 121 182 273
41 46 103 109 159 182
18 27 84 97 136 182
37 46 24 36 136 182
27 32 139 145 68 91
115 120 187 194 0 22
0 37 145 194 364 546
0 18 72 97 182 273
18 27 109 121 0 45
74 83 181 194 91 136
55 64 181 194 0 45
83 92 24 36 0 45
92 111 0 24 0 91
18 27 72 84 0 45
120 129 181 194 182 227
64 74 181 194 45 91
37 55 145 169 0 91
111 129 48 72 455 546
37 41 36 42 113 136
129 148 169 194 182 273
101 106 187 194 45 68
27 37 72 84 318 364
83 92 181 194 0 45
111 129 48 72 182 273
106 111 72 78 159 182
37 41 36 42 0 22
120 129 72 84 318 364
37 55 169 194 182 273
129 148 48 72 455 546
37 55 145 169 273 364
41 46 36 42 45 68
111 120 72 84 318 364
18 27 72 84 45 91
55 64 157 169 227 273
0 18 48 72 273 364
83 92 181 194 45 91
37 55 0 24 546 637
129 148 48 72 0 91
18 27 84 97 318 364
37 41 36 42 45 68
37 41 42 48 113 136
27 37 109 121 0 45
111 129 48 72 0 91
27 32 84 90 0 22
111 120 133 145 591 637
111 129 48 72 364 455
111 148 0 48 0 182
41 46 36 42 0 22
37 55 169 194 273 364
106 111 72 78 91 113
129 148 48 72 364 455
55 64 157 169 45 91
120 129 181 194 273 318
37 41 103 109 159 182
129 148 169 194 0 91
64 74 181 194 91 136
37 46 24 36 91 136
83 92 181 194 136 182
0 37 0 48 182 364
106 111 72 78 0 22
129 148 169 194 364 455
0 18 97 121 91 182
143 148 84 90 45 68
101 111 48 60 0 45
37 41 36 42 22 45
64 74 181 194 0 45
27 32 103 109 68 91
0 18 48 72 91 182
37 46 109 121 273 318
46 50 36 42 0 22
92 101 181 194 0 45
37 46 24 36 0 45
92 101 181 194 182 227
55 64 157 169 136 182
18 27 109 121 136 182
0 18 72 97 637 728
111 129 48 72 91 182
143 148 84 90 68 91
37 41 36 42 91 113
55 64 181 194 136 182
0 37 145 194 546 728
18 27 72 84 91 136
27 37 72 84 136 182
101 111 48 60 45 91
37 41 36 42 68 91
46 50 109 115 68 91
55 64 157 169 0 45
18 27 72 84 273 318
129 148 48 72 273 364
111 148 0 48 182 364
18 27 109 121 45 91
74 83 181 194 136 182
0 37 0 48 364 546
55 64 169 181 0 45
129 148 169 194 637 728
37 55 169 194 0 91
83 92 181 194 91 136
37 46 109 121 409 455
18 27 97 109 136 182
129 148 169 194 273 364
0 37 0 48 0 182
92 111 24 48 91 182
37 55 145 169 182 273
27 37 109 121 136 182
55 64 157 169 91 136
74 83 24 36 0 45
92 111 24 48 0 91
27 32 121 127 45 68
55 64 181 194 45 91
18 27 72 84 136 182
37 46 24 36 45 91
37 55 145 169 91 182
0 18 48 72 182 273
0 18 72 97 546 637
0 18 97 121 0 91
129 148 48 72 546 637
37 41 48 54 113 136
37 55 0 24 273 364
92 101 181 194 409 455
voxsize: 148x194x728 size:79.736084MB
voxBW: 3 1
Decomp size:4096
Initialization time: 0.011477
compute: 0.036883 seconds
evaluations: 1624413
time: 0.098199 seconds
