hostname : cph-gpu4.uncc.edu
bounding: [1053872.965;1068485.726]x[860186.8419;879395.9741]x[3;730]
read 11056 observations
res: 50 50 1 bw: 2500 2500 14
128 192 128 192 0 448
192 294 256 320 0 728
128 192 192 256 0 256
64 192 64 128 0 728
192 256 192 256 0 512
192 294 64 192 0 728
0 128 192 256 0 728
64 128 128 192 0 728
128 294 320 386 0 728
128 192 256 320 0 728
0 128 256 386 0 728
128 192 192 256 256 728
0 64 64 192 0 728
256 294 192 256 0 728
0 294 0 64 0 728
128 192 128 192 448 728
192 256 192 256 512 728
voxsize: 294x386x728 size:315.156372MB
voxBW: 50 14
Decomp size:17
Initialization time: 0.035494
compute: 0.639103 seconds
evaluations: 3159635318
time: 0.675632 seconds
