hostname : cph-gpu2.uncc.edu
bounding: [1053872.965;1068485.726]x[860186.8419;879395.9741]x[3;730]
read 11056 observations
res: 50 50 1 bw: 100 100 1
128 192 192 256 0 256
192 294 192 256 0 256
64 128 128 192 0 728
64 128 192 386 0 728
192 294 256 320 0 728
128 192 128 192 0 256
128 192 256 386 0 728
192 294 128 192 0 728
64 128 64 128 0 728
192 294 320 386 0 728
192 294 192 256 256 728
128 294 64 128 0 728
128 192 192 256 256 728
128 192 128 192 256 728
0 64 0 386 0 728
64 294 0 64 0 728
voxsize: 294x386x728 size:315.156372MB
voxBW: 2 1
Decomp size:16
Initialization time: 0.035869
compute: 0.001709 seconds
evaluations: 828825
time: 0.045009 seconds
