hostname : cph-gpu4.uncc.edu
bounding: [1053872.965;1068485.726]x[860186.8419;879395.9741]x[3;730]
read 11056 observations
res: 50 50 1 bw: 2500 2500 14
0 37 0 49 0 23
0 37 0 49 23 46
0 37 0 49 46 69
0 37 0 49 69 91
0 37 0 49 91 114
0 37 0 49 114 137
0 37 0 49 137 160
0 37 0 49 160 182
0 37 0 49 182 205
0 37 0 49 205 228
0 37 0 49 228 250
0 37 0 49 250 273
0 37 0 49 273 296
0 37 0 49 296 319
0 37 0 49 319 341
0 37 0 49 341 364
0 37 0 49 364 387
0 37 0 49 387 409
0 37 0 49 409 432
0 37 0 49 432 455
0 37 0 49 455 478
0 37 0 49 478 500
0 37 0 49 500 523
0 37 0 49 523 546
0 37 0 49 546 568
0 37 0 49 568 591
0 37 0 49 591 614
0 37 0 49 614 637
0 37 0 49 637 659
0 37 0 49 659 682
0 37 0 49 682 705
0 37 0 49 705 728
0 37 49 97 0 23
0 37 49 97 23 46
0 37 49 97 46 69
0 37 49 97 69 91
0 37 49 97 91 114
0 37 49 97 114 137
0 37 49 97 137 160
0 37 49 97 160 182
0 37 49 97 182 205
0 37 49 97 205 228
0 37 49 97 228 250
0 37 49 97 250 273
0 37 49 97 273 296
0 37 49 97 296 319
0 37 49 97 319 341
0 37 49 97 341 364
0 37 49 97 364 387
0 37 49 97 387 409
0 37 49 97 409 432
0 37 49 97 432 455
0 37 49 97 455 478
0 37 49 97 478 500
0 37 49 97 500 523
0 37 49 97 523 546
0 37 49 97 546 568
0 37 49 97 568 591
0 37 49 97 591 614
0 37 49 97 614 637
0 37 49 97 637 659
0 37 49 97 659 682
0 37 49 97 682 705
0 37 49 97 705 728
0 37 97 145 0 23
0 37 97 145 23 46
0 37 97 145 46 69
0 37 97 145 69 91
0 37 97 145 91 114
0 37 97 145 114 137
0 37 97 145 137 160
0 37 97 145 160 182
0 37 97 145 182 205
0 37 97 145 205 228
0 37 97 145 228 250
0 37 97 145 250 273
0 37 97 145 273 296
0 37 97 145 296 319
0 37 97 145 319 341
0 37 97 145 341 364
0 37 97 145 364 387
0 37 97 145 387 409
0 37 97 145 409 432
0 37 97 145 432 455
0 37 97 145 455 478
0 37 97 145 478 500
0 37 97 145 500 523
0 37 97 145 523 546
0 37 97 145 546 568
0 37 97 145 568 591
0 37 97 145 591 614
0 37 97 145 614 637
0 37 97 145 637 659
0 37 97 145 659 682
0 37 97 145 682 705
0 37 97 145 705 728
0 37 145 193 0 23
0 37 145 193 23 46
0 37 145 193 46 69
0 37 145 193 69 91
0 37 145 193 91 114
0 37 145 193 114 137
0 37 145 193 137 160
0 37 145 193 160 182
0 37 145 193 182 205
0 37 145 193 205 228
0 37 145 193 228 250
0 37 145 193 250 273
0 37 145 193 273 296
0 37 145 193 296 319
0 37 145 193 319 341
0 37 145 193 341 364
0 37 145 193 364 387
0 37 145 193 387 409
0 37 145 193 409 432
0 37 145 193 432 455
0 37 145 193 455 478
0 37 145 193 478 500
0 37 145 193 500 523
0 37 145 193 523 546
0 37 145 193 546 568
0 37 145 193 568 591
0 37 145 193 591 614
0 37 145 193 614 637
0 37 145 193 637 659
0 37 145 193 659 682
0 37 145 193 682 705
0 37 145 193 705 728
0 37 193 241 0 23
0 37 193 241 23 46
0 37 193 241 46 69
0 37 193 241 69 91
0 37 193 241 91 114
0 37 193 241 114 137
0 37 193 241 137 160
0 37 193 241 160 182
0 37 193 241 182 205
0 37 193 241 205 228
0 37 193 241 228 250
0 37 193 241 250 273
0 37 193 241 273 296
0 37 193 241 296 319
0 37 193 241 319 341
0 37 193 241 341 364
0 37 193 241 364 387
0 37 193 241 387 409
0 37 193 241 409 432
0 37 193 241 432 455
0 37 193 241 455 478
0 37 193 241 478 500
0 37 193 241 500 523
0 37 193 241 523 546
0 37 193 241 546 568
0 37 193 241 568 591
0 37 193 241 591 614
0 37 193 241 614 637
0 37 193 241 637 659
0 37 193 241 659 682
0 37 193 241 682 705
0 37 193 241 705 728
0 37 241 289 0 23
0 37 241 289 23 46
0 37 241 289 46 69
0 37 241 289 69 91
0 37 241 289 91 114
0 37 241 289 114 137
0 37 241 289 137 160
0 37 241 289 160 182
0 37 241 289 182 205
0 37 241 289 205 228
0 37 241 289 228 250
0 37 241 289 250 273
0 37 241 289 273 296
0 37 241 289 296 319
0 37 241 289 319 341
0 37 241 289 341 364
0 37 241 289 364 387
0 37 241 289 387 409
0 37 241 289 409 432
0 37 241 289 432 455
0 37 241 289 455 478
0 37 241 289 478 500
0 37 241 289 500 523
0 37 241 289 523 546
0 37 241 289 546 568
0 37 241 289 568 591
0 37 241 289 591 614
0 37 241 289 614 637
0 37 241 289 637 659
0 37 241 289 659 682
0 37 241 289 682 705
0 37 241 289 705 728
0 37 289 337 0 23
0 37 289 337 23 46
0 37 289 337 46 69
0 37 289 337 69 91
0 37 289 337 91 114
0 37 289 337 114 137
0 37 289 337 137 160
0 37 289 337 160 182
0 37 289 337 182 205
0 37 289 337 205 228
0 37 289 337 228 250
0 37 289 337 250 273
0 37 289 337 273 296
0 37 289 337 296 319
0 37 289 337 319 341
0 37 289 337 341 364
0 37 289 337 364 387
0 37 289 337 387 409
0 37 289 337 409 432
0 37 289 337 432 455
0 37 289 337 455 478
0 37 289 337 478 500
0 37 289 337 500 523
0 37 289 337 523 546
0 37 289 337 546 568
0 37 289 337 568 591
0 37 289 337 591 614
0 37 289 337 614 637
0 37 289 337 637 659
0 37 289 337 659 682
0 37 289 337 682 705
0 37 289 337 705 728
0 37 337 386 0 23
0 37 337 386 23 46
0 37 337 386 46 69
0 37 337 386 69 91
0 37 337 386 91 114
0 37 337 386 114 137
0 37 337 386 137 160
0 37 337 386 160 182
0 37 337 386 182 205
0 37 337 386 205 228
0 37 337 386 228 250
0 37 337 386 250 273
0 37 337 386 273 296
0 37 337 386 296 319
0 37 337 386 319 341
0 37 337 386 341 364
0 37 337 386 364 387
0 37 337 386 387 409
0 37 337 386 409 432
0 37 337 386 432 455
0 37 337 386 455 478
0 37 337 386 478 500
0 37 337 386 500 523
0 37 337 386 523 546
0 37 337 386 546 568
0 37 337 386 568 591
0 37 337 386 591 614
0 37 337 386 614 637
0 37 337 386 637 659
0 37 337 386 659 682
0 37 337 386 682 705
0 37 337 386 705 728
37 74 0 49 0 23
37 74 0 49 23 46
37 74 0 49 46 69
37 74 0 49 69 91
37 74 0 49 91 114
37 74 0 49 114 137
37 74 0 49 137 160
37 74 0 49 160 182
37 74 0 49 182 205
37 74 0 49 205 228
37 74 0 49 228 250
37 74 0 49 250 273
37 74 0 49 273 296
37 74 0 49 296 319
37 74 0 49 319 341
37 74 0 49 341 364
37 74 0 49 364 387
37 74 0 49 387 409
37 74 0 49 409 432
37 74 0 49 432 455
37 74 0 49 455 478
37 74 0 49 478 500
37 74 0 49 500 523
37 74 0 49 523 546
37 74 0 49 546 568
37 74 0 49 568 591
37 74 0 49 591 614
37 74 0 49 614 637
37 74 0 49 637 659
37 74 0 49 659 682
37 74 0 49 682 705
37 74 0 49 705 728
37 74 49 97 0 23
37 74 49 97 23 46
37 74 49 97 46 69
37 74 49 97 69 91
37 74 49 97 91 114
37 74 49 97 114 137
37 74 49 97 137 160
37 74 49 97 160 182
37 74 49 97 182 205
37 74 49 97 205 228
37 74 49 97 228 250
37 74 49 97 250 273
37 74 49 97 273 296
37 74 49 97 296 319
37 74 49 97 319 341
37 74 49 97 341 364
37 74 49 97 364 387
37 74 49 97 387 409
37 74 49 97 409 432
37 74 49 97 432 455
37 74 49 97 455 478
37 74 49 97 478 500
37 74 49 97 500 523
37 74 49 97 523 546
37 74 49 97 546 568
37 74 49 97 568 591
37 74 49 97 591 614
37 74 49 97 614 637
37 74 49 97 637 659
37 74 49 97 659 682
37 74 49 97 682 705
37 74 49 97 705 728
37 74 97 145 0 23
37 74 97 145 23 46
37 74 97 145 46 69
37 74 97 145 69 91
37 74 97 145 91 114
37 74 97 145 114 137
37 74 97 145 137 160
37 74 97 145 160 182
37 74 97 145 182 205
37 74 97 145 205 228
37 74 97 145 228 250
37 74 97 145 250 273
37 74 97 145 273 296
37 74 97 145 296 319
37 74 97 145 319 341
37 74 97 145 341 364
37 74 97 145 364 387
37 74 97 145 387 409
37 74 97 145 409 432
37 74 97 145 432 455
37 74 97 145 455 478
37 74 97 145 478 500
37 74 97 145 500 523
37 74 97 145 523 546
37 74 97 145 546 568
37 74 97 145 568 591
37 74 97 145 591 614
37 74 97 145 614 637
37 74 97 145 637 659
37 74 97 145 659 682
37 74 97 145 682 705
37 74 97 145 705 728
37 74 145 193 0 23
37 74 145 193 23 46
37 74 145 193 46 69
37 74 145 193 69 91
37 74 145 193 91 114
37 74 145 193 114 137
37 74 145 193 137 160
37 74 145 193 160 182
37 74 145 193 182 205
37 74 145 193 205 228
37 74 145 193 228 250
37 74 145 193 250 273
37 74 145 193 273 296
37 74 145 193 296 319
37 74 145 193 319 341
37 74 145 193 341 364
37 74 145 193 364 387
37 74 145 193 387 409
37 74 145 193 409 432
37 74 145 193 432 455
37 74 145 193 455 478
37 74 145 193 478 500
37 74 145 193 500 523
37 74 145 193 523 546
37 74 145 193 546 568
37 74 145 193 568 591
37 74 145 193 591 614
37 74 145 193 614 637
37 74 145 193 637 659
37 74 145 193 659 682
37 74 145 193 682 705
37 74 145 193 705 728
37 74 193 241 0 23
37 74 193 241 23 46
37 74 193 241 46 69
37 74 193 241 69 91
37 74 193 241 91 114
37 74 193 241 114 137
37 74 193 241 137 160
37 74 193 241 160 182
37 74 193 241 182 205
37 74 193 241 205 228
37 74 193 241 228 250
37 74 193 241 250 273
37 74 193 241 273 296
37 74 193 241 296 319
37 74 193 241 319 341
37 74 193 241 341 364
37 74 193 241 364 387
37 74 193 241 387 409
37 74 193 241 409 432
37 74 193 241 432 455
37 74 193 241 455 478
37 74 193 241 478 500
37 74 193 241 500 523
37 74 193 241 523 546
37 74 193 241 546 568
37 74 193 241 568 591
37 74 193 241 591 614
37 74 193 241 614 637
37 74 193 241 637 659
37 74 193 241 659 682
37 74 193 241 682 705
37 74 193 241 705 728
37 74 241 289 0 23
37 74 241 289 23 46
37 74 241 289 46 69
37 74 241 289 69 91
37 74 241 289 91 114
37 74 241 289 114 137
37 74 241 289 137 160
37 74 241 289 160 182
37 74 241 289 182 205
37 74 241 289 205 228
37 74 241 289 228 250
37 74 241 289 250 273
37 74 241 289 273 296
37 74 241 289 296 319
37 74 241 289 319 341
37 74 241 289 341 364
37 74 241 289 364 387
37 74 241 289 387 409
37 74 241 289 409 432
37 74 241 289 432 455
37 74 241 289 455 478
37 74 241 289 478 500
37 74 241 289 500 523
37 74 241 289 523 546
37 74 241 289 546 568
37 74 241 289 568 591
37 74 241 289 591 614
37 74 241 289 614 637
37 74 241 289 637 659
37 74 241 289 659 682
37 74 241 289 682 705
37 74 241 289 705 728
37 74 289 337 0 23
37 74 289 337 23 46
37 74 289 337 46 69
37 74 289 337 69 91
37 74 289 337 91 114
37 74 289 337 114 137
37 74 289 337 137 160
37 74 289 337 160 182
37 74 289 337 182 205
37 74 289 337 205 228
37 74 289 337 228 250
37 74 289 337 250 273
37 74 289 337 273 296
37 74 289 337 296 319
37 74 289 337 319 341
37 74 289 337 341 364
37 74 289 337 364 387
37 74 289 337 387 409
37 74 289 337 409 432
37 74 289 337 432 455
37 74 289 337 455 478
37 74 289 337 478 500
37 74 289 337 500 523
37 74 289 337 523 546
37 74 289 337 546 568
37 74 289 337 568 591
37 74 289 337 591 614
37 74 289 337 614 637
37 74 289 337 637 659
37 74 289 337 659 682
37 74 289 337 682 705
37 74 289 337 705 728
37 74 337 386 0 23
37 74 337 386 23 46
37 74 337 386 46 69
37 74 337 386 69 91
37 74 337 386 91 114
37 74 337 386 114 137
37 74 337 386 137 160
37 74 337 386 160 182
37 74 337 386 182 205
37 74 337 386 205 228
37 74 337 386 228 250
37 74 337 386 250 273
37 74 337 386 273 296
37 74 337 386 296 319
37 74 337 386 319 341
37 74 337 386 341 364
37 74 337 386 364 387
37 74 337 386 387 409
37 74 337 386 409 432
37 74 337 386 432 455
37 74 337 386 455 478
37 74 337 386 478 500
37 74 337 386 500 523
37 74 337 386 523 546
37 74 337 386 546 568
37 74 337 386 568 591
37 74 337 386 591 614
37 74 337 386 614 637
37 74 337 386 637 659
37 74 337 386 659 682
37 74 337 386 682 705
37 74 337 386 705 728
74 110 0 49 0 23
74 110 0 49 23 46
74 110 0 49 46 69
74 110 0 49 69 91
74 110 0 49 91 114
74 110 0 49 114 137
74 110 0 49 137 160
74 110 0 49 160 182
74 110 0 49 182 205
74 110 0 49 205 228
74 110 0 49 228 250
74 110 0 49 250 273
74 110 0 49 273 296
74 110 0 49 296 319
74 110 0 49 319 341
74 110 0 49 341 364
74 110 0 49 364 387
74 110 0 49 387 409
74 110 0 49 409 432
74 110 0 49 432 455
74 110 0 49 455 478
74 110 0 49 478 500
74 110 0 49 500 523
74 110 0 49 523 546
74 110 0 49 546 568
74 110 0 49 568 591
74 110 0 49 591 614
74 110 0 49 614 637
74 110 0 49 637 659
74 110 0 49 659 682
74 110 0 49 682 705
74 110 0 49 705 728
74 110 49 97 0 23
74 110 49 97 23 46
74 110 49 97 46 69
74 110 49 97 69 91
74 110 49 97 91 114
74 110 49 97 114 137
74 110 49 97 137 160
74 110 49 97 160 182
74 110 49 97 182 205
74 110 49 97 205 228
74 110 49 97 228 250
74 110 49 97 250 273
74 110 49 97 273 296
74 110 49 97 296 319
74 110 49 97 319 341
74 110 49 97 341 364
74 110 49 97 364 387
74 110 49 97 387 409
74 110 49 97 409 432
74 110 49 97 432 455
74 110 49 97 455 478
74 110 49 97 478 500
74 110 49 97 500 523
74 110 49 97 523 546
74 110 49 97 546 568
74 110 49 97 568 591
74 110 49 97 591 614
74 110 49 97 614 637
74 110 49 97 637 659
74 110 49 97 659 682
74 110 49 97 682 705
74 110 49 97 705 728
74 110 97 145 0 23
74 110 97 145 23 46
74 110 97 145 46 69
74 110 97 145 69 91
74 110 97 145 91 114
74 110 97 145 114 137
74 110 97 145 137 160
74 110 97 145 160 182
74 110 97 145 182 205
74 110 97 145 205 228
74 110 97 145 228 250
74 110 97 145 250 273
74 110 97 145 273 296
74 110 97 145 296 319
74 110 97 145 319 341
74 110 97 145 341 364
74 110 97 145 364 387
74 110 97 145 387 409
74 110 97 145 409 432
74 110 97 145 432 455
74 110 97 145 455 478
74 110 97 145 478 500
74 110 97 145 500 523
74 110 97 145 523 546
74 110 97 145 546 568
74 110 97 145 568 591
74 110 97 145 591 614
74 110 97 145 614 637
74 110 97 145 637 659
74 110 97 145 659 682
74 110 97 145 682 705
74 110 97 145 705 728
74 110 145 193 0 23
74 110 145 193 23 46
74 110 145 193 46 69
74 110 145 193 69 91
74 110 145 193 91 114
74 110 145 193 114 137
74 110 145 193 137 160
74 110 145 193 160 182
74 110 145 193 182 205
74 110 145 193 205 228
74 110 145 193 228 250
74 110 145 193 250 273
74 110 145 193 273 296
74 110 145 193 296 319
74 110 145 193 319 341
74 110 145 193 341 364
74 110 145 193 364 387
74 110 145 193 387 409
74 110 145 193 409 432
74 110 145 193 432 455
74 110 145 193 455 478
74 110 145 193 478 500
74 110 145 193 500 523
74 110 145 193 523 546
74 110 145 193 546 568
74 110 145 193 568 591
74 110 145 193 591 614
74 110 145 193 614 637
74 110 145 193 637 659
74 110 145 193 659 682
74 110 145 193 682 705
74 110 145 193 705 728
74 110 193 241 0 23
74 110 193 241 23 46
74 110 193 241 46 69
74 110 193 241 69 91
74 110 193 241 91 114
74 110 193 241 114 137
74 110 193 241 137 160
74 110 193 241 160 182
74 110 193 241 182 205
74 110 193 241 205 228
74 110 193 241 228 250
74 110 193 241 250 273
74 110 193 241 273 296
74 110 193 241 296 319
74 110 193 241 319 341
74 110 193 241 341 364
74 110 193 241 364 387
74 110 193 241 387 409
74 110 193 241 409 432
74 110 193 241 432 455
74 110 193 241 455 478
74 110 193 241 478 500
74 110 193 241 500 523
74 110 193 241 523 546
74 110 193 241 546 568
74 110 193 241 568 591
74 110 193 241 591 614
74 110 193 241 614 637
74 110 193 241 637 659
74 110 193 241 659 682
74 110 193 241 682 705
74 110 193 241 705 728
74 110 241 289 0 23
74 110 241 289 23 46
74 110 241 289 46 69
74 110 241 289 69 91
74 110 241 289 91 114
74 110 241 289 114 137
74 110 241 289 137 160
74 110 241 289 160 182
74 110 241 289 182 205
74 110 241 289 205 228
74 110 241 289 228 250
74 110 241 289 250 273
74 110 241 289 273 296
74 110 241 289 296 319
74 110 241 289 319 341
74 110 241 289 341 364
74 110 241 289 364 387
74 110 241 289 387 409
74 110 241 289 409 432
74 110 241 289 432 455
74 110 241 289 455 478
74 110 241 289 478 500
74 110 241 289 500 523
74 110 241 289 523 546
74 110 241 289 546 568
74 110 241 289 568 591
74 110 241 289 591 614
74 110 241 289 614 637
74 110 241 289 637 659
74 110 241 289 659 682
74 110 241 289 682 705
74 110 241 289 705 728
74 110 289 337 0 23
74 110 289 337 23 46
74 110 289 337 46 69
74 110 289 337 69 91
74 110 289 337 91 114
74 110 289 337 114 137
74 110 289 337 137 160
74 110 289 337 160 182
74 110 289 337 182 205
74 110 289 337 205 228
74 110 289 337 228 250
74 110 289 337 250 273
74 110 289 337 273 296
74 110 289 337 296 319
74 110 289 337 319 341
74 110 289 337 341 364
74 110 289 337 364 387
74 110 289 337 387 409
74 110 289 337 409 432
74 110 289 337 432 455
74 110 289 337 455 478
74 110 289 337 478 500
74 110 289 337 500 523
74 110 289 337 523 546
74 110 289 337 546 568
74 110 289 337 568 591
74 110 289 337 591 614
74 110 289 337 614 637
74 110 289 337 637 659
74 110 289 337 659 682
74 110 289 337 682 705
74 110 289 337 705 728
74 110 337 386 0 23
74 110 337 386 23 46
74 110 337 386 46 69
74 110 337 386 69 91
74 110 337 386 91 114
74 110 337 386 114 137
74 110 337 386 137 160
74 110 337 386 160 182
74 110 337 386 182 205
74 110 337 386 205 228
74 110 337 386 228 250
74 110 337 386 250 273
74 110 337 386 273 296
74 110 337 386 296 319
74 110 337 386 319 341
74 110 337 386 341 364
74 110 337 386 364 387
74 110 337 386 387 409
74 110 337 386 409 432
74 110 337 386 432 455
74 110 337 386 455 478
74 110 337 386 478 500
74 110 337 386 500 523
74 110 337 386 523 546
74 110 337 386 546 568
74 110 337 386 568 591
74 110 337 386 591 614
74 110 337 386 614 637
74 110 337 386 637 659
74 110 337 386 659 682
74 110 337 386 682 705
74 110 337 386 705 728
110 147 0 49 0 23
110 147 0 49 23 46
110 147 0 49 46 69
110 147 0 49 69 91
110 147 0 49 91 114
110 147 0 49 114 137
110 147 0 49 137 160
110 147 0 49 160 182
110 147 0 49 182 205
110 147 0 49 205 228
110 147 0 49 228 250
110 147 0 49 250 273
110 147 0 49 273 296
110 147 0 49 296 319
110 147 0 49 319 341
110 147 0 49 341 364
110 147 0 49 364 387
110 147 0 49 387 409
110 147 0 49 409 432
110 147 0 49 432 455
110 147 0 49 455 478
110 147 0 49 478 500
110 147 0 49 500 523
110 147 0 49 523 546
110 147 0 49 546 568
110 147 0 49 568 591
110 147 0 49 591 614
110 147 0 49 614 637
110 147 0 49 637 659
110 147 0 49 659 682
110 147 0 49 682 705
110 147 0 49 705 728
110 147 49 97 0 23
110 147 49 97 23 46
110 147 49 97 46 69
110 147 49 97 69 91
110 147 49 97 91 114
110 147 49 97 114 137
110 147 49 97 137 160
110 147 49 97 160 182
110 147 49 97 182 205
110 147 49 97 205 228
110 147 49 97 228 250
110 147 49 97 250 273
110 147 49 97 273 296
110 147 49 97 296 319
110 147 49 97 319 341
110 147 49 97 341 364
110 147 49 97 364 387
110 147 49 97 387 409
110 147 49 97 409 432
110 147 49 97 432 455
110 147 49 97 455 478
110 147 49 97 478 500
110 147 49 97 500 523
110 147 49 97 523 546
110 147 49 97 546 568
110 147 49 97 568 591
110 147 49 97 591 614
110 147 49 97 614 637
110 147 49 97 637 659
110 147 49 97 659 682
110 147 49 97 682 705
110 147 49 97 705 728
110 147 97 145 0 23
110 147 97 145 23 46
110 147 97 145 46 69
110 147 97 145 69 91
110 147 97 145 91 114
110 147 97 145 114 137
110 147 97 145 137 160
110 147 97 145 160 182
110 147 97 145 182 205
110 147 97 145 205 228
110 147 97 145 228 250
110 147 97 145 250 273
110 147 97 145 273 296
110 147 97 145 296 319
110 147 97 145 319 341
110 147 97 145 341 364
110 147 97 145 364 387
110 147 97 145 387 409
110 147 97 145 409 432
110 147 97 145 432 455
110 147 97 145 455 478
110 147 97 145 478 500
110 147 97 145 500 523
110 147 97 145 523 546
110 147 97 145 546 568
110 147 97 145 568 591
110 147 97 145 591 614
110 147 97 145 614 637
110 147 97 145 637 659
110 147 97 145 659 682
110 147 97 145 682 705
110 147 97 145 705 728
110 147 145 193 0 23
110 147 145 193 23 46
110 147 145 193 46 69
110 147 145 193 69 91
110 147 145 193 91 114
110 147 145 193 114 137
110 147 145 193 137 160
110 147 145 193 160 182
110 147 145 193 182 205
110 147 145 193 205 228
110 147 145 193 228 250
110 147 145 193 250 273
110 147 145 193 273 296
110 147 145 193 296 319
110 147 145 193 319 341
110 147 145 193 341 364
110 147 145 193 364 387
110 147 145 193 387 409
110 147 145 193 409 432
110 147 145 193 432 455
110 147 145 193 455 478
110 147 145 193 478 500
110 147 145 193 500 523
110 147 145 193 523 546
110 147 145 193 546 568
110 147 145 193 568 591
110 147 145 193 591 614
110 147 145 193 614 637
110 147 145 193 637 659
110 147 145 193 659 682
110 147 145 193 682 705
110 147 145 193 705 728
110 147 193 241 0 23
110 147 193 241 23 46
110 147 193 241 46 69
110 147 193 241 69 91
110 147 193 241 91 114
110 147 193 241 114 137
110 147 193 241 137 160
110 147 193 241 160 182
110 147 193 241 182 205
110 147 193 241 205 228
110 147 193 241 228 250
110 147 193 241 250 273
110 147 193 241 273 296
110 147 193 241 296 319
110 147 193 241 319 341
110 147 193 241 341 364
110 147 193 241 364 387
110 147 193 241 387 409
110 147 193 241 409 432
110 147 193 241 432 455
110 147 193 241 455 478
110 147 193 241 478 500
110 147 193 241 500 523
110 147 193 241 523 546
110 147 193 241 546 568
110 147 193 241 568 591
110 147 193 241 591 614
110 147 193 241 614 637
110 147 193 241 637 659
110 147 193 241 659 682
110 147 193 241 682 705
110 147 193 241 705 728
110 147 241 289 0 23
110 147 241 289 23 46
110 147 241 289 46 69
110 147 241 289 69 91
110 147 241 289 91 114
110 147 241 289 114 137
110 147 241 289 137 160
110 147 241 289 160 182
110 147 241 289 182 205
110 147 241 289 205 228
110 147 241 289 228 250
110 147 241 289 250 273
110 147 241 289 273 296
110 147 241 289 296 319
110 147 241 289 319 341
110 147 241 289 341 364
110 147 241 289 364 387
110 147 241 289 387 409
110 147 241 289 409 432
110 147 241 289 432 455
110 147 241 289 455 478
110 147 241 289 478 500
110 147 241 289 500 523
110 147 241 289 523 546
110 147 241 289 546 568
110 147 241 289 568 591
110 147 241 289 591 614
110 147 241 289 614 637
110 147 241 289 637 659
110 147 241 289 659 682
110 147 241 289 682 705
110 147 241 289 705 728
110 147 289 337 0 23
110 147 289 337 23 46
110 147 289 337 46 69
110 147 289 337 69 91
110 147 289 337 91 114
110 147 289 337 114 137
110 147 289 337 137 160
110 147 289 337 160 182
110 147 289 337 182 205
110 147 289 337 205 228
110 147 289 337 228 250
110 147 289 337 250 273
110 147 289 337 273 296
110 147 289 337 296 319
110 147 289 337 319 341
110 147 289 337 341 364
110 147 289 337 364 387
110 147 289 337 387 409
110 147 289 337 409 432
110 147 289 337 432 455
110 147 289 337 455 478
110 147 289 337 478 500
110 147 289 337 500 523
110 147 289 337 523 546
110 147 289 337 546 568
110 147 289 337 568 591
110 147 289 337 591 614
110 147 289 337 614 637
110 147 289 337 637 659
110 147 289 337 659 682
110 147 289 337 682 705
110 147 289 337 705 728
110 147 337 386 0 23
110 147 337 386 23 46
110 147 337 386 46 69
110 147 337 386 69 91
110 147 337 386 91 114
110 147 337 386 114 137
110 147 337 386 137 160
110 147 337 386 160 182
110 147 337 386 182 205
110 147 337 386 205 228
110 147 337 386 228 250
110 147 337 386 250 273
110 147 337 386 273 296
110 147 337 386 296 319
110 147 337 386 319 341
110 147 337 386 341 364
110 147 337 386 364 387
110 147 337 386 387 409
110 147 337 386 409 432
110 147 337 386 432 455
110 147 337 386 455 478
110 147 337 386 478 500
110 147 337 386 500 523
110 147 337 386 523 546
110 147 337 386 546 568
110 147 337 386 568 591
110 147 337 386 591 614
110 147 337 386 614 637
110 147 337 386 637 659
110 147 337 386 659 682
110 147 337 386 682 705
110 147 337 386 705 728
147 183 0 49 0 23
147 183 0 49 23 46
147 183 0 49 46 69
147 183 0 49 69 91
147 183 0 49 91 114
147 183 0 49 114 137
147 183 0 49 137 160
147 183 0 49 160 182
147 183 0 49 182 205
147 183 0 49 205 228
147 183 0 49 228 250
147 183 0 49 250 273
147 183 0 49 273 296
147 183 0 49 296 319
147 183 0 49 319 341
147 183 0 49 341 364
147 183 0 49 364 387
147 183 0 49 387 409
147 183 0 49 409 432
147 183 0 49 432 455
147 183 0 49 455 478
147 183 0 49 478 500
147 183 0 49 500 523
147 183 0 49 523 546
147 183 0 49 546 568
147 183 0 49 568 591
147 183 0 49 591 614
147 183 0 49 614 637
147 183 0 49 637 659
147 183 0 49 659 682
147 183 0 49 682 705
147 183 0 49 705 728
147 183 49 97 0 23
147 183 49 97 23 46
147 183 49 97 46 69
147 183 49 97 69 91
147 183 49 97 91 114
147 183 49 97 114 137
147 183 49 97 137 160
147 183 49 97 160 182
147 183 49 97 182 205
147 183 49 97 205 228
147 183 49 97 228 250
147 183 49 97 250 273
147 183 49 97 273 296
147 183 49 97 296 319
147 183 49 97 319 341
147 183 49 97 341 364
147 183 49 97 364 387
147 183 49 97 387 409
147 183 49 97 409 432
147 183 49 97 432 455
147 183 49 97 455 478
147 183 49 97 478 500
147 183 49 97 500 523
147 183 49 97 523 546
147 183 49 97 546 568
147 183 49 97 568 591
147 183 49 97 591 614
147 183 49 97 614 637
147 183 49 97 637 659
147 183 49 97 659 682
147 183 49 97 682 705
147 183 49 97 705 728
147 183 97 145 0 23
147 183 97 145 23 46
147 183 97 145 46 69
147 183 97 145 69 91
147 183 97 145 91 114
147 183 97 145 114 137
147 183 97 145 137 160
147 183 97 145 160 182
147 183 97 145 182 205
147 183 97 145 205 228
147 183 97 145 228 250
147 183 97 145 250 273
147 183 97 145 273 296
147 183 97 145 296 319
147 183 97 145 319 341
147 183 97 145 341 364
147 183 97 145 364 387
147 183 97 145 387 409
147 183 97 145 409 432
147 183 97 145 432 455
147 183 97 145 455 478
147 183 97 145 478 500
147 183 97 145 500 523
147 183 97 145 523 546
147 183 97 145 546 568
147 183 97 145 568 591
147 183 97 145 591 614
147 183 97 145 614 637
147 183 97 145 637 659
147 183 97 145 659 682
147 183 97 145 682 705
147 183 97 145 705 728
147 183 145 193 0 23
147 183 145 193 23 46
147 183 145 193 46 69
147 183 145 193 69 91
147 183 145 193 91 114
147 183 145 193 114 137
147 183 145 193 137 160
147 183 145 193 160 182
147 183 145 193 182 205
147 183 145 193 205 228
147 183 145 193 228 250
147 183 145 193 250 273
147 183 145 193 273 296
147 183 145 193 296 319
147 183 145 193 319 341
147 183 145 193 341 364
147 183 145 193 364 387
147 183 145 193 387 409
147 183 145 193 409 432
147 183 145 193 432 455
147 183 145 193 455 478
147 183 145 193 478 500
147 183 145 193 500 523
147 183 145 193 523 546
147 183 145 193 546 568
147 183 145 193 568 591
147 183 145 193 591 614
147 183 145 193 614 637
147 183 145 193 637 659
147 183 145 193 659 682
147 183 145 193 682 705
147 183 145 193 705 728
147 183 193 241 0 23
147 183 193 241 23 46
147 183 193 241 46 69
147 183 193 241 69 91
147 183 193 241 91 114
147 183 193 241 114 137
147 183 193 241 137 160
147 183 193 241 160 182
147 183 193 241 182 205
147 183 193 241 205 228
147 183 193 241 228 250
147 183 193 241 250 273
147 183 193 241 273 296
147 183 193 241 296 319
147 183 193 241 319 341
147 183 193 241 341 364
147 183 193 241 364 387
147 183 193 241 387 409
147 183 193 241 409 432
147 183 193 241 432 455
147 183 193 241 455 478
147 183 193 241 478 500
147 183 193 241 500 523
147 183 193 241 523 546
147 183 193 241 546 568
147 183 193 241 568 591
147 183 193 241 591 614
147 183 193 241 614 637
147 183 193 241 637 659
147 183 193 241 659 682
147 183 193 241 682 705
147 183 193 241 705 728
147 183 241 289 0 23
147 183 241 289 23 46
147 183 241 289 46 69
147 183 241 289 69 91
147 183 241 289 91 114
147 183 241 289 114 137
147 183 241 289 137 160
147 183 241 289 160 182
147 183 241 289 182 205
147 183 241 289 205 228
147 183 241 289 228 250
147 183 241 289 250 273
147 183 241 289 273 296
147 183 241 289 296 319
147 183 241 289 319 341
147 183 241 289 341 364
147 183 241 289 364 387
147 183 241 289 387 409
147 183 241 289 409 432
147 183 241 289 432 455
147 183 241 289 455 478
147 183 241 289 478 500
147 183 241 289 500 523
147 183 241 289 523 546
147 183 241 289 546 568
147 183 241 289 568 591
147 183 241 289 591 614
147 183 241 289 614 637
147 183 241 289 637 659
147 183 241 289 659 682
147 183 241 289 682 705
147 183 241 289 705 728
147 183 289 337 0 23
147 183 289 337 23 46
147 183 289 337 46 69
147 183 289 337 69 91
147 183 289 337 91 114
147 183 289 337 114 137
147 183 289 337 137 160
147 183 289 337 160 182
147 183 289 337 182 205
147 183 289 337 205 228
147 183 289 337 228 250
147 183 289 337 250 273
147 183 289 337 273 296
147 183 289 337 296 319
147 183 289 337 319 341
147 183 289 337 341 364
147 183 289 337 364 387
147 183 289 337 387 409
147 183 289 337 409 432
147 183 289 337 432 455
147 183 289 337 455 478
147 183 289 337 478 500
147 183 289 337 500 523
147 183 289 337 523 546
147 183 289 337 546 568
147 183 289 337 568 591
147 183 289 337 591 614
147 183 289 337 614 637
147 183 289 337 637 659
147 183 289 337 659 682
147 183 289 337 682 705
147 183 289 337 705 728
147 183 337 386 0 23
147 183 337 386 23 46
147 183 337 386 46 69
147 183 337 386 69 91
147 183 337 386 91 114
147 183 337 386 114 137
147 183 337 386 137 160
147 183 337 386 160 182
147 183 337 386 182 205
147 183 337 386 205 228
147 183 337 386 228 250
147 183 337 386 250 273
147 183 337 386 273 296
147 183 337 386 296 319
147 183 337 386 319 341
147 183 337 386 341 364
147 183 337 386 364 387
147 183 337 386 387 409
147 183 337 386 409 432
147 183 337 386 432 455
147 183 337 386 455 478
147 183 337 386 478 500
147 183 337 386 500 523
147 183 337 386 523 546
147 183 337 386 546 568
147 183 337 386 568 591
147 183 337 386 591 614
147 183 337 386 614 637
147 183 337 386 637 659
147 183 337 386 659 682
147 183 337 386 682 705
147 183 337 386 705 728
183 220 0 49 0 23
183 220 0 49 23 46
183 220 0 49 46 69
183 220 0 49 69 91
183 220 0 49 91 114
183 220 0 49 114 137
183 220 0 49 137 160
183 220 0 49 160 182
183 220 0 49 182 205
183 220 0 49 205 228
183 220 0 49 228 250
183 220 0 49 250 273
183 220 0 49 273 296
183 220 0 49 296 319
183 220 0 49 319 341
183 220 0 49 341 364
183 220 0 49 364 387
183 220 0 49 387 409
183 220 0 49 409 432
183 220 0 49 432 455
183 220 0 49 455 478
183 220 0 49 478 500
183 220 0 49 500 523
183 220 0 49 523 546
183 220 0 49 546 568
183 220 0 49 568 591
183 220 0 49 591 614
183 220 0 49 614 637
183 220 0 49 637 659
183 220 0 49 659 682
183 220 0 49 682 705
183 220 0 49 705 728
183 220 49 97 0 23
183 220 49 97 23 46
183 220 49 97 46 69
183 220 49 97 69 91
183 220 49 97 91 114
183 220 49 97 114 137
183 220 49 97 137 160
183 220 49 97 160 182
183 220 49 97 182 205
183 220 49 97 205 228
183 220 49 97 228 250
183 220 49 97 250 273
183 220 49 97 273 296
183 220 49 97 296 319
183 220 49 97 319 341
183 220 49 97 341 364
183 220 49 97 364 387
183 220 49 97 387 409
183 220 49 97 409 432
183 220 49 97 432 455
183 220 49 97 455 478
183 220 49 97 478 500
183 220 49 97 500 523
183 220 49 97 523 546
183 220 49 97 546 568
183 220 49 97 568 591
183 220 49 97 591 614
183 220 49 97 614 637
183 220 49 97 637 659
183 220 49 97 659 682
183 220 49 97 682 705
183 220 49 97 705 728
183 220 97 145 0 23
183 220 97 145 23 46
183 220 97 145 46 69
183 220 97 145 69 91
183 220 97 145 91 114
183 220 97 145 114 137
183 220 97 145 137 160
183 220 97 145 160 182
183 220 97 145 182 205
183 220 97 145 205 228
183 220 97 145 228 250
183 220 97 145 250 273
183 220 97 145 273 296
183 220 97 145 296 319
183 220 97 145 319 341
183 220 97 145 341 364
183 220 97 145 364 387
183 220 97 145 387 409
183 220 97 145 409 432
183 220 97 145 432 455
183 220 97 145 455 478
183 220 97 145 478 500
183 220 97 145 500 523
183 220 97 145 523 546
183 220 97 145 546 568
183 220 97 145 568 591
183 220 97 145 591 614
183 220 97 145 614 637
183 220 97 145 637 659
183 220 97 145 659 682
183 220 97 145 682 705
183 220 97 145 705 728
183 220 145 193 0 23
183 220 145 193 23 46
183 220 145 193 46 69
183 220 145 193 69 91
183 220 145 193 91 114
183 220 145 193 114 137
183 220 145 193 137 160
183 220 145 193 160 182
183 220 145 193 182 205
183 220 145 193 205 228
183 220 145 193 228 250
183 220 145 193 250 273
183 220 145 193 273 296
183 220 145 193 296 319
183 220 145 193 319 341
183 220 145 193 341 364
183 220 145 193 364 387
183 220 145 193 387 409
183 220 145 193 409 432
183 220 145 193 432 455
183 220 145 193 455 478
183 220 145 193 478 500
183 220 145 193 500 523
183 220 145 193 523 546
183 220 145 193 546 568
183 220 145 193 568 591
183 220 145 193 591 614
183 220 145 193 614 637
183 220 145 193 637 659
183 220 145 193 659 682
183 220 145 193 682 705
183 220 145 193 705 728
183 220 193 241 0 23
183 220 193 241 23 46
183 220 193 241 46 69
183 220 193 241 69 91
183 220 193 241 91 114
183 220 193 241 114 137
183 220 193 241 137 160
183 220 193 241 160 182
183 220 193 241 182 205
183 220 193 241 205 228
183 220 193 241 228 250
183 220 193 241 250 273
183 220 193 241 273 296
183 220 193 241 296 319
183 220 193 241 319 341
183 220 193 241 341 364
183 220 193 241 364 387
183 220 193 241 387 409
183 220 193 241 409 432
183 220 193 241 432 455
183 220 193 241 455 478
183 220 193 241 478 500
183 220 193 241 500 523
183 220 193 241 523 546
183 220 193 241 546 568
183 220 193 241 568 591
183 220 193 241 591 614
183 220 193 241 614 637
183 220 193 241 637 659
183 220 193 241 659 682
183 220 193 241 682 705
183 220 193 241 705 728
183 220 241 289 0 23
183 220 241 289 23 46
183 220 241 289 46 69
183 220 241 289 69 91
183 220 241 289 91 114
183 220 241 289 114 137
183 220 241 289 137 160
183 220 241 289 160 182
183 220 241 289 182 205
183 220 241 289 205 228
183 220 241 289 228 250
183 220 241 289 250 273
183 220 241 289 273 296
183 220 241 289 296 319
183 220 241 289 319 341
183 220 241 289 341 364
183 220 241 289 364 387
183 220 241 289 387 409
183 220 241 289 409 432
183 220 241 289 432 455
183 220 241 289 455 478
183 220 241 289 478 500
183 220 241 289 500 523
183 220 241 289 523 546
183 220 241 289 546 568
183 220 241 289 568 591
183 220 241 289 591 614
183 220 241 289 614 637
183 220 241 289 637 659
183 220 241 289 659 682
183 220 241 289 682 705
183 220 241 289 705 728
183 220 289 337 0 23
183 220 289 337 23 46
183 220 289 337 46 69
183 220 289 337 69 91
183 220 289 337 91 114
183 220 289 337 114 137
183 220 289 337 137 160
183 220 289 337 160 182
183 220 289 337 182 205
183 220 289 337 205 228
183 220 289 337 228 250
183 220 289 337 250 273
183 220 289 337 273 296
183 220 289 337 296 319
183 220 289 337 319 341
183 220 289 337 341 364
183 220 289 337 364 387
183 220 289 337 387 409
183 220 289 337 409 432
183 220 289 337 432 455
183 220 289 337 455 478
183 220 289 337 478 500
183 220 289 337 500 523
183 220 289 337 523 546
183 220 289 337 546 568
183 220 289 337 568 591
183 220 289 337 591 614
183 220 289 337 614 637
183 220 289 337 637 659
183 220 289 337 659 682
183 220 289 337 682 705
183 220 289 337 705 728
183 220 337 386 0 23
183 220 337 386 23 46
183 220 337 386 46 69
183 220 337 386 69 91
183 220 337 386 91 114
183 220 337 386 114 137
183 220 337 386 137 160
183 220 337 386 160 182
183 220 337 386 182 205
183 220 337 386 205 228
183 220 337 386 228 250
183 220 337 386 250 273
183 220 337 386 273 296
183 220 337 386 296 319
183 220 337 386 319 341
183 220 337 386 341 364
183 220 337 386 364 387
183 220 337 386 387 409
183 220 337 386 409 432
183 220 337 386 432 455
183 220 337 386 455 478
183 220 337 386 478 500
183 220 337 386 500 523
183 220 337 386 523 546
183 220 337 386 546 568
183 220 337 386 568 591
183 220 337 386 591 614
183 220 337 386 614 637
183 220 337 386 637 659
183 220 337 386 659 682
183 220 337 386 682 705
183 220 337 386 705 728
220 256 0 49 0 23
220 256 0 49 23 46
220 256 0 49 46 69
220 256 0 49 69 91
220 256 0 49 91 114
220 256 0 49 114 137
220 256 0 49 137 160
220 256 0 49 160 182
220 256 0 49 182 205
220 256 0 49 205 228
220 256 0 49 228 250
220 256 0 49 250 273
220 256 0 49 273 296
220 256 0 49 296 319
220 256 0 49 319 341
220 256 0 49 341 364
220 256 0 49 364 387
220 256 0 49 387 409
220 256 0 49 409 432
220 256 0 49 432 455
220 256 0 49 455 478
220 256 0 49 478 500
220 256 0 49 500 523
220 256 0 49 523 546
220 256 0 49 546 568
220 256 0 49 568 591
220 256 0 49 591 614
220 256 0 49 614 637
220 256 0 49 637 659
220 256 0 49 659 682
220 256 0 49 682 705
220 256 0 49 705 728
220 256 49 97 0 23
220 256 49 97 23 46
220 256 49 97 46 69
220 256 49 97 69 91
220 256 49 97 91 114
220 256 49 97 114 137
220 256 49 97 137 160
220 256 49 97 160 182
220 256 49 97 182 205
220 256 49 97 205 228
220 256 49 97 228 250
220 256 49 97 250 273
220 256 49 97 273 296
220 256 49 97 296 319
220 256 49 97 319 341
220 256 49 97 341 364
220 256 49 97 364 387
220 256 49 97 387 409
220 256 49 97 409 432
220 256 49 97 432 455
220 256 49 97 455 478
220 256 49 97 478 500
220 256 49 97 500 523
220 256 49 97 523 546
220 256 49 97 546 568
220 256 49 97 568 591
220 256 49 97 591 614
220 256 49 97 614 637
220 256 49 97 637 659
220 256 49 97 659 682
220 256 49 97 682 705
220 256 49 97 705 728
220 256 97 145 0 23
220 256 97 145 23 46
220 256 97 145 46 69
220 256 97 145 69 91
220 256 97 145 91 114
220 256 97 145 114 137
220 256 97 145 137 160
220 256 97 145 160 182
220 256 97 145 182 205
220 256 97 145 205 228
220 256 97 145 228 250
220 256 97 145 250 273
220 256 97 145 273 296
220 256 97 145 296 319
220 256 97 145 319 341
220 256 97 145 341 364
220 256 97 145 364 387
220 256 97 145 387 409
220 256 97 145 409 432
220 256 97 145 432 455
220 256 97 145 455 478
220 256 97 145 478 500
220 256 97 145 500 523
220 256 97 145 523 546
220 256 97 145 546 568
220 256 97 145 568 591
220 256 97 145 591 614
220 256 97 145 614 637
220 256 97 145 637 659
220 256 97 145 659 682
220 256 97 145 682 705
220 256 97 145 705 728
220 256 145 193 0 23
220 256 145 193 23 46
220 256 145 193 46 69
220 256 145 193 69 91
220 256 145 193 91 114
220 256 145 193 114 137
220 256 145 193 137 160
220 256 145 193 160 182
220 256 145 193 182 205
220 256 145 193 205 228
220 256 145 193 228 250
220 256 145 193 250 273
220 256 145 193 273 296
220 256 145 193 296 319
220 256 145 193 319 341
220 256 145 193 341 364
220 256 145 193 364 387
220 256 145 193 387 409
220 256 145 193 409 432
220 256 145 193 432 455
220 256 145 193 455 478
220 256 145 193 478 500
220 256 145 193 500 523
220 256 145 193 523 546
220 256 145 193 546 568
220 256 145 193 568 591
220 256 145 193 591 614
220 256 145 193 614 637
220 256 145 193 637 659
220 256 145 193 659 682
220 256 145 193 682 705
220 256 145 193 705 728
220 256 193 241 0 23
220 256 193 241 23 46
220 256 193 241 46 69
220 256 193 241 69 91
220 256 193 241 91 114
220 256 193 241 114 137
220 256 193 241 137 160
220 256 193 241 160 182
220 256 193 241 182 205
220 256 193 241 205 228
220 256 193 241 228 250
220 256 193 241 250 273
220 256 193 241 273 296
220 256 193 241 296 319
220 256 193 241 319 341
220 256 193 241 341 364
220 256 193 241 364 387
220 256 193 241 387 409
220 256 193 241 409 432
220 256 193 241 432 455
220 256 193 241 455 478
220 256 193 241 478 500
220 256 193 241 500 523
220 256 193 241 523 546
220 256 193 241 546 568
220 256 193 241 568 591
220 256 193 241 591 614
220 256 193 241 614 637
220 256 193 241 637 659
220 256 193 241 659 682
220 256 193 241 682 705
220 256 193 241 705 728
220 256 241 289 0 23
220 256 241 289 23 46
220 256 241 289 46 69
220 256 241 289 69 91
220 256 241 289 91 114
220 256 241 289 114 137
220 256 241 289 137 160
220 256 241 289 160 182
220 256 241 289 182 205
220 256 241 289 205 228
220 256 241 289 228 250
220 256 241 289 250 273
220 256 241 289 273 296
220 256 241 289 296 319
220 256 241 289 319 341
220 256 241 289 341 364
220 256 241 289 364 387
220 256 241 289 387 409
220 256 241 289 409 432
220 256 241 289 432 455
220 256 241 289 455 478
220 256 241 289 478 500
220 256 241 289 500 523
220 256 241 289 523 546
220 256 241 289 546 568
220 256 241 289 568 591
220 256 241 289 591 614
220 256 241 289 614 637
220 256 241 289 637 659
220 256 241 289 659 682
220 256 241 289 682 705
220 256 241 289 705 728
220 256 289 337 0 23
220 256 289 337 23 46
220 256 289 337 46 69
220 256 289 337 69 91
220 256 289 337 91 114
220 256 289 337 114 137
220 256 289 337 137 160
220 256 289 337 160 182
220 256 289 337 182 205
220 256 289 337 205 228
220 256 289 337 228 250
220 256 289 337 250 273
220 256 289 337 273 296
220 256 289 337 296 319
220 256 289 337 319 341
220 256 289 337 341 364
220 256 289 337 364 387
220 256 289 337 387 409
220 256 289 337 409 432
220 256 289 337 432 455
220 256 289 337 455 478
220 256 289 337 478 500
220 256 289 337 500 523
220 256 289 337 523 546
220 256 289 337 546 568
220 256 289 337 568 591
220 256 289 337 591 614
220 256 289 337 614 637
220 256 289 337 637 659
220 256 289 337 659 682
220 256 289 337 682 705
220 256 289 337 705 728
220 256 337 386 0 23
220 256 337 386 23 46
220 256 337 386 46 69
220 256 337 386 69 91
220 256 337 386 91 114
220 256 337 386 114 137
220 256 337 386 137 160
220 256 337 386 160 182
220 256 337 386 182 205
220 256 337 386 205 228
220 256 337 386 228 250
220 256 337 386 250 273
220 256 337 386 273 296
220 256 337 386 296 319
220 256 337 386 319 341
220 256 337 386 341 364
220 256 337 386 364 387
220 256 337 386 387 409
220 256 337 386 409 432
220 256 337 386 432 455
220 256 337 386 455 478
220 256 337 386 478 500
220 256 337 386 500 523
220 256 337 386 523 546
220 256 337 386 546 568
220 256 337 386 568 591
220 256 337 386 591 614
220 256 337 386 614 637
220 256 337 386 637 659
220 256 337 386 659 682
220 256 337 386 682 705
220 256 337 386 705 728
256 294 0 49 0 23
256 294 0 49 23 46
256 294 0 49 46 69
256 294 0 49 69 91
256 294 0 49 91 114
256 294 0 49 114 137
256 294 0 49 137 160
256 294 0 49 160 182
256 294 0 49 182 205
256 294 0 49 205 228
256 294 0 49 228 250
256 294 0 49 250 273
256 294 0 49 273 296
256 294 0 49 296 319
256 294 0 49 319 341
256 294 0 49 341 364
256 294 0 49 364 387
256 294 0 49 387 409
256 294 0 49 409 432
256 294 0 49 432 455
256 294 0 49 455 478
256 294 0 49 478 500
256 294 0 49 500 523
256 294 0 49 523 546
256 294 0 49 546 568
256 294 0 49 568 591
256 294 0 49 591 614
256 294 0 49 614 637
256 294 0 49 637 659
256 294 0 49 659 682
256 294 0 49 682 705
256 294 0 49 705 728
256 294 49 97 0 23
256 294 49 97 23 46
256 294 49 97 46 69
256 294 49 97 69 91
256 294 49 97 91 114
256 294 49 97 114 137
256 294 49 97 137 160
256 294 49 97 160 182
256 294 49 97 182 205
256 294 49 97 205 228
256 294 49 97 228 250
256 294 49 97 250 273
256 294 49 97 273 296
256 294 49 97 296 319
256 294 49 97 319 341
256 294 49 97 341 364
256 294 49 97 364 387
256 294 49 97 387 409
256 294 49 97 409 432
256 294 49 97 432 455
256 294 49 97 455 478
256 294 49 97 478 500
256 294 49 97 500 523
256 294 49 97 523 546
256 294 49 97 546 568
256 294 49 97 568 591
256 294 49 97 591 614
256 294 49 97 614 637
256 294 49 97 637 659
256 294 49 97 659 682
256 294 49 97 682 705
256 294 49 97 705 728
256 294 97 145 0 23
256 294 97 145 23 46
256 294 97 145 46 69
256 294 97 145 69 91
256 294 97 145 91 114
256 294 97 145 114 137
256 294 97 145 137 160
256 294 97 145 160 182
256 294 97 145 182 205
256 294 97 145 205 228
256 294 97 145 228 250
256 294 97 145 250 273
256 294 97 145 273 296
256 294 97 145 296 319
256 294 97 145 319 341
256 294 97 145 341 364
256 294 97 145 364 387
256 294 97 145 387 409
256 294 97 145 409 432
256 294 97 145 432 455
256 294 97 145 455 478
256 294 97 145 478 500
256 294 97 145 500 523
256 294 97 145 523 546
256 294 97 145 546 568
256 294 97 145 568 591
256 294 97 145 591 614
256 294 97 145 614 637
256 294 97 145 637 659
256 294 97 145 659 682
256 294 97 145 682 705
256 294 97 145 705 728
256 294 145 193 0 23
256 294 145 193 23 46
256 294 145 193 46 69
256 294 145 193 69 91
256 294 145 193 91 114
256 294 145 193 114 137
256 294 145 193 137 160
256 294 145 193 160 182
256 294 145 193 182 205
256 294 145 193 205 228
256 294 145 193 228 250
256 294 145 193 250 273
256 294 145 193 273 296
256 294 145 193 296 319
256 294 145 193 319 341
256 294 145 193 341 364
256 294 145 193 364 387
256 294 145 193 387 409
256 294 145 193 409 432
256 294 145 193 432 455
256 294 145 193 455 478
256 294 145 193 478 500
256 294 145 193 500 523
256 294 145 193 523 546
256 294 145 193 546 568
256 294 145 193 568 591
256 294 145 193 591 614
256 294 145 193 614 637
256 294 145 193 637 659
256 294 145 193 659 682
256 294 145 193 682 705
256 294 145 193 705 728
256 294 193 241 0 23
256 294 193 241 23 46
256 294 193 241 46 69
256 294 193 241 69 91
256 294 193 241 91 114
256 294 193 241 114 137
256 294 193 241 137 160
256 294 193 241 160 182
256 294 193 241 182 205
256 294 193 241 205 228
256 294 193 241 228 250
256 294 193 241 250 273
256 294 193 241 273 296
256 294 193 241 296 319
256 294 193 241 319 341
256 294 193 241 341 364
256 294 193 241 364 387
256 294 193 241 387 409
256 294 193 241 409 432
256 294 193 241 432 455
256 294 193 241 455 478
256 294 193 241 478 500
256 294 193 241 500 523
256 294 193 241 523 546
256 294 193 241 546 568
256 294 193 241 568 591
256 294 193 241 591 614
256 294 193 241 614 637
256 294 193 241 637 659
256 294 193 241 659 682
256 294 193 241 682 705
256 294 193 241 705 728
256 294 241 289 0 23
256 294 241 289 23 46
256 294 241 289 46 69
256 294 241 289 69 91
256 294 241 289 91 114
256 294 241 289 114 137
256 294 241 289 137 160
256 294 241 289 160 182
256 294 241 289 182 205
256 294 241 289 205 228
256 294 241 289 228 250
256 294 241 289 250 273
256 294 241 289 273 296
256 294 241 289 296 319
256 294 241 289 319 341
256 294 241 289 341 364
256 294 241 289 364 387
256 294 241 289 387 409
256 294 241 289 409 432
256 294 241 289 432 455
256 294 241 289 455 478
256 294 241 289 478 500
256 294 241 289 500 523
256 294 241 289 523 546
256 294 241 289 546 568
256 294 241 289 568 591
256 294 241 289 591 614
256 294 241 289 614 637
256 294 241 289 637 659
256 294 241 289 659 682
256 294 241 289 682 705
256 294 241 289 705 728
256 294 289 337 0 23
256 294 289 337 23 46
256 294 289 337 46 69
256 294 289 337 69 91
256 294 289 337 91 114
256 294 289 337 114 137
256 294 289 337 137 160
256 294 289 337 160 182
256 294 289 337 182 205
256 294 289 337 205 228
256 294 289 337 228 250
256 294 289 337 250 273
256 294 289 337 273 296
256 294 289 337 296 319
256 294 289 337 319 341
256 294 289 337 341 364
256 294 289 337 364 387
256 294 289 337 387 409
256 294 289 337 409 432
256 294 289 337 432 455
256 294 289 337 455 478
256 294 289 337 478 500
256 294 289 337 500 523
256 294 289 337 523 546
256 294 289 337 546 568
256 294 289 337 568 591
256 294 289 337 591 614
256 294 289 337 614 637
256 294 289 337 637 659
256 294 289 337 659 682
256 294 289 337 682 705
256 294 289 337 705 728
256 294 337 386 0 23
256 294 337 386 23 46
256 294 337 386 46 69
256 294 337 386 69 91
256 294 337 386 91 114
256 294 337 386 114 137
256 294 337 386 137 160
256 294 337 386 160 182
256 294 337 386 182 205
256 294 337 386 205 228
256 294 337 386 228 250
256 294 337 386 250 273
256 294 337 386 273 296
256 294 337 386 296 319
256 294 337 386 319 341
256 294 337 386 341 364
256 294 337 386 364 387
256 294 337 386 387 409
256 294 337 386 409 432
256 294 337 386 432 455
256 294 337 386 455 478
256 294 337 386 478 500
256 294 337 386 500 523
256 294 337 386 523 546
256 294 337 386 546 568
256 294 337 386 568 591
256 294 337 386 591 614
256 294 337 386 614 637
256 294 337 386 637 659
256 294 337 386 659 682
256 294 337 386 682 705
256 294 337 386 705 728
voxsize: 294x386x728 size:315.156372MB
voxBW: 50 14
Decomp size:2048
Initialization time: 0.034897
compute: 0.411825 seconds
evaluations: 3159635318
time: 0.471434 seconds
