hostname : cph-gpu4.uncc.edu
bounding: [1053872.965;1068485.726]x[860186.8419;879395.9741]x[3;730]
read 11056 observations
res: 50 50 1 bw: 2500 2500 14
0 64 160 386 0 728
160 192 96 160 0 728
224 256 256 320 0 728
128 160 192 224 0 728
256 294 224 320 0 728
0 96 64 128 0 728
192 294 320 352 0 728
128 160 256 320 0 728
160 192 192 224 0 448
160 192 224 256 0 728
128 160 160 192 0 728
64 96 160 224 0 728
160 192 160 192 0 728
192 224 192 224 0 728
96 128 64 128 0 728
96 294 352 386 0 728
160 192 288 352 0 728
256 294 64 224 0 728
192 224 224 256 0 728
224 256 64 192 0 728
128 160 224 256 0 728
128 160 64 128 0 728
0 96 128 160 0 728
128 160 128 160 0 728
96 128 160 192 0 728
64 96 224 386 0 728
96 128 128 160 0 728
96 128 192 224 0 728
160 192 256 288 0 728
96 128 256 352 0 728
192 224 256 288 0 728
192 224 160 192 0 728
224 256 192 224 0 728
224 256 224 256 0 728
96 128 224 256 0 728
192 224 96 160 0 728
192 224 288 320 0 728
0 294 0 64 0 728
160 224 64 96 0 728
128 160 320 352 0 728
160 192 192 224 448 728
voxsize: 294x386x728 size:315.156372MB
voxBW: 50 14
Decomp size:41
Initialization time: 0.035796
compute: 0.498245 seconds
evaluations: 3159635318
time: 0.535298 seconds
