hostname : cph-gpu1.uncc.edu
bounding: [1053872.965;1068485.726]x[860186.8419;879395.9741]x[3;730]
read 11056 observations
res: 100 100 1 bw: 250 250 1
0 64 0 192 0 384
64 148 128 194 0 384
64 148 64 128 96 288
64 148 64 128 0 96
64 148 64 128 288 728
64 148 0 64 0 728
64 148 128 194 384 728
0 64 0 192 480 672
0 64 0 192 384 480
0 64 0 192 672 728
0 64 192 194 0 728
voxsize: 148x194x728 size:79.736084MB
voxBW: 3 1
Decomp size:11
Initialization time: 0.009727
compute: 0.003297 seconds
evaluations: 1624413
time: 0.013943 seconds
