hostname : cph-gpu3.uncc.edu
bounding: [1053872.965;1068485.726]x[860186.8419;879395.9741]x[3;730]
read 11056 observations
res: 50 50 1 bw: 2500 2500 1
160 224 288 384 0 384
160 224 192 224 0 728
96 160 0 128 0 728
224 294 224 288 0 728
224 294 160 224 0 728
0 96 192 386 0 704
96 160 256 352 0 728
160 224 0 160 0 728
160 224 224 256 0 728
96 160 192 224 0 728
96 160 160 192 0 728
160 224 160 192 0 728
96 160 128 160 0 728
0 96 128 192 0 728
160 224 256 288 0 728
96 160 224 256 0 728
224 294 288 386 0 512
0 96 0 128 0 728
224 294 0 160 0 728
160 224 288 384 384 728
224 294 288 386 512 728
96 160 352 386 0 728
160 224 384 386 0 728
0 96 192 386 704 728
voxsize: 294x386x728 size:315.156372MB
voxBW: 50 1
Decomp size:24
Initialization time: 0.034078
compute: 0.113396 seconds
evaluations: 328636729
time: 0.148661 seconds
