hostname : cph-gpu3.uncc.edu
bounding: [1053872.965;1068485.726]x[860186.8419;879395.9741]x[3;730]
read 11056 observations
res: 50 50 1 bw: 2500 2500 1
64 128 224 256 0 704
96 160 96 128 0 384
64 192 64 96 0 728
160 192 96 160 0 728
160 192 192 224 0 512
224 256 256 320 0 704
128 160 192 224 0 728
256 294 224 320 0 704
128 160 256 320 0 728
160 224 288 320 0 384
160 192 224 256 0 728
128 160 160 192 0 728
64 96 96 160 0 728
160 192 160 192 0 728
64 96 160 224 0 728
192 224 192 224 0 728
0 64 64 192 0 728
256 294 64 224 0 704
192 224 224 256 0 728
224 256 64 192 0 704
128 224 320 352 0 384
128 160 224 256 0 728
128 160 128 160 0 728
96 128 160 192 0 728
96 128 256 386 0 728
96 128 128 160 0 728
96 128 192 224 0 728
160 192 256 288 0 728
192 224 256 288 0 728
0 64 192 386 0 728
192 224 160 192 0 728
224 294 320 386 0 384
224 256 192 224 0 704
192 224 64 160 0 728
224 256 224 256 0 704
128 224 352 386 0 384
64 96 256 386 0 728
0 294 0 64 0 256
128 294 320 386 384 704
160 224 288 320 384 728
96 160 96 128 384 728
160 192 192 224 512 728
0 294 0 64 256 728
128 294 320 386 704 728
224 294 224 320 704 728
224 294 64 224 704 728
64 128 224 256 704 728
voxsize: 294x386x728 size:315.156372MB
voxBW: 50 1
Decomp size:47
Initialization time: 0.036464
compute: 0.095924 seconds
evaluations: 328636729
time: 0.133763 seconds
