hostname : cph-gpu2.uncc.edu
bounding: [1053872.965;1068485.726]x[860186.8419;879395.9741]x[3;730]
read 11056 observations
res: 50 50 1 bw: 100 100 1
128 192 192 256 0 448
192 256 256 386 0 384
128 192 0 192 0 256
192 256 0 256 0 288
0 128 0 192 0 160
0 128 192 386 0 728
128 192 256 386 0 288
128 192 0 192 256 728
256 294 0 256 0 192
0 128 0 192 160 352
192 256 0 256 288 480
192 256 256 386 384 728
192 256 0 256 480 728
256 294 0 256 192 448
128 192 256 386 288 728
128 192 192 256 448 728
0 128 0 192 480 728
0 128 0 192 352 480
256 294 0 256 512 728
256 294 256 386 0 224
256 294 0 256 448 512
256 294 256 386 320 728
256 294 256 386 224 288
256 294 256 386 288 320
voxsize: 294x386x728 size:315.156372MB
voxBW: 2 1
Decomp size:24
Initialization time: 0.036196
compute: 0.005339 seconds
evaluations: 828825
time: 0.042818 seconds
