hostname : cph-c54.uncc.edu
bounding: [1053872.965;1068485.726]x[860186.8419;879395.9741]x[3;730]
read 11056 observations
res: 100 100 1 bw: 2500 2500 1
96 128 128 160 0 128
64 148 160 194 128 728
0 64 96 194 64 128
64 96 32 160 192 256
64 148 32 96 128 192
96 128 64 128 0 64
64 148 32 128 256 320
0 148 32 64 0 64
96 148 32 160 192 256
64 128 160 194 0 128
32 64 96 194 192 728
64 96 128 160 0 128
32 64 32 194 128 192
32 64 32 96 192 728
0 64 96 194 0 64
96 128 64 128 64 128
64 148 32 160 576 728
96 148 96 160 128 192
64 96 96 160 128 192
64 148 128 160 256 576
64 96 32 128 320 576
128 148 64 194 0 128
0 64 64 96 64 128
0 148 32 64 64 128
96 148 32 128 320 576
0 64 64 96 0 64
64 96 96 128 0 64
64 96 96 128 64 128
64 96 64 96 0 64
64 96 64 96 64 128
0 32 32 194 128 728
0 148 0 32 0 728
voxsize: 148x194x728 size:79.736084MB
voxBW: 25 1
Decomp size:32
Initialization time: 0.009016
compute: 0.038117 seconds
evaluations: 83992257
time: 0.055225 seconds
