hostname : cph-gpu2.uncc.edu
bounding: [1053872.965;1068485.726]x[860186.8419;879395.9741]x[3;730]
read 11056 observations
res: 50 50 1 bw: 100 100 1
96 294 224 256 128 384
96 294 0 320 0 32
96 294 160 224 128 224
96 192 224 320 32 128
96 294 0 160 96 384
192 294 224 320 32 128
96 294 256 320 128 384
0 294 0 386 384 544
0 294 0 386 544 728
0 96 0 386 0 96
96 294 320 386 0 384
96 294 160 192 32 128
96 294 0 160 32 96
96 294 160 224 224 384
96 294 192 224 32 128
0 96 0 386 96 384
voxsize: 294x386x728 size:315.156372MB
voxBW: 2 1
Decomp size:16
Initialization time: 0.036609
compute: 0.001558 seconds
evaluations: 828825
time: 0.044861 seconds
