hostname : cph-gpu1.uncc.edu
bounding: [1053872.965;1068485.726]x[860186.8419;879395.9741]x[3;730]
read 11056 observations
res: 100 100 1 bw: 250 250 1
96 148 128 194 0 384
0 64 64 128 0 192
64 148 64 96 0 192
0 96 128 194 0 384
64 96 96 128 0 288
96 148 96 128 0 288
64 148 64 128 288 728
0 148 0 64 0 288
0 148 128 194 384 704
0 64 64 128 192 480
64 148 64 96 192 288
0 148 0 64 288 728
0 64 64 128 480 728
0 148 128 194 704 728
voxsize: 148x194x728 size:79.736084MB
voxBW: 3 1
Decomp size:14
Initialization time: 0.011258
compute: 0.002166 seconds
evaluations: 1624413
time: 0.021744 seconds
