hostname : cph-gpu4.uncc.edu
bounding: [1053872.965;1068485.726]x[860186.8419;879395.9741]x[3;730]
read 11056 observations
res: 50 50 1 bw: 2500 2500 14
0 294 0 128 0 728
32 128 192 386 0 728
0 294 128 160 0 728
128 192 192 256 0 728
192 294 160 224 0 728
192 294 224 288 0 728
0 192 160 192 0 728
128 192 256 386 0 728
192 294 288 386 0 728
0 32 192 386 0 728
voxsize: 294x386x728 size:315.156372MB
voxBW: 50 14
Decomp size:10
Initialization time: 0.034634
compute: 0.9271 seconds
evaluations: 3159635318
time: 0.962549 seconds
