hostname : cph-gpu3.uncc.edu
bounding: [1053872.965;1068485.726]x[860186.8419;879395.9741]x[3;730]
read 11056 observations
res: 50 50 1 bw: 2500 2500 1
128 256 128 224 0 64
0 128 0 128 0 728
256 294 128 386 0 728
224 256 128 320 64 512
96 128 128 320 64 320
160 192 128 256 64 320
128 160 128 256 64 320
0 96 128 320 64 320
0 256 128 386 512 728
128 224 256 320 64 320
0 256 320 386 0 512
0 224 128 320 320 512
128 256 224 320 0 64
0 128 128 320 0 64
128 294 0 128 0 728
192 224 128 256 64 320
voxsize: 294x386x728 size:315.156372MB
voxBW: 50 1
Decomp size:16
Initialization time: 0.033615
compute: 0.105811 seconds
evaluations: 328636729
time: 0.140432 seconds
