hostname : cph-gpu4.uncc.edu
bounding: [1053872.965;1068485.726]x[860186.8419;879395.9741]x[3;730]
read 11056 observations
res: 50 50 1 bw: 2500 2500 14
0 96 0 256 0 728
160 224 256 386 0 728
160 224 192 256 0 728
96 160 0 160 0 728
160 224 0 192 0 728
96 160 224 386 0 728
224 294 0 256 0 728
96 160 160 224 0 728
224 294 256 386 0 728
0 96 256 386 0 728
voxsize: 294x386x728 size:315.156372MB
voxBW: 50 14
Decomp size:10
Initialization time: 0.036346
compute: 0.954196 seconds
evaluations: 3159635318
time: 0.991392 seconds
