hostname : cph-gpu1.uncc.edu
bounding: [1053872.965;1068485.726]x[860186.8419;879395.9741]x[3;730]
read 11056 observations
res: 100 100 1 bw: 250 250 1
64 128 64 128 32 64
64 128 128 194 0 64
64 128 64 128 384 728
64 128 128 194 256 728
0 64 0 194 32 64
64 128 64 128 64 96
0 64 0 194 96 160
64 128 128 194 128 256
64 128 128 194 64 128
0 64 0 194 256 728
64 128 64 128 192 256
64 128 64 128 256 384
0 64 0 194 64 96
64 128 64 128 96 128
0 64 0 194 160 256
64 128 0 64 0 728
64 128 64 128 128 160
64 128 64 128 160 192
64 128 64 128 0 32
0 64 0 194 0 32
128 148 0 128 64 96
128 148 0 128 32 64
128 148 0 128 256 352
128 148 0 128 128 192
128 148 0 128 352 728
128 148 0 128 96 128
128 148 0 128 192 256
128 148 0 128 0 32
128 148 128 194 32 64
128 148 128 194 416 728
128 148 128 194 256 416
128 148 128 194 64 96
128 148 128 194 96 128
128 148 128 194 192 256
128 148 128 194 128 160
128 148 128 194 160 192
128 148 128 194 0 32
voxsize: 148x194x728 size:79.736084MB
voxBW: 3 1
Decomp size:37
Initialization time: 0.008902
compute: 0.0016 seconds
evaluations: 1624413
time: 0.013038 seconds
