hostname : cph-gpu2.uncc.edu
bounding: [1053872.965;1068485.726]x[860186.8419;879395.9741]x[3;730]
read 11056 observations
res: 50 50 1 bw: 100 100 1
0 256 256 386 0 224
0 256 0 256 0 64
0 256 0 256 96 192
0 256 0 256 192 480
0 256 0 256 64 96
0 256 0 256 480 728
0 256 256 386 224 384
0 256 256 386 384 728
256 294 0 256 0 192
256 294 0 256 192 448
256 294 0 256 512 728
256 294 256 386 0 224
256 294 0 256 448 512
256 294 256 386 320 728
256 294 256 386 224 288
256 294 256 386 288 320
voxsize: 294x386x728 size:315.156372MB
voxBW: 2 1
Decomp size:16
Initialization time: 0.039272
compute: 0.002403 seconds
evaluations: 828825
time: 0.042766 seconds
