hostname : cph-gpu2.uncc.edu
bounding: [1053872.965;1068485.726]x[860186.8419;879395.9741]x[3;730]
read 11056 observations
res: 50 50 1 bw: 100 100 1
160 224 128 192 0 192
0 160 64 224 256 728
160 192 224 320 0 384
0 128 64 128 0 256
0 128 224 386 0 320
128 160 224 320 0 448
0 160 128 160 0 256
160 224 64 224 256 728
160 224 192 224 0 256
192 224 224 288 0 448
224 294 224 288 0 320
96 160 160 192 0 256
192 294 288 320 0 384
224 294 64 224 0 192
0 96 160 224 0 256
192 294 320 386 0 256
96 160 192 224 0 256
128 224 64 128 0 256
224 294 64 224 192 448
192 294 224 386 512 728
128 192 320 386 0 192
160 224 128 192 192 256
128 192 224 386 448 728
0 128 224 386 320 728
224 294 64 224 448 728
224 294 224 288 320 448
192 294 288 386 384 512
192 294 320 386 256 384
128 192 320 386 192 448
0 294 0 64 0 728
160 192 224 320 384 448
192 294 224 288 448 512
voxsize: 294x386x728 size:315.156372MB
voxBW: 2 1
Decomp size:32
Initialization time: 0.037723
compute: 0.00152 seconds
evaluations: 828825
time: 0.040294 seconds
