hostname : cph-c54.uncc.edu
bounding: [1053872.965;1068485.726]x[860186.8419;879395.9741]x[3;730]
read 11056 observations
res: 100 100 1 bw: 2500 2500 1
64 96 128 194 0 728
96 148 128 160 0 728
64 96 96 128 0 256
96 148 96 128 0 256
96 148 0 96 0 728
32 64 64 96 0 728
64 96 64 96 0 256
32 64 96 128 0 728
32 64 0 64 0 728
0 32 0 194 0 728
96 148 160 194 0 728
64 96 0 64 0 728
32 64 128 194 0 728
96 148 96 128 256 728
64 96 96 128 256 728
64 96 64 96 256 728
voxsize: 148x194x728 size:79.736084MB
voxBW: 25 1
Decomp size:16
Initialization time: 0.009834
compute: 0.058653 seconds
evaluations: 83992257
time: 0.069288 seconds
