hostname : cph-gpu3.uncc.edu
bounding: [1053872.965;1068485.726]x[860186.8419;879395.9741]x[3;730]
read 11056 observations
res: 50 50 1 bw: 2500 2500 1
160 256 160 192 128 256
256 294 0 386 256 728
0 96 128 192 128 728
160 256 160 192 256 728
0 96 96 128 0 728
160 256 192 224 0 64
160 256 192 224 64 128
160 256 0 160 0 64
160 256 0 160 128 256
0 96 192 386 64 128
96 128 192 386 128 256
128 160 224 386 128 256
160 256 320 386 0 64
160 256 224 256 0 64
160 256 288 320 64 192
96 128 192 386 64 128
256 294 0 386 128 256
160 256 256 288 128 256
96 128 192 386 0 64
160 256 192 224 320 728
160 256 224 256 64 128
128 160 0 160 0 64
96 128 96 160 128 728
0 96 192 386 0 64
160 256 192 224 192 320
160 256 256 288 0 64
160 256 0 160 256 728
160 256 288 320 192 728
128 160 224 386 0 64
128 160 160 224 128 256
160 256 0 160 64 128
0 96 128 192 64 128
128 160 224 386 256 728
0 96 0 96 0 728
160 256 256 288 256 728
256 294 0 386 64 128
256 294 0 386 0 64
96 128 192 386 256 728
160 256 224 256 320 728
128 160 0 160 192 728
128 160 224 386 64 128
160 256 160 192 0 64
128 160 160 224 0 64
128 160 160 224 64 128
160 256 256 288 64 128
128 160 0 160 64 128
160 256 320 386 256 728
96 128 0 96 0 728
160 256 224 256 192 320
160 256 160 192 64 128
128 160 160 224 256 728
0 96 128 192 0 64
160 256 192 224 128 192
160 256 288 320 0 64
96 128 160 192 0 128
0 96 192 386 128 256
96 128 96 160 0 64
160 256 224 256 128 192
160 256 320 386 64 128
96 128 96 160 64 128
160 256 320 386 128 256
0 96 192 386 256 728
96 128 160 192 128 728
128 160 0 160 128 192
voxsize: 294x386x728 size:315.156372MB
voxBW: 50 1
Decomp size:64
Initialization time: 0.034123
compute: 0.085558 seconds
evaluations: 328636729
time: 0.121344 seconds
