hostname : cph-gpu1.uncc.edu
bounding: [1053872.965;1068485.726]x[860186.8419;879395.9741]x[3;730]
read 11056 observations
res: 100 100 1 bw: 250 250 1
0 37 0 49 0 182
0 37 0 49 182 364
0 37 0 49 364 546
0 37 0 49 546 728
0 37 49 97 0 182
0 37 49 97 182 364
0 37 49 97 364 546
0 37 49 97 546 728
0 37 97 145 0 182
0 37 97 145 182 364
0 37 97 145 364 546
0 37 97 145 546 728
0 37 145 194 0 182
0 37 145 194 182 364
0 37 145 194 364 546
0 37 145 194 546 728
37 74 0 49 0 182
37 74 0 49 182 364
37 74 0 49 364 546
37 74 0 49 546 728
37 74 49 97 0 182
37 74 49 97 182 364
37 74 49 97 364 546
37 74 49 97 546 728
37 74 97 145 0 182
37 74 97 145 182 364
37 74 97 145 364 546
37 74 97 145 546 728
37 74 145 194 0 182
37 74 145 194 182 364
37 74 145 194 364 546
37 74 145 194 546 728
74 110 0 49 0 182
74 110 0 49 182 364
74 110 0 49 364 546
74 110 0 49 546 728
74 110 49 97 0 182
74 110 49 97 182 364
74 110 49 97 364 546
74 110 49 97 546 728
74 110 97 145 0 182
74 110 97 145 182 364
74 110 97 145 364 546
74 110 97 145 546 728
74 110 145 194 0 182
74 110 145 194 182 364
74 110 145 194 364 546
74 110 145 194 546 728
110 148 0 49 0 182
110 148 0 49 182 364
110 148 0 49 364 546
110 148 0 49 546 728
110 148 49 97 0 182
110 148 49 97 182 364
110 148 49 97 364 546
110 148 49 97 546 728
110 148 97 145 0 182
110 148 97 145 182 364
110 148 97 145 364 546
110 148 97 145 546 728
110 148 145 194 0 182
110 148 145 194 182 364
110 148 145 194 364 546
110 148 145 194 546 728
voxsize: 148x194x728 size:79.736084MB
voxBW: 3 1
Decomp size:64
Initialization time: 0.011646
compute: 0.003274 seconds
evaluations: 1624413
time: 0.016508 seconds
