hostname : cph-gpu4.uncc.edu
bounding: [1053872.965;1068485.726]x[860186.8419;879395.9741]x[3;730]
read 11056 observations
res: 50 50 1 bw: 2500 2500 14
160 224 192 224 0 728
64 192 256 288 0 728
160 256 96 160 0 728
64 224 288 320 0 728
224 256 160 256 0 728
64 96 128 256 0 728
128 160 192 256 0 728
160 224 224 256 0 728
96 160 160 192 0 728
160 224 160 192 0 728
64 224 320 386 0 728
192 294 256 288 0 728
0 294 0 96 0 728
96 160 128 160 0 728
224 294 288 386 0 728
64 160 96 128 0 728
0 64 96 386 0 728
96 128 192 256 0 728
256 294 96 256 0 728
voxsize: 294x386x728 size:315.156372MB
voxBW: 50 14
Decomp size:19
Initialization time: 0.033669
compute: 0.631704 seconds
evaluations: 3159635318
time: 0.666634 seconds
