hostname : cph-gpu1.uncc.edu
bounding: [1053872.965;1068485.726]x[860186.8419;879395.9741]x[3;730]
read 11056 observations
res: 100 100 1 bw: 250 250 1
0 64 64 194 0 480
64 148 128 194 0 288
64 128 64 128 96 288
64 148 64 194 288 728
64 128 64 128 0 96
0 148 0 64 0 288
128 148 64 128 0 192
0 148 0 64 288 728
0 64 64 194 480 728
128 148 64 128 192 288
voxsize: 148x194x728 size:79.736084MB
voxBW: 3 1
Decomp size:10
Initialization time: 0.009779
compute: 0.002671 seconds
evaluations: 1624413
time: 0.013370 seconds
