hostname : cph-gpu3.uncc.edu
bounding: [1053872.965;1068485.726]x[860186.8419;879395.9741]x[3;730]
read 11056 observations
res: 50 50 1 bw: 2500 2500 1
128 224 288 386 0 728
224 294 160 256 0 728
128 224 192 224 0 728
128 224 96 160 0 728
0 128 160 224 0 728
0 128 96 160 0 728
0 128 224 386 0 728
128 224 224 256 0 728
128 224 160 192 0 728
224 294 256 386 0 728
128 224 256 288 0 728
0 128 0 96 0 728
128 224 0 96 0 728
224 294 0 160 0 728
voxsize: 294x386x728 size:315.156372MB
voxBW: 50 1
Decomp size:14
Initialization time: 0.034129
compute: 0.126036 seconds
evaluations: 328636729
time: 0.161333 seconds
