hostname : cph-gpu1.uncc.edu
bounding: [1053872.965;1068485.726]x[860186.8419;879395.9741]x[3;730]
read 11056 observations
res: 100 100 1 bw: 250 250 1
0 148 0 194 32 64
0 148 0 194 64 96
0 148 0 194 96 128
0 148 0 194 128 160
0 148 0 194 0 32
0 148 0 194 160 192
0 148 0 194 224 256
0 148 0 194 192 224
0 148 0 194 256 288
0 148 0 194 288 320
0 148 0 194 320 352
0 148 0 194 352 384
0 148 0 194 384 416
0 148 0 194 416 448
0 148 0 194 576 608
0 148 0 194 544 576
0 148 0 194 512 544
0 148 0 194 480 512
0 148 0 194 640 672
0 148 0 194 608 640
0 148 0 194 672 704
0 148 0 194 448 480
0 148 0 194 704 728
voxsize: 148x194x728 size:79.736084MB
voxBW: 3 1
Decomp size:23
Initialization time: 0.012502
compute: 0.00492 seconds
evaluations: 1624413
time: 0.018642 seconds
