hostname : cph-gpu4.uncc.edu
bounding: [1053872.965;1068485.726]x[860186.8419;879395.9741]x[3;730]
read 11056 observations
res: 50 50 1 bw: 2500 2500 14
192 256 256 320 0 384
128 192 256 320 0 384
64 128 192 256 0 384
192 256 128 192 0 728
192 256 192 256 0 192
64 128 128 192 0 192
256 294 0 320 0 728
64 128 0 128 0 728
128 192 192 256 0 128
128 192 192 256 128 448
128 192 128 192 0 128
128 192 128 192 128 728
0 64 0 386 0 728
128 192 0 128 0 728
192 256 192 256 192 728
192 256 320 386 0 728
64 128 256 386 0 728
128 192 320 386 0 728
64 128 128 192 192 728
128 192 192 256 448 728
192 256 0 128 0 728
192 256 256 320 384 728
256 294 320 386 0 728
128 192 256 320 384 728
64 128 192 256 384 728
voxsize: 294x386x728 size:315.156372MB
voxBW: 50 14
Decomp size:25
Initialization time: 0.034789
compute: 0.51683 seconds
evaluations: 3159635318
time: 0.552629 seconds
