hostname : cph-gpu2.uncc.edu
bounding: [1053872.965;1068485.726]x[860186.8419;879395.9741]x[3;730]
read 11056 observations
res: 50 50 1 bw: 100 100 1
160 256 0 224 0 192
0 160 224 320 0 608
0 160 160 224 0 256
160 256 288 386 0 512
0 160 96 160 0 288
160 256 224 288 0 288
160 256 0 224 192 704
256 294 0 256 0 192
0 160 0 96 0 160
160 256 224 288 288 448
256 294 0 256 192 448
0 160 160 224 256 384
0 160 160 224 480 728
160 256 288 386 512 728
160 256 224 288 480 728
0 160 96 160 288 480
0 160 320 386 0 728
0 160 96 160 480 728
0 160 0 96 160 728
0 160 160 224 384 480
256 294 0 256 512 728
0 160 224 320 608 672
0 160 224 320 672 728
160 256 0 224 704 728
256 294 256 386 0 224
256 294 0 256 448 512
160 256 224 288 448 480
256 294 256 386 320 728
256 294 256 386 224 288
256 294 256 386 288 320
voxsize: 294x386x728 size:315.156372MB
voxBW: 2 1
Decomp size:30
Initialization time: 0.037082
compute: 0.001877 seconds
evaluations: 828825
time: 0.039977 seconds
