hostname : cph-gpu1.uncc.edu
bounding: [1053872.965;1068485.726]x[860186.8419;879395.9741]x[3;730]
read 11056 observations
res: 100 100 1 bw: 250 250 1
64 128 64 128 0 64
64 128 64 128 64 128
64 128 128 194 64 192
0 64 0 194 64 128
0 64 0 194 0 64
64 128 64 128 320 728
64 128 64 128 192 320
64 128 128 194 192 728
0 64 0 194 192 728
64 128 64 128 128 192
64 128 128 194 0 64
0 64 0 194 128 192
64 128 0 64 0 728
128 148 0 128 64 128
128 148 0 128 192 320
128 148 0 128 0 64
128 148 0 128 320 728
128 148 0 128 128 192
128 148 128 194 64 128
128 148 128 194 320 728
128 148 128 194 192 320
128 148 128 194 0 64
128 148 128 194 128 192
voxsize: 148x194x728 size:79.736084MB
voxBW: 3 1
Decomp size:23
Initialization time: 0.010943
compute: 0.001724 seconds
evaluations: 1624413
time: 0.013779 seconds
