hostname : cph-gpu2.uncc.edu
bounding: [1053872.965;1068485.726]x[860186.8419;879395.9741]x[3;730]
read 11056 observations
res: 50 50 1 bw: 100 100 1
128 256 128 192 0 256
192 256 192 256 0 728
0 192 256 320 0 728
128 192 192 256 0 256
0 256 0 128 0 256
192 294 256 320 0 728
0 256 64 192 256 728
0 128 128 192 0 256
128 294 320 386 0 512
256 294 0 256 0 728
0 128 192 256 0 256
0 192 192 256 256 728
128 294 320 386 512 728
0 256 0 64 256 728
0 64 320 386 0 728
64 128 320 386 0 728
voxsize: 294x386x728 size:315.156372MB
voxBW: 2 1
Decomp size:16
Initialization time: 0.038112
compute: 0.003186 seconds
evaluations: 828825
time: 0.042117 seconds
