hostname : cph-gpu2.uncc.edu
bounding: [1053872.965;1068485.726]x[860186.8419;879395.9741]x[3;730]
read 11056 observations
res: 50 50 1 bw: 100 100 1
0 96 160 386 0 728
96 160 128 386 64 128
96 160 128 386 0 64
160 294 160 256 64 128
160 294 256 386 64 192
96 160 128 386 128 256
160 294 256 386 192 728
160 294 160 256 0 64
160 294 160 256 320 728
96 160 128 386 256 728
96 160 0 128 0 728
160 294 160 256 192 320
160 294 256 386 0 64
0 96 0 160 0 728
160 294 160 256 128 192
160 294 0 160 0 728
voxsize: 294x386x728 size:315.156372MB
voxBW: 2 1
Decomp size:16
Initialization time: 0.037276
compute: 0.005865 seconds
evaluations: 828825
time: 0.051580 seconds
