hostname : cph-gpu2.uncc.edu
bounding: [1053872.965;1068485.726]x[860186.8419;879395.9741]x[3;730]
read 11056 observations
res: 50 50 1 bw: 100 100 1
192 256 0 192 0 128
192 256 320 386 192 728
192 256 256 288 0 128
96 128 96 160 128 728
192 256 256 288 128 728
160 192 0 160 128 728
128 160 0 160 64 192
192 256 192 224 0 128
160 192 0 160 0 128
160 192 256 386 64 192
128 160 160 224 64 128
160 192 160 192 128 728
64 96 96 160 128 728
96 128 160 256 0 64
192 256 320 386 64 192
192 256 288 320 64 192
0 64 0 386 0 728
128 160 224 386 64 128
64 96 160 224 64 128
192 256 192 224 128 320
96 128 256 386 0 728
128 160 160 224 0 64
128 160 224 386 0 64
128 160 160 224 128 256
192 256 288 320 192 728
128 160 160 224 256 728
128 160 224 386 256 728
160 192 192 256 64 128
192 256 224 256 128 256
192 256 320 386 0 64
96 128 96 160 0 64
256 294 0 386 256 728
96 128 160 256 64 128
192 256 192 224 320 728
96 128 96 160 64 128
96 128 160 256 128 256
256 294 0 386 64 128
160 192 192 256 128 192
160 192 160 192 0 128
128 160 0 160 0 64
256 294 0 386 128 256
64 96 160 224 128 728
160 192 256 386 192 728
160 192 192 256 192 320
96 128 160 256 256 728
64 96 96 160 0 64
192 256 224 256 0 64
64 96 224 386 0 728
64 96 96 160 64 128
192 256 288 320 0 64
192 256 0 192 128 256
192 256 224 256 64 128
160 192 192 256 0 64
160 192 256 386 0 64
192 256 224 256 256 728
192 256 0 192 256 728
160 192 192 256 320 728
128 160 0 160 192 728
128 160 224 386 128 192
256 294 0 386 0 64
64 96 160 224 0 64
96 128 0 96 0 728
128 160 224 386 192 256
64 96 0 96 0 728
voxsize: 294x386x728 size:315.156372MB
voxBW: 2 1
Decomp size:64
Initialization time: 0.036516
compute: 0.001817 seconds
evaluations: 828825
time: 0.039795 seconds
