hostname : cph-c53.uncc.edu
bounding: [1053872.965;1068485.726]x[860186.8419;879395.9741]x[3;730]
read 11056 observations
res: 100 100 1 bw: 500 500 7
0 37 0 49 0 364
0 37 0 49 364 728
0 37 49 97 0 364
0 37 49 97 364 728
0 37 97 145 0 364
0 37 97 145 364 728
0 37 145 194 0 364
0 37 145 194 364 728
37 74 0 49 0 364
37 74 0 49 364 728
37 74 49 97 0 364
37 74 49 97 364 728
37 74 97 145 0 364
37 74 97 145 364 728
37 74 145 194 0 364
37 74 145 194 364 728
74 110 0 49 0 364
74 110 0 49 364 728
74 110 49 97 0 364
74 110 49 97 364 728
74 110 97 145 0 364
74 110 97 145 364 728
74 110 145 194 0 364
74 110 145 194 364 728
110 148 0 49 0 364
110 148 0 49 364 728
110 148 49 97 0 364
110 148 49 97 364 728
110 148 97 145 0 364
110 148 97 145 364 728
110 148 145 194 0 364
110 148 145 194 364 728
voxsize: 148x194x728 size:79.736084MB
voxBW: 5 7
Decomp size:32
Initialization time: 0.010256
compute: 0.008699 seconds
evaluations: 20001751
time: 0.028640 seconds
