hostname : cph-gpu2.uncc.edu
bounding: [1053872.965;1068485.726]x[860186.8419;879395.9741]x[3;730]
read 11056 observations
res: 50 50 1 bw: 100 100 1
192 294 256 386 0 384
192 256 0 256 0 320
0 128 128 256 0 192
0 192 256 386 0 384
0 192 0 256 256 728
128 192 192 256 0 256
0 192 0 128 0 256
128 192 128 192 0 256
192 256 0 256 320 728
0 294 256 386 384 704
256 294 0 256 0 192
256 294 0 256 192 728
0 128 128 256 192 256
192 294 256 386 704 728
128 192 256 386 704 728
0 128 256 386 704 728
voxsize: 294x386x728 size:315.156372MB
voxBW: 2 1
Decomp size:16
Initialization time: 0.035602
compute: 0.001898 seconds
evaluations: 828825
time: 0.038370 seconds
