hostname : cph-gpu1.uncc.edu
bounding: [1053872.965;1068485.726]x[860186.8419;879395.9741]x[3;730]
read 11056 observations
res: 100 100 1 bw: 250 250 1
0 74 0 97 0 91
0 74 0 97 91 182
0 74 0 97 182 273
0 74 0 97 273 364
0 74 0 97 364 455
0 74 0 97 455 546
0 74 0 97 546 637
0 74 0 97 637 728
0 74 97 194 0 91
0 74 97 194 91 182
0 74 97 194 182 273
0 74 97 194 273 364
0 74 97 194 364 455
0 74 97 194 455 546
0 74 97 194 546 637
0 74 97 194 637 728
74 148 0 97 0 91
74 148 0 97 91 182
74 148 0 97 182 273
74 148 0 97 273 364
74 148 0 97 364 455
74 148 0 97 455 546
74 148 0 97 546 637
74 148 0 97 637 728
74 148 97 194 0 91
74 148 97 194 91 182
74 148 97 194 182 273
74 148 97 194 273 364
74 148 97 194 364 455
74 148 97 194 455 546
74 148 97 194 546 637
74 148 97 194 637 728
voxsize: 148x194x728 size:79.736084MB
voxBW: 3 1
Decomp size:32
Initialization time: 0.008785
compute: 0.002588 seconds
evaluations: 1624413
time: 0.013973 seconds
