hostname : cph-gpu3.uncc.edu
bounding: [1053872.965;1068485.726]x[860186.8419;879395.9741]x[3;730]
read 11056 observations
res: 50 50 1 bw: 2500 2500 1
0 96 0 192 0 728
96 128 0 192 0 728
160 294 160 192 0 728
160 294 256 288 0 728
160 294 0 160 0 728
160 294 192 224 0 256
96 128 192 386 0 728
160 294 320 386 0 728
128 160 224 386 0 728
160 294 224 256 0 256
0 96 192 386 0 728
128 160 160 224 0 728
160 294 288 320 0 728
128 160 0 160 0 728
160 294 192 224 256 728
160 294 224 256 256 728
voxsize: 294x386x728 size:315.156372MB
voxBW: 50 1
Decomp size:16
Initialization time: 0.034598
compute: 0.111304 seconds
evaluations: 328636729
time: 0.146921 seconds
