hostname : cph-gpu2.uncc.edu
bounding: [1053872.965;1068485.726]x[860186.8419;879395.9741]x[3;730]
read 11056 observations
res: 50 50 1 bw: 100 100 1
0 128 128 192 0 96
0 128 192 386 0 96
192 256 256 320 0 128
128 192 192 256 128 256
192 256 192 256 96 288
128 192 128 192 32 96
128 192 128 192 192 728
192 256 320 386 0 256
0 128 192 386 96 256
128 192 256 320 0 160
0 128 128 192 96 352
192 256 192 256 0 96
0 128 64 128 0 96
256 294 0 256 0 192
128 192 192 256 64 128
128 192 0 128 0 256
128 192 192 256 0 64
128 192 128 192 96 192
192 256 0 192 0 192
0 128 64 128 96 256
128 192 192 256 256 448
256 294 0 256 192 448
192 256 256 320 128 224
192 256 192 256 288 480
192 256 256 320 224 384
128 192 256 320 160 288
0 128 192 386 256 480
192 256 192 256 480 704
128 192 320 386 96 728
0 128 128 192 352 728
128 192 192 256 448 728
128 192 256 320 288 640
192 256 256 320 384 728
192 256 0 192 288 728
0 128 64 128 256 728
192 256 320 386 352 728
128 192 320 386 0 96
192 256 0 192 192 288
128 192 128 192 0 32
128 192 0 128 256 728
0 128 192 386 480 728
192 256 320 386 256 352
256 294 0 256 512 728
0 128 0 64 0 728
256 294 256 386 0 224
256 294 0 256 448 512
128 192 256 320 640 728
192 256 192 256 704 728
256 294 256 386 320 728
256 294 256 386 224 288
256 294 256 386 288 320
voxsize: 294x386x728 size:315.156372MB
voxBW: 2 1
Decomp size:51
Initialization time: 0.035208
compute: 0.00174 seconds
evaluations: 828825
time: 0.038209 seconds
