hostname : cph-c53.uncc.edu
bounding: [1053872.965;1068485.726]x[860186.8419;879395.9741]x[3;730]
read 11056 observations
res: 100 100 1 bw: 500 500 7
0 5 0 7 0 364
0 5 0 7 364 728
0 5 7 13 0 364
0 5 7 13 364 728
0 5 13 19 0 364
0 5 13 19 364 728
0 5 19 25 0 364
0 5 19 25 364 728
0 5 25 31 0 364
0 5 25 31 364 728
0 5 31 37 0 364
0 5 31 37 364 728
0 5 37 43 0 364
0 5 37 43 364 728
0 5 43 49 0 364
0 5 43 49 364 728
0 5 49 55 0 364
0 5 49 55 364 728
0 5 55 61 0 364
0 5 55 61 364 728
0 5 61 67 0 364
0 5 61 67 364 728
0 5 67 73 0 364
0 5 67 73 364 728
0 5 73 79 0 364
0 5 73 79 364 728
0 5 79 85 0 364
0 5 79 85 364 728
0 5 85 91 0 364
0 5 85 91 364 728
0 5 91 97 0 364
0 5 91 97 364 728
0 5 97 103 0 364
0 5 97 103 364 728
0 5 103 109 0 364
0 5 103 109 364 728
0 5 109 115 0 364
0 5 109 115 364 728
0 5 115 121 0 364
0 5 115 121 364 728
0 5 121 127 0 364
0 5 121 127 364 728
0 5 127 133 0 364
0 5 127 133 364 728
0 5 133 139 0 364
0 5 133 139 364 728
0 5 139 145 0 364
0 5 139 145 364 728
0 5 145 151 0 364
0 5 145 151 364 728
0 5 151 157 0 364
0 5 151 157 364 728
0 5 157 163 0 364
0 5 157 163 364 728
0 5 163 169 0 364
0 5 163 169 364 728
0 5 169 175 0 364
0 5 169 175 364 728
0 5 175 181 0 364
0 5 175 181 364 728
0 5 181 187 0 364
0 5 181 187 364 728
0 5 187 194 0 364
0 5 187 194 364 728
5 10 0 7 0 364
5 10 0 7 364 728
5 10 7 13 0 364
5 10 7 13 364 728
5 10 13 19 0 364
5 10 13 19 364 728
5 10 19 25 0 364
5 10 19 25 364 728
5 10 25 31 0 364
5 10 25 31 364 728
5 10 31 37 0 364
5 10 31 37 364 728
5 10 37 43 0 364
5 10 37 43 364 728
5 10 43 49 0 364
5 10 43 49 364 728
5 10 49 55 0 364
5 10 49 55 364 728
5 10 55 61 0 364
5 10 55 61 364 728
5 10 61 67 0 364
5 10 61 67 364 728
5 10 67 73 0 364
5 10 67 73 364 728
5 10 73 79 0 364
5 10 73 79 364 728
5 10 79 85 0 364
5 10 79 85 364 728
5 10 85 91 0 364
5 10 85 91 364 728
5 10 91 97 0 364
5 10 91 97 364 728
5 10 97 103 0 364
5 10 97 103 364 728
5 10 103 109 0 364
5 10 103 109 364 728
5 10 109 115 0 364
5 10 109 115 364 728
5 10 115 121 0 364
5 10 115 121 364 728
5 10 121 127 0 364
5 10 121 127 364 728
5 10 127 133 0 364
5 10 127 133 364 728
5 10 133 139 0 364
5 10 133 139 364 728
5 10 139 145 0 364
5 10 139 145 364 728
5 10 145 151 0 364
5 10 145 151 364 728
5 10 151 157 0 364
5 10 151 157 364 728
5 10 157 163 0 364
5 10 157 163 364 728
5 10 163 169 0 364
5 10 163 169 364 728
5 10 169 175 0 364
5 10 169 175 364 728
5 10 175 181 0 364
5 10 175 181 364 728
5 10 181 187 0 364
5 10 181 187 364 728
5 10 187 194 0 364
5 10 187 194 364 728
10 14 0 7 0 364
10 14 0 7 364 728
10 14 7 13 0 364
10 14 7 13 364 728
10 14 13 19 0 364
10 14 13 19 364 728
10 14 19 25 0 364
10 14 19 25 364 728
10 14 25 31 0 364
10 14 25 31 364 728
10 14 31 37 0 364
10 14 31 37 364 728
10 14 37 43 0 364
10 14 37 43 364 728
10 14 43 49 0 364
10 14 43 49 364 728
10 14 49 55 0 364
10 14 49 55 364 728
10 14 55 61 0 364
10 14 55 61 364 728
10 14 61 67 0 364
10 14 61 67 364 728
10 14 67 73 0 364
10 14 67 73 364 728
10 14 73 79 0 364
10 14 73 79 364 728
10 14 79 85 0 364
10 14 79 85 364 728
10 14 85 91 0 364
10 14 85 91 364 728
10 14 91 97 0 364
10 14 91 97 364 728
10 14 97 103 0 364
10 14 97 103 364 728
10 14 103 109 0 364
10 14 103 109 364 728
10 14 109 115 0 364
10 14 109 115 364 728
10 14 115 121 0 364
10 14 115 121 364 728
10 14 121 127 0 364
10 14 121 127 364 728
10 14 127 133 0 364
10 14 127 133 364 728
10 14 133 139 0 364
10 14 133 139 364 728
10 14 139 145 0 364
10 14 139 145 364 728
10 14 145 151 0 364
10 14 145 151 364 728
10 14 151 157 0 364
10 14 151 157 364 728
10 14 157 163 0 364
10 14 157 163 364 728
10 14 163 169 0 364
10 14 163 169 364 728
10 14 169 175 0 364
10 14 169 175 364 728
10 14 175 181 0 364
10 14 175 181 364 728
10 14 181 187 0 364
10 14 181 187 364 728
10 14 187 194 0 364
10 14 187 194 364 728
14 19 0 7 0 364
14 19 0 7 364 728
14 19 7 13 0 364
14 19 7 13 364 728
14 19 13 19 0 364
14 19 13 19 364 728
14 19 19 25 0 364
14 19 19 25 364 728
14 19 25 31 0 364
14 19 25 31 364 728
14 19 31 37 0 364
14 19 31 37 364 728
14 19 37 43 0 364
14 19 37 43 364 728
14 19 43 49 0 364
14 19 43 49 364 728
14 19 49 55 0 364
14 19 49 55 364 728
14 19 55 61 0 364
14 19 55 61 364 728
14 19 61 67 0 364
14 19 61 67 364 728
14 19 67 73 0 364
14 19 67 73 364 728
14 19 73 79 0 364
14 19 73 79 364 728
14 19 79 85 0 364
14 19 79 85 364 728
14 19 85 91 0 364
14 19 85 91 364 728
14 19 91 97 0 364
14 19 91 97 364 728
14 19 97 103 0 364
14 19 97 103 364 728
14 19 103 109 0 364
14 19 103 109 364 728
14 19 109 115 0 364
14 19 109 115 364 728
14 19 115 121 0 364
14 19 115 121 364 728
14 19 121 127 0 364
14 19 121 127 364 728
14 19 127 133 0 364
14 19 127 133 364 728
14 19 133 139 0 364
14 19 133 139 364 728
14 19 139 145 0 364
14 19 139 145 364 728
14 19 145 151 0 364
14 19 145 151 364 728
14 19 151 157 0 364
14 19 151 157 364 728
14 19 157 163 0 364
14 19 157 163 364 728
14 19 163 169 0 364
14 19 163 169 364 728
14 19 169 175 0 364
14 19 169 175 364 728
14 19 175 181 0 364
14 19 175 181 364 728
14 19 181 187 0 364
14 19 181 187 364 728
14 19 187 194 0 364
14 19 187 194 364 728
19 23 0 7 0 364
19 23 0 7 364 728
19 23 7 13 0 364
19 23 7 13 364 728
19 23 13 19 0 364
19 23 13 19 364 728
19 23 19 25 0 364
19 23 19 25 364 728
19 23 25 31 0 364
19 23 25 31 364 728
19 23 31 37 0 364
19 23 31 37 364 728
19 23 37 43 0 364
19 23 37 43 364 728
19 23 43 49 0 364
19 23 43 49 364 728
19 23 49 55 0 364
19 23 49 55 364 728
19 23 55 61 0 364
19 23 55 61 364 728
19 23 61 67 0 364
19 23 61 67 364 728
19 23 67 73 0 364
19 23 67 73 364 728
19 23 73 79 0 364
19 23 73 79 364 728
19 23 79 85 0 364
19 23 79 85 364 728
19 23 85 91 0 364
19 23 85 91 364 728
19 23 91 97 0 364
19 23 91 97 364 728
19 23 97 103 0 364
19 23 97 103 364 728
19 23 103 109 0 364
19 23 103 109 364 728
19 23 109 115 0 364
19 23 109 115 364 728
19 23 115 121 0 364
19 23 115 121 364 728
19 23 121 127 0 364
19 23 121 127 364 728
19 23 127 133 0 364
19 23 127 133 364 728
19 23 133 139 0 364
19 23 133 139 364 728
19 23 139 145 0 364
19 23 139 145 364 728
19 23 145 151 0 364
19 23 145 151 364 728
19 23 151 157 0 364
19 23 151 157 364 728
19 23 157 163 0 364
19 23 157 163 364 728
19 23 163 169 0 364
19 23 163 169 364 728
19 23 169 175 0 364
19 23 169 175 364 728
19 23 175 181 0 364
19 23 175 181 364 728
19 23 181 187 0 364
19 23 181 187 364 728
19 23 187 194 0 364
19 23 187 194 364 728
23 28 0 7 0 364
23 28 0 7 364 728
23 28 7 13 0 364
23 28 7 13 364 728
23 28 13 19 0 364
23 28 13 19 364 728
23 28 19 25 0 364
23 28 19 25 364 728
23 28 25 31 0 364
23 28 25 31 364 728
23 28 31 37 0 364
23 28 31 37 364 728
23 28 37 43 0 364
23 28 37 43 364 728
23 28 43 49 0 364
23 28 43 49 364 728
23 28 49 55 0 364
23 28 49 55 364 728
23 28 55 61 0 364
23 28 55 61 364 728
23 28 61 67 0 364
23 28 61 67 364 728
23 28 67 73 0 364
23 28 67 73 364 728
23 28 73 79 0 364
23 28 73 79 364 728
23 28 79 85 0 364
23 28 79 85 364 728
23 28 85 91 0 364
23 28 85 91 364 728
23 28 91 97 0 364
23 28 91 97 364 728
23 28 97 103 0 364
23 28 97 103 364 728
23 28 103 109 0 364
23 28 103 109 364 728
23 28 109 115 0 364
23 28 109 115 364 728
23 28 115 121 0 364
23 28 115 121 364 728
23 28 121 127 0 364
23 28 121 127 364 728
23 28 127 133 0 364
23 28 127 133 364 728
23 28 133 139 0 364
23 28 133 139 364 728
23 28 139 145 0 364
23 28 139 145 364 728
23 28 145 151 0 364
23 28 145 151 364 728
23 28 151 157 0 364
23 28 151 157 364 728
23 28 157 163 0 364
23 28 157 163 364 728
23 28 163 169 0 364
23 28 163 169 364 728
23 28 169 175 0 364
23 28 169 175 364 728
23 28 175 181 0 364
23 28 175 181 364 728
23 28 181 187 0 364
23 28 181 187 364 728
23 28 187 194 0 364
23 28 187 194 364 728
28 32 0 7 0 364
28 32 0 7 364 728
28 32 7 13 0 364
28 32 7 13 364 728
28 32 13 19 0 364
28 32 13 19 364 728
28 32 19 25 0 364
28 32 19 25 364 728
28 32 25 31 0 364
28 32 25 31 364 728
28 32 31 37 0 364
28 32 31 37 364 728
28 32 37 43 0 364
28 32 37 43 364 728
28 32 43 49 0 364
28 32 43 49 364 728
28 32 49 55 0 364
28 32 49 55 364 728
28 32 55 61 0 364
28 32 55 61 364 728
28 32 61 67 0 364
28 32 61 67 364 728
28 32 67 73 0 364
28 32 67 73 364 728
28 32 73 79 0 364
28 32 73 79 364 728
28 32 79 85 0 364
28 32 79 85 364 728
28 32 85 91 0 364
28 32 85 91 364 728
28 32 91 97 0 364
28 32 91 97 364 728
28 32 97 103 0 364
28 32 97 103 364 728
28 32 103 109 0 364
28 32 103 109 364 728
28 32 109 115 0 364
28 32 109 115 364 728
28 32 115 121 0 364
28 32 115 121 364 728
28 32 121 127 0 364
28 32 121 127 364 728
28 32 127 133 0 364
28 32 127 133 364 728
28 32 133 139 0 364
28 32 133 139 364 728
28 32 139 145 0 364
28 32 139 145 364 728
28 32 145 151 0 364
28 32 145 151 364 728
28 32 151 157 0 364
28 32 151 157 364 728
28 32 157 163 0 364
28 32 157 163 364 728
28 32 163 169 0 364
28 32 163 169 364 728
28 32 169 175 0 364
28 32 169 175 364 728
28 32 175 181 0 364
28 32 175 181 364 728
28 32 181 187 0 364
28 32 181 187 364 728
28 32 187 194 0 364
28 32 187 194 364 728
32 37 0 7 0 364
32 37 0 7 364 728
32 37 7 13 0 364
32 37 7 13 364 728
32 37 13 19 0 364
32 37 13 19 364 728
32 37 19 25 0 364
32 37 19 25 364 728
32 37 25 31 0 364
32 37 25 31 364 728
32 37 31 37 0 364
32 37 31 37 364 728
32 37 37 43 0 364
32 37 37 43 364 728
32 37 43 49 0 364
32 37 43 49 364 728
32 37 49 55 0 364
32 37 49 55 364 728
32 37 55 61 0 364
32 37 55 61 364 728
32 37 61 67 0 364
32 37 61 67 364 728
32 37 67 73 0 364
32 37 67 73 364 728
32 37 73 79 0 364
32 37 73 79 364 728
32 37 79 85 0 364
32 37 79 85 364 728
32 37 85 91 0 364
32 37 85 91 364 728
32 37 91 97 0 364
32 37 91 97 364 728
32 37 97 103 0 364
32 37 97 103 364 728
32 37 103 109 0 364
32 37 103 109 364 728
32 37 109 115 0 364
32 37 109 115 364 728
32 37 115 121 0 364
32 37 115 121 364 728
32 37 121 127 0 364
32 37 121 127 364 728
32 37 127 133 0 364
32 37 127 133 364 728
32 37 133 139 0 364
32 37 133 139 364 728
32 37 139 145 0 364
32 37 139 145 364 728
32 37 145 151 0 364
32 37 145 151 364 728
32 37 151 157 0 364
32 37 151 157 364 728
32 37 157 163 0 364
32 37 157 163 364 728
32 37 163 169 0 364
32 37 163 169 364 728
32 37 169 175 0 364
32 37 169 175 364 728
32 37 175 181 0 364
32 37 175 181 364 728
32 37 181 187 0 364
32 37 181 187 364 728
32 37 187 194 0 364
32 37 187 194 364 728
37 42 0 7 0 364
37 42 0 7 364 728
37 42 7 13 0 364
37 42 7 13 364 728
37 42 13 19 0 364
37 42 13 19 364 728
37 42 19 25 0 364
37 42 19 25 364 728
37 42 25 31 0 364
37 42 25 31 364 728
37 42 31 37 0 364
37 42 31 37 364 728
37 42 37 43 0 364
37 42 37 43 364 728
37 42 43 49 0 364
37 42 43 49 364 728
37 42 49 55 0 364
37 42 49 55 364 728
37 42 55 61 0 364
37 42 55 61 364 728
37 42 61 67 0 364
37 42 61 67 364 728
37 42 67 73 0 364
37 42 67 73 364 728
37 42 73 79 0 364
37 42 73 79 364 728
37 42 79 85 0 364
37 42 79 85 364 728
37 42 85 91 0 364
37 42 85 91 364 728
37 42 91 97 0 364
37 42 91 97 364 728
37 42 97 103 0 364
37 42 97 103 364 728
37 42 103 109 0 364
37 42 103 109 364 728
37 42 109 115 0 364
37 42 109 115 364 728
37 42 115 121 0 364
37 42 115 121 364 728
37 42 121 127 0 364
37 42 121 127 364 728
37 42 127 133 0 364
37 42 127 133 364 728
37 42 133 139 0 364
37 42 133 139 364 728
37 42 139 145 0 364
37 42 139 145 364 728
37 42 145 151 0 364
37 42 145 151 364 728
37 42 151 157 0 364
37 42 151 157 364 728
37 42 157 163 0 364
37 42 157 163 364 728
37 42 163 169 0 364
37 42 163 169 364 728
37 42 169 175 0 364
37 42 169 175 364 728
37 42 175 181 0 364
37 42 175 181 364 728
37 42 181 187 0 364
37 42 181 187 364 728
37 42 187 194 0 364
37 42 187 194 364 728
42 46 0 7 0 364
42 46 0 7 364 728
42 46 7 13 0 364
42 46 7 13 364 728
42 46 13 19 0 364
42 46 13 19 364 728
42 46 19 25 0 364
42 46 19 25 364 728
42 46 25 31 0 364
42 46 25 31 364 728
42 46 31 37 0 364
42 46 31 37 364 728
42 46 37 43 0 364
42 46 37 43 364 728
42 46 43 49 0 364
42 46 43 49 364 728
42 46 49 55 0 364
42 46 49 55 364 728
42 46 55 61 0 364
42 46 55 61 364 728
42 46 61 67 0 364
42 46 61 67 364 728
42 46 67 73 0 364
42 46 67 73 364 728
42 46 73 79 0 364
42 46 73 79 364 728
42 46 79 85 0 364
42 46 79 85 364 728
42 46 85 91 0 364
42 46 85 91 364 728
42 46 91 97 0 364
42 46 91 97 364 728
42 46 97 103 0 364
42 46 97 103 364 728
42 46 103 109 0 364
42 46 103 109 364 728
42 46 109 115 0 364
42 46 109 115 364 728
42 46 115 121 0 364
42 46 115 121 364 728
42 46 121 127 0 364
42 46 121 127 364 728
42 46 127 133 0 364
42 46 127 133 364 728
42 46 133 139 0 364
42 46 133 139 364 728
42 46 139 145 0 364
42 46 139 145 364 728
42 46 145 151 0 364
42 46 145 151 364 728
42 46 151 157 0 364
42 46 151 157 364 728
42 46 157 163 0 364
42 46 157 163 364 728
42 46 163 169 0 364
42 46 163 169 364 728
42 46 169 175 0 364
42 46 169 175 364 728
42 46 175 181 0 364
42 46 175 181 364 728
42 46 181 187 0 364
42 46 181 187 364 728
42 46 187 194 0 364
42 46 187 194 364 728
46 51 0 7 0 364
46 51 0 7 364 728
46 51 7 13 0 364
46 51 7 13 364 728
46 51 13 19 0 364
46 51 13 19 364 728
46 51 19 25 0 364
46 51 19 25 364 728
46 51 25 31 0 364
46 51 25 31 364 728
46 51 31 37 0 364
46 51 31 37 364 728
46 51 37 43 0 364
46 51 37 43 364 728
46 51 43 49 0 364
46 51 43 49 364 728
46 51 49 55 0 364
46 51 49 55 364 728
46 51 55 61 0 364
46 51 55 61 364 728
46 51 61 67 0 364
46 51 61 67 364 728
46 51 67 73 0 364
46 51 67 73 364 728
46 51 73 79 0 364
46 51 73 79 364 728
46 51 79 85 0 364
46 51 79 85 364 728
46 51 85 91 0 364
46 51 85 91 364 728
46 51 91 97 0 364
46 51 91 97 364 728
46 51 97 103 0 364
46 51 97 103 364 728
46 51 103 109 0 364
46 51 103 109 364 728
46 51 109 115 0 364
46 51 109 115 364 728
46 51 115 121 0 364
46 51 115 121 364 728
46 51 121 127 0 364
46 51 121 127 364 728
46 51 127 133 0 364
46 51 127 133 364 728
46 51 133 139 0 364
46 51 133 139 364 728
46 51 139 145 0 364
46 51 139 145 364 728
46 51 145 151 0 364
46 51 145 151 364 728
46 51 151 157 0 364
46 51 151 157 364 728
46 51 157 163 0 364
46 51 157 163 364 728
46 51 163 169 0 364
46 51 163 169 364 728
46 51 169 175 0 364
46 51 169 175 364 728
46 51 175 181 0 364
46 51 175 181 364 728
46 51 181 187 0 364
46 51 181 187 364 728
46 51 187 194 0 364
46 51 187 194 364 728
51 55 0 7 0 364
51 55 0 7 364 728
51 55 7 13 0 364
51 55 7 13 364 728
51 55 13 19 0 364
51 55 13 19 364 728
51 55 19 25 0 364
51 55 19 25 364 728
51 55 25 31 0 364
51 55 25 31 364 728
51 55 31 37 0 364
51 55 31 37 364 728
51 55 37 43 0 364
51 55 37 43 364 728
51 55 43 49 0 364
51 55 43 49 364 728
51 55 49 55 0 364
51 55 49 55 364 728
51 55 55 61 0 364
51 55 55 61 364 728
51 55 61 67 0 364
51 55 61 67 364 728
51 55 67 73 0 364
51 55 67 73 364 728
51 55 73 79 0 364
51 55 73 79 364 728
51 55 79 85 0 364
51 55 79 85 364 728
51 55 85 91 0 364
51 55 85 91 364 728
51 55 91 97 0 364
51 55 91 97 364 728
51 55 97 103 0 364
51 55 97 103 364 728
51 55 103 109 0 364
51 55 103 109 364 728
51 55 109 115 0 364
51 55 109 115 364 728
51 55 115 121 0 364
51 55 115 121 364 728
51 55 121 127 0 364
51 55 121 127 364 728
51 55 127 133 0 364
51 55 127 133 364 728
51 55 133 139 0 364
51 55 133 139 364 728
51 55 139 145 0 364
51 55 139 145 364 728
51 55 145 151 0 364
51 55 145 151 364 728
51 55 151 157 0 364
51 55 151 157 364 728
51 55 157 163 0 364
51 55 157 163 364 728
51 55 163 169 0 364
51 55 163 169 364 728
51 55 169 175 0 364
51 55 169 175 364 728
51 55 175 181 0 364
51 55 175 181 364 728
51 55 181 187 0 364
51 55 181 187 364 728
51 55 187 194 0 364
51 55 187 194 364 728
55 60 0 7 0 364
55 60 0 7 364 728
55 60 7 13 0 364
55 60 7 13 364 728
55 60 13 19 0 364
55 60 13 19 364 728
55 60 19 25 0 364
55 60 19 25 364 728
55 60 25 31 0 364
55 60 25 31 364 728
55 60 31 37 0 364
55 60 31 37 364 728
55 60 37 43 0 364
55 60 37 43 364 728
55 60 43 49 0 364
55 60 43 49 364 728
55 60 49 55 0 364
55 60 49 55 364 728
55 60 55 61 0 364
55 60 55 61 364 728
55 60 61 67 0 364
55 60 61 67 364 728
55 60 67 73 0 364
55 60 67 73 364 728
55 60 73 79 0 364
55 60 73 79 364 728
55 60 79 85 0 364
55 60 79 85 364 728
55 60 85 91 0 364
55 60 85 91 364 728
55 60 91 97 0 364
55 60 91 97 364 728
55 60 97 103 0 364
55 60 97 103 364 728
55 60 103 109 0 364
55 60 103 109 364 728
55 60 109 115 0 364
55 60 109 115 364 728
55 60 115 121 0 364
55 60 115 121 364 728
55 60 121 127 0 364
55 60 121 127 364 728
55 60 127 133 0 364
55 60 127 133 364 728
55 60 133 139 0 364
55 60 133 139 364 728
55 60 139 145 0 364
55 60 139 145 364 728
55 60 145 151 0 364
55 60 145 151 364 728
55 60 151 157 0 364
55 60 151 157 364 728
55 60 157 163 0 364
55 60 157 163 364 728
55 60 163 169 0 364
55 60 163 169 364 728
55 60 169 175 0 364
55 60 169 175 364 728
55 60 175 181 0 364
55 60 175 181 364 728
55 60 181 187 0 364
55 60 181 187 364 728
55 60 187 194 0 364
55 60 187 194 364 728
60 64 0 7 0 364
60 64 0 7 364 728
60 64 7 13 0 364
60 64 7 13 364 728
60 64 13 19 0 364
60 64 13 19 364 728
60 64 19 25 0 364
60 64 19 25 364 728
60 64 25 31 0 364
60 64 25 31 364 728
60 64 31 37 0 364
60 64 31 37 364 728
60 64 37 43 0 364
60 64 37 43 364 728
60 64 43 49 0 364
60 64 43 49 364 728
60 64 49 55 0 364
60 64 49 55 364 728
60 64 55 61 0 364
60 64 55 61 364 728
60 64 61 67 0 364
60 64 61 67 364 728
60 64 67 73 0 364
60 64 67 73 364 728
60 64 73 79 0 364
60 64 73 79 364 728
60 64 79 85 0 364
60 64 79 85 364 728
60 64 85 91 0 364
60 64 85 91 364 728
60 64 91 97 0 364
60 64 91 97 364 728
60 64 97 103 0 364
60 64 97 103 364 728
60 64 103 109 0 364
60 64 103 109 364 728
60 64 109 115 0 364
60 64 109 115 364 728
60 64 115 121 0 364
60 64 115 121 364 728
60 64 121 127 0 364
60 64 121 127 364 728
60 64 127 133 0 364
60 64 127 133 364 728
60 64 133 139 0 364
60 64 133 139 364 728
60 64 139 145 0 364
60 64 139 145 364 728
60 64 145 151 0 364
60 64 145 151 364 728
60 64 151 157 0 364
60 64 151 157 364 728
60 64 157 163 0 364
60 64 157 163 364 728
60 64 163 169 0 364
60 64 163 169 364 728
60 64 169 175 0 364
60 64 169 175 364 728
60 64 175 181 0 364
60 64 175 181 364 728
60 64 181 187 0 364
60 64 181 187 364 728
60 64 187 194 0 364
60 64 187 194 364 728
64 69 0 7 0 364
64 69 0 7 364 728
64 69 7 13 0 364
64 69 7 13 364 728
64 69 13 19 0 364
64 69 13 19 364 728
64 69 19 25 0 364
64 69 19 25 364 728
64 69 25 31 0 364
64 69 25 31 364 728
64 69 31 37 0 364
64 69 31 37 364 728
64 69 37 43 0 364
64 69 37 43 364 728
64 69 43 49 0 364
64 69 43 49 364 728
64 69 49 55 0 364
64 69 49 55 364 728
64 69 55 61 0 364
64 69 55 61 364 728
64 69 61 67 0 364
64 69 61 67 364 728
64 69 67 73 0 364
64 69 67 73 364 728
64 69 73 79 0 364
64 69 73 79 364 728
64 69 79 85 0 364
64 69 79 85 364 728
64 69 85 91 0 364
64 69 85 91 364 728
64 69 91 97 0 364
64 69 91 97 364 728
64 69 97 103 0 364
64 69 97 103 364 728
64 69 103 109 0 364
64 69 103 109 364 728
64 69 109 115 0 364
64 69 109 115 364 728
64 69 115 121 0 364
64 69 115 121 364 728
64 69 121 127 0 364
64 69 121 127 364 728
64 69 127 133 0 364
64 69 127 133 364 728
64 69 133 139 0 364
64 69 133 139 364 728
64 69 139 145 0 364
64 69 139 145 364 728
64 69 145 151 0 364
64 69 145 151 364 728
64 69 151 157 0 364
64 69 151 157 364 728
64 69 157 163 0 364
64 69 157 163 364 728
64 69 163 169 0 364
64 69 163 169 364 728
64 69 169 175 0 364
64 69 169 175 364 728
64 69 175 181 0 364
64 69 175 181 364 728
64 69 181 187 0 364
64 69 181 187 364 728
64 69 187 194 0 364
64 69 187 194 364 728
69 74 0 7 0 364
69 74 0 7 364 728
69 74 7 13 0 364
69 74 7 13 364 728
69 74 13 19 0 364
69 74 13 19 364 728
69 74 19 25 0 364
69 74 19 25 364 728
69 74 25 31 0 364
69 74 25 31 364 728
69 74 31 37 0 364
69 74 31 37 364 728
69 74 37 43 0 364
69 74 37 43 364 728
69 74 43 49 0 364
69 74 43 49 364 728
69 74 49 55 0 364
69 74 49 55 364 728
69 74 55 61 0 364
69 74 55 61 364 728
69 74 61 67 0 364
69 74 61 67 364 728
69 74 67 73 0 364
69 74 67 73 364 728
69 74 73 79 0 364
69 74 73 79 364 728
69 74 79 85 0 364
69 74 79 85 364 728
69 74 85 91 0 364
69 74 85 91 364 728
69 74 91 97 0 364
69 74 91 97 364 728
69 74 97 103 0 364
69 74 97 103 364 728
69 74 103 109 0 364
69 74 103 109 364 728
69 74 109 115 0 364
69 74 109 115 364 728
69 74 115 121 0 364
69 74 115 121 364 728
69 74 121 127 0 364
69 74 121 127 364 728
69 74 127 133 0 364
69 74 127 133 364 728
69 74 133 139 0 364
69 74 133 139 364 728
69 74 139 145 0 364
69 74 139 145 364 728
69 74 145 151 0 364
69 74 145 151 364 728
69 74 151 157 0 364
69 74 151 157 364 728
69 74 157 163 0 364
69 74 157 163 364 728
69 74 163 169 0 364
69 74 163 169 364 728
69 74 169 175 0 364
69 74 169 175 364 728
69 74 175 181 0 364
69 74 175 181 364 728
69 74 181 187 0 364
69 74 181 187 364 728
69 74 187 194 0 364
69 74 187 194 364 728
74 78 0 7 0 364
74 78 0 7 364 728
74 78 7 13 0 364
74 78 7 13 364 728
74 78 13 19 0 364
74 78 13 19 364 728
74 78 19 25 0 364
74 78 19 25 364 728
74 78 25 31 0 364
74 78 25 31 364 728
74 78 31 37 0 364
74 78 31 37 364 728
74 78 37 43 0 364
74 78 37 43 364 728
74 78 43 49 0 364
74 78 43 49 364 728
74 78 49 55 0 364
74 78 49 55 364 728
74 78 55 61 0 364
74 78 55 61 364 728
74 78 61 67 0 364
74 78 61 67 364 728
74 78 67 73 0 364
74 78 67 73 364 728
74 78 73 79 0 364
74 78 73 79 364 728
74 78 79 85 0 364
74 78 79 85 364 728
74 78 85 91 0 364
74 78 85 91 364 728
74 78 91 97 0 364
74 78 91 97 364 728
74 78 97 103 0 364
74 78 97 103 364 728
74 78 103 109 0 364
74 78 103 109 364 728
74 78 109 115 0 364
74 78 109 115 364 728
74 78 115 121 0 364
74 78 115 121 364 728
74 78 121 127 0 364
74 78 121 127 364 728
74 78 127 133 0 364
74 78 127 133 364 728
74 78 133 139 0 364
74 78 133 139 364 728
74 78 139 145 0 364
74 78 139 145 364 728
74 78 145 151 0 364
74 78 145 151 364 728
74 78 151 157 0 364
74 78 151 157 364 728
74 78 157 163 0 364
74 78 157 163 364 728
74 78 163 169 0 364
74 78 163 169 364 728
74 78 169 175 0 364
74 78 169 175 364 728
74 78 175 181 0 364
74 78 175 181 364 728
74 78 181 187 0 364
74 78 181 187 364 728
74 78 187 194 0 364
74 78 187 194 364 728
78 83 0 7 0 364
78 83 0 7 364 728
78 83 7 13 0 364
78 83 7 13 364 728
78 83 13 19 0 364
78 83 13 19 364 728
78 83 19 25 0 364
78 83 19 25 364 728
78 83 25 31 0 364
78 83 25 31 364 728
78 83 31 37 0 364
78 83 31 37 364 728
78 83 37 43 0 364
78 83 37 43 364 728
78 83 43 49 0 364
78 83 43 49 364 728
78 83 49 55 0 364
78 83 49 55 364 728
78 83 55 61 0 364
78 83 55 61 364 728
78 83 61 67 0 364
78 83 61 67 364 728
78 83 67 73 0 364
78 83 67 73 364 728
78 83 73 79 0 364
78 83 73 79 364 728
78 83 79 85 0 364
78 83 79 85 364 728
78 83 85 91 0 364
78 83 85 91 364 728
78 83 91 97 0 364
78 83 91 97 364 728
78 83 97 103 0 364
78 83 97 103 364 728
78 83 103 109 0 364
78 83 103 109 364 728
78 83 109 115 0 364
78 83 109 115 364 728
78 83 115 121 0 364
78 83 115 121 364 728
78 83 121 127 0 364
78 83 121 127 364 728
78 83 127 133 0 364
78 83 127 133 364 728
78 83 133 139 0 364
78 83 133 139 364 728
78 83 139 145 0 364
78 83 139 145 364 728
78 83 145 151 0 364
78 83 145 151 364 728
78 83 151 157 0 364
78 83 151 157 364 728
78 83 157 163 0 364
78 83 157 163 364 728
78 83 163 169 0 364
78 83 163 169 364 728
78 83 169 175 0 364
78 83 169 175 364 728
78 83 175 181 0 364
78 83 175 181 364 728
78 83 181 187 0 364
78 83 181 187 364 728
78 83 187 194 0 364
78 83 187 194 364 728
83 87 0 7 0 364
83 87 0 7 364 728
83 87 7 13 0 364
83 87 7 13 364 728
83 87 13 19 0 364
83 87 13 19 364 728
83 87 19 25 0 364
83 87 19 25 364 728
83 87 25 31 0 364
83 87 25 31 364 728
83 87 31 37 0 364
83 87 31 37 364 728
83 87 37 43 0 364
83 87 37 43 364 728
83 87 43 49 0 364
83 87 43 49 364 728
83 87 49 55 0 364
83 87 49 55 364 728
83 87 55 61 0 364
83 87 55 61 364 728
83 87 61 67 0 364
83 87 61 67 364 728
83 87 67 73 0 364
83 87 67 73 364 728
83 87 73 79 0 364
83 87 73 79 364 728
83 87 79 85 0 364
83 87 79 85 364 728
83 87 85 91 0 364
83 87 85 91 364 728
83 87 91 97 0 364
83 87 91 97 364 728
83 87 97 103 0 364
83 87 97 103 364 728
83 87 103 109 0 364
83 87 103 109 364 728
83 87 109 115 0 364
83 87 109 115 364 728
83 87 115 121 0 364
83 87 115 121 364 728
83 87 121 127 0 364
83 87 121 127 364 728
83 87 127 133 0 364
83 87 127 133 364 728
83 87 133 139 0 364
83 87 133 139 364 728
83 87 139 145 0 364
83 87 139 145 364 728
83 87 145 151 0 364
83 87 145 151 364 728
83 87 151 157 0 364
83 87 151 157 364 728
83 87 157 163 0 364
83 87 157 163 364 728
83 87 163 169 0 364
83 87 163 169 364 728
83 87 169 175 0 364
83 87 169 175 364 728
83 87 175 181 0 364
83 87 175 181 364 728
83 87 181 187 0 364
83 87 181 187 364 728
83 87 187 194 0 364
83 87 187 194 364 728
87 92 0 7 0 364
87 92 0 7 364 728
87 92 7 13 0 364
87 92 7 13 364 728
87 92 13 19 0 364
87 92 13 19 364 728
87 92 19 25 0 364
87 92 19 25 364 728
87 92 25 31 0 364
87 92 25 31 364 728
87 92 31 37 0 364
87 92 31 37 364 728
87 92 37 43 0 364
87 92 37 43 364 728
87 92 43 49 0 364
87 92 43 49 364 728
87 92 49 55 0 364
87 92 49 55 364 728
87 92 55 61 0 364
87 92 55 61 364 728
87 92 61 67 0 364
87 92 61 67 364 728
87 92 67 73 0 364
87 92 67 73 364 728
87 92 73 79 0 364
87 92 73 79 364 728
87 92 79 85 0 364
87 92 79 85 364 728
87 92 85 91 0 364
87 92 85 91 364 728
87 92 91 97 0 364
87 92 91 97 364 728
87 92 97 103 0 364
87 92 97 103 364 728
87 92 103 109 0 364
87 92 103 109 364 728
87 92 109 115 0 364
87 92 109 115 364 728
87 92 115 121 0 364
87 92 115 121 364 728
87 92 121 127 0 364
87 92 121 127 364 728
87 92 127 133 0 364
87 92 127 133 364 728
87 92 133 139 0 364
87 92 133 139 364 728
87 92 139 145 0 364
87 92 139 145 364 728
87 92 145 151 0 364
87 92 145 151 364 728
87 92 151 157 0 364
87 92 151 157 364 728
87 92 157 163 0 364
87 92 157 163 364 728
87 92 163 169 0 364
87 92 163 169 364 728
87 92 169 175 0 364
87 92 169 175 364 728
87 92 175 181 0 364
87 92 175 181 364 728
87 92 181 187 0 364
87 92 181 187 364 728
87 92 187 194 0 364
87 92 187 194 364 728
92 96 0 7 0 364
92 96 0 7 364 728
92 96 7 13 0 364
92 96 7 13 364 728
92 96 13 19 0 364
92 96 13 19 364 728
92 96 19 25 0 364
92 96 19 25 364 728
92 96 25 31 0 364
92 96 25 31 364 728
92 96 31 37 0 364
92 96 31 37 364 728
92 96 37 43 0 364
92 96 37 43 364 728
92 96 43 49 0 364
92 96 43 49 364 728
92 96 49 55 0 364
92 96 49 55 364 728
92 96 55 61 0 364
92 96 55 61 364 728
92 96 61 67 0 364
92 96 61 67 364 728
92 96 67 73 0 364
92 96 67 73 364 728
92 96 73 79 0 364
92 96 73 79 364 728
92 96 79 85 0 364
92 96 79 85 364 728
92 96 85 91 0 364
92 96 85 91 364 728
92 96 91 97 0 364
92 96 91 97 364 728
92 96 97 103 0 364
92 96 97 103 364 728
92 96 103 109 0 364
92 96 103 109 364 728
92 96 109 115 0 364
92 96 109 115 364 728
92 96 115 121 0 364
92 96 115 121 364 728
92 96 121 127 0 364
92 96 121 127 364 728
92 96 127 133 0 364
92 96 127 133 364 728
92 96 133 139 0 364
92 96 133 139 364 728
92 96 139 145 0 364
92 96 139 145 364 728
92 96 145 151 0 364
92 96 145 151 364 728
92 96 151 157 0 364
92 96 151 157 364 728
92 96 157 163 0 364
92 96 157 163 364 728
92 96 163 169 0 364
92 96 163 169 364 728
92 96 169 175 0 364
92 96 169 175 364 728
92 96 175 181 0 364
92 96 175 181 364 728
92 96 181 187 0 364
92 96 181 187 364 728
92 96 187 194 0 364
92 96 187 194 364 728
96 101 0 7 0 364
96 101 0 7 364 728
96 101 7 13 0 364
96 101 7 13 364 728
96 101 13 19 0 364
96 101 13 19 364 728
96 101 19 25 0 364
96 101 19 25 364 728
96 101 25 31 0 364
96 101 25 31 364 728
96 101 31 37 0 364
96 101 31 37 364 728
96 101 37 43 0 364
96 101 37 43 364 728
96 101 43 49 0 364
96 101 43 49 364 728
96 101 49 55 0 364
96 101 49 55 364 728
96 101 55 61 0 364
96 101 55 61 364 728
96 101 61 67 0 364
96 101 61 67 364 728
96 101 67 73 0 364
96 101 67 73 364 728
96 101 73 79 0 364
96 101 73 79 364 728
96 101 79 85 0 364
96 101 79 85 364 728
96 101 85 91 0 364
96 101 85 91 364 728
96 101 91 97 0 364
96 101 91 97 364 728
96 101 97 103 0 364
96 101 97 103 364 728
96 101 103 109 0 364
96 101 103 109 364 728
96 101 109 115 0 364
96 101 109 115 364 728
96 101 115 121 0 364
96 101 115 121 364 728
96 101 121 127 0 364
96 101 121 127 364 728
96 101 127 133 0 364
96 101 127 133 364 728
96 101 133 139 0 364
96 101 133 139 364 728
96 101 139 145 0 364
96 101 139 145 364 728
96 101 145 151 0 364
96 101 145 151 364 728
96 101 151 157 0 364
96 101 151 157 364 728
96 101 157 163 0 364
96 101 157 163 364 728
96 101 163 169 0 364
96 101 163 169 364 728
96 101 169 175 0 364
96 101 169 175 364 728
96 101 175 181 0 364
96 101 175 181 364 728
96 101 181 187 0 364
96 101 181 187 364 728
96 101 187 194 0 364
96 101 187 194 364 728
101 106 0 7 0 364
101 106 0 7 364 728
101 106 7 13 0 364
101 106 7 13 364 728
101 106 13 19 0 364
101 106 13 19 364 728
101 106 19 25 0 364
101 106 19 25 364 728
101 106 25 31 0 364
101 106 25 31 364 728
101 106 31 37 0 364
101 106 31 37 364 728
101 106 37 43 0 364
101 106 37 43 364 728
101 106 43 49 0 364
101 106 43 49 364 728
101 106 49 55 0 364
101 106 49 55 364 728
101 106 55 61 0 364
101 106 55 61 364 728
101 106 61 67 0 364
101 106 61 67 364 728
101 106 67 73 0 364
101 106 67 73 364 728
101 106 73 79 0 364
101 106 73 79 364 728
101 106 79 85 0 364
101 106 79 85 364 728
101 106 85 91 0 364
101 106 85 91 364 728
101 106 91 97 0 364
101 106 91 97 364 728
101 106 97 103 0 364
101 106 97 103 364 728
101 106 103 109 0 364
101 106 103 109 364 728
101 106 109 115 0 364
101 106 109 115 364 728
101 106 115 121 0 364
101 106 115 121 364 728
101 106 121 127 0 364
101 106 121 127 364 728
101 106 127 133 0 364
101 106 127 133 364 728
101 106 133 139 0 364
101 106 133 139 364 728
101 106 139 145 0 364
101 106 139 145 364 728
101 106 145 151 0 364
101 106 145 151 364 728
101 106 151 157 0 364
101 106 151 157 364 728
101 106 157 163 0 364
101 106 157 163 364 728
101 106 163 169 0 364
101 106 163 169 364 728
101 106 169 175 0 364
101 106 169 175 364 728
101 106 175 181 0 364
101 106 175 181 364 728
101 106 181 187 0 364
101 106 181 187 364 728
101 106 187 194 0 364
101 106 187 194 364 728
106 110 0 7 0 364
106 110 0 7 364 728
106 110 7 13 0 364
106 110 7 13 364 728
106 110 13 19 0 364
106 110 13 19 364 728
106 110 19 25 0 364
106 110 19 25 364 728
106 110 25 31 0 364
106 110 25 31 364 728
106 110 31 37 0 364
106 110 31 37 364 728
106 110 37 43 0 364
106 110 37 43 364 728
106 110 43 49 0 364
106 110 43 49 364 728
106 110 49 55 0 364
106 110 49 55 364 728
106 110 55 61 0 364
106 110 55 61 364 728
106 110 61 67 0 364
106 110 61 67 364 728
106 110 67 73 0 364
106 110 67 73 364 728
106 110 73 79 0 364
106 110 73 79 364 728
106 110 79 85 0 364
106 110 79 85 364 728
106 110 85 91 0 364
106 110 85 91 364 728
106 110 91 97 0 364
106 110 91 97 364 728
106 110 97 103 0 364
106 110 97 103 364 728
106 110 103 109 0 364
106 110 103 109 364 728
106 110 109 115 0 364
106 110 109 115 364 728
106 110 115 121 0 364
106 110 115 121 364 728
106 110 121 127 0 364
106 110 121 127 364 728
106 110 127 133 0 364
106 110 127 133 364 728
106 110 133 139 0 364
106 110 133 139 364 728
106 110 139 145 0 364
106 110 139 145 364 728
106 110 145 151 0 364
106 110 145 151 364 728
106 110 151 157 0 364
106 110 151 157 364 728
106 110 157 163 0 364
106 110 157 163 364 728
106 110 163 169 0 364
106 110 163 169 364 728
106 110 169 175 0 364
106 110 169 175 364 728
106 110 175 181 0 364
106 110 175 181 364 728
106 110 181 187 0 364
106 110 181 187 364 728
106 110 187 194 0 364
106 110 187 194 364 728
110 115 0 7 0 364
110 115 0 7 364 728
110 115 7 13 0 364
110 115 7 13 364 728
110 115 13 19 0 364
110 115 13 19 364 728
110 115 19 25 0 364
110 115 19 25 364 728
110 115 25 31 0 364
110 115 25 31 364 728
110 115 31 37 0 364
110 115 31 37 364 728
110 115 37 43 0 364
110 115 37 43 364 728
110 115 43 49 0 364
110 115 43 49 364 728
110 115 49 55 0 364
110 115 49 55 364 728
110 115 55 61 0 364
110 115 55 61 364 728
110 115 61 67 0 364
110 115 61 67 364 728
110 115 67 73 0 364
110 115 67 73 364 728
110 115 73 79 0 364
110 115 73 79 364 728
110 115 79 85 0 364
110 115 79 85 364 728
110 115 85 91 0 364
110 115 85 91 364 728
110 115 91 97 0 364
110 115 91 97 364 728
110 115 97 103 0 364
110 115 97 103 364 728
110 115 103 109 0 364
110 115 103 109 364 728
110 115 109 115 0 364
110 115 109 115 364 728
110 115 115 121 0 364
110 115 115 121 364 728
110 115 121 127 0 364
110 115 121 127 364 728
110 115 127 133 0 364
110 115 127 133 364 728
110 115 133 139 0 364
110 115 133 139 364 728
110 115 139 145 0 364
110 115 139 145 364 728
110 115 145 151 0 364
110 115 145 151 364 728
110 115 151 157 0 364
110 115 151 157 364 728
110 115 157 163 0 364
110 115 157 163 364 728
110 115 163 169 0 364
110 115 163 169 364 728
110 115 169 175 0 364
110 115 169 175 364 728
110 115 175 181 0 364
110 115 175 181 364 728
110 115 181 187 0 364
110 115 181 187 364 728
110 115 187 194 0 364
110 115 187 194 364 728
115 119 0 7 0 364
115 119 0 7 364 728
115 119 7 13 0 364
115 119 7 13 364 728
115 119 13 19 0 364
115 119 13 19 364 728
115 119 19 25 0 364
115 119 19 25 364 728
115 119 25 31 0 364
115 119 25 31 364 728
115 119 31 37 0 364
115 119 31 37 364 728
115 119 37 43 0 364
115 119 37 43 364 728
115 119 43 49 0 364
115 119 43 49 364 728
115 119 49 55 0 364
115 119 49 55 364 728
115 119 55 61 0 364
115 119 55 61 364 728
115 119 61 67 0 364
115 119 61 67 364 728
115 119 67 73 0 364
115 119 67 73 364 728
115 119 73 79 0 364
115 119 73 79 364 728
115 119 79 85 0 364
115 119 79 85 364 728
115 119 85 91 0 364
115 119 85 91 364 728
115 119 91 97 0 364
115 119 91 97 364 728
115 119 97 103 0 364
115 119 97 103 364 728
115 119 103 109 0 364
115 119 103 109 364 728
115 119 109 115 0 364
115 119 109 115 364 728
115 119 115 121 0 364
115 119 115 121 364 728
115 119 121 127 0 364
115 119 121 127 364 728
115 119 127 133 0 364
115 119 127 133 364 728
115 119 133 139 0 364
115 119 133 139 364 728
115 119 139 145 0 364
115 119 139 145 364 728
115 119 145 151 0 364
115 119 145 151 364 728
115 119 151 157 0 364
115 119 151 157 364 728
115 119 157 163 0 364
115 119 157 163 364 728
115 119 163 169 0 364
115 119 163 169 364 728
115 119 169 175 0 364
115 119 169 175 364 728
115 119 175 181 0 364
115 119 175 181 364 728
115 119 181 187 0 364
115 119 181 187 364 728
115 119 187 194 0 364
115 119 187 194 364 728
119 124 0 7 0 364
119 124 0 7 364 728
119 124 7 13 0 364
119 124 7 13 364 728
119 124 13 19 0 364
119 124 13 19 364 728
119 124 19 25 0 364
119 124 19 25 364 728
119 124 25 31 0 364
119 124 25 31 364 728
119 124 31 37 0 364
119 124 31 37 364 728
119 124 37 43 0 364
119 124 37 43 364 728
119 124 43 49 0 364
119 124 43 49 364 728
119 124 49 55 0 364
119 124 49 55 364 728
119 124 55 61 0 364
119 124 55 61 364 728
119 124 61 67 0 364
119 124 61 67 364 728
119 124 67 73 0 364
119 124 67 73 364 728
119 124 73 79 0 364
119 124 73 79 364 728
119 124 79 85 0 364
119 124 79 85 364 728
119 124 85 91 0 364
119 124 85 91 364 728
119 124 91 97 0 364
119 124 91 97 364 728
119 124 97 103 0 364
119 124 97 103 364 728
119 124 103 109 0 364
119 124 103 109 364 728
119 124 109 115 0 364
119 124 109 115 364 728
119 124 115 121 0 364
119 124 115 121 364 728
119 124 121 127 0 364
119 124 121 127 364 728
119 124 127 133 0 364
119 124 127 133 364 728
119 124 133 139 0 364
119 124 133 139 364 728
119 124 139 145 0 364
119 124 139 145 364 728
119 124 145 151 0 364
119 124 145 151 364 728
119 124 151 157 0 364
119 124 151 157 364 728
119 124 157 163 0 364
119 124 157 163 364 728
119 124 163 169 0 364
119 124 163 169 364 728
119 124 169 175 0 364
119 124 169 175 364 728
119 124 175 181 0 364
119 124 175 181 364 728
119 124 181 187 0 364
119 124 181 187 364 728
119 124 187 194 0 364
119 124 187 194 364 728
124 128 0 7 0 364
124 128 0 7 364 728
124 128 7 13 0 364
124 128 7 13 364 728
124 128 13 19 0 364
124 128 13 19 364 728
124 128 19 25 0 364
124 128 19 25 364 728
124 128 25 31 0 364
124 128 25 31 364 728
124 128 31 37 0 364
124 128 31 37 364 728
124 128 37 43 0 364
124 128 37 43 364 728
124 128 43 49 0 364
124 128 43 49 364 728
124 128 49 55 0 364
124 128 49 55 364 728
124 128 55 61 0 364
124 128 55 61 364 728
124 128 61 67 0 364
124 128 61 67 364 728
124 128 67 73 0 364
124 128 67 73 364 728
124 128 73 79 0 364
124 128 73 79 364 728
124 128 79 85 0 364
124 128 79 85 364 728
124 128 85 91 0 364
124 128 85 91 364 728
124 128 91 97 0 364
124 128 91 97 364 728
124 128 97 103 0 364
124 128 97 103 364 728
124 128 103 109 0 364
124 128 103 109 364 728
124 128 109 115 0 364
124 128 109 115 364 728
124 128 115 121 0 364
124 128 115 121 364 728
124 128 121 127 0 364
124 128 121 127 364 728
124 128 127 133 0 364
124 128 127 133 364 728
124 128 133 139 0 364
124 128 133 139 364 728
124 128 139 145 0 364
124 128 139 145 364 728
124 128 145 151 0 364
124 128 145 151 364 728
124 128 151 157 0 364
124 128 151 157 364 728
124 128 157 163 0 364
124 128 157 163 364 728
124 128 163 169 0 364
124 128 163 169 364 728
124 128 169 175 0 364
124 128 169 175 364 728
124 128 175 181 0 364
124 128 175 181 364 728
124 128 181 187 0 364
124 128 181 187 364 728
124 128 187 194 0 364
124 128 187 194 364 728
128 133 0 7 0 364
128 133 0 7 364 728
128 133 7 13 0 364
128 133 7 13 364 728
128 133 13 19 0 364
128 133 13 19 364 728
128 133 19 25 0 364
128 133 19 25 364 728
128 133 25 31 0 364
128 133 25 31 364 728
128 133 31 37 0 364
128 133 31 37 364 728
128 133 37 43 0 364
128 133 37 43 364 728
128 133 43 49 0 364
128 133 43 49 364 728
128 133 49 55 0 364
128 133 49 55 364 728
128 133 55 61 0 364
128 133 55 61 364 728
128 133 61 67 0 364
128 133 61 67 364 728
128 133 67 73 0 364
128 133 67 73 364 728
128 133 73 79 0 364
128 133 73 79 364 728
128 133 79 85 0 364
128 133 79 85 364 728
128 133 85 91 0 364
128 133 85 91 364 728
128 133 91 97 0 364
128 133 91 97 364 728
128 133 97 103 0 364
128 133 97 103 364 728
128 133 103 109 0 364
128 133 103 109 364 728
128 133 109 115 0 364
128 133 109 115 364 728
128 133 115 121 0 364
128 133 115 121 364 728
128 133 121 127 0 364
128 133 121 127 364 728
128 133 127 133 0 364
128 133 127 133 364 728
128 133 133 139 0 364
128 133 133 139 364 728
128 133 139 145 0 364
128 133 139 145 364 728
128 133 145 151 0 364
128 133 145 151 364 728
128 133 151 157 0 364
128 133 151 157 364 728
128 133 157 163 0 364
128 133 157 163 364 728
128 133 163 169 0 364
128 133 163 169 364 728
128 133 169 175 0 364
128 133 169 175 364 728
128 133 175 181 0 364
128 133 175 181 364 728
128 133 181 187 0 364
128 133 181 187 364 728
128 133 187 194 0 364
128 133 187 194 364 728
133 137 0 7 0 364
133 137 0 7 364 728
133 137 7 13 0 364
133 137 7 13 364 728
133 137 13 19 0 364
133 137 13 19 364 728
133 137 19 25 0 364
133 137 19 25 364 728
133 137 25 31 0 364
133 137 25 31 364 728
133 137 31 37 0 364
133 137 31 37 364 728
133 137 37 43 0 364
133 137 37 43 364 728
133 137 43 49 0 364
133 137 43 49 364 728
133 137 49 55 0 364
133 137 49 55 364 728
133 137 55 61 0 364
133 137 55 61 364 728
133 137 61 67 0 364
133 137 61 67 364 728
133 137 67 73 0 364
133 137 67 73 364 728
133 137 73 79 0 364
133 137 73 79 364 728
133 137 79 85 0 364
133 137 79 85 364 728
133 137 85 91 0 364
133 137 85 91 364 728
133 137 91 97 0 364
133 137 91 97 364 728
133 137 97 103 0 364
133 137 97 103 364 728
133 137 103 109 0 364
133 137 103 109 364 728
133 137 109 115 0 364
133 137 109 115 364 728
133 137 115 121 0 364
133 137 115 121 364 728
133 137 121 127 0 364
133 137 121 127 364 728
133 137 127 133 0 364
133 137 127 133 364 728
133 137 133 139 0 364
133 137 133 139 364 728
133 137 139 145 0 364
133 137 139 145 364 728
133 137 145 151 0 364
133 137 145 151 364 728
133 137 151 157 0 364
133 137 151 157 364 728
133 137 157 163 0 364
133 137 157 163 364 728
133 137 163 169 0 364
133 137 163 169 364 728
133 137 169 175 0 364
133 137 169 175 364 728
133 137 175 181 0 364
133 137 175 181 364 728
133 137 181 187 0 364
133 137 181 187 364 728
133 137 187 194 0 364
133 137 187 194 364 728
137 142 0 7 0 364
137 142 0 7 364 728
137 142 7 13 0 364
137 142 7 13 364 728
137 142 13 19 0 364
137 142 13 19 364 728
137 142 19 25 0 364
137 142 19 25 364 728
137 142 25 31 0 364
137 142 25 31 364 728
137 142 31 37 0 364
137 142 31 37 364 728
137 142 37 43 0 364
137 142 37 43 364 728
137 142 43 49 0 364
137 142 43 49 364 728
137 142 49 55 0 364
137 142 49 55 364 728
137 142 55 61 0 364
137 142 55 61 364 728
137 142 61 67 0 364
137 142 61 67 364 728
137 142 67 73 0 364
137 142 67 73 364 728
137 142 73 79 0 364
137 142 73 79 364 728
137 142 79 85 0 364
137 142 79 85 364 728
137 142 85 91 0 364
137 142 85 91 364 728
137 142 91 97 0 364
137 142 91 97 364 728
137 142 97 103 0 364
137 142 97 103 364 728
137 142 103 109 0 364
137 142 103 109 364 728
137 142 109 115 0 364
137 142 109 115 364 728
137 142 115 121 0 364
137 142 115 121 364 728
137 142 121 127 0 364
137 142 121 127 364 728
137 142 127 133 0 364
137 142 127 133 364 728
137 142 133 139 0 364
137 142 133 139 364 728
137 142 139 145 0 364
137 142 139 145 364 728
137 142 145 151 0 364
137 142 145 151 364 728
137 142 151 157 0 364
137 142 151 157 364 728
137 142 157 163 0 364
137 142 157 163 364 728
137 142 163 169 0 364
137 142 163 169 364 728
137 142 169 175 0 364
137 142 169 175 364 728
137 142 175 181 0 364
137 142 175 181 364 728
137 142 181 187 0 364
137 142 181 187 364 728
137 142 187 194 0 364
137 142 187 194 364 728
142 148 0 7 0 364
142 148 0 7 364 728
142 148 7 13 0 364
142 148 7 13 364 728
142 148 13 19 0 364
142 148 13 19 364 728
142 148 19 25 0 364
142 148 19 25 364 728
142 148 25 31 0 364
142 148 25 31 364 728
142 148 31 37 0 364
142 148 31 37 364 728
142 148 37 43 0 364
142 148 37 43 364 728
142 148 43 49 0 364
142 148 43 49 364 728
142 148 49 55 0 364
142 148 49 55 364 728
142 148 55 61 0 364
142 148 55 61 364 728
142 148 61 67 0 364
142 148 61 67 364 728
142 148 67 73 0 364
142 148 67 73 364 728
142 148 73 79 0 364
142 148 73 79 364 728
142 148 79 85 0 364
142 148 79 85 364 728
142 148 85 91 0 364
142 148 85 91 364 728
142 148 91 97 0 364
142 148 91 97 364 728
142 148 97 103 0 364
142 148 97 103 364 728
142 148 103 109 0 364
142 148 103 109 364 728
142 148 109 115 0 364
142 148 109 115 364 728
142 148 115 121 0 364
142 148 115 121 364 728
142 148 121 127 0 364
142 148 121 127 364 728
142 148 127 133 0 364
142 148 127 133 364 728
142 148 133 139 0 364
142 148 133 139 364 728
142 148 139 145 0 364
142 148 139 145 364 728
142 148 145 151 0 364
142 148 145 151 364 728
142 148 151 157 0 364
142 148 151 157 364 728
142 148 157 163 0 364
142 148 157 163 364 728
142 148 163 169 0 364
142 148 163 169 364 728
142 148 169 175 0 364
142 148 169 175 364 728
142 148 175 181 0 364
142 148 175 181 364 728
142 148 181 187 0 364
142 148 181 187 364 728
142 148 187 194 0 364
142 148 187 194 364 728
voxsize: 148x194x728 size:79.736084MB
voxBW: 5 7
Decomp size:2048
Initialization time: 0.010417
compute: 0.018244 seconds
evaluations: 20001751
time: 0.059062 seconds
