hostname : cph-c53.uncc.edu
bounding: [1053872.965;1068485.726]x[860186.8419;879395.9741]x[3;730]
read 11056 observations
res: 100 100 1 bw: 500 500 7
96 128 128 194 0 128
0 96 96 128 192 728
64 128 64 128 128 192
0 64 64 96 0 192
96 128 64 128 192 728
96 128 64 128 0 128
96 128 128 194 128 728
0 96 64 96 192 728
0 96 128 194 0 128
0 148 0 64 0 128
0 96 128 194 128 728
64 96 64 96 0 128
128 148 64 194 0 728
64 96 96 128 0 128
0 64 96 128 0 192
0 148 0 64 128 728
voxsize: 148x194x728 size:79.736084MB
voxBW: 5 7
Decomp size:16
Initialization time: 0.01087
compute: 0.005733 seconds
evaluations: 20001751
time: 0.017498 seconds
