hostname : cph-gpu2.uncc.edu
bounding: [1053872.965;1068485.726]x[860186.8419;879395.9741]x[3;730]
read 11056 observations
res: 50 50 1 bw: 100 100 1
0 37 0 49 0 46
0 37 0 49 46 91
0 37 0 49 91 137
0 37 0 49 137 182
0 37 0 49 182 228
0 37 0 49 228 273
0 37 0 49 273 319
0 37 0 49 319 364
0 37 0 49 364 409
0 37 0 49 409 455
0 37 0 49 455 500
0 37 0 49 500 546
0 37 0 49 546 591
0 37 0 49 591 637
0 37 0 49 637 682
0 37 0 49 682 728
0 37 49 97 0 46
0 37 49 97 46 91
0 37 49 97 91 137
0 37 49 97 137 182
0 37 49 97 182 228
0 37 49 97 228 273
0 37 49 97 273 319
0 37 49 97 319 364
0 37 49 97 364 409
0 37 49 97 409 455
0 37 49 97 455 500
0 37 49 97 500 546
0 37 49 97 546 591
0 37 49 97 591 637
0 37 49 97 637 682
0 37 49 97 682 728
0 37 97 145 0 46
0 37 97 145 46 91
0 37 97 145 91 137
0 37 97 145 137 182
0 37 97 145 182 228
0 37 97 145 228 273
0 37 97 145 273 319
0 37 97 145 319 364
0 37 97 145 364 409
0 37 97 145 409 455
0 37 97 145 455 500
0 37 97 145 500 546
0 37 97 145 546 591
0 37 97 145 591 637
0 37 97 145 637 682
0 37 97 145 682 728
0 37 145 193 0 46
0 37 145 193 46 91
0 37 145 193 91 137
0 37 145 193 137 182
0 37 145 193 182 228
0 37 145 193 228 273
0 37 145 193 273 319
0 37 145 193 319 364
0 37 145 193 364 409
0 37 145 193 409 455
0 37 145 193 455 500
0 37 145 193 500 546
0 37 145 193 546 591
0 37 145 193 591 637
0 37 145 193 637 682
0 37 145 193 682 728
0 37 193 241 0 46
0 37 193 241 46 91
0 37 193 241 91 137
0 37 193 241 137 182
0 37 193 241 182 228
0 37 193 241 228 273
0 37 193 241 273 319
0 37 193 241 319 364
0 37 193 241 364 409
0 37 193 241 409 455
0 37 193 241 455 500
0 37 193 241 500 546
0 37 193 241 546 591
0 37 193 241 591 637
0 37 193 241 637 682
0 37 193 241 682 728
0 37 241 289 0 46
0 37 241 289 46 91
0 37 241 289 91 137
0 37 241 289 137 182
0 37 241 289 182 228
0 37 241 289 228 273
0 37 241 289 273 319
0 37 241 289 319 364
0 37 241 289 364 409
0 37 241 289 409 455
0 37 241 289 455 500
0 37 241 289 500 546
0 37 241 289 546 591
0 37 241 289 591 637
0 37 241 289 637 682
0 37 241 289 682 728
0 37 289 337 0 46
0 37 289 337 46 91
0 37 289 337 91 137
0 37 289 337 137 182
0 37 289 337 182 228
0 37 289 337 228 273
0 37 289 337 273 319
0 37 289 337 319 364
0 37 289 337 364 409
0 37 289 337 409 455
0 37 289 337 455 500
0 37 289 337 500 546
0 37 289 337 546 591
0 37 289 337 591 637
0 37 289 337 637 682
0 37 289 337 682 728
0 37 337 386 0 46
0 37 337 386 46 91
0 37 337 386 91 137
0 37 337 386 137 182
0 37 337 386 182 228
0 37 337 386 228 273
0 37 337 386 273 319
0 37 337 386 319 364
0 37 337 386 364 409
0 37 337 386 409 455
0 37 337 386 455 500
0 37 337 386 500 546
0 37 337 386 546 591
0 37 337 386 591 637
0 37 337 386 637 682
0 37 337 386 682 728
37 74 0 49 0 46
37 74 0 49 46 91
37 74 0 49 91 137
37 74 0 49 137 182
37 74 0 49 182 228
37 74 0 49 228 273
37 74 0 49 273 319
37 74 0 49 319 364
37 74 0 49 364 409
37 74 0 49 409 455
37 74 0 49 455 500
37 74 0 49 500 546
37 74 0 49 546 591
37 74 0 49 591 637
37 74 0 49 637 682
37 74 0 49 682 728
37 74 49 97 0 46
37 74 49 97 46 91
37 74 49 97 91 137
37 74 49 97 137 182
37 74 49 97 182 228
37 74 49 97 228 273
37 74 49 97 273 319
37 74 49 97 319 364
37 74 49 97 364 409
37 74 49 97 409 455
37 74 49 97 455 500
37 74 49 97 500 546
37 74 49 97 546 591
37 74 49 97 591 637
37 74 49 97 637 682
37 74 49 97 682 728
37 74 97 145 0 46
37 74 97 145 46 91
37 74 97 145 91 137
37 74 97 145 137 182
37 74 97 145 182 228
37 74 97 145 228 273
37 74 97 145 273 319
37 74 97 145 319 364
37 74 97 145 364 409
37 74 97 145 409 455
37 74 97 145 455 500
37 74 97 145 500 546
37 74 97 145 546 591
37 74 97 145 591 637
37 74 97 145 637 682
37 74 97 145 682 728
37 74 145 193 0 46
37 74 145 193 46 91
37 74 145 193 91 137
37 74 145 193 137 182
37 74 145 193 182 228
37 74 145 193 228 273
37 74 145 193 273 319
37 74 145 193 319 364
37 74 145 193 364 409
37 74 145 193 409 455
37 74 145 193 455 500
37 74 145 193 500 546
37 74 145 193 546 591
37 74 145 193 591 637
37 74 145 193 637 682
37 74 145 193 682 728
37 74 193 241 0 46
37 74 193 241 46 91
37 74 193 241 91 137
37 74 193 241 137 182
37 74 193 241 182 228
37 74 193 241 228 273
37 74 193 241 273 319
37 74 193 241 319 364
37 74 193 241 364 409
37 74 193 241 409 455
37 74 193 241 455 500
37 74 193 241 500 546
37 74 193 241 546 591
37 74 193 241 591 637
37 74 193 241 637 682
37 74 193 241 682 728
37 74 241 289 0 46
37 74 241 289 46 91
37 74 241 289 91 137
37 74 241 289 137 182
37 74 241 289 182 228
37 74 241 289 228 273
37 74 241 289 273 319
37 74 241 289 319 364
37 74 241 289 364 409
37 74 241 289 409 455
37 74 241 289 455 500
37 74 241 289 500 546
37 74 241 289 546 591
37 74 241 289 591 637
37 74 241 289 637 682
37 74 241 289 682 728
37 74 289 337 0 46
37 74 289 337 46 91
37 74 289 337 91 137
37 74 289 337 137 182
37 74 289 337 182 228
37 74 289 337 228 273
37 74 289 337 273 319
37 74 289 337 319 364
37 74 289 337 364 409
37 74 289 337 409 455
37 74 289 337 455 500
37 74 289 337 500 546
37 74 289 337 546 591
37 74 289 337 591 637
37 74 289 337 637 682
37 74 289 337 682 728
37 74 337 386 0 46
37 74 337 386 46 91
37 74 337 386 91 137
37 74 337 386 137 182
37 74 337 386 182 228
37 74 337 386 228 273
37 74 337 386 273 319
37 74 337 386 319 364
37 74 337 386 364 409
37 74 337 386 409 455
37 74 337 386 455 500
37 74 337 386 500 546
37 74 337 386 546 591
37 74 337 386 591 637
37 74 337 386 637 682
37 74 337 386 682 728
74 110 0 49 0 46
74 110 0 49 46 91
74 110 0 49 91 137
74 110 0 49 137 182
74 110 0 49 182 228
74 110 0 49 228 273
74 110 0 49 273 319
74 110 0 49 319 364
74 110 0 49 364 409
74 110 0 49 409 455
74 110 0 49 455 500
74 110 0 49 500 546
74 110 0 49 546 591
74 110 0 49 591 637
74 110 0 49 637 682
74 110 0 49 682 728
74 110 49 97 0 46
74 110 49 97 46 91
74 110 49 97 91 137
74 110 49 97 137 182
74 110 49 97 182 228
74 110 49 97 228 273
74 110 49 97 273 319
74 110 49 97 319 364
74 110 49 97 364 409
74 110 49 97 409 455
74 110 49 97 455 500
74 110 49 97 500 546
74 110 49 97 546 591
74 110 49 97 591 637
74 110 49 97 637 682
74 110 49 97 682 728
74 110 97 145 0 46
74 110 97 145 46 91
74 110 97 145 91 137
74 110 97 145 137 182
74 110 97 145 182 228
74 110 97 145 228 273
74 110 97 145 273 319
74 110 97 145 319 364
74 110 97 145 364 409
74 110 97 145 409 455
74 110 97 145 455 500
74 110 97 145 500 546
74 110 97 145 546 591
74 110 97 145 591 637
74 110 97 145 637 682
74 110 97 145 682 728
74 110 145 193 0 46
74 110 145 193 46 91
74 110 145 193 91 137
74 110 145 193 137 182
74 110 145 193 182 228
74 110 145 193 228 273
74 110 145 193 273 319
74 110 145 193 319 364
74 110 145 193 364 409
74 110 145 193 409 455
74 110 145 193 455 500
74 110 145 193 500 546
74 110 145 193 546 591
74 110 145 193 591 637
74 110 145 193 637 682
74 110 145 193 682 728
74 110 193 241 0 46
74 110 193 241 46 91
74 110 193 241 91 137
74 110 193 241 137 182
74 110 193 241 182 228
74 110 193 241 228 273
74 110 193 241 273 319
74 110 193 241 319 364
74 110 193 241 364 409
74 110 193 241 409 455
74 110 193 241 455 500
74 110 193 241 500 546
74 110 193 241 546 591
74 110 193 241 591 637
74 110 193 241 637 682
74 110 193 241 682 728
74 110 241 289 0 46
74 110 241 289 46 91
74 110 241 289 91 137
74 110 241 289 137 182
74 110 241 289 182 228
74 110 241 289 228 273
74 110 241 289 273 319
74 110 241 289 319 364
74 110 241 289 364 409
74 110 241 289 409 455
74 110 241 289 455 500
74 110 241 289 500 546
74 110 241 289 546 591
74 110 241 289 591 637
74 110 241 289 637 682
74 110 241 289 682 728
74 110 289 337 0 46
74 110 289 337 46 91
74 110 289 337 91 137
74 110 289 337 137 182
74 110 289 337 182 228
74 110 289 337 228 273
74 110 289 337 273 319
74 110 289 337 319 364
74 110 289 337 364 409
74 110 289 337 409 455
74 110 289 337 455 500
74 110 289 337 500 546
74 110 289 337 546 591
74 110 289 337 591 637
74 110 289 337 637 682
74 110 289 337 682 728
74 110 337 386 0 46
74 110 337 386 46 91
74 110 337 386 91 137
74 110 337 386 137 182
74 110 337 386 182 228
74 110 337 386 228 273
74 110 337 386 273 319
74 110 337 386 319 364
74 110 337 386 364 409
74 110 337 386 409 455
74 110 337 386 455 500
74 110 337 386 500 546
74 110 337 386 546 591
74 110 337 386 591 637
74 110 337 386 637 682
74 110 337 386 682 728
110 147 0 49 0 46
110 147 0 49 46 91
110 147 0 49 91 137
110 147 0 49 137 182
110 147 0 49 182 228
110 147 0 49 228 273
110 147 0 49 273 319
110 147 0 49 319 364
110 147 0 49 364 409
110 147 0 49 409 455
110 147 0 49 455 500
110 147 0 49 500 546
110 147 0 49 546 591
110 147 0 49 591 637
110 147 0 49 637 682
110 147 0 49 682 728
110 147 49 97 0 46
110 147 49 97 46 91
110 147 49 97 91 137
110 147 49 97 137 182
110 147 49 97 182 228
110 147 49 97 228 273
110 147 49 97 273 319
110 147 49 97 319 364
110 147 49 97 364 409
110 147 49 97 409 455
110 147 49 97 455 500
110 147 49 97 500 546
110 147 49 97 546 591
110 147 49 97 591 637
110 147 49 97 637 682
110 147 49 97 682 728
110 147 97 145 0 46
110 147 97 145 46 91
110 147 97 145 91 137
110 147 97 145 137 182
110 147 97 145 182 228
110 147 97 145 228 273
110 147 97 145 273 319
110 147 97 145 319 364
110 147 97 145 364 409
110 147 97 145 409 455
110 147 97 145 455 500
110 147 97 145 500 546
110 147 97 145 546 591
110 147 97 145 591 637
110 147 97 145 637 682
110 147 97 145 682 728
110 147 145 193 0 46
110 147 145 193 46 91
110 147 145 193 91 137
110 147 145 193 137 182
110 147 145 193 182 228
110 147 145 193 228 273
110 147 145 193 273 319
110 147 145 193 319 364
110 147 145 193 364 409
110 147 145 193 409 455
110 147 145 193 455 500
110 147 145 193 500 546
110 147 145 193 546 591
110 147 145 193 591 637
110 147 145 193 637 682
110 147 145 193 682 728
110 147 193 241 0 46
110 147 193 241 46 91
110 147 193 241 91 137
110 147 193 241 137 182
110 147 193 241 182 228
110 147 193 241 228 273
110 147 193 241 273 319
110 147 193 241 319 364
110 147 193 241 364 409
110 147 193 241 409 455
110 147 193 241 455 500
110 147 193 241 500 546
110 147 193 241 546 591
110 147 193 241 591 637
110 147 193 241 637 682
110 147 193 241 682 728
110 147 241 289 0 46
110 147 241 289 46 91
110 147 241 289 91 137
110 147 241 289 137 182
110 147 241 289 182 228
110 147 241 289 228 273
110 147 241 289 273 319
110 147 241 289 319 364
110 147 241 289 364 409
110 147 241 289 409 455
110 147 241 289 455 500
110 147 241 289 500 546
110 147 241 289 546 591
110 147 241 289 591 637
110 147 241 289 637 682
110 147 241 289 682 728
110 147 289 337 0 46
110 147 289 337 46 91
110 147 289 337 91 137
110 147 289 337 137 182
110 147 289 337 182 228
110 147 289 337 228 273
110 147 289 337 273 319
110 147 289 337 319 364
110 147 289 337 364 409
110 147 289 337 409 455
110 147 289 337 455 500
110 147 289 337 500 546
110 147 289 337 546 591
110 147 289 337 591 637
110 147 289 337 637 682
110 147 289 337 682 728
110 147 337 386 0 46
110 147 337 386 46 91
110 147 337 386 91 137
110 147 337 386 137 182
110 147 337 386 182 228
110 147 337 386 228 273
110 147 337 386 273 319
110 147 337 386 319 364
110 147 337 386 364 409
110 147 337 386 409 455
110 147 337 386 455 500
110 147 337 386 500 546
110 147 337 386 546 591
110 147 337 386 591 637
110 147 337 386 637 682
110 147 337 386 682 728
147 183 0 49 0 46
147 183 0 49 46 91
147 183 0 49 91 137
147 183 0 49 137 182
147 183 0 49 182 228
147 183 0 49 228 273
147 183 0 49 273 319
147 183 0 49 319 364
147 183 0 49 364 409
147 183 0 49 409 455
147 183 0 49 455 500
147 183 0 49 500 546
147 183 0 49 546 591
147 183 0 49 591 637
147 183 0 49 637 682
147 183 0 49 682 728
147 183 49 97 0 46
147 183 49 97 46 91
147 183 49 97 91 137
147 183 49 97 137 182
147 183 49 97 182 228
147 183 49 97 228 273
147 183 49 97 273 319
147 183 49 97 319 364
147 183 49 97 364 409
147 183 49 97 409 455
147 183 49 97 455 500
147 183 49 97 500 546
147 183 49 97 546 591
147 183 49 97 591 637
147 183 49 97 637 682
147 183 49 97 682 728
147 183 97 145 0 46
147 183 97 145 46 91
147 183 97 145 91 137
147 183 97 145 137 182
147 183 97 145 182 228
147 183 97 145 228 273
147 183 97 145 273 319
147 183 97 145 319 364
147 183 97 145 364 409
147 183 97 145 409 455
147 183 97 145 455 500
147 183 97 145 500 546
147 183 97 145 546 591
147 183 97 145 591 637
147 183 97 145 637 682
147 183 97 145 682 728
147 183 145 193 0 46
147 183 145 193 46 91
147 183 145 193 91 137
147 183 145 193 137 182
147 183 145 193 182 228
147 183 145 193 228 273
147 183 145 193 273 319
147 183 145 193 319 364
147 183 145 193 364 409
147 183 145 193 409 455
147 183 145 193 455 500
147 183 145 193 500 546
147 183 145 193 546 591
147 183 145 193 591 637
147 183 145 193 637 682
147 183 145 193 682 728
147 183 193 241 0 46
147 183 193 241 46 91
147 183 193 241 91 137
147 183 193 241 137 182
147 183 193 241 182 228
147 183 193 241 228 273
147 183 193 241 273 319
147 183 193 241 319 364
147 183 193 241 364 409
147 183 193 241 409 455
147 183 193 241 455 500
147 183 193 241 500 546
147 183 193 241 546 591
147 183 193 241 591 637
147 183 193 241 637 682
147 183 193 241 682 728
147 183 241 289 0 46
147 183 241 289 46 91
147 183 241 289 91 137
147 183 241 289 137 182
147 183 241 289 182 228
147 183 241 289 228 273
147 183 241 289 273 319
147 183 241 289 319 364
147 183 241 289 364 409
147 183 241 289 409 455
147 183 241 289 455 500
147 183 241 289 500 546
147 183 241 289 546 591
147 183 241 289 591 637
147 183 241 289 637 682
147 183 241 289 682 728
147 183 289 337 0 46
147 183 289 337 46 91
147 183 289 337 91 137
147 183 289 337 137 182
147 183 289 337 182 228
147 183 289 337 228 273
147 183 289 337 273 319
147 183 289 337 319 364
147 183 289 337 364 409
147 183 289 337 409 455
147 183 289 337 455 500
147 183 289 337 500 546
147 183 289 337 546 591
147 183 289 337 591 637
147 183 289 337 637 682
147 183 289 337 682 728
147 183 337 386 0 46
147 183 337 386 46 91
147 183 337 386 91 137
147 183 337 386 137 182
147 183 337 386 182 228
147 183 337 386 228 273
147 183 337 386 273 319
147 183 337 386 319 364
147 183 337 386 364 409
147 183 337 386 409 455
147 183 337 386 455 500
147 183 337 386 500 546
147 183 337 386 546 591
147 183 337 386 591 637
147 183 337 386 637 682
147 183 337 386 682 728
183 220 0 49 0 46
183 220 0 49 46 91
183 220 0 49 91 137
183 220 0 49 137 182
183 220 0 49 182 228
183 220 0 49 228 273
183 220 0 49 273 319
183 220 0 49 319 364
183 220 0 49 364 409
183 220 0 49 409 455
183 220 0 49 455 500
183 220 0 49 500 546
183 220 0 49 546 591
183 220 0 49 591 637
183 220 0 49 637 682
183 220 0 49 682 728
183 220 49 97 0 46
183 220 49 97 46 91
183 220 49 97 91 137
183 220 49 97 137 182
183 220 49 97 182 228
183 220 49 97 228 273
183 220 49 97 273 319
183 220 49 97 319 364
183 220 49 97 364 409
183 220 49 97 409 455
183 220 49 97 455 500
183 220 49 97 500 546
183 220 49 97 546 591
183 220 49 97 591 637
183 220 49 97 637 682
183 220 49 97 682 728
183 220 97 145 0 46
183 220 97 145 46 91
183 220 97 145 91 137
183 220 97 145 137 182
183 220 97 145 182 228
183 220 97 145 228 273
183 220 97 145 273 319
183 220 97 145 319 364
183 220 97 145 364 409
183 220 97 145 409 455
183 220 97 145 455 500
183 220 97 145 500 546
183 220 97 145 546 591
183 220 97 145 591 637
183 220 97 145 637 682
183 220 97 145 682 728
183 220 145 193 0 46
183 220 145 193 46 91
183 220 145 193 91 137
183 220 145 193 137 182
183 220 145 193 182 228
183 220 145 193 228 273
183 220 145 193 273 319
183 220 145 193 319 364
183 220 145 193 364 409
183 220 145 193 409 455
183 220 145 193 455 500
183 220 145 193 500 546
183 220 145 193 546 591
183 220 145 193 591 637
183 220 145 193 637 682
183 220 145 193 682 728
183 220 193 241 0 46
183 220 193 241 46 91
183 220 193 241 91 137
183 220 193 241 137 182
183 220 193 241 182 228
183 220 193 241 228 273
183 220 193 241 273 319
183 220 193 241 319 364
183 220 193 241 364 409
183 220 193 241 409 455
183 220 193 241 455 500
183 220 193 241 500 546
183 220 193 241 546 591
183 220 193 241 591 637
183 220 193 241 637 682
183 220 193 241 682 728
183 220 241 289 0 46
183 220 241 289 46 91
183 220 241 289 91 137
183 220 241 289 137 182
183 220 241 289 182 228
183 220 241 289 228 273
183 220 241 289 273 319
183 220 241 289 319 364
183 220 241 289 364 409
183 220 241 289 409 455
183 220 241 289 455 500
183 220 241 289 500 546
183 220 241 289 546 591
183 220 241 289 591 637
183 220 241 289 637 682
183 220 241 289 682 728
183 220 289 337 0 46
183 220 289 337 46 91
183 220 289 337 91 137
183 220 289 337 137 182
183 220 289 337 182 228
183 220 289 337 228 273
183 220 289 337 273 319
183 220 289 337 319 364
183 220 289 337 364 409
183 220 289 337 409 455
183 220 289 337 455 500
183 220 289 337 500 546
183 220 289 337 546 591
183 220 289 337 591 637
183 220 289 337 637 682
183 220 289 337 682 728
183 220 337 386 0 46
183 220 337 386 46 91
183 220 337 386 91 137
183 220 337 386 137 182
183 220 337 386 182 228
183 220 337 386 228 273
183 220 337 386 273 319
183 220 337 386 319 364
183 220 337 386 364 409
183 220 337 386 409 455
183 220 337 386 455 500
183 220 337 386 500 546
183 220 337 386 546 591
183 220 337 386 591 637
183 220 337 386 637 682
183 220 337 386 682 728
220 256 0 49 0 46
220 256 0 49 46 91
220 256 0 49 91 137
220 256 0 49 137 182
220 256 0 49 182 228
220 256 0 49 228 273
220 256 0 49 273 319
220 256 0 49 319 364
220 256 0 49 364 409
220 256 0 49 409 455
220 256 0 49 455 500
220 256 0 49 500 546
220 256 0 49 546 591
220 256 0 49 591 637
220 256 0 49 637 682
220 256 0 49 682 728
220 256 49 97 0 46
220 256 49 97 46 91
220 256 49 97 91 137
220 256 49 97 137 182
220 256 49 97 182 228
220 256 49 97 228 273
220 256 49 97 273 319
220 256 49 97 319 364
220 256 49 97 364 409
220 256 49 97 409 455
220 256 49 97 455 500
220 256 49 97 500 546
220 256 49 97 546 591
220 256 49 97 591 637
220 256 49 97 637 682
220 256 49 97 682 728
220 256 97 145 0 46
220 256 97 145 46 91
220 256 97 145 91 137
220 256 97 145 137 182
220 256 97 145 182 228
220 256 97 145 228 273
220 256 97 145 273 319
220 256 97 145 319 364
220 256 97 145 364 409
220 256 97 145 409 455
220 256 97 145 455 500
220 256 97 145 500 546
220 256 97 145 546 591
220 256 97 145 591 637
220 256 97 145 637 682
220 256 97 145 682 728
220 256 145 193 0 46
220 256 145 193 46 91
220 256 145 193 91 137
220 256 145 193 137 182
220 256 145 193 182 228
220 256 145 193 228 273
220 256 145 193 273 319
220 256 145 193 319 364
220 256 145 193 364 409
220 256 145 193 409 455
220 256 145 193 455 500
220 256 145 193 500 546
220 256 145 193 546 591
220 256 145 193 591 637
220 256 145 193 637 682
220 256 145 193 682 728
220 256 193 241 0 46
220 256 193 241 46 91
220 256 193 241 91 137
220 256 193 241 137 182
220 256 193 241 182 228
220 256 193 241 228 273
220 256 193 241 273 319
220 256 193 241 319 364
220 256 193 241 364 409
220 256 193 241 409 455
220 256 193 241 455 500
220 256 193 241 500 546
220 256 193 241 546 591
220 256 193 241 591 637
220 256 193 241 637 682
220 256 193 241 682 728
220 256 241 289 0 46
220 256 241 289 46 91
220 256 241 289 91 137
220 256 241 289 137 182
220 256 241 289 182 228
220 256 241 289 228 273
220 256 241 289 273 319
220 256 241 289 319 364
220 256 241 289 364 409
220 256 241 289 409 455
220 256 241 289 455 500
220 256 241 289 500 546
220 256 241 289 546 591
220 256 241 289 591 637
220 256 241 289 637 682
220 256 241 289 682 728
220 256 289 337 0 46
220 256 289 337 46 91
220 256 289 337 91 137
220 256 289 337 137 182
220 256 289 337 182 228
220 256 289 337 228 273
220 256 289 337 273 319
220 256 289 337 319 364
220 256 289 337 364 409
220 256 289 337 409 455
220 256 289 337 455 500
220 256 289 337 500 546
220 256 289 337 546 591
220 256 289 337 591 637
220 256 289 337 637 682
220 256 289 337 682 728
220 256 337 386 0 46
220 256 337 386 46 91
220 256 337 386 91 137
220 256 337 386 137 182
220 256 337 386 182 228
220 256 337 386 228 273
220 256 337 386 273 319
220 256 337 386 319 364
220 256 337 386 364 409
220 256 337 386 409 455
220 256 337 386 455 500
220 256 337 386 500 546
220 256 337 386 546 591
220 256 337 386 591 637
220 256 337 386 637 682
220 256 337 386 682 728
256 294 0 49 0 46
256 294 0 49 46 91
256 294 0 49 91 137
256 294 0 49 137 182
256 294 0 49 182 228
256 294 0 49 228 273
256 294 0 49 273 319
256 294 0 49 319 364
256 294 0 49 364 409
256 294 0 49 409 455
256 294 0 49 455 500
256 294 0 49 500 546
256 294 0 49 546 591
256 294 0 49 591 637
256 294 0 49 637 682
256 294 0 49 682 728
256 294 49 97 0 46
256 294 49 97 46 91
256 294 49 97 91 137
256 294 49 97 137 182
256 294 49 97 182 228
256 294 49 97 228 273
256 294 49 97 273 319
256 294 49 97 319 364
256 294 49 97 364 409
256 294 49 97 409 455
256 294 49 97 455 500
256 294 49 97 500 546
256 294 49 97 546 591
256 294 49 97 591 637
256 294 49 97 637 682
256 294 49 97 682 728
256 294 97 145 0 46
256 294 97 145 46 91
256 294 97 145 91 137
256 294 97 145 137 182
256 294 97 145 182 228
256 294 97 145 228 273
256 294 97 145 273 319
256 294 97 145 319 364
256 294 97 145 364 409
256 294 97 145 409 455
256 294 97 145 455 500
256 294 97 145 500 546
256 294 97 145 546 591
256 294 97 145 591 637
256 294 97 145 637 682
256 294 97 145 682 728
256 294 145 193 0 46
256 294 145 193 46 91
256 294 145 193 91 137
256 294 145 193 137 182
256 294 145 193 182 228
256 294 145 193 228 273
256 294 145 193 273 319
256 294 145 193 319 364
256 294 145 193 364 409
256 294 145 193 409 455
256 294 145 193 455 500
256 294 145 193 500 546
256 294 145 193 546 591
256 294 145 193 591 637
256 294 145 193 637 682
256 294 145 193 682 728
256 294 193 241 0 46
256 294 193 241 46 91
256 294 193 241 91 137
256 294 193 241 137 182
256 294 193 241 182 228
256 294 193 241 228 273
256 294 193 241 273 319
256 294 193 241 319 364
256 294 193 241 364 409
256 294 193 241 409 455
256 294 193 241 455 500
256 294 193 241 500 546
256 294 193 241 546 591
256 294 193 241 591 637
256 294 193 241 637 682
256 294 193 241 682 728
256 294 241 289 0 46
256 294 241 289 46 91
256 294 241 289 91 137
256 294 241 289 137 182
256 294 241 289 182 228
256 294 241 289 228 273
256 294 241 289 273 319
256 294 241 289 319 364
256 294 241 289 364 409
256 294 241 289 409 455
256 294 241 289 455 500
256 294 241 289 500 546
256 294 241 289 546 591
256 294 241 289 591 637
256 294 241 289 637 682
256 294 241 289 682 728
256 294 289 337 0 46
256 294 289 337 46 91
256 294 289 337 91 137
256 294 289 337 137 182
256 294 289 337 182 228
256 294 289 337 228 273
256 294 289 337 273 319
256 294 289 337 319 364
256 294 289 337 364 409
256 294 289 337 409 455
256 294 289 337 455 500
256 294 289 337 500 546
256 294 289 337 546 591
256 294 289 337 591 637
256 294 289 337 637 682
256 294 289 337 682 728
256 294 337 386 0 46
256 294 337 386 46 91
256 294 337 386 91 137
256 294 337 386 137 182
256 294 337 386 182 228
256 294 337 386 228 273
256 294 337 386 273 319
256 294 337 386 319 364
256 294 337 386 364 409
256 294 337 386 409 455
256 294 337 386 455 500
256 294 337 386 500 546
256 294 337 386 546 591
256 294 337 386 591 637
256 294 337 386 637 682
256 294 337 386 682 728
voxsize: 294x386x728 size:315.156372MB
voxBW: 2 1
Decomp size:1024
Initialization time: 0.037342
compute: 0.008072 seconds
evaluations: 828825
time: 0.065924 seconds
