hostname : cph-gpu2.uncc.edu
bounding: [1053872.965;1068485.726]x[860186.8419;879395.9741]x[3;730]
read 11056 observations
res: 50 50 1 bw: 100 100 1
0 160 224 320 0 640
160 256 0 224 0 192
0 160 0 160 0 192
0 160 160 224 0 256
160 256 224 288 0 320
160 256 288 386 0 512
160 256 0 224 192 728
256 294 0 386 0 448
0 160 0 160 192 728
160 256 224 288 320 728
0 160 160 224 384 728
0 160 160 224 256 384
160 256 288 386 512 728
0 160 320 386 0 728
256 294 0 386 448 728
0 160 224 320 640 728
voxsize: 294x386x728 size:315.156372MB
voxBW: 2 1
Decomp size:16
Initialization time: 0.036775
compute: 0.001945 seconds
evaluations: 828825
time: 0.039878 seconds
