hostname : cph-gpu4.uncc.edu
bounding: [1053872.965;1068485.726]x[860186.8419;879395.9741]x[3;730]
read 11056 observations
res: 50 50 1 bw: 2500 2500 14
128 192 192 256 64 128
128 192 192 256 0 64
64 128 192 386 0 64
192 294 192 256 0 64
128 192 128 192 0 64
128 192 128 192 128 256
0 64 64 192 0 728
128 192 128 192 64 128
128 192 256 386 0 64
192 256 256 386 64 128
64 128 128 192 64 128
128 294 64 128 64 256
64 128 64 128 64 256
64 128 128 192 128 384
128 192 128 192 256 728
192 294 256 320 0 64
64 128 192 256 128 384
64 128 128 192 0 64
128 192 256 386 64 128
64 128 256 386 64 384
0 64 192 386 0 728
192 256 192 256 64 128
192 294 128 192 256 728
128 192 192 256 128 192
192 294 128 192 128 256
64 128 128 386 384 728
192 294 192 256 128 192
192 294 256 386 128 192
64 128 192 256 64 128
64 294 64 128 256 728
192 294 128 192 64 128
64 128 64 128 0 64
192 294 128 192 0 64
128 294 64 128 0 64
128 192 256 386 128 192
192 294 320 386 0 64
128 192 192 256 192 256
0 294 0 64 0 728
256 294 192 386 64 128
192 256 192 256 192 256
192 256 256 386 192 256
128 192 256 386 192 256
128 192 192 256 256 320
192 256 256 386 256 320
192 256 192 256 256 320
128 192 256 386 256 320
128 192 256 320 448 728
128 192 192 256 576 728
192 256 192 256 384 512
192 256 256 320 320 448
192 256 320 386 320 640
128 192 192 256 320 384
192 256 192 386 640 728
192 256 192 256 512 640
256 294 192 386 192 256
128 192 192 256 448 576
128 192 256 320 320 448
192 256 192 256 320 384
256 294 192 386 320 448
256 294 192 386 448 728
192 256 256 320 448 640
128 192 320 386 320 728
256 294 192 386 256 320
128 192 192 256 384 448
voxsize: 294x386x728 size:315.156372MB
voxBW: 50 14
Decomp size:64
Initialization time: 0.033419
compute: 0.459708 seconds
evaluations: 3159635318
time: 0.494947 seconds
