hostname : cph-gpu1.uncc.edu
bounding: [1053872.965;1068485.726]x[860186.8419;879395.9741]x[3;730]
read 11056 observations
res: 100 100 1 bw: 250 250 1
0 64 32 128 0 256
64 128 96 128 0 256
0 128 0 128 256 728
64 128 32 96 0 256
96 148 128 194 0 384
0 96 128 194 0 384
128 148 0 128 0 728
0 148 128 194 384 704
0 128 0 32 0 256
0 148 128 194 704 728
voxsize: 148x194x728 size:79.736084MB
voxBW: 3 1
Decomp size:10
Initialization time: 0.012648
compute: 0.005287 seconds
evaluations: 1624413
time: 0.024767 seconds
