hostname : cph-gpu2.uncc.edu
bounding: [1053872.965;1068485.726]x[860186.8419;879395.9741]x[3;730]
read 11056 observations
res: 50 50 1 bw: 100 100 1
192 294 160 288 0 288
0 192 160 224 0 256
96 192 224 386 0 544
0 192 0 160 0 256
192 294 288 386 0 728
0 192 0 224 256 672
192 294 128 288 288 728
0 96 224 386 96 544
0 96 224 386 0 96
192 294 128 160 0 288
0 192 0 386 672 728
0 192 224 386 544 672
192 294 0 32 0 728
192 294 32 64 0 728
192 294 64 96 0 728
192 294 96 128 0 728
voxsize: 294x386x728 size:315.156372MB
voxBW: 2 1
Decomp size:16
Initialization time: 0.036087
compute: 0.002357 seconds
evaluations: 828825
time: 0.039665 seconds
