hostname : cph-gpu1.uncc.edu
bounding: [1053872.965;1068485.726]x[860186.8419;879395.9741]x[3;730]
read 11056 observations
res: 100 100 1 bw: 250 250 1
0 64 32 128 0 256
64 96 96 160 0 448
96 148 0 128 0 384
64 96 0 96 0 728
96 148 128 194 0 384
0 64 128 194 0 728
0 64 32 128 256 728
96 148 0 128 384 704
64 96 96 160 448 728
64 96 160 194 0 192
96 148 128 194 512 728
96 148 128 194 384 512
64 96 160 194 192 728
0 64 0 32 0 728
96 148 0 128 704 728
voxsize: 148x194x728 size:79.736084MB
voxBW: 3 1
Decomp size:15
Initialization time: 0.009897
compute: 0.003132 seconds
evaluations: 1624413
time: 0.013877 seconds
