hostname : cph-gpu1.uncc.edu
bounding: [1053872.965;1068485.726]x[860186.8419;879395.9741]x[3;730]
read 11056 observations
res: 100 100 1 bw: 250 250 1
0 74 0 97 0 46
0 74 0 97 46 91
0 74 0 97 91 137
0 74 0 97 137 182
0 74 0 97 182 228
0 74 0 97 228 273
0 74 0 97 273 319
0 74 0 97 319 364
0 74 0 97 364 409
0 74 0 97 409 455
0 74 0 97 455 500
0 74 0 97 500 546
0 74 0 97 546 591
0 74 0 97 591 637
0 74 0 97 637 682
0 74 0 97 682 728
0 74 97 194 0 46
0 74 97 194 46 91
0 74 97 194 91 137
0 74 97 194 137 182
0 74 97 194 182 228
0 74 97 194 228 273
0 74 97 194 273 319
0 74 97 194 319 364
0 74 97 194 364 409
0 74 97 194 409 455
0 74 97 194 455 500
0 74 97 194 500 546
0 74 97 194 546 591
0 74 97 194 591 637
0 74 97 194 637 682
0 74 97 194 682 728
74 148 0 97 0 46
74 148 0 97 46 91
74 148 0 97 91 137
74 148 0 97 137 182
74 148 0 97 182 228
74 148 0 97 228 273
74 148 0 97 273 319
74 148 0 97 319 364
74 148 0 97 364 409
74 148 0 97 409 455
74 148 0 97 455 500
74 148 0 97 500 546
74 148 0 97 546 591
74 148 0 97 591 637
74 148 0 97 637 682
74 148 0 97 682 728
74 148 97 194 0 46
74 148 97 194 46 91
74 148 97 194 91 137
74 148 97 194 137 182
74 148 97 194 182 228
74 148 97 194 228 273
74 148 97 194 273 319
74 148 97 194 319 364
74 148 97 194 364 409
74 148 97 194 409 455
74 148 97 194 455 500
74 148 97 194 500 546
74 148 97 194 546 591
74 148 97 194 591 637
74 148 97 194 637 682
74 148 97 194 682 728
voxsize: 148x194x728 size:79.736084MB
voxBW: 3 1
Decomp size:64
Initialization time: 0.010425
compute: 0.002475 seconds
evaluations: 1624413
time: 0.018578 seconds
