hostname : cph-gpu2.uncc.edu
bounding: [1053872.965;1068485.726]x[860186.8419;879395.9741]x[3;730]
read 11056 observations
res: 50 50 1 bw: 100 100 1
183 201 144 168 182 227
183 201 241 265 136 182
91 100 120 132 68 91
73 82 180 193 45 68
128 147 168 193 273 318
147 183 96 144 546 637
183 220 241 289 455 546
110 147 289 337 91 182
91 110 144 168 227 273
220 238 313 337 45 91
165 174 144 156 45 68
147 165 241 265 91 136
0 73 96 193 546 728
82 91 96 108 68 91
210 220 253 265 68 91
73 91 265 289 91 136
220 238 193 217 91 136
257 275 144 168 45 91
73 147 0 96 546 728
128 147 144 168 136 182
91 100 132 144 45 68
73 82 193 205 91 113
147 183 241 289 637 728
137 147 168 180 68 91
165 183 193 217 364 409
238 257 313 337 0 45
73 110 193 241 546 637
275 294 168 193 0 45
257 275 144 168 227 273
165 183 217 241 91 136
220 238 241 265 227 273
201 220 337 361 91 136
73 91 193 217 182 227
128 137 180 193 45 68
82 91 96 108 45 68
63 73 180 193 68 91
128 147 144 168 273 318
147 165 72 96 0 45
257 294 193 241 546 637
110 128 241 265 273 318
257 275 193 217 136 182
147 165 193 217 273 318
165 183 217 241 227 273
165 183 168 193 182 227
238 247 301 313 45 68
73 147 0 96 364 546
201 210 217 229 22 45
201 220 193 217 591 637
275 294 217 241 0 45
183 220 337 386 455 546
36 73 144 193 273 364
220 257 241 289 455 546
220 238 168 193 91 136
257 275 193 217 0 45
91 100 96 108 45 68
201 220 289 313 136 182
220 257 144 193 364 455
257 275 168 193 136 182
82 91 120 132 91 113
220 257 337 386 455 546
91 100 144 156 45 68
73 91 72 96 0 45
201 210 313 325 45 68
73 91 72 96 91 136
220 238 313 337 91 136
165 174 168 180 45 68
91 110 72 96 91 136
165 183 144 168 273 318
110 128 265 289 0 45
128 137 108 120 22 45
183 192 229 241 68 91
128 147 120 144 91 136
128 137 168 180 45 68
220 238 168 193 136 182
210 220 325 337 22 45
201 220 337 361 136 182
192 201 229 241 91 113
257 275 217 241 227 273
201 220 289 313 227 273
137 147 144 156 45 68
220 238 193 217 45 91
91 100 120 132 91 113
192 201 144 156 45 68
165 183 241 265 227 273
82 91 193 205 45 68
201 220 289 313 91 136
147 165 313 337 0 45
91 100 193 205 45 68
128 147 289 313 45 91
73 91 168 193 273 318
201 220 241 265 182 227
257 275 193 217 227 273
36 54 265 289 45 91
110 147 289 337 182 273
110 147 241 289 637 728
165 183 265 289 91 136
238 257 241 265 91 136
147 165 337 361 0 45
91 110 193 217 136 182
165 183 96 120 91 136
210 220 349 361 22 45
165 174 144 156 22 45
147 165 120 144 0 45
119 128 156 168 45 68
100 110 120 132 22 45
183 201 193 217 318 364
183 201 241 265 318 364
201 220 361 386 45 91
82 91 193 205 91 113
192 201 193 205 45 68
63 73 265 277 45 68
201 220 313 337 136 182
147 165 144 168 273 318
183 220 337 386 637 728
91 100 96 108 22 45
210 220 217 229 45 68
73 91 120 144 227 273
183 192 217 229 91 113
110 128 168 193 182 227
63 73 265 277 68 91
110 128 96 120 136 182
147 183 96 144 364 455
119 128 168 180 68 91
201 210 313 325 68 91
220 257 337 386 364 455
128 137 253 265 45 68
119 128 253 265 68 91
220 238 193 217 182 227
220 238 168 193 273 318
91 100 96 108 68 91
147 183 289 337 546 637
220 229 361 373 91 113
91 110 120 144 318 364
165 174 229 241 159 182
147 165 289 313 45 91
210 220 337 349 22 45
174 183 144 156 45 68
91 100 96 108 91 113
82 91 96 108 113 136
91 110 96 120 227 273
257 275 168 193 227 273
201 210 168 180 113 136
220 257 337 386 546 637
201 210 168 180 45 68
275 294 193 217 136 182
110 128 217 241 182 227
73 110 48 96 182 273
91 100 96 108 113 136
257 275 144 168 91 136
147 165 265 289 91 136
165 183 313 337 136 182
73 82 180 193 91 113
73 91 168 193 182 227
165 183 289 313 227 273
220 229 361 373 22 45
110 128 241 265 318 364
91 100 120 132 113 136
128 147 337 361 45 91
183 201 120 144 0 45
192 201 229 241 159 182
183 201 265 289 0 45
73 110 241 289 273 364
238 257 168 193 45 91
128 147 72 96 0 45
91 110 144 168 136 182
128 147 193 217 182 227
220 238 337 361 136 182
128 137 144 156 68 91
110 119 241 253 136 159
220 257 241 289 637 728
54 73 193 217 91 136
165 183 144 168 591 637
165 183 265 289 227 273
156 165 193 205 68 91
220 238 193 217 227 273
165 183 289 313 136 182
257 294 144 193 364 455
220 238 313 337 136 182
110 128 193 217 227 273
165 174 217 229 45 68
119 128 168 180 45 68
147 165 120 144 136 182
201 220 193 217 500 546
54 63 265 277 45 68
82 91 120 132 68 91
91 110 217 241 0 45
36 54 265 289 0 45
137 147 168 180 22 45
220 238 241 265 273 318
275 294 217 241 273 318
183 201 168 193 546 591
201 220 217 241 318 364
183 192 156 168 22 45
128 147 265 289 136 182
147 183 337 386 273 364
238 257 313 337 91 136
100 110 96 108 91 113
201 220 193 217 273 318
220 238 361 386 136 182
257 294 144 193 637 728
165 183 144 168 318 364
147 165 168 193 227 273
174 183 205 217 45 68
63 73 180 193 45 68
220 229 349 361 22 45
91 100 156 168 68 91
73 91 72 96 136 182
201 220 241 265 227 273
238 247 253 265 22 45
192 201 229 241 68 91
36 73 144 193 182 273
165 183 217 241 318 364
128 137 168 180 68 91
275 294 217 241 227 273
73 110 241 289 364 455
91 95 90 96 33 45
165 183 337 361 0 45
201 220 193 217 364 409
183 192 168 180 45 68
165 183 265 289 0 45
201 220 241 265 318 364
147 165 337 361 91 136
91 110 96 120 273 318
174 183 205 217 159 182
147 156 205 217 68 91
165 174 301 313 45 68
238 257 265 289 227 273
119 128 253 265 45 68
73 91 144 168 0 45
220 238 289 313 136 182
119 128 253 265 22 45
147 156 180 193 68 91
128 147 168 193 182 227
183 201 289 313 182 227
266 275 168 180 45 68
238 257 217 241 227 273
238 257 193 217 182 227
147 165 217 241 273 318
147 165 289 313 0 45
220 238 168 193 227 273
156 165 205 217 68 91
36 54 265 289 91 136
147 165 217 241 182 227
73 82 180 193 68 91
183 192 217 229 159 182
238 257 193 217 364 409
110 128 265 289 273 318
192 201 193 205 68 91
0 36 241 289 91 182
247 257 217 229 45 68
110 119 253 265 22 45
165 174 168 180 68 91
183 220 337 386 273 364
201 210 168 180 22 45
183 201 337 361 136 182
147 183 337 386 182 273
110 128 193 217 136 182
137 147 108 120 45 68
238 257 265 289 182 227
54 63 265 277 91 113
110 128 265 289 45 91
174 183 168 180 45 68
183 192 217 229 45 68
201 220 361 386 0 45
82 91 96 108 22 45
174 183 156 168 159 182
183 201 193 217 273 318
147 156 325 337 45 68
165 174 156 168 45 68
147 165 168 193 273 318
183 192 205 217 159 182
220 238 337 361 182 227
201 220 193 217 318 364
147 220 0 96 182 364
82 91 84 96 68 91
183 192 217 229 22 45
257 275 144 168 182 227
183 201 168 193 500 546
165 183 217 241 0 45
73 91 265 289 0 45
73 91 144 168 136 182
201 220 193 217 546 591
137 147 144 156 22 45
192 201 144 156 22 45
110 128 120 144 136 182
73 91 96 120 227 273
183 192 205 217 204 227
183 201 265 289 136 182
192 201 241 253 45 68
201 210 241 253 45 68
91 110 168 193 546 591
128 137 180 193 22 45
110 147 48 96 182 273
165 174 277 289 45 68
174 183 144 156 22 45
174 183 205 217 182 204
110 128 265 289 227 273
183 192 217 229 136 159
128 137 168 180 113 136
73 147 289 386 364 546
82 91 96 108 91 113
238 257 241 265 182 227
100 110 108 120 45 68
128 147 96 120 136 182
247 257 205 217 45 68
100 110 96 108 22 45
73 82 180 193 113 136
110 128 72 96 0 45
183 192 205 217 22 45
192 201 289 301 68 91
147 165 241 265 273 318
147 156 193 205 136 159
128 137 132 144 22 45
100 110 96 108 45 68
201 210 217 229 45 68
128 137 241 253 45 68
257 275 168 193 0 45
201 220 337 361 182 227
183 201 337 361 91 136
110 147 96 144 455 546
119 128 156 168 68 91
156 165 193 205 45 68
73 110 144 193 637 728
156 165 144 156 45 68
147 183 96 144 637 728
82 91 180 193 68 91
54 73 168 193 136 182
63 73 265 277 22 45
201 220 313 337 273 318
147 156 156 168 68 91
128 147 241 265 318 364
119 128 241 253 136 159
229 238 277 289 22 45
54 73 241 265 45 91
73 147 289 386 546 728
156 165 217 229 45 68
183 201 217 241 318 364
192 201 229 241 45 68
91 110 72 96 136 182
128 147 265 289 182 227
128 137 156 168 45 68
73 110 193 241 637 728
165 183 241 265 273 318
165 183 289 313 182 227
147 156 180 193 91 113
100 110 120 132 91 113
247 257 289 301 45 68
183 201 193 217 364 409
238 257 217 241 0 45
165 183 217 241 273 318
36 73 193 241 182 273
275 284 180 193 45 68
119 128 108 120 22 45
147 165 72 96 136 182
238 257 265 289 318 364
128 137 132 144 45 68
156 165 180 193 45 68
147 165 217 241 318 364
147 165 265 289 136 182
137 147 180 193 45 68
183 201 241 265 273 318
82 91 156 168 68 91
128 147 337 361 91 136
201 210 253 265 22 45
128 137 144 156 22 45
110 119 241 253 45 68
137 147 156 168 91 113
183 192 229 241 22 45
183 192 180 193 45 68
95 100 90 96 33 45
110 128 241 265 364 409
220 238 168 193 45 91
91 100 144 156 22 45
100 110 156 168 113 136
174 183 241 253 113 136
110 128 168 193 409 455
257 275 217 241 273 318
156 165 217 229 68 91
73 110 144 193 455 546
91 110 144 168 182 227
165 183 120 144 0 45
110 128 168 193 273 318
165 183 337 361 136 182
275 294 193 217 0 45
174 183 193 205 45 68
220 238 193 217 546 591
110 128 144 168 182 227
137 147 205 217 22 45
128 137 156 168 68 91
110 147 0 48 273 364
257 294 144 193 546 637
147 165 193 217 364 409
183 192 156 168 113 136
147 165 96 120 227 273
201 210 313 325 22 45
257 275 144 168 0 45
220 229 253 265 45 68
100 110 96 108 136 159
100 110 132 144 68 91
110 119 120 132 45 68
201 220 265 289 45 91
128 147 168 193 546 591
128 147 96 120 182 227
82 91 120 132 159 182
18 36 265 289 45 91
128 147 337 361 0 45
82 91 205 217 68 91
174 183 253 265 45 68
183 192 229 241 45 68
147 165 217 241 546 591
91 110 217 241 91 136
128 147 217 241 364 409
220 238 241 265 318 364
156 165 180 193 22 45
156 165 144 156 182 204
220 238 217 241 409 455
100 110 108 120 22 45
165 183 168 193 364 409
128 137 144 156 45 68
91 100 120 132 136 159
110 128 144 168 227 273
137 147 229 241 45 68
73 91 120 144 182 227
220 238 337 361 227 273
183 201 168 193 318 364
82 91 156 168 91 113
128 147 120 144 227 273
91 100 120 132 0 22
165 174 277 289 136 159
238 247 325 337 45 68
91 110 120 144 273 318
183 201 241 265 182 227
238 257 313 337 273 318
192 201 168 180 45 68
82 91 120 132 136 159
275 284 180 193 68 91
192 201 180 193 22 45
119 128 253 265 250 273
128 137 193 205 45 68
220 238 337 361 318 364
201 210 168 180 91 113
73 91 265 289 136 182
100 110 156 168 68 91
201 220 144 168 182 227
201 210 156 168 113 136
128 137 253 265 22 45
165 183 337 361 45 91
73 82 120 132 45 68
220 238 193 217 273 318
147 156 168 180 45 68
220 229 361 373 68 91
257 275 193 217 182 227
156 165 108 120 136 159
210 220 229 241 22 45
128 147 144 168 364 409
119 128 253 265 91 113
73 91 265 289 227 273
174 183 301 313 45 68
192 201 289 301 45 68
128 147 72 96 45 91
128 137 108 120 0 22
82 91 144 156 91 113
165 183 96 120 0 45
128 137 265 277 22 45
238 257 313 337 227 273
73 82 120 132 22 45
128 137 193 205 68 91
183 201 193 217 546 591
220 238 193 217 409 455
201 220 313 337 409 455
128 147 168 193 318 364
266 275 168 180 68 91
201 210 156 168 22 45
82 91 132 144 113 136
220 229 193 205 159 182
100 110 96 108 68 91
119 128 132 144 68 91
119 128 193 205 45 68
201 210 253 265 68 91
238 257 313 337 318 364
0 73 193 289 364 546
174 183 156 168 22 45
275 284 217 229 159 182
165 183 193 217 318 364
192 201 193 205 22 45
147 165 168 193 500 546
183 192 205 217 136 159
201 210 349 361 45 68
165 174 217 229 68 91
86 91 90 96 45 56
137 147 168 180 45 68
100 110 193 205 45 68
174 183 253 265 68 91
82 91 144 156 45 68
174 183 253 265 22 45
147 156 168 180 22 45
220 238 265 289 91 136
165 183 241 265 318 364
119 128 193 205 22 45
229 238 349 361 45 68
165 183 265 289 182 227
128 137 241 253 113 136
220 238 168 193 0 45
220 238 265 289 273 318
147 156 205 217 22 45
183 201 193 217 409 455
73 91 120 144 364 409
238 257 193 217 136 182
156 165 144 156 204 227
174 183 193 205 182 204
275 294 193 217 273 318
110 119 120 132 22 45
91 100 84 96 68 91
183 201 193 217 591 637
110 147 48 96 273 364
82 91 96 108 204 227
110 128 168 193 364 409
183 201 265 289 227 273
201 220 217 241 273 318
183 192 229 241 159 182
192 201 229 241 136 159
238 257 265 289 364 409
73 82 180 193 22 45
238 247 301 313 68 91
174 183 241 253 68 91
119 128 120 132 68 91
201 210 253 265 91 113
165 174 229 241 136 159
128 137 277 289 68 91
0 73 289 386 0 182
220 238 217 241 227 273
73 91 168 193 227 273
82 91 193 205 22 45
156 165 156 168 45 68
201 220 168 193 318 364
54 73 265 289 227 273
91 100 144 156 68 91
165 183 120 144 91 136
156 165 217 229 91 113
54 73 265 289 273 318
54 73 265 289 136 182
91 100 193 205 22 45
257 275 144 168 273 318
275 294 193 217 227 273
128 137 180 193 68 91
201 210 289 301 45 68
128 147 193 217 227 273
82 91 168 180 45 68
174 183 168 180 22 45
229 238 289 301 68 91
128 147 217 241 637 682
137 147 193 205 22 45
156 165 168 180 68 91
137 147 253 265 22 45
156 165 108 120 91 113
210 220 253 265 91 113
165 183 241 265 182 227
119 128 241 253 159 182
128 137 241 253 22 45
110 119 156 168 45 68
110 128 96 120 182 227
147 165 72 96 91 136
91 95 126 132 56 68
183 192 241 253 22 45
165 174 108 120 68 91
275 284 168 180 68 91
110 119 60 72 45 68
257 266 217 229 68 91
91 100 205 217 45 68
91 100 120 132 159 182
91 110 241 265 0 45
192 201 301 313 22 45
128 147 144 168 182 227
183 192 205 217 45 68
183 192 156 168 45 68
284 294 193 205 113 136
128 137 156 168 250 273
210 220 229 241 45 68
82 91 205 217 22 45
132 137 108 114 45 56
91 110 241 265 91 136
257 294 193 241 637 728
128 147 217 241 318 364
257 275 217 241 364 409
147 156 217 229 68 91
192 201 156 168 22 45
63 73 193 205 45 68
210 220 349 361 45 68
165 183 168 193 546 591
275 294 193 217 182 227
220 238 289 313 182 227
183 201 241 265 591 637
100 110 156 168 91 113
137 147 217 229 204 227
192 201 289 301 22 45
110 128 241 265 546 591
174 183 144 156 68 91
183 192 156 168 159 182
73 91 193 217 227 273
238 247 193 205 250 273
165 174 253 265 136 159
210 220 168 180 227 250
147 165 313 337 136 182
156 165 193 205 136 159
275 284 168 180 113 136
73 91 241 265 45 91
183 192 193 205 22 45
275 294 168 193 273 318
238 247 277 289 22 45
156 165 180 193 136 159
128 137 229 241 250 273
183 201 313 337 0 45
229 238 229 241 68 91
73 82 265 277 68 91
165 174 108 120 45 68
119 128 241 253 45 68
156 165 84 96 45 68
192 201 229 241 204 227
91 100 96 108 136 159
238 247 277 289 45 68
156 165 253 265 45 68
220 229 241 253 91 113
174 183 313 325 0 22
165 183 144 168 455 500
156 165 108 120 113 136
137 147 229 241 204 227
183 201 217 241 364 409
147 156 193 205 227 250
165 183 193 217 409 455
110 128 144 168 409 455
247 257 205 217 22 45
238 247 301 313 22 45
201 220 313 337 682 728
73 91 168 193 318 364
128 137 168 180 22 45
54 73 193 217 136 182
128 137 253 265 113 136
201 220 144 168 227 273
147 220 0 96 546 728
229 238 241 253 45 68
91 100 156 168 45 68
165 174 205 217 227 250
183 192 156 168 68 91
220 238 265 289 182 227
192 201 217 229 45 68
192 201 301 313 68 91
220 229 229 241 68 91
128 147 265 289 273 318
128 147 96 120 227 273
183 201 337 361 0 45
119 128 229 241 68 91
192 201 168 180 113 136
147 165 265 289 0 45
183 192 168 180 182 204
137 147 217 229 45 68
63 73 180 193 113 136
73 91 120 144 409 455
137 147 168 180 136 159
156 165 120 132 113 136
137 147 241 253 159 182
183 201 289 313 227 273
110 128 96 120 227 273
147 165 193 217 409 455
247 257 217 229 68 91
95 100 126 132 56 68
137 147 253 265 91 113
147 165 96 120 182 227
119 128 108 120 45 68
201 220 168 193 364 409
63 73 193 205 68 91
238 257 168 193 0 45
210 220 253 265 136 159
229 238 229 241 45 68
183 201 144 168 318 364
91 100 96 108 0 22
183 192 168 180 22 45
257 275 193 217 273 318
119 128 253 265 136 159
128 137 229 241 45 68
174 183 205 217 91 113
137 147 253 265 45 68
91 100 132 144 113 136
119 128 229 241 45 68
201 210 253 265 45 68
174 183 168 180 159 182
156 165 144 156 22 45
284 294 205 217 91 113
156 165 253 265 68 91
165 174 156 168 204 227
201 210 229 241 22 45
91 100 168 180 68 91
220 229 168 180 204 227
238 247 289 301 250 273
192 201 217 229 68 91
128 147 168 193 591 637
220 229 349 361 45 68
229 238 349 361 68 91
91 100 144 156 91 113
201 220 289 313 182 227
165 174 205 217 159 182
82 91 180 193 45 68
210 220 229 241 136 159
119 128 253 265 159 182
183 192 193 205 45 68
238 257 289 313 546 591
174 183 193 205 159 182
137 147 193 205 45 68
238 247 277 289 68 91
128 147 289 313 0 45
201 210 241 253 22 45
110 128 48 72 91 136
165 183 168 193 409 455
0 73 193 289 546 728
266 275 217 229 45 68
119 128 229 241 22 45
229 238 349 361 91 113
147 156 108 120 91 113
201 220 265 289 0 45
110 119 253 265 91 113
119 128 241 253 68 91
201 220 313 337 546 591
128 147 193 217 409 455
183 201 168 193 364 409
238 257 289 313 364 409
174 183 313 325 91 113
63 73 265 277 91 113
82 91 156 168 45 68
210 220 241 253 22 45
147 156 180 193 45 68
128 147 193 217 273 318
128 147 337 361 136 182
36 54 265 289 273 318
110 147 0 48 91 182
183 201 241 265 637 682
220 238 168 193 318 364
73 110 241 289 455 546
110 128 168 193 500 546
210 220 241 253 45 68
192 201 168 180 22 45
201 220 168 193 591 637
119 128 108 120 0 22
238 257 289 313 273 318
183 192 253 265 22 45
275 284 168 180 250 273
73 82 265 277 45 68
156 165 193 205 159 182
110 128 265 289 91 136
238 257 168 193 227 273
183 192 144 156 159 182
192 201 241 253 22 45
128 137 217 229 136 159
238 257 313 337 136 182
220 229 253 265 159 182
147 165 289 313 136 182
110 119 60 72 68 91
165 174 301 313 22 45
220 229 349 361 68 91
63 73 265 277 204 227
275 284 205 217 45 68
238 257 289 313 455 500
220 238 265 289 227 273
137 147 180 193 68 91
238 247 313 325 45 68
119 128 168 180 113 136
77 82 193 199 79 91
119 128 180 193 45 68
238 257 313 337 182 227
0 73 96 193 364 546
147 183 337 386 546 637
210 220 180 193 136 159
100 110 217 229 45 68
110 128 241 265 409 455
110 128 72 96 91 136
147 165 241 265 318 364
128 147 72 96 136 182
82 91 132 144 22 45
110 147 289 337 273 364
110 119 253 265 136 159
201 210 193 205 227 250
128 137 193 205 22 45
128 137 253 265 68 91
174 183 205 217 136 159
128 147 217 241 409 455
257 275 217 241 409 455
220 229 229 241 0 22
183 192 241 253 68 91
128 137 229 241 136 159
128 137 180 193 113 136
183 201 313 337 91 136
91 110 120 144 546 591
183 201 193 217 682 728
18 36 265 289 0 45
147 156 168 180 91 113
174 183 144 156 0 22
174 183 241 253 159 182
147 156 180 193 22 45
220 238 361 386 227 273
238 257 289 313 409 455
165 174 193 205 227 250
257 266 168 180 45 68
229 238 361 373 22 45
137 147 144 156 91 113
91 100 193 205 91 113
238 257 193 217 409 455
100 110 120 132 0 22
165 174 205 217 182 204
174 183 229 241 159 182
210 220 168 180 113 136
73 82 193 205 113 136
174 183 217 229 159 182
110 128 24 48 0 45
91 100 120 132 204 227
91 100 193 205 0 22
156 165 313 325 113 136
128 147 120 144 182 227
73 91 241 265 0 45
284 294 205 217 68 91
238 247 289 301 68 91
238 247 289 301 91 113
183 201 217 241 591 637
128 137 108 120 68 91
110 119 193 205 68 91
257 275 217 241 318 364
110 128 120 144 227 273
174 183 241 253 45 68
128 137 180 193 0 22
147 156 156 168 45 68
137 147 205 217 136 159
91 110 265 289 0 45
110 119 108 120 45 68
201 210 229 241 91 113
82 91 132 144 45 68
128 137 253 265 91 113
201 210 253 265 113 136
183 192 180 193 113 136
147 183 289 337 455 546
0 36 241 289 182 273
183 201 144 168 500 546
275 294 217 241 182 227
128 137 241 253 136 159
220 229 241 253 68 91
192 201 253 265 22 45
210 220 289 301 22 45
91 100 156 168 91 113
174 183 156 168 113 136
174 183 156 168 45 68
119 128 132 144 45 68
165 174 253 265 45 68
183 192 205 217 68 91
165 174 205 217 91 113
147 156 241 253 159 182
73 91 120 144 546 591
63 73 180 193 91 113
91 110 241 265 227 273
73 91 120 144 500 546
110 147 96 144 637 728
183 201 289 313 318 364
238 257 337 361 0 45
165 174 301 313 68 91
165 183 144 168 364 409
210 220 337 349 0 22
119 128 241 253 227 250
201 210 229 241 0 22
156 165 168 180 45 68
156 165 205 217 136 159
165 183 120 144 136 182
183 201 144 168 591 637
183 192 241 253 91 113
119 128 253 265 0 22
183 192 180 193 22 45
82 91 168 180 68 91
54 63 180 193 68 91
82 91 205 217 136 159
165 174 156 168 159 182
147 156 325 337 91 113
73 82 120 132 91 113
147 165 96 120 318 364
147 156 193 205 68 91
137 147 168 180 91 113
183 201 265 289 91 136
192 201 205 217 500 523
220 229 301 313 45 68
100 110 168 180 45 68
165 174 289 301 45 68
91 110 241 265 136 182
110 128 265 289 182 227
220 257 144 193 637 728
183 201 289 313 273 318
110 147 96 144 546 637
220 229 217 229 204 227
266 275 205 217 91 113
257 275 144 168 136 182
100 110 168 180 22 45
110 128 217 241 227 273
165 174 253 265 159 182
247 257 313 325 45 68
165 174 193 205 159 182
137 147 217 229 22 45
257 275 193 217 318 364
220 238 337 361 273 318
275 294 217 241 318 364
220 229 289 301 45 68
91 110 193 217 227 273
201 210 193 205 68 91
201 210 217 229 136 159
220 229 241 253 182 204
183 201 120 144 45 91
220 229 229 241 159 182
220 238 265 289 318 364
183 192 168 180 68 91
156 165 217 229 159 182
257 275 193 217 455 500
137 147 180 193 227 250
183 201 241 265 546 591
210 220 253 265 159 182
220 257 144 193 546 637
210 220 180 193 204 227
174 183 156 168 182 204
266 275 217 229 136 159
119 128 132 144 22 45
201 220 193 217 637 682
82 91 180 193 22 45
147 156 144 156 45 68
192 201 301 313 45 68
229 238 241 253 91 113
247 257 265 277 136 159
137 147 241 253 91 113
119 128 96 108 45 68
54 63 265 277 68 91
165 174 205 217 113 136
257 275 168 193 182 227
128 147 193 217 591 637
174 183 144 156 159 182
210 220 205 217 45 68
238 257 168 193 182 227
119 128 168 180 91 113
137 147 108 120 22 45
238 257 241 265 227 273
147 156 205 217 91 113
110 128 120 144 273 318
91 100 193 205 113 136
147 156 108 120 45 68
174 183 144 156 204 227
247 257 277 289 45 68
119 128 144 156 68 91
123 128 259 265 113 124
238 247 265 277 159 182
147 156 168 180 68 91
147 156 205 217 45 68
91 110 168 193 227 273
210 215 259 265 33 45
100 110 156 168 45 68
36 73 193 241 273 364
128 147 313 337 0 45
147 156 144 156 68 91
192 201 253 265 0 22
183 201 313 337 136 182
73 82 193 205 45 68
156 165 132 144 45 68
220 238 361 386 182 227
128 137 217 229 22 45
183 192 205 217 91 113
147 156 253 265 159 182
137 147 205 217 68 91
275 284 229 241 68 91
100 110 193 205 0 22
284 294 217 229 136 159
119 128 205 217 45 68
238 257 241 265 273 318
165 174 241 253 91 113
238 257 337 361 91 136
165 174 229 241 45 68
210 220 337 349 45 68
91 110 168 193 364 409
238 257 289 313 182 227
128 137 229 241 68 91
201 220 337 361 591 637
91 95 90 96 22 33
73 82 193 205 22 45
238 257 193 217 591 637
128 147 168 193 455 500
128 147 265 289 364 409
128 147 265 289 409 455
229 238 301 313 227 250
210 220 217 229 250 273
137 147 217 229 159 182
110 119 132 144 68 91
128 137 180 193 91 113
119 128 156 168 113 136
210 220 241 253 159 182
257 275 168 193 318 364
174 183 144 156 227 250
220 229 229 241 113 136
174 183 241 253 22 45
110 119 96 108 22 45
210 220 168 180 159 182
201 220 168 193 546 591
183 192 144 156 45 68
192 201 217 229 22 45
247 257 193 205 45 68
201 210 313 325 91 113
238 257 265 289 273 318
183 201 168 193 409 455
91 110 96 120 591 637
147 156 108 120 136 159
54 73 193 217 0 45
91 95 126 132 45 56
147 156 253 265 45 68
174 183 325 337 113 136
192 201 229 241 113 136
183 192 193 205 68 91
165 174 180 193 159 182
156 165 253 265 159 182
63 73 180 193 22 45
183 192 156 168 91 113
82 91 168 180 22 45
174 183 180 193 45 68
137 147 156 168 227 250
165 183 265 289 273 318
220 229 253 265 91 113
183 192 313 325 68 91
229 238 361 373 45 68
95 100 132 138 79 91
91 110 144 168 273 318
165 183 168 193 273 318
54 63 265 277 113 136
174 183 156 168 204 227
147 156 253 265 182 204
91 100 241 253 45 68
119 128 120 132 22 45
119 128 108 120 68 91
147 165 168 193 546 591
147 156 277 289 45 68
165 183 265 289 500 546
174 183 144 156 136 159
201 210 241 253 91 113
156 165 229 241 0 22
201 210 253 265 136 159
220 238 241 265 409 455
220 238 289 313 273 318
147 156 337 349 68 91
147 165 144 168 364 409
142 147 150 156 68 79
192 201 337 349 45 68
110 119 132 144 91 113
266 275 168 180 113 136
229 238 289 301 22 45
110 128 168 193 318 364
201 220 337 361 409 455
137 147 241 253 68 91
128 147 241 265 364 409
73 110 193 241 455 546
210 220 205 217 159 182
247 257 265 277 22 45
147 165 289 313 318 364
238 257 193 217 318 364
156 165 180 193 91 113
220 257 144 193 455 546
156 165 253 265 136 159
201 220 241 265 591 637
192 201 144 156 0 22
183 201 313 337 227 273
110 119 253 265 159 182
119 128 217 229 68 91
137 147 241 253 204 227
137 147 120 132 45 68
257 266 217 229 45 68
82 91 144 156 68 91
275 294 193 217 455 500
165 183 241 265 591 637
110 147 0 48 182 273
73 91 96 120 273 318
73 110 241 289 637 728
73 110 241 289 546 637
147 165 217 241 364 409
73 77 193 199 79 91
215 220 253 259 33 45
128 137 180 193 159 182
201 210 168 180 204 227
165 183 193 217 682 728
95 100 90 96 45 56
210 220 253 265 0 22
238 257 265 289 409 455
128 137 205 217 91 113
91 95 132 138 33 45
201 210 241 253 68 91
201 210 253 265 0 22
147 156 241 253 45 68
210 220 205 217 250 273
110 119 229 241 91 113
82 91 120 132 0 22
183 201 193 217 637 682
183 192 193 205 0 22
82 91 96 108 0 22
100 110 144 156 68 91
183 192 289 301 22 45
266 275 205 217 68 91
128 147 144 168 591 637
201 210 229 241 45 68
183 192 313 325 45 68
165 174 205 217 45 68
192 201 205 217 22 45
91 110 168 193 136 182
174 183 205 217 204 227
201 210 229 241 68 91
174 183 156 168 68 91
95 100 120 126 22 33
91 95 126 132 22 33
210 220 229 241 68 91
36 54 265 289 136 182
238 247 289 301 136 159
201 210 313 325 182 204
165 183 193 217 591 637
91 110 217 241 136 182
110 119 72 84 45 68
128 137 180 193 136 159
201 220 241 265 409 455
110 128 72 96 136 182
192 201 301 313 159 182
110 128 217 241 318 364
165 174 205 217 22 45
100 110 205 217 45 68
119 128 72 84 45 68
183 201 144 168 273 318
91 100 132 144 0 22
119 128 168 180 22 45
201 210 168 180 136 159
275 284 229 241 91 113
73 91 265 289 182 227
156 165 229 241 91 113
156 165 180 193 182 204
257 266 217 229 136 159
147 156 253 265 204 227
165 183 241 265 409 455
110 128 241 265 500 546
238 247 229 241 91 113
110 128 193 217 182 227
165 183 96 120 273 318
91 110 120 144 500 546
220 238 193 217 364 409
165 174 301 313 91 113
257 294 289 337 91 182
95 100 90 96 22 33
73 91 193 217 318 364
156 165 217 229 22 45
110 119 120 132 68 91
119 128 120 132 45 68
220 229 229 241 22 45
147 156 217 229 91 113
128 137 156 168 113 136
220 238 313 337 364 409
165 183 313 337 409 455
100 110 108 120 91 113
238 257 217 241 364 409
110 119 253 265 45 68
210 220 325 337 0 22
192 201 205 217 523 546
110 119 193 205 91 113
165 174 241 253 113 136
238 257 193 217 273 318
192 201 144 156 227 250
165 183 168 193 227 273
192 201 217 229 0 22
165 174 180 193 45 68
229 238 253 265 45 68
201 220 313 337 318 364
147 156 253 265 136 159
210 220 325 337 68 91
210 220 337 349 227 250
210 220 253 265 295 318
137 147 265 277 45 68
220 229 301 313 68 91
128 137 168 180 91 113
174 183 217 229 45 68
147 183 337 386 455 546
220 238 193 217 0 45
210 220 241 253 0 22
128 137 253 265 136 159
238 257 241 265 136 182
174 183 241 253 136 159
156 165 120 132 91 113
238 257 168 193 91 136
247 257 229 241 91 113
110 128 265 289 136 182
229 238 229 241 22 45
119 128 180 193 68 91
210 220 313 325 68 91
100 110 132 144 45 68
220 229 229 241 91 113
210 220 193 205 204 227
119 128 168 180 159 182
247 257 289 301 91 113
128 137 156 168 22 45
210 220 217 229 136 159
73 91 120 144 318 364
229 238 241 253 22 45
110 119 241 253 182 204
100 110 96 108 113 136
220 229 289 301 68 91
220 229 241 253 204 227
220 238 361 386 637 682
174 183 180 193 159 182
128 137 193 205 159 182
147 183 289 337 637 728
128 137 205 217 45 68
174 183 193 205 68 91
100 110 108 120 68 91
192 201 205 217 45 68
82 91 205 217 45 68
119 128 156 168 22 45
183 192 229 241 91 113
165 174 325 337 45 68
73 91 120 144 273 318
183 192 241 253 45 68
137 147 265 277 91 113
165 174 253 265 68 91
201 210 156 168 136 159
238 247 265 277 45 68
82 91 205 217 91 113
183 192 217 229 113 136
266 275 217 229 22 45
201 220 361 386 136 182
156 165 156 168 227 250
147 165 168 193 318 364
220 238 241 265 364 409
110 128 265 289 409 455
174 183 193 205 295 318
174 183 180 193 68 91
183 192 217 229 227 250
284 294 193 205 45 68
128 137 217 229 68 91
156 165 205 217 250 273
137 147 156 168 68 91
110 119 253 265 113 136
147 165 193 217 546 591
238 257 217 241 182 227
220 238 217 241 318 364
36 54 265 289 182 227
128 147 217 241 682 728
91 110 193 217 182 227
210 220 337 349 250 273
147 156 229 241 227 250
91 100 132 144 227 250
119 128 96 108 68 91
128 137 217 229 45 68
128 137 168 180 0 22
201 210 168 180 68 91
147 156 205 217 182 204
128 137 253 265 159 182
114 119 247 253 33 45
266 275 229 241 22 45
229 238 277 289 0 22
183 192 180 193 91 113
210 220 168 180 250 273
201 220 168 193 500 546
165 174 168 180 22 45
238 247 205 217 45 68
257 294 241 289 91 182
266 275 229 241 68 91
257 266 217 229 22 45
229 238 277 289 45 68
210 220 241 253 68 91
210 220 325 337 45 68
82 91 193 205 136 159
192 201 168 180 227 250
229 238 253 265 136 159
137 147 180 193 113 136
147 156 193 205 113 136
220 229 361 373 113 136
156 165 84 96 68 91
119 128 229 241 91 113
82 91 108 120 45 68
210 220 168 180 91 113
220 229 241 253 45 68
275 284 229 241 113 136
82 91 108 120 22 45
174 183 180 193 136 159
257 275 193 217 409 455
183 192 168 180 227 250
165 174 193 205 136 159
86 91 126 132 113 124
165 183 168 193 591 637
247 257 205 217 91 113
73 91 120 144 591 637
165 183 313 337 227 273
210 220 205 217 91 113
137 147 277 289 68 91
220 229 349 361 0 22
210 220 217 229 204 227
147 156 156 168 136 159
183 201 241 265 409 455
119 128 241 253 91 113
91 100 132 144 91 113
192 201 337 349 68 91
73 82 132 144 45 68
82 91 180 193 91 113
147 165 168 193 591 637
165 183 217 241 682 728
119 128 253 265 227 250
73 82 180 193 0 22
174 183 253 265 159 182
183 201 313 337 273 318
192 201 289 301 113 136
201 220 241 265 364 409
220 229 217 229 22 45
147 220 0 96 364 546
192 201 180 193 68 91
110 128 168 193 546 591
183 192 253 265 68 91
119 128 156 168 159 182
165 174 180 193 22 45
266 275 229 241 91 113
192 201 205 217 113 136
238 247 277 289 136 159
82 91 132 144 91 113
210 220 217 229 227 250
91 100 241 253 68 91
128 137 229 241 227 250
210 220 168 180 45 68
275 284 217 229 136 159
165 174 253 265 113 136
137 147 253 265 0 22
73 91 144 168 182 227
220 238 193 217 318 364
147 165 241 265 364 409
165 183 217 241 637 682
220 238 241 265 546 591
183 201 217 241 500 546
238 257 313 337 455 500
165 183 96 120 136 182
147 165 217 241 682 728
275 294 168 193 136 182
156 165 193 205 227 250
82 91 96 108 136 159
275 284 205 217 68 91
220 229 313 325 22 45
91 110 144 168 364 409
165 174 144 156 136 159
210 220 301 313 22 45
110 119 217 229 136 159
266 275 193 205 45 68
82 91 168 180 136 159
100 110 193 205 113 136
137 147 193 205 113 136
100 110 168 180 0 22
82 86 193 199 79 91
201 210 337 349 22 45
156 165 217 229 136 159
128 147 144 168 318 364
192 201 289 301 91 113
229 238 241 253 68 91
156 165 72 84 45 68
91 110 120 144 364 409
137 147 229 241 159 182
238 257 193 217 500 546
165 174 193 205 91 113
73 82 120 132 68 91
147 165 265 289 227 273
128 137 241 253 227 250
220 229 229 241 204 227
275 284 193 205 45 68
110 119 132 144 22 45
91 95 126 132 33 45
156 165 205 217 22 45
266 275 193 205 91 113
275 294 168 193 318 364
137 147 193 205 68 91
147 156 217 229 159 182
192 201 229 241 182 204
137 147 108 120 91 113
63 73 168 180 45 68
183 192 168 180 159 182
210 220 156 168 159 182
183 192 229 241 227 250
174 183 156 168 136 159
201 220 241 265 637 682
119 128 241 253 22 45
119 128 253 265 182 204
91 95 90 96 45 56
238 247 289 301 45 68
100 110 84 96 22 45
128 137 205 217 136 159
183 192 144 156 136 159
156 165 193 205 318 341
165 174 193 205 204 227
183 192 180 193 273 295
114 119 241 247 33 45
275 284 180 193 250 273
201 220 217 241 364 409
174 183 193 205 22 45
201 210 349 361 22 45
210 220 205 217 227 250
119 128 180 193 22 45
247 257 193 205 113 136
147 165 120 144 318 364
174 183 301 313 22 45
238 247 289 301 22 45
183 201 337 361 182 227
192 201 241 253 68 91
82 91 168 180 91 113
201 220 168 193 637 682
86 91 199 205 79 91
128 147 193 217 637 682
137 147 241 253 45 68
174 183 144 156 91 113
165 174 229 241 68 91
137 147 180 193 91 113
238 247 301 313 0 22
183 201 144 168 409 455
183 201 168 193 455 500
63 73 265 277 113 136
238 247 217 229 136 159
73 82 120 132 159 182
91 100 96 108 159 182
128 147 241 265 273 318
82 91 108 120 68 91
156 165 120 132 45 68
220 229 180 193 204 227
110 119 168 180 22 45
156 165 265 277 68 91
119 128 168 180 136 159
100 110 168 180 68 91
147 165 241 265 409 455
201 220 241 265 546 591
183 192 156 168 250 273
147 165 144 168 546 591
147 165 168 193 409 455
220 238 265 289 364 409
165 183 168 193 637 682
73 91 120 144 637 682
210 220 205 217 432 455
147 156 217 229 45 68
137 147 277 289 22 45
229 238 301 313 68 91
110 119 241 253 159 182
174 183 168 180 91 113
201 220 217 241 591 637
54 63 180 193 22 45
156 165 132 144 68 91
174 183 277 289 45 68
137 147 168 180 0 22
192 201 144 156 68 91
156 165 96 108 0 22
137 147 277 289 227 250
165 174 156 168 91 113
128 147 193 217 318 364
54 73 241 265 0 45
147 156 241 253 22 45
119 128 144 156 45 68
91 110 168 193 318 364
192 201 289 301 159 182
183 192 180 193 136 159
147 156 205 217 136 159
165 183 265 289 318 364
156 165 108 120 45 68
137 147 253 265 227 250
183 192 253 265 45 68
147 165 120 144 182 227
266 275 217 229 68 91
110 119 156 168 68 91
147 165 313 337 273 318
229 238 301 313 45 68
238 247 277 289 91 113
238 247 289 301 113 136
183 220 96 144 91 182
137 147 205 217 113 136
110 128 265 289 546 591
229 238 277 289 136 159
201 220 313 337 637 682
105 110 120 126 56 68
147 156 265 277 45 68
183 192 168 180 204 227
63 73 265 277 182 204
165 174 313 325 45 68
147 156 253 265 68 91
238 247 193 205 68 91
201 210 168 180 250 273
165 174 156 168 68 91
128 147 144 168 500 546
238 257 289 313 318 364
91 100 180 193 91 113
174 183 301 313 68 91
210 220 180 193 45 68
174 183 241 253 91 113
238 247 217 229 45 68
110 128 120 144 318 364
128 137 229 241 113 136
91 110 241 265 182 227
119 128 217 229 136 159
128 137 156 168 91 113
128 137 132 144 68 91
110 119 253 265 227 250
128 137 229 241 159 182
137 147 277 289 45 68
215 220 253 259 22 33
201 210 217 229 68 91
210 220 313 325 0 22
229 238 265 277 136 159
183 201 241 265 682 728
110 119 168 180 159 182
73 91 241 265 91 136
95 100 132 138 22 33
192 196 186 193 56 68
210 220 156 168 91 113
201 220 217 241 409 455
110 128 241 265 455 500
165 183 217 241 364 409
174 183 217 229 68 91
110 119 241 253 68 91
147 165 193 217 455 500
247 257 265 277 45 68
220 238 289 313 318 364
54 63 265 277 0 22
183 192 144 156 68 91
95 100 126 132 45 56
187 192 217 223 68 79
156 165 205 217 45 68
95 100 138 144 33 45
174 183 313 325 45 68
174 183 132 144 45 68
137 147 217 229 136 159
224 229 361 367 56 68
275 294 193 217 409 455
201 220 313 337 591 637
192 201 229 241 295 318
257 266 205 217 91 113
165 174 301 313 0 22
210 220 289 301 68 91
147 156 229 241 113 136
137 147 168 180 159 182
128 147 144 168 455 500
156 165 180 193 113 136
91 110 96 120 500 546
201 210 180 193 0 22
238 257 337 361 273 318
220 238 313 337 182 227
192 201 193 205 250 273
220 238 289 313 409 455
201 220 217 241 682 728
183 201 144 168 455 500
210 220 180 193 68 91
128 147 144 168 637 682
229 238 313 325 22 45
183 192 229 241 204 227
110 119 156 168 113 136
137 147 156 168 113 136
110 128 144 168 318 364
100 110 144 156 45 68
229 238 253 265 22 45
58 63 265 271 33 45
156 165 156 168 22 45
220 229 253 265 204 227
201 220 193 217 455 500
147 183 337 386 637 728
183 201 241 265 364 409
210 220 325 337 113 136
247 257 229 241 136 159
137 147 241 253 182 204
238 247 301 313 159 182
82 91 96 108 182 204
91 100 96 108 204 227
220 238 313 337 273 318
73 82 120 132 113 136
220 238 217 241 500 546
247 257 277 289 159 182
110 119 229 241 136 159
137 147 265 277 22 45
147 156 156 168 0 22
238 247 289 301 227 250
183 192 156 168 136 159
284 294 217 229 91 113
128 147 120 144 136 182
165 174 193 205 68 91
114 119 247 253 22 33
275 294 168 193 182 227
174 183 168 180 113 136
100 110 193 205 22 45
210 220 229 241 113 136
128 137 193 205 91 113
100 110 96 108 159 182
165 174 156 168 227 250
156 165 253 265 22 45
275 284 229 241 45 68
201 210 229 241 204 227
73 82 180 193 159 182
100 110 168 180 91 113
275 284 168 180 45 68
201 210 337 349 0 22
229 238 277 289 68 91
247 257 289 301 250 273
183 192 180 193 68 91
100 110 84 96 45 68
147 156 193 205 22 45
165 174 180 193 136 159
110 128 48 72 0 45
266 275 205 217 45 68
100 105 126 132 79 91
100 110 156 168 22 45
82 86 199 205 79 91
137 147 229 241 136 159
229 238 241 253 136 159
238 247 217 229 68 91
275 284 229 241 136 159
82 91 96 108 159 182
257 275 168 193 273 318
201 210 313 325 0 22
156 165 193 205 113 136
128 137 253 265 250 273
137 147 265 277 68 91
174 183 229 241 182 204
257 294 289 337 182 273
174 183 325 337 22 45
128 137 193 205 136 159
100 110 132 144 22 45
147 156 168 180 136 159
174 183 217 229 136 159
137 147 253 265 204 227
82 91 108 120 113 136
174 183 289 301 45 68
183 201 337 361 227 273
174 183 193 205 204 227
196 201 186 193 56 68
128 137 144 156 91 113
229 238 265 277 45 68
183 201 144 168 364 409
128 147 265 289 318 364
73 91 144 168 273 318
192 201 144 156 91 113
229 238 241 253 0 22
210 220 229 241 0 22
247 257 217 229 159 182
210 220 168 180 273 295
192 201 229 241 227 250
128 137 229 241 204 227
247 257 193 205 22 45
156 165 205 217 318 341
156 165 156 168 113 136
100 110 132 144 136 159
201 210 168 180 182 204
215 220 319 325 33 45
128 137 241 253 91 113
110 128 144 168 273 318
73 82 180 193 136 159
156 165 180 193 68 91
156 165 205 217 227 250
147 156 205 217 250 273
165 174 205 217 204 227
247 257 313 325 68 91
266 275 180 193 113 136
142 147 144 150 68 79
110 119 168 180 250 273
82 86 120 126 33 45
192 201 144 156 113 136
201 220 361 386 591 637
220 238 313 337 682 728
201 210 217 229 113 136
156 165 337 349 45 68
247 257 277 289 68 91
100 110 193 205 91 113
91 110 193 217 273 318
165 183 289 313 364 409
257 275 193 217 364 409
128 147 72 96 91 136
210 220 313 325 250 273
238 257 217 241 637 682
110 128 217 241 500 546
147 156 84 96 45 68
201 210 193 205 91 113
174 183 277 289 68 91
110 119 229 241 68 91
210 220 205 217 68 91
147 156 205 217 113 136
119 128 217 229 22 45
165 174 205 217 136 159
147 156 241 253 68 91
147 165 193 217 591 637
174 183 325 337 91 113
174 183 193 205 136 159
247 257 229 241 113 136
266 275 180 193 45 68
82 86 120 126 113 124
147 156 193 205 341 364
95 100 132 138 68 79
128 137 180 193 250 273
128 147 313 337 45 91
201 220 289 313 500 546
238 257 289 313 682 728
91 110 193 217 364 409
128 147 241 265 455 500
192 201 193 205 227 250
183 201 289 313 364 409
147 165 168 193 455 500
110 128 241 265 591 637
128 147 120 144 318 364
147 165 241 265 546 591
183 201 337 361 546 591
183 201 337 361 364 409
91 110 96 120 682 728
110 119 132 144 45 68
147 156 229 241 22 45
156 165 205 217 113 136
110 119 96 108 91 113
174 183 132 144 68 91
128 137 205 217 68 91
82 91 193 205 0 22
137 147 217 229 91 113
257 266 217 229 91 113
165 183 241 265 546 591
82 91 108 120 91 113
119 128 193 205 0 22
147 156 205 217 159 182
119 128 168 180 227 250
119 128 241 253 113 136
147 156 180 193 136 159
183 192 144 156 0 22
220 229 253 265 22 45
174 183 193 205 227 250
137 147 96 108 113 136
100 110 180 193 91 113
183 201 265 289 318 364
201 210 301 313 22 45
165 183 120 144 273 318
174 183 156 168 250 273
210 220 156 168 45 68
128 147 217 241 273 318
91 110 96 120 455 500
147 156 156 168 91 113
247 257 217 229 136 159
128 137 253 265 0 22
119 128 120 132 91 113
183 192 193 205 250 273
192 201 217 229 159 182
210 220 193 205 250 273
110 128 144 168 682 728
183 201 168 193 591 637
110 119 144 156 68 91
119 128 144 156 0 22
128 147 265 289 546 591
220 229 229 241 45 68
156 165 217 229 0 22
201 210 180 193 91 113
192 201 253 265 68 91
128 137 120 132 22 45
183 192 229 241 136 159
183 201 217 241 682 728
110 119 253 265 68 91
147 156 193 205 91 113
220 224 367 373 56 68
229 238 265 277 159 182
91 100 120 132 227 250
110 119 193 205 45 68
77 82 193 199 68 79
210 220 289 301 45 68
192 201 156 168 45 68
91 95 138 144 33 45
91 95 132 138 79 91
192 201 180 193 91 113
137 147 96 108 22 45
174 183 313 325 68 91
95 100 132 138 33 45
95 100 126 132 33 45
192 201 168 180 136 159
91 110 96 120 546 591
210 220 193 205 227 250
82 91 205 217 0 22
128 137 168 180 250 273
229 238 289 301 113 136
91 110 265 289 182 227
201 220 289 313 318 364
238 257 217 241 318 364
201 210 325 337 113 136
220 238 337 361 637 682
238 257 241 265 364 409
110 128 217 241 273 318
128 147 193 217 546 591
137 147 205 217 45 68
210 220 180 193 91 113
210 220 168 180 136 159
91 100 205 217 0 22
91 95 132 138 22 33
147 156 241 253 0 22
183 192 241 253 227 250
210 215 253 259 56 68
210 220 217 229 22 45
187 192 223 229 79 91
183 192 277 289 45 68
183 192 205 217 523 546
183 201 217 241 409 455
247 257 229 241 159 182
220 238 337 361 682 728
238 257 168 193 273 318
110 119 229 241 159 182
54 73 241 265 182 227
128 137 265 277 113 136
54 73 265 289 318 364
183 201 144 168 546 591
147 165 96 120 455 500
54 73 241 265 136 182
257 275 217 241 182 227
91 110 193 217 318 364
257 294 289 337 0 91
238 247 253 265 45 68
128 137 205 217 22 45
147 156 193 205 182 204
91 110 144 168 546 591
156 165 241 253 22 45
54 63 180 193 45 68
238 247 265 277 22 45
201 210 217 229 0 22
100 110 120 132 136 159
165 174 241 253 159 182
229 238 337 349 45 68
147 156 156 168 113 136
220 238 313 337 227 273
174 183 144 156 113 136
229 238 277 289 159 182
156 165 156 168 68 91
100 110 96 108 204 227
147 156 193 205 0 22
137 147 193 205 136 159
147 156 132 144 45 68
192 196 186 193 45 56
82 86 120 126 22 33
210 220 205 217 204 227
137 147 229 241 0 22
201 210 325 337 22 45
192 201 193 205 91 113
174 183 144 156 250 273
201 210 289 301 68 91
210 220 180 193 227 250
147 165 289 313 182 227
238 247 253 265 68 91
165 183 217 241 546 591
201 210 217 229 204 227
220 229 241 253 22 45
110 119 229 241 45 68
128 137 120 132 68 91
91 110 168 193 273 318
174 183 229 241 45 68
110 119 241 253 204 227
183 192 144 156 22 45
220 229 337 349 22 45
137 147 156 168 45 68
229 238 229 241 113 136
165 174 144 156 0 22
156 165 217 229 227 250
183 192 289 301 113 136
147 156 241 253 136 159
183 192 229 241 0 22
91 95 132 138 68 79
137 147 229 241 22 45
215 220 313 319 45 56
91 100 96 108 182 204
156 165 193 205 204 227
165 174 193 205 295 318
165 174 120 132 68 91
54 58 265 271 33 45
210 220 205 217 0 22
165 174 205 217 68 91
165 174 144 156 113 136
110 119 229 241 22 45
147 156 217 229 22 45
201 210 313 325 250 273
73 91 193 217 273 318
156 165 241 253 227 250
201 210 301 313 68 91
201 220 265 289 136 182
128 137 253 265 182 204
165 174 193 205 45 68
210 220 168 180 204 227
110 119 241 253 91 113
229 238 361 373 0 22
238 257 265 289 591 637
238 257 217 241 455 500
220 229 241 253 113 136
63 73 180 193 0 22
147 165 120 144 455 500
201 210 193 205 409 432
147 156 108 120 22 45
229 238 205 217 136 159
147 165 217 241 455 500
128 137 265 277 250 273
210 220 253 265 113 136
275 294 193 217 318 364
183 192 168 180 91 113
110 128 265 289 318 364
229 238 349 361 22 45
266 275 193 205 113 136
201 210 193 205 22 45
220 229 253 265 136 159
192 201 217 229 91 113
165 174 193 205 113 136
165 183 193 217 546 591
100 105 126 132 56 68
137 147 205 217 0 22
165 174 253 265 22 45
165 183 193 217 637 682
238 247 301 313 250 273
165 183 144 168 409 455
201 220 193 217 682 728
238 257 313 337 637 682
229 238 217 229 45 68
128 137 265 277 227 250
147 165 120 144 227 273
201 210 229 241 136 159
247 257 289 301 227 250
257 266 168 180 68 91
201 210 229 241 159 182
220 229 349 361 91 113
137 147 180 193 0 22
110 128 193 217 273 318
229 238 361 373 91 113
165 183 120 144 182 227
119 128 193 205 91 113
201 210 144 156 45 68
183 187 217 223 79 91
110 119 108 120 22 45
105 110 120 126 45 56
147 156 144 156 204 227
192 201 205 217 227 250
147 156 229 241 45 68
201 220 168 193 682 728
91 100 120 132 250 273
210 220 205 217 409 432
220 229 253 265 0 22
183 220 96 144 546 637
183 201 193 217 455 500
192 201 144 156 250 273
165 174 217 229 159 182
183 192 241 253 0 22
128 147 265 289 591 637
36 54 265 289 227 273
147 156 241 253 250 273
275 284 180 193 91 113
275 284 180 193 113 136
183 192 205 217 182 204
91 110 217 241 364 409
91 110 144 168 409 455
257 266 180 193 113 136
156 165 193 205 91 113
137 147 253 265 113 136
110 119 217 229 68 91
183 201 168 193 637 682
192 201 265 277 45 68
91 100 180 193 22 45
147 156 144 156 136 159
238 247 265 277 68 91
119 128 168 180 0 22
192 201 253 265 113 136
156 165 96 108 68 91
77 82 199 205 79 91
119 128 132 144 91 113
165 174 313 325 68 91
174 183 180 193 91 113
238 257 168 193 136 182
174 183 144 156 182 204
100 110 96 108 0 22
137 147 180 193 22 45
91 100 132 144 159 182
220 238 289 313 455 500
183 192 277 289 68 91
183 192 180 193 295 318
137 147 168 180 113 136
238 247 301 313 113 136
137 147 241 253 136 159
156 165 205 217 91 113
91 110 144 168 318 364
156 165 229 241 159 182
110 128 120 144 182 227
183 192 301 313 45 68
229 238 301 313 113 136
156 165 180 193 159 182
210 220 180 193 273 295
137 147 217 229 182 204
174 183 229 241 68 91
220 238 217 241 273 318
147 165 265 289 182 227
238 257 289 313 591 637
229 238 253 265 159 182
215 220 319 325 22 33
174 183 313 325 22 45
192 201 205 217 159 182
91 110 265 289 91 136
128 137 217 229 204 227
201 210 205 217 204 227
174 183 205 217 227 250
165 174 144 156 159 182
238 247 205 217 91 113
147 165 265 289 546 591
220 238 217 241 591 637
100 110 132 144 159 182
275 284 193 205 68 91
128 137 265 277 91 113
95 100 138 144 22 33
192 201 301 313 113 136
128 137 180 193 227 250
137 147 253 265 159 182
147 156 156 168 227 250
137 147 156 168 22 45
86 91 126 132 22 33
220 229 241 253 159 182
137 147 253 265 68 91
95 100 126 132 22 33
110 119 180 193 159 182
110 119 205 217 22 45
201 210 229 241 227 250
110 119 108 120 113 136
100 110 205 217 22 45
183 192 253 265 91 113
238 257 313 337 591 637
128 147 120 144 273 318
192 201 205 217 0 22
137 147 108 120 68 91
238 247 229 241 113 136
156 165 144 156 136 159
220 238 313 337 409 455
220 229 229 241 136 159
95 100 90 96 56 68
91 95 90 96 56 68
183 192 229 241 295 318
86 91 120 126 22 33
183 192 289 301 45 68
128 137 265 277 45 68
174 183 205 217 113 136
82 91 108 120 136 159
147 156 108 120 68 91
215 220 259 265 45 56
91 100 120 132 182 204
128 132 108 114 45 56
156 165 265 277 45 68
156 165 205 217 0 22
128 137 229 241 22 45
100 110 180 193 45 68
147 165 168 193 637 682
54 63 265 277 182 204
229 238 337 349 91 113
82 91 168 180 113 136
247 257 265 277 113 136
174 183 205 217 273 295
210 220 325 337 204 227
215 220 253 259 56 68
210 220 229 241 204 227
220 229 349 361 113 136
147 156 205 217 0 22
201 210 205 217 22 45
147 165 144 168 318 364
210 215 253 259 33 45
119 128 108 120 113 136
192 201 253 265 250 273
100 110 144 156 113 136
183 220 96 144 182 273
137 147 168 180 250 273
220 229 301 313 113 136
147 156 156 168 22 45
91 100 168 180 45 68
201 210 337 349 45 68
201 220 313 337 500 546
82 91 265 277 45 68
183 192 229 241 273 295
192 201 168 180 68 91
110 128 193 217 546 591
128 147 217 241 500 546
73 110 0 48 0 91
201 220 241 265 682 728
210 220 205 217 136 159
137 147 229 241 68 91
137 147 217 229 227 250
165 174 180 193 91 113
100 110 156 168 0 22
220 238 289 313 546 591
257 266 205 217 45 68
128 147 241 265 409 455
137 147 132 144 68 91
128 147 241 265 591 637
192 201 156 168 68 91
201 220 289 313 364 409
110 128 217 241 546 591
128 147 120 144 409 455
238 257 313 337 364 409
247 257 265 277 91 113
128 147 48 72 91 136
183 192 168 180 295 318
247 257 253 265 68 91
156 165 168 180 204 227
247 257 205 217 68 91
174 183 265 277 159 182
128 137 277 289 45 68
266 275 217 229 91 113
156 165 241 253 136 159
210 220 325 337 182 204
210 215 253 259 22 33
201 210 241 253 295 318
215 220 313 319 56 68
192 201 229 241 22 45
174 183 301 313 0 22
128 137 229 241 91 113
73 91 144 168 227 273
110 128 144 168 364 409
183 192 289 301 68 91
73 82 108 120 113 136
284 294 205 217 113 136
54 63 180 193 91 113
210 220 180 193 159 182
128 137 108 120 91 113
110 119 96 108 45 68
91 100 193 205 68 91
86 91 90 96 56 68
119 123 253 259 124 136
183 192 193 205 159 182
137 147 120 132 22 45
257 294 144 193 455 546
210 220 229 241 227 250
201 220 217 241 500 546
100 110 108 120 159 182
100 110 132 144 91 113
201 210 156 168 68 91
156 165 144 156 159 182
210 220 193 205 136 159
86 91 126 132 45 56
192 201 168 180 159 182
174 183 229 241 136 159
192 201 241 253 0 22
165 174 144 156 91 113
238 257 337 361 182 227
201 210 217 229 159 182
238 247 193 205 227 250
128 147 144 168 546 591
238 257 337 361 45 91
123 128 259 265 124 136
165 174 156 168 22 45
174 183 205 217 22 45
201 210 289 301 22 45
165 174 229 241 204 227
156 165 241 253 250 273
183 192 144 156 250 273
247 257 289 301 22 45
128 137 241 253 159 182
192 201 168 180 204 227
210 220 156 168 68 91
201 210 193 205 113 136
156 165 241 253 182 204
110 119 156 168 91 113
284 294 193 205 68 91
247 257 265 277 159 182
54 73 241 265 91 136
183 187 223 229 79 91
247 257 229 241 45 68
156 165 229 241 227 250
174 183 168 180 68 91
137 147 277 289 113 136
165 174 229 241 182 204
156 165 96 108 22 45
110 119 168 180 91 113
201 210 241 253 113 136
147 156 108 120 159 182
110 119 229 241 0 22
257 266 180 193 45 68
73 77 193 199 68 79
110 128 96 120 273 318
147 165 313 337 182 227
210 215 259 265 45 56
86 91 193 199 79 91
174 183 313 325 113 136
165 183 72 96 45 91
220 229 337 349 45 68
110 128 265 289 364 409
183 192 168 180 113 136
128 137 277 289 113 136
82 86 120 126 56 68
174 183 289 301 22 45
119 128 253 265 204 227
210 215 319 325 33 45
275 284 168 180 227 250
128 137 217 229 113 136
63 73 265 277 0 22
174 183 301 313 91 113
137 147 180 193 250 273
73 91 193 217 364 409
165 183 193 217 455 500
238 247 289 301 0 22
110 147 337 386 273 364
220 229 193 205 136 159
110 119 180 193 0 22
183 192 205 217 227 250
257 266 217 229 159 182
110 119 217 229 0 22
119 128 180 193 250 273
220 229 241 253 0 22
137 147 180 193 159 182
201 210 325 337 250 273
257 294 241 289 0 91
137 147 205 217 91 113
238 257 337 361 227 273
82 86 120 126 45 56
119 128 96 108 22 45
275 294 144 168 91 136
128 137 241 253 68 91
210 220 180 193 295 318
165 174 144 156 204 227
266 275 217 229 159 182
128 132 114 120 56 68
257 266 229 241 68 91
220 229 301 313 250 273
156 165 120 132 68 91
54 73 144 168 45 91
229 238 265 277 22 45
156 165 253 265 250 273
183 201 265 289 273 318
183 192 217 229 182 204
82 91 144 156 113 136
238 247 193 205 0 22
183 201 313 337 318 364
201 210 168 180 295 318
210 220 205 217 182 204
229 238 229 241 136 159
220 229 313 325 0 22
147 165 96 120 500 546
266 275 180 193 91 113
156 165 253 265 227 250
238 257 241 265 318 364
220 229 265 277 22 45
210 220 229 241 91 113
192 201 217 229 204 227
128 147 168 193 364 409
73 82 120 132 136 159
110 119 205 217 45 68
266 275 193 205 68 91
156 165 205 217 204 227
210 220 156 168 113 136
110 128 24 48 45 91
137 142 144 150 68 79
220 229 253 265 68 91
238 257 193 217 546 591
174 183 168 180 136 159
147 156 156 168 250 273
201 210 144 156 22 45
210 215 313 319 22 33
183 192 205 217 0 22
165 174 120 132 45 68
220 238 193 217 637 682
147 165 144 168 409 455
73 91 241 265 182 227
165 174 193 205 273 295
128 147 265 289 455 500
128 147 120 144 364 409
100 110 193 205 68 91
110 119 180 193 136 159
110 147 337 386 182 273
165 183 144 168 682 728
91 110 120 144 455 500
147 156 168 180 0 22
192 201 193 205 136 159
183 201 217 241 455 500
110 128 193 217 318 364
165 174 277 289 159 182
238 257 168 193 318 364
201 220 289 313 546 591
128 147 96 120 364 409
238 257 265 289 546 591
238 257 217 241 682 728
156 165 168 180 0 22
147 165 120 144 500 546
201 220 337 361 364 409
73 110 48 96 273 364
147 156 241 253 227 250
201 220 168 193 455 500
147 156 180 193 113 136
128 147 193 217 500 546
147 165 217 241 500 546
110 128 96 120 409 455
183 201 265 289 182 227
165 183 313 337 182 227
137 147 241 253 0 22
165 174 180 193 113 136
91 110 120 144 591 637
220 229 301 313 91 113
229 238 301 313 0 22
266 275 180 193 68 91
238 257 217 241 546 591
247 257 301 313 91 113
147 165 168 193 364 409
100 110 229 241 68 91
183 201 144 168 637 682
220 238 313 337 591 637
201 210 229 241 182 204
275 284 217 229 91 113
110 119 156 168 136 159
156 165 277 289 68 91
137 147 253 265 136 159
119 128 144 156 113 136
174 183 217 229 182 204
147 156 337 349 45 68
174 183 289 301 113 136
91 110 168 193 182 227
100 110 180 193 22 45
119 123 259 265 124 136
156 165 96 108 45 68
147 156 96 108 91 113
73 91 96 120 546 591
201 210 193 205 136 159
110 119 217 229 113 136
91 95 84 90 33 45
82 86 126 132 22 33
238 247 193 205 22 45
174 183 277 289 136 159
128 137 277 289 91 113
63 73 168 180 68 91
220 229 217 229 91 113
229 238 217 229 68 91
147 156 144 156 250 273
201 220 217 241 637 682
183 192 144 156 227 250
247 257 289 301 159 182
147 156 144 156 113 136
238 257 217 241 273 318
210 220 180 193 182 204
110 119 72 84 68 91
275 284 205 217 91 113
210 220 217 229 91 113
147 165 289 313 91 136
156 165 144 156 113 136
91 95 84 90 22 33
215 220 259 265 22 33
210 215 259 265 22 33
210 220 180 193 250 273
165 174 193 205 22 45
137 147 193 205 91 113
156 165 156 168 0 22
156 165 229 241 136 159
201 210 241 253 159 182
229 238 253 265 68 91
156 165 144 156 0 22
100 110 120 132 159 182
238 257 217 241 409 455
201 210 156 168 159 182
119 128 156 168 91 113
147 156 144 156 22 45
229 238 301 313 250 273
147 156 205 217 227 250
147 156 193 205 159 182
174 183 180 193 113 136
73 82 132 144 22 45
91 100 205 217 68 91
183 192 325 337 68 91
110 119 205 217 91 113
91 95 138 144 22 33
201 210 229 241 250 273
220 238 217 241 546 591
174 183 156 168 227 250
192 201 217 229 136 159
156 165 229 241 22 45
192 201 301 313 136 159
229 238 301 313 91 113
119 128 144 156 159 182
110 128 217 241 409 455
210 220 301 313 45 68
201 210 205 217 159 182
201 210 180 193 113 136
110 119 180 193 68 91
165 174 180 193 68 91
210 220 313 325 182 204
128 137 265 277 68 91
210 220 205 217 22 45
220 229 325 337 22 45
82 91 108 120 159 182
183 192 180 193 250 273
137 147 217 229 68 91
192 201 156 168 113 136
220 229 180 193 182 204
82 86 193 199 68 79
165 183 313 337 273 318
132 137 114 120 45 56
128 137 205 217 0 22
73 82 193 205 136 159
165 174 144 156 250 273
165 183 241 265 455 500
201 210 205 217 432 455
156 165 241 253 159 182
165 183 241 265 364 409
192 201 253 265 227 250
220 238 217 241 637 682
220 229 217 229 45 68
238 257 193 217 637 682
119 128 205 217 68 91
128 147 144 168 409 455
165 183 120 144 455 500
192 201 168 180 182 204
91 100 205 217 22 45
165 174 217 229 182 204
201 220 168 193 409 455
192 201 168 180 250 273
54 73 241 265 227 273
210 220 156 168 22 45
105 110 120 126 79 91
192 201 180 193 227 250
128 137 253 265 227 250
119 128 180 193 0 22
238 247 241 253 22 45
165 183 144 168 500 546
73 91 120 144 682 728
247 257 193 205 250 273
201 220 144 168 637 682
183 201 313 337 682 728
201 220 144 168 455 500
110 128 0 24 0 45
183 201 313 337 455 500
220 238 361 386 682 728
183 192 144 156 91 113
183 192 180 193 182 204
165 183 289 313 273 318
192 201 156 168 136 159
119 128 217 229 159 182
147 165 217 241 409 455
156 165 205 217 159 182
91 110 217 241 409 455
110 128 217 241 637 682
201 220 289 313 273 318
192 201 205 217 204 227
147 165 168 193 682 728
156 165 180 193 204 227
201 210 156 168 45 68
128 147 24 48 0 45
238 247 205 217 250 273
192 201 156 168 250 273
174 183 253 265 91 113
210 220 229 241 250 273
147 156 84 96 68 91
147 156 168 180 113 136
156 165 108 120 68 91
238 247 265 277 113 136
128 147 265 289 500 546
210 220 337 349 68 91
110 114 247 253 22 33
187 192 217 223 79 91
174 183 325 337 68 91
192 201 217 229 227 250
110 119 168 180 136 159
220 238 193 217 500 546
119 128 229 241 136 159
174 183 193 205 250 273
128 137 156 168 227 250
165 183 313 337 318 364
137 147 193 205 159 182
229 238 229 241 91 113
210 220 193 205 159 182
201 220 361 386 182 227
165 174 168 180 91 113
119 128 168 180 250 273
192 201 205 217 68 91
128 137 217 229 159 182
238 247 289 301 159 182
220 229 241 253 136 159
147 165 217 241 591 637
82 91 180 193 159 182
229 238 301 313 22 45
137 147 205 217 159 182
201 210 241 253 0 22
192 201 180 193 113 136
119 128 156 168 136 159
201 210 168 180 159 182
110 119 180 193 22 45
275 284 217 229 113 136
128 137 168 180 159 182
119 128 144 156 22 45
91 110 96 120 409 455
238 247 325 337 68 91
183 192 349 361 45 68
147 165 193 217 500 546
110 128 96 120 318 364
91 110 96 120 364 409
266 275 229 241 45 68
238 247 313 325 68 91
192 201 253 265 91 113
82 86 126 132 45 56
224 229 361 367 45 56
110 119 144 156 91 113
86 91 120 126 33 45
247 257 229 241 68 91
156 165 168 180 113 136
119 128 108 120 91 113
100 110 120 132 113 136
156 165 193 205 22 45
247 257 205 217 227 250
123 128 253 259 113 124
210 220 180 193 0 22
257 266 193 205 45 68
210 220 156 168 136 159
183 201 313 337 637 682
238 247 277 289 0 22
201 210 205 217 136 159
110 128 144 168 500 546
183 192 337 349 68 91
147 156 229 241 159 182
54 58 265 271 22 33
110 119 193 205 22 45
156 165 156 168 159 182
201 210 313 325 113 136
210 215 313 319 45 56
119 128 241 253 204 227
210 220 229 241 159 182
220 224 361 367 56 68
54 63 193 205 68 91
192 201 193 205 0 22
174 183 193 205 113 136
100 110 96 108 182 204
247 257 205 217 0 22
100 110 132 144 250 273
201 220 337 361 546 591
147 156 144 156 0 22
201 210 349 361 227 250
110 119 144 156 22 45
210 215 319 325 45 56
192 201 349 361 45 68
137 147 229 241 227 250
247 257 205 217 113 136
201 210 325 337 0 22
183 192 217 229 204 227
229 238 337 349 22 45
210 220 313 325 204 227
210 220 193 205 22 45
229 238 289 301 250 273
156 165 205 217 182 204
201 210 180 193 68 91
201 210 349 361 0 22
82 91 193 205 113 136
220 238 313 337 318 364
110 119 241 253 113 136
73 82 205 217 22 45
220 229 229 241 182 204
110 119 168 180 45 68
156 165 96 108 113 136
82 91 180 193 136 159
128 137 241 253 250 273
147 165 265 289 500 546
210 220 180 193 22 45
165 174 193 205 0 22
183 192 168 180 136 159
110 119 144 156 159 182
192 201 229 241 273 295
73 91 193 217 409 455
201 210 180 193 295 318
137 147 156 168 0 22
201 210 313 325 204 227
128 137 217 229 182 204
156 165 193 205 0 22
201 210 144 156 91 113
128 147 193 217 682 728
201 210 325 337 91 113
165 174 313 325 0 22
229 238 289 301 0 22
91 110 193 217 409 455
165 183 265 289 364 409
229 238 241 253 204 227
137 142 144 150 79 91
183 220 96 144 364 455
91 100 144 156 113 136
105 110 120 126 68 79
201 210 180 193 227 250
183 192 205 217 113 136
156 165 217 229 113 136
156 165 96 108 91 113
100 110 253 265 45 68
183 192 193 205 227 250
192 201 301 313 91 113
110 119 253 265 204 227
82 91 132 144 0 22
128 137 144 156 0 22
238 247 277 289 159 182
210 215 259 265 56 68
110 119 193 205 0 22
128 137 253 265 204 227
128 137 108 120 113 136
156 165 193 205 341 364
54 63 265 277 204 227
165 183 289 313 409 455
210 220 217 229 159 182
73 91 120 144 455 500
183 192 168 180 273 295
110 128 168 193 455 500
165 183 168 193 455 500
73 91 96 120 409 455
165 174 253 265 0 22
128 137 265 277 0 22
100 110 132 144 204 227
183 192 253 265 227 250
156 165 349 361 45 68
128 137 217 229 227 250
201 220 289 313 682 728
220 238 265 289 409 455
73 82 144 156 45 68
147 165 313 337 364 409
220 238 193 217 591 637
275 294 217 241 409 455
147 165 96 120 273 318
156 165 108 120 22 45
165 174 144 156 68 91
183 192 253 265 113 136
165 174 241 253 22 45
82 91 132 144 136 159
192 201 144 156 159 182
128 137 144 156 227 250
201 210 325 337 68 91
183 192 193 205 91 113
183 201 217 241 637 682
119 128 156 168 0 22
210 220 313 325 113 136
128 147 168 193 682 728
147 156 120 132 45 68
210 220 349 361 0 22
119 128 217 229 45 68
210 220 193 205 68 91
165 174 277 289 68 91
137 147 265 277 227 250
183 192 180 193 159 182
183 192 205 217 250 273
91 110 96 120 318 364
156 165 132 144 91 113
137 147 241 253 22 45
257 266 229 241 113 136
183 192 217 229 0 22
210 220 193 205 45 68
229 238 265 277 68 91
137 147 96 108 0 22
147 156 217 229 136 159
229 238 241 253 113 136
210 215 319 325 56 68
238 247 217 229 113 136
192 201 241 253 91 113
266 275 229 241 136 159
192 201 205 217 136 159
183 192 289 301 136 159
183 192 289 301 159 182
187 192 223 229 68 79
275 294 144 168 227 273
192 201 180 193 250 273
220 229 205 217 159 182
174 183 253 265 0 22
201 210 180 193 22 45
156 165 168 180 22 45
137 147 229 241 91 113
128 137 277 289 250 273
165 183 168 193 318 364
192 201 301 313 0 22
119 128 144 156 136 159
128 137 277 289 22 45
91 100 156 168 113 136
210 220 289 301 0 22
192 201 313 325 45 68
238 247 277 289 113 136
165 174 265 277 45 68
147 156 96 108 68 91
229 238 325 337 22 45
183 192 289 301 0 22
156 165 144 156 227 250
54 63 180 193 113 136
183 192 325 337 45 68
192 201 144 156 136 159
210 220 241 253 273 295
165 183 120 144 318 364
284 294 217 229 113 136
201 210 180 193 204 227
183 220 96 144 637 728
192 201 289 301 0 22
238 257 241 265 409 455
119 128 241 253 182 204
110 119 156 168 22 45
54 58 271 277 33 45
156 165 313 325 91 113
165 174 217 229 136 159
82 91 205 217 113 136
119 128 144 156 91 113
147 156 217 229 0 22
147 156 120 132 113 136
58 63 271 277 33 45
229 238 361 373 68 91
63 73 168 180 91 113
100 105 126 132 68 79
220 224 361 367 45 56
183 192 337 349 45 68
91 100 180 193 45 68
128 147 168 193 500 546
238 247 301 313 136 159
201 210 241 253 136 159
128 147 0 24 45 91
220 238 289 313 682 728
147 156 241 253 204 227
220 229 301 313 0 22
36 73 96 144 91 182
210 220 325 337 250 273
82 86 90 96 56 68
165 183 313 337 364 409
192 201 156 168 227 250
266 275 229 241 113 136
183 220 96 144 273 364
210 215 313 319 56 68
137 147 144 156 0 22
82 86 126 132 33 45
229 238 289 301 45 68
147 156 96 108 113 136
110 114 247 253 33 45
147 165 289 313 227 273
210 220 325 337 91 113
220 238 361 386 273 318
229 238 229 241 204 227
229 238 253 265 0 22
192 201 229 241 250 273
165 183 144 168 546 591
165 183 120 144 227 273
147 165 241 265 455 500
210 220 217 229 182 204
201 220 265 289 364 409
128 147 24 48 45 91
210 220 229 241 182 204
73 82 144 156 91 113
165 174 205 217 273 295
201 220 217 241 455 500
110 128 193 217 409 455
174 183 301 313 113 136
147 156 313 325 91 113
128 147 193 217 364 409
128 147 217 241 455 500
73 91 96 120 591 637
156 165 349 361 68 91
156 165 241 253 45 68
91 110 144 168 591 637
210 220 241 253 91 113
156 165 108 120 0 22
257 294 289 337 364 455
238 257 313 337 500 546
183 201 265 289 364 409
110 128 168 193 591 637
229 238 337 349 113 136
201 220 265 289 182 227
165 183 217 241 455 500
91 100 229 241 68 91
201 210 156 168 0 22
183 192 217 229 295 318
275 284 168 180 91 113
165 183 96 120 318 364
210 220 217 229 0 22
147 156 253 265 22 45
220 229 337 349 0 22
100 110 120 132 227 250
147 156 229 241 136 159
82 86 120 126 124 136
201 220 265 289 227 273
210 220 253 265 273 295
137 147 144 156 250 273
220 238 241 265 591 637
82 91 156 168 113 136
156 165 144 156 91 113
210 215 313 319 33 45
86 91 126 132 124 136
201 210 144 156 113 136
192 201 253 265 45 68
73 82 205 217 68 91
58 63 265 271 22 33
110 119 108 120 0 22
238 257 313 337 546 591
147 165 144 168 637 682
165 183 72 96 0 45
110 119 84 96 45 68
201 210 180 193 273 295
220 229 217 229 159 182
137 147 96 108 91 113
119 128 120 132 113 136
201 210 205 217 113 136
196 201 186 193 45 56
147 156 96 108 45 68
137 147 156 168 250 273
165 174 156 168 113 136
275 294 144 168 273 318
165 183 241 265 500 546
192 201 180 193 273 295
156 165 193 205 250 273
183 192 229 241 113 136
82 91 108 120 182 204
192 201 289 301 136 159
147 156 205 217 318 341
238 257 193 217 455 500
201 210 241 253 273 295
110 119 168 180 68 91
100 110 144 156 22 45
183 192 265 277 45 68
201 220 265 289 273 318
82 86 126 132 124 136
91 100 205 217 113 136
73 91 96 120 318 364
284 294 217 229 159 182
220 229 289 301 250 273
229 238 241 253 182 204
100 110 132 144 113 136
128 137 229 241 0 22
100 105 120 126 68 79
210 215 253 259 45 56
192 201 193 205 159 182
147 156 108 120 113 136
54 63 193 205 45 68
201 210 168 180 0 22
201 210 205 217 227 250
100 110 108 120 0 22
247 257 301 313 45 68
247 257 253 265 22 45
247 257 289 301 68 91
247 257 193 205 68 91
110 119 205 217 0 22
183 201 265 289 546 591
220 224 367 373 45 56
238 247 193 205 113 136
238 247 217 229 91 113
229 238 289 301 91 113
165 174 217 229 204 227
110 119 144 156 0 22
110 119 168 180 113 136
229 238 241 253 159 182
165 174 289 301 22 45
192 201 265 277 68 91
128 147 168 193 637 682
137 147 120 132 68 91
110 119 144 156 113 136
128 137 144 156 113 136
147 156 144 156 91 113
183 192 253 265 250 273
119 128 180 193 91 113
165 174 168 180 159 182
137 142 150 156 79 91
95 100 138 144 79 91
275 284 193 205 113 136
100 110 132 144 227 250
201 210 253 265 159 182
196 201 180 186 45 56
119 128 180 193 113 136
128 137 277 289 227 250
165 174 241 253 68 91
119 128 241 253 0 22
165 174 156 168 136 159
183 192 301 313 91 113
174 183 205 217 0 22
247 257 277 289 113 136
183 192 193 205 523 546
183 192 241 253 250 273
110 119 156 168 159 182
210 220 217 229 68 91
220 238 361 386 318 364
128 147 217 241 546 591
110 119 229 241 113 136
110 128 265 289 455 500
110 119 205 217 68 91
201 210 156 168 91 113
247 257 301 313 250 273
137 147 168 180 227 250
54 58 271 277 22 33
91 110 265 289 45 91
275 294 144 168 0 45
201 210 180 193 182 204
183 192 144 156 113 136
91 100 132 144 182 204
137 147 132 144 22 45
257 275 144 168 318 364
174 183 156 168 91 113
220 238 313 337 455 500
156 165 132 144 113 136
183 192 168 180 250 273
266 275 217 229 113 136
132 137 114 120 56 68
257 294 241 289 364 455
147 156 217 229 250 273
147 156 205 217 341 364
174 183 253 265 136 159
247 257 289 301 136 159
91 100 144 156 0 22
165 174 168 180 0 22
147 156 180 193 204 227
128 147 96 120 273 318
183 201 289 313 409 455
229 238 361 373 113 136
147 156 253 265 0 22
275 294 217 241 364 409
110 119 180 193 227 250
128 147 48 72 136 182
247 257 253 265 45 68
165 174 156 168 182 204
183 192 168 180 0 22
247 257 265 277 68 91
183 201 289 313 500 546
91 110 120 144 637 682
147 165 144 168 682 728
147 165 313 337 318 364
137 147 265 277 113 136
183 201 168 193 682 728
238 257 217 241 591 637
229 238 180 193 204 227
220 229 253 265 113 136
128 137 241 253 0 22
247 257 289 301 113 136
238 247 241 253 68 91
210 215 319 325 22 33
238 247 205 217 22 45
229 238 217 229 136 159
284 294 217 229 68 91
165 183 72 96 91 136
147 156 168 180 204 227
147 156 180 193 159 182
238 247 241 253 45 68
147 156 180 193 0 22
119 128 60 72 45 68
73 82 156 168 91 113
210 220 168 180 22 45
165 174 205 217 0 22
174 183 205 217 295 318
128 147 217 241 591 637
137 147 241 253 227 250
73 82 168 180 68 91
156 165 217 229 250 273
147 156 277 289 68 91
192 201 168 180 0 22
247 257 277 289 136 159
73 91 168 193 364 409
183 192 265 277 68 91
284 294 205 217 45 68
210 220 349 361 227 250
100 105 126 132 45 56
247 257 289 301 0 22
82 86 90 96 45 56
174 183 205 217 68 91
156 165 253 265 182 204
147 156 96 108 22 45
119 128 193 205 68 91
119 128 241 253 250 273
82 91 108 120 204 227
210 220 217 229 113 136
73 82 108 120 91 113
91 100 156 168 22 45
147 156 96 108 159 182
86 91 126 132 33 45
275 284 180 193 227 250
100 110 180 193 113 136
110 114 241 247 33 45
183 192 289 301 91 113
266 275 229 241 159 182
147 156 265 277 68 91
128 132 114 120 45 56
215 220 319 325 45 56
114 119 241 247 22 33
238 257 241 265 591 637
128 147 144 168 682 728
91 100 84 96 0 22
275 294 144 168 318 364
192 201 168 180 91 113
137 147 96 108 68 91
229 238 229 241 182 204
210 220 168 180 68 91
247 257 301 313 68 91
137 142 150 156 68 79
73 91 96 120 500 546
110 119 193 205 113 136
110 119 217 229 91 113
156 165 156 168 136 159
192 201 156 168 159 182
86 91 120 126 56 68
275 284 217 229 68 91
156 165 168 180 91 113
183 187 217 223 68 79
100 105 120 126 79 91
224 229 367 373 56 68
137 147 277 289 250 273
128 137 193 205 0 22
82 91 180 193 113 136
110 119 168 180 0 22
201 210 168 180 273 295
165 174 301 313 113 136
220 238 289 313 591 637
73 82 132 144 113 136
174 183 180 193 0 22
110 128 144 168 637 682
201 220 144 168 591 637
220 229 277 289 22 45
183 192 156 168 227 250
73 82 108 120 45 68
110 128 144 168 546 591
147 165 144 168 591 637
128 137 193 205 113 136
119 128 205 217 113 136
165 174 325 337 68 91
220 238 313 337 546 591
73 82 193 205 159 182
137 147 229 241 250 273
201 210 205 217 250 273
82 86 199 205 68 79
266 275 168 180 91 113
220 229 337 349 113 136
201 210 193 205 432 455
275 294 144 168 136 182
192 201 217 229 295 318
128 137 132 144 0 22
257 266 180 193 68 91
201 210 180 193 250 273
147 156 313 325 68 91
137 147 229 241 182 204
86 91 193 199 68 79
147 165 217 241 637 682
257 294 241 289 182 273
210 220 241 253 136 159
201 220 361 386 91 136
110 119 120 132 113 136
201 210 301 313 0 22
91 100 205 217 91 113
183 192 205 217 500 523
82 86 126 132 113 124
86 91 199 205 68 79
201 210 217 229 91 113
105 110 126 132 79 91
201 210 144 156 136 159
100 110 205 217 68 91
100 110 108 120 136 159
183 201 313 337 182 227
210 220 193 205 182 204
91 100 168 180 113 136
201 210 313 325 227 250
100 110 168 180 113 136
119 128 180 193 227 250
201 210 205 217 91 113
147 156 229 241 91 113
147 156 180 193 182 204
183 201 313 337 409 455
100 110 132 144 0 22
110 128 193 217 364 409
119 128 132 144 113 136
137 147 265 277 0 22
165 174 144 156 182 204
201 220 144 168 500 546
238 257 289 313 637 682
128 147 168 193 409 455
192 201 313 325 68 91
110 128 144 168 591 637
119 128 217 229 91 113
156 165 96 108 136 159
73 82 168 180 136 159
192 201 241 253 227 250
201 210 289 301 0 22
105 110 126 132 68 79
220 229 289 301 91 113
95 100 120 126 33 45
247 257 217 229 113 136
229 238 193 205 159 182
73 91 96 120 682 728
201 220 217 241 546 591
110 128 120 144 364 409
247 257 205 217 250 273
210 220 301 313 68 91
128 147 193 217 455 500
257 266 193 205 91 113
91 110 217 241 318 364
183 192 180 193 204 227
73 91 96 120 637 682
238 247 205 217 113 136
201 220 289 313 637 682
238 257 241 265 546 591
257 275 193 217 500 546
165 174 180 193 0 22
238 257 313 337 409 455
147 165 313 337 409 455
147 165 289 313 273 318
201 220 361 386 409 455
229 238 337 349 0 22
165 183 217 241 500 546
63 73 168 180 113 136
275 294 217 241 500 546
220 229 289 301 22 45
119 128 217 229 113 136
110 128 265 289 591 637
183 201 313 337 500 546
110 128 96 120 364 409
73 91 96 120 364 409
183 201 289 313 455 500
238 247 301 313 91 113
174 183 241 253 0 22
165 174 193 205 250 273
201 220 361 386 546 591
201 210 229 241 113 136
238 257 313 337 682 728
201 210 180 193 45 68
220 238 313 337 637 682
220 229 301 313 22 45
201 210 193 205 182 204
156 165 72 84 68 91
201 220 289 313 455 500
147 165 265 289 364 409
201 220 289 313 591 637
220 229 217 229 0 22
201 220 313 337 455 500
247 257 277 289 91 113
284 294 180 193 91 113
110 128 217 241 682 728
257 266 229 241 0 22
183 201 265 289 591 637
257 266 205 217 68 91
110 128 217 241 591 637
100 110 120 132 250 273
257 275 217 241 500 546
156 165 241 253 204 227
201 210 349 361 250 273
165 183 265 289 591 637
257 266 168 180 91 113
73 82 144 156 68 91
183 201 337 361 591 637
183 201 144 168 682 728
210 220 325 337 227 250
275 294 193 217 500 546
183 201 289 313 637 682
257 275 217 241 455 500
91 110 120 144 682 728
183 201 337 361 409 455
110 128 193 217 500 546
128 147 96 120 318 364
238 247 205 217 0 22
201 210 193 205 250 273
119 128 229 241 159 182
110 119 180 193 45 68
247 257 265 277 0 22
215 220 313 319 33 45
63 73 168 180 22 45
82 86 126 132 56 68
137 147 108 120 0 22
275 294 144 168 45 91
100 110 120 132 204 227
220 229 265 277 45 68
110 119 217 229 45 68
174 183 108 120 68 91
128 137 168 180 136 159
165 174 313 325 22 45
247 257 217 229 91 113
192 201 205 217 91 113
73 82 156 168 68 91
110 119 96 108 113 136
110 119 96 108 68 91
137 147 144 156 113 136
100 110 217 229 68 91
210 220 193 205 113 136
238 247 205 217 68 91
91 100 229 241 45 68
210 220 168 180 0 22
192 201 168 180 273 295
142 147 150 156 79 91
82 91 180 193 0 22
73 82 168 180 45 68
73 82 132 144 91 113
137 147 180 193 136 159
183 192 241 253 113 136
91 95 120 126 56 68
165 174 193 205 182 204
192 201 325 337 45 68
77 82 199 205 68 79
82 91 193 205 159 182
119 123 259 265 113 124
137 147 217 229 250 273
183 192 229 241 250 273
201 210 337 349 68 91
100 110 108 120 182 204
165 183 144 168 637 682
128 147 241 265 546 591
137 147 217 229 0 22
275 284 229 241 159 182
165 183 217 241 591 637
119 128 180 193 159 182
91 100 253 265 68 91
128 147 241 265 500 546
220 229 277 289 45 68
119 128 60 72 68 91
147 156 325 337 68 91
238 247 265 277 136 159
91 95 120 126 22 33
91 100 132 144 136 159
229 238 313 325 0 22
174 183 289 301 68 91
91 100 168 180 22 45
284 294 193 205 91 113
91 100 253 265 45 68
147 183 337 386 364 455
147 156 193 205 318 341
165 183 193 217 500 546
192 201 180 193 204 227
156 165 193 205 182 204
147 156 193 205 45 68
210 220 193 205 0 22
100 110 180 193 0 22
183 192 193 205 204 227
192 201 193 205 500 523
95 100 138 144 68 79
147 156 205 217 204 227
128 137 205 217 113 136
174 183 265 277 68 91
110 128 217 241 455 500
165 183 168 193 500 546
110 119 217 229 22 45
174 183 168 180 0 22
229 238 253 265 91 113
147 156 229 241 68 91
247 257 301 313 113 136
73 82 156 168 45 68
73 82 132 144 159 182
201 210 180 193 136 159
201 210 193 205 0 22
165 183 217 241 409 455
156 165 168 180 159 182
119 128 96 108 0 22
247 257 301 313 159 182
82 91 168 180 159 182
215 220 253 259 45 56
220 229 301 313 227 250
110 128 120 144 409 455
147 156 168 180 182 204
54 73 144 168 0 45
210 220 241 253 113 136
156 165 229 241 45 68
220 238 313 337 500 546
238 247 265 277 0 22
128 137 96 108 22 45
220 229 168 180 182 204
247 257 301 313 0 22
247 257 301 313 22 45
257 266 193 205 113 136
174 183 156 168 0 22
147 165 120 144 273 318
86 91 84 90 45 56
284 294 217 229 45 68
257 266 205 217 113 136
201 220 144 168 409 455
119 128 217 229 0 22
247 257 325 337 45 68
100 110 229 241 45 68
91 110 217 241 273 318
110 119 48 60 68 91
147 156 313 325 113 136
156 165 156 168 182 204
165 174 289 301 68 91
201 220 265 289 682 728
137 147 253 265 250 273
174 183 325 337 0 22
201 210 325 337 182 204
147 165 193 217 637 682
192 201 156 168 91 113
183 192 156 168 0 22
91 100 168 180 0 22
110 119 84 96 68 91
266 275 205 217 113 136
156 165 313 325 68 91
110 119 96 108 0 22
128 137 241 253 182 204
73 91 168 193 409 455
192 196 180 186 45 56
210 220 168 180 295 318
238 257 337 361 136 182
119 128 72 84 68 91
201 210 144 156 159 182
119 128 229 241 0 22
110 128 168 193 637 682
147 165 144 168 455 500
156 165 144 156 68 91
220 229 217 229 113 136
119 128 205 217 91 113
119 128 84 96 45 68
192 201 217 229 182 204
156 165 229 241 250 273
201 220 265 289 91 136
110 114 241 247 22 33
156 165 277 289 45 68
73 91 168 193 546 591
165 174 325 337 22 45
73 82 205 217 91 113
215 220 319 325 56 68
165 174 168 180 136 159
82 91 132 144 68 91
100 110 241 253 68 91
220 238 217 241 455 500
110 119 132 144 113 136
73 82 168 180 22 45
128 137 217 229 0 22
105 110 126 132 56 68
100 110 144 156 91 113
201 210 253 265 295 318
147 156 217 229 113 136
192 201 193 205 113 136
201 210 217 229 182 204
91 95 138 144 79 91
156 165 156 168 91 113
238 247 193 205 91 113
210 220 301 313 0 22
192 201 349 361 68 91
147 165 313 337 227 273
110 119 120 132 0 22
165 174 241 253 136 159
100 105 120 126 56 68
95 100 120 126 56 68
128 137 217 229 91 113
137 147 132 144 45 68
165 174 96 108 45 68
119 128 193 205 113 136
147 156 96 108 136 159
54 73 144 168 91 136
201 210 193 205 159 182
174 183 205 217 250 273
165 174 132 144 68 91
201 210 205 217 45 68
86 91 120 126 45 56
147 156 193 205 250 273
174 183 120 132 45 68
210 220 349 361 68 91
165 174 132 144 45 68
86 91 120 126 124 136
100 105 120 126 45 56
73 91 144 168 546 591
156 165 156 168 204 227
119 128 180 193 136 159
110 119 144 156 45 68
82 91 132 144 159 182
165 174 289 301 113 136
165 174 253 265 91 113
201 210 144 156 68 91
54 73 241 265 273 318
247 257 253 265 0 22
119 128 96 108 113 136
91 95 84 90 45 56
110 119 253 265 0 22
192 201 156 168 0 22
128 137 144 156 250 273
36 54 241 265 91 136
275 284 217 229 45 68
91 95 120 126 33 45
247 257 193 205 91 113
82 91 265 277 68 91
192 201 180 193 182 204
210 220 168 180 182 204
201 210 325 337 227 250
174 183 193 205 91 113
91 95 138 144 68 79
183 192 301 313 22 45
220 229 205 217 136 159
257 294 289 337 546 637
165 174 144 156 227 250
156 165 337 349 68 91
238 247 217 229 159 182
58 63 271 277 22 33
229 238 217 229 113 136
73 82 108 120 22 45
284 294 180 193 45 68
73 82 108 120 136 159
192 201 241 253 113 136
165 174 205 217 295 318
147 165 289 313 364 409
192 201 205 217 250 273
220 238 289 313 364 409
73 91 144 168 591 637
257 266 180 193 91 113
156 165 253 265 204 227
165 183 96 120 227 273
201 210 205 217 409 432
229 238 217 229 22 45
229 238 229 241 0 22
147 156 144 156 159 182
247 257 325 337 68 91
147 165 265 289 591 637
257 294 241 289 637 728
110 128 0 24 45 91
73 110 0 48 182 273
229 238 349 361 0 22
220 238 217 241 682 728
110 128 144 168 455 500
165 183 289 313 318 364
105 110 126 132 45 56
147 165 265 289 455 500
100 110 120 132 182 204
220 229 289 301 0 22
229 238 180 193 182 204
137 147 265 277 250 273
238 257 337 361 637 682
201 210 325 337 204 227
165 174 156 168 250 273
128 137 229 241 182 204
183 220 96 144 455 546
137 147 241 253 250 273
156 165 180 193 0 22
147 156 229 241 250 273
192 201 180 193 295 318
238 257 289 313 500 546
128 147 48 72 0 45
220 229 361 373 0 22
156 165 168 180 182 204
91 100 132 144 250 273
82 91 108 120 0 22
110 119 120 132 91 113
192 201 241 253 250 273
156 165 96 108 159 182
73 91 144 168 318 364
174 183 325 337 45 68
86 91 126 132 56 68
119 128 120 132 0 22
0 18 265 289 45 91
100 110 84 96 0 22
147 156 120 132 91 113
201 210 168 180 227 250
192 201 325 337 68 91
147 156 96 108 0 22
73 82 108 120 159 182
128 137 96 108 0 22
91 100 108 120 113 136
183 192 193 205 113 136
110 128 168 193 682 728
174 183 217 229 204 227
73 82 193 205 0 22
183 192 217 229 273 295
156 165 241 253 68 91
183 192 253 265 0 22
165 174 313 325 113 136
147 156 253 265 227 250
119 128 96 108 91 113
110 119 108 120 91 113
174 183 108 120 45 68
128 137 156 168 0 22
284 294 229 241 68 91
128 132 108 114 56 68
110 119 253 265 182 204
220 229 217 229 136 159
91 100 180 193 113 136
119 128 229 241 113 136
165 174 313 325 91 113
128 137 96 108 45 68
174 183 193 205 0 22
73 82 132 144 68 91
147 156 156 168 204 227
100 110 108 120 113 136
201 210 301 313 45 68
110 119 180 193 113 136
174 183 180 193 22 45
220 229 265 277 136 159
95 100 84 90 22 33
183 187 223 229 68 79
210 220 205 217 113 136
91 100 168 180 91 113
147 156 229 241 0 22
229 238 217 229 159 182
73 77 199 205 68 79
192 201 180 193 159 182
201 210 180 193 159 182
73 82 205 217 136 159
73 82 205 217 0 22
73 82 205 217 113 136
183 201 289 313 591 637
165 174 168 180 113 136
119 128 132 144 0 22
142 147 144 150 79 91
128 137 241 253 204 227
110 119 180 193 91 113
91 100 108 120 159 182
174 183 265 277 45 68
110 128 265 289 500 546
95 100 120 126 45 56
220 238 144 168 136 182
73 82 205 217 45 68
201 220 120 144 45 91
91 95 120 126 45 56
229 238 265 277 0 22
183 192 180 193 227 250
183 192 301 313 68 91
73 82 168 180 113 136
174 183 289 301 91 113
257 266 229 241 91 113
229 238 217 229 91 113
137 147 253 265 182 204
82 91 168 180 0 22
147 156 217 229 227 250
147 156 349 361 68 91
123 128 253 259 124 136
229 238 217 229 204 227
100 110 144 156 0 22
147 165 265 289 273 318
165 174 156 168 0 22
229 238 229 241 159 182
165 174 96 108 68 91
201 210 193 205 45 68
201 210 253 265 273 295
137 147 144 156 227 250
54 63 168 180 45 68
220 229 373 386 45 68
91 100 108 120 91 113
192 201 277 289 68 91
100 110 205 217 0 22
137 147 120 132 0 22
183 201 265 289 637 682
210 220 156 168 0 22
91 110 217 241 182 227
36 54 265 289 318 364
156 165 168 180 136 159
156 165 325 337 45 68
119 128 84 96 68 91
257 294 241 289 273 364
73 82 84 96 45 68
156 165 313 325 45 68
238 247 241 253 0 22
73 91 96 120 455 500
0 73 289 386 182 364
229 238 253 265 113 136
192 201 277 289 45 68
137 147 96 108 45 68
156 165 156 168 250 273
257 294 241 289 546 637
210 220 349 361 250 273
156 165 205 217 341 364
165 183 265 289 455 500
147 156 156 168 159 182
275 294 193 217 364 409
183 201 289 313 682 728
201 220 289 313 409 455
238 257 193 217 682 728
183 192 301 313 136 159
257 294 289 337 273 364
229 238 349 361 113 136
165 183 72 96 136 182
183 192 229 241 182 204
165 174 325 337 113 136
147 156 120 132 68 91
54 63 180 193 0 22
183 201 265 289 682 728
284 294 180 193 68 91
110 128 193 217 637 682
192 201 193 205 523 546
156 165 108 120 159 182
119 123 253 259 113 124
192 196 180 186 56 68
128 137 120 132 45 68
183 192 180 193 0 22
165 174 325 337 91 113
165 174 205 217 250 273
220 229 337 349 91 113
110 119 241 253 0 22
128 137 217 229 250 273
196 201 180 186 56 68
174 183 193 205 273 295
220 238 144 168 227 273
201 210 337 349 227 250
100 110 241 253 45 68
137 147 193 205 0 22
192 201 180 193 0 22
100 110 108 120 204 227
275 284 193 205 91 113
100 110 132 144 182 204
73 82 168 180 91 113
215 220 313 319 22 33
229 238 205 217 159 182
165 174 265 277 68 91
183 192 217 229 250 273
284 294 229 241 91 113
147 165 144 168 500 546
147 156 193 205 204 227
110 119 168 180 227 250
73 82 108 120 182 204
284 294 229 241 159 182
238 257 217 241 500 546
73 91 144 168 364 409
91 100 108 120 136 159
215 220 259 265 56 68
110 119 108 120 68 91
110 119 144 156 136 159
110 119 205 217 113 136
238 247 193 205 45 68
247 257 241 253 22 45
95 100 84 90 33 45
174 183 265 277 136 159
73 82 120 132 0 22
73 91 168 193 591 637
229 238 193 205 136 159
275 294 144 168 182 227
210 220 241 253 295 318
54 63 168 180 22 45
54 63 168 180 68 91
210 220 313 325 91 113
247 257 277 289 0 22
91 100 108 120 68 91
100 110 253 265 68 91
183 201 265 289 409 455
183 192 301 313 0 22
73 82 108 120 68 91
100 110 205 217 113 136
128 137 168 180 227 250
224 229 367 373 45 56
54 63 168 180 91 113
110 119 241 253 227 250
257 266 229 241 45 68
220 229 265 277 159 182
229 238 253 265 204 227
183 201 361 386 364 409
91 100 156 168 0 22
174 183 289 301 0 22
201 220 144 168 273 318
284 294 180 193 250 273
95 100 84 90 45 56
156 165 144 156 250 273
238 247 265 277 91 113
238 257 144 168 91 136
156 165 229 241 113 136
183 201 361 386 546 591
110 119 253 265 250 273
201 210 205 217 68 91
257 294 289 337 637 728
137 147 108 120 113 136
201 220 144 168 364 409
91 110 265 289 227 273
201 210 205 217 182 204
137 147 229 241 113 136
192 201 193 205 204 227
183 201 361 386 91 136
147 165 289 313 409 455
165 183 96 120 500 546
128 147 0 24 0 45
119 128 48 60 68 91
201 220 265 289 318 364
229 238 253 265 182 204
147 156 132 144 113 136
110 128 217 241 364 409
257 266 193 205 68 91
183 201 313 337 546 591
192 201 217 229 113 136
128 137 205 217 159 182
257 266 168 180 113 136
238 247 229 241 159 182
174 183 253 265 113 136
147 165 265 289 318 364
229 238 289 301 227 250
284 294 180 193 227 250
238 257 337 361 318 364
229 238 168 180 204 227
174 183 277 289 159 182
165 183 265 289 409 455
192 201 168 180 295 318
147 183 0 48 0 91
238 247 253 265 0 22
183 192 193 205 136 159
73 82 96 108 68 91
147 156 253 265 250 273
147 156 144 156 227 250
73 91 217 241 0 45
91 100 108 120 182 204
132 137 108 114 56 68
201 220 361 386 227 273
247 257 241 253 0 22
86 91 120 126 113 124
201 210 205 217 0 22
73 77 199 205 79 91
201 220 265 289 409 455
165 174 325 337 0 22
110 119 180 193 250 273
284 294 229 241 45 68
156 165 229 241 68 91
215 220 259 265 33 45
147 165 241 265 500 546
192 201 180 193 136 159
275 284 205 217 113 136
174 183 120 132 68 91
110 119 48 60 45 68
73 82 156 168 113 136
220 229 217 229 68 91
210 220 180 193 113 136
147 156 241 253 182 204
247 257 193 205 227 250
137 147 217 229 113 136
201 210 193 205 204 227
36 54 241 265 45 91
183 201 217 241 546 591
82 86 84 90 56 68
128 137 96 108 68 91
82 86 84 90 45 56
147 156 313 325 45 68
110 119 156 168 0 22
201 210 349 361 68 91
183 201 313 337 591 637
91 110 265 289 136 182
137 147 241 253 113 136
165 183 265 289 546 591
128 137 96 108 113 136
174 183 229 241 204 227
73 91 217 241 45 91
201 220 265 289 637 682
73 91 217 241 136 182
86 91 84 90 56 68
220 238 193 217 455 500
238 257 144 168 227 273
128 137 120 132 0 22
210 220 193 205 91 113
91 100 108 120 22 45
192 201 217 229 273 295
220 229 265 277 0 22
128 137 96 108 91 113
91 100 108 120 204 227
220 229 277 289 159 182
220 229 289 301 113 136
174 183 96 108 68 91
220 229 373 386 68 91
238 257 361 386 136 182
174 183 96 108 45 68
137 147 277 289 91 113
220 229 277 289 0 22
220 229 277 289 136 159
238 257 361 386 0 45
238 257 361 386 45 91
147 165 265 289 409 455
284 294 168 180 250 273
54 63 277 289 0 22
73 82 96 108 22 45
63 73 205 217 68 91
183 220 48 96 0 91
210 220 144 156 91 113
183 220 48 96 91 182
220 294 0 96 546 728
73 110 289 337 0 91
183 201 313 337 364 409
100 110 72 84 68 91
36 54 241 265 136 182
183 201 96 120 0 45
238 257 361 386 273 318
91 110 48 72 0 45
0 73 0 96 364 546
110 119 241 253 250 273
238 257 144 168 136 182
73 110 0 48 273 364
247 257 301 313 227 250
210 220 144 156 0 22
110 119 132 144 0 22
147 165 361 386 0 45
73 82 72 84 45 68
73 82 96 108 45 68
257 294 337 386 91 182
54 73 217 241 45 91
284 294 229 241 113 136
147 165 48 72 136 182
220 238 265 289 546 591
201 220 144 168 546 591
91 100 217 229 45 68
201 220 96 120 45 91
238 257 361 386 637 682
147 165 48 72 45 91
0 73 289 386 546 728
73 91 241 265 227 273
210 220 313 325 227 250
82 91 277 289 68 91
238 257 144 168 45 91
183 201 96 120 45 91
147 156 72 84 45 68
36 54 144 168 45 91
73 82 96 108 159 182
192 201 193 205 182 204
275 294 217 241 455 500
0 36 144 193 0 91
110 128 361 386 0 45
147 156 132 144 91 113
156 165 253 265 0 22
36 54 168 193 0 45
238 257 361 386 318 364
183 201 361 386 45 91
73 82 96 108 204 227
110 128 337 361 136 182
82 91 277 289 45 68
63 73 277 289 0 22
18 36 241 265 0 45
36 54 193 217 45 91
54 63 277 289 45 68
201 220 265 289 591 637
0 36 193 241 182 273
165 183 48 72 0 45
119 128 205 217 22 45
0 36 193 241 0 91
257 266 217 229 113 136
110 128 337 361 0 45
201 220 96 120 0 45
220 257 96 144 546 637
165 183 48 72 45 91
257 294 96 144 91 182
54 73 217 241 0 45
183 201 361 386 227 273
73 91 217 241 273 318
54 63 168 180 113 136
147 165 48 72 0 45
238 257 361 386 682 728
183 220 0 48 0 91
156 165 241 253 0 22
220 238 144 168 0 45
229 238 373 386 68 91
201 210 337 349 250 273
95 100 84 90 56 68
220 229 373 386 113 136
247 257 241 253 45 68
73 82 72 84 68 91
91 100 132 144 204 227
0 73 0 96 182 364
238 257 337 361 682 728
54 63 168 180 0 22
73 82 84 96 68 91
73 82 96 108 91 113
266 275 229 241 0 22
147 165 48 72 91 136
36 54 168 193 91 136
73 91 48 72 45 91
220 238 289 313 500 546
73 110 337 386 0 91
36 73 96 144 273 364
0 18 265 289 0 45
220 238 144 168 273 318
165 174 289 301 91 113
220 238 144 168 45 91
128 147 361 386 45 91
229 238 217 229 0 22
0 36 96 144 91 182
238 257 144 168 0 45
257 294 96 144 455 546
73 91 48 72 91 136
0 36 96 144 273 364
100 110 72 84 0 22
73 91 217 241 318 364
91 100 217 229 68 91
220 229 337 349 68 91
73 82 96 108 182 204
238 257 361 386 227 273
183 192 349 361 68 91
73 91 217 241 227 273
165 174 241 253 45 68
220 229 289 301 227 250
110 128 361 386 91 136
54 63 205 217 68 91
257 294 241 289 455 546
63 73 277 289 91 113
91 100 108 120 45 68
91 95 84 90 56 68
220 257 96 144 273 364
238 247 229 241 68 91
229 238 373 386 0 22
36 54 168 193 136 182
36 54 241 265 182 227
238 247 301 313 227 250
220 229 253 265 182 204
54 63 277 289 182 204
100 110 72 84 45 68
165 183 337 361 91 136
54 63 277 289 113 136
147 156 156 168 182 204
257 266 229 241 136 159
36 54 217 241 0 45
36 54 217 241 136 182
110 128 289 313 0 45
220 257 96 144 455 546
183 201 361 386 409 455
147 156 168 180 159 182
0 36 241 289 273 364
220 229 217 229 182 204
257 294 337 386 273 364
82 91 72 84 68 91
201 210 325 337 45 68
0 36 144 193 91 182
100 110 72 84 22 45
0 73 0 96 0 182
257 294 337 386 637 728
36 54 144 168 91 136
220 238 144 168 318 364
73 110 337 386 273 364
36 73 96 144 0 91
220 257 96 144 182 273
91 110 48 72 136 182
201 210 217 229 227 250
63 73 277 289 45 68
54 63 277 289 68 91
73 110 289 337 91 182
128 137 277 289 0 22
0 36 193 241 91 182
110 128 313 337 45 91
91 110 48 72 91 136
220 229 373 386 91 113
229 238 337 349 68 91
257 294 96 144 637 728
0 36 144 193 182 273
210 220 144 156 45 68
284 294 168 180 45 68
229 238 217 229 182 204
257 294 337 386 0 91
220 238 265 289 591 637
128 147 361 386 136 182
91 110 168 193 409 455
73 82 108 120 204 227
210 220 144 156 113 136
165 183 96 120 455 500
183 201 361 386 182 227
165 183 361 386 0 45
73 91 48 72 0 45
91 100 180 193 0 22
63 73 277 289 113 136
284 294 229 241 136 159
110 128 337 361 91 136
91 100 180 193 68 91
91 110 96 120 637 682
73 82 132 144 0 22
54 63 277 289 91 113
229 238 373 386 22 45
36 54 217 241 91 136
36 54 241 265 227 273
238 257 361 386 91 136
63 73 168 180 0 22
192 201 229 241 0 22
73 110 289 337 182 273
0 36 96 144 0 91
147 165 193 217 682 728
183 201 361 386 0 45
220 257 96 144 637 728
183 201 361 386 136 182
183 192 193 205 182 204
147 156 349 361 45 68
238 247 229 241 136 159
128 147 48 72 45 91
0 73 289 386 364 546
36 54 217 241 45 91
165 174 265 277 136 159
220 294 0 96 364 546
110 128 48 72 136 182
147 156 325 337 113 136
247 257 241 253 68 91
238 257 144 168 182 227
147 165 241 265 591 637
257 294 96 144 0 91
54 73 241 265 318 364
247 257 301 313 136 159
36 54 144 168 0 45
210 220 193 205 409 432
257 266 229 241 159 182
210 220 144 156 22 45
63 73 277 289 68 91
284 294 168 180 227 250
192 201 217 229 250 273
220 229 277 289 68 91
91 100 72 84 45 68
36 54 168 193 45 91
73 82 205 217 159 182
73 82 96 108 0 22
82 91 72 84 45 68
147 165 361 386 45 91
73 91 217 241 409 455
73 91 217 241 91 136
128 147 96 120 409 455
147 156 144 156 182 204
73 82 96 108 113 136
201 220 144 168 682 728
201 210 217 229 250 273
238 247 229 241 45 68
110 128 313 337 0 45
54 73 217 241 136 182
201 220 361 386 364 409
220 294 0 96 182 364
54 63 277 289 204 227
220 229 373 386 0 22
147 165 361 386 136 182
0 73 0 96 546 728
63 73 277 289 22 45
220 229 265 277 68 91
257 294 96 144 364 455
100 110 84 96 68 91
36 54 144 168 136 182
100 110 180 193 68 91
156 165 325 337 91 113
73 82 96 108 136 159
165 183 361 386 136 182
73 82 168 180 159 182
36 54 193 217 91 136
210 220 193 205 432 455
0 36 193 241 273 364
147 165 337 361 136 182
238 257 144 168 273 318
128 147 361 386 91 136
238 257 361 386 182 227
54 63 205 217 45 68
220 238 144 168 182 227
257 266 217 229 0 22
147 156 108 120 0 22
36 73 96 144 182 273
229 238 168 180 182 204
284 294 168 180 113 136
229 238 325 337 0 22
266 275 217 229 0 22
73 82 108 120 0 22
91 110 120 144 409 455
54 73 217 241 91 136
73 110 0 48 91 182
284 294 168 180 68 91
36 54 241 265 273 318
100 110 205 217 91 113
18 36 241 265 45 91
82 91 205 217 159 182
165 174 265 277 159 182
73 82 132 144 136 159
220 238 144 168 91 136
284 294 168 180 91 113
220 238 289 313 637 682
63 73 277 289 182 204
165 183 168 193 682 728
91 110 217 241 227 273
183 192 301 313 159 182
147 156 72 84 68 91
110 128 193 217 591 637
36 54 241 265 0 45
91 110 168 193 591 637
54 73 144 168 136 182
257 294 289 337 455 546
0 36 96 144 182 273
220 229 373 386 22 45
165 174 289 301 0 22
36 54 193 217 0 45
183 201 361 386 591 637
54 63 277 289 22 45
165 183 48 72 136 182
229 238 373 386 113 136
257 294 337 386 182 273
0 36 144 193 273 364
257 266 229 241 22 45
247 257 277 289 22 45
63 73 205 217 45 68
73 91 48 72 136 182
257 294 96 144 182 273
91 110 48 72 45 91
110 119 217 229 159 182
210 220 144 156 68 91
91 100 72 84 0 22
110 128 361 386 45 91
165 183 361 386 45 91
73 110 337 386 91 182
257 294 337 386 546 637
91 100 108 120 0 22
119 128 48 60 45 68
247 257 193 205 0 22
147 183 0 48 91 182
229 238 373 386 45 68
257 294 337 386 364 455
110 128 193 217 682 728
201 220 313 337 364 409
183 192 301 313 113 136
220 257 96 144 364 455
210 220 144 156 159 182
284 294 180 193 113 136
73 82 144 156 113 136
91 100 72 84 22 45
201 220 265 289 546 591
220 238 193 217 682 728
238 257 144 168 318 364
36 54 241 265 318 364
201 210 144 156 0 22
110 128 193 217 455 500
110 128 361 386 136 182
36 54 193 217 136 182
183 192 193 205 500 523
73 91 217 241 364 409
73 82 168 180 0 22
165 183 120 144 500 546
73 91 217 241 182 227
73 82 277 289 45 68
137 147 132 144 0 22
165 183 48 72 91 136
128 147 361 386 0 45
220 238 217 241 364 409
165 174 241 253 0 22
63 73 277 289 204 227
156 165 325 337 113 136
73 110 289 337 273 364
183 220 0 48 91 182
73 91 241 265 136 182
119 128 205 217 0 22
220 229 325 337 0 22
201 220 120 144 0 45
137 147 277 289 0 22
165 183 96 120 182 227
257 294 96 144 273 364
220 257 96 144 0 91
110 128 289 313 45 91
220 294 0 96 0 182
110 128 337 361 45 91
220 257 96 144 91 182
229 238 373 386 91 113
73 110 337 386 182 273
257 294 96 144 546 637
0 18 241 265 45 91
147 156 132 144 68 91
73 91 144 168 409 455
257 294 337 386 455 546
201 220 144 168 318 364
156 165 325 337 68 91
210 220 144 156 136 159
165 183 361 386 91 136
147 165 361 386 91 136
238 247 205 217 227 250
91 100 72 84 68 91
0 18 241 265 0 45
183 201 289 313 546 591
73 82 277 289 68 91
192 201 205 217 182 204
voxsize: 294x386x728 size:315.156372MB
voxBW: 2 1
Decomp size:4096
Initialization time: 0.03732
compute: 0.033494 seconds
evaluations: 828825
time: 0.118901 seconds
