hostname : cph-gpu3.uncc.edu
bounding: [1053872.965;1068485.726]x[860186.8419;879395.9741]x[3;730]
read 11056 observations
res: 50 50 1 bw: 2500 2500 1
128 224 64 192 0 728
224 294 0 386 0 728
128 224 192 256 0 728
0 128 0 192 0 672
128 224 256 386 0 728
0 128 192 386 0 480
0 128 192 386 480 728
128 224 0 64 0 728
0 128 0 192 672 728
voxsize: 294x386x728 size:315.156372MB
voxBW: 50 1
Decomp size:9
Initialization time: 0.033263
compute: 0.260622 seconds
evaluations: 328636729
time: 0.294995 seconds
