hostname : cph-c54.uncc.edu
bounding: [1053872.965;1068485.726]x[860186.8419;879395.9741]x[3;730]
read 11056 observations
res: 100 100 1 bw: 2500 2500 1
0 64 64 96 64 160
64 96 0 96 64 128
64 96 128 194 64 192
128 148 0 194 0 160
64 96 0 96 128 256
96 128 0 96 0 160
0 64 96 194 64 128
64 96 96 128 128 256
0 64 96 194 224 728
96 128 0 96 160 728
0 64 96 194 0 64
0 64 0 64 0 96
96 128 96 128 0 96
96 128 96 128 224 728
64 96 0 96 256 728
0 64 0 64 96 728
64 96 128 194 192 728
96 128 128 194 0 64
128 148 0 194 160 728
0 64 64 96 160 728
64 96 96 128 256 728
96 128 96 128 96 224
64 96 0 96 32 64
96 128 128 194 256 728
0 64 64 96 0 64
64 96 96 128 0 64
64 96 96 128 64 128
64 96 128 194 0 64
96 128 128 194 128 256
0 64 96 194 128 224
96 128 128 194 64 128
64 96 0 96 0 32
voxsize: 148x194x728 size:79.736084MB
voxBW: 25 1
Decomp size:32
Initialization time: 0.009839
compute: 0.038391 seconds
evaluations: 83992257
time: 0.049282 seconds
