hostname : cph-c54.uncc.edu
bounding: [1053872.965;1068485.726]x[860186.8419;879395.9741]x[3;730]
read 11056 observations
res: 100 100 1 bw: 2500 2500 1
0 96 0 64 0 256
32 96 128 160 0 384
64 96 96 128 0 256
96 128 96 128 0 512
0 64 96 128 0 728
0 64 64 96 0 256
64 96 64 96 0 256
96 148 128 160 0 384
96 128 0 96 0 728
32 148 160 194 0 384
0 96 0 96 256 728
128 148 0 128 0 728
32 148 128 194 384 728
64 96 96 128 256 728
96 128 96 128 512 728
0 32 128 194 0 728
voxsize: 148x194x728 size:79.736084MB
voxBW: 25 1
Decomp size:16
Initialization time: 0.009977
compute: 0.050753 seconds
evaluations: 83992257
time: 0.061963 seconds
