hostname : cph-gpu3.uncc.edu
bounding: [1053872.965;1068485.726]x[860186.8419;879395.9741]x[3;730]
read 11056 observations
res: 50 50 1 bw: 2500 2500 1
160 224 192 224 0 728
160 256 96 160 0 728
0 96 192 386 0 704
96 160 256 352 0 728
224 256 160 256 0 728
160 256 256 288 0 448
128 160 192 256 0 728
160 224 224 256 0 728
160 294 320 386 0 384
96 160 160 192 0 728
0 160 96 128 0 728
160 224 160 192 0 728
0 294 0 96 0 728
256 294 96 288 0 728
96 160 128 160 0 728
0 96 128 192 0 728
160 294 288 320 0 384
96 128 192 256 0 728
160 294 288 386 384 704
160 256 256 288 448 728
96 160 352 386 0 728
160 294 288 386 704 728
0 96 192 386 704 728
voxsize: 294x386x728 size:315.156372MB
voxBW: 50 1
Decomp size:23
Initialization time: 0.035749
compute: 0.112906 seconds
evaluations: 328636729
time: 0.149808 seconds
