hostname : cph-gpu2.uncc.edu
bounding: [1053872.965;1068485.726]x[860186.8419;879395.9741]x[3;730]
read 11056 observations
res: 50 50 1 bw: 100 100 1
96 192 128 224 128 256
128 256 320 386 0 512
128 256 288 320 0 512
0 256 128 386 512 728
0 294 0 128 0 128
96 192 128 224 64 128
192 256 128 224 0 256
96 192 128 224 0 64
128 192 224 288 0 192
0 96 128 224 0 512
96 256 128 224 256 512
0 128 224 386 0 512
192 256 224 288 0 192
128 256 224 288 192 512
256 294 128 386 0 728
0 294 0 128 128 728
voxsize: 294x386x728 size:315.156372MB
voxBW: 2 1
Decomp size:16
Initialization time: 0.037175
compute: 0.001431 seconds
evaluations: 828825
time: 0.039389 seconds
