hostname : cph-c54.uncc.edu
bounding: [1053872.965;1068485.726]x[860186.8419;879395.9741]x[3;730]
read 11056 observations
res: 100 100 1 bw: 2500 2500 1
74 148 97 194 364 728
111 148 97 145 0 182
74 111 145 194 0 182
74 111 97 145 182 364
111 148 145 194 0 182
74 111 48 97 182 364
74 148 0 97 364 728
37 74 97 145 182 364
37 74 48 97 182 364
0 37 48 97 0 182
111 148 48 97 0 182
111 148 97 145 182 364
0 74 0 97 364 728
37 74 0 48 0 182
0 74 97 194 364 728
55 74 72 97 0 91
74 92 97 121 0 91
74 92 72 97 0 91
0 37 97 145 0 182
55 74 97 121 0 91
55 74 48 72 0 91
92 111 97 121 0 91
37 74 145 194 0 182
92 111 121 145 0 91
74 111 145 194 182 364
37 55 72 97 0 91
74 92 121 145 0 91
74 92 97 121 91 182
92 111 72 97 0 91
55 74 72 97 91 182
92 111 97 121 91 182
37 55 48 72 0 91
55 74 97 121 91 182
111 148 48 97 182 364
74 92 72 97 91 182
37 55 97 121 0 91
55 74 121 145 0 91
74 92 48 72 0 91
92 111 121 145 91 182
111 148 145 194 182 364
74 92 121 145 91 182
92 111 72 97 91 182
55 74 48 72 91 182
37 55 72 97 91 182
55 74 121 145 91 182
74 111 0 48 0 182
37 55 97 121 91 182
37 55 48 72 91 182
37 55 121 145 0 91
74 92 48 72 91 182
0 37 0 48 0 182
92 111 48 72 0 91
0 37 48 97 182 364
37 74 145 194 182 364
0 37 97 145 182 364
37 74 0 48 182 364
37 55 121 145 91 182
92 111 48 72 91 182
0 37 145 194 0 182
74 111 0 48 182 364
0 37 0 48 182 364
0 37 145 194 182 364
111 148 0 48 0 182
111 148 0 48 182 364
voxsize: 148x194x728 size:79.736084MB
voxBW: 25 1
Decomp size:64
Initialization time: 0.009342
compute: 0.036216 seconds
evaluations: 83992257
time: 0.059193 seconds
