hostname : cph-gpu4.uncc.edu
bounding: [1053872.965;1068485.726]x[860186.8419;879395.9741]x[3;730]
read 11056 observations
res: 50 50 1 bw: 2500 2500 14
0 19 0 25 0 182
0 19 0 25 182 364
0 19 0 25 364 546
0 19 0 25 546 728
0 19 25 49 0 182
0 19 25 49 182 364
0 19 25 49 364 546
0 19 25 49 546 728
0 19 49 73 0 182
0 19 49 73 182 364
0 19 49 73 364 546
0 19 49 73 546 728
0 19 73 97 0 182
0 19 73 97 182 364
0 19 73 97 364 546
0 19 73 97 546 728
0 19 97 121 0 182
0 19 97 121 182 364
0 19 97 121 364 546
0 19 97 121 546 728
0 19 121 145 0 182
0 19 121 145 182 364
0 19 121 145 364 546
0 19 121 145 546 728
0 19 145 169 0 182
0 19 145 169 182 364
0 19 145 169 364 546
0 19 145 169 546 728
0 19 169 193 0 182
0 19 169 193 182 364
0 19 169 193 364 546
0 19 169 193 546 728
0 19 193 217 0 182
0 19 193 217 182 364
0 19 193 217 364 546
0 19 193 217 546 728
0 19 217 241 0 182
0 19 217 241 182 364
0 19 217 241 364 546
0 19 217 241 546 728
0 19 241 265 0 182
0 19 241 265 182 364
0 19 241 265 364 546
0 19 241 265 546 728
0 19 265 289 0 182
0 19 265 289 182 364
0 19 265 289 364 546
0 19 265 289 546 728
0 19 289 313 0 182
0 19 289 313 182 364
0 19 289 313 364 546
0 19 289 313 546 728
0 19 313 337 0 182
0 19 313 337 182 364
0 19 313 337 364 546
0 19 313 337 546 728
0 19 337 361 0 182
0 19 337 361 182 364
0 19 337 361 364 546
0 19 337 361 546 728
0 19 361 386 0 182
0 19 361 386 182 364
0 19 361 386 364 546
0 19 361 386 546 728
19 37 0 25 0 182
19 37 0 25 182 364
19 37 0 25 364 546
19 37 0 25 546 728
19 37 25 49 0 182
19 37 25 49 182 364
19 37 25 49 364 546
19 37 25 49 546 728
19 37 49 73 0 182
19 37 49 73 182 364
19 37 49 73 364 546
19 37 49 73 546 728
19 37 73 97 0 182
19 37 73 97 182 364
19 37 73 97 364 546
19 37 73 97 546 728
19 37 97 121 0 182
19 37 97 121 182 364
19 37 97 121 364 546
19 37 97 121 546 728
19 37 121 145 0 182
19 37 121 145 182 364
19 37 121 145 364 546
19 37 121 145 546 728
19 37 145 169 0 182
19 37 145 169 182 364
19 37 145 169 364 546
19 37 145 169 546 728
19 37 169 193 0 182
19 37 169 193 182 364
19 37 169 193 364 546
19 37 169 193 546 728
19 37 193 217 0 182
19 37 193 217 182 364
19 37 193 217 364 546
19 37 193 217 546 728
19 37 217 241 0 182
19 37 217 241 182 364
19 37 217 241 364 546
19 37 217 241 546 728
19 37 241 265 0 182
19 37 241 265 182 364
19 37 241 265 364 546
19 37 241 265 546 728
19 37 265 289 0 182
19 37 265 289 182 364
19 37 265 289 364 546
19 37 265 289 546 728
19 37 289 313 0 182
19 37 289 313 182 364
19 37 289 313 364 546
19 37 289 313 546 728
19 37 313 337 0 182
19 37 313 337 182 364
19 37 313 337 364 546
19 37 313 337 546 728
19 37 337 361 0 182
19 37 337 361 182 364
19 37 337 361 364 546
19 37 337 361 546 728
19 37 361 386 0 182
19 37 361 386 182 364
19 37 361 386 364 546
19 37 361 386 546 728
37 55 0 25 0 182
37 55 0 25 182 364
37 55 0 25 364 546
37 55 0 25 546 728
37 55 25 49 0 182
37 55 25 49 182 364
37 55 25 49 364 546
37 55 25 49 546 728
37 55 49 73 0 182
37 55 49 73 182 364
37 55 49 73 364 546
37 55 49 73 546 728
37 55 73 97 0 182
37 55 73 97 182 364
37 55 73 97 364 546
37 55 73 97 546 728
37 55 97 121 0 182
37 55 97 121 182 364
37 55 97 121 364 546
37 55 97 121 546 728
37 55 121 145 0 182
37 55 121 145 182 364
37 55 121 145 364 546
37 55 121 145 546 728
37 55 145 169 0 182
37 55 145 169 182 364
37 55 145 169 364 546
37 55 145 169 546 728
37 55 169 193 0 182
37 55 169 193 182 364
37 55 169 193 364 546
37 55 169 193 546 728
37 55 193 217 0 182
37 55 193 217 182 364
37 55 193 217 364 546
37 55 193 217 546 728
37 55 217 241 0 182
37 55 217 241 182 364
37 55 217 241 364 546
37 55 217 241 546 728
37 55 241 265 0 182
37 55 241 265 182 364
37 55 241 265 364 546
37 55 241 265 546 728
37 55 265 289 0 182
37 55 265 289 182 364
37 55 265 289 364 546
37 55 265 289 546 728
37 55 289 313 0 182
37 55 289 313 182 364
37 55 289 313 364 546
37 55 289 313 546 728
37 55 313 337 0 182
37 55 313 337 182 364
37 55 313 337 364 546
37 55 313 337 546 728
37 55 337 361 0 182
37 55 337 361 182 364
37 55 337 361 364 546
37 55 337 361 546 728
37 55 361 386 0 182
37 55 361 386 182 364
37 55 361 386 364 546
37 55 361 386 546 728
55 74 0 25 0 182
55 74 0 25 182 364
55 74 0 25 364 546
55 74 0 25 546 728
55 74 25 49 0 182
55 74 25 49 182 364
55 74 25 49 364 546
55 74 25 49 546 728
55 74 49 73 0 182
55 74 49 73 182 364
55 74 49 73 364 546
55 74 49 73 546 728
55 74 73 97 0 182
55 74 73 97 182 364
55 74 73 97 364 546
55 74 73 97 546 728
55 74 97 121 0 182
55 74 97 121 182 364
55 74 97 121 364 546
55 74 97 121 546 728
55 74 121 145 0 182
55 74 121 145 182 364
55 74 121 145 364 546
55 74 121 145 546 728
55 74 145 169 0 182
55 74 145 169 182 364
55 74 145 169 364 546
55 74 145 169 546 728
55 74 169 193 0 182
55 74 169 193 182 364
55 74 169 193 364 546
55 74 169 193 546 728
55 74 193 217 0 182
55 74 193 217 182 364
55 74 193 217 364 546
55 74 193 217 546 728
55 74 217 241 0 182
55 74 217 241 182 364
55 74 217 241 364 546
55 74 217 241 546 728
55 74 241 265 0 182
55 74 241 265 182 364
55 74 241 265 364 546
55 74 241 265 546 728
55 74 265 289 0 182
55 74 265 289 182 364
55 74 265 289 364 546
55 74 265 289 546 728
55 74 289 313 0 182
55 74 289 313 182 364
55 74 289 313 364 546
55 74 289 313 546 728
55 74 313 337 0 182
55 74 313 337 182 364
55 74 313 337 364 546
55 74 313 337 546 728
55 74 337 361 0 182
55 74 337 361 182 364
55 74 337 361 364 546
55 74 337 361 546 728
55 74 361 386 0 182
55 74 361 386 182 364
55 74 361 386 364 546
55 74 361 386 546 728
74 92 0 25 0 182
74 92 0 25 182 364
74 92 0 25 364 546
74 92 0 25 546 728
74 92 25 49 0 182
74 92 25 49 182 364
74 92 25 49 364 546
74 92 25 49 546 728
74 92 49 73 0 182
74 92 49 73 182 364
74 92 49 73 364 546
74 92 49 73 546 728
74 92 73 97 0 182
74 92 73 97 182 364
74 92 73 97 364 546
74 92 73 97 546 728
74 92 97 121 0 182
74 92 97 121 182 364
74 92 97 121 364 546
74 92 97 121 546 728
74 92 121 145 0 182
74 92 121 145 182 364
74 92 121 145 364 546
74 92 121 145 546 728
74 92 145 169 0 182
74 92 145 169 182 364
74 92 145 169 364 546
74 92 145 169 546 728
74 92 169 193 0 182
74 92 169 193 182 364
74 92 169 193 364 546
74 92 169 193 546 728
74 92 193 217 0 182
74 92 193 217 182 364
74 92 193 217 364 546
74 92 193 217 546 728
74 92 217 241 0 182
74 92 217 241 182 364
74 92 217 241 364 546
74 92 217 241 546 728
74 92 241 265 0 182
74 92 241 265 182 364
74 92 241 265 364 546
74 92 241 265 546 728
74 92 265 289 0 182
74 92 265 289 182 364
74 92 265 289 364 546
74 92 265 289 546 728
74 92 289 313 0 182
74 92 289 313 182 364
74 92 289 313 364 546
74 92 289 313 546 728
74 92 313 337 0 182
74 92 313 337 182 364
74 92 313 337 364 546
74 92 313 337 546 728
74 92 337 361 0 182
74 92 337 361 182 364
74 92 337 361 364 546
74 92 337 361 546 728
74 92 361 386 0 182
74 92 361 386 182 364
74 92 361 386 364 546
74 92 361 386 546 728
92 110 0 25 0 182
92 110 0 25 182 364
92 110 0 25 364 546
92 110 0 25 546 728
92 110 25 49 0 182
92 110 25 49 182 364
92 110 25 49 364 546
92 110 25 49 546 728
92 110 49 73 0 182
92 110 49 73 182 364
92 110 49 73 364 546
92 110 49 73 546 728
92 110 73 97 0 182
92 110 73 97 182 364
92 110 73 97 364 546
92 110 73 97 546 728
92 110 97 121 0 182
92 110 97 121 182 364
92 110 97 121 364 546
92 110 97 121 546 728
92 110 121 145 0 182
92 110 121 145 182 364
92 110 121 145 364 546
92 110 121 145 546 728
92 110 145 169 0 182
92 110 145 169 182 364
92 110 145 169 364 546
92 110 145 169 546 728
92 110 169 193 0 182
92 110 169 193 182 364
92 110 169 193 364 546
92 110 169 193 546 728
92 110 193 217 0 182
92 110 193 217 182 364
92 110 193 217 364 546
92 110 193 217 546 728
92 110 217 241 0 182
92 110 217 241 182 364
92 110 217 241 364 546
92 110 217 241 546 728
92 110 241 265 0 182
92 110 241 265 182 364
92 110 241 265 364 546
92 110 241 265 546 728
92 110 265 289 0 182
92 110 265 289 182 364
92 110 265 289 364 546
92 110 265 289 546 728
92 110 289 313 0 182
92 110 289 313 182 364
92 110 289 313 364 546
92 110 289 313 546 728
92 110 313 337 0 182
92 110 313 337 182 364
92 110 313 337 364 546
92 110 313 337 546 728
92 110 337 361 0 182
92 110 337 361 182 364
92 110 337 361 364 546
92 110 337 361 546 728
92 110 361 386 0 182
92 110 361 386 182 364
92 110 361 386 364 546
92 110 361 386 546 728
110 128 0 25 0 182
110 128 0 25 182 364
110 128 0 25 364 546
110 128 0 25 546 728
110 128 25 49 0 182
110 128 25 49 182 364
110 128 25 49 364 546
110 128 25 49 546 728
110 128 49 73 0 182
110 128 49 73 182 364
110 128 49 73 364 546
110 128 49 73 546 728
110 128 73 97 0 182
110 128 73 97 182 364
110 128 73 97 364 546
110 128 73 97 546 728
110 128 97 121 0 182
110 128 97 121 182 364
110 128 97 121 364 546
110 128 97 121 546 728
110 128 121 145 0 182
110 128 121 145 182 364
110 128 121 145 364 546
110 128 121 145 546 728
110 128 145 169 0 182
110 128 145 169 182 364
110 128 145 169 364 546
110 128 145 169 546 728
110 128 169 193 0 182
110 128 169 193 182 364
110 128 169 193 364 546
110 128 169 193 546 728
110 128 193 217 0 182
110 128 193 217 182 364
110 128 193 217 364 546
110 128 193 217 546 728
110 128 217 241 0 182
110 128 217 241 182 364
110 128 217 241 364 546
110 128 217 241 546 728
110 128 241 265 0 182
110 128 241 265 182 364
110 128 241 265 364 546
110 128 241 265 546 728
110 128 265 289 0 182
110 128 265 289 182 364
110 128 265 289 364 546
110 128 265 289 546 728
110 128 289 313 0 182
110 128 289 313 182 364
110 128 289 313 364 546
110 128 289 313 546 728
110 128 313 337 0 182
110 128 313 337 182 364
110 128 313 337 364 546
110 128 313 337 546 728
110 128 337 361 0 182
110 128 337 361 182 364
110 128 337 361 364 546
110 128 337 361 546 728
110 128 361 386 0 182
110 128 361 386 182 364
110 128 361 386 364 546
110 128 361 386 546 728
128 147 0 25 0 182
128 147 0 25 182 364
128 147 0 25 364 546
128 147 0 25 546 728
128 147 25 49 0 182
128 147 25 49 182 364
128 147 25 49 364 546
128 147 25 49 546 728
128 147 49 73 0 182
128 147 49 73 182 364
128 147 49 73 364 546
128 147 49 73 546 728
128 147 73 97 0 182
128 147 73 97 182 364
128 147 73 97 364 546
128 147 73 97 546 728
128 147 97 121 0 182
128 147 97 121 182 364
128 147 97 121 364 546
128 147 97 121 546 728
128 147 121 145 0 182
128 147 121 145 182 364
128 147 121 145 364 546
128 147 121 145 546 728
128 147 145 169 0 182
128 147 145 169 182 364
128 147 145 169 364 546
128 147 145 169 546 728
128 147 169 193 0 182
128 147 169 193 182 364
128 147 169 193 364 546
128 147 169 193 546 728
128 147 193 217 0 182
128 147 193 217 182 364
128 147 193 217 364 546
128 147 193 217 546 728
128 147 217 241 0 182
128 147 217 241 182 364
128 147 217 241 364 546
128 147 217 241 546 728
128 147 241 265 0 182
128 147 241 265 182 364
128 147 241 265 364 546
128 147 241 265 546 728
128 147 265 289 0 182
128 147 265 289 182 364
128 147 265 289 364 546
128 147 265 289 546 728
128 147 289 313 0 182
128 147 289 313 182 364
128 147 289 313 364 546
128 147 289 313 546 728
128 147 313 337 0 182
128 147 313 337 182 364
128 147 313 337 364 546
128 147 313 337 546 728
128 147 337 361 0 182
128 147 337 361 182 364
128 147 337 361 364 546
128 147 337 361 546 728
128 147 361 386 0 182
128 147 361 386 182 364
128 147 361 386 364 546
128 147 361 386 546 728
147 165 0 25 0 182
147 165 0 25 182 364
147 165 0 25 364 546
147 165 0 25 546 728
147 165 25 49 0 182
147 165 25 49 182 364
147 165 25 49 364 546
147 165 25 49 546 728
147 165 49 73 0 182
147 165 49 73 182 364
147 165 49 73 364 546
147 165 49 73 546 728
147 165 73 97 0 182
147 165 73 97 182 364
147 165 73 97 364 546
147 165 73 97 546 728
147 165 97 121 0 182
147 165 97 121 182 364
147 165 97 121 364 546
147 165 97 121 546 728
147 165 121 145 0 182
147 165 121 145 182 364
147 165 121 145 364 546
147 165 121 145 546 728
147 165 145 169 0 182
147 165 145 169 182 364
147 165 145 169 364 546
147 165 145 169 546 728
147 165 169 193 0 182
147 165 169 193 182 364
147 165 169 193 364 546
147 165 169 193 546 728
147 165 193 217 0 182
147 165 193 217 182 364
147 165 193 217 364 546
147 165 193 217 546 728
147 165 217 241 0 182
147 165 217 241 182 364
147 165 217 241 364 546
147 165 217 241 546 728
147 165 241 265 0 182
147 165 241 265 182 364
147 165 241 265 364 546
147 165 241 265 546 728
147 165 265 289 0 182
147 165 265 289 182 364
147 165 265 289 364 546
147 165 265 289 546 728
147 165 289 313 0 182
147 165 289 313 182 364
147 165 289 313 364 546
147 165 289 313 546 728
147 165 313 337 0 182
147 165 313 337 182 364
147 165 313 337 364 546
147 165 313 337 546 728
147 165 337 361 0 182
147 165 337 361 182 364
147 165 337 361 364 546
147 165 337 361 546 728
147 165 361 386 0 182
147 165 361 386 182 364
147 165 361 386 364 546
147 165 361 386 546 728
165 183 0 25 0 182
165 183 0 25 182 364
165 183 0 25 364 546
165 183 0 25 546 728
165 183 25 49 0 182
165 183 25 49 182 364
165 183 25 49 364 546
165 183 25 49 546 728
165 183 49 73 0 182
165 183 49 73 182 364
165 183 49 73 364 546
165 183 49 73 546 728
165 183 73 97 0 182
165 183 73 97 182 364
165 183 73 97 364 546
165 183 73 97 546 728
165 183 97 121 0 182
165 183 97 121 182 364
165 183 97 121 364 546
165 183 97 121 546 728
165 183 121 145 0 182
165 183 121 145 182 364
165 183 121 145 364 546
165 183 121 145 546 728
165 183 145 169 0 182
165 183 145 169 182 364
165 183 145 169 364 546
165 183 145 169 546 728
165 183 169 193 0 182
165 183 169 193 182 364
165 183 169 193 364 546
165 183 169 193 546 728
165 183 193 217 0 182
165 183 193 217 182 364
165 183 193 217 364 546
165 183 193 217 546 728
165 183 217 241 0 182
165 183 217 241 182 364
165 183 217 241 364 546
165 183 217 241 546 728
165 183 241 265 0 182
165 183 241 265 182 364
165 183 241 265 364 546
165 183 241 265 546 728
165 183 265 289 0 182
165 183 265 289 182 364
165 183 265 289 364 546
165 183 265 289 546 728
165 183 289 313 0 182
165 183 289 313 182 364
165 183 289 313 364 546
165 183 289 313 546 728
165 183 313 337 0 182
165 183 313 337 182 364
165 183 313 337 364 546
165 183 313 337 546 728
165 183 337 361 0 182
165 183 337 361 182 364
165 183 337 361 364 546
165 183 337 361 546 728
165 183 361 386 0 182
165 183 361 386 182 364
165 183 361 386 364 546
165 183 361 386 546 728
183 201 0 25 0 182
183 201 0 25 182 364
183 201 0 25 364 546
183 201 0 25 546 728
183 201 25 49 0 182
183 201 25 49 182 364
183 201 25 49 364 546
183 201 25 49 546 728
183 201 49 73 0 182
183 201 49 73 182 364
183 201 49 73 364 546
183 201 49 73 546 728
183 201 73 97 0 182
183 201 73 97 182 364
183 201 73 97 364 546
183 201 73 97 546 728
183 201 97 121 0 182
183 201 97 121 182 364
183 201 97 121 364 546
183 201 97 121 546 728
183 201 121 145 0 182
183 201 121 145 182 364
183 201 121 145 364 546
183 201 121 145 546 728
183 201 145 169 0 182
183 201 145 169 182 364
183 201 145 169 364 546
183 201 145 169 546 728
183 201 169 193 0 182
183 201 169 193 182 364
183 201 169 193 364 546
183 201 169 193 546 728
183 201 193 217 0 182
183 201 193 217 182 364
183 201 193 217 364 546
183 201 193 217 546 728
183 201 217 241 0 182
183 201 217 241 182 364
183 201 217 241 364 546
183 201 217 241 546 728
183 201 241 265 0 182
183 201 241 265 182 364
183 201 241 265 364 546
183 201 241 265 546 728
183 201 265 289 0 182
183 201 265 289 182 364
183 201 265 289 364 546
183 201 265 289 546 728
183 201 289 313 0 182
183 201 289 313 182 364
183 201 289 313 364 546
183 201 289 313 546 728
183 201 313 337 0 182
183 201 313 337 182 364
183 201 313 337 364 546
183 201 313 337 546 728
183 201 337 361 0 182
183 201 337 361 182 364
183 201 337 361 364 546
183 201 337 361 546 728
183 201 361 386 0 182
183 201 361 386 182 364
183 201 361 386 364 546
183 201 361 386 546 728
201 220 0 25 0 182
201 220 0 25 182 364
201 220 0 25 364 546
201 220 0 25 546 728
201 220 25 49 0 182
201 220 25 49 182 364
201 220 25 49 364 546
201 220 25 49 546 728
201 220 49 73 0 182
201 220 49 73 182 364
201 220 49 73 364 546
201 220 49 73 546 728
201 220 73 97 0 182
201 220 73 97 182 364
201 220 73 97 364 546
201 220 73 97 546 728
201 220 97 121 0 182
201 220 97 121 182 364
201 220 97 121 364 546
201 220 97 121 546 728
201 220 121 145 0 182
201 220 121 145 182 364
201 220 121 145 364 546
201 220 121 145 546 728
201 220 145 169 0 182
201 220 145 169 182 364
201 220 145 169 364 546
201 220 145 169 546 728
201 220 169 193 0 182
201 220 169 193 182 364
201 220 169 193 364 546
201 220 169 193 546 728
201 220 193 217 0 182
201 220 193 217 182 364
201 220 193 217 364 546
201 220 193 217 546 728
201 220 217 241 0 182
201 220 217 241 182 364
201 220 217 241 364 546
201 220 217 241 546 728
201 220 241 265 0 182
201 220 241 265 182 364
201 220 241 265 364 546
201 220 241 265 546 728
201 220 265 289 0 182
201 220 265 289 182 364
201 220 265 289 364 546
201 220 265 289 546 728
201 220 289 313 0 182
201 220 289 313 182 364
201 220 289 313 364 546
201 220 289 313 546 728
201 220 313 337 0 182
201 220 313 337 182 364
201 220 313 337 364 546
201 220 313 337 546 728
201 220 337 361 0 182
201 220 337 361 182 364
201 220 337 361 364 546
201 220 337 361 546 728
201 220 361 386 0 182
201 220 361 386 182 364
201 220 361 386 364 546
201 220 361 386 546 728
220 238 0 25 0 182
220 238 0 25 182 364
220 238 0 25 364 546
220 238 0 25 546 728
220 238 25 49 0 182
220 238 25 49 182 364
220 238 25 49 364 546
220 238 25 49 546 728
220 238 49 73 0 182
220 238 49 73 182 364
220 238 49 73 364 546
220 238 49 73 546 728
220 238 73 97 0 182
220 238 73 97 182 364
220 238 73 97 364 546
220 238 73 97 546 728
220 238 97 121 0 182
220 238 97 121 182 364
220 238 97 121 364 546
220 238 97 121 546 728
220 238 121 145 0 182
220 238 121 145 182 364
220 238 121 145 364 546
220 238 121 145 546 728
220 238 145 169 0 182
220 238 145 169 182 364
220 238 145 169 364 546
220 238 145 169 546 728
220 238 169 193 0 182
220 238 169 193 182 364
220 238 169 193 364 546
220 238 169 193 546 728
220 238 193 217 0 182
220 238 193 217 182 364
220 238 193 217 364 546
220 238 193 217 546 728
220 238 217 241 0 182
220 238 217 241 182 364
220 238 217 241 364 546
220 238 217 241 546 728
220 238 241 265 0 182
220 238 241 265 182 364
220 238 241 265 364 546
220 238 241 265 546 728
220 238 265 289 0 182
220 238 265 289 182 364
220 238 265 289 364 546
220 238 265 289 546 728
220 238 289 313 0 182
220 238 289 313 182 364
220 238 289 313 364 546
220 238 289 313 546 728
220 238 313 337 0 182
220 238 313 337 182 364
220 238 313 337 364 546
220 238 313 337 546 728
220 238 337 361 0 182
220 238 337 361 182 364
220 238 337 361 364 546
220 238 337 361 546 728
220 238 361 386 0 182
220 238 361 386 182 364
220 238 361 386 364 546
220 238 361 386 546 728
238 256 0 25 0 182
238 256 0 25 182 364
238 256 0 25 364 546
238 256 0 25 546 728
238 256 25 49 0 182
238 256 25 49 182 364
238 256 25 49 364 546
238 256 25 49 546 728
238 256 49 73 0 182
238 256 49 73 182 364
238 256 49 73 364 546
238 256 49 73 546 728
238 256 73 97 0 182
238 256 73 97 182 364
238 256 73 97 364 546
238 256 73 97 546 728
238 256 97 121 0 182
238 256 97 121 182 364
238 256 97 121 364 546
238 256 97 121 546 728
238 256 121 145 0 182
238 256 121 145 182 364
238 256 121 145 364 546
238 256 121 145 546 728
238 256 145 169 0 182
238 256 145 169 182 364
238 256 145 169 364 546
238 256 145 169 546 728
238 256 169 193 0 182
238 256 169 193 182 364
238 256 169 193 364 546
238 256 169 193 546 728
238 256 193 217 0 182
238 256 193 217 182 364
238 256 193 217 364 546
238 256 193 217 546 728
238 256 217 241 0 182
238 256 217 241 182 364
238 256 217 241 364 546
238 256 217 241 546 728
238 256 241 265 0 182
238 256 241 265 182 364
238 256 241 265 364 546
238 256 241 265 546 728
238 256 265 289 0 182
238 256 265 289 182 364
238 256 265 289 364 546
238 256 265 289 546 728
238 256 289 313 0 182
238 256 289 313 182 364
238 256 289 313 364 546
238 256 289 313 546 728
238 256 313 337 0 182
238 256 313 337 182 364
238 256 313 337 364 546
238 256 313 337 546 728
238 256 337 361 0 182
238 256 337 361 182 364
238 256 337 361 364 546
238 256 337 361 546 728
238 256 361 386 0 182
238 256 361 386 182 364
238 256 361 386 364 546
238 256 361 386 546 728
256 274 0 25 0 182
256 274 0 25 182 364
256 274 0 25 364 546
256 274 0 25 546 728
256 274 25 49 0 182
256 274 25 49 182 364
256 274 25 49 364 546
256 274 25 49 546 728
256 274 49 73 0 182
256 274 49 73 182 364
256 274 49 73 364 546
256 274 49 73 546 728
256 274 73 97 0 182
256 274 73 97 182 364
256 274 73 97 364 546
256 274 73 97 546 728
256 274 97 121 0 182
256 274 97 121 182 364
256 274 97 121 364 546
256 274 97 121 546 728
256 274 121 145 0 182
256 274 121 145 182 364
256 274 121 145 364 546
256 274 121 145 546 728
256 274 145 169 0 182
256 274 145 169 182 364
256 274 145 169 364 546
256 274 145 169 546 728
256 274 169 193 0 182
256 274 169 193 182 364
256 274 169 193 364 546
256 274 169 193 546 728
256 274 193 217 0 182
256 274 193 217 182 364
256 274 193 217 364 546
256 274 193 217 546 728
256 274 217 241 0 182
256 274 217 241 182 364
256 274 217 241 364 546
256 274 217 241 546 728
256 274 241 265 0 182
256 274 241 265 182 364
256 274 241 265 364 546
256 274 241 265 546 728
256 274 265 289 0 182
256 274 265 289 182 364
256 274 265 289 364 546
256 274 265 289 546 728
256 274 289 313 0 182
256 274 289 313 182 364
256 274 289 313 364 546
256 274 289 313 546 728
256 274 313 337 0 182
256 274 313 337 182 364
256 274 313 337 364 546
256 274 313 337 546 728
256 274 337 361 0 182
256 274 337 361 182 364
256 274 337 361 364 546
256 274 337 361 546 728
256 274 361 386 0 182
256 274 361 386 182 364
256 274 361 386 364 546
256 274 361 386 546 728
274 294 0 25 0 182
274 294 0 25 182 364
274 294 0 25 364 546
274 294 0 25 546 728
274 294 25 49 0 182
274 294 25 49 182 364
274 294 25 49 364 546
274 294 25 49 546 728
274 294 49 73 0 182
274 294 49 73 182 364
274 294 49 73 364 546
274 294 49 73 546 728
274 294 73 97 0 182
274 294 73 97 182 364
274 294 73 97 364 546
274 294 73 97 546 728
274 294 97 121 0 182
274 294 97 121 182 364
274 294 97 121 364 546
274 294 97 121 546 728
274 294 121 145 0 182
274 294 121 145 182 364
274 294 121 145 364 546
274 294 121 145 546 728
274 294 145 169 0 182
274 294 145 169 182 364
274 294 145 169 364 546
274 294 145 169 546 728
274 294 169 193 0 182
274 294 169 193 182 364
274 294 169 193 364 546
274 294 169 193 546 728
274 294 193 217 0 182
274 294 193 217 182 364
274 294 193 217 364 546
274 294 193 217 546 728
274 294 217 241 0 182
274 294 217 241 182 364
274 294 217 241 364 546
274 294 217 241 546 728
274 294 241 265 0 182
274 294 241 265 182 364
274 294 241 265 364 546
274 294 241 265 546 728
274 294 265 289 0 182
274 294 265 289 182 364
274 294 265 289 364 546
274 294 265 289 546 728
274 294 289 313 0 182
274 294 289 313 182 364
274 294 289 313 364 546
274 294 289 313 546 728
274 294 313 337 0 182
274 294 313 337 182 364
274 294 313 337 364 546
274 294 313 337 546 728
274 294 337 361 0 182
274 294 337 361 182 364
274 294 337 361 364 546
274 294 337 361 546 728
274 294 361 386 0 182
274 294 361 386 182 364
274 294 361 386 364 546
274 294 361 386 546 728
voxsize: 294x386x728 size:315.156372MB
voxBW: 50 14
Decomp size:1024
Initialization time: 0.033394
compute: 0.374851 seconds
evaluations: 3159635318
time: 0.420876 seconds
