hostname : cph-c53.uncc.edu
bounding: [1053872.965;1068485.726]x[860186.8419;879395.9741]x[3;730]
read 11056 observations
res: 100 100 1 bw: 500 500 7
32 64 32 96 192 480
96 148 128 160 192 728
64 96 128 160 96 352
96 128 128 160 64 192
32 64 32 64 64 192
64 96 64 96 64 128
32 64 96 128 96 480
64 96 64 96 128 256
96 128 96 128 128 256
32 64 96 128 0 96
64 96 96 128 0 64
32 128 96 128 480 728
64 128 32 64 0 288
96 148 160 194 0 128
64 96 96 128 128 192
96 128 64 96 0 192
64 96 64 96 256 728
32 64 64 96 0 64
96 148 160 194 128 728
64 96 128 160 0 96
96 148 128 160 0 64
96 128 96 128 0 64
64 96 64 96 32 64
32 64 32 64 0 64
32 64 128 160 0 352
32 64 64 96 96 192
96 128 96 128 64 128
64 96 96 128 192 288
32 96 160 194 0 728
128 148 96 128 0 192
96 128 64 96 192 728
128 148 32 128 192 728
64 96 96 128 64 96
96 128 96 128 256 480
32 64 64 96 64 96
64 96 96 128 288 480
0 32 32 194 0 728
32 96 128 160 352 728
64 96 96 128 96 128
128 148 32 96 0 192
32 64 32 96 480 728
64 96 64 96 0 32
64 128 32 64 288 728
0 148 0 32 0 728
128 148 128 160 64 192
voxsize: 148x194x728 size:79.736084MB
voxBW: 5 7
Decomp size:45
Initialization time: 0.009261
compute: 0.005127 seconds
evaluations: 20001751
time: 0.015715 seconds
