hostname : cph-gpu4.uncc.edu
bounding: [1053872.965;1068485.726]x[860186.8419;879395.9741]x[3;730]
read 11056 observations
res: 50 50 1 bw: 2500 2500 14
128 192 128 192 0 448
128 192 192 256 0 256
192 256 192 256 0 512
64 128 128 192 0 728
192 256 256 320 0 728
128 192 256 320 0 728
192 256 0 192 0 728
64 128 192 256 0 728
256 294 0 386 0 728
64 128 0 128 0 728
0 64 0 386 0 728
128 192 0 128 0 728
192 256 320 386 0 728
64 128 256 386 0 728
128 192 192 256 256 728
128 192 320 386 0 728
128 192 128 192 448 728
192 256 192 256 512 728
voxsize: 294x386x728 size:315.156372MB
voxBW: 50 14
Decomp size:18
Initialization time: 0.03388
compute: 0.715705 seconds
evaluations: 3159635318
time: 0.750503 seconds
