hostname : cph-gpu3.uncc.edu
bounding: [1053872.965;1068485.726]x[860186.8419;879395.9741]x[3;730]
read 11056 observations
res: 50 50 1 bw: 2500 2500 1
160 256 288 386 64 192
256 294 0 386 0 160
160 256 192 256 0 64
160 256 288 386 192 728
160 256 192 256 64 128
160 256 160 192 0 160
160 256 0 160 128 728
160 256 0 160 0 128
128 160 224 386 128 728
160 256 160 192 160 728
160 256 256 288 128 728
0 96 160 386 64 160
160 256 192 256 320 728
96 128 128 386 64 128
96 128 0 128 0 728
96 128 128 386 224 728
160 256 288 386 0 64
128 160 224 386 0 128
160 256 192 256 192 320
160 256 256 288 0 128
96 128 128 386 0 64
256 294 0 386 160 728
128 160 160 224 128 728
0 96 0 160 96 728
0 96 0 160 0 96
128 160 160 224 0 128
0 96 160 386 160 728
128 160 0 160 96 728
160 256 192 256 128 192
128 160 0 160 0 96
0 96 160 386 0 64
96 128 128 386 128 224
voxsize: 294x386x728 size:315.156372MB
voxBW: 50 1
Decomp size:32
Initialization time: 0.034921
compute: 0.089658 seconds
evaluations: 328636729
time: 0.125983 seconds
