hostname : cph-gpu3.uncc.edu
bounding: [1053872.965;1068485.726]x[860186.8419;879395.9741]x[3;730]
read 11056 observations
res: 50 50 1 bw: 2500 2500 1
32 96 64 386 0 480
160 224 256 386 0 728
160 224 192 256 0 728
96 160 0 160 0 728
160 224 0 192 0 728
96 160 224 386 0 728
224 294 0 256 0 728
96 160 160 224 0 728
224 294 256 386 0 728
32 96 64 386 480 728
0 32 0 386 0 728
32 96 0 64 0 728
voxsize: 294x386x728 size:315.156372MB
voxBW: 50 1
Decomp size:12
Initialization time: 0.035668
compute: 0.164531 seconds
evaluations: 328636729
time: 0.201257 seconds
