hostname : cph-gpu3.uncc.edu
bounding: [1053872.965;1068485.726]x[860186.8419;879395.9741]x[3;730]
read 11056 observations
res: 50 50 1 bw: 2500 2500 1
0 256 192 256 0 64
0 256 256 386 0 64
0 256 128 192 64 128
0 256 128 192 0 64
0 256 192 256 160 288
256 294 0 386 0 728
0 256 128 192 128 256
0 256 192 256 288 728
0 256 0 128 96 728
0 256 256 386 128 256
0 256 256 386 256 728
0 256 128 192 256 728
0 256 0 128 0 96
0 256 256 386 64 128
0 256 192 256 96 160
0 256 192 256 64 96
voxsize: 294x386x728 size:315.156372MB
voxBW: 50 1
Decomp size:16
Initialization time: 0.035187
compute: 0.094004 seconds
evaluations: 328636729
time: 0.130188 seconds
