hostname : cph-gpu2.uncc.edu
bounding: [1053872.965;1068485.726]x[860186.8419;879395.9741]x[3;730]
read 11056 observations
res: 50 50 1 bw: 100 100 1
0 128 64 386 0 480
128 256 192 256 0 728
128 294 256 386 0 384
128 256 64 192 0 672
256 294 64 256 0 192
128 294 256 386 384 704
0 128 64 386 480 728
256 294 64 256 192 448
256 294 64 256 448 728
0 294 0 64 0 728
128 256 64 192 672 728
192 294 256 386 704 728
128 192 256 386 704 728
voxsize: 294x386x728 size:315.156372MB
voxBW: 2 1
Decomp size:13
Initialization time: 0.0343
compute: 0.003071 seconds
evaluations: 828825
time: 0.038425 seconds
