hostname : cph-c53.uncc.edu
bounding: [1053872.965;1068485.726]x[860186.8419;879395.9741]x[3;730]
read 11056 observations
res: 100 100 1 bw: 500 500 7
64 96 96 128 0 256
32 148 32 64 0 728
32 64 64 96 0 728
32 64 96 194 0 728
64 96 64 96 0 256
64 96 128 194 0 728
96 128 96 128 0 256
96 148 64 96 0 728
96 128 128 160 0 256
96 128 160 194 0 728
128 148 96 128 0 728
64 96 96 128 256 728
96 128 96 128 256 728
64 96 64 96 256 728
96 128 128 160 256 728
0 32 0 194 0 728
32 148 0 32 0 728
128 148 128 160 0 256
128 148 128 160 256 728
128 148 160 194 0 256
128 148 160 194 256 512
128 148 160 194 512 728
voxsize: 148x194x728 size:79.736084MB
voxBW: 5 7
Decomp size:22
Initialization time: 0.010881
compute: 0.006668 seconds
evaluations: 20001751
time: 0.018719 seconds
