hostname : cph-gpu3.uncc.edu
bounding: [1053872.965;1068485.726]x[860186.8419;879395.9741]x[3;730]
read 11056 observations
res: 50 50 1 bw: 2500 2500 1
0 256 128 386 0 32
0 192 128 386 384 728
256 294 128 386 0 728
0 128 128 192 32 224
0 192 128 256 224 384
128 192 128 192 32 224
0 192 192 256 32 96
192 256 256 386 96 728
0 192 192 256 96 224
192 256 192 256 96 728
192 256 192 386 32 96
0 294 0 128 96 728
0 192 256 386 32 128
0 294 0 128 0 96
192 256 128 192 32 728
0 192 256 386 128 384
voxsize: 294x386x728 size:315.156372MB
voxBW: 50 1
Decomp size:16
Initialization time: 0.035814
compute: 0.102206 seconds
evaluations: 328636729
time: 0.139000 seconds
