hostname : cph-gpu1.uncc.edu
bounding: [1053872.965;1068485.726]x[860186.8419;879395.9741]x[3;730]
read 11056 observations
res: 100 100 1 bw: 250 250 1
0 64 64 96 0 704
96 128 128 194 0 192
96 128 0 128 0 192
64 96 96 128 0 192
64 96 128 194 0 728
0 64 96 194 0 256
64 96 64 96 0 192
0 64 0 64 0 728
96 128 0 128 192 728
128 148 0 194 0 728
64 96 96 128 192 728
64 96 64 96 192 640
64 96 0 64 0 256
96 128 128 194 192 384
0 64 96 194 256 728
96 128 128 194 512 728
96 128 128 194 384 512
64 96 0 64 256 728
64 96 64 96 640 728
0 64 64 96 704 728
voxsize: 148x194x728 size:79.736084MB
voxBW: 3 1
Decomp size:20
Initialization time: 0.012059
compute: 0.004903 seconds
evaluations: 1624413
time: 0.018028 seconds
