hostname : cph-gpu3.uncc.edu
bounding: [1053872.965;1068485.726]x[860186.8419;879395.9741]x[3;730]
read 11056 observations
res: 50 50 1 bw: 2500 2500 1
0 96 0 256 0 728
160 224 256 386 0 728
160 224 192 256 0 728
96 160 0 160 0 728
160 224 0 192 0 728
96 160 224 386 0 728
224 294 0 256 0 728
96 160 160 224 0 728
224 294 256 386 0 728
0 96 256 386 0 728
voxsize: 294x386x728 size:315.156372MB
voxBW: 50 1
Decomp size:10
Initialization time: 0.035892
compute: 0.16875 seconds
evaluations: 328636729
time: 0.205682 seconds
