hostname : cph-c54.uncc.edu
bounding: [1053872.965;1068485.726]x[860186.8419;879395.9741]x[3;730]
read 11056 observations
res: 100 100 1 bw: 2500 2500 1
64 96 96 128 32 192
0 64 96 128 32 384
96 148 0 96 32 384
0 96 128 194 96 384
0 96 0 64 64 384
96 148 96 128 32 192
0 148 0 194 384 544
0 96 0 96 32 64
0 148 0 194 544 728
64 96 64 96 64 384
96 148 128 194 96 384
0 64 64 96 64 384
64 148 96 128 192 384
0 148 0 128 0 32
0 96 128 194 0 96
96 148 128 194 0 96
voxsize: 148x194x728 size:79.736084MB
voxBW: 25 1
Decomp size:16
Initialization time: 0.011084
compute: 0.040444 seconds
evaluations: 83992257
time: 0.052611 seconds
