hostname : cph-gpu1.uncc.edu
bounding: [1053872.965;1068485.726]x[860186.8419;879395.9741]x[3;730]
read 11056 observations
res: 100 100 1 bw: 250 250 1
64 128 64 128 0 256
0 64 0 194 0 728
64 128 128 194 0 728
64 128 64 128 256 728
128 148 0 128 0 256
64 128 0 64 0 728
128 148 0 128 256 728
128 148 128 194 0 256
128 148 128 194 256 728
voxsize: 148x194x728 size:79.736084MB
voxBW: 3 1
Decomp size:9
Initialization time: 0.011945
compute: 0.003801 seconds
evaluations: 1624413
time: 0.022697 seconds
