hostname : cph-c53.uncc.edu
bounding: [1053872.965;1068485.726]x[860186.8419;879395.9741]x[3;730]
read 11056 observations
res: 100 100 1 bw: 500 500 7
96 128 128 194 96 224
64 128 64 194 576 728
64 148 0 64 0 728
64 96 96 194 288 576
96 128 64 96 0 256
96 128 128 194 224 576
64 96 128 194 64 192
96 128 96 160 32 64
64 96 96 194 192 288
64 96 96 160 32 64
0 64 64 128 96 160
0 64 64 128 160 352
96 128 96 194 64 96
0 64 64 128 32 64
0 64 64 128 64 96
64 128 64 96 256 576
96 128 96 128 224 576
64 128 96 160 0 32
0 64 128 194 32 352
64 96 64 96 0 64
96 128 96 128 96 224
128 148 64 194 128 728
64 96 96 128 64 128
0 64 0 194 352 728
64 96 64 96 64 128
0 64 0 64 32 96
64 96 64 96 128 256
0 64 0 64 96 352
64 96 96 128 128 192
0 64 0 194 0 32
128 148 64 194 0 128
64 128 160 194 0 64
voxsize: 148x194x728 size:79.736084MB
voxBW: 5 7
Decomp size:32
Initialization time: 0.010195
compute: 0.004735 seconds
evaluations: 20001751
time: 0.016000 seconds
