hostname : cph-gpu3.uncc.edu
bounding: [1053872.965;1068485.726]x[860186.8419;879395.9741]x[3;730]
read 11056 observations
res: 50 50 1 bw: 2500 2500 1
256 294 0 386 128 640
128 192 256 320 0 128
128 192 192 320 192 320
128 192 128 192 64 160
128 192 0 192 160 320
128 256 320 386 96 640
0 128 0 128 0 96
192 256 192 256 0 96
0 128 192 386 0 64
0 128 128 256 64 96
192 256 0 192 128 512
128 192 192 320 128 192
128 192 0 320 320 512
0 128 128 256 256 640
0 128 128 192 96 256
0 128 256 386 64 640
0 128 0 128 96 640
192 256 192 320 160 256
192 256 192 320 256 512
128 256 0 320 512 640
256 294 0 386 0 128
128 192 0 128 0 160
192 256 0 192 0 128
0 128 192 256 96 256
192 256 256 320 0 96
192 256 192 320 96 160
128 256 320 386 0 96
0 128 128 192 0 64
128 192 192 256 0 64
128 192 192 256 64 128
128 192 128 192 0 64
0 294 0 386 640 728
voxsize: 294x386x728 size:315.156372MB
voxBW: 50 1
Decomp size:32
Initialization time: 0.034227
compute: 0.091996 seconds
evaluations: 328636729
time: 0.127340 seconds
