hostname : cph-gpu2.uncc.edu
bounding: [1053872.965;1068485.726]x[860186.8419;879395.9741]x[3;730]
read 11056 observations
res: 50 50 1 bw: 100 100 1
160 224 128 224 0 256
224 294 160 288 0 728
0 160 160 224 0 256
0 160 224 288 0 728
0 160 96 160 0 256
160 224 224 288 0 728
160 224 288 386 0 728
160 224 128 224 256 728
224 294 288 386 0 512
0 160 160 224 256 728
0 160 0 96 0 728
0 160 96 160 256 728
0 160 288 386 0 728
160 224 0 128 0 728
224 294 288 386 512 728
224 294 0 160 0 728
voxsize: 294x386x728 size:315.156372MB
voxBW: 2 1
Decomp size:16
Initialization time: 0.035417
compute: 0.001808 seconds
evaluations: 828825
time: 0.038424 seconds
