hostname : cph-c54.uncc.edu
bounding: [1053872.965;1068485.726]x[860186.8419;879395.9741]x[3;730]
read 11056 observations
res: 100 100 1 bw: 2500 2500 1
0 64 0 128 160 256
0 148 160 194 128 640
64 96 64 96 32 96
32 148 128 160 96 160
96 148 96 128 32 96
0 148 160 194 32 128
32 96 64 96 96 160
64 128 0 128 160 192
64 128 96 128 192 288
0 64 0 128 256 544
64 128 96 128 288 544
32 64 0 64 32 160
0 128 128 160 256 544
96 148 64 96 32 160
0 128 0 160 544 640
0 128 128 160 160 256
64 128 0 96 192 288
32 96 128 160 32 96
32 96 96 128 32 64
64 148 0 64 32 160
32 64 64 96 32 96
0 32 0 160 32 160
32 148 96 128 96 128
64 128 0 96 288 544
0 96 0 96 0 32
96 148 128 160 32 96
32 96 96 128 64 96
32 148 96 128 128 160
96 148 0 194 0 32
0 96 96 194 0 32
128 148 0 160 160 640
0 148 0 194 640 728
voxsize: 148x194x728 size:79.736084MB
voxBW: 25 1
Decomp size:32
Initialization time: 0.009765
compute: 0.038347 seconds
evaluations: 83992257
time: 0.049310 seconds
