hostname : cph-gpu2.uncc.edu
bounding: [1053872.965;1068485.726]x[860186.8419;879395.9741]x[3;730]
read 11056 observations
res: 50 50 1 bw: 100 100 1
128 192 192 256 0 224
0 128 128 192 0 672
0 128 192 386 0 256
192 256 192 256 0 288
128 192 128 192 0 192
128 192 256 386 0 288
192 256 256 320 0 224
0 128 0 128 0 256
128 192 128 192 192 728
192 256 320 386 0 256
128 192 0 128 0 728
256 294 0 256 0 192
128 192 192 256 224 448
192 256 0 192 0 192
256 294 0 256 192 728
192 256 192 256 288 480
192 256 256 320 224 384
0 128 192 386 256 480
192 256 192 256 480 704
128 192 192 256 448 728
192 256 256 320 384 728
192 256 0 192 288 728
0 128 0 128 256 728
128 192 256 386 384 728
192 256 320 386 352 728
192 256 0 192 192 288
0 128 192 386 480 728
128 192 256 386 288 384
192 256 320 386 256 352
256 294 256 386 0 728
0 128 128 192 672 728
192 256 192 256 704 728
voxsize: 294x386x728 size:315.156372MB
voxBW: 2 1
Decomp size:32
Initialization time: 0.035608
compute: 0.001693 seconds
evaluations: 828825
time: 0.038423 seconds
