hostname : cph-c53.uncc.edu
bounding: [1053872.965;1068485.726]x[860186.8419;879395.9741]x[3;730]
read 11056 observations
res: 100 100 1 bw: 500 500 7
0 64 0 96 0 192
96 128 0 128 0 320
96 128 128 194 0 448
64 96 96 128 0 384
64 96 64 96 0 728
0 64 96 194 0 728
64 96 128 194 0 728
128 148 0 194 0 728
0 64 0 96 192 728
64 96 0 64 0 728
96 128 0 128 320 728
64 96 96 128 384 728
96 128 128 194 448 728
voxsize: 148x194x728 size:79.736084MB
voxBW: 5 7
Decomp size:13
Initialization time: 0.009132
compute: 0.007574 seconds
evaluations: 20001751
time: 0.017523 seconds
