hostname : cph-c54.uncc.edu
bounding: [1053872.965;1068485.726]x[860186.8419;879395.9741]x[3;730]
read 11056 observations
res: 100 100 1 bw: 2500 2500 1
74 148 0 97 0 364
0 74 97 194 0 364
74 111 97 145 0 182
37 74 48 97 0 182
74 148 97 194 364 728
111 148 97 145 0 182
74 111 145 194 0 182
74 111 97 145 182 364
111 148 145 194 0 182
74 148 0 97 364 728
37 74 48 97 182 364
0 37 48 97 0 182
111 148 97 145 182 364
0 74 0 97 364 728
37 74 0 48 0 182
0 74 97 194 364 728
74 111 145 194 182 364
111 148 145 194 182 364
0 37 0 48 0 182
0 37 48 97 182 364
37 74 0 48 182 364
0 37 0 48 182 364
voxsize: 148x194x728 size:79.736084MB
voxBW: 25 1
Decomp size:22
Initialization time: 0.009147
compute: 0.088512 seconds
evaluations: 83992257
time: 0.104744 seconds
