hostname : cph-gpu3.uncc.edu
bounding: [1053872.965;1068485.726]x[860186.8419;879395.9741]x[3;730]
read 11056 observations
res: 50 50 1 bw: 2500 2500 1
192 256 224 256 0 704
192 294 256 288 0 448
224 256 128 224 0 704
96 160 224 256 0 728
128 192 128 160 0 728
64 224 0 96 0 728
96 192 96 128 0 728
0 128 256 386 0 728
0 128 192 224 0 728
128 192 160 192 0 256
128 192 256 288 0 728
192 224 96 192 0 728
64 128 128 160 0 728
224 294 288 386 0 384
128 224 320 386 0 384
128 224 288 320 0 384
64 128 160 192 0 728
256 294 0 256 0 728
160 192 192 224 0 728
128 160 192 224 0 728
160 192 224 256 0 728
192 224 192 224 0 728
0 64 0 192 0 728
128 294 288 386 384 728
0 96 224 256 0 728
128 192 160 192 256 728
64 96 96 128 0 728
192 294 256 288 448 728
224 256 0 128 0 704
224 256 0 224 704 728
192 256 224 256 704 728
voxsize: 294x386x728 size:315.156372MB
voxBW: 50 1
Decomp size:31
Initialization time: 0.033252
compute: 0.106724 seconds
evaluations: 328636729
time: 0.141444 seconds
