hostname : cph-gpu4.uncc.edu
bounding: [1053872.965;1068485.726]x[860186.8419;879395.9741]x[3;730]
read 11056 observations
res: 50 50 1 bw: 2500 2500 14
160 256 160 192 128 256
256 294 0 386 256 728
160 256 192 224 64 128
160 256 160 192 256 728
32 96 192 224 0 728
160 256 192 224 0 64
32 96 128 192 128 728
32 96 96 128 0 728
160 256 0 160 0 64
96 128 192 386 128 256
128 160 224 386 128 256
160 256 0 160 128 256
96 128 192 386 64 128
160 256 224 256 0 64
160 256 288 320 64 192
32 96 256 386 0 728
160 256 320 386 0 64
256 294 0 386 128 256
160 256 224 256 64 128
96 128 192 386 0 64
160 256 256 288 128 256
160 256 192 224 192 320
32 96 224 256 0 728
160 256 0 160 64 128
160 256 192 224 320 728
96 128 96 160 128 728
160 256 0 160 256 728
160 256 256 288 0 64
128 160 96 128 0 728
160 256 288 320 192 728
128 160 224 386 0 64
128 160 160 224 128 256
256 294 0 386 64 128
32 96 128 192 64 128
128 160 224 386 256 728
128 160 224 386 64 128
256 294 0 386 0 64
160 256 256 288 256 728
32 96 0 96 0 728
96 128 192 386 256 728
128 160 160 224 64 128
160 256 160 192 0 64
160 256 256 288 64 128
160 256 224 256 320 728
128 160 160 224 0 64
160 256 160 192 64 128
160 256 224 256 192 320
160 256 320 386 256 728
128 160 160 224 256 728
96 128 0 96 0 728
160 256 192 224 128 192
160 256 288 320 0 64
32 96 128 192 0 64
96 128 160 192 0 128
128 160 128 160 0 128
160 256 320 386 64 128
96 128 96 160 0 64
96 128 96 160 64 128
160 256 224 256 128 192
160 256 320 386 128 256
128 160 0 96 0 728
128 160 128 160 128 728
96 128 160 192 128 728
0 32 0 386 0 728
voxsize: 294x386x728 size:315.156372MB
voxBW: 50 14
Decomp size:64
Initialization time: 0.034983
compute: 0.446124 seconds
evaluations: 3159635318
time: 0.482690 seconds
