hostname : cph-gpu4.uncc.edu
bounding: [1053872.965;1068485.726]x[860186.8419;879395.9741]x[3;730]
read 11056 observations
res: 50 50 1 bw: 2500 2500 14
128 288 320 352 0 728
160 224 256 288 0 728
128 224 288 320 0 728
128 192 128 160 0 728
64 294 0 96 0 728
96 192 96 128 0 728
128 160 224 288 0 728
0 128 256 352 0 728
256 294 192 320 0 728
96 128 192 256 0 728
224 256 192 256 0 728
192 224 96 192 0 728
64 128 128 160 0 728
224 294 96 192 0 728
64 128 160 192 0 728
0 96 192 256 0 728
160 192 192 224 0 728
224 256 256 320 0 728
128 160 192 224 0 728
160 192 224 256 0 728
128 160 160 192 0 728
160 192 160 192 0 728
192 224 192 224 0 728
0 64 0 192 0 728
0 294 352 386 0 728
192 224 224 256 0 728
64 96 96 128 0 728
288 294 320 352 0 728
voxsize: 294x386x728 size:315.156372MB
voxBW: 50 14
Decomp size:28
Initialization time: 0.033161
compute: 0.524586 seconds
evaluations: 3159635318
time: 0.558771 seconds
