hostname : cph-gpu2.uncc.edu
bounding: [1053872.965;1068485.726]x[860186.8419;879395.9741]x[3;730]
read 11056 observations
res: 50 50 1 bw: 100 100 1
192 256 288 386 0 512
192 256 160 224 0 728
192 256 224 288 0 512
128 192 128 192 0 256
128 192 256 386 0 728
0 128 160 224 0 512
0 128 96 160 0 256
0 128 224 386 0 728
128 192 224 256 0 728
128 192 192 224 0 256
256 294 0 256 0 512
128 192 0 128 0 728
128 192 128 192 256 728
0 128 0 96 0 728
128 192 192 224 256 728
0 128 96 160 256 728
192 256 288 386 512 728
192 256 0 160 0 728
192 256 224 288 512 728
0 128 160 224 512 728
256 294 0 256 512 728
256 294 256 386 0 728
voxsize: 294x386x728 size:315.156372MB
voxBW: 2 1
Decomp size:22
Initialization time: 0.035477
compute: 0.001701 seconds
evaluations: 828825
time: 0.038137 seconds
