hostname : cph-gpu1.uncc.edu
bounding: [1053872.965;1068485.726]x[860186.8419;879395.9741]x[3;730]
read 11056 observations
res: 100 100 1 bw: 250 250 1
64 96 0 96 128 256
32 96 96 194 384 728
32 96 96 128 128 192
96 148 128 194 256 728
32 64 96 128 0 128
32 96 96 194 256 384
32 96 0 64 0 64
32 96 128 160 64 192
96 148 0 160 192 256
32 64 0 96 128 256
64 96 0 96 256 728
96 148 0 128 384 728
32 96 96 160 192 256
96 148 96 128 64 128
32 148 160 194 64 256
96 148 128 160 64 192
64 96 64 96 0 64
96 148 96 128 0 64
96 148 0 128 128 192
64 96 96 128 64 128
32 96 0 64 64 128
32 64 64 96 64 128
96 148 0 128 256 384
96 148 0 96 0 128
64 96 64 96 64 128
32 64 0 96 256 728
64 96 96 128 0 64
96 148 128 160 0 64
32 64 64 96 0 64
32 148 160 194 0 64
32 96 128 160 0 64
0 32 0 194 0 728
voxsize: 148x194x728 size:79.736084MB
voxBW: 3 1
Decomp size:32
Initialization time: 0.012085
compute: 0.001792 seconds
evaluations: 1624413
time: 0.016128 seconds
