hostname : cph-c53.uncc.edu
bounding: [1053872.965;1068485.726]x[860186.8419;879395.9741]x[3;730]
read 11056 observations
res: 100 100 1 bw: 500 500 7
0 128 160 194 0 728
0 128 96 128 64 128
0 128 96 128 0 64
0 128 64 96 64 128
0 128 128 160 64 192
0 128 64 96 0 64
0 128 0 64 0 128
0 128 64 96 128 256
0 128 128 160 192 728
0 128 64 96 256 728
0 128 96 128 320 728
128 148 0 194 0 728
0 128 96 128 192 320
0 128 96 128 128 192
0 128 128 160 0 64
0 128 0 64 128 728
voxsize: 148x194x728 size:79.736084MB
voxBW: 5 7
Decomp size:16
Initialization time: 0.009973
compute: 0.005518 seconds
evaluations: 20001751
time: 0.016434 seconds
