hostname : cph-c54.uncc.edu
bounding: [1053872.965;1068485.726]x[860186.8419;879395.9741]x[3;730]
read 11056 observations
res: 100 100 1 bw: 2500 2500 1
32 96 96 128 0 728
32 96 64 96 0 728
96 128 0 128 0 728
32 96 128 194 0 728
96 128 128 194 0 728
32 96 0 64 0 728
128 148 32 194 0 704
0 32 0 194 0 728
128 148 32 194 704 728
128 148 0 32 0 728
voxsize: 148x194x728 size:79.736084MB
voxBW: 25 1
Decomp size:10
Initialization time: 0.0101
compute: 0.101281 seconds
evaluations: 83992257
time: 0.112283 seconds
