hostname : cph-gpu4.uncc.edu
bounding: [1053872.965;1068485.726]x[860186.8419;879395.9741]x[3;730]
read 11056 observations
res: 50 50 1 bw: 2500 2500 14
128 192 128 192 96 352
128 192 192 256 96 256
64 128 192 256 0 192
192 256 256 320 0 192
192 256 128 192 0 288
128 192 256 320 0 192
192 256 192 256 128 480
64 128 64 128 0 480
0 128 256 386 0 728
128 192 192 256 0 96
64 128 128 192 96 728
128 192 128 192 0 96
192 256 192 256 0 128
0 64 64 256 0 728
128 192 64 128 0 728
256 294 128 256 0 728
192 256 320 386 0 728
64 128 128 192 0 96
128 192 192 256 256 728
256 294 256 386 0 728
128 192 320 386 0 728
192 256 256 320 192 728
128 192 256 320 192 728
64 128 192 256 192 728
128 192 128 192 352 728
192 256 128 192 288 728
0 294 0 64 0 728
192 294 64 128 0 728
192 256 192 256 480 728
64 128 64 128 480 728
voxsize: 294x386x728 size:315.156372MB
voxBW: 50 14
Decomp size:30
Initialization time: 0.033009
compute: 0.550803 seconds
evaluations: 3159635318
time: 0.584794 seconds
