hostname : cph-c53.uncc.edu
bounding: [1053872.965;1068485.726]x[860186.8419;879395.9741]x[3;730]
read 11056 observations
res: 100 100 1 bw: 500 500 7
0 64 0 128 160 728
0 128 64 194 0 32
64 128 0 128 224 352
64 128 0 128 352 728
64 128 64 128 32 64
0 128 128 194 256 728
0 128 0 64 0 128
64 128 0 128 160 224
0 64 64 128 32 96
0 128 128 194 128 256
0 128 128 194 64 128
0 128 0 128 128 160
0 128 64 128 96 128
64 128 64 128 64 96
128 148 0 194 0 728
0 128 128 194 32 64
voxsize: 148x194x728 size:79.736084MB
voxBW: 5 7
Decomp size:16
Initialization time: 0.01132
compute: 0.007319 seconds
evaluations: 20001751
time: 0.068409 seconds
