hostname : cph-gpu2.uncc.edu
bounding: [1053872.965;1068485.726]x[860186.8419;879395.9741]x[3;730]
read 11056 observations
res: 50 50 1 bw: 100 100 1
128 294 160 256 160 192
128 294 96 160 160 728
0 192 160 386 0 32
0 96 192 386 32 192
128 294 256 386 128 192
128 224 160 192 64 160
192 294 224 288 224 728
224 294 160 256 64 160
192 294 288 386 224 728
128 294 256 288 32 128
128 192 160 256 32 64
128 294 320 386 32 128
0 294 160 192 192 320
0 192 192 386 416 728
96 128 192 386 32 192
0 96 96 160 0 160
128 294 288 320 32 128
192 294 192 224 224 728
96 160 96 128 0 160
128 224 192 224 64 160
96 160 128 160 0 160
0 294 192 386 192 224
0 192 192 386 288 416
0 192 192 386 224 288
128 224 224 256 64 160
0 294 160 192 320 728
0 128 160 192 32 192
192 294 160 256 32 64
0 294 0 96 0 728
0 128 96 160 160 728
192 294 160 386 0 32
160 294 96 160 0 160
voxsize: 294x386x728 size:315.156372MB
voxBW: 2 1
Decomp size:32
Initialization time: 0.036834
compute: 0.00177 seconds
evaluations: 828825
time: 0.039580 seconds
