hostname : cph-gpu2.uncc.edu
bounding: [1053872.965;1068485.726]x[860186.8419;879395.9741]x[3;730]
read 11056 observations
res: 50 50 1 bw: 100 100 1
128 192 0 192 0 256
192 256 192 256 0 728
0 128 192 386 0 728
192 256 256 386 0 256
128 192 192 256 0 256
0 128 128 192 0 728
128 192 256 386 0 728
0 128 64 128 0 256
256 294 0 256 0 512
192 256 0 192 0 728
128 192 0 192 256 728
192 256 256 386 256 512
128 192 192 256 256 512
192 256 256 386 512 728
0 128 64 128 256 728
128 192 192 256 512 728
256 294 0 256 512 728
256 294 256 386 0 728
0 128 0 64 0 728
voxsize: 294x386x728 size:315.156372MB
voxBW: 2 1
Decomp size:19
Initialization time: 0.037689
compute: 0.001848 seconds
evaluations: 828825
time: 0.040702 seconds
