hostname : cph-gpu4.uncc.edu
bounding: [1053872.965;1068485.726]x[860186.8419;879395.9741]x[3;730]
read 11056 observations
res: 50 50 1 bw: 2500 2500 14
0 64 0 288 0 728
224 256 128 224 0 728
128 160 224 288 0 728
192 224 0 192 0 728
128 160 96 160 0 728
192 224 256 320 0 728
64 128 128 160 0 728
64 128 160 192 0 728
256 294 0 256 0 728
160 192 256 320 0 728
224 256 224 288 0 728
64 128 192 224 0 728
160 192 0 160 0 728
64 128 256 386 0 728
160 192 192 224 0 728
64 128 224 256 0 728
224 256 288 386 0 728
128 160 192 224 0 728
64 128 96 128 0 728
160 192 224 256 0 728
128 160 160 192 0 728
160 192 160 192 0 728
192 224 192 224 0 728
256 294 256 386 0 728
192 224 224 256 0 728
64 128 0 96 0 728
192 224 320 386 0 728
128 160 288 386 0 728
160 192 320 386 0 728
128 160 0 96 0 728
0 64 288 386 0 728
224 256 0 128 0 728
voxsize: 294x386x728 size:315.156372MB
voxBW: 50 14
Decomp size:32
Initialization time: 0.033263
compute: 0.524388 seconds
evaluations: 3159635318
time: 0.558734 seconds
