hostname : cph-gpu4.uncc.edu
bounding: [1053872.965;1068485.726]x[860186.8419;879395.9741]x[3;730]
read 11056 observations
res: 50 50 1 bw: 2500 2500 14
128 256 160 256 0 64
128 256 160 256 64 128
128 256 256 320 128 728
128 256 256 320 0 128
64 128 224 386 0 728
64 128 128 224 0 128
256 294 0 386 0 728
128 256 0 160 0 128
128 256 320 386 0 728
128 256 160 256 192 320
128 256 160 256 320 728
128 256 0 160 128 728
64 128 0 128 0 728
128 256 160 256 128 192
64 128 128 224 128 728
0 64 0 386 0 728
voxsize: 294x386x728 size:315.156372MB
voxBW: 50 14
Decomp size:16
Initialization time: 0.035959
compute: 0.525007 seconds
evaluations: 3159635318
time: 0.562086 seconds
