hostname : cph-c53.uncc.edu
bounding: [1053872.965;1068485.726]x[860186.8419;879395.9741]x[3;730]
read 11056 observations
res: 100 100 1 bw: 500 500 7
64 96 64 96 32 64
64 96 96 128 160 224
64 96 96 128 224 352
64 96 64 96 288 728
96 148 96 128 32 64
96 148 128 160 256 728
64 96 128 194 128 256
64 96 128 194 64 128
0 64 128 194 0 128
64 96 96 128 32 64
0 64 64 96 64 96
64 96 128 194 256 728
96 148 128 160 128 256
96 148 96 128 416 728
64 96 96 128 64 96
0 64 64 96 32 64
96 148 96 128 64 96
64 96 96 128 352 728
96 148 0 96 128 256
0 64 64 96 128 256
96 148 128 160 64 128
96 148 0 96 256 728
64 96 64 96 64 96
64 96 0 64 96 728
0 64 128 194 128 728
0 64 0 64 96 192
0 64 96 128 0 64
0 64 64 96 256 728
96 148 96 128 160 224
64 96 128 194 32 64
0 64 0 64 32 64
0 64 96 128 192 728
0 64 96 128 96 192
96 148 128 160 32 64
64 96 64 96 192 288
64 96 64 96 128 192
64 96 0 64 0 96
96 148 96 128 288 416
0 64 0 64 192 728
96 148 96 128 224 288
96 148 0 96 64 128
96 148 0 96 0 64
96 148 96 128 96 128
64 96 96 128 128 160
0 64 0 64 64 96
0 64 64 96 96 128
0 64 96 128 64 96
64 96 96 128 96 128
96 148 96 128 128 160
96 148 160 194 32 64
96 148 160 194 320 728
64 96 64 96 96 128
96 148 96 128 0 32
96 148 160 194 160 320
64 96 96 128 0 32
64 96 64 96 0 32
96 148 160 194 96 160
0 64 0 64 0 32
0 64 64 96 0 32
96 148 128 160 0 32
64 96 128 194 0 32
96 148 160 194 64 96
96 148 160 194 0 32
voxsize: 148x194x728 size:79.736084MB
voxBW: 5 7
Decomp size:63
Initialization time: 0.010849
compute: 0.004927 seconds
evaluations: 20001751
time: 0.017663 seconds
