hostname : cph-gpu3.uncc.edu
bounding: [1053872.965;1068485.726]x[860186.8419;879395.9741]x[3;730]
read 11056 observations
res: 50 50 1 bw: 2500 2500 1
0 160 160 192 0 320
160 294 320 386 0 728
160 294 256 320 128 728
0 160 224 386 96 320
160 294 128 192 0 160
160 294 256 320 0 128
0 160 128 160 0 320
160 192 192 256 0 728
0 294 0 128 96 728
192 294 192 224 0 728
0 160 192 224 0 320
0 294 0 128 0 96
192 294 224 256 0 728
0 160 224 386 0 96
0 160 128 386 320 728
160 294 128 192 160 728
voxsize: 294x386x728 size:315.156372MB
voxBW: 50 1
Decomp size:16
Initialization time: 0.035307
compute: 0.089564 seconds
evaluations: 328636729
time: 0.125903 seconds
