hostname : cph-gpu4.uncc.edu
bounding: [1053872.965;1068485.726]x[860186.8419;879395.9741]x[3;730]
read 11056 observations
res: 50 50 1 bw: 2500 2500 14
0 256 0 256 32 64
0 256 256 386 0 128
0 256 256 386 128 728
0 256 0 256 192 320
0 256 0 256 64 96
0 256 0 256 320 728
0 256 0 256 128 192
0 256 0 256 96 128
0 256 0 256 0 32
256 294 0 256 32 64
256 294 0 256 256 384
256 294 0 256 128 192
256 294 0 256 64 96
256 294 0 256 384 728
256 294 256 386 32 64
256 294 256 386 128 224
256 294 0 256 192 256
256 294 256 386 224 352
256 294 0 256 96 128
256 294 256 386 352 728
256 294 256 386 64 96
256 294 256 386 96 128
256 294 0 256 0 32
256 294 256 386 0 32
voxsize: 294x386x728 size:315.156372MB
voxBW: 50 14
Decomp size:24
Initialization time: 0.03422
compute: 0.855522 seconds
evaluations: 3159635318
time: 0.891109 seconds
