hostname : cph-gpu1.uncc.edu
bounding: [1053872.965;1068485.726]x[860186.8419;879395.9741]x[3;730]
read 11056 observations
res: 100 100 1 bw: 250 250 1
32 64 64 96 0 160
96 148 0 96 0 480
32 64 0 64 0 256
64 96 128 160 0 544
96 148 128 160 0 224
64 96 96 128 0 128
96 148 96 128 96 288
96 148 160 194 0 728
32 64 96 194 96 728
96 148 96 128 0 96
64 96 96 128 128 288
64 96 64 96 0 96
64 96 64 96 192 728
32 64 96 194 0 96
96 148 96 128 288 728
64 96 0 64 0 728
32 64 64 96 160 728
64 96 96 128 288 728
64 96 64 96 96 192
64 96 160 194 0 728
96 148 128 160 224 384
0 32 32 194 0 256
96 148 128 160 384 728
32 64 0 64 256 728
96 148 0 96 480 608
64 96 128 160 544 728
96 148 0 96 608 728
0 32 32 194 256 416
0 32 32 194 416 728
0 32 0 32 0 728
voxsize: 148x194x728 size:79.736084MB
voxBW: 3 1
Decomp size:30
Initialization time: 0.008928
compute: 0.002826 seconds
evaluations: 1624413
time: 0.021267 seconds
