hostname : cph-gpu1.uncc.edu
bounding: [1053872.965;1068485.726]x[860186.8419;879395.9741]x[3;730]
read 11056 observations
res: 100 100 1 bw: 250 250 1
0 74 0 97 0 182
0 74 0 97 182 364
0 74 0 97 364 546
0 74 0 97 546 728
0 74 97 194 0 182
0 74 97 194 182 364
0 74 97 194 364 546
0 74 97 194 546 728
74 148 0 97 0 182
74 148 0 97 182 364
74 148 0 97 364 546
74 148 0 97 546 728
74 148 97 194 0 182
74 148 97 194 182 364
74 148 97 194 364 546
74 148 97 194 546 728
voxsize: 148x194x728 size:79.736084MB
voxBW: 3 1
Decomp size:16
Initialization time: 0.010879
compute: 0.003908 seconds
evaluations: 1624413
time: 0.027180 seconds
