hostname : cph-gpu3.uncc.edu
bounding: [1053872.965;1068485.726]x[860186.8419;879395.9741]x[3;730]
read 11056 observations
res: 50 50 1 bw: 2500 2500 1
192 256 256 320 0 384
128 192 256 320 0 384
192 256 128 192 0 728
192 256 192 256 0 192
64 128 128 192 0 192
256 294 0 320 0 704
64 128 0 128 0 728
128 192 192 256 128 512
128 192 192 256 0 128
64 128 192 256 0 256
128 192 128 192 0 128
128 192 128 192 128 728
0 64 0 386 0 728
128 192 0 128 0 728
192 256 192 256 192 728
64 128 256 386 0 728
192 256 320 386 0 384
128 192 320 386 0 728
64 128 128 192 192 728
64 128 192 256 256 728
192 256 0 128 0 728
128 192 192 256 512 728
192 256 256 320 384 728
128 192 256 320 384 728
256 294 320 386 0 512
192 256 320 386 384 728
256 294 320 386 512 728
256 294 0 320 704 728
voxsize: 294x386x728 size:315.156372MB
voxBW: 50 1
Decomp size:28
Initialization time: 0.036625
compute: 0.117192 seconds
evaluations: 328636729
time: 0.155139 seconds
