hostname : cph-gpu3.uncc.edu
bounding: [1053872.965;1068485.726]x[860186.8419;879395.9741]x[3;730]
read 11056 observations
res: 50 50 1 bw: 2500 2500 1
0 256 0 256 0 64
0 256 0 256 64 128
0 256 0 256 128 192
0 256 0 256 192 256
0 256 256 386 0 64
0 256 256 386 64 128
0 256 0 256 256 320
0 256 256 386 128 192
0 256 0 256 320 384
0 256 256 386 192 256
0 256 0 256 384 448
0 256 0 256 576 640
0 256 256 386 256 320
0 256 0 256 512 576
0 256 0 256 640 728
256 294 0 386 64 128
256 294 0 386 0 64
0 294 0 256 448 512
0 256 256 386 576 728
0 256 256 386 320 384
256 294 0 386 128 192
0 256 256 386 384 448
256 294 0 386 192 256
0 256 256 386 512 576
256 294 0 386 256 320
0 294 256 386 448 512
256 294 0 386 320 384
256 294 0 386 384 448
256 294 0 386 512 576
256 294 256 386 576 728
256 294 0 256 640 728
256 294 0 256 576 640
voxsize: 294x386x728 size:315.156372MB
voxBW: 50 1
Decomp size:32
Initialization time: 0.033785
compute: 0.210346 seconds
evaluations: 328636729
time: 0.245257 seconds
