hostname : cph-gpu2.uncc.edu
bounding: [1053872.965;1068485.726]x[860186.8419;879395.9741]x[3;730]
read 11056 observations
res: 50 50 1 bw: 100 100 1
96 128 160 386 0 728
192 294 192 224 0 728
0 96 160 386 0 728
160 192 192 256 0 728
192 294 224 256 0 728
128 160 224 386 0 728
160 192 0 192 0 728
128 160 160 224 0 728
192 294 0 192 0 728
192 294 256 320 0 256
96 128 0 160 0 728
0 96 0 160 0 728
192 294 320 386 0 728
128 160 0 160 0 728
160 192 256 386 0 728
192 294 256 320 256 728
voxsize: 294x386x728 size:315.156372MB
voxBW: 2 1
Decomp size:16
Initialization time: 0.035143
compute: 0.001412 seconds
evaluations: 828825
time: 0.037619 seconds
