hostname : cph-gpu4.uncc.edu
bounding: [1053872.965;1068485.726]x[860186.8419;879395.9741]x[3;730]
read 11056 observations
res: 50 50 1 bw: 2500 2500 14
32 96 192 224 0 728
96 128 128 192 64 160
224 256 224 386 0 64
32 96 128 192 128 728
224 256 224 386 256 728
160 224 192 224 128 256
160 224 256 288 0 96
96 128 192 386 128 256
128 160 224 386 128 256
160 224 160 192 0 96
96 128 192 386 64 128
256 294 0 288 224 728
32 96 256 386 0 728
224 256 0 224 224 728
160 224 160 192 224 728
160 224 288 320 0 128
32 96 0 128 0 96
96 128 192 386 0 64
32 96 0 128 96 728
256 294 0 288 0 96
160 224 192 224 256 728
32 96 224 256 0 728
224 256 224 386 128 256
256 294 288 386 0 728
160 224 288 320 128 728
96 128 128 192 160 728
128 160 224 386 0 64
160 224 224 256 128 256
160 224 160 192 96 224
160 224 256 288 192 728
96 128 0 128 96 728
96 128 0 128 0 96
128 160 192 224 128 728
224 256 0 224 0 96
32 96 128 192 64 128
160 224 0 160 0 64
224 256 224 386 64 128
128 160 224 386 256 728
128 160 224 386 64 128
96 128 192 386 256 728
256 294 0 288 96 224
160 224 224 256 256 728
160 224 0 160 128 256
224 256 0 224 96 224
128 160 0 128 96 728
128 160 160 192 0 128
160 224 0 160 64 128
128 160 192 224 0 128
128 160 160 192 128 728
160 224 192 224 64 128
128 160 0 128 0 96
160 224 192 224 0 64
96 128 128 192 0 64
160 224 320 386 64 192
32 96 128 192 0 64
160 224 0 160 256 728
128 160 128 160 0 128
160 224 320 386 192 728
160 224 224 256 0 64
160 224 224 256 64 128
160 224 320 386 0 64
160 224 256 288 96 192
128 160 128 160 128 728
0 32 0 386 0 728
voxsize: 294x386x728 size:315.156372MB
voxBW: 50 14
Decomp size:64
Initialization time: 0.036587
compute: 0.453409 seconds
evaluations: 3159635318
time: 0.493663 seconds
