hostname : cph-gpu2.uncc.edu
bounding: [1053872.965;1068485.726]x[860186.8419;879395.9741]x[3;730]
read 11056 observations
res: 50 50 1 bw: 100 100 1
0 74 0 97 0 46
0 74 0 97 46 91
0 74 0 97 91 137
0 74 0 97 137 182
0 74 0 97 182 228
0 74 0 97 228 273
0 74 0 97 273 319
0 74 0 97 319 364
0 74 0 97 364 409
0 74 0 97 409 455
0 74 0 97 455 500
0 74 0 97 500 546
0 74 0 97 546 591
0 74 0 97 591 637
0 74 0 97 637 682
0 74 0 97 682 728
0 74 97 193 0 46
0 74 97 193 46 91
0 74 97 193 91 137
0 74 97 193 137 182
0 74 97 193 182 228
0 74 97 193 228 273
0 74 97 193 273 319
0 74 97 193 319 364
0 74 97 193 364 409
0 74 97 193 409 455
0 74 97 193 455 500
0 74 97 193 500 546
0 74 97 193 546 591
0 74 97 193 591 637
0 74 97 193 637 682
0 74 97 193 682 728
0 74 193 289 0 46
0 74 193 289 46 91
0 74 193 289 91 137
0 74 193 289 137 182
0 74 193 289 182 228
0 74 193 289 228 273
0 74 193 289 273 319
0 74 193 289 319 364
0 74 193 289 364 409
0 74 193 289 409 455
0 74 193 289 455 500
0 74 193 289 500 546
0 74 193 289 546 591
0 74 193 289 591 637
0 74 193 289 637 682
0 74 193 289 682 728
0 74 289 386 0 46
0 74 289 386 46 91
0 74 289 386 91 137
0 74 289 386 137 182
0 74 289 386 182 228
0 74 289 386 228 273
0 74 289 386 273 319
0 74 289 386 319 364
0 74 289 386 364 409
0 74 289 386 409 455
0 74 289 386 455 500
0 74 289 386 500 546
0 74 289 386 546 591
0 74 289 386 591 637
0 74 289 386 637 682
0 74 289 386 682 728
74 147 0 97 0 46
74 147 0 97 46 91
74 147 0 97 91 137
74 147 0 97 137 182
74 147 0 97 182 228
74 147 0 97 228 273
74 147 0 97 273 319
74 147 0 97 319 364
74 147 0 97 364 409
74 147 0 97 409 455
74 147 0 97 455 500
74 147 0 97 500 546
74 147 0 97 546 591
74 147 0 97 591 637
74 147 0 97 637 682
74 147 0 97 682 728
74 147 97 193 0 46
74 147 97 193 46 91
74 147 97 193 91 137
74 147 97 193 137 182
74 147 97 193 182 228
74 147 97 193 228 273
74 147 97 193 273 319
74 147 97 193 319 364
74 147 97 193 364 409
74 147 97 193 409 455
74 147 97 193 455 500
74 147 97 193 500 546
74 147 97 193 546 591
74 147 97 193 591 637
74 147 97 193 637 682
74 147 97 193 682 728
74 147 193 289 0 46
74 147 193 289 46 91
74 147 193 289 91 137
74 147 193 289 137 182
74 147 193 289 182 228
74 147 193 289 228 273
74 147 193 289 273 319
74 147 193 289 319 364
74 147 193 289 364 409
74 147 193 289 409 455
74 147 193 289 455 500
74 147 193 289 500 546
74 147 193 289 546 591
74 147 193 289 591 637
74 147 193 289 637 682
74 147 193 289 682 728
74 147 289 386 0 46
74 147 289 386 46 91
74 147 289 386 91 137
74 147 289 386 137 182
74 147 289 386 182 228
74 147 289 386 228 273
74 147 289 386 273 319
74 147 289 386 319 364
74 147 289 386 364 409
74 147 289 386 409 455
74 147 289 386 455 500
74 147 289 386 500 546
74 147 289 386 546 591
74 147 289 386 591 637
74 147 289 386 637 682
74 147 289 386 682 728
147 220 0 97 0 46
147 220 0 97 46 91
147 220 0 97 91 137
147 220 0 97 137 182
147 220 0 97 182 228
147 220 0 97 228 273
147 220 0 97 273 319
147 220 0 97 319 364
147 220 0 97 364 409
147 220 0 97 409 455
147 220 0 97 455 500
147 220 0 97 500 546
147 220 0 97 546 591
147 220 0 97 591 637
147 220 0 97 637 682
147 220 0 97 682 728
147 220 97 193 0 46
147 220 97 193 46 91
147 220 97 193 91 137
147 220 97 193 137 182
147 220 97 193 182 228
147 220 97 193 228 273
147 220 97 193 273 319
147 220 97 193 319 364
147 220 97 193 364 409
147 220 97 193 409 455
147 220 97 193 455 500
147 220 97 193 500 546
147 220 97 193 546 591
147 220 97 193 591 637
147 220 97 193 637 682
147 220 97 193 682 728
147 220 193 289 0 46
147 220 193 289 46 91
147 220 193 289 91 137
147 220 193 289 137 182
147 220 193 289 182 228
147 220 193 289 228 273
147 220 193 289 273 319
147 220 193 289 319 364
147 220 193 289 364 409
147 220 193 289 409 455
147 220 193 289 455 500
147 220 193 289 500 546
147 220 193 289 546 591
147 220 193 289 591 637
147 220 193 289 637 682
147 220 193 289 682 728
147 220 289 386 0 46
147 220 289 386 46 91
147 220 289 386 91 137
147 220 289 386 137 182
147 220 289 386 182 228
147 220 289 386 228 273
147 220 289 386 273 319
147 220 289 386 319 364
147 220 289 386 364 409
147 220 289 386 409 455
147 220 289 386 455 500
147 220 289 386 500 546
147 220 289 386 546 591
147 220 289 386 591 637
147 220 289 386 637 682
147 220 289 386 682 728
220 294 0 97 0 46
220 294 0 97 46 91
220 294 0 97 91 137
220 294 0 97 137 182
220 294 0 97 182 228
220 294 0 97 228 273
220 294 0 97 273 319
220 294 0 97 319 364
220 294 0 97 364 409
220 294 0 97 409 455
220 294 0 97 455 500
220 294 0 97 500 546
220 294 0 97 546 591
220 294 0 97 591 637
220 294 0 97 637 682
220 294 0 97 682 728
220 294 97 193 0 46
220 294 97 193 46 91
220 294 97 193 91 137
220 294 97 193 137 182
220 294 97 193 182 228
220 294 97 193 228 273
220 294 97 193 273 319
220 294 97 193 319 364
220 294 97 193 364 409
220 294 97 193 409 455
220 294 97 193 455 500
220 294 97 193 500 546
220 294 97 193 546 591
220 294 97 193 591 637
220 294 97 193 637 682
220 294 97 193 682 728
220 294 193 289 0 46
220 294 193 289 46 91
220 294 193 289 91 137
220 294 193 289 137 182
220 294 193 289 182 228
220 294 193 289 228 273
220 294 193 289 273 319
220 294 193 289 319 364
220 294 193 289 364 409
220 294 193 289 409 455
220 294 193 289 455 500
220 294 193 289 500 546
220 294 193 289 546 591
220 294 193 289 591 637
220 294 193 289 637 682
220 294 193 289 682 728
220 294 289 386 0 46
220 294 289 386 46 91
220 294 289 386 91 137
220 294 289 386 137 182
220 294 289 386 182 228
220 294 289 386 228 273
220 294 289 386 273 319
220 294 289 386 319 364
220 294 289 386 364 409
220 294 289 386 409 455
220 294 289 386 455 500
220 294 289 386 500 546
220 294 289 386 546 591
220 294 289 386 591 637
220 294 289 386 637 682
220 294 289 386 682 728
voxsize: 294x386x728 size:315.156372MB
voxBW: 2 1
Decomp size:256
Initialization time: 0.037129
compute: 0.003182 seconds
evaluations: 828825
time: 0.044375 seconds
