hostname : cph-gpu2.uncc.edu
bounding: [1053872.965;1068485.726]x[860186.8419;879395.9741]x[3;730]
read 11056 observations
res: 50 50 1 bw: 100 100 1
128 192 128 192 32 64
64 294 64 128 224 728
64 128 64 256 0 32
192 294 192 256 32 64
64 128 128 192 64 96
64 128 128 192 160 384
128 192 192 256 32 64
64 128 192 256 128 384
64 128 128 386 384 728
128 294 192 256 0 32
64 294 64 128 128 224
64 128 64 128 64 128
128 192 192 256 64 96
64 128 192 256 64 128
192 256 256 386 64 96
128 192 128 192 64 96
192 294 256 320 32 64
64 128 256 386 64 384
192 256 128 256 64 96
64 128 128 192 32 64
128 192 256 386 32 64
64 128 128 192 96 160
0 64 0 386 0 728
128 294 64 192 0 32
128 294 64 128 32 128
64 128 192 386 32 64
192 294 128 256 544 728
128 192 128 256 544 728
128 294 128 320 416 480
64 128 64 128 32 64
192 294 320 386 96 256
192 294 192 256 288 416
128 192 256 386 96 160
128 192 128 256 224 256
128 294 128 192 288 416
192 256 192 256 128 192
128 294 256 386 544 728
128 256 128 192 96 128
128 294 256 320 288 416
128 192 192 256 288 416
128 192 192 256 160 192
128 294 128 320 480 544
192 294 256 386 0 32
192 294 256 320 160 256
256 294 128 256 96 192
192 294 128 256 224 256
192 294 128 320 256 288
128 192 128 256 192 224
192 294 256 320 96 160
128 192 256 386 160 256
128 256 128 192 128 160
128 192 192 256 128 160
128 294 320 386 256 544
192 294 128 256 192 224
128 192 256 386 64 96
128 192 128 320 256 288
128 192 192 256 96 128
192 294 128 192 32 64
128 256 128 192 160 192
192 294 320 386 32 64
192 256 192 256 96 128
64 192 256 386 0 32
256 294 128 386 64 96
64 294 0 64 0 728
voxsize: 294x386x728 size:315.156372MB
voxBW: 2 1
Decomp size:64
Initialization time: 0.035864
compute: 0.001823 seconds
evaluations: 828825
time: 0.039587 seconds
