hostname : cph-c53.uncc.edu
bounding: [1053872.965;1068485.726]x[860186.8419;879395.9741]x[3;730]
read 11056 observations
res: 100 100 1 bw: 500 500 7
64 128 64 128 0 64
64 128 64 128 64 128
0 64 64 194 128 728
64 128 64 128 128 192
64 128 128 194 0 64
0 148 0 64 0 128
0 64 64 194 64 128
0 64 64 194 0 64
64 128 128 194 64 128
64 128 64 128 192 256
0 148 0 64 128 728
64 128 128 194 128 192
64 128 64 128 256 320
64 128 128 194 192 256
64 128 64 128 320 384
64 128 128 194 256 320
64 128 64 128 384 448
128 148 64 194 64 128
64 148 64 128 576 640
64 148 64 128 512 576
64 148 128 194 576 728
128 148 64 194 0 64
64 148 64 128 640 728
64 148 128 194 448 576
64 128 128 194 320 384
64 148 64 128 448 512
128 148 64 194 128 192
64 128 128 194 384 448
128 148 64 194 256 320
128 148 64 194 192 256
128 148 64 194 320 384
128 148 64 194 384 448
voxsize: 148x194x728 size:79.736084MB
voxBW: 5 7
Decomp size:32
Initialization time: 0.01005
compute: 0.005333 seconds
evaluations: 20001751
time: 0.016378 seconds
