hostname : cph-c54.uncc.edu
bounding: [1053872.965;1068485.726]x[860186.8419;879395.9741]x[3;730]
read 11056 observations
res: 100 100 1 bw: 2500 2500 1
64 96 96 128 0 64
64 96 96 128 64 128
96 148 96 128 64 128
96 148 96 128 0 64
64 96 64 96 0 64
32 64 96 160 64 128
64 96 64 96 128 256
64 96 0 64 0 128
64 96 128 194 0 64
32 64 96 160 0 64
32 64 96 160 128 256
64 96 64 96 64 128
96 148 96 128 320 728
32 64 64 96 64 128
96 148 128 160 0 64
64 96 64 96 256 728
64 96 128 194 128 256
96 148 96 128 192 320
96 148 0 96 256 728
96 148 0 96 128 256
64 96 128 194 256 728
96 148 128 160 256 728
32 64 64 96 0 64
64 96 128 194 64 128
96 148 128 160 128 256
32 64 96 160 256 728
32 64 64 96 192 728
64 96 96 128 320 728
64 96 96 128 192 320
32 64 0 64 128 728
64 96 96 128 128 192
96 148 128 160 64 128
0 32 0 194 128 728
96 148 96 128 128 192
64 96 0 64 128 728
96 148 0 96 0 64
32 64 0 64 0 64
96 148 0 96 64 128
0 32 0 194 64 128
32 64 0 64 64 128
0 32 0 194 0 64
96 148 160 194 0 64
96 148 160 194 256 728
32 64 64 96 128 192
96 148 160 194 64 128
96 148 160 194 128 256
32 64 160 194 0 728
voxsize: 148x194x728 size:79.736084MB
voxBW: 25 1
Decomp size:47
Initialization time: 0.008982
compute: 0.039272 seconds
evaluations: 83992257
time: 0.049573 seconds
