hostname : cph-gpu3.uncc.edu
bounding: [1053872.965;1068485.726]x[860186.8419;879395.9741]x[3;730]
read 11056 observations
res: 50 50 1 bw: 2500 2500 1
128 192 192 256 0 288
0 128 128 192 0 480
192 256 192 256 0 480
128 192 128 192 0 256
0 128 192 256 0 480
192 256 256 320 0 728
128 192 256 320 0 728
192 256 0 192 0 728
256 294 0 386 0 728
0 128 0 128 0 728
128 192 0 128 0 728
0 128 256 386 0 728
192 256 320 386 0 728
128 192 192 256 288 728
128 192 320 386 0 728
128 192 128 192 256 728
192 256 192 256 480 728
0 128 128 192 480 728
0 128 192 256 480 728
voxsize: 294x386x728 size:315.156372MB
voxBW: 50 1
Decomp size:19
Initialization time: 0.035519
compute: 0.146414 seconds
evaluations: 328636729
time: 0.182891 seconds
