hostname : cph-gpu2.uncc.edu
bounding: [1053872.965;1068485.726]x[860186.8419;879395.9741]x[3;730]
read 11056 observations
res: 50 50 1 bw: 100 100 1
0 128 64 256 0 256
128 192 192 320 0 448
192 294 0 256 0 384
128 192 0 192 0 728
192 294 256 386 0 728
0 128 256 386 0 728
0 128 64 256 256 728
192 294 0 256 384 704
128 192 320 386 0 728
128 192 192 320 448 728
0 128 0 64 0 728
192 294 0 256 704 728
voxsize: 294x386x728 size:315.156372MB
voxBW: 2 1
Decomp size:12
Initialization time: 0.03935
compute: 0.003606 seconds
evaluations: 828825
time: 0.044154 seconds
