hostname : cph-c54.uncc.edu
bounding: [1053872.965;1068485.726]x[860186.8419;879395.9741]x[3;730]
read 11056 observations
res: 100 100 1 bw: 2500 2500 1
64 128 64 128 32 64
0 148 0 64 96 728
0 148 0 64 0 96
64 128 64 128 64 96
0 148 64 128 0 32
0 64 64 194 96 160
0 64 64 194 32 64
0 64 64 194 160 288
64 128 128 194 32 64
0 64 64 194 64 96
0 64 64 194 288 728
64 128 64 128 96 128
64 128 64 128 128 160
128 148 64 194 160 728
64 128 64 128 160 192
64 128 64 194 192 224
64 128 128 194 64 96
64 128 64 194 320 384
64 128 128 194 384 728
64 128 64 128 256 320
64 128 64 128 384 544
64 128 64 128 544 728
0 148 128 194 0 32
64 128 128 194 224 320
64 128 64 128 224 256
64 128 128 194 96 128
64 128 128 194 128 160
64 128 128 194 160 192
128 148 64 194 32 64
128 148 64 194 64 96
128 148 64 194 96 128
128 148 64 194 128 160
voxsize: 148x194x728 size:79.736084MB
voxBW: 25 1
Decomp size:32
Initialization time: 0.009385
compute: 0.036942 seconds
evaluations: 83992257
time: 0.048725 seconds
