hostname : cph-c53.uncc.edu
bounding: [1053872.965;1068485.726]x[860186.8419;879395.9741]x[3;730]
read 11056 observations
res: 100 100 1 bw: 500 500 7
64 128 64 128 32 64
64 128 64 128 64 96
0 64 64 194 192 728
0 148 0 64 96 728
0 148 0 64 0 96
0 64 64 194 96 192
0 148 64 128 0 32
64 128 128 194 32 64
0 64 64 194 32 64
64 128 64 128 96 128
0 64 64 194 64 96
64 128 64 128 160 192
64 128 64 128 128 160
64 128 128 194 64 96
64 128 64 128 224 256
64 128 64 128 192 224
0 148 128 194 0 32
64 128 128 194 96 128
64 128 64 128 256 288
64 128 128 194 128 160
64 128 128 194 160 192
64 128 64 128 288 320
64 128 128 194 224 256
64 128 64 128 320 352
64 128 128 194 256 288
64 128 128 194 192 224
64 128 64 128 384 416
128 148 64 194 32 64
64 128 64 128 352 384
128 148 64 194 64 96
64 128 64 128 576 608
64 128 64 128 416 448
128 148 64 194 96 128
64 148 64 128 544 576
64 128 128 194 288 320
64 148 64 194 448 480
64 128 128 194 320 352
64 148 64 128 512 544
64 148 64 128 480 512
128 148 64 194 128 160
64 128 64 128 608 640
64 148 64 128 640 672
64 148 128 194 640 704
64 148 64 194 704 728
64 128 128 194 352 384
64 148 64 128 672 704
64 128 128 194 384 416
128 148 64 194 224 256
64 128 128 194 416 448
128 148 64 194 256 288
64 148 128 194 544 576
64 128 128 194 576 608
128 148 64 194 160 192
64 148 128 194 512 544
128 148 64 194 288 320
64 128 128 194 608 640
128 148 64 194 192 224
64 148 128 194 480 512
128 148 64 194 320 352
128 148 64 194 416 448
128 148 64 194 352 384
128 148 64 194 384 416
128 148 64 194 576 608
128 148 64 194 608 640
voxsize: 148x194x728 size:79.736084MB
voxBW: 5 7
Decomp size:64
Initialization time: 0.010119
compute: 0.004971 seconds
evaluations: 20001751
time: 0.016700 seconds
