hostname : cph-gpu3.uncc.edu
bounding: [1053872.965;1068485.726]x[860186.8419;879395.9741]x[3;730]
read 11056 observations
res: 50 50 1 bw: 2500 2500 1
0 294 0 128 0 728
128 192 160 224 0 728
0 128 160 256 0 480
0 294 128 160 0 728
0 294 256 288 0 728
0 294 288 352 0 384
128 294 224 256 0 728
192 294 160 224 0 728
0 294 352 386 0 384
0 294 288 386 384 728
0 128 160 256 480 728
voxsize: 294x386x728 size:315.156372MB
voxBW: 50 1
Decomp size:11
Initialization time: 0.033585
compute: 0.153284 seconds
evaluations: 328636729
time: 0.187671 seconds
