hostname : cph-gpu3.uncc.edu
bounding: [1053872.965;1068485.726]x[860186.8419;879395.9741]x[3;730]
read 11056 observations
res: 50 50 1 bw: 2500 2500 1
0 256 0 256 32 64
0 256 0 256 64 96
0 294 0 386 0 32
0 294 0 256 96 128
0 294 0 256 192 256
0 294 0 386 512 728
0 294 0 386 352 512
0 294 0 386 160 192
0 294 0 256 256 352
0 294 0 256 128 160
0 294 256 386 192 352
0 294 256 386 96 160
0 256 256 386 32 64
0 256 256 386 64 96
256 294 0 386 32 64
256 294 0 386 64 96
voxsize: 294x386x728 size:315.156372MB
voxBW: 50 1
Decomp size:16
Initialization time: 0.035713
compute: 0.145561 seconds
evaluations: 328636729
time: 0.182214 seconds
