hostname : cph-gpu4.uncc.edu
bounding: [1053872.965;1068485.726]x[860186.8419;879395.9741]x[3;730]
read 11056 observations
res: 50 50 1 bw: 2500 2500 14
160 224 192 224 0 728
96 160 0 128 0 728
224 294 224 288 0 728
0 96 192 386 0 728
224 294 160 224 0 728
96 160 256 352 0 728
160 224 288 352 0 728
160 224 0 160 0 728
160 224 224 256 0 728
96 160 192 224 0 728
96 160 160 192 0 728
160 224 160 192 0 728
96 160 128 160 0 728
0 96 128 192 0 728
224 294 288 386 0 728
160 224 256 288 0 728
96 160 224 256 0 728
0 96 0 128 0 728
224 294 0 160 0 728
160 224 352 386 0 728
96 160 352 386 0 728
voxsize: 294x386x728 size:315.156372MB
voxBW: 50 14
Decomp size:21
Initialization time: 0.035135
compute: 0.584474 seconds
evaluations: 3159635318
time: 0.623232 seconds
