hostname : cph-gpu3.uncc.edu
bounding: [1053872.965;1068485.726]x[860186.8419;879395.9741]x[3;730]
read 11056 observations
res: 50 50 1 bw: 2500 2500 1
128 192 192 256 32 64
128 192 128 192 32 64
64 128 192 386 32 64
0 64 64 192 0 160
192 294 192 256 32 64
128 192 256 386 32 64
64 128 64 256 0 32
128 294 64 192 0 32
64 294 64 128 256 728
64 128 256 386 96 384
128 294 192 256 0 32
128 192 128 192 288 608
64 128 128 192 128 256
64 128 128 256 96 128
64 128 192 256 128 256
192 256 256 320 192 416
192 294 256 386 416 728
128 192 192 320 128 160
192 256 192 256 352 728
192 256 256 320 96 192
64 294 64 128 64 96
192 256 192 256 96 160
64 192 128 386 608 728
128 294 64 128 96 256
256 294 192 256 96 728
128 192 320 386 64 608
192 294 256 320 32 64
256 294 256 386 64 416
128 192 192 320 160 192
128 192 192 256 64 96
128 192 192 256 256 416
192 256 192 256 224 352
128 192 256 320 192 416
192 256 320 386 96 416
128 192 256 320 64 128
64 128 192 386 64 96
64 128 128 192 32 64
64 128 64 128 96 256
128 192 128 192 128 192
192 294 128 192 128 224
192 294 192 256 64 96
128 192 128 192 64 96
192 294 128 192 64 128
64 128 128 192 64 96
192 256 256 386 64 96
64 128 128 386 384 608
0 64 192 386 0 160
0 64 64 386 160 728
128 192 128 192 192 288
128 192 192 320 416 608
64 128 128 256 256 384
0 294 0 64 0 728
128 192 192 256 192 256
192 294 128 192 224 352
192 256 192 256 160 224
192 294 256 386 0 32
192 294 128 192 352 728
192 294 128 192 32 64
64 192 256 386 0 32
64 128 64 128 32 64
128 192 192 256 96 128
128 294 64 128 32 64
192 294 320 386 32 64
128 192 128 192 96 128
voxsize: 294x386x728 size:315.156372MB
voxBW: 50 1
Decomp size:64
Initialization time: 0.035158
compute: 0.089544 seconds
evaluations: 328636729
time: 0.126266 seconds
