hostname : cph-c54.uncc.edu
bounding: [1053872.965;1068485.726]x[860186.8419;879395.9741]x[3;730]
read 11056 observations
res: 100 100 1 bw: 2500 2500 1
0 19 0 25 0 23
0 19 0 25 23 46
0 19 0 25 46 69
0 19 0 25 69 91
0 19 0 25 91 114
0 19 0 25 114 137
0 19 0 25 137 160
0 19 0 25 160 182
0 19 0 25 182 205
0 19 0 25 205 228
0 19 0 25 228 250
0 19 0 25 250 273
0 19 0 25 273 296
0 19 0 25 296 319
0 19 0 25 319 341
0 19 0 25 341 364
0 19 0 25 364 387
0 19 0 25 387 409
0 19 0 25 409 432
0 19 0 25 432 455
0 19 0 25 455 478
0 19 0 25 478 500
0 19 0 25 500 523
0 19 0 25 523 546
0 19 0 25 546 568
0 19 0 25 568 591
0 19 0 25 591 614
0 19 0 25 614 637
0 19 0 25 637 659
0 19 0 25 659 682
0 19 0 25 682 705
0 19 0 25 705 728
0 19 25 49 0 23
0 19 25 49 23 46
0 19 25 49 46 69
0 19 25 49 69 91
0 19 25 49 91 114
0 19 25 49 114 137
0 19 25 49 137 160
0 19 25 49 160 182
0 19 25 49 182 205
0 19 25 49 205 228
0 19 25 49 228 250
0 19 25 49 250 273
0 19 25 49 273 296
0 19 25 49 296 319
0 19 25 49 319 341
0 19 25 49 341 364
0 19 25 49 364 387
0 19 25 49 387 409
0 19 25 49 409 432
0 19 25 49 432 455
0 19 25 49 455 478
0 19 25 49 478 500
0 19 25 49 500 523
0 19 25 49 523 546
0 19 25 49 546 568
0 19 25 49 568 591
0 19 25 49 591 614
0 19 25 49 614 637
0 19 25 49 637 659
0 19 25 49 659 682
0 19 25 49 682 705
0 19 25 49 705 728
0 19 49 73 0 23
0 19 49 73 23 46
0 19 49 73 46 69
0 19 49 73 69 91
0 19 49 73 91 114
0 19 49 73 114 137
0 19 49 73 137 160
0 19 49 73 160 182
0 19 49 73 182 205
0 19 49 73 205 228
0 19 49 73 228 250
0 19 49 73 250 273
0 19 49 73 273 296
0 19 49 73 296 319
0 19 49 73 319 341
0 19 49 73 341 364
0 19 49 73 364 387
0 19 49 73 387 409
0 19 49 73 409 432
0 19 49 73 432 455
0 19 49 73 455 478
0 19 49 73 478 500
0 19 49 73 500 523
0 19 49 73 523 546
0 19 49 73 546 568
0 19 49 73 568 591
0 19 49 73 591 614
0 19 49 73 614 637
0 19 49 73 637 659
0 19 49 73 659 682
0 19 49 73 682 705
0 19 49 73 705 728
0 19 73 97 0 23
0 19 73 97 23 46
0 19 73 97 46 69
0 19 73 97 69 91
0 19 73 97 91 114
0 19 73 97 114 137
0 19 73 97 137 160
0 19 73 97 160 182
0 19 73 97 182 205
0 19 73 97 205 228
0 19 73 97 228 250
0 19 73 97 250 273
0 19 73 97 273 296
0 19 73 97 296 319
0 19 73 97 319 341
0 19 73 97 341 364
0 19 73 97 364 387
0 19 73 97 387 409
0 19 73 97 409 432
0 19 73 97 432 455
0 19 73 97 455 478
0 19 73 97 478 500
0 19 73 97 500 523
0 19 73 97 523 546
0 19 73 97 546 568
0 19 73 97 568 591
0 19 73 97 591 614
0 19 73 97 614 637
0 19 73 97 637 659
0 19 73 97 659 682
0 19 73 97 682 705
0 19 73 97 705 728
0 19 97 121 0 23
0 19 97 121 23 46
0 19 97 121 46 69
0 19 97 121 69 91
0 19 97 121 91 114
0 19 97 121 114 137
0 19 97 121 137 160
0 19 97 121 160 182
0 19 97 121 182 205
0 19 97 121 205 228
0 19 97 121 228 250
0 19 97 121 250 273
0 19 97 121 273 296
0 19 97 121 296 319
0 19 97 121 319 341
0 19 97 121 341 364
0 19 97 121 364 387
0 19 97 121 387 409
0 19 97 121 409 432
0 19 97 121 432 455
0 19 97 121 455 478
0 19 97 121 478 500
0 19 97 121 500 523
0 19 97 121 523 546
0 19 97 121 546 568
0 19 97 121 568 591
0 19 97 121 591 614
0 19 97 121 614 637
0 19 97 121 637 659
0 19 97 121 659 682
0 19 97 121 682 705
0 19 97 121 705 728
0 19 121 145 0 23
0 19 121 145 23 46
0 19 121 145 46 69
0 19 121 145 69 91
0 19 121 145 91 114
0 19 121 145 114 137
0 19 121 145 137 160
0 19 121 145 160 182
0 19 121 145 182 205
0 19 121 145 205 228
0 19 121 145 228 250
0 19 121 145 250 273
0 19 121 145 273 296
0 19 121 145 296 319
0 19 121 145 319 341
0 19 121 145 341 364
0 19 121 145 364 387
0 19 121 145 387 409
0 19 121 145 409 432
0 19 121 145 432 455
0 19 121 145 455 478
0 19 121 145 478 500
0 19 121 145 500 523
0 19 121 145 523 546
0 19 121 145 546 568
0 19 121 145 568 591
0 19 121 145 591 614
0 19 121 145 614 637
0 19 121 145 637 659
0 19 121 145 659 682
0 19 121 145 682 705
0 19 121 145 705 728
0 19 145 169 0 23
0 19 145 169 23 46
0 19 145 169 46 69
0 19 145 169 69 91
0 19 145 169 91 114
0 19 145 169 114 137
0 19 145 169 137 160
0 19 145 169 160 182
0 19 145 169 182 205
0 19 145 169 205 228
0 19 145 169 228 250
0 19 145 169 250 273
0 19 145 169 273 296
0 19 145 169 296 319
0 19 145 169 319 341
0 19 145 169 341 364
0 19 145 169 364 387
0 19 145 169 387 409
0 19 145 169 409 432
0 19 145 169 432 455
0 19 145 169 455 478
0 19 145 169 478 500
0 19 145 169 500 523
0 19 145 169 523 546
0 19 145 169 546 568
0 19 145 169 568 591
0 19 145 169 591 614
0 19 145 169 614 637
0 19 145 169 637 659
0 19 145 169 659 682
0 19 145 169 682 705
0 19 145 169 705 728
0 19 169 194 0 23
0 19 169 194 23 46
0 19 169 194 46 69
0 19 169 194 69 91
0 19 169 194 91 114
0 19 169 194 114 137
0 19 169 194 137 160
0 19 169 194 160 182
0 19 169 194 182 205
0 19 169 194 205 228
0 19 169 194 228 250
0 19 169 194 250 273
0 19 169 194 273 296
0 19 169 194 296 319
0 19 169 194 319 341
0 19 169 194 341 364
0 19 169 194 364 387
0 19 169 194 387 409
0 19 169 194 409 432
0 19 169 194 432 455
0 19 169 194 455 478
0 19 169 194 478 500
0 19 169 194 500 523
0 19 169 194 523 546
0 19 169 194 546 568
0 19 169 194 568 591
0 19 169 194 591 614
0 19 169 194 614 637
0 19 169 194 637 659
0 19 169 194 659 682
0 19 169 194 682 705
0 19 169 194 705 728
19 37 0 25 0 23
19 37 0 25 23 46
19 37 0 25 46 69
19 37 0 25 69 91
19 37 0 25 91 114
19 37 0 25 114 137
19 37 0 25 137 160
19 37 0 25 160 182
19 37 0 25 182 205
19 37 0 25 205 228
19 37 0 25 228 250
19 37 0 25 250 273
19 37 0 25 273 296
19 37 0 25 296 319
19 37 0 25 319 341
19 37 0 25 341 364
19 37 0 25 364 387
19 37 0 25 387 409
19 37 0 25 409 432
19 37 0 25 432 455
19 37 0 25 455 478
19 37 0 25 478 500
19 37 0 25 500 523
19 37 0 25 523 546
19 37 0 25 546 568
19 37 0 25 568 591
19 37 0 25 591 614
19 37 0 25 614 637
19 37 0 25 637 659
19 37 0 25 659 682
19 37 0 25 682 705
19 37 0 25 705 728
19 37 25 49 0 23
19 37 25 49 23 46
19 37 25 49 46 69
19 37 25 49 69 91
19 37 25 49 91 114
19 37 25 49 114 137
19 37 25 49 137 160
19 37 25 49 160 182
19 37 25 49 182 205
19 37 25 49 205 228
19 37 25 49 228 250
19 37 25 49 250 273
19 37 25 49 273 296
19 37 25 49 296 319
19 37 25 49 319 341
19 37 25 49 341 364
19 37 25 49 364 387
19 37 25 49 387 409
19 37 25 49 409 432
19 37 25 49 432 455
19 37 25 49 455 478
19 37 25 49 478 500
19 37 25 49 500 523
19 37 25 49 523 546
19 37 25 49 546 568
19 37 25 49 568 591
19 37 25 49 591 614
19 37 25 49 614 637
19 37 25 49 637 659
19 37 25 49 659 682
19 37 25 49 682 705
19 37 25 49 705 728
19 37 49 73 0 23
19 37 49 73 23 46
19 37 49 73 46 69
19 37 49 73 69 91
19 37 49 73 91 114
19 37 49 73 114 137
19 37 49 73 137 160
19 37 49 73 160 182
19 37 49 73 182 205
19 37 49 73 205 228
19 37 49 73 228 250
19 37 49 73 250 273
19 37 49 73 273 296
19 37 49 73 296 319
19 37 49 73 319 341
19 37 49 73 341 364
19 37 49 73 364 387
19 37 49 73 387 409
19 37 49 73 409 432
19 37 49 73 432 455
19 37 49 73 455 478
19 37 49 73 478 500
19 37 49 73 500 523
19 37 49 73 523 546
19 37 49 73 546 568
19 37 49 73 568 591
19 37 49 73 591 614
19 37 49 73 614 637
19 37 49 73 637 659
19 37 49 73 659 682
19 37 49 73 682 705
19 37 49 73 705 728
19 37 73 97 0 23
19 37 73 97 23 46
19 37 73 97 46 69
19 37 73 97 69 91
19 37 73 97 91 114
19 37 73 97 114 137
19 37 73 97 137 160
19 37 73 97 160 182
19 37 73 97 182 205
19 37 73 97 205 228
19 37 73 97 228 250
19 37 73 97 250 273
19 37 73 97 273 296
19 37 73 97 296 319
19 37 73 97 319 341
19 37 73 97 341 364
19 37 73 97 364 387
19 37 73 97 387 409
19 37 73 97 409 432
19 37 73 97 432 455
19 37 73 97 455 478
19 37 73 97 478 500
19 37 73 97 500 523
19 37 73 97 523 546
19 37 73 97 546 568
19 37 73 97 568 591
19 37 73 97 591 614
19 37 73 97 614 637
19 37 73 97 637 659
19 37 73 97 659 682
19 37 73 97 682 705
19 37 73 97 705 728
19 37 97 121 0 23
19 37 97 121 23 46
19 37 97 121 46 69
19 37 97 121 69 91
19 37 97 121 91 114
19 37 97 121 114 137
19 37 97 121 137 160
19 37 97 121 160 182
19 37 97 121 182 205
19 37 97 121 205 228
19 37 97 121 228 250
19 37 97 121 250 273
19 37 97 121 273 296
19 37 97 121 296 319
19 37 97 121 319 341
19 37 97 121 341 364
19 37 97 121 364 387
19 37 97 121 387 409
19 37 97 121 409 432
19 37 97 121 432 455
19 37 97 121 455 478
19 37 97 121 478 500
19 37 97 121 500 523
19 37 97 121 523 546
19 37 97 121 546 568
19 37 97 121 568 591
19 37 97 121 591 614
19 37 97 121 614 637
19 37 97 121 637 659
19 37 97 121 659 682
19 37 97 121 682 705
19 37 97 121 705 728
19 37 121 145 0 23
19 37 121 145 23 46
19 37 121 145 46 69
19 37 121 145 69 91
19 37 121 145 91 114
19 37 121 145 114 137
19 37 121 145 137 160
19 37 121 145 160 182
19 37 121 145 182 205
19 37 121 145 205 228
19 37 121 145 228 250
19 37 121 145 250 273
19 37 121 145 273 296
19 37 121 145 296 319
19 37 121 145 319 341
19 37 121 145 341 364
19 37 121 145 364 387
19 37 121 145 387 409
19 37 121 145 409 432
19 37 121 145 432 455
19 37 121 145 455 478
19 37 121 145 478 500
19 37 121 145 500 523
19 37 121 145 523 546
19 37 121 145 546 568
19 37 121 145 568 591
19 37 121 145 591 614
19 37 121 145 614 637
19 37 121 145 637 659
19 37 121 145 659 682
19 37 121 145 682 705
19 37 121 145 705 728
19 37 145 169 0 23
19 37 145 169 23 46
19 37 145 169 46 69
19 37 145 169 69 91
19 37 145 169 91 114
19 37 145 169 114 137
19 37 145 169 137 160
19 37 145 169 160 182
19 37 145 169 182 205
19 37 145 169 205 228
19 37 145 169 228 250
19 37 145 169 250 273
19 37 145 169 273 296
19 37 145 169 296 319
19 37 145 169 319 341
19 37 145 169 341 364
19 37 145 169 364 387
19 37 145 169 387 409
19 37 145 169 409 432
19 37 145 169 432 455
19 37 145 169 455 478
19 37 145 169 478 500
19 37 145 169 500 523
19 37 145 169 523 546
19 37 145 169 546 568
19 37 145 169 568 591
19 37 145 169 591 614
19 37 145 169 614 637
19 37 145 169 637 659
19 37 145 169 659 682
19 37 145 169 682 705
19 37 145 169 705 728
19 37 169 194 0 23
19 37 169 194 23 46
19 37 169 194 46 69
19 37 169 194 69 91
19 37 169 194 91 114
19 37 169 194 114 137
19 37 169 194 137 160
19 37 169 194 160 182
19 37 169 194 182 205
19 37 169 194 205 228
19 37 169 194 228 250
19 37 169 194 250 273
19 37 169 194 273 296
19 37 169 194 296 319
19 37 169 194 319 341
19 37 169 194 341 364
19 37 169 194 364 387
19 37 169 194 387 409
19 37 169 194 409 432
19 37 169 194 432 455
19 37 169 194 455 478
19 37 169 194 478 500
19 37 169 194 500 523
19 37 169 194 523 546
19 37 169 194 546 568
19 37 169 194 568 591
19 37 169 194 591 614
19 37 169 194 614 637
19 37 169 194 637 659
19 37 169 194 659 682
19 37 169 194 682 705
19 37 169 194 705 728
37 55 0 25 0 23
37 55 0 25 23 46
37 55 0 25 46 69
37 55 0 25 69 91
37 55 0 25 91 114
37 55 0 25 114 137
37 55 0 25 137 160
37 55 0 25 160 182
37 55 0 25 182 205
37 55 0 25 205 228
37 55 0 25 228 250
37 55 0 25 250 273
37 55 0 25 273 296
37 55 0 25 296 319
37 55 0 25 319 341
37 55 0 25 341 364
37 55 0 25 364 387
37 55 0 25 387 409
37 55 0 25 409 432
37 55 0 25 432 455
37 55 0 25 455 478
37 55 0 25 478 500
37 55 0 25 500 523
37 55 0 25 523 546
37 55 0 25 546 568
37 55 0 25 568 591
37 55 0 25 591 614
37 55 0 25 614 637
37 55 0 25 637 659
37 55 0 25 659 682
37 55 0 25 682 705
37 55 0 25 705 728
37 55 25 49 0 23
37 55 25 49 23 46
37 55 25 49 46 69
37 55 25 49 69 91
37 55 25 49 91 114
37 55 25 49 114 137
37 55 25 49 137 160
37 55 25 49 160 182
37 55 25 49 182 205
37 55 25 49 205 228
37 55 25 49 228 250
37 55 25 49 250 273
37 55 25 49 273 296
37 55 25 49 296 319
37 55 25 49 319 341
37 55 25 49 341 364
37 55 25 49 364 387
37 55 25 49 387 409
37 55 25 49 409 432
37 55 25 49 432 455
37 55 25 49 455 478
37 55 25 49 478 500
37 55 25 49 500 523
37 55 25 49 523 546
37 55 25 49 546 568
37 55 25 49 568 591
37 55 25 49 591 614
37 55 25 49 614 637
37 55 25 49 637 659
37 55 25 49 659 682
37 55 25 49 682 705
37 55 25 49 705 728
37 55 49 73 0 23
37 55 49 73 23 46
37 55 49 73 46 69
37 55 49 73 69 91
37 55 49 73 91 114
37 55 49 73 114 137
37 55 49 73 137 160
37 55 49 73 160 182
37 55 49 73 182 205
37 55 49 73 205 228
37 55 49 73 228 250
37 55 49 73 250 273
37 55 49 73 273 296
37 55 49 73 296 319
37 55 49 73 319 341
37 55 49 73 341 364
37 55 49 73 364 387
37 55 49 73 387 409
37 55 49 73 409 432
37 55 49 73 432 455
37 55 49 73 455 478
37 55 49 73 478 500
37 55 49 73 500 523
37 55 49 73 523 546
37 55 49 73 546 568
37 55 49 73 568 591
37 55 49 73 591 614
37 55 49 73 614 637
37 55 49 73 637 659
37 55 49 73 659 682
37 55 49 73 682 705
37 55 49 73 705 728
37 55 73 97 0 23
37 55 73 97 23 46
37 55 73 97 46 69
37 55 73 97 69 91
37 55 73 97 91 114
37 55 73 97 114 137
37 55 73 97 137 160
37 55 73 97 160 182
37 55 73 97 182 205
37 55 73 97 205 228
37 55 73 97 228 250
37 55 73 97 250 273
37 55 73 97 273 296
37 55 73 97 296 319
37 55 73 97 319 341
37 55 73 97 341 364
37 55 73 97 364 387
37 55 73 97 387 409
37 55 73 97 409 432
37 55 73 97 432 455
37 55 73 97 455 478
37 55 73 97 478 500
37 55 73 97 500 523
37 55 73 97 523 546
37 55 73 97 546 568
37 55 73 97 568 591
37 55 73 97 591 614
37 55 73 97 614 637
37 55 73 97 637 659
37 55 73 97 659 682
37 55 73 97 682 705
37 55 73 97 705 728
37 55 97 121 0 23
37 55 97 121 23 46
37 55 97 121 46 69
37 55 97 121 69 91
37 55 97 121 91 114
37 55 97 121 114 137
37 55 97 121 137 160
37 55 97 121 160 182
37 55 97 121 182 205
37 55 97 121 205 228
37 55 97 121 228 250
37 55 97 121 250 273
37 55 97 121 273 296
37 55 97 121 296 319
37 55 97 121 319 341
37 55 97 121 341 364
37 55 97 121 364 387
37 55 97 121 387 409
37 55 97 121 409 432
37 55 97 121 432 455
37 55 97 121 455 478
37 55 97 121 478 500
37 55 97 121 500 523
37 55 97 121 523 546
37 55 97 121 546 568
37 55 97 121 568 591
37 55 97 121 591 614
37 55 97 121 614 637
37 55 97 121 637 659
37 55 97 121 659 682
37 55 97 121 682 705
37 55 97 121 705 728
37 55 121 145 0 23
37 55 121 145 23 46
37 55 121 145 46 69
37 55 121 145 69 91
37 55 121 145 91 114
37 55 121 145 114 137
37 55 121 145 137 160
37 55 121 145 160 182
37 55 121 145 182 205
37 55 121 145 205 228
37 55 121 145 228 250
37 55 121 145 250 273
37 55 121 145 273 296
37 55 121 145 296 319
37 55 121 145 319 341
37 55 121 145 341 364
37 55 121 145 364 387
37 55 121 145 387 409
37 55 121 145 409 432
37 55 121 145 432 455
37 55 121 145 455 478
37 55 121 145 478 500
37 55 121 145 500 523
37 55 121 145 523 546
37 55 121 145 546 568
37 55 121 145 568 591
37 55 121 145 591 614
37 55 121 145 614 637
37 55 121 145 637 659
37 55 121 145 659 682
37 55 121 145 682 705
37 55 121 145 705 728
37 55 145 169 0 23
37 55 145 169 23 46
37 55 145 169 46 69
37 55 145 169 69 91
37 55 145 169 91 114
37 55 145 169 114 137
37 55 145 169 137 160
37 55 145 169 160 182
37 55 145 169 182 205
37 55 145 169 205 228
37 55 145 169 228 250
37 55 145 169 250 273
37 55 145 169 273 296
37 55 145 169 296 319
37 55 145 169 319 341
37 55 145 169 341 364
37 55 145 169 364 387
37 55 145 169 387 409
37 55 145 169 409 432
37 55 145 169 432 455
37 55 145 169 455 478
37 55 145 169 478 500
37 55 145 169 500 523
37 55 145 169 523 546
37 55 145 169 546 568
37 55 145 169 568 591
37 55 145 169 591 614
37 55 145 169 614 637
37 55 145 169 637 659
37 55 145 169 659 682
37 55 145 169 682 705
37 55 145 169 705 728
37 55 169 194 0 23
37 55 169 194 23 46
37 55 169 194 46 69
37 55 169 194 69 91
37 55 169 194 91 114
37 55 169 194 114 137
37 55 169 194 137 160
37 55 169 194 160 182
37 55 169 194 182 205
37 55 169 194 205 228
37 55 169 194 228 250
37 55 169 194 250 273
37 55 169 194 273 296
37 55 169 194 296 319
37 55 169 194 319 341
37 55 169 194 341 364
37 55 169 194 364 387
37 55 169 194 387 409
37 55 169 194 409 432
37 55 169 194 432 455
37 55 169 194 455 478
37 55 169 194 478 500
37 55 169 194 500 523
37 55 169 194 523 546
37 55 169 194 546 568
37 55 169 194 568 591
37 55 169 194 591 614
37 55 169 194 614 637
37 55 169 194 637 659
37 55 169 194 659 682
37 55 169 194 682 705
37 55 169 194 705 728
55 74 0 25 0 23
55 74 0 25 23 46
55 74 0 25 46 69
55 74 0 25 69 91
55 74 0 25 91 114
55 74 0 25 114 137
55 74 0 25 137 160
55 74 0 25 160 182
55 74 0 25 182 205
55 74 0 25 205 228
55 74 0 25 228 250
55 74 0 25 250 273
55 74 0 25 273 296
55 74 0 25 296 319
55 74 0 25 319 341
55 74 0 25 341 364
55 74 0 25 364 387
55 74 0 25 387 409
55 74 0 25 409 432
55 74 0 25 432 455
55 74 0 25 455 478
55 74 0 25 478 500
55 74 0 25 500 523
55 74 0 25 523 546
55 74 0 25 546 568
55 74 0 25 568 591
55 74 0 25 591 614
55 74 0 25 614 637
55 74 0 25 637 659
55 74 0 25 659 682
55 74 0 25 682 705
55 74 0 25 705 728
55 74 25 49 0 23
55 74 25 49 23 46
55 74 25 49 46 69
55 74 25 49 69 91
55 74 25 49 91 114
55 74 25 49 114 137
55 74 25 49 137 160
55 74 25 49 160 182
55 74 25 49 182 205
55 74 25 49 205 228
55 74 25 49 228 250
55 74 25 49 250 273
55 74 25 49 273 296
55 74 25 49 296 319
55 74 25 49 319 341
55 74 25 49 341 364
55 74 25 49 364 387
55 74 25 49 387 409
55 74 25 49 409 432
55 74 25 49 432 455
55 74 25 49 455 478
55 74 25 49 478 500
55 74 25 49 500 523
55 74 25 49 523 546
55 74 25 49 546 568
55 74 25 49 568 591
55 74 25 49 591 614
55 74 25 49 614 637
55 74 25 49 637 659
55 74 25 49 659 682
55 74 25 49 682 705
55 74 25 49 705 728
55 74 49 73 0 23
55 74 49 73 23 46
55 74 49 73 46 69
55 74 49 73 69 91
55 74 49 73 91 114
55 74 49 73 114 137
55 74 49 73 137 160
55 74 49 73 160 182
55 74 49 73 182 205
55 74 49 73 205 228
55 74 49 73 228 250
55 74 49 73 250 273
55 74 49 73 273 296
55 74 49 73 296 319
55 74 49 73 319 341
55 74 49 73 341 364
55 74 49 73 364 387
55 74 49 73 387 409
55 74 49 73 409 432
55 74 49 73 432 455
55 74 49 73 455 478
55 74 49 73 478 500
55 74 49 73 500 523
55 74 49 73 523 546
55 74 49 73 546 568
55 74 49 73 568 591
55 74 49 73 591 614
55 74 49 73 614 637
55 74 49 73 637 659
55 74 49 73 659 682
55 74 49 73 682 705
55 74 49 73 705 728
55 74 73 97 0 23
55 74 73 97 23 46
55 74 73 97 46 69
55 74 73 97 69 91
55 74 73 97 91 114
55 74 73 97 114 137
55 74 73 97 137 160
55 74 73 97 160 182
55 74 73 97 182 205
55 74 73 97 205 228
55 74 73 97 228 250
55 74 73 97 250 273
55 74 73 97 273 296
55 74 73 97 296 319
55 74 73 97 319 341
55 74 73 97 341 364
55 74 73 97 364 387
55 74 73 97 387 409
55 74 73 97 409 432
55 74 73 97 432 455
55 74 73 97 455 478
55 74 73 97 478 500
55 74 73 97 500 523
55 74 73 97 523 546
55 74 73 97 546 568
55 74 73 97 568 591
55 74 73 97 591 614
55 74 73 97 614 637
55 74 73 97 637 659
55 74 73 97 659 682
55 74 73 97 682 705
55 74 73 97 705 728
55 74 97 121 0 23
55 74 97 121 23 46
55 74 97 121 46 69
55 74 97 121 69 91
55 74 97 121 91 114
55 74 97 121 114 137
55 74 97 121 137 160
55 74 97 121 160 182
55 74 97 121 182 205
55 74 97 121 205 228
55 74 97 121 228 250
55 74 97 121 250 273
55 74 97 121 273 296
55 74 97 121 296 319
55 74 97 121 319 341
55 74 97 121 341 364
55 74 97 121 364 387
55 74 97 121 387 409
55 74 97 121 409 432
55 74 97 121 432 455
55 74 97 121 455 478
55 74 97 121 478 500
55 74 97 121 500 523
55 74 97 121 523 546
55 74 97 121 546 568
55 74 97 121 568 591
55 74 97 121 591 614
55 74 97 121 614 637
55 74 97 121 637 659
55 74 97 121 659 682
55 74 97 121 682 705
55 74 97 121 705 728
55 74 121 145 0 23
55 74 121 145 23 46
55 74 121 145 46 69
55 74 121 145 69 91
55 74 121 145 91 114
55 74 121 145 114 137
55 74 121 145 137 160
55 74 121 145 160 182
55 74 121 145 182 205
55 74 121 145 205 228
55 74 121 145 228 250
55 74 121 145 250 273
55 74 121 145 273 296
55 74 121 145 296 319
55 74 121 145 319 341
55 74 121 145 341 364
55 74 121 145 364 387
55 74 121 145 387 409
55 74 121 145 409 432
55 74 121 145 432 455
55 74 121 145 455 478
55 74 121 145 478 500
55 74 121 145 500 523
55 74 121 145 523 546
55 74 121 145 546 568
55 74 121 145 568 591
55 74 121 145 591 614
55 74 121 145 614 637
55 74 121 145 637 659
55 74 121 145 659 682
55 74 121 145 682 705
55 74 121 145 705 728
55 74 145 169 0 23
55 74 145 169 23 46
55 74 145 169 46 69
55 74 145 169 69 91
55 74 145 169 91 114
55 74 145 169 114 137
55 74 145 169 137 160
55 74 145 169 160 182
55 74 145 169 182 205
55 74 145 169 205 228
55 74 145 169 228 250
55 74 145 169 250 273
55 74 145 169 273 296
55 74 145 169 296 319
55 74 145 169 319 341
55 74 145 169 341 364
55 74 145 169 364 387
55 74 145 169 387 409
55 74 145 169 409 432
55 74 145 169 432 455
55 74 145 169 455 478
55 74 145 169 478 500
55 74 145 169 500 523
55 74 145 169 523 546
55 74 145 169 546 568
55 74 145 169 568 591
55 74 145 169 591 614
55 74 145 169 614 637
55 74 145 169 637 659
55 74 145 169 659 682
55 74 145 169 682 705
55 74 145 169 705 728
55 74 169 194 0 23
55 74 169 194 23 46
55 74 169 194 46 69
55 74 169 194 69 91
55 74 169 194 91 114
55 74 169 194 114 137
55 74 169 194 137 160
55 74 169 194 160 182
55 74 169 194 182 205
55 74 169 194 205 228
55 74 169 194 228 250
55 74 169 194 250 273
55 74 169 194 273 296
55 74 169 194 296 319
55 74 169 194 319 341
55 74 169 194 341 364
55 74 169 194 364 387
55 74 169 194 387 409
55 74 169 194 409 432
55 74 169 194 432 455
55 74 169 194 455 478
55 74 169 194 478 500
55 74 169 194 500 523
55 74 169 194 523 546
55 74 169 194 546 568
55 74 169 194 568 591
55 74 169 194 591 614
55 74 169 194 614 637
55 74 169 194 637 659
55 74 169 194 659 682
55 74 169 194 682 705
55 74 169 194 705 728
74 92 0 25 0 23
74 92 0 25 23 46
74 92 0 25 46 69
74 92 0 25 69 91
74 92 0 25 91 114
74 92 0 25 114 137
74 92 0 25 137 160
74 92 0 25 160 182
74 92 0 25 182 205
74 92 0 25 205 228
74 92 0 25 228 250
74 92 0 25 250 273
74 92 0 25 273 296
74 92 0 25 296 319
74 92 0 25 319 341
74 92 0 25 341 364
74 92 0 25 364 387
74 92 0 25 387 409
74 92 0 25 409 432
74 92 0 25 432 455
74 92 0 25 455 478
74 92 0 25 478 500
74 92 0 25 500 523
74 92 0 25 523 546
74 92 0 25 546 568
74 92 0 25 568 591
74 92 0 25 591 614
74 92 0 25 614 637
74 92 0 25 637 659
74 92 0 25 659 682
74 92 0 25 682 705
74 92 0 25 705 728
74 92 25 49 0 23
74 92 25 49 23 46
74 92 25 49 46 69
74 92 25 49 69 91
74 92 25 49 91 114
74 92 25 49 114 137
74 92 25 49 137 160
74 92 25 49 160 182
74 92 25 49 182 205
74 92 25 49 205 228
74 92 25 49 228 250
74 92 25 49 250 273
74 92 25 49 273 296
74 92 25 49 296 319
74 92 25 49 319 341
74 92 25 49 341 364
74 92 25 49 364 387
74 92 25 49 387 409
74 92 25 49 409 432
74 92 25 49 432 455
74 92 25 49 455 478
74 92 25 49 478 500
74 92 25 49 500 523
74 92 25 49 523 546
74 92 25 49 546 568
74 92 25 49 568 591
74 92 25 49 591 614
74 92 25 49 614 637
74 92 25 49 637 659
74 92 25 49 659 682
74 92 25 49 682 705
74 92 25 49 705 728
74 92 49 73 0 23
74 92 49 73 23 46
74 92 49 73 46 69
74 92 49 73 69 91
74 92 49 73 91 114
74 92 49 73 114 137
74 92 49 73 137 160
74 92 49 73 160 182
74 92 49 73 182 205
74 92 49 73 205 228
74 92 49 73 228 250
74 92 49 73 250 273
74 92 49 73 273 296
74 92 49 73 296 319
74 92 49 73 319 341
74 92 49 73 341 364
74 92 49 73 364 387
74 92 49 73 387 409
74 92 49 73 409 432
74 92 49 73 432 455
74 92 49 73 455 478
74 92 49 73 478 500
74 92 49 73 500 523
74 92 49 73 523 546
74 92 49 73 546 568
74 92 49 73 568 591
74 92 49 73 591 614
74 92 49 73 614 637
74 92 49 73 637 659
74 92 49 73 659 682
74 92 49 73 682 705
74 92 49 73 705 728
74 92 73 97 0 23
74 92 73 97 23 46
74 92 73 97 46 69
74 92 73 97 69 91
74 92 73 97 91 114
74 92 73 97 114 137
74 92 73 97 137 160
74 92 73 97 160 182
74 92 73 97 182 205
74 92 73 97 205 228
74 92 73 97 228 250
74 92 73 97 250 273
74 92 73 97 273 296
74 92 73 97 296 319
74 92 73 97 319 341
74 92 73 97 341 364
74 92 73 97 364 387
74 92 73 97 387 409
74 92 73 97 409 432
74 92 73 97 432 455
74 92 73 97 455 478
74 92 73 97 478 500
74 92 73 97 500 523
74 92 73 97 523 546
74 92 73 97 546 568
74 92 73 97 568 591
74 92 73 97 591 614
74 92 73 97 614 637
74 92 73 97 637 659
74 92 73 97 659 682
74 92 73 97 682 705
74 92 73 97 705 728
74 92 97 121 0 23
74 92 97 121 23 46
74 92 97 121 46 69
74 92 97 121 69 91
74 92 97 121 91 114
74 92 97 121 114 137
74 92 97 121 137 160
74 92 97 121 160 182
74 92 97 121 182 205
74 92 97 121 205 228
74 92 97 121 228 250
74 92 97 121 250 273
74 92 97 121 273 296
74 92 97 121 296 319
74 92 97 121 319 341
74 92 97 121 341 364
74 92 97 121 364 387
74 92 97 121 387 409
74 92 97 121 409 432
74 92 97 121 432 455
74 92 97 121 455 478
74 92 97 121 478 500
74 92 97 121 500 523
74 92 97 121 523 546
74 92 97 121 546 568
74 92 97 121 568 591
74 92 97 121 591 614
74 92 97 121 614 637
74 92 97 121 637 659
74 92 97 121 659 682
74 92 97 121 682 705
74 92 97 121 705 728
74 92 121 145 0 23
74 92 121 145 23 46
74 92 121 145 46 69
74 92 121 145 69 91
74 92 121 145 91 114
74 92 121 145 114 137
74 92 121 145 137 160
74 92 121 145 160 182
74 92 121 145 182 205
74 92 121 145 205 228
74 92 121 145 228 250
74 92 121 145 250 273
74 92 121 145 273 296
74 92 121 145 296 319
74 92 121 145 319 341
74 92 121 145 341 364
74 92 121 145 364 387
74 92 121 145 387 409
74 92 121 145 409 432
74 92 121 145 432 455
74 92 121 145 455 478
74 92 121 145 478 500
74 92 121 145 500 523
74 92 121 145 523 546
74 92 121 145 546 568
74 92 121 145 568 591
74 92 121 145 591 614
74 92 121 145 614 637
74 92 121 145 637 659
74 92 121 145 659 682
74 92 121 145 682 705
74 92 121 145 705 728
74 92 145 169 0 23
74 92 145 169 23 46
74 92 145 169 46 69
74 92 145 169 69 91
74 92 145 169 91 114
74 92 145 169 114 137
74 92 145 169 137 160
74 92 145 169 160 182
74 92 145 169 182 205
74 92 145 169 205 228
74 92 145 169 228 250
74 92 145 169 250 273
74 92 145 169 273 296
74 92 145 169 296 319
74 92 145 169 319 341
74 92 145 169 341 364
74 92 145 169 364 387
74 92 145 169 387 409
74 92 145 169 409 432
74 92 145 169 432 455
74 92 145 169 455 478
74 92 145 169 478 500
74 92 145 169 500 523
74 92 145 169 523 546
74 92 145 169 546 568
74 92 145 169 568 591
74 92 145 169 591 614
74 92 145 169 614 637
74 92 145 169 637 659
74 92 145 169 659 682
74 92 145 169 682 705
74 92 145 169 705 728
74 92 169 194 0 23
74 92 169 194 23 46
74 92 169 194 46 69
74 92 169 194 69 91
74 92 169 194 91 114
74 92 169 194 114 137
74 92 169 194 137 160
74 92 169 194 160 182
74 92 169 194 182 205
74 92 169 194 205 228
74 92 169 194 228 250
74 92 169 194 250 273
74 92 169 194 273 296
74 92 169 194 296 319
74 92 169 194 319 341
74 92 169 194 341 364
74 92 169 194 364 387
74 92 169 194 387 409
74 92 169 194 409 432
74 92 169 194 432 455
74 92 169 194 455 478
74 92 169 194 478 500
74 92 169 194 500 523
74 92 169 194 523 546
74 92 169 194 546 568
74 92 169 194 568 591
74 92 169 194 591 614
74 92 169 194 614 637
74 92 169 194 637 659
74 92 169 194 659 682
74 92 169 194 682 705
74 92 169 194 705 728
92 110 0 25 0 23
92 110 0 25 23 46
92 110 0 25 46 69
92 110 0 25 69 91
92 110 0 25 91 114
92 110 0 25 114 137
92 110 0 25 137 160
92 110 0 25 160 182
92 110 0 25 182 205
92 110 0 25 205 228
92 110 0 25 228 250
92 110 0 25 250 273
92 110 0 25 273 296
92 110 0 25 296 319
92 110 0 25 319 341
92 110 0 25 341 364
92 110 0 25 364 387
92 110 0 25 387 409
92 110 0 25 409 432
92 110 0 25 432 455
92 110 0 25 455 478
92 110 0 25 478 500
92 110 0 25 500 523
92 110 0 25 523 546
92 110 0 25 546 568
92 110 0 25 568 591
92 110 0 25 591 614
92 110 0 25 614 637
92 110 0 25 637 659
92 110 0 25 659 682
92 110 0 25 682 705
92 110 0 25 705 728
92 110 25 49 0 23
92 110 25 49 23 46
92 110 25 49 46 69
92 110 25 49 69 91
92 110 25 49 91 114
92 110 25 49 114 137
92 110 25 49 137 160
92 110 25 49 160 182
92 110 25 49 182 205
92 110 25 49 205 228
92 110 25 49 228 250
92 110 25 49 250 273
92 110 25 49 273 296
92 110 25 49 296 319
92 110 25 49 319 341
92 110 25 49 341 364
92 110 25 49 364 387
92 110 25 49 387 409
92 110 25 49 409 432
92 110 25 49 432 455
92 110 25 49 455 478
92 110 25 49 478 500
92 110 25 49 500 523
92 110 25 49 523 546
92 110 25 49 546 568
92 110 25 49 568 591
92 110 25 49 591 614
92 110 25 49 614 637
92 110 25 49 637 659
92 110 25 49 659 682
92 110 25 49 682 705
92 110 25 49 705 728
92 110 49 73 0 23
92 110 49 73 23 46
92 110 49 73 46 69
92 110 49 73 69 91
92 110 49 73 91 114
92 110 49 73 114 137
92 110 49 73 137 160
92 110 49 73 160 182
92 110 49 73 182 205
92 110 49 73 205 228
92 110 49 73 228 250
92 110 49 73 250 273
92 110 49 73 273 296
92 110 49 73 296 319
92 110 49 73 319 341
92 110 49 73 341 364
92 110 49 73 364 387
92 110 49 73 387 409
92 110 49 73 409 432
92 110 49 73 432 455
92 110 49 73 455 478
92 110 49 73 478 500
92 110 49 73 500 523
92 110 49 73 523 546
92 110 49 73 546 568
92 110 49 73 568 591
92 110 49 73 591 614
92 110 49 73 614 637
92 110 49 73 637 659
92 110 49 73 659 682
92 110 49 73 682 705
92 110 49 73 705 728
92 110 73 97 0 23
92 110 73 97 23 46
92 110 73 97 46 69
92 110 73 97 69 91
92 110 73 97 91 114
92 110 73 97 114 137
92 110 73 97 137 160
92 110 73 97 160 182
92 110 73 97 182 205
92 110 73 97 205 228
92 110 73 97 228 250
92 110 73 97 250 273
92 110 73 97 273 296
92 110 73 97 296 319
92 110 73 97 319 341
92 110 73 97 341 364
92 110 73 97 364 387
92 110 73 97 387 409
92 110 73 97 409 432
92 110 73 97 432 455
92 110 73 97 455 478
92 110 73 97 478 500
92 110 73 97 500 523
92 110 73 97 523 546
92 110 73 97 546 568
92 110 73 97 568 591
92 110 73 97 591 614
92 110 73 97 614 637
92 110 73 97 637 659
92 110 73 97 659 682
92 110 73 97 682 705
92 110 73 97 705 728
92 110 97 121 0 23
92 110 97 121 23 46
92 110 97 121 46 69
92 110 97 121 69 91
92 110 97 121 91 114
92 110 97 121 114 137
92 110 97 121 137 160
92 110 97 121 160 182
92 110 97 121 182 205
92 110 97 121 205 228
92 110 97 121 228 250
92 110 97 121 250 273
92 110 97 121 273 296
92 110 97 121 296 319
92 110 97 121 319 341
92 110 97 121 341 364
92 110 97 121 364 387
92 110 97 121 387 409
92 110 97 121 409 432
92 110 97 121 432 455
92 110 97 121 455 478
92 110 97 121 478 500
92 110 97 121 500 523
92 110 97 121 523 546
92 110 97 121 546 568
92 110 97 121 568 591
92 110 97 121 591 614
92 110 97 121 614 637
92 110 97 121 637 659
92 110 97 121 659 682
92 110 97 121 682 705
92 110 97 121 705 728
92 110 121 145 0 23
92 110 121 145 23 46
92 110 121 145 46 69
92 110 121 145 69 91
92 110 121 145 91 114
92 110 121 145 114 137
92 110 121 145 137 160
92 110 121 145 160 182
92 110 121 145 182 205
92 110 121 145 205 228
92 110 121 145 228 250
92 110 121 145 250 273
92 110 121 145 273 296
92 110 121 145 296 319
92 110 121 145 319 341
92 110 121 145 341 364
92 110 121 145 364 387
92 110 121 145 387 409
92 110 121 145 409 432
92 110 121 145 432 455
92 110 121 145 455 478
92 110 121 145 478 500
92 110 121 145 500 523
92 110 121 145 523 546
92 110 121 145 546 568
92 110 121 145 568 591
92 110 121 145 591 614
92 110 121 145 614 637
92 110 121 145 637 659
92 110 121 145 659 682
92 110 121 145 682 705
92 110 121 145 705 728
92 110 145 169 0 23
92 110 145 169 23 46
92 110 145 169 46 69
92 110 145 169 69 91
92 110 145 169 91 114
92 110 145 169 114 137
92 110 145 169 137 160
92 110 145 169 160 182
92 110 145 169 182 205
92 110 145 169 205 228
92 110 145 169 228 250
92 110 145 169 250 273
92 110 145 169 273 296
92 110 145 169 296 319
92 110 145 169 319 341
92 110 145 169 341 364
92 110 145 169 364 387
92 110 145 169 387 409
92 110 145 169 409 432
92 110 145 169 432 455
92 110 145 169 455 478
92 110 145 169 478 500
92 110 145 169 500 523
92 110 145 169 523 546
92 110 145 169 546 568
92 110 145 169 568 591
92 110 145 169 591 614
92 110 145 169 614 637
92 110 145 169 637 659
92 110 145 169 659 682
92 110 145 169 682 705
92 110 145 169 705 728
92 110 169 194 0 23
92 110 169 194 23 46
92 110 169 194 46 69
92 110 169 194 69 91
92 110 169 194 91 114
92 110 169 194 114 137
92 110 169 194 137 160
92 110 169 194 160 182
92 110 169 194 182 205
92 110 169 194 205 228
92 110 169 194 228 250
92 110 169 194 250 273
92 110 169 194 273 296
92 110 169 194 296 319
92 110 169 194 319 341
92 110 169 194 341 364
92 110 169 194 364 387
92 110 169 194 387 409
92 110 169 194 409 432
92 110 169 194 432 455
92 110 169 194 455 478
92 110 169 194 478 500
92 110 169 194 500 523
92 110 169 194 523 546
92 110 169 194 546 568
92 110 169 194 568 591
92 110 169 194 591 614
92 110 169 194 614 637
92 110 169 194 637 659
92 110 169 194 659 682
92 110 169 194 682 705
92 110 169 194 705 728
110 128 0 25 0 23
110 128 0 25 23 46
110 128 0 25 46 69
110 128 0 25 69 91
110 128 0 25 91 114
110 128 0 25 114 137
110 128 0 25 137 160
110 128 0 25 160 182
110 128 0 25 182 205
110 128 0 25 205 228
110 128 0 25 228 250
110 128 0 25 250 273
110 128 0 25 273 296
110 128 0 25 296 319
110 128 0 25 319 341
110 128 0 25 341 364
110 128 0 25 364 387
110 128 0 25 387 409
110 128 0 25 409 432
110 128 0 25 432 455
110 128 0 25 455 478
110 128 0 25 478 500
110 128 0 25 500 523
110 128 0 25 523 546
110 128 0 25 546 568
110 128 0 25 568 591
110 128 0 25 591 614
110 128 0 25 614 637
110 128 0 25 637 659
110 128 0 25 659 682
110 128 0 25 682 705
110 128 0 25 705 728
110 128 25 49 0 23
110 128 25 49 23 46
110 128 25 49 46 69
110 128 25 49 69 91
110 128 25 49 91 114
110 128 25 49 114 137
110 128 25 49 137 160
110 128 25 49 160 182
110 128 25 49 182 205
110 128 25 49 205 228
110 128 25 49 228 250
110 128 25 49 250 273
110 128 25 49 273 296
110 128 25 49 296 319
110 128 25 49 319 341
110 128 25 49 341 364
110 128 25 49 364 387
110 128 25 49 387 409
110 128 25 49 409 432
110 128 25 49 432 455
110 128 25 49 455 478
110 128 25 49 478 500
110 128 25 49 500 523
110 128 25 49 523 546
110 128 25 49 546 568
110 128 25 49 568 591
110 128 25 49 591 614
110 128 25 49 614 637
110 128 25 49 637 659
110 128 25 49 659 682
110 128 25 49 682 705
110 128 25 49 705 728
110 128 49 73 0 23
110 128 49 73 23 46
110 128 49 73 46 69
110 128 49 73 69 91
110 128 49 73 91 114
110 128 49 73 114 137
110 128 49 73 137 160
110 128 49 73 160 182
110 128 49 73 182 205
110 128 49 73 205 228
110 128 49 73 228 250
110 128 49 73 250 273
110 128 49 73 273 296
110 128 49 73 296 319
110 128 49 73 319 341
110 128 49 73 341 364
110 128 49 73 364 387
110 128 49 73 387 409
110 128 49 73 409 432
110 128 49 73 432 455
110 128 49 73 455 478
110 128 49 73 478 500
110 128 49 73 500 523
110 128 49 73 523 546
110 128 49 73 546 568
110 128 49 73 568 591
110 128 49 73 591 614
110 128 49 73 614 637
110 128 49 73 637 659
110 128 49 73 659 682
110 128 49 73 682 705
110 128 49 73 705 728
110 128 73 97 0 23
110 128 73 97 23 46
110 128 73 97 46 69
110 128 73 97 69 91
110 128 73 97 91 114
110 128 73 97 114 137
110 128 73 97 137 160
110 128 73 97 160 182
110 128 73 97 182 205
110 128 73 97 205 228
110 128 73 97 228 250
110 128 73 97 250 273
110 128 73 97 273 296
110 128 73 97 296 319
110 128 73 97 319 341
110 128 73 97 341 364
110 128 73 97 364 387
110 128 73 97 387 409
110 128 73 97 409 432
110 128 73 97 432 455
110 128 73 97 455 478
110 128 73 97 478 500
110 128 73 97 500 523
110 128 73 97 523 546
110 128 73 97 546 568
110 128 73 97 568 591
110 128 73 97 591 614
110 128 73 97 614 637
110 128 73 97 637 659
110 128 73 97 659 682
110 128 73 97 682 705
110 128 73 97 705 728
110 128 97 121 0 23
110 128 97 121 23 46
110 128 97 121 46 69
110 128 97 121 69 91
110 128 97 121 91 114
110 128 97 121 114 137
110 128 97 121 137 160
110 128 97 121 160 182
110 128 97 121 182 205
110 128 97 121 205 228
110 128 97 121 228 250
110 128 97 121 250 273
110 128 97 121 273 296
110 128 97 121 296 319
110 128 97 121 319 341
110 128 97 121 341 364
110 128 97 121 364 387
110 128 97 121 387 409
110 128 97 121 409 432
110 128 97 121 432 455
110 128 97 121 455 478
110 128 97 121 478 500
110 128 97 121 500 523
110 128 97 121 523 546
110 128 97 121 546 568
110 128 97 121 568 591
110 128 97 121 591 614
110 128 97 121 614 637
110 128 97 121 637 659
110 128 97 121 659 682
110 128 97 121 682 705
110 128 97 121 705 728
110 128 121 145 0 23
110 128 121 145 23 46
110 128 121 145 46 69
110 128 121 145 69 91
110 128 121 145 91 114
110 128 121 145 114 137
110 128 121 145 137 160
110 128 121 145 160 182
110 128 121 145 182 205
110 128 121 145 205 228
110 128 121 145 228 250
110 128 121 145 250 273
110 128 121 145 273 296
110 128 121 145 296 319
110 128 121 145 319 341
110 128 121 145 341 364
110 128 121 145 364 387
110 128 121 145 387 409
110 128 121 145 409 432
110 128 121 145 432 455
110 128 121 145 455 478
110 128 121 145 478 500
110 128 121 145 500 523
110 128 121 145 523 546
110 128 121 145 546 568
110 128 121 145 568 591
110 128 121 145 591 614
110 128 121 145 614 637
110 128 121 145 637 659
110 128 121 145 659 682
110 128 121 145 682 705
110 128 121 145 705 728
110 128 145 169 0 23
110 128 145 169 23 46
110 128 145 169 46 69
110 128 145 169 69 91
110 128 145 169 91 114
110 128 145 169 114 137
110 128 145 169 137 160
110 128 145 169 160 182
110 128 145 169 182 205
110 128 145 169 205 228
110 128 145 169 228 250
110 128 145 169 250 273
110 128 145 169 273 296
110 128 145 169 296 319
110 128 145 169 319 341
110 128 145 169 341 364
110 128 145 169 364 387
110 128 145 169 387 409
110 128 145 169 409 432
110 128 145 169 432 455
110 128 145 169 455 478
110 128 145 169 478 500
110 128 145 169 500 523
110 128 145 169 523 546
110 128 145 169 546 568
110 128 145 169 568 591
110 128 145 169 591 614
110 128 145 169 614 637
110 128 145 169 637 659
110 128 145 169 659 682
110 128 145 169 682 705
110 128 145 169 705 728
110 128 169 194 0 23
110 128 169 194 23 46
110 128 169 194 46 69
110 128 169 194 69 91
110 128 169 194 91 114
110 128 169 194 114 137
110 128 169 194 137 160
110 128 169 194 160 182
110 128 169 194 182 205
110 128 169 194 205 228
110 128 169 194 228 250
110 128 169 194 250 273
110 128 169 194 273 296
110 128 169 194 296 319
110 128 169 194 319 341
110 128 169 194 341 364
110 128 169 194 364 387
110 128 169 194 387 409
110 128 169 194 409 432
110 128 169 194 432 455
110 128 169 194 455 478
110 128 169 194 478 500
110 128 169 194 500 523
110 128 169 194 523 546
110 128 169 194 546 568
110 128 169 194 568 591
110 128 169 194 591 614
110 128 169 194 614 637
110 128 169 194 637 659
110 128 169 194 659 682
110 128 169 194 682 705
110 128 169 194 705 728
128 148 0 25 0 23
128 148 0 25 23 46
128 148 0 25 46 69
128 148 0 25 69 91
128 148 0 25 91 114
128 148 0 25 114 137
128 148 0 25 137 160
128 148 0 25 160 182
128 148 0 25 182 205
128 148 0 25 205 228
128 148 0 25 228 250
128 148 0 25 250 273
128 148 0 25 273 296
128 148 0 25 296 319
128 148 0 25 319 341
128 148 0 25 341 364
128 148 0 25 364 387
128 148 0 25 387 409
128 148 0 25 409 432
128 148 0 25 432 455
128 148 0 25 455 478
128 148 0 25 478 500
128 148 0 25 500 523
128 148 0 25 523 546
128 148 0 25 546 568
128 148 0 25 568 591
128 148 0 25 591 614
128 148 0 25 614 637
128 148 0 25 637 659
128 148 0 25 659 682
128 148 0 25 682 705
128 148 0 25 705 728
128 148 25 49 0 23
128 148 25 49 23 46
128 148 25 49 46 69
128 148 25 49 69 91
128 148 25 49 91 114
128 148 25 49 114 137
128 148 25 49 137 160
128 148 25 49 160 182
128 148 25 49 182 205
128 148 25 49 205 228
128 148 25 49 228 250
128 148 25 49 250 273
128 148 25 49 273 296
128 148 25 49 296 319
128 148 25 49 319 341
128 148 25 49 341 364
128 148 25 49 364 387
128 148 25 49 387 409
128 148 25 49 409 432
128 148 25 49 432 455
128 148 25 49 455 478
128 148 25 49 478 500
128 148 25 49 500 523
128 148 25 49 523 546
128 148 25 49 546 568
128 148 25 49 568 591
128 148 25 49 591 614
128 148 25 49 614 637
128 148 25 49 637 659
128 148 25 49 659 682
128 148 25 49 682 705
128 148 25 49 705 728
128 148 49 73 0 23
128 148 49 73 23 46
128 148 49 73 46 69
128 148 49 73 69 91
128 148 49 73 91 114
128 148 49 73 114 137
128 148 49 73 137 160
128 148 49 73 160 182
128 148 49 73 182 205
128 148 49 73 205 228
128 148 49 73 228 250
128 148 49 73 250 273
128 148 49 73 273 296
128 148 49 73 296 319
128 148 49 73 319 341
128 148 49 73 341 364
128 148 49 73 364 387
128 148 49 73 387 409
128 148 49 73 409 432
128 148 49 73 432 455
128 148 49 73 455 478
128 148 49 73 478 500
128 148 49 73 500 523
128 148 49 73 523 546
128 148 49 73 546 568
128 148 49 73 568 591
128 148 49 73 591 614
128 148 49 73 614 637
128 148 49 73 637 659
128 148 49 73 659 682
128 148 49 73 682 705
128 148 49 73 705 728
128 148 73 97 0 23
128 148 73 97 23 46
128 148 73 97 46 69
128 148 73 97 69 91
128 148 73 97 91 114
128 148 73 97 114 137
128 148 73 97 137 160
128 148 73 97 160 182
128 148 73 97 182 205
128 148 73 97 205 228
128 148 73 97 228 250
128 148 73 97 250 273
128 148 73 97 273 296
128 148 73 97 296 319
128 148 73 97 319 341
128 148 73 97 341 364
128 148 73 97 364 387
128 148 73 97 387 409
128 148 73 97 409 432
128 148 73 97 432 455
128 148 73 97 455 478
128 148 73 97 478 500
128 148 73 97 500 523
128 148 73 97 523 546
128 148 73 97 546 568
128 148 73 97 568 591
128 148 73 97 591 614
128 148 73 97 614 637
128 148 73 97 637 659
128 148 73 97 659 682
128 148 73 97 682 705
128 148 73 97 705 728
128 148 97 121 0 23
128 148 97 121 23 46
128 148 97 121 46 69
128 148 97 121 69 91
128 148 97 121 91 114
128 148 97 121 114 137
128 148 97 121 137 160
128 148 97 121 160 182
128 148 97 121 182 205
128 148 97 121 205 228
128 148 97 121 228 250
128 148 97 121 250 273
128 148 97 121 273 296
128 148 97 121 296 319
128 148 97 121 319 341
128 148 97 121 341 364
128 148 97 121 364 387
128 148 97 121 387 409
128 148 97 121 409 432
128 148 97 121 432 455
128 148 97 121 455 478
128 148 97 121 478 500
128 148 97 121 500 523
128 148 97 121 523 546
128 148 97 121 546 568
128 148 97 121 568 591
128 148 97 121 591 614
128 148 97 121 614 637
128 148 97 121 637 659
128 148 97 121 659 682
128 148 97 121 682 705
128 148 97 121 705 728
128 148 121 145 0 23
128 148 121 145 23 46
128 148 121 145 46 69
128 148 121 145 69 91
128 148 121 145 91 114
128 148 121 145 114 137
128 148 121 145 137 160
128 148 121 145 160 182
128 148 121 145 182 205
128 148 121 145 205 228
128 148 121 145 228 250
128 148 121 145 250 273
128 148 121 145 273 296
128 148 121 145 296 319
128 148 121 145 319 341
128 148 121 145 341 364
128 148 121 145 364 387
128 148 121 145 387 409
128 148 121 145 409 432
128 148 121 145 432 455
128 148 121 145 455 478
128 148 121 145 478 500
128 148 121 145 500 523
128 148 121 145 523 546
128 148 121 145 546 568
128 148 121 145 568 591
128 148 121 145 591 614
128 148 121 145 614 637
128 148 121 145 637 659
128 148 121 145 659 682
128 148 121 145 682 705
128 148 121 145 705 728
128 148 145 169 0 23
128 148 145 169 23 46
128 148 145 169 46 69
128 148 145 169 69 91
128 148 145 169 91 114
128 148 145 169 114 137
128 148 145 169 137 160
128 148 145 169 160 182
128 148 145 169 182 205
128 148 145 169 205 228
128 148 145 169 228 250
128 148 145 169 250 273
128 148 145 169 273 296
128 148 145 169 296 319
128 148 145 169 319 341
128 148 145 169 341 364
128 148 145 169 364 387
128 148 145 169 387 409
128 148 145 169 409 432
128 148 145 169 432 455
128 148 145 169 455 478
128 148 145 169 478 500
128 148 145 169 500 523
128 148 145 169 523 546
128 148 145 169 546 568
128 148 145 169 568 591
128 148 145 169 591 614
128 148 145 169 614 637
128 148 145 169 637 659
128 148 145 169 659 682
128 148 145 169 682 705
128 148 145 169 705 728
128 148 169 194 0 23
128 148 169 194 23 46
128 148 169 194 46 69
128 148 169 194 69 91
128 148 169 194 91 114
128 148 169 194 114 137
128 148 169 194 137 160
128 148 169 194 160 182
128 148 169 194 182 205
128 148 169 194 205 228
128 148 169 194 228 250
128 148 169 194 250 273
128 148 169 194 273 296
128 148 169 194 296 319
128 148 169 194 319 341
128 148 169 194 341 364
128 148 169 194 364 387
128 148 169 194 387 409
128 148 169 194 409 432
128 148 169 194 432 455
128 148 169 194 455 478
128 148 169 194 478 500
128 148 169 194 500 523
128 148 169 194 523 546
128 148 169 194 546 568
128 148 169 194 568 591
128 148 169 194 591 614
128 148 169 194 614 637
128 148 169 194 637 659
128 148 169 194 659 682
128 148 169 194 682 705
128 148 169 194 705 728
voxsize: 148x194x728 size:79.736084MB
voxBW: 25 1
Decomp size:2048
Initialization time: 0.009217
compute: 0.053625 seconds
evaluations: 83992257
time: 0.092268 seconds
