hostname : cph-c53.uncc.edu
bounding: [1053872.965;1068485.726]x[860186.8419;879395.9741]x[3;730]
read 11056 observations
res: 100 100 1 bw: 500 500 7
64 128 64 128 160 256
64 148 128 194 64 192
64 148 128 194 192 728
0 64 64 128 0 96
0 64 64 128 96 480
64 128 64 128 96 160
64 128 64 128 32 64
0 64 0 64 0 728
64 128 64 128 256 480
64 148 128 194 0 64
64 128 64 128 64 96
128 148 64 128 0 728
0 128 64 128 480 728
0 64 128 194 0 728
64 148 0 64 0 728
64 128 64 128 0 32
voxsize: 148x194x728 size:79.736084MB
voxBW: 5 7
Decomp size:16
Initialization time: 0.008818
compute: 0.006267 seconds
evaluations: 20001751
time: 0.015937 seconds
