hostname : cph-gpu2.uncc.edu
bounding: [1053872.965;1068485.726]x[860186.8419;879395.9741]x[3;730]
read 11056 observations
res: 50 50 1 bw: 100 100 1
160 192 192 224 0 728
224 294 192 224 0 728
96 128 224 386 0 728
96 128 160 224 0 728
128 160 256 386 0 728
192 224 0 192 0 728
192 224 256 320 0 728
192 224 224 256 0 728
160 192 0 160 0 728
128 160 160 192 0 728
96 128 0 128 0 728
160 192 256 386 0 256
224 294 288 386 0 256
0 96 0 128 0 728
160 192 160 192 0 728
224 294 224 256 0 728
192 224 192 224 0 728
128 160 192 224 0 728
192 224 320 386 0 728
160 192 224 256 0 728
128 160 224 256 0 728
224 294 0 192 0 728
0 96 224 386 0 728
128 160 0 128 0 728
96 128 128 160 0 728
0 96 160 192 0 728
224 294 256 288 0 728
0 96 192 224 0 728
0 96 128 160 0 728
128 160 128 160 0 728
224 294 288 386 256 728
160 192 256 386 256 728
voxsize: 294x386x728 size:315.156372MB
voxBW: 2 1
Decomp size:32
Initialization time: 0.03522
compute: 0.001484 seconds
evaluations: 828825
time: 0.038252 seconds
