hostname : cph-gpu3.uncc.edu
bounding: [1053872.965;1068485.726]x[860186.8419;879395.9741]x[3;730]
read 11056 observations
res: 50 50 1 bw: 2500 2500 1
192 256 128 192 32 192
64 128 128 192 64 160
64 128 256 320 0 544
192 256 256 320 0 96
192 256 192 256 192 480
128 192 64 128 0 192
64 128 192 256 0 96
0 64 0 192 0 728
128 192 256 320 96 288
128 192 192 256 0 64
128 192 256 320 0 96
128 192 192 256 64 128
128 192 128 192 0 64
256 294 256 386 0 728
192 256 192 256 32 96
128 192 128 192 128 256
192 256 256 320 96 288
192 256 320 386 0 224
64 128 128 192 160 728
128 192 192 256 288 728
128 192 320 386 0 728
128 192 128 192 64 128
256 294 192 256 0 728
192 256 128 192 192 728
64 128 192 256 96 256
128 192 128 192 256 728
64 128 64 128 0 96
192 256 192 256 96 192
64 128 64 128 96 728
64 128 128 192 0 64
0 64 192 386 0 448
128 192 192 256 128 192
128 192 192 256 192 288
192 256 256 320 288 728
64 128 192 256 256 728
128 192 256 320 288 728
256 294 0 192 0 576
192 256 320 386 224 728
128 192 64 128 192 728
192 256 192 256 480 728
192 256 0 128 0 728
192 256 192 256 0 32
64 128 0 64 0 728
128 192 0 64 0 728
64 128 320 386 0 728
192 256 128 192 0 32
64 128 256 320 544 728
0 64 192 386 512 728
256 294 0 192 576 728
0 64 192 386 448 512
voxsize: 294x386x728 size:315.156372MB
voxBW: 50 1
Decomp size:50
Initialization time: 0.033668
compute: 0.083795 seconds
evaluations: 328636729
time: 0.119133 seconds
