hostname : cph-c54.uncc.edu
bounding: [1053872.965;1068485.726]x[860186.8419;879395.9741]x[3;730]
read 11056 observations
res: 100 100 1 bw: 2500 2500 1
32 64 96 128 0 448
0 64 0 64 0 480
96 128 128 160 0 384
64 148 160 192 0 384
64 96 128 160 0 384
64 96 64 96 96 728
96 128 64 96 0 728
128 148 64 160 0 728
96 128 96 128 0 192
64 148 0 64 0 728
64 96 96 128 0 128
64 96 96 128 128 480
32 64 64 96 0 160
64 96 64 96 0 96
96 128 96 128 192 728
0 32 64 194 0 480
32 64 128 194 0 480
32 64 64 96 160 480
0 64 0 194 480 728
64 128 128 160 384 728
64 96 96 128 480 728
64 148 160 194 384 704
64 148 192 194 0 384
64 148 160 194 704 728
32 64 96 128 448 480
voxsize: 148x194x728 size:79.736084MB
voxBW: 25 1
Decomp size:25
Initialization time: 0.008968
compute: 0.040669 seconds
evaluations: 83992257
time: 0.050670 seconds
