hostname : cph-gpu3.uncc.edu
bounding: [1053872.965;1068485.726]x[860186.8419;879395.9741]x[3;730]
read 11056 observations
res: 50 50 1 bw: 2500 2500 1
64 192 192 256 0 672
64 192 128 192 0 728
192 256 0 256 0 728
64 192 256 386 0 728
192 256 256 386 0 728
64 192 0 128 0 728
256 294 0 386 0 728
0 64 0 384 0 480
0 64 0 384 480 728
64 192 192 256 672 728
0 64 384 386 0 728
voxsize: 294x386x728 size:315.156372MB
voxBW: 50 1
Decomp size:11
Initialization time: 0.033938
compute: 0.223497 seconds
evaluations: 328636729
time: 0.258433 seconds
