hostname : cph-gpu4.uncc.edu
bounding: [1053872.965;1068485.726]x[860186.8419;879395.9741]x[3;730]
read 11056 observations
res: 50 50 1 bw: 2500 2500 14
128 192 192 256 32 64
128 192 128 192 32 64
192 256 0 192 128 256
192 256 320 386 0 128
192 256 256 320 0 64
192 256 0 192 256 728
0 64 0 386 128 728
128 192 192 256 224 352
64 128 192 256 64 128
256 294 0 386 256 728
128 192 256 320 128 256
128 192 192 256 352 728
64 128 64 128 128 728
64 128 192 256 224 728
128 192 256 320 0 64
192 256 320 386 128 728
128 192 128 192 192 320
64 128 256 386 128 728
192 256 256 320 256 728
128 192 192 256 64 96
64 128 256 386 0 128
192 256 256 320 128 256
128 192 192 256 160 224
64 128 192 256 0 64
128 192 128 192 320 728
192 256 192 256 96 160
256 294 0 386 128 256
0 64 0 386 64 128
128 192 128 192 64 96
192 256 192 256 352 728
192 256 192 256 224 352
64 128 128 192 32 64
192 256 256 320 64 128
128 192 256 320 256 728
128 192 256 320 64 128
64 128 128 192 96 160
128 192 0 128 64 160
64 128 128 192 64 96
64 128 64 128 0 64
128 192 128 192 128 192
192 256 0 192 0 64
256 294 0 386 64 128
192 256 192 256 32 64
64 128 128 192 256 728
256 294 0 386 0 64
192 256 0 192 64 128
128 192 0 128 160 728
0 64 0 386 0 64
64 128 64 128 64 128
128 192 0 128 0 64
64 128 192 256 128 224
128 192 320 386 0 128
192 256 192 256 160 224
192 256 192 256 64 96
128 192 192 256 96 128
128 192 192 256 128 160
128 192 320 386 128 728
64 128 128 192 160 256
128 192 128 192 96 128
128 192 192 256 0 32
128 192 128 192 0 32
64 128 128 192 0 32
192 256 192 256 0 32
64 128 0 64 0 728
voxsize: 294x386x728 size:315.156372MB
voxBW: 50 14
Decomp size:64
Initialization time: 0.034589
compute: 0.446807 seconds
evaluations: 3159635318
time: 0.482935 seconds
