hostname : cph-c54.uncc.edu
bounding: [1053872.965;1068485.726]x[860186.8419;879395.9741]x[3;730]
read 11056 observations
res: 100 100 1 bw: 2500 2500 1
0 37 0 49 0 46
0 37 0 49 46 91
0 37 0 49 91 137
0 37 0 49 137 182
0 37 0 49 182 228
0 37 0 49 228 273
0 37 0 49 273 319
0 37 0 49 319 364
0 37 0 49 364 409
0 37 0 49 409 455
0 37 0 49 455 500
0 37 0 49 500 546
0 37 0 49 546 591
0 37 0 49 591 637
0 37 0 49 637 682
0 37 0 49 682 728
0 37 49 97 0 46
0 37 49 97 46 91
0 37 49 97 91 137
0 37 49 97 137 182
0 37 49 97 182 228
0 37 49 97 228 273
0 37 49 97 273 319
0 37 49 97 319 364
0 37 49 97 364 409
0 37 49 97 409 455
0 37 49 97 455 500
0 37 49 97 500 546
0 37 49 97 546 591
0 37 49 97 591 637
0 37 49 97 637 682
0 37 49 97 682 728
0 37 97 145 0 46
0 37 97 145 46 91
0 37 97 145 91 137
0 37 97 145 137 182
0 37 97 145 182 228
0 37 97 145 228 273
0 37 97 145 273 319
0 37 97 145 319 364
0 37 97 145 364 409
0 37 97 145 409 455
0 37 97 145 455 500
0 37 97 145 500 546
0 37 97 145 546 591
0 37 97 145 591 637
0 37 97 145 637 682
0 37 97 145 682 728
0 37 145 194 0 46
0 37 145 194 46 91
0 37 145 194 91 137
0 37 145 194 137 182
0 37 145 194 182 228
0 37 145 194 228 273
0 37 145 194 273 319
0 37 145 194 319 364
0 37 145 194 364 409
0 37 145 194 409 455
0 37 145 194 455 500
0 37 145 194 500 546
0 37 145 194 546 591
0 37 145 194 591 637
0 37 145 194 637 682
0 37 145 194 682 728
37 74 0 49 0 46
37 74 0 49 46 91
37 74 0 49 91 137
37 74 0 49 137 182
37 74 0 49 182 228
37 74 0 49 228 273
37 74 0 49 273 319
37 74 0 49 319 364
37 74 0 49 364 409
37 74 0 49 409 455
37 74 0 49 455 500
37 74 0 49 500 546
37 74 0 49 546 591
37 74 0 49 591 637
37 74 0 49 637 682
37 74 0 49 682 728
37 74 49 97 0 46
37 74 49 97 46 91
37 74 49 97 91 137
37 74 49 97 137 182
37 74 49 97 182 228
37 74 49 97 228 273
37 74 49 97 273 319
37 74 49 97 319 364
37 74 49 97 364 409
37 74 49 97 409 455
37 74 49 97 455 500
37 74 49 97 500 546
37 74 49 97 546 591
37 74 49 97 591 637
37 74 49 97 637 682
37 74 49 97 682 728
37 74 97 145 0 46
37 74 97 145 46 91
37 74 97 145 91 137
37 74 97 145 137 182
37 74 97 145 182 228
37 74 97 145 228 273
37 74 97 145 273 319
37 74 97 145 319 364
37 74 97 145 364 409
37 74 97 145 409 455
37 74 97 145 455 500
37 74 97 145 500 546
37 74 97 145 546 591
37 74 97 145 591 637
37 74 97 145 637 682
37 74 97 145 682 728
37 74 145 194 0 46
37 74 145 194 46 91
37 74 145 194 91 137
37 74 145 194 137 182
37 74 145 194 182 228
37 74 145 194 228 273
37 74 145 194 273 319
37 74 145 194 319 364
37 74 145 194 364 409
37 74 145 194 409 455
37 74 145 194 455 500
37 74 145 194 500 546
37 74 145 194 546 591
37 74 145 194 591 637
37 74 145 194 637 682
37 74 145 194 682 728
74 110 0 49 0 46
74 110 0 49 46 91
74 110 0 49 91 137
74 110 0 49 137 182
74 110 0 49 182 228
74 110 0 49 228 273
74 110 0 49 273 319
74 110 0 49 319 364
74 110 0 49 364 409
74 110 0 49 409 455
74 110 0 49 455 500
74 110 0 49 500 546
74 110 0 49 546 591
74 110 0 49 591 637
74 110 0 49 637 682
74 110 0 49 682 728
74 110 49 97 0 46
74 110 49 97 46 91
74 110 49 97 91 137
74 110 49 97 137 182
74 110 49 97 182 228
74 110 49 97 228 273
74 110 49 97 273 319
74 110 49 97 319 364
74 110 49 97 364 409
74 110 49 97 409 455
74 110 49 97 455 500
74 110 49 97 500 546
74 110 49 97 546 591
74 110 49 97 591 637
74 110 49 97 637 682
74 110 49 97 682 728
74 110 97 145 0 46
74 110 97 145 46 91
74 110 97 145 91 137
74 110 97 145 137 182
74 110 97 145 182 228
74 110 97 145 228 273
74 110 97 145 273 319
74 110 97 145 319 364
74 110 97 145 364 409
74 110 97 145 409 455
74 110 97 145 455 500
74 110 97 145 500 546
74 110 97 145 546 591
74 110 97 145 591 637
74 110 97 145 637 682
74 110 97 145 682 728
74 110 145 194 0 46
74 110 145 194 46 91
74 110 145 194 91 137
74 110 145 194 137 182
74 110 145 194 182 228
74 110 145 194 228 273
74 110 145 194 273 319
74 110 145 194 319 364
74 110 145 194 364 409
74 110 145 194 409 455
74 110 145 194 455 500
74 110 145 194 500 546
74 110 145 194 546 591
74 110 145 194 591 637
74 110 145 194 637 682
74 110 145 194 682 728
110 148 0 49 0 46
110 148 0 49 46 91
110 148 0 49 91 137
110 148 0 49 137 182
110 148 0 49 182 228
110 148 0 49 228 273
110 148 0 49 273 319
110 148 0 49 319 364
110 148 0 49 364 409
110 148 0 49 409 455
110 148 0 49 455 500
110 148 0 49 500 546
110 148 0 49 546 591
110 148 0 49 591 637
110 148 0 49 637 682
110 148 0 49 682 728
110 148 49 97 0 46
110 148 49 97 46 91
110 148 49 97 91 137
110 148 49 97 137 182
110 148 49 97 182 228
110 148 49 97 228 273
110 148 49 97 273 319
110 148 49 97 319 364
110 148 49 97 364 409
110 148 49 97 409 455
110 148 49 97 455 500
110 148 49 97 500 546
110 148 49 97 546 591
110 148 49 97 591 637
110 148 49 97 637 682
110 148 49 97 682 728
110 148 97 145 0 46
110 148 97 145 46 91
110 148 97 145 91 137
110 148 97 145 137 182
110 148 97 145 182 228
110 148 97 145 228 273
110 148 97 145 273 319
110 148 97 145 319 364
110 148 97 145 364 409
110 148 97 145 409 455
110 148 97 145 455 500
110 148 97 145 500 546
110 148 97 145 546 591
110 148 97 145 591 637
110 148 97 145 637 682
110 148 97 145 682 728
110 148 145 194 0 46
110 148 145 194 46 91
110 148 145 194 91 137
110 148 145 194 137 182
110 148 145 194 182 228
110 148 145 194 228 273
110 148 145 194 273 319
110 148 145 194 319 364
110 148 145 194 364 409
110 148 145 194 409 455
110 148 145 194 455 500
110 148 145 194 500 546
110 148 145 194 546 591
110 148 145 194 591 637
110 148 145 194 637 682
110 148 145 194 682 728
voxsize: 148x194x728 size:79.736084MB
voxBW: 25 1
Decomp size:256
Initialization time: 0.010934
compute: 0.041984 seconds
evaluations: 83992257
time: 0.056610 seconds
