hostname : cph-c53.uncc.edu
bounding: [1053872.965;1068485.726]x[860186.8419;879395.9741]x[3;730]
read 11056 observations
res: 100 100 1 bw: 500 500 7
96 148 96 128 256 728
96 148 128 194 0 64
0 64 128 194 0 728
96 148 0 96 128 728
96 148 96 128 128 256
0 64 64 96 128 728
96 148 128 194 256 728
0 64 96 128 0 128
64 96 0 64 0 728
64 96 128 194 64 192
96 148 96 128 64 128
64 96 64 96 0 64
96 148 128 194 128 256
0 64 64 96 64 128
96 148 96 128 0 64
64 96 96 128 64 128
96 148 128 194 64 128
64 96 64 96 64 128
96 148 0 96 0 128
64 96 64 96 128 256
64 96 96 128 0 64
64 96 128 194 192 728
0 64 96 128 128 728
64 96 96 128 128 192
64 96 64 96 256 728
0 64 64 96 0 64
64 96 96 128 192 320
0 64 0 64 128 728
0 64 0 64 0 64
64 96 128 194 0 64
64 96 96 128 320 728
0 64 0 64 64 128
voxsize: 148x194x728 size:79.736084MB
voxBW: 5 7
Decomp size:32
Initialization time: 0.010076
compute: 0.005081 seconds
evaluations: 20001751
time: 0.016490 seconds
