hostname : cph-gpu4.uncc.edu
bounding: [1053872.965;1068485.726]x[860186.8419;879395.9741]x[3;730]
read 11056 observations
res: 50 50 1 bw: 2500 2500 14
147 220 193 289 0 182
73 147 96 193 0 182
73 147 193 289 0 182
147 220 96 193 0 182
147 294 193 386 364 728
220 294 193 289 0 182
147 220 289 386 0 182
147 220 193 289 182 364
220 294 289 386 0 182
147 220 96 193 182 364
73 147 193 289 182 364
147 294 0 193 364 728
73 147 96 193 182 364
220 294 193 289 182 364
220 294 96 193 0 182
0 73 96 193 0 182
0 147 0 193 364 728
73 147 0 96 0 182
0 147 193 386 364 728
0 73 193 289 0 182
73 147 289 386 0 182
147 220 289 386 182 364
220 294 96 193 182 364
220 294 289 386 182 364
147 220 0 96 0 182
0 73 0 96 0 182
73 147 289 386 182 364
0 73 96 193 182 364
73 147 0 96 182 364
0 73 193 289 182 364
0 73 289 386 0 182
147 220 0 96 182 364
0 73 0 96 182 364
0 73 289 386 182 364
220 294 0 96 0 182
220 294 0 96 182 364
voxsize: 294x386x728 size:315.156372MB
voxBW: 50 14
Decomp size:36
Initialization time: 0.035158
compute: 0.800535 seconds
evaluations: 3159635318
time: 0.837120 seconds
