hostname : cph-gpu1.uncc.edu
bounding: [1053872.965;1068485.726]x[860186.8419;879395.9741]x[3;730]
read 11056 observations
res: 100 100 1 bw: 250 250 1
0 64 96 194 0 96
0 64 64 96 0 96
64 96 96 128 128 256
96 128 128 160 0 128
96 128 96 128 96 288
0 64 64 96 96 480
64 96 64 96 32 96
64 96 64 96 192 728
96 128 160 194 0 256
0 64 96 194 96 256
96 128 96 128 0 96
0 64 0 64 0 96
64 96 128 194 0 96
64 96 96 128 256 728
128 148 0 128 0 192
64 96 128 194 96 288
64 96 96 128 64 128
96 128 128 160 128 384
64 96 0 64 0 256
64 96 96 128 0 64
96 128 0 96 0 192
64 96 64 96 96 192
0 64 0 64 96 256
128 148 0 128 192 448
96 128 96 128 288 480
96 128 160 194 256 728
0 64 96 194 256 480
96 128 96 128 480 728
96 128 0 96 192 320
0 64 0 64 256 728
64 96 128 194 384 728
64 96 64 96 0 32
96 128 128 160 448 728
64 96 0 64 256 728
0 64 96 194 480 728
64 96 128 194 288 384
96 128 0 96 480 728
96 128 0 96 320 480
0 64 64 96 480 608
96 128 128 160 384 448
128 148 128 194 0 728
128 148 0 128 544 728
0 64 64 96 672 728
128 148 0 128 448 544
0 64 64 96 608 672
voxsize: 148x194x728 size:79.736084MB
voxBW: 3 1
Decomp size:45
Initialization time: 0.009269
compute: 0.001723 seconds
evaluations: 1624413
time: 0.012521 seconds
