hostname : cph-gpu2.uncc.edu
bounding: [1053872.965;1068485.726]x[860186.8419;879395.9741]x[3;730]
read 11056 observations
res: 50 50 1 bw: 100 100 1
160 224 224 288 0 448
224 294 160 288 0 288
96 224 160 192 0 256
96 224 192 224 0 256
0 128 64 160 0 192
96 160 224 288 0 480
192 294 288 386 0 352
128 224 64 160 0 288
96 224 160 224 256 728
96 192 288 386 0 288
0 96 160 224 0 160
0 224 64 160 288 672
96 294 288 386 384 704
224 294 160 288 288 448
96 224 224 288 480 728
0 96 224 386 96 544
0 96 224 386 0 96
0 128 64 160 192 288
224 294 160 288 448 728
0 96 160 224 160 544
0 294 0 64 0 728
96 192 288 386 288 384
0 96 160 386 544 728
0 224 64 160 672 728
224 294 64 160 0 160
224 294 64 160 160 728
192 294 288 386 352 384
160 294 288 386 704 728
160 224 224 288 448 480
128 160 288 386 704 728
96 128 288 386 704 728
voxsize: 294x386x728 size:315.156372MB
voxBW: 2 1
Decomp size:31
Initialization time: 0.036555
compute: 0.001682 seconds
evaluations: 828825
time: 0.048953 seconds
