hostname : cph-gpu1.uncc.edu
bounding: [1053872.965;1068485.726]x[860186.8419;879395.9741]x[3;730]
read 11056 observations
res: 100 100 1 bw: 250 250 1
32 64 64 96 0 160
0 64 0 64 0 256
96 148 128 160 0 224
0 96 128 194 96 384
0 128 0 128 480 728
64 96 96 128 0 128
128 148 0 128 0 728
64 128 0 128 288 480
0 64 96 128 0 256
0 96 128 194 0 96
64 96 96 128 128 288
64 96 64 96 0 96
96 128 96 128 96 288
96 148 160 194 0 256
96 128 96 128 0 96
0 148 128 194 384 704
64 128 0 64 0 288
96 128 64 96 0 192
64 96 64 96 96 192
64 128 64 96 192 288
0 64 0 128 256 480
96 148 128 160 224 384
0 64 64 96 160 256
96 148 160 194 256 384
0 148 128 194 704 728
0 32 64 96 0 160
voxsize: 148x194x728 size:79.736084MB
voxBW: 3 1
Decomp size:26
Initialization time: 0.009091
compute: 0.00163 seconds
evaluations: 1624413
time: 0.011807 seconds
