hostname : cph-gpu2.uncc.edu
bounding: [1053872.965;1068485.726]x[860186.8419;879395.9741]x[3;730]
read 11056 observations
res: 50 50 1 bw: 100 100 1
0 128 160 224 0 192
128 192 224 256 0 728
192 256 224 256 0 728
0 128 64 128 0 256
128 192 256 320 0 384
0 128 224 386 0 320
128 192 192 224 0 256
128 192 160 192 0 256
192 256 0 224 0 192
192 256 288 320 0 728
192 256 0 224 192 728
128 192 128 160 0 728
192 256 320 386 0 256
192 256 256 288 0 728
128 192 0 128 0 728
0 128 128 160 0 192
256 294 0 256 0 192
128 192 320 386 0 728
128 192 192 224 256 728
256 294 0 256 192 448
128 192 160 192 256 728
0 128 160 224 192 384
192 256 320 386 256 728
0 128 128 160 192 728
0 128 64 128 256 728
0 128 224 386 320 728
0 128 160 224 384 728
128 192 256 320 384 728
256 294 0 256 448 728
256 294 256 386 0 728
0 128 0 64 0 728
voxsize: 294x386x728 size:315.156372MB
voxBW: 2 1
Decomp size:31
Initialization time: 0.037611
compute: 0.001641 seconds
evaluations: 828825
time: 0.040462 seconds
