hostname : cph-gpu3.uncc.edu
bounding: [1053872.965;1068485.726]x[860186.8419;879395.9741]x[3;730]
read 11056 observations
res: 50 50 1 bw: 2500 2500 1
160 192 192 224 0 256
96 128 160 192 0 728
224 294 192 224 0 256
96 128 256 386 0 728
96 128 128 160 0 728
0 96 160 192 0 728
224 294 224 256 0 256
96 128 192 224 0 728
128 160 192 224 0 256
160 192 256 288 0 728
192 224 256 288 0 728
192 224 160 192 0 728
128 160 160 192 0 256
160 192 224 256 0 256
192 224 320 386 0 728
224 294 288 320 0 728
192 224 0 160 0 728
160 192 160 192 0 256
0 96 256 386 0 728
224 294 256 288 0 256
0 96 128 160 0 256
192 224 192 224 0 256
0 96 192 224 0 728
160 192 128 160 0 728
128 160 288 386 0 728
128 160 128 160 0 256
96 128 224 256 0 728
128 160 224 256 0 256
224 294 320 386 0 256
192 224 224 256 0 256
0 96 224 256 0 728
0 96 96 128 0 728
128 160 256 288 0 728
192 224 288 320 0 728
224 294 160 192 0 256
96 128 96 128 0 728
160 192 320 386 0 728
128 160 96 128 0 728
160 192 0 128 0 728
160 192 288 320 0 728
0 96 0 96 0 728
224 294 0 160 0 728
96 128 0 96 0 728
128 160 0 96 0 728
224 294 192 224 256 728
224 294 224 256 256 728
160 192 192 224 256 728
192 224 192 224 256 728
224 294 160 192 256 728
160 192 224 256 256 728
160 192 160 192 256 728
128 160 192 224 256 728
192 224 224 256 256 728
224 294 320 386 256 728
224 294 256 288 256 728
128 160 160 192 256 728
128 160 224 256 256 728
128 160 128 160 256 728
0 96 128 160 256 728
voxsize: 294x386x728 size:315.156372MB
voxBW: 50 1
Decomp size:59
Initialization time: 0.035496
compute: 0.085382 seconds
evaluations: 328636729
time: 0.122577 seconds
