hostname : cph-gpu2.uncc.edu
bounding: [1053872.965;1068485.726]x[860186.8419;879395.9741]x[3;730]
read 11056 observations
res: 50 50 1 bw: 100 100 1
192 294 288 386 0 512
128 192 224 288 0 384
192 294 224 288 0 320
0 128 0 160 0 192
192 294 0 224 0 192
0 128 160 224 0 384
128 192 128 192 0 192
0 128 224 386 0 640
192 294 0 224 192 704
128 192 192 224 0 256
128 192 288 386 0 320
128 192 128 192 192 640
128 192 0 128 0 256
0 128 0 160 256 728
128 192 192 224 256 448
128 192 224 288 384 728
192 294 224 288 320 448
192 294 288 386 512 728
0 128 160 224 384 728
0 128 0 160 192 256
192 294 224 288 448 728
128 192 288 386 320 728
128 192 0 128 256 728
128 192 192 224 448 728
128 192 128 192 640 728
0 128 224 386 640 728
192 294 0 224 704 728
voxsize: 294x386x728 size:315.156372MB
voxBW: 2 1
Decomp size:27
Initialization time: 0.036823
compute: 0.001809 seconds
evaluations: 828825
time: 0.043896 seconds
