hostname : cph-gpu4.uncc.edu
bounding: [1053872.965;1068485.726]x[860186.8419;879395.9741]x[3;730]
read 11056 observations
res: 50 50 1 bw: 2500 2500 14
0 74 0 97 0 23
0 74 0 97 23 46
0 74 0 97 46 69
0 74 0 97 69 91
0 74 0 97 91 114
0 74 0 97 114 137
0 74 0 97 137 160
0 74 0 97 160 182
0 74 0 97 182 205
0 74 0 97 205 228
0 74 0 97 228 250
0 74 0 97 250 273
0 74 0 97 273 296
0 74 0 97 296 319
0 74 0 97 319 341
0 74 0 97 341 364
0 74 0 97 364 387
0 74 0 97 387 409
0 74 0 97 409 432
0 74 0 97 432 455
0 74 0 97 455 478
0 74 0 97 478 500
0 74 0 97 500 523
0 74 0 97 523 546
0 74 0 97 546 568
0 74 0 97 568 591
0 74 0 97 591 614
0 74 0 97 614 637
0 74 0 97 637 659
0 74 0 97 659 682
0 74 0 97 682 705
0 74 0 97 705 728
0 74 97 193 0 23
0 74 97 193 23 46
0 74 97 193 46 69
0 74 97 193 69 91
0 74 97 193 91 114
0 74 97 193 114 137
0 74 97 193 137 160
0 74 97 193 160 182
0 74 97 193 182 205
0 74 97 193 205 228
0 74 97 193 228 250
0 74 97 193 250 273
0 74 97 193 273 296
0 74 97 193 296 319
0 74 97 193 319 341
0 74 97 193 341 364
0 74 97 193 364 387
0 74 97 193 387 409
0 74 97 193 409 432
0 74 97 193 432 455
0 74 97 193 455 478
0 74 97 193 478 500
0 74 97 193 500 523
0 74 97 193 523 546
0 74 97 193 546 568
0 74 97 193 568 591
0 74 97 193 591 614
0 74 97 193 614 637
0 74 97 193 637 659
0 74 97 193 659 682
0 74 97 193 682 705
0 74 97 193 705 728
0 74 193 289 0 23
0 74 193 289 23 46
0 74 193 289 46 69
0 74 193 289 69 91
0 74 193 289 91 114
0 74 193 289 114 137
0 74 193 289 137 160
0 74 193 289 160 182
0 74 193 289 182 205
0 74 193 289 205 228
0 74 193 289 228 250
0 74 193 289 250 273
0 74 193 289 273 296
0 74 193 289 296 319
0 74 193 289 319 341
0 74 193 289 341 364
0 74 193 289 364 387
0 74 193 289 387 409
0 74 193 289 409 432
0 74 193 289 432 455
0 74 193 289 455 478
0 74 193 289 478 500
0 74 193 289 500 523
0 74 193 289 523 546
0 74 193 289 546 568
0 74 193 289 568 591
0 74 193 289 591 614
0 74 193 289 614 637
0 74 193 289 637 659
0 74 193 289 659 682
0 74 193 289 682 705
0 74 193 289 705 728
0 74 289 386 0 23
0 74 289 386 23 46
0 74 289 386 46 69
0 74 289 386 69 91
0 74 289 386 91 114
0 74 289 386 114 137
0 74 289 386 137 160
0 74 289 386 160 182
0 74 289 386 182 205
0 74 289 386 205 228
0 74 289 386 228 250
0 74 289 386 250 273
0 74 289 386 273 296
0 74 289 386 296 319
0 74 289 386 319 341
0 74 289 386 341 364
0 74 289 386 364 387
0 74 289 386 387 409
0 74 289 386 409 432
0 74 289 386 432 455
0 74 289 386 455 478
0 74 289 386 478 500
0 74 289 386 500 523
0 74 289 386 523 546
0 74 289 386 546 568
0 74 289 386 568 591
0 74 289 386 591 614
0 74 289 386 614 637
0 74 289 386 637 659
0 74 289 386 659 682
0 74 289 386 682 705
0 74 289 386 705 728
74 147 0 97 0 23
74 147 0 97 23 46
74 147 0 97 46 69
74 147 0 97 69 91
74 147 0 97 91 114
74 147 0 97 114 137
74 147 0 97 137 160
74 147 0 97 160 182
74 147 0 97 182 205
74 147 0 97 205 228
74 147 0 97 228 250
74 147 0 97 250 273
74 147 0 97 273 296
74 147 0 97 296 319
74 147 0 97 319 341
74 147 0 97 341 364
74 147 0 97 364 387
74 147 0 97 387 409
74 147 0 97 409 432
74 147 0 97 432 455
74 147 0 97 455 478
74 147 0 97 478 500
74 147 0 97 500 523
74 147 0 97 523 546
74 147 0 97 546 568
74 147 0 97 568 591
74 147 0 97 591 614
74 147 0 97 614 637
74 147 0 97 637 659
74 147 0 97 659 682
74 147 0 97 682 705
74 147 0 97 705 728
74 147 97 193 0 23
74 147 97 193 23 46
74 147 97 193 46 69
74 147 97 193 69 91
74 147 97 193 91 114
74 147 97 193 114 137
74 147 97 193 137 160
74 147 97 193 160 182
74 147 97 193 182 205
74 147 97 193 205 228
74 147 97 193 228 250
74 147 97 193 250 273
74 147 97 193 273 296
74 147 97 193 296 319
74 147 97 193 319 341
74 147 97 193 341 364
74 147 97 193 364 387
74 147 97 193 387 409
74 147 97 193 409 432
74 147 97 193 432 455
74 147 97 193 455 478
74 147 97 193 478 500
74 147 97 193 500 523
74 147 97 193 523 546
74 147 97 193 546 568
74 147 97 193 568 591
74 147 97 193 591 614
74 147 97 193 614 637
74 147 97 193 637 659
74 147 97 193 659 682
74 147 97 193 682 705
74 147 97 193 705 728
74 147 193 289 0 23
74 147 193 289 23 46
74 147 193 289 46 69
74 147 193 289 69 91
74 147 193 289 91 114
74 147 193 289 114 137
74 147 193 289 137 160
74 147 193 289 160 182
74 147 193 289 182 205
74 147 193 289 205 228
74 147 193 289 228 250
74 147 193 289 250 273
74 147 193 289 273 296
74 147 193 289 296 319
74 147 193 289 319 341
74 147 193 289 341 364
74 147 193 289 364 387
74 147 193 289 387 409
74 147 193 289 409 432
74 147 193 289 432 455
74 147 193 289 455 478
74 147 193 289 478 500
74 147 193 289 500 523
74 147 193 289 523 546
74 147 193 289 546 568
74 147 193 289 568 591
74 147 193 289 591 614
74 147 193 289 614 637
74 147 193 289 637 659
74 147 193 289 659 682
74 147 193 289 682 705
74 147 193 289 705 728
74 147 289 386 0 23
74 147 289 386 23 46
74 147 289 386 46 69
74 147 289 386 69 91
74 147 289 386 91 114
74 147 289 386 114 137
74 147 289 386 137 160
74 147 289 386 160 182
74 147 289 386 182 205
74 147 289 386 205 228
74 147 289 386 228 250
74 147 289 386 250 273
74 147 289 386 273 296
74 147 289 386 296 319
74 147 289 386 319 341
74 147 289 386 341 364
74 147 289 386 364 387
74 147 289 386 387 409
74 147 289 386 409 432
74 147 289 386 432 455
74 147 289 386 455 478
74 147 289 386 478 500
74 147 289 386 500 523
74 147 289 386 523 546
74 147 289 386 546 568
74 147 289 386 568 591
74 147 289 386 591 614
74 147 289 386 614 637
74 147 289 386 637 659
74 147 289 386 659 682
74 147 289 386 682 705
74 147 289 386 705 728
147 220 0 97 0 23
147 220 0 97 23 46
147 220 0 97 46 69
147 220 0 97 69 91
147 220 0 97 91 114
147 220 0 97 114 137
147 220 0 97 137 160
147 220 0 97 160 182
147 220 0 97 182 205
147 220 0 97 205 228
147 220 0 97 228 250
147 220 0 97 250 273
147 220 0 97 273 296
147 220 0 97 296 319
147 220 0 97 319 341
147 220 0 97 341 364
147 220 0 97 364 387
147 220 0 97 387 409
147 220 0 97 409 432
147 220 0 97 432 455
147 220 0 97 455 478
147 220 0 97 478 500
147 220 0 97 500 523
147 220 0 97 523 546
147 220 0 97 546 568
147 220 0 97 568 591
147 220 0 97 591 614
147 220 0 97 614 637
147 220 0 97 637 659
147 220 0 97 659 682
147 220 0 97 682 705
147 220 0 97 705 728
147 220 97 193 0 23
147 220 97 193 23 46
147 220 97 193 46 69
147 220 97 193 69 91
147 220 97 193 91 114
147 220 97 193 114 137
147 220 97 193 137 160
147 220 97 193 160 182
147 220 97 193 182 205
147 220 97 193 205 228
147 220 97 193 228 250
147 220 97 193 250 273
147 220 97 193 273 296
147 220 97 193 296 319
147 220 97 193 319 341
147 220 97 193 341 364
147 220 97 193 364 387
147 220 97 193 387 409
147 220 97 193 409 432
147 220 97 193 432 455
147 220 97 193 455 478
147 220 97 193 478 500
147 220 97 193 500 523
147 220 97 193 523 546
147 220 97 193 546 568
147 220 97 193 568 591
147 220 97 193 591 614
147 220 97 193 614 637
147 220 97 193 637 659
147 220 97 193 659 682
147 220 97 193 682 705
147 220 97 193 705 728
147 220 193 289 0 23
147 220 193 289 23 46
147 220 193 289 46 69
147 220 193 289 69 91
147 220 193 289 91 114
147 220 193 289 114 137
147 220 193 289 137 160
147 220 193 289 160 182
147 220 193 289 182 205
147 220 193 289 205 228
147 220 193 289 228 250
147 220 193 289 250 273
147 220 193 289 273 296
147 220 193 289 296 319
147 220 193 289 319 341
147 220 193 289 341 364
147 220 193 289 364 387
147 220 193 289 387 409
147 220 193 289 409 432
147 220 193 289 432 455
147 220 193 289 455 478
147 220 193 289 478 500
147 220 193 289 500 523
147 220 193 289 523 546
147 220 193 289 546 568
147 220 193 289 568 591
147 220 193 289 591 614
147 220 193 289 614 637
147 220 193 289 637 659
147 220 193 289 659 682
147 220 193 289 682 705
147 220 193 289 705 728
147 220 289 386 0 23
147 220 289 386 23 46
147 220 289 386 46 69
147 220 289 386 69 91
147 220 289 386 91 114
147 220 289 386 114 137
147 220 289 386 137 160
147 220 289 386 160 182
147 220 289 386 182 205
147 220 289 386 205 228
147 220 289 386 228 250
147 220 289 386 250 273
147 220 289 386 273 296
147 220 289 386 296 319
147 220 289 386 319 341
147 220 289 386 341 364
147 220 289 386 364 387
147 220 289 386 387 409
147 220 289 386 409 432
147 220 289 386 432 455
147 220 289 386 455 478
147 220 289 386 478 500
147 220 289 386 500 523
147 220 289 386 523 546
147 220 289 386 546 568
147 220 289 386 568 591
147 220 289 386 591 614
147 220 289 386 614 637
147 220 289 386 637 659
147 220 289 386 659 682
147 220 289 386 682 705
147 220 289 386 705 728
220 294 0 97 0 23
220 294 0 97 23 46
220 294 0 97 46 69
220 294 0 97 69 91
220 294 0 97 91 114
220 294 0 97 114 137
220 294 0 97 137 160
220 294 0 97 160 182
220 294 0 97 182 205
220 294 0 97 205 228
220 294 0 97 228 250
220 294 0 97 250 273
220 294 0 97 273 296
220 294 0 97 296 319
220 294 0 97 319 341
220 294 0 97 341 364
220 294 0 97 364 387
220 294 0 97 387 409
220 294 0 97 409 432
220 294 0 97 432 455
220 294 0 97 455 478
220 294 0 97 478 500
220 294 0 97 500 523
220 294 0 97 523 546
220 294 0 97 546 568
220 294 0 97 568 591
220 294 0 97 591 614
220 294 0 97 614 637
220 294 0 97 637 659
220 294 0 97 659 682
220 294 0 97 682 705
220 294 0 97 705 728
220 294 97 193 0 23
220 294 97 193 23 46
220 294 97 193 46 69
220 294 97 193 69 91
220 294 97 193 91 114
220 294 97 193 114 137
220 294 97 193 137 160
220 294 97 193 160 182
220 294 97 193 182 205
220 294 97 193 205 228
220 294 97 193 228 250
220 294 97 193 250 273
220 294 97 193 273 296
220 294 97 193 296 319
220 294 97 193 319 341
220 294 97 193 341 364
220 294 97 193 364 387
220 294 97 193 387 409
220 294 97 193 409 432
220 294 97 193 432 455
220 294 97 193 455 478
220 294 97 193 478 500
220 294 97 193 500 523
220 294 97 193 523 546
220 294 97 193 546 568
220 294 97 193 568 591
220 294 97 193 591 614
220 294 97 193 614 637
220 294 97 193 637 659
220 294 97 193 659 682
220 294 97 193 682 705
220 294 97 193 705 728
220 294 193 289 0 23
220 294 193 289 23 46
220 294 193 289 46 69
220 294 193 289 69 91
220 294 193 289 91 114
220 294 193 289 114 137
220 294 193 289 137 160
220 294 193 289 160 182
220 294 193 289 182 205
220 294 193 289 205 228
220 294 193 289 228 250
220 294 193 289 250 273
220 294 193 289 273 296
220 294 193 289 296 319
220 294 193 289 319 341
220 294 193 289 341 364
220 294 193 289 364 387
220 294 193 289 387 409
220 294 193 289 409 432
220 294 193 289 432 455
220 294 193 289 455 478
220 294 193 289 478 500
220 294 193 289 500 523
220 294 193 289 523 546
220 294 193 289 546 568
220 294 193 289 568 591
220 294 193 289 591 614
220 294 193 289 614 637
220 294 193 289 637 659
220 294 193 289 659 682
220 294 193 289 682 705
220 294 193 289 705 728
220 294 289 386 0 23
220 294 289 386 23 46
220 294 289 386 46 69
220 294 289 386 69 91
220 294 289 386 91 114
220 294 289 386 114 137
220 294 289 386 137 160
220 294 289 386 160 182
220 294 289 386 182 205
220 294 289 386 205 228
220 294 289 386 228 250
220 294 289 386 250 273
220 294 289 386 273 296
220 294 289 386 296 319
220 294 289 386 319 341
220 294 289 386 341 364
220 294 289 386 364 387
220 294 289 386 387 409
220 294 289 386 409 432
220 294 289 386 432 455
220 294 289 386 455 478
220 294 289 386 478 500
220 294 289 386 500 523
220 294 289 386 523 546
220 294 289 386 546 568
220 294 289 386 568 591
220 294 289 386 591 614
220 294 289 386 614 637
220 294 289 386 637 659
220 294 289 386 659 682
220 294 289 386 682 705
220 294 289 386 705 728
voxsize: 294x386x728 size:315.156372MB
voxBW: 50 14
Decomp size:512
Initialization time: 0.035317
compute: 0.455485 seconds
evaluations: 3159635318
time: 0.497612 seconds
