hostname : cph-c53.uncc.edu
bounding: [1053872.965;1068485.726]x[860186.8419;879395.9741]x[3;730]
read 11056 observations
res: 100 100 1 bw: 500 500 7
0 64 96 128 0 128
64 96 0 96 128 256
0 148 0 64 0 64
0 64 0 96 128 256
96 128 0 160 128 192
0 64 96 160 128 384
0 96 128 194 0 64
0 128 160 194 128 728
0 96 96 160 384 728
96 128 0 128 320 728
64 96 0 96 256 728
64 96 96 128 192 384
96 148 96 128 64 128
96 128 0 128 192 320
64 96 64 96 0 64
0 96 128 194 64 128
0 64 64 96 64 128
96 148 96 128 0 64
128 148 0 194 128 728
64 96 96 128 64 128
0 148 0 64 64 128
64 96 64 96 64 128
96 148 64 96 0 128
0 64 0 96 256 728
64 96 96 128 0 64
96 128 128 160 192 728
96 148 160 194 0 128
64 96 96 128 128 192
0 64 64 96 0 64
64 96 128 160 128 384
96 148 128 160 0 64
96 148 128 160 64 128
voxsize: 148x194x728 size:79.736084MB
voxBW: 5 7
Decomp size:32
Initialization time: 0.013255
compute: 0.008471 seconds
evaluations: 20001751
time: 0.022809 seconds
