hostname : cph-gpu3.uncc.edu
bounding: [1053872.965;1068485.726]x[860186.8419;879395.9741]x[3;730]
read 11056 observations
res: 50 50 1 bw: 2500 2500 1
128 294 320 386 0 384
192 256 256 320 0 384
128 192 256 320 0 384
192 256 128 192 0 728
192 256 192 256 0 192
64 128 128 192 0 192
256 294 0 320 0 728
64 128 0 128 0 728
128 192 192 256 128 512
128 256 0 128 0 728
128 192 192 256 0 128
64 128 192 256 0 256
128 192 128 192 0 128
128 192 128 192 128 728
0 64 0 386 0 728
192 256 192 256 192 728
64 128 256 386 0 728
64 128 128 192 192 728
128 256 256 320 384 728
64 128 192 256 256 728
128 294 320 386 384 704
128 192 192 256 512 728
128 294 320 386 704 728
voxsize: 294x386x728 size:315.156372MB
voxBW: 50 1
Decomp size:23
Initialization time: 0.035866
compute: 0.101591 seconds
evaluations: 328636729
time: 0.138376 seconds
