hostname : cph-gpu1.uncc.edu
bounding: [1053872.965;1068485.726]x[860186.8419;879395.9741]x[3;730]
read 11056 observations
res: 100 100 1 bw: 250 250 1
64 96 0 96 0 256
0 64 96 194 0 728
96 148 128 194 0 256
64 96 96 128 0 256
96 148 96 128 0 256
0 64 64 96 0 728
64 96 128 194 0 728
0 64 0 64 0 728
96 148 0 96 0 728
96 148 96 128 256 728
64 96 0 96 256 728
96 148 128 194 256 512
64 96 96 128 256 512
96 148 128 194 512 728
64 96 96 128 512 728
voxsize: 148x194x728 size:79.736084MB
voxBW: 3 1
Decomp size:15
Initialization time: 0.010679
compute: 0.001981 seconds
evaluations: 1624413
time: 0.014864 seconds
