hostname : cph-gpu4.uncc.edu
bounding: [1053872.965;1068485.726]x[860186.8419;879395.9741]x[3;730]
read 11056 observations
res: 50 50 1 bw: 2500 2500 14
160 192 0 160 0 728
160 192 256 320 0 512
0 96 96 160 0 256
192 294 0 160 0 728
128 160 256 352 0 728
192 256 192 224 0 256
0 160 0 96 0 256
160 256 320 352 0 728
256 294 160 256 0 728
192 256 160 192 0 512
96 128 96 160 0 256
192 256 224 256 0 256
128 160 96 160 0 256
64 128 160 386 256 728
64 128 160 192 0 256
0 160 0 160 256 728
0 64 160 386 0 728
160 192 192 224 0 512
128 160 192 224 0 728
192 256 256 288 0 256
128 160 160 192 0 728
160 256 160 320 512 728
192 256 288 320 0 512
64 128 192 224 0 256
64 128 256 386 0 256
256 294 256 386 0 728
192 256 192 288 256 512
160 192 224 256 0 512
160 192 160 192 0 512
128 160 224 256 0 728
64 128 224 256 0 256
128 256 352 386 0 728
voxsize: 294x386x728 size:315.156372MB
voxBW: 50 14
Decomp size:32
Initialization time: 0.032932
compute: 0.504185 seconds
evaluations: 3159635318
time: 0.538202 seconds
