hostname : cph-gpu2.uncc.edu
bounding: [1053872.965;1068485.726]x[860186.8419;879395.9741]x[3;730]
read 11056 observations
res: 50 50 1 bw: 100 100 1
0 160 160 224 0 256
0 160 224 288 0 728
224 294 0 288 0 448
0 224 0 224 256 728
160 294 288 386 0 384
160 224 224 288 0 728
160 224 160 224 0 256
0 128 64 160 0 256
128 224 64 160 0 256
32 294 288 386 384 704
32 160 288 386 0 192
224 294 0 288 448 728
32 160 288 386 192 384
0 224 0 64 0 256
32 294 288 386 704 728
0 32 288 386 0 728
voxsize: 294x386x728 size:315.156372MB
voxBW: 2 1
Decomp size:16
Initialization time: 0.036218
compute: 0.001838 seconds
evaluations: 828825
time: 0.039022 seconds
