hostname : cph-gpu1.uncc.edu
bounding: [1053872.965;1068485.726]x[860186.8419;879395.9741]x[3;730]
read 11056 observations
res: 100 100 1 bw: 250 250 1
96 148 96 128 0 160
0 96 64 128 32 64
96 148 128 194 0 128
96 148 96 128 160 728
96 148 128 194 128 728
0 96 64 128 64 96
0 96 64 128 192 320
96 148 0 96 0 728
0 96 64 128 128 192
0 96 64 128 320 728
0 96 128 194 0 128
0 96 128 194 128 728
0 96 0 64 96 728
0 96 0 64 0 96
0 96 64 128 96 128
0 96 64 128 0 32
voxsize: 148x194x728 size:79.736084MB
voxBW: 3 1
Decomp size:16
Initialization time: 0.008775
compute: 0.001669 seconds
evaluations: 1624413
time: 0.013212 seconds
