hostname : cph-c53.uncc.edu
bounding: [1053872.965;1068485.726]x[860186.8419;879395.9741]x[3;730]
read 11056 observations
res: 100 100 1 bw: 500 500 7
0 64 96 194 0 160
0 64 0 64 0 544
96 128 0 128 0 128
64 96 0 96 0 96
64 96 0 96 96 352
64 128 128 160 96 352
0 64 64 96 0 160
64 128 160 194 0 352
64 128 128 160 0 96
96 128 0 128 128 352
64 128 0 194 352 544
0 128 0 194 544 728
0 64 64 194 160 544
128 148 0 194 0 728
64 96 96 128 0 128
64 96 96 128 128 352
voxsize: 148x194x728 size:79.736084MB
voxBW: 5 7
Decomp size:16
Initialization time: 0.009959
compute: 0.005036 seconds
evaluations: 20001751
time: 0.016000 seconds
