hostname : cph-gpu1.uncc.edu
bounding: [1053872.965;1068485.726]x[860186.8419;879395.9741]x[3;730]
read 11056 observations
res: 100 100 1 bw: 250 250 1
64 148 64 128 256 728
64 128 64 96 0 256
0 96 128 194 0 512
96 148 128 194 0 256
64 96 96 128 0 256
96 148 96 128 0 256
0 148 0 64 0 256
0 64 64 96 0 256
0 64 96 128 0 256
0 64 32 128 256 728
96 148 128 194 256 512
0 148 128 194 512 728
128 148 64 96 0 256
64 148 32 64 256 728
0 148 0 32 256 728
voxsize: 148x194x728 size:79.736084MB
voxBW: 3 1
Decomp size:15
Initialization time: 0.011223
compute: 0.00357 seconds
evaluations: 1624413
time: 0.015848 seconds
