hostname : cph-gpu2.uncc.edu
bounding: [1053872.965;1068485.726]x[860186.8419;879395.9741]x[3;730]
read 11056 observations
res: 50 50 1 bw: 100 100 1
0 256 0 256 288 672
0 256 0 256 32 64
0 256 256 386 96 384
0 256 256 386 0 96
0 256 0 256 128 192
0 256 0 256 64 96
0 256 0 256 192 288
0 256 0 256 96 128
0 256 0 256 0 32
0 256 256 386 384 728
256 294 0 256 0 192
256 294 0 256 192 448
0 256 0 256 672 728
256 294 0 256 448 728
256 294 256 386 0 224
256 294 256 386 224 728
voxsize: 294x386x728 size:315.156372MB
voxBW: 2 1
Decomp size:16
Initialization time: 0.037478
compute: 0.004529 seconds
evaluations: 828825
time: 0.043123 seconds
