hostname : cph-c54.uncc.edu
bounding: [1053872.965;1068485.726]x[860186.8419;879395.9741]x[3;730]
read 11056 observations
res: 100 100 1 bw: 2500 2500 1
0 148 0 194 32 64
0 148 0 194 64 96
0 148 0 194 96 128
0 148 0 194 128 160
0 148 0 194 0 32
0 148 0 194 160 192
0 148 0 194 224 256
0 148 0 194 192 224
0 148 0 194 256 288
0 148 0 194 608 728
0 148 0 194 384 448
0 148 0 194 448 544
0 148 0 194 288 320
0 148 0 194 544 608
0 148 0 194 320 352
0 148 0 194 352 384
voxsize: 148x194x728 size:79.736084MB
voxBW: 25 1
Decomp size:16
Initialization time: 0.010157
compute: 0.096357 seconds
evaluations: 83992257
time: 0.107369 seconds
