hostname : cph-gpu3.uncc.edu
bounding: [1053872.965;1068485.726]x[860186.8419;879395.9741]x[3;730]
read 11056 observations
res: 50 50 1 bw: 2500 2500 1
0 74 0 97 0 364
0 74 0 97 364 728
0 74 97 193 0 364
0 74 97 193 364 728
0 74 193 289 0 364
0 74 193 289 364 728
0 74 289 386 0 364
0 74 289 386 364 728
74 147 0 97 0 364
74 147 0 97 364 728
74 147 97 193 0 364
74 147 97 193 364 728
74 147 193 289 0 364
74 147 193 289 364 728
74 147 289 386 0 364
74 147 289 386 364 728
147 220 0 97 0 364
147 220 0 97 364 728
147 220 97 193 0 364
147 220 97 193 364 728
147 220 193 289 0 364
147 220 193 289 364 728
147 220 289 386 0 364
147 220 289 386 364 728
220 294 0 97 0 364
220 294 0 97 364 728
220 294 97 193 0 364
220 294 97 193 364 728
220 294 193 289 0 364
220 294 193 289 364 728
220 294 289 386 0 364
220 294 289 386 364 728
voxsize: 294x386x728 size:315.156372MB
voxBW: 50 1
Decomp size:32
Initialization time: 0.035206
compute: 0.188236 seconds
evaluations: 328636729
time: 0.224490 seconds
