hostname : cph-gpu2.uncc.edu
bounding: [1053872.965;1068485.726]x[860186.8419;879395.9741]x[3;730]
read 11056 observations
res: 50 50 1 bw: 100 100 1
96 160 224 288 0 728
160 224 224 288 0 448
96 224 160 192 0 256
224 294 160 256 0 448
96 224 192 224 0 256
0 128 64 160 0 192
192 294 288 386 0 384
128 224 64 160 0 256
96 224 160 224 256 728
0 96 160 224 0 384
96 192 288 386 0 320
0 224 64 160 256 728
0 96 224 386 0 256
96 294 288 386 384 704
224 294 256 288 0 320
224 294 160 288 448 728
160 224 224 288 448 728
0 128 64 160 192 256
0 294 0 64 0 728
0 96 224 386 256 448
224 294 256 288 320 448
0 96 160 386 448 640
96 192 288 386 320 384
224 294 64 160 0 192
224 294 64 160 192 728
0 96 160 386 640 728
160 294 288 386 704 728
0 96 160 224 384 448
128 160 288 386 704 728
96 128 288 386 704 728
voxsize: 294x386x728 size:315.156372MB
voxBW: 2 1
Decomp size:30
Initialization time: 0.036311
compute: 0.001771 seconds
evaluations: 828825
time: 0.039474 seconds
