hostname : cph-gpu3.uncc.edu
bounding: [1053872.965;1068485.726]x[860186.8419;879395.9741]x[3;730]
read 11056 observations
res: 50 50 1 bw: 2500 2500 1
96 128 192 256 0 256
224 294 256 320 0 224
192 294 0 160 0 512
128 160 192 320 96 256
128 160 192 320 0 96
128 192 160 192 0 160
192 256 160 224 64 192
0 96 96 160 0 192
160 192 224 320 0 128
192 294 320 386 0 224
160 192 0 160 0 416
256 294 160 256 0 512
0 160 0 96 0 192
192 256 224 256 64 512
0 128 160 192 0 160
192 294 256 386 224 512
0 128 256 320 0 256
0 96 192 256 0 256
96 128 96 160 0 192
0 160 192 320 256 448
192 256 160 256 0 64
0 192 160 192 160 416
160 192 192 224 0 448
0 192 320 386 0 728
0 160 0 160 192 416
0 192 0 192 416 728
160 192 224 320 128 448
128 160 96 160 0 192
192 294 0 386 512 728
192 256 160 224 192 512
192 224 256 320 0 224
0 192 192 320 448 728
voxsize: 294x386x728 size:315.156372MB
voxBW: 50 1
Decomp size:32
Initialization time: 0.035492
compute: 0.094073 seconds
evaluations: 328636729
time: 0.130932 seconds
