hostname : cph-gpu4.uncc.edu
bounding: [1053872.965;1068485.726]x[860186.8419;879395.9741]x[3;730]
read 11056 observations
res: 50 50 1 bw: 2500 2500 14
192 224 0 192 192 728
160 192 0 192 128 256
192 294 352 386 0 728
192 224 192 256 192 512
160 192 320 386 0 728
0 128 160 224 192 384
128 160 192 386 192 320
0 96 160 192 0 192
224 294 0 192 0 128
96 128 224 256 0 384
128 160 0 128 64 384
0 96 224 256 0 384
224 256 192 224 0 320
224 294 288 320 0 320
96 128 160 192 0 192
128 160 0 160 0 64
0 96 96 128 0 384
128 160 192 386 128 192
128 160 192 386 320 728
0 160 0 160 384 728
192 224 192 224 0 192
192 224 0 192 64 192
128 160 224 386 0 64
160 192 0 192 64 128
160 224 192 320 512 728
192 224 288 320 0 512
256 294 192 288 0 128
160 192 0 192 256 728
224 294 0 320 448 728
224 256 224 256 0 320
160 224 0 160 0 64
192 224 224 256 0 192
160 192 192 224 128 512
128 160 224 386 64 128
96 128 96 128 0 384
96 128 192 224 0 192
192 294 320 352 0 128
96 128 256 386 0 192
224 294 0 320 320 448
224 294 0 192 128 320
128 160 128 160 64 384
0 96 128 160 0 128
0 128 256 386 192 728
0 128 128 160 128 384
160 192 288 320 0 512
160 192 256 288 0 192
128 160 160 192 0 128
192 294 320 352 128 728
160 192 192 256 64 128
192 224 256 288 0 192
160 192 192 256 0 64
128 160 192 224 0 128
128 160 160 192 128 728
0 96 0 96 0 384
0 96 192 224 0 192
0 96 256 386 0 192
96 128 128 160 0 128
0 128 160 256 384 728
224 256 256 288 0 320
160 192 224 256 128 512
96 128 0 96 0 384
160 224 256 288 192 512
256 294 192 288 128 320
160 224 160 192 0 64
voxsize: 294x386x728 size:315.156372MB
voxBW: 50 14
Decomp size:64
Initialization time: 0.035908
compute: 0.448539 seconds
evaluations: 3159635318
time: 0.485976 seconds
