hostname : cph-gpu2.uncc.edu
bounding: [1053872.965;1068485.726]x[860186.8419;879395.9741]x[3;730]
read 11056 observations
res: 50 50 1 bw: 100 100 1
96 256 160 224 0 480
0 256 224 288 0 480
0 256 0 160 0 672
0 294 288 386 0 728
0 256 160 288 480 728
0 96 160 224 0 160
256 294 0 256 0 192
256 294 0 256 192 728
0 96 160 224 160 480
0 256 0 160 672 728
256 294 256 288 0 728
voxsize: 294x386x728 size:315.156372MB
voxBW: 2 1
Decomp size:11
Initialization time: 0.038662
compute: 0.003114 seconds
evaluations: 828825
time: 0.042670 seconds
