hostname : cph-gpu3.uncc.edu
bounding: [1053872.965;1068485.726]x[860186.8419;879395.9741]x[3;730]
read 11056 observations
res: 50 50 1 bw: 2500 2500 1
128 294 320 386 0 384
160 224 192 224 0 728
96 128 192 386 0 480
32 96 96 192 0 480
96 128 96 192 0 480
160 256 96 160 0 728
128 160 160 224 0 672
128 294 288 320 0 384
224 256 160 256 0 728
160 256 256 288 0 448
0 96 192 386 0 480
160 224 224 256 0 728
160 224 160 192 0 728
0 294 0 96 0 728
256 294 96 288 0 728
128 160 224 288 0 672
128 160 96 160 0 672
128 294 288 386 384 728
0 128 96 386 480 728
160 256 256 288 448 728
128 160 96 288 672 728
0 32 96 192 0 480
voxsize: 294x386x728 size:315.156372MB
voxBW: 50 1
Decomp size:22
Initialization time: 0.033738
compute: 0.101893 seconds
evaluations: 328636729
time: 0.136617 seconds
