hostname : cph-gpu2.uncc.edu
bounding: [1053872.965;1068485.726]x[860186.8419;879395.9741]x[3;730]
read 11056 observations
res: 50 50 1 bw: 100 100 1
0 192 128 256 32 64
192 294 192 256 0 160
192 294 256 386 0 128
192 294 192 256 160 728
0 192 128 256 64 96
192 294 256 386 128 728
0 192 128 256 192 320
192 294 0 192 0 728
0 192 128 256 128 192
0 192 256 386 0 128
0 192 128 256 320 728
0 192 256 386 128 728
0 192 0 128 96 728
0 192 0 128 0 96
0 192 128 256 96 128
0 192 128 256 0 32
voxsize: 294x386x728 size:315.156372MB
voxBW: 2 1
Decomp size:16
Initialization time: 0.035354
compute: 0.001507 seconds
evaluations: 828825
time: 0.038003 seconds
