hostname : cph-gpu2.uncc.edu
bounding: [1053872.965;1068485.726]x[860186.8419;879395.9741]x[3;730]
read 11056 observations
res: 50 50 1 bw: 100 100 1
96 224 160 224 0 256
96 224 224 288 0 448
0 224 0 160 0 256
0 294 288 386 0 728
224 294 0 288 0 728
0 224 0 224 256 728
0 96 160 224 0 256
0 96 224 288 0 256
0 224 224 288 448 728
0 96 224 288 256 448
voxsize: 294x386x728 size:315.156372MB
voxBW: 2 1
Decomp size:10
Initialization time: 0.035245
compute: 0.002626 seconds
evaluations: 828825
time: 0.038674 seconds
