hostname : cph-c53.uncc.edu
bounding: [1053872.965;1068485.726]x[860186.8419;879395.9741]x[3;730]
read 11056 observations
res: 100 100 1 bw: 500 500 7
0 19 0 25 0 46
0 19 0 25 46 91
0 19 0 25 91 137
0 19 0 25 137 182
0 19 0 25 182 228
0 19 0 25 228 273
0 19 0 25 273 319
0 19 0 25 319 364
0 19 0 25 364 409
0 19 0 25 409 455
0 19 0 25 455 500
0 19 0 25 500 546
0 19 0 25 546 591
0 19 0 25 591 637
0 19 0 25 637 682
0 19 0 25 682 728
0 19 25 49 0 46
0 19 25 49 46 91
0 19 25 49 91 137
0 19 25 49 137 182
0 19 25 49 182 228
0 19 25 49 228 273
0 19 25 49 273 319
0 19 25 49 319 364
0 19 25 49 364 409
0 19 25 49 409 455
0 19 25 49 455 500
0 19 25 49 500 546
0 19 25 49 546 591
0 19 25 49 591 637
0 19 25 49 637 682
0 19 25 49 682 728
0 19 49 73 0 46
0 19 49 73 46 91
0 19 49 73 91 137
0 19 49 73 137 182
0 19 49 73 182 228
0 19 49 73 228 273
0 19 49 73 273 319
0 19 49 73 319 364
0 19 49 73 364 409
0 19 49 73 409 455
0 19 49 73 455 500
0 19 49 73 500 546
0 19 49 73 546 591
0 19 49 73 591 637
0 19 49 73 637 682
0 19 49 73 682 728
0 19 73 97 0 46
0 19 73 97 46 91
0 19 73 97 91 137
0 19 73 97 137 182
0 19 73 97 182 228
0 19 73 97 228 273
0 19 73 97 273 319
0 19 73 97 319 364
0 19 73 97 364 409
0 19 73 97 409 455
0 19 73 97 455 500
0 19 73 97 500 546
0 19 73 97 546 591
0 19 73 97 591 637
0 19 73 97 637 682
0 19 73 97 682 728
0 19 97 121 0 46
0 19 97 121 46 91
0 19 97 121 91 137
0 19 97 121 137 182
0 19 97 121 182 228
0 19 97 121 228 273
0 19 97 121 273 319
0 19 97 121 319 364
0 19 97 121 364 409
0 19 97 121 409 455
0 19 97 121 455 500
0 19 97 121 500 546
0 19 97 121 546 591
0 19 97 121 591 637
0 19 97 121 637 682
0 19 97 121 682 728
0 19 121 145 0 46
0 19 121 145 46 91
0 19 121 145 91 137
0 19 121 145 137 182
0 19 121 145 182 228
0 19 121 145 228 273
0 19 121 145 273 319
0 19 121 145 319 364
0 19 121 145 364 409
0 19 121 145 409 455
0 19 121 145 455 500
0 19 121 145 500 546
0 19 121 145 546 591
0 19 121 145 591 637
0 19 121 145 637 682
0 19 121 145 682 728
0 19 145 169 0 46
0 19 145 169 46 91
0 19 145 169 91 137
0 19 145 169 137 182
0 19 145 169 182 228
0 19 145 169 228 273
0 19 145 169 273 319
0 19 145 169 319 364
0 19 145 169 364 409
0 19 145 169 409 455
0 19 145 169 455 500
0 19 145 169 500 546
0 19 145 169 546 591
0 19 145 169 591 637
0 19 145 169 637 682
0 19 145 169 682 728
0 19 169 194 0 46
0 19 169 194 46 91
0 19 169 194 91 137
0 19 169 194 137 182
0 19 169 194 182 228
0 19 169 194 228 273
0 19 169 194 273 319
0 19 169 194 319 364
0 19 169 194 364 409
0 19 169 194 409 455
0 19 169 194 455 500
0 19 169 194 500 546
0 19 169 194 546 591
0 19 169 194 591 637
0 19 169 194 637 682
0 19 169 194 682 728
19 37 0 25 0 46
19 37 0 25 46 91
19 37 0 25 91 137
19 37 0 25 137 182
19 37 0 25 182 228
19 37 0 25 228 273
19 37 0 25 273 319
19 37 0 25 319 364
19 37 0 25 364 409
19 37 0 25 409 455
19 37 0 25 455 500
19 37 0 25 500 546
19 37 0 25 546 591
19 37 0 25 591 637
19 37 0 25 637 682
19 37 0 25 682 728
19 37 25 49 0 46
19 37 25 49 46 91
19 37 25 49 91 137
19 37 25 49 137 182
19 37 25 49 182 228
19 37 25 49 228 273
19 37 25 49 273 319
19 37 25 49 319 364
19 37 25 49 364 409
19 37 25 49 409 455
19 37 25 49 455 500
19 37 25 49 500 546
19 37 25 49 546 591
19 37 25 49 591 637
19 37 25 49 637 682
19 37 25 49 682 728
19 37 49 73 0 46
19 37 49 73 46 91
19 37 49 73 91 137
19 37 49 73 137 182
19 37 49 73 182 228
19 37 49 73 228 273
19 37 49 73 273 319
19 37 49 73 319 364
19 37 49 73 364 409
19 37 49 73 409 455
19 37 49 73 455 500
19 37 49 73 500 546
19 37 49 73 546 591
19 37 49 73 591 637
19 37 49 73 637 682
19 37 49 73 682 728
19 37 73 97 0 46
19 37 73 97 46 91
19 37 73 97 91 137
19 37 73 97 137 182
19 37 73 97 182 228
19 37 73 97 228 273
19 37 73 97 273 319
19 37 73 97 319 364
19 37 73 97 364 409
19 37 73 97 409 455
19 37 73 97 455 500
19 37 73 97 500 546
19 37 73 97 546 591
19 37 73 97 591 637
19 37 73 97 637 682
19 37 73 97 682 728
19 37 97 121 0 46
19 37 97 121 46 91
19 37 97 121 91 137
19 37 97 121 137 182
19 37 97 121 182 228
19 37 97 121 228 273
19 37 97 121 273 319
19 37 97 121 319 364
19 37 97 121 364 409
19 37 97 121 409 455
19 37 97 121 455 500
19 37 97 121 500 546
19 37 97 121 546 591
19 37 97 121 591 637
19 37 97 121 637 682
19 37 97 121 682 728
19 37 121 145 0 46
19 37 121 145 46 91
19 37 121 145 91 137
19 37 121 145 137 182
19 37 121 145 182 228
19 37 121 145 228 273
19 37 121 145 273 319
19 37 121 145 319 364
19 37 121 145 364 409
19 37 121 145 409 455
19 37 121 145 455 500
19 37 121 145 500 546
19 37 121 145 546 591
19 37 121 145 591 637
19 37 121 145 637 682
19 37 121 145 682 728
19 37 145 169 0 46
19 37 145 169 46 91
19 37 145 169 91 137
19 37 145 169 137 182
19 37 145 169 182 228
19 37 145 169 228 273
19 37 145 169 273 319
19 37 145 169 319 364
19 37 145 169 364 409
19 37 145 169 409 455
19 37 145 169 455 500
19 37 145 169 500 546
19 37 145 169 546 591
19 37 145 169 591 637
19 37 145 169 637 682
19 37 145 169 682 728
19 37 169 194 0 46
19 37 169 194 46 91
19 37 169 194 91 137
19 37 169 194 137 182
19 37 169 194 182 228
19 37 169 194 228 273
19 37 169 194 273 319
19 37 169 194 319 364
19 37 169 194 364 409
19 37 169 194 409 455
19 37 169 194 455 500
19 37 169 194 500 546
19 37 169 194 546 591
19 37 169 194 591 637
19 37 169 194 637 682
19 37 169 194 682 728
37 55 0 25 0 46
37 55 0 25 46 91
37 55 0 25 91 137
37 55 0 25 137 182
37 55 0 25 182 228
37 55 0 25 228 273
37 55 0 25 273 319
37 55 0 25 319 364
37 55 0 25 364 409
37 55 0 25 409 455
37 55 0 25 455 500
37 55 0 25 500 546
37 55 0 25 546 591
37 55 0 25 591 637
37 55 0 25 637 682
37 55 0 25 682 728
37 55 25 49 0 46
37 55 25 49 46 91
37 55 25 49 91 137
37 55 25 49 137 182
37 55 25 49 182 228
37 55 25 49 228 273
37 55 25 49 273 319
37 55 25 49 319 364
37 55 25 49 364 409
37 55 25 49 409 455
37 55 25 49 455 500
37 55 25 49 500 546
37 55 25 49 546 591
37 55 25 49 591 637
37 55 25 49 637 682
37 55 25 49 682 728
37 55 49 73 0 46
37 55 49 73 46 91
37 55 49 73 91 137
37 55 49 73 137 182
37 55 49 73 182 228
37 55 49 73 228 273
37 55 49 73 273 319
37 55 49 73 319 364
37 55 49 73 364 409
37 55 49 73 409 455
37 55 49 73 455 500
37 55 49 73 500 546
37 55 49 73 546 591
37 55 49 73 591 637
37 55 49 73 637 682
37 55 49 73 682 728
37 55 73 97 0 46
37 55 73 97 46 91
37 55 73 97 91 137
37 55 73 97 137 182
37 55 73 97 182 228
37 55 73 97 228 273
37 55 73 97 273 319
37 55 73 97 319 364
37 55 73 97 364 409
37 55 73 97 409 455
37 55 73 97 455 500
37 55 73 97 500 546
37 55 73 97 546 591
37 55 73 97 591 637
37 55 73 97 637 682
37 55 73 97 682 728
37 55 97 121 0 46
37 55 97 121 46 91
37 55 97 121 91 137
37 55 97 121 137 182
37 55 97 121 182 228
37 55 97 121 228 273
37 55 97 121 273 319
37 55 97 121 319 364
37 55 97 121 364 409
37 55 97 121 409 455
37 55 97 121 455 500
37 55 97 121 500 546
37 55 97 121 546 591
37 55 97 121 591 637
37 55 97 121 637 682
37 55 97 121 682 728
37 55 121 145 0 46
37 55 121 145 46 91
37 55 121 145 91 137
37 55 121 145 137 182
37 55 121 145 182 228
37 55 121 145 228 273
37 55 121 145 273 319
37 55 121 145 319 364
37 55 121 145 364 409
37 55 121 145 409 455
37 55 121 145 455 500
37 55 121 145 500 546
37 55 121 145 546 591
37 55 121 145 591 637
37 55 121 145 637 682
37 55 121 145 682 728
37 55 145 169 0 46
37 55 145 169 46 91
37 55 145 169 91 137
37 55 145 169 137 182
37 55 145 169 182 228
37 55 145 169 228 273
37 55 145 169 273 319
37 55 145 169 319 364
37 55 145 169 364 409
37 55 145 169 409 455
37 55 145 169 455 500
37 55 145 169 500 546
37 55 145 169 546 591
37 55 145 169 591 637
37 55 145 169 637 682
37 55 145 169 682 728
37 55 169 194 0 46
37 55 169 194 46 91
37 55 169 194 91 137
37 55 169 194 137 182
37 55 169 194 182 228
37 55 169 194 228 273
37 55 169 194 273 319
37 55 169 194 319 364
37 55 169 194 364 409
37 55 169 194 409 455
37 55 169 194 455 500
37 55 169 194 500 546
37 55 169 194 546 591
37 55 169 194 591 637
37 55 169 194 637 682
37 55 169 194 682 728
55 74 0 25 0 46
55 74 0 25 46 91
55 74 0 25 91 137
55 74 0 25 137 182
55 74 0 25 182 228
55 74 0 25 228 273
55 74 0 25 273 319
55 74 0 25 319 364
55 74 0 25 364 409
55 74 0 25 409 455
55 74 0 25 455 500
55 74 0 25 500 546
55 74 0 25 546 591
55 74 0 25 591 637
55 74 0 25 637 682
55 74 0 25 682 728
55 74 25 49 0 46
55 74 25 49 46 91
55 74 25 49 91 137
55 74 25 49 137 182
55 74 25 49 182 228
55 74 25 49 228 273
55 74 25 49 273 319
55 74 25 49 319 364
55 74 25 49 364 409
55 74 25 49 409 455
55 74 25 49 455 500
55 74 25 49 500 546
55 74 25 49 546 591
55 74 25 49 591 637
55 74 25 49 637 682
55 74 25 49 682 728
55 74 49 73 0 46
55 74 49 73 46 91
55 74 49 73 91 137
55 74 49 73 137 182
55 74 49 73 182 228
55 74 49 73 228 273
55 74 49 73 273 319
55 74 49 73 319 364
55 74 49 73 364 409
55 74 49 73 409 455
55 74 49 73 455 500
55 74 49 73 500 546
55 74 49 73 546 591
55 74 49 73 591 637
55 74 49 73 637 682
55 74 49 73 682 728
55 74 73 97 0 46
55 74 73 97 46 91
55 74 73 97 91 137
55 74 73 97 137 182
55 74 73 97 182 228
55 74 73 97 228 273
55 74 73 97 273 319
55 74 73 97 319 364
55 74 73 97 364 409
55 74 73 97 409 455
55 74 73 97 455 500
55 74 73 97 500 546
55 74 73 97 546 591
55 74 73 97 591 637
55 74 73 97 637 682
55 74 73 97 682 728
55 74 97 121 0 46
55 74 97 121 46 91
55 74 97 121 91 137
55 74 97 121 137 182
55 74 97 121 182 228
55 74 97 121 228 273
55 74 97 121 273 319
55 74 97 121 319 364
55 74 97 121 364 409
55 74 97 121 409 455
55 74 97 121 455 500
55 74 97 121 500 546
55 74 97 121 546 591
55 74 97 121 591 637
55 74 97 121 637 682
55 74 97 121 682 728
55 74 121 145 0 46
55 74 121 145 46 91
55 74 121 145 91 137
55 74 121 145 137 182
55 74 121 145 182 228
55 74 121 145 228 273
55 74 121 145 273 319
55 74 121 145 319 364
55 74 121 145 364 409
55 74 121 145 409 455
55 74 121 145 455 500
55 74 121 145 500 546
55 74 121 145 546 591
55 74 121 145 591 637
55 74 121 145 637 682
55 74 121 145 682 728
55 74 145 169 0 46
55 74 145 169 46 91
55 74 145 169 91 137
55 74 145 169 137 182
55 74 145 169 182 228
55 74 145 169 228 273
55 74 145 169 273 319
55 74 145 169 319 364
55 74 145 169 364 409
55 74 145 169 409 455
55 74 145 169 455 500
55 74 145 169 500 546
55 74 145 169 546 591
55 74 145 169 591 637
55 74 145 169 637 682
55 74 145 169 682 728
55 74 169 194 0 46
55 74 169 194 46 91
55 74 169 194 91 137
55 74 169 194 137 182
55 74 169 194 182 228
55 74 169 194 228 273
55 74 169 194 273 319
55 74 169 194 319 364
55 74 169 194 364 409
55 74 169 194 409 455
55 74 169 194 455 500
55 74 169 194 500 546
55 74 169 194 546 591
55 74 169 194 591 637
55 74 169 194 637 682
55 74 169 194 682 728
74 92 0 25 0 46
74 92 0 25 46 91
74 92 0 25 91 137
74 92 0 25 137 182
74 92 0 25 182 228
74 92 0 25 228 273
74 92 0 25 273 319
74 92 0 25 319 364
74 92 0 25 364 409
74 92 0 25 409 455
74 92 0 25 455 500
74 92 0 25 500 546
74 92 0 25 546 591
74 92 0 25 591 637
74 92 0 25 637 682
74 92 0 25 682 728
74 92 25 49 0 46
74 92 25 49 46 91
74 92 25 49 91 137
74 92 25 49 137 182
74 92 25 49 182 228
74 92 25 49 228 273
74 92 25 49 273 319
74 92 25 49 319 364
74 92 25 49 364 409
74 92 25 49 409 455
74 92 25 49 455 500
74 92 25 49 500 546
74 92 25 49 546 591
74 92 25 49 591 637
74 92 25 49 637 682
74 92 25 49 682 728
74 92 49 73 0 46
74 92 49 73 46 91
74 92 49 73 91 137
74 92 49 73 137 182
74 92 49 73 182 228
74 92 49 73 228 273
74 92 49 73 273 319
74 92 49 73 319 364
74 92 49 73 364 409
74 92 49 73 409 455
74 92 49 73 455 500
74 92 49 73 500 546
74 92 49 73 546 591
74 92 49 73 591 637
74 92 49 73 637 682
74 92 49 73 682 728
74 92 73 97 0 46
74 92 73 97 46 91
74 92 73 97 91 137
74 92 73 97 137 182
74 92 73 97 182 228
74 92 73 97 228 273
74 92 73 97 273 319
74 92 73 97 319 364
74 92 73 97 364 409
74 92 73 97 409 455
74 92 73 97 455 500
74 92 73 97 500 546
74 92 73 97 546 591
74 92 73 97 591 637
74 92 73 97 637 682
74 92 73 97 682 728
74 92 97 121 0 46
74 92 97 121 46 91
74 92 97 121 91 137
74 92 97 121 137 182
74 92 97 121 182 228
74 92 97 121 228 273
74 92 97 121 273 319
74 92 97 121 319 364
74 92 97 121 364 409
74 92 97 121 409 455
74 92 97 121 455 500
74 92 97 121 500 546
74 92 97 121 546 591
74 92 97 121 591 637
74 92 97 121 637 682
74 92 97 121 682 728
74 92 121 145 0 46
74 92 121 145 46 91
74 92 121 145 91 137
74 92 121 145 137 182
74 92 121 145 182 228
74 92 121 145 228 273
74 92 121 145 273 319
74 92 121 145 319 364
74 92 121 145 364 409
74 92 121 145 409 455
74 92 121 145 455 500
74 92 121 145 500 546
74 92 121 145 546 591
74 92 121 145 591 637
74 92 121 145 637 682
74 92 121 145 682 728
74 92 145 169 0 46
74 92 145 169 46 91
74 92 145 169 91 137
74 92 145 169 137 182
74 92 145 169 182 228
74 92 145 169 228 273
74 92 145 169 273 319
74 92 145 169 319 364
74 92 145 169 364 409
74 92 145 169 409 455
74 92 145 169 455 500
74 92 145 169 500 546
74 92 145 169 546 591
74 92 145 169 591 637
74 92 145 169 637 682
74 92 145 169 682 728
74 92 169 194 0 46
74 92 169 194 46 91
74 92 169 194 91 137
74 92 169 194 137 182
74 92 169 194 182 228
74 92 169 194 228 273
74 92 169 194 273 319
74 92 169 194 319 364
74 92 169 194 364 409
74 92 169 194 409 455
74 92 169 194 455 500
74 92 169 194 500 546
74 92 169 194 546 591
74 92 169 194 591 637
74 92 169 194 637 682
74 92 169 194 682 728
92 110 0 25 0 46
92 110 0 25 46 91
92 110 0 25 91 137
92 110 0 25 137 182
92 110 0 25 182 228
92 110 0 25 228 273
92 110 0 25 273 319
92 110 0 25 319 364
92 110 0 25 364 409
92 110 0 25 409 455
92 110 0 25 455 500
92 110 0 25 500 546
92 110 0 25 546 591
92 110 0 25 591 637
92 110 0 25 637 682
92 110 0 25 682 728
92 110 25 49 0 46
92 110 25 49 46 91
92 110 25 49 91 137
92 110 25 49 137 182
92 110 25 49 182 228
92 110 25 49 228 273
92 110 25 49 273 319
92 110 25 49 319 364
92 110 25 49 364 409
92 110 25 49 409 455
92 110 25 49 455 500
92 110 25 49 500 546
92 110 25 49 546 591
92 110 25 49 591 637
92 110 25 49 637 682
92 110 25 49 682 728
92 110 49 73 0 46
92 110 49 73 46 91
92 110 49 73 91 137
92 110 49 73 137 182
92 110 49 73 182 228
92 110 49 73 228 273
92 110 49 73 273 319
92 110 49 73 319 364
92 110 49 73 364 409
92 110 49 73 409 455
92 110 49 73 455 500
92 110 49 73 500 546
92 110 49 73 546 591
92 110 49 73 591 637
92 110 49 73 637 682
92 110 49 73 682 728
92 110 73 97 0 46
92 110 73 97 46 91
92 110 73 97 91 137
92 110 73 97 137 182
92 110 73 97 182 228
92 110 73 97 228 273
92 110 73 97 273 319
92 110 73 97 319 364
92 110 73 97 364 409
92 110 73 97 409 455
92 110 73 97 455 500
92 110 73 97 500 546
92 110 73 97 546 591
92 110 73 97 591 637
92 110 73 97 637 682
92 110 73 97 682 728
92 110 97 121 0 46
92 110 97 121 46 91
92 110 97 121 91 137
92 110 97 121 137 182
92 110 97 121 182 228
92 110 97 121 228 273
92 110 97 121 273 319
92 110 97 121 319 364
92 110 97 121 364 409
92 110 97 121 409 455
92 110 97 121 455 500
92 110 97 121 500 546
92 110 97 121 546 591
92 110 97 121 591 637
92 110 97 121 637 682
92 110 97 121 682 728
92 110 121 145 0 46
92 110 121 145 46 91
92 110 121 145 91 137
92 110 121 145 137 182
92 110 121 145 182 228
92 110 121 145 228 273
92 110 121 145 273 319
92 110 121 145 319 364
92 110 121 145 364 409
92 110 121 145 409 455
92 110 121 145 455 500
92 110 121 145 500 546
92 110 121 145 546 591
92 110 121 145 591 637
92 110 121 145 637 682
92 110 121 145 682 728
92 110 145 169 0 46
92 110 145 169 46 91
92 110 145 169 91 137
92 110 145 169 137 182
92 110 145 169 182 228
92 110 145 169 228 273
92 110 145 169 273 319
92 110 145 169 319 364
92 110 145 169 364 409
92 110 145 169 409 455
92 110 145 169 455 500
92 110 145 169 500 546
92 110 145 169 546 591
92 110 145 169 591 637
92 110 145 169 637 682
92 110 145 169 682 728
92 110 169 194 0 46
92 110 169 194 46 91
92 110 169 194 91 137
92 110 169 194 137 182
92 110 169 194 182 228
92 110 169 194 228 273
92 110 169 194 273 319
92 110 169 194 319 364
92 110 169 194 364 409
92 110 169 194 409 455
92 110 169 194 455 500
92 110 169 194 500 546
92 110 169 194 546 591
92 110 169 194 591 637
92 110 169 194 637 682
92 110 169 194 682 728
110 128 0 25 0 46
110 128 0 25 46 91
110 128 0 25 91 137
110 128 0 25 137 182
110 128 0 25 182 228
110 128 0 25 228 273
110 128 0 25 273 319
110 128 0 25 319 364
110 128 0 25 364 409
110 128 0 25 409 455
110 128 0 25 455 500
110 128 0 25 500 546
110 128 0 25 546 591
110 128 0 25 591 637
110 128 0 25 637 682
110 128 0 25 682 728
110 128 25 49 0 46
110 128 25 49 46 91
110 128 25 49 91 137
110 128 25 49 137 182
110 128 25 49 182 228
110 128 25 49 228 273
110 128 25 49 273 319
110 128 25 49 319 364
110 128 25 49 364 409
110 128 25 49 409 455
110 128 25 49 455 500
110 128 25 49 500 546
110 128 25 49 546 591
110 128 25 49 591 637
110 128 25 49 637 682
110 128 25 49 682 728
110 128 49 73 0 46
110 128 49 73 46 91
110 128 49 73 91 137
110 128 49 73 137 182
110 128 49 73 182 228
110 128 49 73 228 273
110 128 49 73 273 319
110 128 49 73 319 364
110 128 49 73 364 409
110 128 49 73 409 455
110 128 49 73 455 500
110 128 49 73 500 546
110 128 49 73 546 591
110 128 49 73 591 637
110 128 49 73 637 682
110 128 49 73 682 728
110 128 73 97 0 46
110 128 73 97 46 91
110 128 73 97 91 137
110 128 73 97 137 182
110 128 73 97 182 228
110 128 73 97 228 273
110 128 73 97 273 319
110 128 73 97 319 364
110 128 73 97 364 409
110 128 73 97 409 455
110 128 73 97 455 500
110 128 73 97 500 546
110 128 73 97 546 591
110 128 73 97 591 637
110 128 73 97 637 682
110 128 73 97 682 728
110 128 97 121 0 46
110 128 97 121 46 91
110 128 97 121 91 137
110 128 97 121 137 182
110 128 97 121 182 228
110 128 97 121 228 273
110 128 97 121 273 319
110 128 97 121 319 364
110 128 97 121 364 409
110 128 97 121 409 455
110 128 97 121 455 500
110 128 97 121 500 546
110 128 97 121 546 591
110 128 97 121 591 637
110 128 97 121 637 682
110 128 97 121 682 728
110 128 121 145 0 46
110 128 121 145 46 91
110 128 121 145 91 137
110 128 121 145 137 182
110 128 121 145 182 228
110 128 121 145 228 273
110 128 121 145 273 319
110 128 121 145 319 364
110 128 121 145 364 409
110 128 121 145 409 455
110 128 121 145 455 500
110 128 121 145 500 546
110 128 121 145 546 591
110 128 121 145 591 637
110 128 121 145 637 682
110 128 121 145 682 728
110 128 145 169 0 46
110 128 145 169 46 91
110 128 145 169 91 137
110 128 145 169 137 182
110 128 145 169 182 228
110 128 145 169 228 273
110 128 145 169 273 319
110 128 145 169 319 364
110 128 145 169 364 409
110 128 145 169 409 455
110 128 145 169 455 500
110 128 145 169 500 546
110 128 145 169 546 591
110 128 145 169 591 637
110 128 145 169 637 682
110 128 145 169 682 728
110 128 169 194 0 46
110 128 169 194 46 91
110 128 169 194 91 137
110 128 169 194 137 182
110 128 169 194 182 228
110 128 169 194 228 273
110 128 169 194 273 319
110 128 169 194 319 364
110 128 169 194 364 409
110 128 169 194 409 455
110 128 169 194 455 500
110 128 169 194 500 546
110 128 169 194 546 591
110 128 169 194 591 637
110 128 169 194 637 682
110 128 169 194 682 728
128 148 0 25 0 46
128 148 0 25 46 91
128 148 0 25 91 137
128 148 0 25 137 182
128 148 0 25 182 228
128 148 0 25 228 273
128 148 0 25 273 319
128 148 0 25 319 364
128 148 0 25 364 409
128 148 0 25 409 455
128 148 0 25 455 500
128 148 0 25 500 546
128 148 0 25 546 591
128 148 0 25 591 637
128 148 0 25 637 682
128 148 0 25 682 728
128 148 25 49 0 46
128 148 25 49 46 91
128 148 25 49 91 137
128 148 25 49 137 182
128 148 25 49 182 228
128 148 25 49 228 273
128 148 25 49 273 319
128 148 25 49 319 364
128 148 25 49 364 409
128 148 25 49 409 455
128 148 25 49 455 500
128 148 25 49 500 546
128 148 25 49 546 591
128 148 25 49 591 637
128 148 25 49 637 682
128 148 25 49 682 728
128 148 49 73 0 46
128 148 49 73 46 91
128 148 49 73 91 137
128 148 49 73 137 182
128 148 49 73 182 228
128 148 49 73 228 273
128 148 49 73 273 319
128 148 49 73 319 364
128 148 49 73 364 409
128 148 49 73 409 455
128 148 49 73 455 500
128 148 49 73 500 546
128 148 49 73 546 591
128 148 49 73 591 637
128 148 49 73 637 682
128 148 49 73 682 728
128 148 73 97 0 46
128 148 73 97 46 91
128 148 73 97 91 137
128 148 73 97 137 182
128 148 73 97 182 228
128 148 73 97 228 273
128 148 73 97 273 319
128 148 73 97 319 364
128 148 73 97 364 409
128 148 73 97 409 455
128 148 73 97 455 500
128 148 73 97 500 546
128 148 73 97 546 591
128 148 73 97 591 637
128 148 73 97 637 682
128 148 73 97 682 728
128 148 97 121 0 46
128 148 97 121 46 91
128 148 97 121 91 137
128 148 97 121 137 182
128 148 97 121 182 228
128 148 97 121 228 273
128 148 97 121 273 319
128 148 97 121 319 364
128 148 97 121 364 409
128 148 97 121 409 455
128 148 97 121 455 500
128 148 97 121 500 546
128 148 97 121 546 591
128 148 97 121 591 637
128 148 97 121 637 682
128 148 97 121 682 728
128 148 121 145 0 46
128 148 121 145 46 91
128 148 121 145 91 137
128 148 121 145 137 182
128 148 121 145 182 228
128 148 121 145 228 273
128 148 121 145 273 319
128 148 121 145 319 364
128 148 121 145 364 409
128 148 121 145 409 455
128 148 121 145 455 500
128 148 121 145 500 546
128 148 121 145 546 591
128 148 121 145 591 637
128 148 121 145 637 682
128 148 121 145 682 728
128 148 145 169 0 46
128 148 145 169 46 91
128 148 145 169 91 137
128 148 145 169 137 182
128 148 145 169 182 228
128 148 145 169 228 273
128 148 145 169 273 319
128 148 145 169 319 364
128 148 145 169 364 409
128 148 145 169 409 455
128 148 145 169 455 500
128 148 145 169 500 546
128 148 145 169 546 591
128 148 145 169 591 637
128 148 145 169 637 682
128 148 145 169 682 728
128 148 169 194 0 46
128 148 169 194 46 91
128 148 169 194 91 137
128 148 169 194 137 182
128 148 169 194 182 228
128 148 169 194 228 273
128 148 169 194 273 319
128 148 169 194 319 364
128 148 169 194 364 409
128 148 169 194 409 455
128 148 169 194 455 500
128 148 169 194 500 546
128 148 169 194 546 591
128 148 169 194 591 637
128 148 169 194 637 682
128 148 169 194 682 728
voxsize: 148x194x728 size:79.736084MB
voxBW: 5 7
Decomp size:1024
Initialization time: 0.010047
compute: 0.011492 seconds
evaluations: 20001751
time: 0.035475 seconds
