hostname : cph-gpu4.uncc.edu
bounding: [1053872.965;1068485.726]x[860186.8419;879395.9741]x[3;730]
read 11056 observations
res: 50 50 1 bw: 2500 2500 14
0 96 192 386 0 128
96 128 192 386 0 128
96 128 0 160 0 128
224 256 192 320 0 128
64 96 0 192 0 128
160 256 0 160 0 128
128 160 224 386 128 728
96 128 192 386 128 728
192 256 0 192 128 512
160 192 192 386 128 256
160 192 0 192 128 728
160 192 224 320 0 128
64 160 0 192 192 320
192 256 192 386 128 192
192 224 224 320 0 128
64 160 0 192 128 192
256 294 0 386 128 512
128 160 224 386 0 128
128 160 0 160 0 128
192 256 192 256 192 512
160 192 192 386 256 728
256 294 0 386 0 128
128 160 192 224 0 728
64 160 0 192 320 728
192 256 256 386 192 512
160 256 320 386 0 128
192 294 0 386 512 728
160 256 160 192 0 128
96 160 160 192 0 128
0 64 0 192 0 728
160 224 192 224 0 128
0 96 192 386 128 728
voxsize: 294x386x728 size:315.156372MB
voxBW: 50 14
Decomp size:32
Initialization time: 0.034684
compute: 0.522186 seconds
evaluations: 3159635318
time: 0.558070 seconds
