hostname : cph-gpu3.uncc.edu
bounding: [1053872.965;1068485.726]x[860186.8419;879395.9741]x[3;730]
read 11056 observations
res: 50 50 1 bw: 2500 2500 1
0 147 0 193 0 182
0 147 0 193 182 364
0 147 0 193 364 546
0 147 0 193 546 728
0 147 193 386 0 182
0 147 193 386 182 364
0 147 193 386 364 546
0 147 193 386 546 728
147 294 0 193 0 182
147 294 0 193 182 364
147 294 0 193 364 546
147 294 0 193 546 728
147 294 193 386 0 182
147 294 193 386 182 364
147 294 193 386 364 546
147 294 193 386 546 728
voxsize: 294x386x728 size:315.156372MB
voxBW: 50 1
Decomp size:16
Initialization time: 0.03597
compute: 0.303139 seconds
evaluations: 328636729
time: 0.340075 seconds
