hostname : cph-gpu1.uncc.edu
bounding: [1053872.965;1068485.726]x[860186.8419;879395.9741]x[3;730]
read 11056 observations
res: 100 100 1 bw: 250 250 1
0 64 32 128 0 256
64 96 96 194 0 288
96 148 0 128 0 288
64 96 0 96 0 672
96 148 128 194 0 384
96 148 0 128 288 728
64 96 96 194 288 728
0 64 128 194 0 320
0 64 32 128 256 480
0 64 32 128 480 728
96 148 128 194 512 728
96 148 128 194 384 512
0 64 128 194 320 544
0 64 0 32 0 728
64 96 0 96 672 728
0 64 128 194 544 728
voxsize: 148x194x728 size:79.736084MB
voxBW: 3 1
Decomp size:16
Initialization time: 0.011385
compute: 0.006734 seconds
evaluations: 1624413
time: 0.026619 seconds
