hostname : cph-gpu2.uncc.edu
bounding: [1053872.965;1068485.726]x[860186.8419;879395.9741]x[3;730]
read 11056 observations
res: 50 50 1 bw: 100 100 1
192 256 192 256 0 128
64 128 192 256 0 192
128 192 128 192 64 192
128 192 192 320 0 64
192 294 256 320 0 128
128 192 192 256 128 256
0 128 128 256 192 728
0 128 128 192 64 192
128 192 256 320 64 448
192 294 320 386 0 256
128 192 128 192 192 640
192 256 192 256 128 320
192 256 128 256 320 704
0 128 256 386 0 320
0 128 64 128 64 256
256 294 128 256 0 192
192 294 256 320 128 384
128 192 128 192 0 64
128 192 192 256 64 128
128 294 64 128 0 256
192 256 128 192 0 192
0 128 128 192 0 64
0 128 64 128 0 64
128 192 192 256 256 448
256 294 128 256 192 704
128 192 192 386 448 728
128 192 320 386 0 192
192 294 256 386 512 704
192 256 128 192 192 320
0 294 64 128 256 448
192 294 256 386 384 512
0 294 0 128 448 728
0 128 256 386 320 728
192 294 320 386 256 384
128 192 320 386 192 448
0 294 0 64 0 448
192 294 128 386 704 728
128 192 128 192 640 728
0 64 192 256 0 192
voxsize: 294x386x728 size:315.156372MB
voxBW: 2 1
Decomp size:39
Initialization time: 0.03581
compute: 0.006094 seconds
evaluations: 828825
time: 0.050278 seconds
