hostname : cph-gpu4.uncc.edu
bounding: [1053872.965;1068485.726]x[860186.8419;879395.9741]x[3;730]
read 11056 observations
res: 50 50 1 bw: 2500 2500 14
0 19 0 25 0 46
0 19 0 25 46 91
0 19 0 25 91 137
0 19 0 25 137 182
0 19 0 25 182 228
0 19 0 25 228 273
0 19 0 25 273 319
0 19 0 25 319 364
0 19 0 25 364 409
0 19 0 25 409 455
0 19 0 25 455 500
0 19 0 25 500 546
0 19 0 25 546 591
0 19 0 25 591 637
0 19 0 25 637 682
0 19 0 25 682 728
0 19 25 49 0 46
0 19 25 49 46 91
0 19 25 49 91 137
0 19 25 49 137 182
0 19 25 49 182 228
0 19 25 49 228 273
0 19 25 49 273 319
0 19 25 49 319 364
0 19 25 49 364 409
0 19 25 49 409 455
0 19 25 49 455 500
0 19 25 49 500 546
0 19 25 49 546 591
0 19 25 49 591 637
0 19 25 49 637 682
0 19 25 49 682 728
0 19 49 73 0 46
0 19 49 73 46 91
0 19 49 73 91 137
0 19 49 73 137 182
0 19 49 73 182 228
0 19 49 73 228 273
0 19 49 73 273 319
0 19 49 73 319 364
0 19 49 73 364 409
0 19 49 73 409 455
0 19 49 73 455 500
0 19 49 73 500 546
0 19 49 73 546 591
0 19 49 73 591 637
0 19 49 73 637 682
0 19 49 73 682 728
0 19 73 97 0 46
0 19 73 97 46 91
0 19 73 97 91 137
0 19 73 97 137 182
0 19 73 97 182 228
0 19 73 97 228 273
0 19 73 97 273 319
0 19 73 97 319 364
0 19 73 97 364 409
0 19 73 97 409 455
0 19 73 97 455 500
0 19 73 97 500 546
0 19 73 97 546 591
0 19 73 97 591 637
0 19 73 97 637 682
0 19 73 97 682 728
0 19 97 121 0 46
0 19 97 121 46 91
0 19 97 121 91 137
0 19 97 121 137 182
0 19 97 121 182 228
0 19 97 121 228 273
0 19 97 121 273 319
0 19 97 121 319 364
0 19 97 121 364 409
0 19 97 121 409 455
0 19 97 121 455 500
0 19 97 121 500 546
0 19 97 121 546 591
0 19 97 121 591 637
0 19 97 121 637 682
0 19 97 121 682 728
0 19 121 145 0 46
0 19 121 145 46 91
0 19 121 145 91 137
0 19 121 145 137 182
0 19 121 145 182 228
0 19 121 145 228 273
0 19 121 145 273 319
0 19 121 145 319 364
0 19 121 145 364 409
0 19 121 145 409 455
0 19 121 145 455 500
0 19 121 145 500 546
0 19 121 145 546 591
0 19 121 145 591 637
0 19 121 145 637 682
0 19 121 145 682 728
0 19 145 169 0 46
0 19 145 169 46 91
0 19 145 169 91 137
0 19 145 169 137 182
0 19 145 169 182 228
0 19 145 169 228 273
0 19 145 169 273 319
0 19 145 169 319 364
0 19 145 169 364 409
0 19 145 169 409 455
0 19 145 169 455 500
0 19 145 169 500 546
0 19 145 169 546 591
0 19 145 169 591 637
0 19 145 169 637 682
0 19 145 169 682 728
0 19 169 193 0 46
0 19 169 193 46 91
0 19 169 193 91 137
0 19 169 193 137 182
0 19 169 193 182 228
0 19 169 193 228 273
0 19 169 193 273 319
0 19 169 193 319 364
0 19 169 193 364 409
0 19 169 193 409 455
0 19 169 193 455 500
0 19 169 193 500 546
0 19 169 193 546 591
0 19 169 193 591 637
0 19 169 193 637 682
0 19 169 193 682 728
0 19 193 217 0 46
0 19 193 217 46 91
0 19 193 217 91 137
0 19 193 217 137 182
0 19 193 217 182 228
0 19 193 217 228 273
0 19 193 217 273 319
0 19 193 217 319 364
0 19 193 217 364 409
0 19 193 217 409 455
0 19 193 217 455 500
0 19 193 217 500 546
0 19 193 217 546 591
0 19 193 217 591 637
0 19 193 217 637 682
0 19 193 217 682 728
0 19 217 241 0 46
0 19 217 241 46 91
0 19 217 241 91 137
0 19 217 241 137 182
0 19 217 241 182 228
0 19 217 241 228 273
0 19 217 241 273 319
0 19 217 241 319 364
0 19 217 241 364 409
0 19 217 241 409 455
0 19 217 241 455 500
0 19 217 241 500 546
0 19 217 241 546 591
0 19 217 241 591 637
0 19 217 241 637 682
0 19 217 241 682 728
0 19 241 265 0 46
0 19 241 265 46 91
0 19 241 265 91 137
0 19 241 265 137 182
0 19 241 265 182 228
0 19 241 265 228 273
0 19 241 265 273 319
0 19 241 265 319 364
0 19 241 265 364 409
0 19 241 265 409 455
0 19 241 265 455 500
0 19 241 265 500 546
0 19 241 265 546 591
0 19 241 265 591 637
0 19 241 265 637 682
0 19 241 265 682 728
0 19 265 289 0 46
0 19 265 289 46 91
0 19 265 289 91 137
0 19 265 289 137 182
0 19 265 289 182 228
0 19 265 289 228 273
0 19 265 289 273 319
0 19 265 289 319 364
0 19 265 289 364 409
0 19 265 289 409 455
0 19 265 289 455 500
0 19 265 289 500 546
0 19 265 289 546 591
0 19 265 289 591 637
0 19 265 289 637 682
0 19 265 289 682 728
0 19 289 313 0 46
0 19 289 313 46 91
0 19 289 313 91 137
0 19 289 313 137 182
0 19 289 313 182 228
0 19 289 313 228 273
0 19 289 313 273 319
0 19 289 313 319 364
0 19 289 313 364 409
0 19 289 313 409 455
0 19 289 313 455 500
0 19 289 313 500 546
0 19 289 313 546 591
0 19 289 313 591 637
0 19 289 313 637 682
0 19 289 313 682 728
0 19 313 337 0 46
0 19 313 337 46 91
0 19 313 337 91 137
0 19 313 337 137 182
0 19 313 337 182 228
0 19 313 337 228 273
0 19 313 337 273 319
0 19 313 337 319 364
0 19 313 337 364 409
0 19 313 337 409 455
0 19 313 337 455 500
0 19 313 337 500 546
0 19 313 337 546 591
0 19 313 337 591 637
0 19 313 337 637 682
0 19 313 337 682 728
0 19 337 361 0 46
0 19 337 361 46 91
0 19 337 361 91 137
0 19 337 361 137 182
0 19 337 361 182 228
0 19 337 361 228 273
0 19 337 361 273 319
0 19 337 361 319 364
0 19 337 361 364 409
0 19 337 361 409 455
0 19 337 361 455 500
0 19 337 361 500 546
0 19 337 361 546 591
0 19 337 361 591 637
0 19 337 361 637 682
0 19 337 361 682 728
0 19 361 386 0 46
0 19 361 386 46 91
0 19 361 386 91 137
0 19 361 386 137 182
0 19 361 386 182 228
0 19 361 386 228 273
0 19 361 386 273 319
0 19 361 386 319 364
0 19 361 386 364 409
0 19 361 386 409 455
0 19 361 386 455 500
0 19 361 386 500 546
0 19 361 386 546 591
0 19 361 386 591 637
0 19 361 386 637 682
0 19 361 386 682 728
19 37 0 25 0 46
19 37 0 25 46 91
19 37 0 25 91 137
19 37 0 25 137 182
19 37 0 25 182 228
19 37 0 25 228 273
19 37 0 25 273 319
19 37 0 25 319 364
19 37 0 25 364 409
19 37 0 25 409 455
19 37 0 25 455 500
19 37 0 25 500 546
19 37 0 25 546 591
19 37 0 25 591 637
19 37 0 25 637 682
19 37 0 25 682 728
19 37 25 49 0 46
19 37 25 49 46 91
19 37 25 49 91 137
19 37 25 49 137 182
19 37 25 49 182 228
19 37 25 49 228 273
19 37 25 49 273 319
19 37 25 49 319 364
19 37 25 49 364 409
19 37 25 49 409 455
19 37 25 49 455 500
19 37 25 49 500 546
19 37 25 49 546 591
19 37 25 49 591 637
19 37 25 49 637 682
19 37 25 49 682 728
19 37 49 73 0 46
19 37 49 73 46 91
19 37 49 73 91 137
19 37 49 73 137 182
19 37 49 73 182 228
19 37 49 73 228 273
19 37 49 73 273 319
19 37 49 73 319 364
19 37 49 73 364 409
19 37 49 73 409 455
19 37 49 73 455 500
19 37 49 73 500 546
19 37 49 73 546 591
19 37 49 73 591 637
19 37 49 73 637 682
19 37 49 73 682 728
19 37 73 97 0 46
19 37 73 97 46 91
19 37 73 97 91 137
19 37 73 97 137 182
19 37 73 97 182 228
19 37 73 97 228 273
19 37 73 97 273 319
19 37 73 97 319 364
19 37 73 97 364 409
19 37 73 97 409 455
19 37 73 97 455 500
19 37 73 97 500 546
19 37 73 97 546 591
19 37 73 97 591 637
19 37 73 97 637 682
19 37 73 97 682 728
19 37 97 121 0 46
19 37 97 121 46 91
19 37 97 121 91 137
19 37 97 121 137 182
19 37 97 121 182 228
19 37 97 121 228 273
19 37 97 121 273 319
19 37 97 121 319 364
19 37 97 121 364 409
19 37 97 121 409 455
19 37 97 121 455 500
19 37 97 121 500 546
19 37 97 121 546 591
19 37 97 121 591 637
19 37 97 121 637 682
19 37 97 121 682 728
19 37 121 145 0 46
19 37 121 145 46 91
19 37 121 145 91 137
19 37 121 145 137 182
19 37 121 145 182 228
19 37 121 145 228 273
19 37 121 145 273 319
19 37 121 145 319 364
19 37 121 145 364 409
19 37 121 145 409 455
19 37 121 145 455 500
19 37 121 145 500 546
19 37 121 145 546 591
19 37 121 145 591 637
19 37 121 145 637 682
19 37 121 145 682 728
19 37 145 169 0 46
19 37 145 169 46 91
19 37 145 169 91 137
19 37 145 169 137 182
19 37 145 169 182 228
19 37 145 169 228 273
19 37 145 169 273 319
19 37 145 169 319 364
19 37 145 169 364 409
19 37 145 169 409 455
19 37 145 169 455 500
19 37 145 169 500 546
19 37 145 169 546 591
19 37 145 169 591 637
19 37 145 169 637 682
19 37 145 169 682 728
19 37 169 193 0 46
19 37 169 193 46 91
19 37 169 193 91 137
19 37 169 193 137 182
19 37 169 193 182 228
19 37 169 193 228 273
19 37 169 193 273 319
19 37 169 193 319 364
19 37 169 193 364 409
19 37 169 193 409 455
19 37 169 193 455 500
19 37 169 193 500 546
19 37 169 193 546 591
19 37 169 193 591 637
19 37 169 193 637 682
19 37 169 193 682 728
19 37 193 217 0 46
19 37 193 217 46 91
19 37 193 217 91 137
19 37 193 217 137 182
19 37 193 217 182 228
19 37 193 217 228 273
19 37 193 217 273 319
19 37 193 217 319 364
19 37 193 217 364 409
19 37 193 217 409 455
19 37 193 217 455 500
19 37 193 217 500 546
19 37 193 217 546 591
19 37 193 217 591 637
19 37 193 217 637 682
19 37 193 217 682 728
19 37 217 241 0 46
19 37 217 241 46 91
19 37 217 241 91 137
19 37 217 241 137 182
19 37 217 241 182 228
19 37 217 241 228 273
19 37 217 241 273 319
19 37 217 241 319 364
19 37 217 241 364 409
19 37 217 241 409 455
19 37 217 241 455 500
19 37 217 241 500 546
19 37 217 241 546 591
19 37 217 241 591 637
19 37 217 241 637 682
19 37 217 241 682 728
19 37 241 265 0 46
19 37 241 265 46 91
19 37 241 265 91 137
19 37 241 265 137 182
19 37 241 265 182 228
19 37 241 265 228 273
19 37 241 265 273 319
19 37 241 265 319 364
19 37 241 265 364 409
19 37 241 265 409 455
19 37 241 265 455 500
19 37 241 265 500 546
19 37 241 265 546 591
19 37 241 265 591 637
19 37 241 265 637 682
19 37 241 265 682 728
19 37 265 289 0 46
19 37 265 289 46 91
19 37 265 289 91 137
19 37 265 289 137 182
19 37 265 289 182 228
19 37 265 289 228 273
19 37 265 289 273 319
19 37 265 289 319 364
19 37 265 289 364 409
19 37 265 289 409 455
19 37 265 289 455 500
19 37 265 289 500 546
19 37 265 289 546 591
19 37 265 289 591 637
19 37 265 289 637 682
19 37 265 289 682 728
19 37 289 313 0 46
19 37 289 313 46 91
19 37 289 313 91 137
19 37 289 313 137 182
19 37 289 313 182 228
19 37 289 313 228 273
19 37 289 313 273 319
19 37 289 313 319 364
19 37 289 313 364 409
19 37 289 313 409 455
19 37 289 313 455 500
19 37 289 313 500 546
19 37 289 313 546 591
19 37 289 313 591 637
19 37 289 313 637 682
19 37 289 313 682 728
19 37 313 337 0 46
19 37 313 337 46 91
19 37 313 337 91 137
19 37 313 337 137 182
19 37 313 337 182 228
19 37 313 337 228 273
19 37 313 337 273 319
19 37 313 337 319 364
19 37 313 337 364 409
19 37 313 337 409 455
19 37 313 337 455 500
19 37 313 337 500 546
19 37 313 337 546 591
19 37 313 337 591 637
19 37 313 337 637 682
19 37 313 337 682 728
19 37 337 361 0 46
19 37 337 361 46 91
19 37 337 361 91 137
19 37 337 361 137 182
19 37 337 361 182 228
19 37 337 361 228 273
19 37 337 361 273 319
19 37 337 361 319 364
19 37 337 361 364 409
19 37 337 361 409 455
19 37 337 361 455 500
19 37 337 361 500 546
19 37 337 361 546 591
19 37 337 361 591 637
19 37 337 361 637 682
19 37 337 361 682 728
19 37 361 386 0 46
19 37 361 386 46 91
19 37 361 386 91 137
19 37 361 386 137 182
19 37 361 386 182 228
19 37 361 386 228 273
19 37 361 386 273 319
19 37 361 386 319 364
19 37 361 386 364 409
19 37 361 386 409 455
19 37 361 386 455 500
19 37 361 386 500 546
19 37 361 386 546 591
19 37 361 386 591 637
19 37 361 386 637 682
19 37 361 386 682 728
37 55 0 25 0 46
37 55 0 25 46 91
37 55 0 25 91 137
37 55 0 25 137 182
37 55 0 25 182 228
37 55 0 25 228 273
37 55 0 25 273 319
37 55 0 25 319 364
37 55 0 25 364 409
37 55 0 25 409 455
37 55 0 25 455 500
37 55 0 25 500 546
37 55 0 25 546 591
37 55 0 25 591 637
37 55 0 25 637 682
37 55 0 25 682 728
37 55 25 49 0 46
37 55 25 49 46 91
37 55 25 49 91 137
37 55 25 49 137 182
37 55 25 49 182 228
37 55 25 49 228 273
37 55 25 49 273 319
37 55 25 49 319 364
37 55 25 49 364 409
37 55 25 49 409 455
37 55 25 49 455 500
37 55 25 49 500 546
37 55 25 49 546 591
37 55 25 49 591 637
37 55 25 49 637 682
37 55 25 49 682 728
37 55 49 73 0 46
37 55 49 73 46 91
37 55 49 73 91 137
37 55 49 73 137 182
37 55 49 73 182 228
37 55 49 73 228 273
37 55 49 73 273 319
37 55 49 73 319 364
37 55 49 73 364 409
37 55 49 73 409 455
37 55 49 73 455 500
37 55 49 73 500 546
37 55 49 73 546 591
37 55 49 73 591 637
37 55 49 73 637 682
37 55 49 73 682 728
37 55 73 97 0 46
37 55 73 97 46 91
37 55 73 97 91 137
37 55 73 97 137 182
37 55 73 97 182 228
37 55 73 97 228 273
37 55 73 97 273 319
37 55 73 97 319 364
37 55 73 97 364 409
37 55 73 97 409 455
37 55 73 97 455 500
37 55 73 97 500 546
37 55 73 97 546 591
37 55 73 97 591 637
37 55 73 97 637 682
37 55 73 97 682 728
37 55 97 121 0 46
37 55 97 121 46 91
37 55 97 121 91 137
37 55 97 121 137 182
37 55 97 121 182 228
37 55 97 121 228 273
37 55 97 121 273 319
37 55 97 121 319 364
37 55 97 121 364 409
37 55 97 121 409 455
37 55 97 121 455 500
37 55 97 121 500 546
37 55 97 121 546 591
37 55 97 121 591 637
37 55 97 121 637 682
37 55 97 121 682 728
37 55 121 145 0 46
37 55 121 145 46 91
37 55 121 145 91 137
37 55 121 145 137 182
37 55 121 145 182 228
37 55 121 145 228 273
37 55 121 145 273 319
37 55 121 145 319 364
37 55 121 145 364 409
37 55 121 145 409 455
37 55 121 145 455 500
37 55 121 145 500 546
37 55 121 145 546 591
37 55 121 145 591 637
37 55 121 145 637 682
37 55 121 145 682 728
37 55 145 169 0 46
37 55 145 169 46 91
37 55 145 169 91 137
37 55 145 169 137 182
37 55 145 169 182 228
37 55 145 169 228 273
37 55 145 169 273 319
37 55 145 169 319 364
37 55 145 169 364 409
37 55 145 169 409 455
37 55 145 169 455 500
37 55 145 169 500 546
37 55 145 169 546 591
37 55 145 169 591 637
37 55 145 169 637 682
37 55 145 169 682 728
37 55 169 193 0 46
37 55 169 193 46 91
37 55 169 193 91 137
37 55 169 193 137 182
37 55 169 193 182 228
37 55 169 193 228 273
37 55 169 193 273 319
37 55 169 193 319 364
37 55 169 193 364 409
37 55 169 193 409 455
37 55 169 193 455 500
37 55 169 193 500 546
37 55 169 193 546 591
37 55 169 193 591 637
37 55 169 193 637 682
37 55 169 193 682 728
37 55 193 217 0 46
37 55 193 217 46 91
37 55 193 217 91 137
37 55 193 217 137 182
37 55 193 217 182 228
37 55 193 217 228 273
37 55 193 217 273 319
37 55 193 217 319 364
37 55 193 217 364 409
37 55 193 217 409 455
37 55 193 217 455 500
37 55 193 217 500 546
37 55 193 217 546 591
37 55 193 217 591 637
37 55 193 217 637 682
37 55 193 217 682 728
37 55 217 241 0 46
37 55 217 241 46 91
37 55 217 241 91 137
37 55 217 241 137 182
37 55 217 241 182 228
37 55 217 241 228 273
37 55 217 241 273 319
37 55 217 241 319 364
37 55 217 241 364 409
37 55 217 241 409 455
37 55 217 241 455 500
37 55 217 241 500 546
37 55 217 241 546 591
37 55 217 241 591 637
37 55 217 241 637 682
37 55 217 241 682 728
37 55 241 265 0 46
37 55 241 265 46 91
37 55 241 265 91 137
37 55 241 265 137 182
37 55 241 265 182 228
37 55 241 265 228 273
37 55 241 265 273 319
37 55 241 265 319 364
37 55 241 265 364 409
37 55 241 265 409 455
37 55 241 265 455 500
37 55 241 265 500 546
37 55 241 265 546 591
37 55 241 265 591 637
37 55 241 265 637 682
37 55 241 265 682 728
37 55 265 289 0 46
37 55 265 289 46 91
37 55 265 289 91 137
37 55 265 289 137 182
37 55 265 289 182 228
37 55 265 289 228 273
37 55 265 289 273 319
37 55 265 289 319 364
37 55 265 289 364 409
37 55 265 289 409 455
37 55 265 289 455 500
37 55 265 289 500 546
37 55 265 289 546 591
37 55 265 289 591 637
37 55 265 289 637 682
37 55 265 289 682 728
37 55 289 313 0 46
37 55 289 313 46 91
37 55 289 313 91 137
37 55 289 313 137 182
37 55 289 313 182 228
37 55 289 313 228 273
37 55 289 313 273 319
37 55 289 313 319 364
37 55 289 313 364 409
37 55 289 313 409 455
37 55 289 313 455 500
37 55 289 313 500 546
37 55 289 313 546 591
37 55 289 313 591 637
37 55 289 313 637 682
37 55 289 313 682 728
37 55 313 337 0 46
37 55 313 337 46 91
37 55 313 337 91 137
37 55 313 337 137 182
37 55 313 337 182 228
37 55 313 337 228 273
37 55 313 337 273 319
37 55 313 337 319 364
37 55 313 337 364 409
37 55 313 337 409 455
37 55 313 337 455 500
37 55 313 337 500 546
37 55 313 337 546 591
37 55 313 337 591 637
37 55 313 337 637 682
37 55 313 337 682 728
37 55 337 361 0 46
37 55 337 361 46 91
37 55 337 361 91 137
37 55 337 361 137 182
37 55 337 361 182 228
37 55 337 361 228 273
37 55 337 361 273 319
37 55 337 361 319 364
37 55 337 361 364 409
37 55 337 361 409 455
37 55 337 361 455 500
37 55 337 361 500 546
37 55 337 361 546 591
37 55 337 361 591 637
37 55 337 361 637 682
37 55 337 361 682 728
37 55 361 386 0 46
37 55 361 386 46 91
37 55 361 386 91 137
37 55 361 386 137 182
37 55 361 386 182 228
37 55 361 386 228 273
37 55 361 386 273 319
37 55 361 386 319 364
37 55 361 386 364 409
37 55 361 386 409 455
37 55 361 386 455 500
37 55 361 386 500 546
37 55 361 386 546 591
37 55 361 386 591 637
37 55 361 386 637 682
37 55 361 386 682 728
55 74 0 25 0 46
55 74 0 25 46 91
55 74 0 25 91 137
55 74 0 25 137 182
55 74 0 25 182 228
55 74 0 25 228 273
55 74 0 25 273 319
55 74 0 25 319 364
55 74 0 25 364 409
55 74 0 25 409 455
55 74 0 25 455 500
55 74 0 25 500 546
55 74 0 25 546 591
55 74 0 25 591 637
55 74 0 25 637 682
55 74 0 25 682 728
55 74 25 49 0 46
55 74 25 49 46 91
55 74 25 49 91 137
55 74 25 49 137 182
55 74 25 49 182 228
55 74 25 49 228 273
55 74 25 49 273 319
55 74 25 49 319 364
55 74 25 49 364 409
55 74 25 49 409 455
55 74 25 49 455 500
55 74 25 49 500 546
55 74 25 49 546 591
55 74 25 49 591 637
55 74 25 49 637 682
55 74 25 49 682 728
55 74 49 73 0 46
55 74 49 73 46 91
55 74 49 73 91 137
55 74 49 73 137 182
55 74 49 73 182 228
55 74 49 73 228 273
55 74 49 73 273 319
55 74 49 73 319 364
55 74 49 73 364 409
55 74 49 73 409 455
55 74 49 73 455 500
55 74 49 73 500 546
55 74 49 73 546 591
55 74 49 73 591 637
55 74 49 73 637 682
55 74 49 73 682 728
55 74 73 97 0 46
55 74 73 97 46 91
55 74 73 97 91 137
55 74 73 97 137 182
55 74 73 97 182 228
55 74 73 97 228 273
55 74 73 97 273 319
55 74 73 97 319 364
55 74 73 97 364 409
55 74 73 97 409 455
55 74 73 97 455 500
55 74 73 97 500 546
55 74 73 97 546 591
55 74 73 97 591 637
55 74 73 97 637 682
55 74 73 97 682 728
55 74 97 121 0 46
55 74 97 121 46 91
55 74 97 121 91 137
55 74 97 121 137 182
55 74 97 121 182 228
55 74 97 121 228 273
55 74 97 121 273 319
55 74 97 121 319 364
55 74 97 121 364 409
55 74 97 121 409 455
55 74 97 121 455 500
55 74 97 121 500 546
55 74 97 121 546 591
55 74 97 121 591 637
55 74 97 121 637 682
55 74 97 121 682 728
55 74 121 145 0 46
55 74 121 145 46 91
55 74 121 145 91 137
55 74 121 145 137 182
55 74 121 145 182 228
55 74 121 145 228 273
55 74 121 145 273 319
55 74 121 145 319 364
55 74 121 145 364 409
55 74 121 145 409 455
55 74 121 145 455 500
55 74 121 145 500 546
55 74 121 145 546 591
55 74 121 145 591 637
55 74 121 145 637 682
55 74 121 145 682 728
55 74 145 169 0 46
55 74 145 169 46 91
55 74 145 169 91 137
55 74 145 169 137 182
55 74 145 169 182 228
55 74 145 169 228 273
55 74 145 169 273 319
55 74 145 169 319 364
55 74 145 169 364 409
55 74 145 169 409 455
55 74 145 169 455 500
55 74 145 169 500 546
55 74 145 169 546 591
55 74 145 169 591 637
55 74 145 169 637 682
55 74 145 169 682 728
55 74 169 193 0 46
55 74 169 193 46 91
55 74 169 193 91 137
55 74 169 193 137 182
55 74 169 193 182 228
55 74 169 193 228 273
55 74 169 193 273 319
55 74 169 193 319 364
55 74 169 193 364 409
55 74 169 193 409 455
55 74 169 193 455 500
55 74 169 193 500 546
55 74 169 193 546 591
55 74 169 193 591 637
55 74 169 193 637 682
55 74 169 193 682 728
55 74 193 217 0 46
55 74 193 217 46 91
55 74 193 217 91 137
55 74 193 217 137 182
55 74 193 217 182 228
55 74 193 217 228 273
55 74 193 217 273 319
55 74 193 217 319 364
55 74 193 217 364 409
55 74 193 217 409 455
55 74 193 217 455 500
55 74 193 217 500 546
55 74 193 217 546 591
55 74 193 217 591 637
55 74 193 217 637 682
55 74 193 217 682 728
55 74 217 241 0 46
55 74 217 241 46 91
55 74 217 241 91 137
55 74 217 241 137 182
55 74 217 241 182 228
55 74 217 241 228 273
55 74 217 241 273 319
55 74 217 241 319 364
55 74 217 241 364 409
55 74 217 241 409 455
55 74 217 241 455 500
55 74 217 241 500 546
55 74 217 241 546 591
55 74 217 241 591 637
55 74 217 241 637 682
55 74 217 241 682 728
55 74 241 265 0 46
55 74 241 265 46 91
55 74 241 265 91 137
55 74 241 265 137 182
55 74 241 265 182 228
55 74 241 265 228 273
55 74 241 265 273 319
55 74 241 265 319 364
55 74 241 265 364 409
55 74 241 265 409 455
55 74 241 265 455 500
55 74 241 265 500 546
55 74 241 265 546 591
55 74 241 265 591 637
55 74 241 265 637 682
55 74 241 265 682 728
55 74 265 289 0 46
55 74 265 289 46 91
55 74 265 289 91 137
55 74 265 289 137 182
55 74 265 289 182 228
55 74 265 289 228 273
55 74 265 289 273 319
55 74 265 289 319 364
55 74 265 289 364 409
55 74 265 289 409 455
55 74 265 289 455 500
55 74 265 289 500 546
55 74 265 289 546 591
55 74 265 289 591 637
55 74 265 289 637 682
55 74 265 289 682 728
55 74 289 313 0 46
55 74 289 313 46 91
55 74 289 313 91 137
55 74 289 313 137 182
55 74 289 313 182 228
55 74 289 313 228 273
55 74 289 313 273 319
55 74 289 313 319 364
55 74 289 313 364 409
55 74 289 313 409 455
55 74 289 313 455 500
55 74 289 313 500 546
55 74 289 313 546 591
55 74 289 313 591 637
55 74 289 313 637 682
55 74 289 313 682 728
55 74 313 337 0 46
55 74 313 337 46 91
55 74 313 337 91 137
55 74 313 337 137 182
55 74 313 337 182 228
55 74 313 337 228 273
55 74 313 337 273 319
55 74 313 337 319 364
55 74 313 337 364 409
55 74 313 337 409 455
55 74 313 337 455 500
55 74 313 337 500 546
55 74 313 337 546 591
55 74 313 337 591 637
55 74 313 337 637 682
55 74 313 337 682 728
55 74 337 361 0 46
55 74 337 361 46 91
55 74 337 361 91 137
55 74 337 361 137 182
55 74 337 361 182 228
55 74 337 361 228 273
55 74 337 361 273 319
55 74 337 361 319 364
55 74 337 361 364 409
55 74 337 361 409 455
55 74 337 361 455 500
55 74 337 361 500 546
55 74 337 361 546 591
55 74 337 361 591 637
55 74 337 361 637 682
55 74 337 361 682 728
55 74 361 386 0 46
55 74 361 386 46 91
55 74 361 386 91 137
55 74 361 386 137 182
55 74 361 386 182 228
55 74 361 386 228 273
55 74 361 386 273 319
55 74 361 386 319 364
55 74 361 386 364 409
55 74 361 386 409 455
55 74 361 386 455 500
55 74 361 386 500 546
55 74 361 386 546 591
55 74 361 386 591 637
55 74 361 386 637 682
55 74 361 386 682 728
74 92 0 25 0 46
74 92 0 25 46 91
74 92 0 25 91 137
74 92 0 25 137 182
74 92 0 25 182 228
74 92 0 25 228 273
74 92 0 25 273 319
74 92 0 25 319 364
74 92 0 25 364 409
74 92 0 25 409 455
74 92 0 25 455 500
74 92 0 25 500 546
74 92 0 25 546 591
74 92 0 25 591 637
74 92 0 25 637 682
74 92 0 25 682 728
74 92 25 49 0 46
74 92 25 49 46 91
74 92 25 49 91 137
74 92 25 49 137 182
74 92 25 49 182 228
74 92 25 49 228 273
74 92 25 49 273 319
74 92 25 49 319 364
74 92 25 49 364 409
74 92 25 49 409 455
74 92 25 49 455 500
74 92 25 49 500 546
74 92 25 49 546 591
74 92 25 49 591 637
74 92 25 49 637 682
74 92 25 49 682 728
74 92 49 73 0 46
74 92 49 73 46 91
74 92 49 73 91 137
74 92 49 73 137 182
74 92 49 73 182 228
74 92 49 73 228 273
74 92 49 73 273 319
74 92 49 73 319 364
74 92 49 73 364 409
74 92 49 73 409 455
74 92 49 73 455 500
74 92 49 73 500 546
74 92 49 73 546 591
74 92 49 73 591 637
74 92 49 73 637 682
74 92 49 73 682 728
74 92 73 97 0 46
74 92 73 97 46 91
74 92 73 97 91 137
74 92 73 97 137 182
74 92 73 97 182 228
74 92 73 97 228 273
74 92 73 97 273 319
74 92 73 97 319 364
74 92 73 97 364 409
74 92 73 97 409 455
74 92 73 97 455 500
74 92 73 97 500 546
74 92 73 97 546 591
74 92 73 97 591 637
74 92 73 97 637 682
74 92 73 97 682 728
74 92 97 121 0 46
74 92 97 121 46 91
74 92 97 121 91 137
74 92 97 121 137 182
74 92 97 121 182 228
74 92 97 121 228 273
74 92 97 121 273 319
74 92 97 121 319 364
74 92 97 121 364 409
74 92 97 121 409 455
74 92 97 121 455 500
74 92 97 121 500 546
74 92 97 121 546 591
74 92 97 121 591 637
74 92 97 121 637 682
74 92 97 121 682 728
74 92 121 145 0 46
74 92 121 145 46 91
74 92 121 145 91 137
74 92 121 145 137 182
74 92 121 145 182 228
74 92 121 145 228 273
74 92 121 145 273 319
74 92 121 145 319 364
74 92 121 145 364 409
74 92 121 145 409 455
74 92 121 145 455 500
74 92 121 145 500 546
74 92 121 145 546 591
74 92 121 145 591 637
74 92 121 145 637 682
74 92 121 145 682 728
74 92 145 169 0 46
74 92 145 169 46 91
74 92 145 169 91 137
74 92 145 169 137 182
74 92 145 169 182 228
74 92 145 169 228 273
74 92 145 169 273 319
74 92 145 169 319 364
74 92 145 169 364 409
74 92 145 169 409 455
74 92 145 169 455 500
74 92 145 169 500 546
74 92 145 169 546 591
74 92 145 169 591 637
74 92 145 169 637 682
74 92 145 169 682 728
74 92 169 193 0 46
74 92 169 193 46 91
74 92 169 193 91 137
74 92 169 193 137 182
74 92 169 193 182 228
74 92 169 193 228 273
74 92 169 193 273 319
74 92 169 193 319 364
74 92 169 193 364 409
74 92 169 193 409 455
74 92 169 193 455 500
74 92 169 193 500 546
74 92 169 193 546 591
74 92 169 193 591 637
74 92 169 193 637 682
74 92 169 193 682 728
74 92 193 217 0 46
74 92 193 217 46 91
74 92 193 217 91 137
74 92 193 217 137 182
74 92 193 217 182 228
74 92 193 217 228 273
74 92 193 217 273 319
74 92 193 217 319 364
74 92 193 217 364 409
74 92 193 217 409 455
74 92 193 217 455 500
74 92 193 217 500 546
74 92 193 217 546 591
74 92 193 217 591 637
74 92 193 217 637 682
74 92 193 217 682 728
74 92 217 241 0 46
74 92 217 241 46 91
74 92 217 241 91 137
74 92 217 241 137 182
74 92 217 241 182 228
74 92 217 241 228 273
74 92 217 241 273 319
74 92 217 241 319 364
74 92 217 241 364 409
74 92 217 241 409 455
74 92 217 241 455 500
74 92 217 241 500 546
74 92 217 241 546 591
74 92 217 241 591 637
74 92 217 241 637 682
74 92 217 241 682 728
74 92 241 265 0 46
74 92 241 265 46 91
74 92 241 265 91 137
74 92 241 265 137 182
74 92 241 265 182 228
74 92 241 265 228 273
74 92 241 265 273 319
74 92 241 265 319 364
74 92 241 265 364 409
74 92 241 265 409 455
74 92 241 265 455 500
74 92 241 265 500 546
74 92 241 265 546 591
74 92 241 265 591 637
74 92 241 265 637 682
74 92 241 265 682 728
74 92 265 289 0 46
74 92 265 289 46 91
74 92 265 289 91 137
74 92 265 289 137 182
74 92 265 289 182 228
74 92 265 289 228 273
74 92 265 289 273 319
74 92 265 289 319 364
74 92 265 289 364 409
74 92 265 289 409 455
74 92 265 289 455 500
74 92 265 289 500 546
74 92 265 289 546 591
74 92 265 289 591 637
74 92 265 289 637 682
74 92 265 289 682 728
74 92 289 313 0 46
74 92 289 313 46 91
74 92 289 313 91 137
74 92 289 313 137 182
74 92 289 313 182 228
74 92 289 313 228 273
74 92 289 313 273 319
74 92 289 313 319 364
74 92 289 313 364 409
74 92 289 313 409 455
74 92 289 313 455 500
74 92 289 313 500 546
74 92 289 313 546 591
74 92 289 313 591 637
74 92 289 313 637 682
74 92 289 313 682 728
74 92 313 337 0 46
74 92 313 337 46 91
74 92 313 337 91 137
74 92 313 337 137 182
74 92 313 337 182 228
74 92 313 337 228 273
74 92 313 337 273 319
74 92 313 337 319 364
74 92 313 337 364 409
74 92 313 337 409 455
74 92 313 337 455 500
74 92 313 337 500 546
74 92 313 337 546 591
74 92 313 337 591 637
74 92 313 337 637 682
74 92 313 337 682 728
74 92 337 361 0 46
74 92 337 361 46 91
74 92 337 361 91 137
74 92 337 361 137 182
74 92 337 361 182 228
74 92 337 361 228 273
74 92 337 361 273 319
74 92 337 361 319 364
74 92 337 361 364 409
74 92 337 361 409 455
74 92 337 361 455 500
74 92 337 361 500 546
74 92 337 361 546 591
74 92 337 361 591 637
74 92 337 361 637 682
74 92 337 361 682 728
74 92 361 386 0 46
74 92 361 386 46 91
74 92 361 386 91 137
74 92 361 386 137 182
74 92 361 386 182 228
74 92 361 386 228 273
74 92 361 386 273 319
74 92 361 386 319 364
74 92 361 386 364 409
74 92 361 386 409 455
74 92 361 386 455 500
74 92 361 386 500 546
74 92 361 386 546 591
74 92 361 386 591 637
74 92 361 386 637 682
74 92 361 386 682 728
92 110 0 25 0 46
92 110 0 25 46 91
92 110 0 25 91 137
92 110 0 25 137 182
92 110 0 25 182 228
92 110 0 25 228 273
92 110 0 25 273 319
92 110 0 25 319 364
92 110 0 25 364 409
92 110 0 25 409 455
92 110 0 25 455 500
92 110 0 25 500 546
92 110 0 25 546 591
92 110 0 25 591 637
92 110 0 25 637 682
92 110 0 25 682 728
92 110 25 49 0 46
92 110 25 49 46 91
92 110 25 49 91 137
92 110 25 49 137 182
92 110 25 49 182 228
92 110 25 49 228 273
92 110 25 49 273 319
92 110 25 49 319 364
92 110 25 49 364 409
92 110 25 49 409 455
92 110 25 49 455 500
92 110 25 49 500 546
92 110 25 49 546 591
92 110 25 49 591 637
92 110 25 49 637 682
92 110 25 49 682 728
92 110 49 73 0 46
92 110 49 73 46 91
92 110 49 73 91 137
92 110 49 73 137 182
92 110 49 73 182 228
92 110 49 73 228 273
92 110 49 73 273 319
92 110 49 73 319 364
92 110 49 73 364 409
92 110 49 73 409 455
92 110 49 73 455 500
92 110 49 73 500 546
92 110 49 73 546 591
92 110 49 73 591 637
92 110 49 73 637 682
92 110 49 73 682 728
92 110 73 97 0 46
92 110 73 97 46 91
92 110 73 97 91 137
92 110 73 97 137 182
92 110 73 97 182 228
92 110 73 97 228 273
92 110 73 97 273 319
92 110 73 97 319 364
92 110 73 97 364 409
92 110 73 97 409 455
92 110 73 97 455 500
92 110 73 97 500 546
92 110 73 97 546 591
92 110 73 97 591 637
92 110 73 97 637 682
92 110 73 97 682 728
92 110 97 121 0 46
92 110 97 121 46 91
92 110 97 121 91 137
92 110 97 121 137 182
92 110 97 121 182 228
92 110 97 121 228 273
92 110 97 121 273 319
92 110 97 121 319 364
92 110 97 121 364 409
92 110 97 121 409 455
92 110 97 121 455 500
92 110 97 121 500 546
92 110 97 121 546 591
92 110 97 121 591 637
92 110 97 121 637 682
92 110 97 121 682 728
92 110 121 145 0 46
92 110 121 145 46 91
92 110 121 145 91 137
92 110 121 145 137 182
92 110 121 145 182 228
92 110 121 145 228 273
92 110 121 145 273 319
92 110 121 145 319 364
92 110 121 145 364 409
92 110 121 145 409 455
92 110 121 145 455 500
92 110 121 145 500 546
92 110 121 145 546 591
92 110 121 145 591 637
92 110 121 145 637 682
92 110 121 145 682 728
92 110 145 169 0 46
92 110 145 169 46 91
92 110 145 169 91 137
92 110 145 169 137 182
92 110 145 169 182 228
92 110 145 169 228 273
92 110 145 169 273 319
92 110 145 169 319 364
92 110 145 169 364 409
92 110 145 169 409 455
92 110 145 169 455 500
92 110 145 169 500 546
92 110 145 169 546 591
92 110 145 169 591 637
92 110 145 169 637 682
92 110 145 169 682 728
92 110 169 193 0 46
92 110 169 193 46 91
92 110 169 193 91 137
92 110 169 193 137 182
92 110 169 193 182 228
92 110 169 193 228 273
92 110 169 193 273 319
92 110 169 193 319 364
92 110 169 193 364 409
92 110 169 193 409 455
92 110 169 193 455 500
92 110 169 193 500 546
92 110 169 193 546 591
92 110 169 193 591 637
92 110 169 193 637 682
92 110 169 193 682 728
92 110 193 217 0 46
92 110 193 217 46 91
92 110 193 217 91 137
92 110 193 217 137 182
92 110 193 217 182 228
92 110 193 217 228 273
92 110 193 217 273 319
92 110 193 217 319 364
92 110 193 217 364 409
92 110 193 217 409 455
92 110 193 217 455 500
92 110 193 217 500 546
92 110 193 217 546 591
92 110 193 217 591 637
92 110 193 217 637 682
92 110 193 217 682 728
92 110 217 241 0 46
92 110 217 241 46 91
92 110 217 241 91 137
92 110 217 241 137 182
92 110 217 241 182 228
92 110 217 241 228 273
92 110 217 241 273 319
92 110 217 241 319 364
92 110 217 241 364 409
92 110 217 241 409 455
92 110 217 241 455 500
92 110 217 241 500 546
92 110 217 241 546 591
92 110 217 241 591 637
92 110 217 241 637 682
92 110 217 241 682 728
92 110 241 265 0 46
92 110 241 265 46 91
92 110 241 265 91 137
92 110 241 265 137 182
92 110 241 265 182 228
92 110 241 265 228 273
92 110 241 265 273 319
92 110 241 265 319 364
92 110 241 265 364 409
92 110 241 265 409 455
92 110 241 265 455 500
92 110 241 265 500 546
92 110 241 265 546 591
92 110 241 265 591 637
92 110 241 265 637 682
92 110 241 265 682 728
92 110 265 289 0 46
92 110 265 289 46 91
92 110 265 289 91 137
92 110 265 289 137 182
92 110 265 289 182 228
92 110 265 289 228 273
92 110 265 289 273 319
92 110 265 289 319 364
92 110 265 289 364 409
92 110 265 289 409 455
92 110 265 289 455 500
92 110 265 289 500 546
92 110 265 289 546 591
92 110 265 289 591 637
92 110 265 289 637 682
92 110 265 289 682 728
92 110 289 313 0 46
92 110 289 313 46 91
92 110 289 313 91 137
92 110 289 313 137 182
92 110 289 313 182 228
92 110 289 313 228 273
92 110 289 313 273 319
92 110 289 313 319 364
92 110 289 313 364 409
92 110 289 313 409 455
92 110 289 313 455 500
92 110 289 313 500 546
92 110 289 313 546 591
92 110 289 313 591 637
92 110 289 313 637 682
92 110 289 313 682 728
92 110 313 337 0 46
92 110 313 337 46 91
92 110 313 337 91 137
92 110 313 337 137 182
92 110 313 337 182 228
92 110 313 337 228 273
92 110 313 337 273 319
92 110 313 337 319 364
92 110 313 337 364 409
92 110 313 337 409 455
92 110 313 337 455 500
92 110 313 337 500 546
92 110 313 337 546 591
92 110 313 337 591 637
92 110 313 337 637 682
92 110 313 337 682 728
92 110 337 361 0 46
92 110 337 361 46 91
92 110 337 361 91 137
92 110 337 361 137 182
92 110 337 361 182 228
92 110 337 361 228 273
92 110 337 361 273 319
92 110 337 361 319 364
92 110 337 361 364 409
92 110 337 361 409 455
92 110 337 361 455 500
92 110 337 361 500 546
92 110 337 361 546 591
92 110 337 361 591 637
92 110 337 361 637 682
92 110 337 361 682 728
92 110 361 386 0 46
92 110 361 386 46 91
92 110 361 386 91 137
92 110 361 386 137 182
92 110 361 386 182 228
92 110 361 386 228 273
92 110 361 386 273 319
92 110 361 386 319 364
92 110 361 386 364 409
92 110 361 386 409 455
92 110 361 386 455 500
92 110 361 386 500 546
92 110 361 386 546 591
92 110 361 386 591 637
92 110 361 386 637 682
92 110 361 386 682 728
110 128 0 25 0 46
110 128 0 25 46 91
110 128 0 25 91 137
110 128 0 25 137 182
110 128 0 25 182 228
110 128 0 25 228 273
110 128 0 25 273 319
110 128 0 25 319 364
110 128 0 25 364 409
110 128 0 25 409 455
110 128 0 25 455 500
110 128 0 25 500 546
110 128 0 25 546 591
110 128 0 25 591 637
110 128 0 25 637 682
110 128 0 25 682 728
110 128 25 49 0 46
110 128 25 49 46 91
110 128 25 49 91 137
110 128 25 49 137 182
110 128 25 49 182 228
110 128 25 49 228 273
110 128 25 49 273 319
110 128 25 49 319 364
110 128 25 49 364 409
110 128 25 49 409 455
110 128 25 49 455 500
110 128 25 49 500 546
110 128 25 49 546 591
110 128 25 49 591 637
110 128 25 49 637 682
110 128 25 49 682 728
110 128 49 73 0 46
110 128 49 73 46 91
110 128 49 73 91 137
110 128 49 73 137 182
110 128 49 73 182 228
110 128 49 73 228 273
110 128 49 73 273 319
110 128 49 73 319 364
110 128 49 73 364 409
110 128 49 73 409 455
110 128 49 73 455 500
110 128 49 73 500 546
110 128 49 73 546 591
110 128 49 73 591 637
110 128 49 73 637 682
110 128 49 73 682 728
110 128 73 97 0 46
110 128 73 97 46 91
110 128 73 97 91 137
110 128 73 97 137 182
110 128 73 97 182 228
110 128 73 97 228 273
110 128 73 97 273 319
110 128 73 97 319 364
110 128 73 97 364 409
110 128 73 97 409 455
110 128 73 97 455 500
110 128 73 97 500 546
110 128 73 97 546 591
110 128 73 97 591 637
110 128 73 97 637 682
110 128 73 97 682 728
110 128 97 121 0 46
110 128 97 121 46 91
110 128 97 121 91 137
110 128 97 121 137 182
110 128 97 121 182 228
110 128 97 121 228 273
110 128 97 121 273 319
110 128 97 121 319 364
110 128 97 121 364 409
110 128 97 121 409 455
110 128 97 121 455 500
110 128 97 121 500 546
110 128 97 121 546 591
110 128 97 121 591 637
110 128 97 121 637 682
110 128 97 121 682 728
110 128 121 145 0 46
110 128 121 145 46 91
110 128 121 145 91 137
110 128 121 145 137 182
110 128 121 145 182 228
110 128 121 145 228 273
110 128 121 145 273 319
110 128 121 145 319 364
110 128 121 145 364 409
110 128 121 145 409 455
110 128 121 145 455 500
110 128 121 145 500 546
110 128 121 145 546 591
110 128 121 145 591 637
110 128 121 145 637 682
110 128 121 145 682 728
110 128 145 169 0 46
110 128 145 169 46 91
110 128 145 169 91 137
110 128 145 169 137 182
110 128 145 169 182 228
110 128 145 169 228 273
110 128 145 169 273 319
110 128 145 169 319 364
110 128 145 169 364 409
110 128 145 169 409 455
110 128 145 169 455 500
110 128 145 169 500 546
110 128 145 169 546 591
110 128 145 169 591 637
110 128 145 169 637 682
110 128 145 169 682 728
110 128 169 193 0 46
110 128 169 193 46 91
110 128 169 193 91 137
110 128 169 193 137 182
110 128 169 193 182 228
110 128 169 193 228 273
110 128 169 193 273 319
110 128 169 193 319 364
110 128 169 193 364 409
110 128 169 193 409 455
110 128 169 193 455 500
110 128 169 193 500 546
110 128 169 193 546 591
110 128 169 193 591 637
110 128 169 193 637 682
110 128 169 193 682 728
110 128 193 217 0 46
110 128 193 217 46 91
110 128 193 217 91 137
110 128 193 217 137 182
110 128 193 217 182 228
110 128 193 217 228 273
110 128 193 217 273 319
110 128 193 217 319 364
110 128 193 217 364 409
110 128 193 217 409 455
110 128 193 217 455 500
110 128 193 217 500 546
110 128 193 217 546 591
110 128 193 217 591 637
110 128 193 217 637 682
110 128 193 217 682 728
110 128 217 241 0 46
110 128 217 241 46 91
110 128 217 241 91 137
110 128 217 241 137 182
110 128 217 241 182 228
110 128 217 241 228 273
110 128 217 241 273 319
110 128 217 241 319 364
110 128 217 241 364 409
110 128 217 241 409 455
110 128 217 241 455 500
110 128 217 241 500 546
110 128 217 241 546 591
110 128 217 241 591 637
110 128 217 241 637 682
110 128 217 241 682 728
110 128 241 265 0 46
110 128 241 265 46 91
110 128 241 265 91 137
110 128 241 265 137 182
110 128 241 265 182 228
110 128 241 265 228 273
110 128 241 265 273 319
110 128 241 265 319 364
110 128 241 265 364 409
110 128 241 265 409 455
110 128 241 265 455 500
110 128 241 265 500 546
110 128 241 265 546 591
110 128 241 265 591 637
110 128 241 265 637 682
110 128 241 265 682 728
110 128 265 289 0 46
110 128 265 289 46 91
110 128 265 289 91 137
110 128 265 289 137 182
110 128 265 289 182 228
110 128 265 289 228 273
110 128 265 289 273 319
110 128 265 289 319 364
110 128 265 289 364 409
110 128 265 289 409 455
110 128 265 289 455 500
110 128 265 289 500 546
110 128 265 289 546 591
110 128 265 289 591 637
110 128 265 289 637 682
110 128 265 289 682 728
110 128 289 313 0 46
110 128 289 313 46 91
110 128 289 313 91 137
110 128 289 313 137 182
110 128 289 313 182 228
110 128 289 313 228 273
110 128 289 313 273 319
110 128 289 313 319 364
110 128 289 313 364 409
110 128 289 313 409 455
110 128 289 313 455 500
110 128 289 313 500 546
110 128 289 313 546 591
110 128 289 313 591 637
110 128 289 313 637 682
110 128 289 313 682 728
110 128 313 337 0 46
110 128 313 337 46 91
110 128 313 337 91 137
110 128 313 337 137 182
110 128 313 337 182 228
110 128 313 337 228 273
110 128 313 337 273 319
110 128 313 337 319 364
110 128 313 337 364 409
110 128 313 337 409 455
110 128 313 337 455 500
110 128 313 337 500 546
110 128 313 337 546 591
110 128 313 337 591 637
110 128 313 337 637 682
110 128 313 337 682 728
110 128 337 361 0 46
110 128 337 361 46 91
110 128 337 361 91 137
110 128 337 361 137 182
110 128 337 361 182 228
110 128 337 361 228 273
110 128 337 361 273 319
110 128 337 361 319 364
110 128 337 361 364 409
110 128 337 361 409 455
110 128 337 361 455 500
110 128 337 361 500 546
110 128 337 361 546 591
110 128 337 361 591 637
110 128 337 361 637 682
110 128 337 361 682 728
110 128 361 386 0 46
110 128 361 386 46 91
110 128 361 386 91 137
110 128 361 386 137 182
110 128 361 386 182 228
110 128 361 386 228 273
110 128 361 386 273 319
110 128 361 386 319 364
110 128 361 386 364 409
110 128 361 386 409 455
110 128 361 386 455 500
110 128 361 386 500 546
110 128 361 386 546 591
110 128 361 386 591 637
110 128 361 386 637 682
110 128 361 386 682 728
128 147 0 25 0 46
128 147 0 25 46 91
128 147 0 25 91 137
128 147 0 25 137 182
128 147 0 25 182 228
128 147 0 25 228 273
128 147 0 25 273 319
128 147 0 25 319 364
128 147 0 25 364 409
128 147 0 25 409 455
128 147 0 25 455 500
128 147 0 25 500 546
128 147 0 25 546 591
128 147 0 25 591 637
128 147 0 25 637 682
128 147 0 25 682 728
128 147 25 49 0 46
128 147 25 49 46 91
128 147 25 49 91 137
128 147 25 49 137 182
128 147 25 49 182 228
128 147 25 49 228 273
128 147 25 49 273 319
128 147 25 49 319 364
128 147 25 49 364 409
128 147 25 49 409 455
128 147 25 49 455 500
128 147 25 49 500 546
128 147 25 49 546 591
128 147 25 49 591 637
128 147 25 49 637 682
128 147 25 49 682 728
128 147 49 73 0 46
128 147 49 73 46 91
128 147 49 73 91 137
128 147 49 73 137 182
128 147 49 73 182 228
128 147 49 73 228 273
128 147 49 73 273 319
128 147 49 73 319 364
128 147 49 73 364 409
128 147 49 73 409 455
128 147 49 73 455 500
128 147 49 73 500 546
128 147 49 73 546 591
128 147 49 73 591 637
128 147 49 73 637 682
128 147 49 73 682 728
128 147 73 97 0 46
128 147 73 97 46 91
128 147 73 97 91 137
128 147 73 97 137 182
128 147 73 97 182 228
128 147 73 97 228 273
128 147 73 97 273 319
128 147 73 97 319 364
128 147 73 97 364 409
128 147 73 97 409 455
128 147 73 97 455 500
128 147 73 97 500 546
128 147 73 97 546 591
128 147 73 97 591 637
128 147 73 97 637 682
128 147 73 97 682 728
128 147 97 121 0 46
128 147 97 121 46 91
128 147 97 121 91 137
128 147 97 121 137 182
128 147 97 121 182 228
128 147 97 121 228 273
128 147 97 121 273 319
128 147 97 121 319 364
128 147 97 121 364 409
128 147 97 121 409 455
128 147 97 121 455 500
128 147 97 121 500 546
128 147 97 121 546 591
128 147 97 121 591 637
128 147 97 121 637 682
128 147 97 121 682 728
128 147 121 145 0 46
128 147 121 145 46 91
128 147 121 145 91 137
128 147 121 145 137 182
128 147 121 145 182 228
128 147 121 145 228 273
128 147 121 145 273 319
128 147 121 145 319 364
128 147 121 145 364 409
128 147 121 145 409 455
128 147 121 145 455 500
128 147 121 145 500 546
128 147 121 145 546 591
128 147 121 145 591 637
128 147 121 145 637 682
128 147 121 145 682 728
128 147 145 169 0 46
128 147 145 169 46 91
128 147 145 169 91 137
128 147 145 169 137 182
128 147 145 169 182 228
128 147 145 169 228 273
128 147 145 169 273 319
128 147 145 169 319 364
128 147 145 169 364 409
128 147 145 169 409 455
128 147 145 169 455 500
128 147 145 169 500 546
128 147 145 169 546 591
128 147 145 169 591 637
128 147 145 169 637 682
128 147 145 169 682 728
128 147 169 193 0 46
128 147 169 193 46 91
128 147 169 193 91 137
128 147 169 193 137 182
128 147 169 193 182 228
128 147 169 193 228 273
128 147 169 193 273 319
128 147 169 193 319 364
128 147 169 193 364 409
128 147 169 193 409 455
128 147 169 193 455 500
128 147 169 193 500 546
128 147 169 193 546 591
128 147 169 193 591 637
128 147 169 193 637 682
128 147 169 193 682 728
128 147 193 217 0 46
128 147 193 217 46 91
128 147 193 217 91 137
128 147 193 217 137 182
128 147 193 217 182 228
128 147 193 217 228 273
128 147 193 217 273 319
128 147 193 217 319 364
128 147 193 217 364 409
128 147 193 217 409 455
128 147 193 217 455 500
128 147 193 217 500 546
128 147 193 217 546 591
128 147 193 217 591 637
128 147 193 217 637 682
128 147 193 217 682 728
128 147 217 241 0 46
128 147 217 241 46 91
128 147 217 241 91 137
128 147 217 241 137 182
128 147 217 241 182 228
128 147 217 241 228 273
128 147 217 241 273 319
128 147 217 241 319 364
128 147 217 241 364 409
128 147 217 241 409 455
128 147 217 241 455 500
128 147 217 241 500 546
128 147 217 241 546 591
128 147 217 241 591 637
128 147 217 241 637 682
128 147 217 241 682 728
128 147 241 265 0 46
128 147 241 265 46 91
128 147 241 265 91 137
128 147 241 265 137 182
128 147 241 265 182 228
128 147 241 265 228 273
128 147 241 265 273 319
128 147 241 265 319 364
128 147 241 265 364 409
128 147 241 265 409 455
128 147 241 265 455 500
128 147 241 265 500 546
128 147 241 265 546 591
128 147 241 265 591 637
128 147 241 265 637 682
128 147 241 265 682 728
128 147 265 289 0 46
128 147 265 289 46 91
128 147 265 289 91 137
128 147 265 289 137 182
128 147 265 289 182 228
128 147 265 289 228 273
128 147 265 289 273 319
128 147 265 289 319 364
128 147 265 289 364 409
128 147 265 289 409 455
128 147 265 289 455 500
128 147 265 289 500 546
128 147 265 289 546 591
128 147 265 289 591 637
128 147 265 289 637 682
128 147 265 289 682 728
128 147 289 313 0 46
128 147 289 313 46 91
128 147 289 313 91 137
128 147 289 313 137 182
128 147 289 313 182 228
128 147 289 313 228 273
128 147 289 313 273 319
128 147 289 313 319 364
128 147 289 313 364 409
128 147 289 313 409 455
128 147 289 313 455 500
128 147 289 313 500 546
128 147 289 313 546 591
128 147 289 313 591 637
128 147 289 313 637 682
128 147 289 313 682 728
128 147 313 337 0 46
128 147 313 337 46 91
128 147 313 337 91 137
128 147 313 337 137 182
128 147 313 337 182 228
128 147 313 337 228 273
128 147 313 337 273 319
128 147 313 337 319 364
128 147 313 337 364 409
128 147 313 337 409 455
128 147 313 337 455 500
128 147 313 337 500 546
128 147 313 337 546 591
128 147 313 337 591 637
128 147 313 337 637 682
128 147 313 337 682 728
128 147 337 361 0 46
128 147 337 361 46 91
128 147 337 361 91 137
128 147 337 361 137 182
128 147 337 361 182 228
128 147 337 361 228 273
128 147 337 361 273 319
128 147 337 361 319 364
128 147 337 361 364 409
128 147 337 361 409 455
128 147 337 361 455 500
128 147 337 361 500 546
128 147 337 361 546 591
128 147 337 361 591 637
128 147 337 361 637 682
128 147 337 361 682 728
128 147 361 386 0 46
128 147 361 386 46 91
128 147 361 386 91 137
128 147 361 386 137 182
128 147 361 386 182 228
128 147 361 386 228 273
128 147 361 386 273 319
128 147 361 386 319 364
128 147 361 386 364 409
128 147 361 386 409 455
128 147 361 386 455 500
128 147 361 386 500 546
128 147 361 386 546 591
128 147 361 386 591 637
128 147 361 386 637 682
128 147 361 386 682 728
147 165 0 25 0 46
147 165 0 25 46 91
147 165 0 25 91 137
147 165 0 25 137 182
147 165 0 25 182 228
147 165 0 25 228 273
147 165 0 25 273 319
147 165 0 25 319 364
147 165 0 25 364 409
147 165 0 25 409 455
147 165 0 25 455 500
147 165 0 25 500 546
147 165 0 25 546 591
147 165 0 25 591 637
147 165 0 25 637 682
147 165 0 25 682 728
147 165 25 49 0 46
147 165 25 49 46 91
147 165 25 49 91 137
147 165 25 49 137 182
147 165 25 49 182 228
147 165 25 49 228 273
147 165 25 49 273 319
147 165 25 49 319 364
147 165 25 49 364 409
147 165 25 49 409 455
147 165 25 49 455 500
147 165 25 49 500 546
147 165 25 49 546 591
147 165 25 49 591 637
147 165 25 49 637 682
147 165 25 49 682 728
147 165 49 73 0 46
147 165 49 73 46 91
147 165 49 73 91 137
147 165 49 73 137 182
147 165 49 73 182 228
147 165 49 73 228 273
147 165 49 73 273 319
147 165 49 73 319 364
147 165 49 73 364 409
147 165 49 73 409 455
147 165 49 73 455 500
147 165 49 73 500 546
147 165 49 73 546 591
147 165 49 73 591 637
147 165 49 73 637 682
147 165 49 73 682 728
147 165 73 97 0 46
147 165 73 97 46 91
147 165 73 97 91 137
147 165 73 97 137 182
147 165 73 97 182 228
147 165 73 97 228 273
147 165 73 97 273 319
147 165 73 97 319 364
147 165 73 97 364 409
147 165 73 97 409 455
147 165 73 97 455 500
147 165 73 97 500 546
147 165 73 97 546 591
147 165 73 97 591 637
147 165 73 97 637 682
147 165 73 97 682 728
147 165 97 121 0 46
147 165 97 121 46 91
147 165 97 121 91 137
147 165 97 121 137 182
147 165 97 121 182 228
147 165 97 121 228 273
147 165 97 121 273 319
147 165 97 121 319 364
147 165 97 121 364 409
147 165 97 121 409 455
147 165 97 121 455 500
147 165 97 121 500 546
147 165 97 121 546 591
147 165 97 121 591 637
147 165 97 121 637 682
147 165 97 121 682 728
147 165 121 145 0 46
147 165 121 145 46 91
147 165 121 145 91 137
147 165 121 145 137 182
147 165 121 145 182 228
147 165 121 145 228 273
147 165 121 145 273 319
147 165 121 145 319 364
147 165 121 145 364 409
147 165 121 145 409 455
147 165 121 145 455 500
147 165 121 145 500 546
147 165 121 145 546 591
147 165 121 145 591 637
147 165 121 145 637 682
147 165 121 145 682 728
147 165 145 169 0 46
147 165 145 169 46 91
147 165 145 169 91 137
147 165 145 169 137 182
147 165 145 169 182 228
147 165 145 169 228 273
147 165 145 169 273 319
147 165 145 169 319 364
147 165 145 169 364 409
147 165 145 169 409 455
147 165 145 169 455 500
147 165 145 169 500 546
147 165 145 169 546 591
147 165 145 169 591 637
147 165 145 169 637 682
147 165 145 169 682 728
147 165 169 193 0 46
147 165 169 193 46 91
147 165 169 193 91 137
147 165 169 193 137 182
147 165 169 193 182 228
147 165 169 193 228 273
147 165 169 193 273 319
147 165 169 193 319 364
147 165 169 193 364 409
147 165 169 193 409 455
147 165 169 193 455 500
147 165 169 193 500 546
147 165 169 193 546 591
147 165 169 193 591 637
147 165 169 193 637 682
147 165 169 193 682 728
147 165 193 217 0 46
147 165 193 217 46 91
147 165 193 217 91 137
147 165 193 217 137 182
147 165 193 217 182 228
147 165 193 217 228 273
147 165 193 217 273 319
147 165 193 217 319 364
147 165 193 217 364 409
147 165 193 217 409 455
147 165 193 217 455 500
147 165 193 217 500 546
147 165 193 217 546 591
147 165 193 217 591 637
147 165 193 217 637 682
147 165 193 217 682 728
147 165 217 241 0 46
147 165 217 241 46 91
147 165 217 241 91 137
147 165 217 241 137 182
147 165 217 241 182 228
147 165 217 241 228 273
147 165 217 241 273 319
147 165 217 241 319 364
147 165 217 241 364 409
147 165 217 241 409 455
147 165 217 241 455 500
147 165 217 241 500 546
147 165 217 241 546 591
147 165 217 241 591 637
147 165 217 241 637 682
147 165 217 241 682 728
147 165 241 265 0 46
147 165 241 265 46 91
147 165 241 265 91 137
147 165 241 265 137 182
147 165 241 265 182 228
147 165 241 265 228 273
147 165 241 265 273 319
147 165 241 265 319 364
147 165 241 265 364 409
147 165 241 265 409 455
147 165 241 265 455 500
147 165 241 265 500 546
147 165 241 265 546 591
147 165 241 265 591 637
147 165 241 265 637 682
147 165 241 265 682 728
147 165 265 289 0 46
147 165 265 289 46 91
147 165 265 289 91 137
147 165 265 289 137 182
147 165 265 289 182 228
147 165 265 289 228 273
147 165 265 289 273 319
147 165 265 289 319 364
147 165 265 289 364 409
147 165 265 289 409 455
147 165 265 289 455 500
147 165 265 289 500 546
147 165 265 289 546 591
147 165 265 289 591 637
147 165 265 289 637 682
147 165 265 289 682 728
147 165 289 313 0 46
147 165 289 313 46 91
147 165 289 313 91 137
147 165 289 313 137 182
147 165 289 313 182 228
147 165 289 313 228 273
147 165 289 313 273 319
147 165 289 313 319 364
147 165 289 313 364 409
147 165 289 313 409 455
147 165 289 313 455 500
147 165 289 313 500 546
147 165 289 313 546 591
147 165 289 313 591 637
147 165 289 313 637 682
147 165 289 313 682 728
147 165 313 337 0 46
147 165 313 337 46 91
147 165 313 337 91 137
147 165 313 337 137 182
147 165 313 337 182 228
147 165 313 337 228 273
147 165 313 337 273 319
147 165 313 337 319 364
147 165 313 337 364 409
147 165 313 337 409 455
147 165 313 337 455 500
147 165 313 337 500 546
147 165 313 337 546 591
147 165 313 337 591 637
147 165 313 337 637 682
147 165 313 337 682 728
147 165 337 361 0 46
147 165 337 361 46 91
147 165 337 361 91 137
147 165 337 361 137 182
147 165 337 361 182 228
147 165 337 361 228 273
147 165 337 361 273 319
147 165 337 361 319 364
147 165 337 361 364 409
147 165 337 361 409 455
147 165 337 361 455 500
147 165 337 361 500 546
147 165 337 361 546 591
147 165 337 361 591 637
147 165 337 361 637 682
147 165 337 361 682 728
147 165 361 386 0 46
147 165 361 386 46 91
147 165 361 386 91 137
147 165 361 386 137 182
147 165 361 386 182 228
147 165 361 386 228 273
147 165 361 386 273 319
147 165 361 386 319 364
147 165 361 386 364 409
147 165 361 386 409 455
147 165 361 386 455 500
147 165 361 386 500 546
147 165 361 386 546 591
147 165 361 386 591 637
147 165 361 386 637 682
147 165 361 386 682 728
165 183 0 25 0 46
165 183 0 25 46 91
165 183 0 25 91 137
165 183 0 25 137 182
165 183 0 25 182 228
165 183 0 25 228 273
165 183 0 25 273 319
165 183 0 25 319 364
165 183 0 25 364 409
165 183 0 25 409 455
165 183 0 25 455 500
165 183 0 25 500 546
165 183 0 25 546 591
165 183 0 25 591 637
165 183 0 25 637 682
165 183 0 25 682 728
165 183 25 49 0 46
165 183 25 49 46 91
165 183 25 49 91 137
165 183 25 49 137 182
165 183 25 49 182 228
165 183 25 49 228 273
165 183 25 49 273 319
165 183 25 49 319 364
165 183 25 49 364 409
165 183 25 49 409 455
165 183 25 49 455 500
165 183 25 49 500 546
165 183 25 49 546 591
165 183 25 49 591 637
165 183 25 49 637 682
165 183 25 49 682 728
165 183 49 73 0 46
165 183 49 73 46 91
165 183 49 73 91 137
165 183 49 73 137 182
165 183 49 73 182 228
165 183 49 73 228 273
165 183 49 73 273 319
165 183 49 73 319 364
165 183 49 73 364 409
165 183 49 73 409 455
165 183 49 73 455 500
165 183 49 73 500 546
165 183 49 73 546 591
165 183 49 73 591 637
165 183 49 73 637 682
165 183 49 73 682 728
165 183 73 97 0 46
165 183 73 97 46 91
165 183 73 97 91 137
165 183 73 97 137 182
165 183 73 97 182 228
165 183 73 97 228 273
165 183 73 97 273 319
165 183 73 97 319 364
165 183 73 97 364 409
165 183 73 97 409 455
165 183 73 97 455 500
165 183 73 97 500 546
165 183 73 97 546 591
165 183 73 97 591 637
165 183 73 97 637 682
165 183 73 97 682 728
165 183 97 121 0 46
165 183 97 121 46 91
165 183 97 121 91 137
165 183 97 121 137 182
165 183 97 121 182 228
165 183 97 121 228 273
165 183 97 121 273 319
165 183 97 121 319 364
165 183 97 121 364 409
165 183 97 121 409 455
165 183 97 121 455 500
165 183 97 121 500 546
165 183 97 121 546 591
165 183 97 121 591 637
165 183 97 121 637 682
165 183 97 121 682 728
165 183 121 145 0 46
165 183 121 145 46 91
165 183 121 145 91 137
165 183 121 145 137 182
165 183 121 145 182 228
165 183 121 145 228 273
165 183 121 145 273 319
165 183 121 145 319 364
165 183 121 145 364 409
165 183 121 145 409 455
165 183 121 145 455 500
165 183 121 145 500 546
165 183 121 145 546 591
165 183 121 145 591 637
165 183 121 145 637 682
165 183 121 145 682 728
165 183 145 169 0 46
165 183 145 169 46 91
165 183 145 169 91 137
165 183 145 169 137 182
165 183 145 169 182 228
165 183 145 169 228 273
165 183 145 169 273 319
165 183 145 169 319 364
165 183 145 169 364 409
165 183 145 169 409 455
165 183 145 169 455 500
165 183 145 169 500 546
165 183 145 169 546 591
165 183 145 169 591 637
165 183 145 169 637 682
165 183 145 169 682 728
165 183 169 193 0 46
165 183 169 193 46 91
165 183 169 193 91 137
165 183 169 193 137 182
165 183 169 193 182 228
165 183 169 193 228 273
165 183 169 193 273 319
165 183 169 193 319 364
165 183 169 193 364 409
165 183 169 193 409 455
165 183 169 193 455 500
165 183 169 193 500 546
165 183 169 193 546 591
165 183 169 193 591 637
165 183 169 193 637 682
165 183 169 193 682 728
165 183 193 217 0 46
165 183 193 217 46 91
165 183 193 217 91 137
165 183 193 217 137 182
165 183 193 217 182 228
165 183 193 217 228 273
165 183 193 217 273 319
165 183 193 217 319 364
165 183 193 217 364 409
165 183 193 217 409 455
165 183 193 217 455 500
165 183 193 217 500 546
165 183 193 217 546 591
165 183 193 217 591 637
165 183 193 217 637 682
165 183 193 217 682 728
165 183 217 241 0 46
165 183 217 241 46 91
165 183 217 241 91 137
165 183 217 241 137 182
165 183 217 241 182 228
165 183 217 241 228 273
165 183 217 241 273 319
165 183 217 241 319 364
165 183 217 241 364 409
165 183 217 241 409 455
165 183 217 241 455 500
165 183 217 241 500 546
165 183 217 241 546 591
165 183 217 241 591 637
165 183 217 241 637 682
165 183 217 241 682 728
165 183 241 265 0 46
165 183 241 265 46 91
165 183 241 265 91 137
165 183 241 265 137 182
165 183 241 265 182 228
165 183 241 265 228 273
165 183 241 265 273 319
165 183 241 265 319 364
165 183 241 265 364 409
165 183 241 265 409 455
165 183 241 265 455 500
165 183 241 265 500 546
165 183 241 265 546 591
165 183 241 265 591 637
165 183 241 265 637 682
165 183 241 265 682 728
165 183 265 289 0 46
165 183 265 289 46 91
165 183 265 289 91 137
165 183 265 289 137 182
165 183 265 289 182 228
165 183 265 289 228 273
165 183 265 289 273 319
165 183 265 289 319 364
165 183 265 289 364 409
165 183 265 289 409 455
165 183 265 289 455 500
165 183 265 289 500 546
165 183 265 289 546 591
165 183 265 289 591 637
165 183 265 289 637 682
165 183 265 289 682 728
165 183 289 313 0 46
165 183 289 313 46 91
165 183 289 313 91 137
165 183 289 313 137 182
165 183 289 313 182 228
165 183 289 313 228 273
165 183 289 313 273 319
165 183 289 313 319 364
165 183 289 313 364 409
165 183 289 313 409 455
165 183 289 313 455 500
165 183 289 313 500 546
165 183 289 313 546 591
165 183 289 313 591 637
165 183 289 313 637 682
165 183 289 313 682 728
165 183 313 337 0 46
165 183 313 337 46 91
165 183 313 337 91 137
165 183 313 337 137 182
165 183 313 337 182 228
165 183 313 337 228 273
165 183 313 337 273 319
165 183 313 337 319 364
165 183 313 337 364 409
165 183 313 337 409 455
165 183 313 337 455 500
165 183 313 337 500 546
165 183 313 337 546 591
165 183 313 337 591 637
165 183 313 337 637 682
165 183 313 337 682 728
165 183 337 361 0 46
165 183 337 361 46 91
165 183 337 361 91 137
165 183 337 361 137 182
165 183 337 361 182 228
165 183 337 361 228 273
165 183 337 361 273 319
165 183 337 361 319 364
165 183 337 361 364 409
165 183 337 361 409 455
165 183 337 361 455 500
165 183 337 361 500 546
165 183 337 361 546 591
165 183 337 361 591 637
165 183 337 361 637 682
165 183 337 361 682 728
165 183 361 386 0 46
165 183 361 386 46 91
165 183 361 386 91 137
165 183 361 386 137 182
165 183 361 386 182 228
165 183 361 386 228 273
165 183 361 386 273 319
165 183 361 386 319 364
165 183 361 386 364 409
165 183 361 386 409 455
165 183 361 386 455 500
165 183 361 386 500 546
165 183 361 386 546 591
165 183 361 386 591 637
165 183 361 386 637 682
165 183 361 386 682 728
183 201 0 25 0 46
183 201 0 25 46 91
183 201 0 25 91 137
183 201 0 25 137 182
183 201 0 25 182 228
183 201 0 25 228 273
183 201 0 25 273 319
183 201 0 25 319 364
183 201 0 25 364 409
183 201 0 25 409 455
183 201 0 25 455 500
183 201 0 25 500 546
183 201 0 25 546 591
183 201 0 25 591 637
183 201 0 25 637 682
183 201 0 25 682 728
183 201 25 49 0 46
183 201 25 49 46 91
183 201 25 49 91 137
183 201 25 49 137 182
183 201 25 49 182 228
183 201 25 49 228 273
183 201 25 49 273 319
183 201 25 49 319 364
183 201 25 49 364 409
183 201 25 49 409 455
183 201 25 49 455 500
183 201 25 49 500 546
183 201 25 49 546 591
183 201 25 49 591 637
183 201 25 49 637 682
183 201 25 49 682 728
183 201 49 73 0 46
183 201 49 73 46 91
183 201 49 73 91 137
183 201 49 73 137 182
183 201 49 73 182 228
183 201 49 73 228 273
183 201 49 73 273 319
183 201 49 73 319 364
183 201 49 73 364 409
183 201 49 73 409 455
183 201 49 73 455 500
183 201 49 73 500 546
183 201 49 73 546 591
183 201 49 73 591 637
183 201 49 73 637 682
183 201 49 73 682 728
183 201 73 97 0 46
183 201 73 97 46 91
183 201 73 97 91 137
183 201 73 97 137 182
183 201 73 97 182 228
183 201 73 97 228 273
183 201 73 97 273 319
183 201 73 97 319 364
183 201 73 97 364 409
183 201 73 97 409 455
183 201 73 97 455 500
183 201 73 97 500 546
183 201 73 97 546 591
183 201 73 97 591 637
183 201 73 97 637 682
183 201 73 97 682 728
183 201 97 121 0 46
183 201 97 121 46 91
183 201 97 121 91 137
183 201 97 121 137 182
183 201 97 121 182 228
183 201 97 121 228 273
183 201 97 121 273 319
183 201 97 121 319 364
183 201 97 121 364 409
183 201 97 121 409 455
183 201 97 121 455 500
183 201 97 121 500 546
183 201 97 121 546 591
183 201 97 121 591 637
183 201 97 121 637 682
183 201 97 121 682 728
183 201 121 145 0 46
183 201 121 145 46 91
183 201 121 145 91 137
183 201 121 145 137 182
183 201 121 145 182 228
183 201 121 145 228 273
183 201 121 145 273 319
183 201 121 145 319 364
183 201 121 145 364 409
183 201 121 145 409 455
183 201 121 145 455 500
183 201 121 145 500 546
183 201 121 145 546 591
183 201 121 145 591 637
183 201 121 145 637 682
183 201 121 145 682 728
183 201 145 169 0 46
183 201 145 169 46 91
183 201 145 169 91 137
183 201 145 169 137 182
183 201 145 169 182 228
183 201 145 169 228 273
183 201 145 169 273 319
183 201 145 169 319 364
183 201 145 169 364 409
183 201 145 169 409 455
183 201 145 169 455 500
183 201 145 169 500 546
183 201 145 169 546 591
183 201 145 169 591 637
183 201 145 169 637 682
183 201 145 169 682 728
183 201 169 193 0 46
183 201 169 193 46 91
183 201 169 193 91 137
183 201 169 193 137 182
183 201 169 193 182 228
183 201 169 193 228 273
183 201 169 193 273 319
183 201 169 193 319 364
183 201 169 193 364 409
183 201 169 193 409 455
183 201 169 193 455 500
183 201 169 193 500 546
183 201 169 193 546 591
183 201 169 193 591 637
183 201 169 193 637 682
183 201 169 193 682 728
183 201 193 217 0 46
183 201 193 217 46 91
183 201 193 217 91 137
183 201 193 217 137 182
183 201 193 217 182 228
183 201 193 217 228 273
183 201 193 217 273 319
183 201 193 217 319 364
183 201 193 217 364 409
183 201 193 217 409 455
183 201 193 217 455 500
183 201 193 217 500 546
183 201 193 217 546 591
183 201 193 217 591 637
183 201 193 217 637 682
183 201 193 217 682 728
183 201 217 241 0 46
183 201 217 241 46 91
183 201 217 241 91 137
183 201 217 241 137 182
183 201 217 241 182 228
183 201 217 241 228 273
183 201 217 241 273 319
183 201 217 241 319 364
183 201 217 241 364 409
183 201 217 241 409 455
183 201 217 241 455 500
183 201 217 241 500 546
183 201 217 241 546 591
183 201 217 241 591 637
183 201 217 241 637 682
183 201 217 241 682 728
183 201 241 265 0 46
183 201 241 265 46 91
183 201 241 265 91 137
183 201 241 265 137 182
183 201 241 265 182 228
183 201 241 265 228 273
183 201 241 265 273 319
183 201 241 265 319 364
183 201 241 265 364 409
183 201 241 265 409 455
183 201 241 265 455 500
183 201 241 265 500 546
183 201 241 265 546 591
183 201 241 265 591 637
183 201 241 265 637 682
183 201 241 265 682 728
183 201 265 289 0 46
183 201 265 289 46 91
183 201 265 289 91 137
183 201 265 289 137 182
183 201 265 289 182 228
183 201 265 289 228 273
183 201 265 289 273 319
183 201 265 289 319 364
183 201 265 289 364 409
183 201 265 289 409 455
183 201 265 289 455 500
183 201 265 289 500 546
183 201 265 289 546 591
183 201 265 289 591 637
183 201 265 289 637 682
183 201 265 289 682 728
183 201 289 313 0 46
183 201 289 313 46 91
183 201 289 313 91 137
183 201 289 313 137 182
183 201 289 313 182 228
183 201 289 313 228 273
183 201 289 313 273 319
183 201 289 313 319 364
183 201 289 313 364 409
183 201 289 313 409 455
183 201 289 313 455 500
183 201 289 313 500 546
183 201 289 313 546 591
183 201 289 313 591 637
183 201 289 313 637 682
183 201 289 313 682 728
183 201 313 337 0 46
183 201 313 337 46 91
183 201 313 337 91 137
183 201 313 337 137 182
183 201 313 337 182 228
183 201 313 337 228 273
183 201 313 337 273 319
183 201 313 337 319 364
183 201 313 337 364 409
183 201 313 337 409 455
183 201 313 337 455 500
183 201 313 337 500 546
183 201 313 337 546 591
183 201 313 337 591 637
183 201 313 337 637 682
183 201 313 337 682 728
183 201 337 361 0 46
183 201 337 361 46 91
183 201 337 361 91 137
183 201 337 361 137 182
183 201 337 361 182 228
183 201 337 361 228 273
183 201 337 361 273 319
183 201 337 361 319 364
183 201 337 361 364 409
183 201 337 361 409 455
183 201 337 361 455 500
183 201 337 361 500 546
183 201 337 361 546 591
183 201 337 361 591 637
183 201 337 361 637 682
183 201 337 361 682 728
183 201 361 386 0 46
183 201 361 386 46 91
183 201 361 386 91 137
183 201 361 386 137 182
183 201 361 386 182 228
183 201 361 386 228 273
183 201 361 386 273 319
183 201 361 386 319 364
183 201 361 386 364 409
183 201 361 386 409 455
183 201 361 386 455 500
183 201 361 386 500 546
183 201 361 386 546 591
183 201 361 386 591 637
183 201 361 386 637 682
183 201 361 386 682 728
201 220 0 25 0 46
201 220 0 25 46 91
201 220 0 25 91 137
201 220 0 25 137 182
201 220 0 25 182 228
201 220 0 25 228 273
201 220 0 25 273 319
201 220 0 25 319 364
201 220 0 25 364 409
201 220 0 25 409 455
201 220 0 25 455 500
201 220 0 25 500 546
201 220 0 25 546 591
201 220 0 25 591 637
201 220 0 25 637 682
201 220 0 25 682 728
201 220 25 49 0 46
201 220 25 49 46 91
201 220 25 49 91 137
201 220 25 49 137 182
201 220 25 49 182 228
201 220 25 49 228 273
201 220 25 49 273 319
201 220 25 49 319 364
201 220 25 49 364 409
201 220 25 49 409 455
201 220 25 49 455 500
201 220 25 49 500 546
201 220 25 49 546 591
201 220 25 49 591 637
201 220 25 49 637 682
201 220 25 49 682 728
201 220 49 73 0 46
201 220 49 73 46 91
201 220 49 73 91 137
201 220 49 73 137 182
201 220 49 73 182 228
201 220 49 73 228 273
201 220 49 73 273 319
201 220 49 73 319 364
201 220 49 73 364 409
201 220 49 73 409 455
201 220 49 73 455 500
201 220 49 73 500 546
201 220 49 73 546 591
201 220 49 73 591 637
201 220 49 73 637 682
201 220 49 73 682 728
201 220 73 97 0 46
201 220 73 97 46 91
201 220 73 97 91 137
201 220 73 97 137 182
201 220 73 97 182 228
201 220 73 97 228 273
201 220 73 97 273 319
201 220 73 97 319 364
201 220 73 97 364 409
201 220 73 97 409 455
201 220 73 97 455 500
201 220 73 97 500 546
201 220 73 97 546 591
201 220 73 97 591 637
201 220 73 97 637 682
201 220 73 97 682 728
201 220 97 121 0 46
201 220 97 121 46 91
201 220 97 121 91 137
201 220 97 121 137 182
201 220 97 121 182 228
201 220 97 121 228 273
201 220 97 121 273 319
201 220 97 121 319 364
201 220 97 121 364 409
201 220 97 121 409 455
201 220 97 121 455 500
201 220 97 121 500 546
201 220 97 121 546 591
201 220 97 121 591 637
201 220 97 121 637 682
201 220 97 121 682 728
201 220 121 145 0 46
201 220 121 145 46 91
201 220 121 145 91 137
201 220 121 145 137 182
201 220 121 145 182 228
201 220 121 145 228 273
201 220 121 145 273 319
201 220 121 145 319 364
201 220 121 145 364 409
201 220 121 145 409 455
201 220 121 145 455 500
201 220 121 145 500 546
201 220 121 145 546 591
201 220 121 145 591 637
201 220 121 145 637 682
201 220 121 145 682 728
201 220 145 169 0 46
201 220 145 169 46 91
201 220 145 169 91 137
201 220 145 169 137 182
201 220 145 169 182 228
201 220 145 169 228 273
201 220 145 169 273 319
201 220 145 169 319 364
201 220 145 169 364 409
201 220 145 169 409 455
201 220 145 169 455 500
201 220 145 169 500 546
201 220 145 169 546 591
201 220 145 169 591 637
201 220 145 169 637 682
201 220 145 169 682 728
201 220 169 193 0 46
201 220 169 193 46 91
201 220 169 193 91 137
201 220 169 193 137 182
201 220 169 193 182 228
201 220 169 193 228 273
201 220 169 193 273 319
201 220 169 193 319 364
201 220 169 193 364 409
201 220 169 193 409 455
201 220 169 193 455 500
201 220 169 193 500 546
201 220 169 193 546 591
201 220 169 193 591 637
201 220 169 193 637 682
201 220 169 193 682 728
201 220 193 217 0 46
201 220 193 217 46 91
201 220 193 217 91 137
201 220 193 217 137 182
201 220 193 217 182 228
201 220 193 217 228 273
201 220 193 217 273 319
201 220 193 217 319 364
201 220 193 217 364 409
201 220 193 217 409 455
201 220 193 217 455 500
201 220 193 217 500 546
201 220 193 217 546 591
201 220 193 217 591 637
201 220 193 217 637 682
201 220 193 217 682 728
201 220 217 241 0 46
201 220 217 241 46 91
201 220 217 241 91 137
201 220 217 241 137 182
201 220 217 241 182 228
201 220 217 241 228 273
201 220 217 241 273 319
201 220 217 241 319 364
201 220 217 241 364 409
201 220 217 241 409 455
201 220 217 241 455 500
201 220 217 241 500 546
201 220 217 241 546 591
201 220 217 241 591 637
201 220 217 241 637 682
201 220 217 241 682 728
201 220 241 265 0 46
201 220 241 265 46 91
201 220 241 265 91 137
201 220 241 265 137 182
201 220 241 265 182 228
201 220 241 265 228 273
201 220 241 265 273 319
201 220 241 265 319 364
201 220 241 265 364 409
201 220 241 265 409 455
201 220 241 265 455 500
201 220 241 265 500 546
201 220 241 265 546 591
201 220 241 265 591 637
201 220 241 265 637 682
201 220 241 265 682 728
201 220 265 289 0 46
201 220 265 289 46 91
201 220 265 289 91 137
201 220 265 289 137 182
201 220 265 289 182 228
201 220 265 289 228 273
201 220 265 289 273 319
201 220 265 289 319 364
201 220 265 289 364 409
201 220 265 289 409 455
201 220 265 289 455 500
201 220 265 289 500 546
201 220 265 289 546 591
201 220 265 289 591 637
201 220 265 289 637 682
201 220 265 289 682 728
201 220 289 313 0 46
201 220 289 313 46 91
201 220 289 313 91 137
201 220 289 313 137 182
201 220 289 313 182 228
201 220 289 313 228 273
201 220 289 313 273 319
201 220 289 313 319 364
201 220 289 313 364 409
201 220 289 313 409 455
201 220 289 313 455 500
201 220 289 313 500 546
201 220 289 313 546 591
201 220 289 313 591 637
201 220 289 313 637 682
201 220 289 313 682 728
201 220 313 337 0 46
201 220 313 337 46 91
201 220 313 337 91 137
201 220 313 337 137 182
201 220 313 337 182 228
201 220 313 337 228 273
201 220 313 337 273 319
201 220 313 337 319 364
201 220 313 337 364 409
201 220 313 337 409 455
201 220 313 337 455 500
201 220 313 337 500 546
201 220 313 337 546 591
201 220 313 337 591 637
201 220 313 337 637 682
201 220 313 337 682 728
201 220 337 361 0 46
201 220 337 361 46 91
201 220 337 361 91 137
201 220 337 361 137 182
201 220 337 361 182 228
201 220 337 361 228 273
201 220 337 361 273 319
201 220 337 361 319 364
201 220 337 361 364 409
201 220 337 361 409 455
201 220 337 361 455 500
201 220 337 361 500 546
201 220 337 361 546 591
201 220 337 361 591 637
201 220 337 361 637 682
201 220 337 361 682 728
201 220 361 386 0 46
201 220 361 386 46 91
201 220 361 386 91 137
201 220 361 386 137 182
201 220 361 386 182 228
201 220 361 386 228 273
201 220 361 386 273 319
201 220 361 386 319 364
201 220 361 386 364 409
201 220 361 386 409 455
201 220 361 386 455 500
201 220 361 386 500 546
201 220 361 386 546 591
201 220 361 386 591 637
201 220 361 386 637 682
201 220 361 386 682 728
220 238 0 25 0 46
220 238 0 25 46 91
220 238 0 25 91 137
220 238 0 25 137 182
220 238 0 25 182 228
220 238 0 25 228 273
220 238 0 25 273 319
220 238 0 25 319 364
220 238 0 25 364 409
220 238 0 25 409 455
220 238 0 25 455 500
220 238 0 25 500 546
220 238 0 25 546 591
220 238 0 25 591 637
220 238 0 25 637 682
220 238 0 25 682 728
220 238 25 49 0 46
220 238 25 49 46 91
220 238 25 49 91 137
220 238 25 49 137 182
220 238 25 49 182 228
220 238 25 49 228 273
220 238 25 49 273 319
220 238 25 49 319 364
220 238 25 49 364 409
220 238 25 49 409 455
220 238 25 49 455 500
220 238 25 49 500 546
220 238 25 49 546 591
220 238 25 49 591 637
220 238 25 49 637 682
220 238 25 49 682 728
220 238 49 73 0 46
220 238 49 73 46 91
220 238 49 73 91 137
220 238 49 73 137 182
220 238 49 73 182 228
220 238 49 73 228 273
220 238 49 73 273 319
220 238 49 73 319 364
220 238 49 73 364 409
220 238 49 73 409 455
220 238 49 73 455 500
220 238 49 73 500 546
220 238 49 73 546 591
220 238 49 73 591 637
220 238 49 73 637 682
220 238 49 73 682 728
220 238 73 97 0 46
220 238 73 97 46 91
220 238 73 97 91 137
220 238 73 97 137 182
220 238 73 97 182 228
220 238 73 97 228 273
220 238 73 97 273 319
220 238 73 97 319 364
220 238 73 97 364 409
220 238 73 97 409 455
220 238 73 97 455 500
220 238 73 97 500 546
220 238 73 97 546 591
220 238 73 97 591 637
220 238 73 97 637 682
220 238 73 97 682 728
220 238 97 121 0 46
220 238 97 121 46 91
220 238 97 121 91 137
220 238 97 121 137 182
220 238 97 121 182 228
220 238 97 121 228 273
220 238 97 121 273 319
220 238 97 121 319 364
220 238 97 121 364 409
220 238 97 121 409 455
220 238 97 121 455 500
220 238 97 121 500 546
220 238 97 121 546 591
220 238 97 121 591 637
220 238 97 121 637 682
220 238 97 121 682 728
220 238 121 145 0 46
220 238 121 145 46 91
220 238 121 145 91 137
220 238 121 145 137 182
220 238 121 145 182 228
220 238 121 145 228 273
220 238 121 145 273 319
220 238 121 145 319 364
220 238 121 145 364 409
220 238 121 145 409 455
220 238 121 145 455 500
220 238 121 145 500 546
220 238 121 145 546 591
220 238 121 145 591 637
220 238 121 145 637 682
220 238 121 145 682 728
220 238 145 169 0 46
220 238 145 169 46 91
220 238 145 169 91 137
220 238 145 169 137 182
220 238 145 169 182 228
220 238 145 169 228 273
220 238 145 169 273 319
220 238 145 169 319 364
220 238 145 169 364 409
220 238 145 169 409 455
220 238 145 169 455 500
220 238 145 169 500 546
220 238 145 169 546 591
220 238 145 169 591 637
220 238 145 169 637 682
220 238 145 169 682 728
220 238 169 193 0 46
220 238 169 193 46 91
220 238 169 193 91 137
220 238 169 193 137 182
220 238 169 193 182 228
220 238 169 193 228 273
220 238 169 193 273 319
220 238 169 193 319 364
220 238 169 193 364 409
220 238 169 193 409 455
220 238 169 193 455 500
220 238 169 193 500 546
220 238 169 193 546 591
220 238 169 193 591 637
220 238 169 193 637 682
220 238 169 193 682 728
220 238 193 217 0 46
220 238 193 217 46 91
220 238 193 217 91 137
220 238 193 217 137 182
220 238 193 217 182 228
220 238 193 217 228 273
220 238 193 217 273 319
220 238 193 217 319 364
220 238 193 217 364 409
220 238 193 217 409 455
220 238 193 217 455 500
220 238 193 217 500 546
220 238 193 217 546 591
220 238 193 217 591 637
220 238 193 217 637 682
220 238 193 217 682 728
220 238 217 241 0 46
220 238 217 241 46 91
220 238 217 241 91 137
220 238 217 241 137 182
220 238 217 241 182 228
220 238 217 241 228 273
220 238 217 241 273 319
220 238 217 241 319 364
220 238 217 241 364 409
220 238 217 241 409 455
220 238 217 241 455 500
220 238 217 241 500 546
220 238 217 241 546 591
220 238 217 241 591 637
220 238 217 241 637 682
220 238 217 241 682 728
220 238 241 265 0 46
220 238 241 265 46 91
220 238 241 265 91 137
220 238 241 265 137 182
220 238 241 265 182 228
220 238 241 265 228 273
220 238 241 265 273 319
220 238 241 265 319 364
220 238 241 265 364 409
220 238 241 265 409 455
220 238 241 265 455 500
220 238 241 265 500 546
220 238 241 265 546 591
220 238 241 265 591 637
220 238 241 265 637 682
220 238 241 265 682 728
220 238 265 289 0 46
220 238 265 289 46 91
220 238 265 289 91 137
220 238 265 289 137 182
220 238 265 289 182 228
220 238 265 289 228 273
220 238 265 289 273 319
220 238 265 289 319 364
220 238 265 289 364 409
220 238 265 289 409 455
220 238 265 289 455 500
220 238 265 289 500 546
220 238 265 289 546 591
220 238 265 289 591 637
220 238 265 289 637 682
220 238 265 289 682 728
220 238 289 313 0 46
220 238 289 313 46 91
220 238 289 313 91 137
220 238 289 313 137 182
220 238 289 313 182 228
220 238 289 313 228 273
220 238 289 313 273 319
220 238 289 313 319 364
220 238 289 313 364 409
220 238 289 313 409 455
220 238 289 313 455 500
220 238 289 313 500 546
220 238 289 313 546 591
220 238 289 313 591 637
220 238 289 313 637 682
220 238 289 313 682 728
220 238 313 337 0 46
220 238 313 337 46 91
220 238 313 337 91 137
220 238 313 337 137 182
220 238 313 337 182 228
220 238 313 337 228 273
220 238 313 337 273 319
220 238 313 337 319 364
220 238 313 337 364 409
220 238 313 337 409 455
220 238 313 337 455 500
220 238 313 337 500 546
220 238 313 337 546 591
220 238 313 337 591 637
220 238 313 337 637 682
220 238 313 337 682 728
220 238 337 361 0 46
220 238 337 361 46 91
220 238 337 361 91 137
220 238 337 361 137 182
220 238 337 361 182 228
220 238 337 361 228 273
220 238 337 361 273 319
220 238 337 361 319 364
220 238 337 361 364 409
220 238 337 361 409 455
220 238 337 361 455 500
220 238 337 361 500 546
220 238 337 361 546 591
220 238 337 361 591 637
220 238 337 361 637 682
220 238 337 361 682 728
220 238 361 386 0 46
220 238 361 386 46 91
220 238 361 386 91 137
220 238 361 386 137 182
220 238 361 386 182 228
220 238 361 386 228 273
220 238 361 386 273 319
220 238 361 386 319 364
220 238 361 386 364 409
220 238 361 386 409 455
220 238 361 386 455 500
220 238 361 386 500 546
220 238 361 386 546 591
220 238 361 386 591 637
220 238 361 386 637 682
220 238 361 386 682 728
238 256 0 25 0 46
238 256 0 25 46 91
238 256 0 25 91 137
238 256 0 25 137 182
238 256 0 25 182 228
238 256 0 25 228 273
238 256 0 25 273 319
238 256 0 25 319 364
238 256 0 25 364 409
238 256 0 25 409 455
238 256 0 25 455 500
238 256 0 25 500 546
238 256 0 25 546 591
238 256 0 25 591 637
238 256 0 25 637 682
238 256 0 25 682 728
238 256 25 49 0 46
238 256 25 49 46 91
238 256 25 49 91 137
238 256 25 49 137 182
238 256 25 49 182 228
238 256 25 49 228 273
238 256 25 49 273 319
238 256 25 49 319 364
238 256 25 49 364 409
238 256 25 49 409 455
238 256 25 49 455 500
238 256 25 49 500 546
238 256 25 49 546 591
238 256 25 49 591 637
238 256 25 49 637 682
238 256 25 49 682 728
238 256 49 73 0 46
238 256 49 73 46 91
238 256 49 73 91 137
238 256 49 73 137 182
238 256 49 73 182 228
238 256 49 73 228 273
238 256 49 73 273 319
238 256 49 73 319 364
238 256 49 73 364 409
238 256 49 73 409 455
238 256 49 73 455 500
238 256 49 73 500 546
238 256 49 73 546 591
238 256 49 73 591 637
238 256 49 73 637 682
238 256 49 73 682 728
238 256 73 97 0 46
238 256 73 97 46 91
238 256 73 97 91 137
238 256 73 97 137 182
238 256 73 97 182 228
238 256 73 97 228 273
238 256 73 97 273 319
238 256 73 97 319 364
238 256 73 97 364 409
238 256 73 97 409 455
238 256 73 97 455 500
238 256 73 97 500 546
238 256 73 97 546 591
238 256 73 97 591 637
238 256 73 97 637 682
238 256 73 97 682 728
238 256 97 121 0 46
238 256 97 121 46 91
238 256 97 121 91 137
238 256 97 121 137 182
238 256 97 121 182 228
238 256 97 121 228 273
238 256 97 121 273 319
238 256 97 121 319 364
238 256 97 121 364 409
238 256 97 121 409 455
238 256 97 121 455 500
238 256 97 121 500 546
238 256 97 121 546 591
238 256 97 121 591 637
238 256 97 121 637 682
238 256 97 121 682 728
238 256 121 145 0 46
238 256 121 145 46 91
238 256 121 145 91 137
238 256 121 145 137 182
238 256 121 145 182 228
238 256 121 145 228 273
238 256 121 145 273 319
238 256 121 145 319 364
238 256 121 145 364 409
238 256 121 145 409 455
238 256 121 145 455 500
238 256 121 145 500 546
238 256 121 145 546 591
238 256 121 145 591 637
238 256 121 145 637 682
238 256 121 145 682 728
238 256 145 169 0 46
238 256 145 169 46 91
238 256 145 169 91 137
238 256 145 169 137 182
238 256 145 169 182 228
238 256 145 169 228 273
238 256 145 169 273 319
238 256 145 169 319 364
238 256 145 169 364 409
238 256 145 169 409 455
238 256 145 169 455 500
238 256 145 169 500 546
238 256 145 169 546 591
238 256 145 169 591 637
238 256 145 169 637 682
238 256 145 169 682 728
238 256 169 193 0 46
238 256 169 193 46 91
238 256 169 193 91 137
238 256 169 193 137 182
238 256 169 193 182 228
238 256 169 193 228 273
238 256 169 193 273 319
238 256 169 193 319 364
238 256 169 193 364 409
238 256 169 193 409 455
238 256 169 193 455 500
238 256 169 193 500 546
238 256 169 193 546 591
238 256 169 193 591 637
238 256 169 193 637 682
238 256 169 193 682 728
238 256 193 217 0 46
238 256 193 217 46 91
238 256 193 217 91 137
238 256 193 217 137 182
238 256 193 217 182 228
238 256 193 217 228 273
238 256 193 217 273 319
238 256 193 217 319 364
238 256 193 217 364 409
238 256 193 217 409 455
238 256 193 217 455 500
238 256 193 217 500 546
238 256 193 217 546 591
238 256 193 217 591 637
238 256 193 217 637 682
238 256 193 217 682 728
238 256 217 241 0 46
238 256 217 241 46 91
238 256 217 241 91 137
238 256 217 241 137 182
238 256 217 241 182 228
238 256 217 241 228 273
238 256 217 241 273 319
238 256 217 241 319 364
238 256 217 241 364 409
238 256 217 241 409 455
238 256 217 241 455 500
238 256 217 241 500 546
238 256 217 241 546 591
238 256 217 241 591 637
238 256 217 241 637 682
238 256 217 241 682 728
238 256 241 265 0 46
238 256 241 265 46 91
238 256 241 265 91 137
238 256 241 265 137 182
238 256 241 265 182 228
238 256 241 265 228 273
238 256 241 265 273 319
238 256 241 265 319 364
238 256 241 265 364 409
238 256 241 265 409 455
238 256 241 265 455 500
238 256 241 265 500 546
238 256 241 265 546 591
238 256 241 265 591 637
238 256 241 265 637 682
238 256 241 265 682 728
238 256 265 289 0 46
238 256 265 289 46 91
238 256 265 289 91 137
238 256 265 289 137 182
238 256 265 289 182 228
238 256 265 289 228 273
238 256 265 289 273 319
238 256 265 289 319 364
238 256 265 289 364 409
238 256 265 289 409 455
238 256 265 289 455 500
238 256 265 289 500 546
238 256 265 289 546 591
238 256 265 289 591 637
238 256 265 289 637 682
238 256 265 289 682 728
238 256 289 313 0 46
238 256 289 313 46 91
238 256 289 313 91 137
238 256 289 313 137 182
238 256 289 313 182 228
238 256 289 313 228 273
238 256 289 313 273 319
238 256 289 313 319 364
238 256 289 313 364 409
238 256 289 313 409 455
238 256 289 313 455 500
238 256 289 313 500 546
238 256 289 313 546 591
238 256 289 313 591 637
238 256 289 313 637 682
238 256 289 313 682 728
238 256 313 337 0 46
238 256 313 337 46 91
238 256 313 337 91 137
238 256 313 337 137 182
238 256 313 337 182 228
238 256 313 337 228 273
238 256 313 337 273 319
238 256 313 337 319 364
238 256 313 337 364 409
238 256 313 337 409 455
238 256 313 337 455 500
238 256 313 337 500 546
238 256 313 337 546 591
238 256 313 337 591 637
238 256 313 337 637 682
238 256 313 337 682 728
238 256 337 361 0 46
238 256 337 361 46 91
238 256 337 361 91 137
238 256 337 361 137 182
238 256 337 361 182 228
238 256 337 361 228 273
238 256 337 361 273 319
238 256 337 361 319 364
238 256 337 361 364 409
238 256 337 361 409 455
238 256 337 361 455 500
238 256 337 361 500 546
238 256 337 361 546 591
238 256 337 361 591 637
238 256 337 361 637 682
238 256 337 361 682 728
238 256 361 386 0 46
238 256 361 386 46 91
238 256 361 386 91 137
238 256 361 386 137 182
238 256 361 386 182 228
238 256 361 386 228 273
238 256 361 386 273 319
238 256 361 386 319 364
238 256 361 386 364 409
238 256 361 386 409 455
238 256 361 386 455 500
238 256 361 386 500 546
238 256 361 386 546 591
238 256 361 386 591 637
238 256 361 386 637 682
238 256 361 386 682 728
256 274 0 25 0 46
256 274 0 25 46 91
256 274 0 25 91 137
256 274 0 25 137 182
256 274 0 25 182 228
256 274 0 25 228 273
256 274 0 25 273 319
256 274 0 25 319 364
256 274 0 25 364 409
256 274 0 25 409 455
256 274 0 25 455 500
256 274 0 25 500 546
256 274 0 25 546 591
256 274 0 25 591 637
256 274 0 25 637 682
256 274 0 25 682 728
256 274 25 49 0 46
256 274 25 49 46 91
256 274 25 49 91 137
256 274 25 49 137 182
256 274 25 49 182 228
256 274 25 49 228 273
256 274 25 49 273 319
256 274 25 49 319 364
256 274 25 49 364 409
256 274 25 49 409 455
256 274 25 49 455 500
256 274 25 49 500 546
256 274 25 49 546 591
256 274 25 49 591 637
256 274 25 49 637 682
256 274 25 49 682 728
256 274 49 73 0 46
256 274 49 73 46 91
256 274 49 73 91 137
256 274 49 73 137 182
256 274 49 73 182 228
256 274 49 73 228 273
256 274 49 73 273 319
256 274 49 73 319 364
256 274 49 73 364 409
256 274 49 73 409 455
256 274 49 73 455 500
256 274 49 73 500 546
256 274 49 73 546 591
256 274 49 73 591 637
256 274 49 73 637 682
256 274 49 73 682 728
256 274 73 97 0 46
256 274 73 97 46 91
256 274 73 97 91 137
256 274 73 97 137 182
256 274 73 97 182 228
256 274 73 97 228 273
256 274 73 97 273 319
256 274 73 97 319 364
256 274 73 97 364 409
256 274 73 97 409 455
256 274 73 97 455 500
256 274 73 97 500 546
256 274 73 97 546 591
256 274 73 97 591 637
256 274 73 97 637 682
256 274 73 97 682 728
256 274 97 121 0 46
256 274 97 121 46 91
256 274 97 121 91 137
256 274 97 121 137 182
256 274 97 121 182 228
256 274 97 121 228 273
256 274 97 121 273 319
256 274 97 121 319 364
256 274 97 121 364 409
256 274 97 121 409 455
256 274 97 121 455 500
256 274 97 121 500 546
256 274 97 121 546 591
256 274 97 121 591 637
256 274 97 121 637 682
256 274 97 121 682 728
256 274 121 145 0 46
256 274 121 145 46 91
256 274 121 145 91 137
256 274 121 145 137 182
256 274 121 145 182 228
256 274 121 145 228 273
256 274 121 145 273 319
256 274 121 145 319 364
256 274 121 145 364 409
256 274 121 145 409 455
256 274 121 145 455 500
256 274 121 145 500 546
256 274 121 145 546 591
256 274 121 145 591 637
256 274 121 145 637 682
256 274 121 145 682 728
256 274 145 169 0 46
256 274 145 169 46 91
256 274 145 169 91 137
256 274 145 169 137 182
256 274 145 169 182 228
256 274 145 169 228 273
256 274 145 169 273 319
256 274 145 169 319 364
256 274 145 169 364 409
256 274 145 169 409 455
256 274 145 169 455 500
256 274 145 169 500 546
256 274 145 169 546 591
256 274 145 169 591 637
256 274 145 169 637 682
256 274 145 169 682 728
256 274 169 193 0 46
256 274 169 193 46 91
256 274 169 193 91 137
256 274 169 193 137 182
256 274 169 193 182 228
256 274 169 193 228 273
256 274 169 193 273 319
256 274 169 193 319 364
256 274 169 193 364 409
256 274 169 193 409 455
256 274 169 193 455 500
256 274 169 193 500 546
256 274 169 193 546 591
256 274 169 193 591 637
256 274 169 193 637 682
256 274 169 193 682 728
256 274 193 217 0 46
256 274 193 217 46 91
256 274 193 217 91 137
256 274 193 217 137 182
256 274 193 217 182 228
256 274 193 217 228 273
256 274 193 217 273 319
256 274 193 217 319 364
256 274 193 217 364 409
256 274 193 217 409 455
256 274 193 217 455 500
256 274 193 217 500 546
256 274 193 217 546 591
256 274 193 217 591 637
256 274 193 217 637 682
256 274 193 217 682 728
256 274 217 241 0 46
256 274 217 241 46 91
256 274 217 241 91 137
256 274 217 241 137 182
256 274 217 241 182 228
256 274 217 241 228 273
256 274 217 241 273 319
256 274 217 241 319 364
256 274 217 241 364 409
256 274 217 241 409 455
256 274 217 241 455 500
256 274 217 241 500 546
256 274 217 241 546 591
256 274 217 241 591 637
256 274 217 241 637 682
256 274 217 241 682 728
256 274 241 265 0 46
256 274 241 265 46 91
256 274 241 265 91 137
256 274 241 265 137 182
256 274 241 265 182 228
256 274 241 265 228 273
256 274 241 265 273 319
256 274 241 265 319 364
256 274 241 265 364 409
256 274 241 265 409 455
256 274 241 265 455 500
256 274 241 265 500 546
256 274 241 265 546 591
256 274 241 265 591 637
256 274 241 265 637 682
256 274 241 265 682 728
256 274 265 289 0 46
256 274 265 289 46 91
256 274 265 289 91 137
256 274 265 289 137 182
256 274 265 289 182 228
256 274 265 289 228 273
256 274 265 289 273 319
256 274 265 289 319 364
256 274 265 289 364 409
256 274 265 289 409 455
256 274 265 289 455 500
256 274 265 289 500 546
256 274 265 289 546 591
256 274 265 289 591 637
256 274 265 289 637 682
256 274 265 289 682 728
256 274 289 313 0 46
256 274 289 313 46 91
256 274 289 313 91 137
256 274 289 313 137 182
256 274 289 313 182 228
256 274 289 313 228 273
256 274 289 313 273 319
256 274 289 313 319 364
256 274 289 313 364 409
256 274 289 313 409 455
256 274 289 313 455 500
256 274 289 313 500 546
256 274 289 313 546 591
256 274 289 313 591 637
256 274 289 313 637 682
256 274 289 313 682 728
256 274 313 337 0 46
256 274 313 337 46 91
256 274 313 337 91 137
256 274 313 337 137 182
256 274 313 337 182 228
256 274 313 337 228 273
256 274 313 337 273 319
256 274 313 337 319 364
256 274 313 337 364 409
256 274 313 337 409 455
256 274 313 337 455 500
256 274 313 337 500 546
256 274 313 337 546 591
256 274 313 337 591 637
256 274 313 337 637 682
256 274 313 337 682 728
256 274 337 361 0 46
256 274 337 361 46 91
256 274 337 361 91 137
256 274 337 361 137 182
256 274 337 361 182 228
256 274 337 361 228 273
256 274 337 361 273 319
256 274 337 361 319 364
256 274 337 361 364 409
256 274 337 361 409 455
256 274 337 361 455 500
256 274 337 361 500 546
256 274 337 361 546 591
256 274 337 361 591 637
256 274 337 361 637 682
256 274 337 361 682 728
256 274 361 386 0 46
256 274 361 386 46 91
256 274 361 386 91 137
256 274 361 386 137 182
256 274 361 386 182 228
256 274 361 386 228 273
256 274 361 386 273 319
256 274 361 386 319 364
256 274 361 386 364 409
256 274 361 386 409 455
256 274 361 386 455 500
256 274 361 386 500 546
256 274 361 386 546 591
256 274 361 386 591 637
256 274 361 386 637 682
256 274 361 386 682 728
274 294 0 25 0 46
274 294 0 25 46 91
274 294 0 25 91 137
274 294 0 25 137 182
274 294 0 25 182 228
274 294 0 25 228 273
274 294 0 25 273 319
274 294 0 25 319 364
274 294 0 25 364 409
274 294 0 25 409 455
274 294 0 25 455 500
274 294 0 25 500 546
274 294 0 25 546 591
274 294 0 25 591 637
274 294 0 25 637 682
274 294 0 25 682 728
274 294 25 49 0 46
274 294 25 49 46 91
274 294 25 49 91 137
274 294 25 49 137 182
274 294 25 49 182 228
274 294 25 49 228 273
274 294 25 49 273 319
274 294 25 49 319 364
274 294 25 49 364 409
274 294 25 49 409 455
274 294 25 49 455 500
274 294 25 49 500 546
274 294 25 49 546 591
274 294 25 49 591 637
274 294 25 49 637 682
274 294 25 49 682 728
274 294 49 73 0 46
274 294 49 73 46 91
274 294 49 73 91 137
274 294 49 73 137 182
274 294 49 73 182 228
274 294 49 73 228 273
274 294 49 73 273 319
274 294 49 73 319 364
274 294 49 73 364 409
274 294 49 73 409 455
274 294 49 73 455 500
274 294 49 73 500 546
274 294 49 73 546 591
274 294 49 73 591 637
274 294 49 73 637 682
274 294 49 73 682 728
274 294 73 97 0 46
274 294 73 97 46 91
274 294 73 97 91 137
274 294 73 97 137 182
274 294 73 97 182 228
274 294 73 97 228 273
274 294 73 97 273 319
274 294 73 97 319 364
274 294 73 97 364 409
274 294 73 97 409 455
274 294 73 97 455 500
274 294 73 97 500 546
274 294 73 97 546 591
274 294 73 97 591 637
274 294 73 97 637 682
274 294 73 97 682 728
274 294 97 121 0 46
274 294 97 121 46 91
274 294 97 121 91 137
274 294 97 121 137 182
274 294 97 121 182 228
274 294 97 121 228 273
274 294 97 121 273 319
274 294 97 121 319 364
274 294 97 121 364 409
274 294 97 121 409 455
274 294 97 121 455 500
274 294 97 121 500 546
274 294 97 121 546 591
274 294 97 121 591 637
274 294 97 121 637 682
274 294 97 121 682 728
274 294 121 145 0 46
274 294 121 145 46 91
274 294 121 145 91 137
274 294 121 145 137 182
274 294 121 145 182 228
274 294 121 145 228 273
274 294 121 145 273 319
274 294 121 145 319 364
274 294 121 145 364 409
274 294 121 145 409 455
274 294 121 145 455 500
274 294 121 145 500 546
274 294 121 145 546 591
274 294 121 145 591 637
274 294 121 145 637 682
274 294 121 145 682 728
274 294 145 169 0 46
274 294 145 169 46 91
274 294 145 169 91 137
274 294 145 169 137 182
274 294 145 169 182 228
274 294 145 169 228 273
274 294 145 169 273 319
274 294 145 169 319 364
274 294 145 169 364 409
274 294 145 169 409 455
274 294 145 169 455 500
274 294 145 169 500 546
274 294 145 169 546 591
274 294 145 169 591 637
274 294 145 169 637 682
274 294 145 169 682 728
274 294 169 193 0 46
274 294 169 193 46 91
274 294 169 193 91 137
274 294 169 193 137 182
274 294 169 193 182 228
274 294 169 193 228 273
274 294 169 193 273 319
274 294 169 193 319 364
274 294 169 193 364 409
274 294 169 193 409 455
274 294 169 193 455 500
274 294 169 193 500 546
274 294 169 193 546 591
274 294 169 193 591 637
274 294 169 193 637 682
274 294 169 193 682 728
274 294 193 217 0 46
274 294 193 217 46 91
274 294 193 217 91 137
274 294 193 217 137 182
274 294 193 217 182 228
274 294 193 217 228 273
274 294 193 217 273 319
274 294 193 217 319 364
274 294 193 217 364 409
274 294 193 217 409 455
274 294 193 217 455 500
274 294 193 217 500 546
274 294 193 217 546 591
274 294 193 217 591 637
274 294 193 217 637 682
274 294 193 217 682 728
274 294 217 241 0 46
274 294 217 241 46 91
274 294 217 241 91 137
274 294 217 241 137 182
274 294 217 241 182 228
274 294 217 241 228 273
274 294 217 241 273 319
274 294 217 241 319 364
274 294 217 241 364 409
274 294 217 241 409 455
274 294 217 241 455 500
274 294 217 241 500 546
274 294 217 241 546 591
274 294 217 241 591 637
274 294 217 241 637 682
274 294 217 241 682 728
274 294 241 265 0 46
274 294 241 265 46 91
274 294 241 265 91 137
274 294 241 265 137 182
274 294 241 265 182 228
274 294 241 265 228 273
274 294 241 265 273 319
274 294 241 265 319 364
274 294 241 265 364 409
274 294 241 265 409 455
274 294 241 265 455 500
274 294 241 265 500 546
274 294 241 265 546 591
274 294 241 265 591 637
274 294 241 265 637 682
274 294 241 265 682 728
274 294 265 289 0 46
274 294 265 289 46 91
274 294 265 289 91 137
274 294 265 289 137 182
274 294 265 289 182 228
274 294 265 289 228 273
274 294 265 289 273 319
274 294 265 289 319 364
274 294 265 289 364 409
274 294 265 289 409 455
274 294 265 289 455 500
274 294 265 289 500 546
274 294 265 289 546 591
274 294 265 289 591 637
274 294 265 289 637 682
274 294 265 289 682 728
274 294 289 313 0 46
274 294 289 313 46 91
274 294 289 313 91 137
274 294 289 313 137 182
274 294 289 313 182 228
274 294 289 313 228 273
274 294 289 313 273 319
274 294 289 313 319 364
274 294 289 313 364 409
274 294 289 313 409 455
274 294 289 313 455 500
274 294 289 313 500 546
274 294 289 313 546 591
274 294 289 313 591 637
274 294 289 313 637 682
274 294 289 313 682 728
274 294 313 337 0 46
274 294 313 337 46 91
274 294 313 337 91 137
274 294 313 337 137 182
274 294 313 337 182 228
274 294 313 337 228 273
274 294 313 337 273 319
274 294 313 337 319 364
274 294 313 337 364 409
274 294 313 337 409 455
274 294 313 337 455 500
274 294 313 337 500 546
274 294 313 337 546 591
274 294 313 337 591 637
274 294 313 337 637 682
274 294 313 337 682 728
274 294 337 361 0 46
274 294 337 361 46 91
274 294 337 361 91 137
274 294 337 361 137 182
274 294 337 361 182 228
274 294 337 361 228 273
274 294 337 361 273 319
274 294 337 361 319 364
274 294 337 361 364 409
274 294 337 361 409 455
274 294 337 361 455 500
274 294 337 361 500 546
274 294 337 361 546 591
274 294 337 361 591 637
274 294 337 361 637 682
274 294 337 361 682 728
274 294 361 386 0 46
274 294 361 386 46 91
274 294 361 386 91 137
274 294 361 386 137 182
274 294 361 386 182 228
274 294 361 386 228 273
274 294 361 386 273 319
274 294 361 386 319 364
274 294 361 386 364 409
274 294 361 386 409 455
274 294 361 386 455 500
274 294 361 386 500 546
274 294 361 386 546 591
274 294 361 386 591 637
274 294 361 386 637 682
274 294 361 386 682 728
voxsize: 294x386x728 size:315.156372MB
voxBW: 50 14
Decomp size:4096
Initialization time: 0.033189
compute: 0.358153 seconds
evaluations: 3159635318
time: 0.453852 seconds
