hostname : cph-gpu2.uncc.edu
bounding: [1053872.965;1068485.726]x[860186.8419;879395.9741]x[3;730]
read 11056 observations
res: 50 50 1 bw: 100 100 1
0 256 0 256 32 64
0 256 0 256 64 96
0 294 0 386 0 32
0 256 0 256 96 128
0 256 0 256 128 160
0 256 256 386 32 64
0 256 0 256 160 192
0 256 0 256 224 256
0 294 0 256 192 224
0 256 256 386 64 96
0 256 256 386 96 128
0 256 0 386 512 576
0 256 0 386 320 352
0 256 0 386 640 728
0 256 0 256 256 288
0 256 0 386 576 640
0 256 0 256 352 416
0 256 0 256 416 512
0 256 256 386 128 160
0 256 256 386 256 320
0 256 256 386 352 512
0 256 0 256 288 320
0 256 256 386 160 192
256 294 0 386 256 728
0 256 256 386 224 256
0 294 256 386 192 224
256 294 0 386 64 96
256 294 0 386 32 64
256 294 0 386 96 128
256 294 0 386 128 160
256 294 0 386 224 256
256 294 0 386 160 192
voxsize: 294x386x728 size:315.156372MB
voxBW: 2 1
Decomp size:32
Initialization time: 0.035929
compute: 0.002054 seconds
evaluations: 828825
time: 0.043915 seconds
