hostname : cph-gpu4.uncc.edu
bounding: [1053872.965;1068485.726]x[860186.8419;879395.9741]x[3;730]
read 11056 observations
res: 50 50 1 bw: 2500 2500 14
256 294 0 386 128 728
64 128 256 386 0 728
192 256 256 320 128 728
64 128 192 256 0 128
128 192 256 320 128 728
192 256 128 256 0 64
192 256 256 320 0 128
192 256 128 256 64 128
128 192 192 256 192 512
64 128 128 256 192 512
64 192 0 128 128 512
192 256 0 256 192 320
64 128 0 128 0 128
192 256 0 256 320 728
128 192 256 320 0 128
128 256 320 386 0 128
64 192 0 256 512 728
64 192 192 256 128 192
128 256 0 128 0 128
256 294 0 386 0 128
128 256 320 386 128 728
128 192 192 256 64 128
128 192 192 256 0 64
128 192 128 192 192 512
0 64 0 192 0 728
128 192 128 192 0 64
192 256 0 256 128 192
64 192 128 192 128 192
128 192 128 192 64 128
64 128 128 192 64 128
64 128 128 192 0 64
0 64 192 386 0 728
voxsize: 294x386x728 size:315.156372MB
voxBW: 50 14
Decomp size:32
Initialization time: 0.033461
compute: 0.471971 seconds
evaluations: 3159635318
time: 0.506976 seconds
