hostname : cph-gpu2.uncc.edu
bounding: [1053872.965;1068485.726]x[860186.8419;879395.9741]x[3;730]
read 11056 observations
res: 50 50 1 bw: 100 100 1
96 160 224 288 0 728
192 294 288 386 0 512
96 224 160 192 0 256
0 224 0 128 0 256
96 224 192 224 0 256
192 294 224 288 0 256
0 224 128 160 0 256
160 192 224 386 0 512
224 294 0 224 0 728
96 224 160 224 256 728
0 96 160 224 0 728
0 224 0 160 256 728
160 294 224 386 512 728
0 96 224 386 0 256
192 294 224 288 256 512
96 160 288 386 0 728
0 96 224 386 256 728
voxsize: 294x386x728 size:315.156372MB
voxBW: 2 1
Decomp size:17
Initialization time: 0.036998
compute: 0.001701 seconds
evaluations: 828825
time: 0.039650 seconds
