hostname : cph-gpu4.uncc.edu
bounding: [-130;-65]x[20;50]x[5875;5958]
read 588189 observations
res: 0.01 0.01 1 bw: 0.5 0.5 3
3072 3328 0 1792 0 84
1024 1280 0 1536 0 84
4608 5120 1792 2304 0 84
1280 2048 0 3001 0 84
4608 5120 0 1024 0 84
3328 3840 0 1536 0 84
4096 4608 2048 3001 0 84
5120 5376 1792 3001 0 84
5632 6400 0 3001 0 84
4096 4608 0 1536 0 84
4608 5120 1280 1792 0 84
5376 5632 2048 3001 0 84
4096 4608 1536 2048 0 84
0 1024 0 2304 0 84
5376 5632 0 2048 0 84
3328 3840 1536 3001 0 84
3840 4096 0 3001 0 84
2048 3072 0 3001 0 84
0 1024 2304 3001 0 84
5120 5376 0 1792 0 84
4608 5120 1024 1280 0 84
1024 1280 1536 3001 0 84
3072 3328 1792 3001 0 84
4608 5120 2304 3001 0 84
6400 6501 0 3001 0 84
voxsize: 6501x3001x84 size:6251.51857MB
voxBW: 50 3
Decomp size:25
Initialization time: 0.614303
compute: 11.053856 seconds
evaluations: 41392685368
time: 11.669239 seconds
