hostname : cph-c53.uncc.edu
bounding: [-130;-65]x[20;50]x[5875;5958]
read 588189 observations
res: 0.1 0.1 1 bw: 1 1 3
384 651 192 301 0 32
96 128 0 301 0 84
288 480 192 224 32 84
0 96 0 301 0 84
128 288 0 224 32 84
288 480 128 160 32 84
128 651 224 301 32 84
480 651 0 160 32 84
544 651 160 224 32 64
480 544 160 224 32 64
128 384 0 301 0 32
384 651 0 192 0 32
288 352 0 128 32 84
352 480 0 128 32 84
480 651 160 224 64 84
288 480 160 192 32 84
voxsize: 651x301x84 size:62.7894745MB
voxBW: 10 3
Decomp size:16
Initialization time: 0.012878
compute: 0.477406 seconds
evaluations: 1789439001
time: 0.491291 seconds
