hostname : cph-c54.uncc.edu
bounding: [-130;-65]x[20;50]x[5875;5958]
read 588189 observations
res: 0.1 0.1 1 bw: 5 5 14
0 325 0 150 0 6
0 325 0 150 6 11
0 325 0 150 11 16
0 325 0 150 16 21
0 325 0 150 21 26
0 325 0 150 26 32
0 325 0 150 32 37
0 325 0 150 37 42
0 325 0 150 42 47
0 325 0 150 47 52
0 325 0 150 52 58
0 325 0 150 58 63
0 325 0 150 63 68
0 325 0 150 68 73
0 325 0 150 73 78
0 325 0 150 78 84
0 325 150 301 0 6
0 325 150 301 6 11
0 325 150 301 11 16
0 325 150 301 16 21
0 325 150 301 21 26
0 325 150 301 26 32
0 325 150 301 32 37
0 325 150 301 37 42
0 325 150 301 42 47
0 325 150 301 47 52
0 325 150 301 52 58
0 325 150 301 58 63
0 325 150 301 63 68
0 325 150 301 68 73
0 325 150 301 73 78
0 325 150 301 78 84
325 651 0 150 0 6
325 651 0 150 6 11
325 651 0 150 11 16
325 651 0 150 16 21
325 651 0 150 21 26
325 651 0 150 26 32
325 651 0 150 32 37
325 651 0 150 37 42
325 651 0 150 42 47
325 651 0 150 47 52
325 651 0 150 52 58
325 651 0 150 58 63
325 651 0 150 63 68
325 651 0 150 68 73
325 651 0 150 73 78
325 651 0 150 78 84
325 651 150 301 0 6
325 651 150 301 6 11
325 651 150 301 11 16
325 651 150 301 16 21
325 651 150 301 21 26
325 651 150 301 26 32
325 651 150 301 32 37
325 651 150 301 37 42
325 651 150 301 42 47
325 651 150 301 47 52
325 651 150 301 52 58
325 651 150 301 58 63
325 651 150 301 63 68
325 651 150 301 68 73
325 651 150 301 73 78
325 651 150 301 78 84
voxsize: 651x301x84 size:62.7894745MB
voxBW: 50 14
Decomp size:64
Initialization time: 0.010736
compute: 60.372078 seconds
evaluations: 163279561815
time: 60.384423 seconds
