hostname : cph-c54.uncc.edu
bounding: [-130;-65]x[20;50]x[5875;5958]
read 588189 observations
res: 0.1 0.1 1 bw: 5 5 14
0 325 0 150 0 21
0 325 0 150 21 42
0 325 0 150 42 63
0 325 0 150 63 84
0 325 150 301 0 21
0 325 150 301 21 42
0 325 150 301 42 63
0 325 150 301 63 84
325 651 0 150 0 21
325 651 0 150 21 42
325 651 0 150 42 63
325 651 0 150 63 84
325 651 150 301 0 21
325 651 150 301 21 42
325 651 150 301 42 63
325 651 150 301 63 84
voxsize: 651x301x84 size:62.7894745MB
voxBW: 50 14
Decomp size:16
Initialization time: 0.009721
compute: 87.558632 seconds
evaluations: 163279561815
time: 87.569536 seconds
