hostname : cph-gpu4.uncc.edu
bounding: [-130;-65]x[20;50]x[5875;5958]
read 588189 observations
res: 0.01 0.01 1 bw: 0.5 0.5 3
0 1024 0 3001 0 84
2048 3840 1024 1536 0 84
5376 6501 2048 3001 0 64
4608 5376 0 1280 0 84
1024 1280 0 3001 0 84
2048 3840 1536 3001 0 84
4608 5376 1280 1792 0 84
3840 4608 0 1536 0 84
4608 5376 1792 2048 0 84
3840 4608 2048 3001 0 84
1280 2048 0 3001 0 84
3840 4608 1536 2048 0 84
2048 3840 0 1024 0 84
4608 5376 2048 3001 0 84
5376 6501 0 2048 0 84
5376 6501 2048 3001 64 84
voxsize: 6501x3001x84 size:6251.51857MB
voxBW: 50 3
Decomp size:16
Initialization time: 0.751475
compute: 12.503776 seconds
evaluations: 41392685368
time: 13.269807 seconds
