hostname : cph-c53.uncc.edu
bounding: [-130;-65]x[20;50]x[5875;5958]
read 588189 observations
res: 0.1 0.1 1 bw: 1 1 3
0 41 0 19 0 11
0 41 0 19 11 21
0 41 0 19 21 32
0 41 0 19 32 42
0 41 0 19 42 52
0 41 0 19 52 63
0 41 0 19 63 73
0 41 0 19 73 84
0 41 19 38 0 11
0 41 19 38 11 21
0 41 19 38 21 32
0 41 19 38 32 42
0 41 19 38 42 52
0 41 19 38 52 63
0 41 19 38 63 73
0 41 19 38 73 84
0 41 38 57 0 11
0 41 38 57 11 21
0 41 38 57 21 32
0 41 38 57 32 42
0 41 38 57 42 52
0 41 38 57 52 63
0 41 38 57 63 73
0 41 38 57 73 84
0 41 57 75 0 11
0 41 57 75 11 21
0 41 57 75 21 32
0 41 57 75 32 42
0 41 57 75 42 52
0 41 57 75 52 63
0 41 57 75 63 73
0 41 57 75 73 84
0 41 75 94 0 11
0 41 75 94 11 21
0 41 75 94 21 32
0 41 75 94 32 42
0 41 75 94 42 52
0 41 75 94 52 63
0 41 75 94 63 73
0 41 75 94 73 84
0 41 94 113 0 11
0 41 94 113 11 21
0 41 94 113 21 32
0 41 94 113 32 42
0 41 94 113 42 52
0 41 94 113 52 63
0 41 94 113 63 73
0 41 94 113 73 84
0 41 113 132 0 11
0 41 113 132 11 21
0 41 113 132 21 32
0 41 113 132 32 42
0 41 113 132 42 52
0 41 113 132 52 63
0 41 113 132 63 73
0 41 113 132 73 84
0 41 132 150 0 11
0 41 132 150 11 21
0 41 132 150 21 32
0 41 132 150 32 42
0 41 132 150 42 52
0 41 132 150 52 63
0 41 132 150 63 73
0 41 132 150 73 84
0 41 150 169 0 11
0 41 150 169 11 21
0 41 150 169 21 32
0 41 150 169 32 42
0 41 150 169 42 52
0 41 150 169 52 63
0 41 150 169 63 73
0 41 150 169 73 84
0 41 169 188 0 11
0 41 169 188 11 21
0 41 169 188 21 32
0 41 169 188 32 42
0 41 169 188 42 52
0 41 169 188 52 63
0 41 169 188 63 73
0 41 169 188 73 84
0 41 188 207 0 11
0 41 188 207 11 21
0 41 188 207 21 32
0 41 188 207 32 42
0 41 188 207 42 52
0 41 188 207 52 63
0 41 188 207 63 73
0 41 188 207 73 84
0 41 207 225 0 11
0 41 207 225 11 21
0 41 207 225 21 32
0 41 207 225 32 42
0 41 207 225 42 52
0 41 207 225 52 63
0 41 207 225 63 73
0 41 207 225 73 84
0 41 225 244 0 11
0 41 225 244 11 21
0 41 225 244 21 32
0 41 225 244 32 42
0 41 225 244 42 52
0 41 225 244 52 63
0 41 225 244 63 73
0 41 225 244 73 84
0 41 244 263 0 11
0 41 244 263 11 21
0 41 244 263 21 32
0 41 244 263 32 42
0 41 244 263 42 52
0 41 244 263 52 63
0 41 244 263 63 73
0 41 244 263 73 84
0 41 263 282 0 11
0 41 263 282 11 21
0 41 263 282 21 32
0 41 263 282 32 42
0 41 263 282 42 52
0 41 263 282 52 63
0 41 263 282 63 73
0 41 263 282 73 84
0 41 282 301 0 11
0 41 282 301 11 21
0 41 282 301 21 32
0 41 282 301 32 42
0 41 282 301 42 52
0 41 282 301 52 63
0 41 282 301 63 73
0 41 282 301 73 84
41 82 0 19 0 11
41 82 0 19 11 21
41 82 0 19 21 32
41 82 0 19 32 42
41 82 0 19 42 52
41 82 0 19 52 63
41 82 0 19 63 73
41 82 0 19 73 84
41 82 19 38 0 11
41 82 19 38 11 21
41 82 19 38 21 32
41 82 19 38 32 42
41 82 19 38 42 52
41 82 19 38 52 63
41 82 19 38 63 73
41 82 19 38 73 84
41 82 38 57 0 11
41 82 38 57 11 21
41 82 38 57 21 32
41 82 38 57 32 42
41 82 38 57 42 52
41 82 38 57 52 63
41 82 38 57 63 73
41 82 38 57 73 84
41 82 57 75 0 11
41 82 57 75 11 21
41 82 57 75 21 32
41 82 57 75 32 42
41 82 57 75 42 52
41 82 57 75 52 63
41 82 57 75 63 73
41 82 57 75 73 84
41 82 75 94 0 11
41 82 75 94 11 21
41 82 75 94 21 32
41 82 75 94 32 42
41 82 75 94 42 52
41 82 75 94 52 63
41 82 75 94 63 73
41 82 75 94 73 84
41 82 94 113 0 11
41 82 94 113 11 21
41 82 94 113 21 32
41 82 94 113 32 42
41 82 94 113 42 52
41 82 94 113 52 63
41 82 94 113 63 73
41 82 94 113 73 84
41 82 113 132 0 11
41 82 113 132 11 21
41 82 113 132 21 32
41 82 113 132 32 42
41 82 113 132 42 52
41 82 113 132 52 63
41 82 113 132 63 73
41 82 113 132 73 84
41 82 132 150 0 11
41 82 132 150 11 21
41 82 132 150 21 32
41 82 132 150 32 42
41 82 132 150 42 52
41 82 132 150 52 63
41 82 132 150 63 73
41 82 132 150 73 84
41 82 150 169 0 11
41 82 150 169 11 21
41 82 150 169 21 32
41 82 150 169 32 42
41 82 150 169 42 52
41 82 150 169 52 63
41 82 150 169 63 73
41 82 150 169 73 84
41 82 169 188 0 11
41 82 169 188 11 21
41 82 169 188 21 32
41 82 169 188 32 42
41 82 169 188 42 52
41 82 169 188 52 63
41 82 169 188 63 73
41 82 169 188 73 84
41 82 188 207 0 11
41 82 188 207 11 21
41 82 188 207 21 32
41 82 188 207 32 42
41 82 188 207 42 52
41 82 188 207 52 63
41 82 188 207 63 73
41 82 188 207 73 84
41 82 207 225 0 11
41 82 207 225 11 21
41 82 207 225 21 32
41 82 207 225 32 42
41 82 207 225 42 52
41 82 207 225 52 63
41 82 207 225 63 73
41 82 207 225 73 84
41 82 225 244 0 11
41 82 225 244 11 21
41 82 225 244 21 32
41 82 225 244 32 42
41 82 225 244 42 52
41 82 225 244 52 63
41 82 225 244 63 73
41 82 225 244 73 84
41 82 244 263 0 11
41 82 244 263 11 21
41 82 244 263 21 32
41 82 244 263 32 42
41 82 244 263 42 52
41 82 244 263 52 63
41 82 244 263 63 73
41 82 244 263 73 84
41 82 263 282 0 11
41 82 263 282 11 21
41 82 263 282 21 32
41 82 263 282 32 42
41 82 263 282 42 52
41 82 263 282 52 63
41 82 263 282 63 73
41 82 263 282 73 84
41 82 282 301 0 11
41 82 282 301 11 21
41 82 282 301 21 32
41 82 282 301 32 42
41 82 282 301 42 52
41 82 282 301 52 63
41 82 282 301 63 73
41 82 282 301 73 84
82 122 0 19 0 11
82 122 0 19 11 21
82 122 0 19 21 32
82 122 0 19 32 42
82 122 0 19 42 52
82 122 0 19 52 63
82 122 0 19 63 73
82 122 0 19 73 84
82 122 19 38 0 11
82 122 19 38 11 21
82 122 19 38 21 32
82 122 19 38 32 42
82 122 19 38 42 52
82 122 19 38 52 63
82 122 19 38 63 73
82 122 19 38 73 84
82 122 38 57 0 11
82 122 38 57 11 21
82 122 38 57 21 32
82 122 38 57 32 42
82 122 38 57 42 52
82 122 38 57 52 63
82 122 38 57 63 73
82 122 38 57 73 84
82 122 57 75 0 11
82 122 57 75 11 21
82 122 57 75 21 32
82 122 57 75 32 42
82 122 57 75 42 52
82 122 57 75 52 63
82 122 57 75 63 73
82 122 57 75 73 84
82 122 75 94 0 11
82 122 75 94 11 21
82 122 75 94 21 32
82 122 75 94 32 42
82 122 75 94 42 52
82 122 75 94 52 63
82 122 75 94 63 73
82 122 75 94 73 84
82 122 94 113 0 11
82 122 94 113 11 21
82 122 94 113 21 32
82 122 94 113 32 42
82 122 94 113 42 52
82 122 94 113 52 63
82 122 94 113 63 73
82 122 94 113 73 84
82 122 113 132 0 11
82 122 113 132 11 21
82 122 113 132 21 32
82 122 113 132 32 42
82 122 113 132 42 52
82 122 113 132 52 63
82 122 113 132 63 73
82 122 113 132 73 84
82 122 132 150 0 11
82 122 132 150 11 21
82 122 132 150 21 32
82 122 132 150 32 42
82 122 132 150 42 52
82 122 132 150 52 63
82 122 132 150 63 73
82 122 132 150 73 84
82 122 150 169 0 11
82 122 150 169 11 21
82 122 150 169 21 32
82 122 150 169 32 42
82 122 150 169 42 52
82 122 150 169 52 63
82 122 150 169 63 73
82 122 150 169 73 84
82 122 169 188 0 11
82 122 169 188 11 21
82 122 169 188 21 32
82 122 169 188 32 42
82 122 169 188 42 52
82 122 169 188 52 63
82 122 169 188 63 73
82 122 169 188 73 84
82 122 188 207 0 11
82 122 188 207 11 21
82 122 188 207 21 32
82 122 188 207 32 42
82 122 188 207 42 52
82 122 188 207 52 63
82 122 188 207 63 73
82 122 188 207 73 84
82 122 207 225 0 11
82 122 207 225 11 21
82 122 207 225 21 32
82 122 207 225 32 42
82 122 207 225 42 52
82 122 207 225 52 63
82 122 207 225 63 73
82 122 207 225 73 84
82 122 225 244 0 11
82 122 225 244 11 21
82 122 225 244 21 32
82 122 225 244 32 42
82 122 225 244 42 52
82 122 225 244 52 63
82 122 225 244 63 73
82 122 225 244 73 84
82 122 244 263 0 11
82 122 244 263 11 21
82 122 244 263 21 32
82 122 244 263 32 42
82 122 244 263 42 52
82 122 244 263 52 63
82 122 244 263 63 73
82 122 244 263 73 84
82 122 263 282 0 11
82 122 263 282 11 21
82 122 263 282 21 32
82 122 263 282 32 42
82 122 263 282 42 52
82 122 263 282 52 63
82 122 263 282 63 73
82 122 263 282 73 84
82 122 282 301 0 11
82 122 282 301 11 21
82 122 282 301 21 32
82 122 282 301 32 42
82 122 282 301 42 52
82 122 282 301 52 63
82 122 282 301 63 73
82 122 282 301 73 84
122 163 0 19 0 11
122 163 0 19 11 21
122 163 0 19 21 32
122 163 0 19 32 42
122 163 0 19 42 52
122 163 0 19 52 63
122 163 0 19 63 73
122 163 0 19 73 84
122 163 19 38 0 11
122 163 19 38 11 21
122 163 19 38 21 32
122 163 19 38 32 42
122 163 19 38 42 52
122 163 19 38 52 63
122 163 19 38 63 73
122 163 19 38 73 84
122 163 38 57 0 11
122 163 38 57 11 21
122 163 38 57 21 32
122 163 38 57 32 42
122 163 38 57 42 52
122 163 38 57 52 63
122 163 38 57 63 73
122 163 38 57 73 84
122 163 57 75 0 11
122 163 57 75 11 21
122 163 57 75 21 32
122 163 57 75 32 42
122 163 57 75 42 52
122 163 57 75 52 63
122 163 57 75 63 73
122 163 57 75 73 84
122 163 75 94 0 11
122 163 75 94 11 21
122 163 75 94 21 32
122 163 75 94 32 42
122 163 75 94 42 52
122 163 75 94 52 63
122 163 75 94 63 73
122 163 75 94 73 84
122 163 94 113 0 11
122 163 94 113 11 21
122 163 94 113 21 32
122 163 94 113 32 42
122 163 94 113 42 52
122 163 94 113 52 63
122 163 94 113 63 73
122 163 94 113 73 84
122 163 113 132 0 11
122 163 113 132 11 21
122 163 113 132 21 32
122 163 113 132 32 42
122 163 113 132 42 52
122 163 113 132 52 63
122 163 113 132 63 73
122 163 113 132 73 84
122 163 132 150 0 11
122 163 132 150 11 21
122 163 132 150 21 32
122 163 132 150 32 42
122 163 132 150 42 52
122 163 132 150 52 63
122 163 132 150 63 73
122 163 132 150 73 84
122 163 150 169 0 11
122 163 150 169 11 21
122 163 150 169 21 32
122 163 150 169 32 42
122 163 150 169 42 52
122 163 150 169 52 63
122 163 150 169 63 73
122 163 150 169 73 84
122 163 169 188 0 11
122 163 169 188 11 21
122 163 169 188 21 32
122 163 169 188 32 42
122 163 169 188 42 52
122 163 169 188 52 63
122 163 169 188 63 73
122 163 169 188 73 84
122 163 188 207 0 11
122 163 188 207 11 21
122 163 188 207 21 32
122 163 188 207 32 42
122 163 188 207 42 52
122 163 188 207 52 63
122 163 188 207 63 73
122 163 188 207 73 84
122 163 207 225 0 11
122 163 207 225 11 21
122 163 207 225 21 32
122 163 207 225 32 42
122 163 207 225 42 52
122 163 207 225 52 63
122 163 207 225 63 73
122 163 207 225 73 84
122 163 225 244 0 11
122 163 225 244 11 21
122 163 225 244 21 32
122 163 225 244 32 42
122 163 225 244 42 52
122 163 225 244 52 63
122 163 225 244 63 73
122 163 225 244 73 84
122 163 244 263 0 11
122 163 244 263 11 21
122 163 244 263 21 32
122 163 244 263 32 42
122 163 244 263 42 52
122 163 244 263 52 63
122 163 244 263 63 73
122 163 244 263 73 84
122 163 263 282 0 11
122 163 263 282 11 21
122 163 263 282 21 32
122 163 263 282 32 42
122 163 263 282 42 52
122 163 263 282 52 63
122 163 263 282 63 73
122 163 263 282 73 84
122 163 282 301 0 11
122 163 282 301 11 21
122 163 282 301 21 32
122 163 282 301 32 42
122 163 282 301 42 52
122 163 282 301 52 63
122 163 282 301 63 73
122 163 282 301 73 84
163 204 0 19 0 11
163 204 0 19 11 21
163 204 0 19 21 32
163 204 0 19 32 42
163 204 0 19 42 52
163 204 0 19 52 63
163 204 0 19 63 73
163 204 0 19 73 84
163 204 19 38 0 11
163 204 19 38 11 21
163 204 19 38 21 32
163 204 19 38 32 42
163 204 19 38 42 52
163 204 19 38 52 63
163 204 19 38 63 73
163 204 19 38 73 84
163 204 38 57 0 11
163 204 38 57 11 21
163 204 38 57 21 32
163 204 38 57 32 42
163 204 38 57 42 52
163 204 38 57 52 63
163 204 38 57 63 73
163 204 38 57 73 84
163 204 57 75 0 11
163 204 57 75 11 21
163 204 57 75 21 32
163 204 57 75 32 42
163 204 57 75 42 52
163 204 57 75 52 63
163 204 57 75 63 73
163 204 57 75 73 84
163 204 75 94 0 11
163 204 75 94 11 21
163 204 75 94 21 32
163 204 75 94 32 42
163 204 75 94 42 52
163 204 75 94 52 63
163 204 75 94 63 73
163 204 75 94 73 84
163 204 94 113 0 11
163 204 94 113 11 21
163 204 94 113 21 32
163 204 94 113 32 42
163 204 94 113 42 52
163 204 94 113 52 63
163 204 94 113 63 73
163 204 94 113 73 84
163 204 113 132 0 11
163 204 113 132 11 21
163 204 113 132 21 32
163 204 113 132 32 42
163 204 113 132 42 52
163 204 113 132 52 63
163 204 113 132 63 73
163 204 113 132 73 84
163 204 132 150 0 11
163 204 132 150 11 21
163 204 132 150 21 32
163 204 132 150 32 42
163 204 132 150 42 52
163 204 132 150 52 63
163 204 132 150 63 73
163 204 132 150 73 84
163 204 150 169 0 11
163 204 150 169 11 21
163 204 150 169 21 32
163 204 150 169 32 42
163 204 150 169 42 52
163 204 150 169 52 63
163 204 150 169 63 73
163 204 150 169 73 84
163 204 169 188 0 11
163 204 169 188 11 21
163 204 169 188 21 32
163 204 169 188 32 42
163 204 169 188 42 52
163 204 169 188 52 63
163 204 169 188 63 73
163 204 169 188 73 84
163 204 188 207 0 11
163 204 188 207 11 21
163 204 188 207 21 32
163 204 188 207 32 42
163 204 188 207 42 52
163 204 188 207 52 63
163 204 188 207 63 73
163 204 188 207 73 84
163 204 207 225 0 11
163 204 207 225 11 21
163 204 207 225 21 32
163 204 207 225 32 42
163 204 207 225 42 52
163 204 207 225 52 63
163 204 207 225 63 73
163 204 207 225 73 84
163 204 225 244 0 11
163 204 225 244 11 21
163 204 225 244 21 32
163 204 225 244 32 42
163 204 225 244 42 52
163 204 225 244 52 63
163 204 225 244 63 73
163 204 225 244 73 84
163 204 244 263 0 11
163 204 244 263 11 21
163 204 244 263 21 32
163 204 244 263 32 42
163 204 244 263 42 52
163 204 244 263 52 63
163 204 244 263 63 73
163 204 244 263 73 84
163 204 263 282 0 11
163 204 263 282 11 21
163 204 263 282 21 32
163 204 263 282 32 42
163 204 263 282 42 52
163 204 263 282 52 63
163 204 263 282 63 73
163 204 263 282 73 84
163 204 282 301 0 11
163 204 282 301 11 21
163 204 282 301 21 32
163 204 282 301 32 42
163 204 282 301 42 52
163 204 282 301 52 63
163 204 282 301 63 73
163 204 282 301 73 84
204 244 0 19 0 11
204 244 0 19 11 21
204 244 0 19 21 32
204 244 0 19 32 42
204 244 0 19 42 52
204 244 0 19 52 63
204 244 0 19 63 73
204 244 0 19 73 84
204 244 19 38 0 11
204 244 19 38 11 21
204 244 19 38 21 32
204 244 19 38 32 42
204 244 19 38 42 52
204 244 19 38 52 63
204 244 19 38 63 73
204 244 19 38 73 84
204 244 38 57 0 11
204 244 38 57 11 21
204 244 38 57 21 32
204 244 38 57 32 42
204 244 38 57 42 52
204 244 38 57 52 63
204 244 38 57 63 73
204 244 38 57 73 84
204 244 57 75 0 11
204 244 57 75 11 21
204 244 57 75 21 32
204 244 57 75 32 42
204 244 57 75 42 52
204 244 57 75 52 63
204 244 57 75 63 73
204 244 57 75 73 84
204 244 75 94 0 11
204 244 75 94 11 21
204 244 75 94 21 32
204 244 75 94 32 42
204 244 75 94 42 52
204 244 75 94 52 63
204 244 75 94 63 73
204 244 75 94 73 84
204 244 94 113 0 11
204 244 94 113 11 21
204 244 94 113 21 32
204 244 94 113 32 42
204 244 94 113 42 52
204 244 94 113 52 63
204 244 94 113 63 73
204 244 94 113 73 84
204 244 113 132 0 11
204 244 113 132 11 21
204 244 113 132 21 32
204 244 113 132 32 42
204 244 113 132 42 52
204 244 113 132 52 63
204 244 113 132 63 73
204 244 113 132 73 84
204 244 132 150 0 11
204 244 132 150 11 21
204 244 132 150 21 32
204 244 132 150 32 42
204 244 132 150 42 52
204 244 132 150 52 63
204 244 132 150 63 73
204 244 132 150 73 84
204 244 150 169 0 11
204 244 150 169 11 21
204 244 150 169 21 32
204 244 150 169 32 42
204 244 150 169 42 52
204 244 150 169 52 63
204 244 150 169 63 73
204 244 150 169 73 84
204 244 169 188 0 11
204 244 169 188 11 21
204 244 169 188 21 32
204 244 169 188 32 42
204 244 169 188 42 52
204 244 169 188 52 63
204 244 169 188 63 73
204 244 169 188 73 84
204 244 188 207 0 11
204 244 188 207 11 21
204 244 188 207 21 32
204 244 188 207 32 42
204 244 188 207 42 52
204 244 188 207 52 63
204 244 188 207 63 73
204 244 188 207 73 84
204 244 207 225 0 11
204 244 207 225 11 21
204 244 207 225 21 32
204 244 207 225 32 42
204 244 207 225 42 52
204 244 207 225 52 63
204 244 207 225 63 73
204 244 207 225 73 84
204 244 225 244 0 11
204 244 225 244 11 21
204 244 225 244 21 32
204 244 225 244 32 42
204 244 225 244 42 52
204 244 225 244 52 63
204 244 225 244 63 73
204 244 225 244 73 84
204 244 244 263 0 11
204 244 244 263 11 21
204 244 244 263 21 32
204 244 244 263 32 42
204 244 244 263 42 52
204 244 244 263 52 63
204 244 244 263 63 73
204 244 244 263 73 84
204 244 263 282 0 11
204 244 263 282 11 21
204 244 263 282 21 32
204 244 263 282 32 42
204 244 263 282 42 52
204 244 263 282 52 63
204 244 263 282 63 73
204 244 263 282 73 84
204 244 282 301 0 11
204 244 282 301 11 21
204 244 282 301 21 32
204 244 282 301 32 42
204 244 282 301 42 52
204 244 282 301 52 63
204 244 282 301 63 73
204 244 282 301 73 84
244 285 0 19 0 11
244 285 0 19 11 21
244 285 0 19 21 32
244 285 0 19 32 42
244 285 0 19 42 52
244 285 0 19 52 63
244 285 0 19 63 73
244 285 0 19 73 84
244 285 19 38 0 11
244 285 19 38 11 21
244 285 19 38 21 32
244 285 19 38 32 42
244 285 19 38 42 52
244 285 19 38 52 63
244 285 19 38 63 73
244 285 19 38 73 84
244 285 38 57 0 11
244 285 38 57 11 21
244 285 38 57 21 32
244 285 38 57 32 42
244 285 38 57 42 52
244 285 38 57 52 63
244 285 38 57 63 73
244 285 38 57 73 84
244 285 57 75 0 11
244 285 57 75 11 21
244 285 57 75 21 32
244 285 57 75 32 42
244 285 57 75 42 52
244 285 57 75 52 63
244 285 57 75 63 73
244 285 57 75 73 84
244 285 75 94 0 11
244 285 75 94 11 21
244 285 75 94 21 32
244 285 75 94 32 42
244 285 75 94 42 52
244 285 75 94 52 63
244 285 75 94 63 73
244 285 75 94 73 84
244 285 94 113 0 11
244 285 94 113 11 21
244 285 94 113 21 32
244 285 94 113 32 42
244 285 94 113 42 52
244 285 94 113 52 63
244 285 94 113 63 73
244 285 94 113 73 84
244 285 113 132 0 11
244 285 113 132 11 21
244 285 113 132 21 32
244 285 113 132 32 42
244 285 113 132 42 52
244 285 113 132 52 63
244 285 113 132 63 73
244 285 113 132 73 84
244 285 132 150 0 11
244 285 132 150 11 21
244 285 132 150 21 32
244 285 132 150 32 42
244 285 132 150 42 52
244 285 132 150 52 63
244 285 132 150 63 73
244 285 132 150 73 84
244 285 150 169 0 11
244 285 150 169 11 21
244 285 150 169 21 32
244 285 150 169 32 42
244 285 150 169 42 52
244 285 150 169 52 63
244 285 150 169 63 73
244 285 150 169 73 84
244 285 169 188 0 11
244 285 169 188 11 21
244 285 169 188 21 32
244 285 169 188 32 42
244 285 169 188 42 52
244 285 169 188 52 63
244 285 169 188 63 73
244 285 169 188 73 84
244 285 188 207 0 11
244 285 188 207 11 21
244 285 188 207 21 32
244 285 188 207 32 42
244 285 188 207 42 52
244 285 188 207 52 63
244 285 188 207 63 73
244 285 188 207 73 84
244 285 207 225 0 11
244 285 207 225 11 21
244 285 207 225 21 32
244 285 207 225 32 42
244 285 207 225 42 52
244 285 207 225 52 63
244 285 207 225 63 73
244 285 207 225 73 84
244 285 225 244 0 11
244 285 225 244 11 21
244 285 225 244 21 32
244 285 225 244 32 42
244 285 225 244 42 52
244 285 225 244 52 63
244 285 225 244 63 73
244 285 225 244 73 84
244 285 244 263 0 11
244 285 244 263 11 21
244 285 244 263 21 32
244 285 244 263 32 42
244 285 244 263 42 52
244 285 244 263 52 63
244 285 244 263 63 73
244 285 244 263 73 84
244 285 263 282 0 11
244 285 263 282 11 21
244 285 263 282 21 32
244 285 263 282 32 42
244 285 263 282 42 52
244 285 263 282 52 63
244 285 263 282 63 73
244 285 263 282 73 84
244 285 282 301 0 11
244 285 282 301 11 21
244 285 282 301 21 32
244 285 282 301 32 42
244 285 282 301 42 52
244 285 282 301 52 63
244 285 282 301 63 73
244 285 282 301 73 84
285 325 0 19 0 11
285 325 0 19 11 21
285 325 0 19 21 32
285 325 0 19 32 42
285 325 0 19 42 52
285 325 0 19 52 63
285 325 0 19 63 73
285 325 0 19 73 84
285 325 19 38 0 11
285 325 19 38 11 21
285 325 19 38 21 32
285 325 19 38 32 42
285 325 19 38 42 52
285 325 19 38 52 63
285 325 19 38 63 73
285 325 19 38 73 84
285 325 38 57 0 11
285 325 38 57 11 21
285 325 38 57 21 32
285 325 38 57 32 42
285 325 38 57 42 52
285 325 38 57 52 63
285 325 38 57 63 73
285 325 38 57 73 84
285 325 57 75 0 11
285 325 57 75 11 21
285 325 57 75 21 32
285 325 57 75 32 42
285 325 57 75 42 52
285 325 57 75 52 63
285 325 57 75 63 73
285 325 57 75 73 84
285 325 75 94 0 11
285 325 75 94 11 21
285 325 75 94 21 32
285 325 75 94 32 42
285 325 75 94 42 52
285 325 75 94 52 63
285 325 75 94 63 73
285 325 75 94 73 84
285 325 94 113 0 11
285 325 94 113 11 21
285 325 94 113 21 32
285 325 94 113 32 42
285 325 94 113 42 52
285 325 94 113 52 63
285 325 94 113 63 73
285 325 94 113 73 84
285 325 113 132 0 11
285 325 113 132 11 21
285 325 113 132 21 32
285 325 113 132 32 42
285 325 113 132 42 52
285 325 113 132 52 63
285 325 113 132 63 73
285 325 113 132 73 84
285 325 132 150 0 11
285 325 132 150 11 21
285 325 132 150 21 32
285 325 132 150 32 42
285 325 132 150 42 52
285 325 132 150 52 63
285 325 132 150 63 73
285 325 132 150 73 84
285 325 150 169 0 11
285 325 150 169 11 21
285 325 150 169 21 32
285 325 150 169 32 42
285 325 150 169 42 52
285 325 150 169 52 63
285 325 150 169 63 73
285 325 150 169 73 84
285 325 169 188 0 11
285 325 169 188 11 21
285 325 169 188 21 32
285 325 169 188 32 42
285 325 169 188 42 52
285 325 169 188 52 63
285 325 169 188 63 73
285 325 169 188 73 84
285 325 188 207 0 11
285 325 188 207 11 21
285 325 188 207 21 32
285 325 188 207 32 42
285 325 188 207 42 52
285 325 188 207 52 63
285 325 188 207 63 73
285 325 188 207 73 84
285 325 207 225 0 11
285 325 207 225 11 21
285 325 207 225 21 32
285 325 207 225 32 42
285 325 207 225 42 52
285 325 207 225 52 63
285 325 207 225 63 73
285 325 207 225 73 84
285 325 225 244 0 11
285 325 225 244 11 21
285 325 225 244 21 32
285 325 225 244 32 42
285 325 225 244 42 52
285 325 225 244 52 63
285 325 225 244 63 73
285 325 225 244 73 84
285 325 244 263 0 11
285 325 244 263 11 21
285 325 244 263 21 32
285 325 244 263 32 42
285 325 244 263 42 52
285 325 244 263 52 63
285 325 244 263 63 73
285 325 244 263 73 84
285 325 263 282 0 11
285 325 263 282 11 21
285 325 263 282 21 32
285 325 263 282 32 42
285 325 263 282 42 52
285 325 263 282 52 63
285 325 263 282 63 73
285 325 263 282 73 84
285 325 282 301 0 11
285 325 282 301 11 21
285 325 282 301 21 32
285 325 282 301 32 42
285 325 282 301 42 52
285 325 282 301 52 63
285 325 282 301 63 73
285 325 282 301 73 84
325 366 0 19 0 11
325 366 0 19 11 21
325 366 0 19 21 32
325 366 0 19 32 42
325 366 0 19 42 52
325 366 0 19 52 63
325 366 0 19 63 73
325 366 0 19 73 84
325 366 19 38 0 11
325 366 19 38 11 21
325 366 19 38 21 32
325 366 19 38 32 42
325 366 19 38 42 52
325 366 19 38 52 63
325 366 19 38 63 73
325 366 19 38 73 84
325 366 38 57 0 11
325 366 38 57 11 21
325 366 38 57 21 32
325 366 38 57 32 42
325 366 38 57 42 52
325 366 38 57 52 63
325 366 38 57 63 73
325 366 38 57 73 84
325 366 57 75 0 11
325 366 57 75 11 21
325 366 57 75 21 32
325 366 57 75 32 42
325 366 57 75 42 52
325 366 57 75 52 63
325 366 57 75 63 73
325 366 57 75 73 84
325 366 75 94 0 11
325 366 75 94 11 21
325 366 75 94 21 32
325 366 75 94 32 42
325 366 75 94 42 52
325 366 75 94 52 63
325 366 75 94 63 73
325 366 75 94 73 84
325 366 94 113 0 11
325 366 94 113 11 21
325 366 94 113 21 32
325 366 94 113 32 42
325 366 94 113 42 52
325 366 94 113 52 63
325 366 94 113 63 73
325 366 94 113 73 84
325 366 113 132 0 11
325 366 113 132 11 21
325 366 113 132 21 32
325 366 113 132 32 42
325 366 113 132 42 52
325 366 113 132 52 63
325 366 113 132 63 73
325 366 113 132 73 84
325 366 132 150 0 11
325 366 132 150 11 21
325 366 132 150 21 32
325 366 132 150 32 42
325 366 132 150 42 52
325 366 132 150 52 63
325 366 132 150 63 73
325 366 132 150 73 84
325 366 150 169 0 11
325 366 150 169 11 21
325 366 150 169 21 32
325 366 150 169 32 42
325 366 150 169 42 52
325 366 150 169 52 63
325 366 150 169 63 73
325 366 150 169 73 84
325 366 169 188 0 11
325 366 169 188 11 21
325 366 169 188 21 32
325 366 169 188 32 42
325 366 169 188 42 52
325 366 169 188 52 63
325 366 169 188 63 73
325 366 169 188 73 84
325 366 188 207 0 11
325 366 188 207 11 21
325 366 188 207 21 32
325 366 188 207 32 42
325 366 188 207 42 52
325 366 188 207 52 63
325 366 188 207 63 73
325 366 188 207 73 84
325 366 207 225 0 11
325 366 207 225 11 21
325 366 207 225 21 32
325 366 207 225 32 42
325 366 207 225 42 52
325 366 207 225 52 63
325 366 207 225 63 73
325 366 207 225 73 84
325 366 225 244 0 11
325 366 225 244 11 21
325 366 225 244 21 32
325 366 225 244 32 42
325 366 225 244 42 52
325 366 225 244 52 63
325 366 225 244 63 73
325 366 225 244 73 84
325 366 244 263 0 11
325 366 244 263 11 21
325 366 244 263 21 32
325 366 244 263 32 42
325 366 244 263 42 52
325 366 244 263 52 63
325 366 244 263 63 73
325 366 244 263 73 84
325 366 263 282 0 11
325 366 263 282 11 21
325 366 263 282 21 32
325 366 263 282 32 42
325 366 263 282 42 52
325 366 263 282 52 63
325 366 263 282 63 73
325 366 263 282 73 84
325 366 282 301 0 11
325 366 282 301 11 21
325 366 282 301 21 32
325 366 282 301 32 42
325 366 282 301 42 52
325 366 282 301 52 63
325 366 282 301 63 73
325 366 282 301 73 84
366 407 0 19 0 11
366 407 0 19 11 21
366 407 0 19 21 32
366 407 0 19 32 42
366 407 0 19 42 52
366 407 0 19 52 63
366 407 0 19 63 73
366 407 0 19 73 84
366 407 19 38 0 11
366 407 19 38 11 21
366 407 19 38 21 32
366 407 19 38 32 42
366 407 19 38 42 52
366 407 19 38 52 63
366 407 19 38 63 73
366 407 19 38 73 84
366 407 38 57 0 11
366 407 38 57 11 21
366 407 38 57 21 32
366 407 38 57 32 42
366 407 38 57 42 52
366 407 38 57 52 63
366 407 38 57 63 73
366 407 38 57 73 84
366 407 57 75 0 11
366 407 57 75 11 21
366 407 57 75 21 32
366 407 57 75 32 42
366 407 57 75 42 52
366 407 57 75 52 63
366 407 57 75 63 73
366 407 57 75 73 84
366 407 75 94 0 11
366 407 75 94 11 21
366 407 75 94 21 32
366 407 75 94 32 42
366 407 75 94 42 52
366 407 75 94 52 63
366 407 75 94 63 73
366 407 75 94 73 84
366 407 94 113 0 11
366 407 94 113 11 21
366 407 94 113 21 32
366 407 94 113 32 42
366 407 94 113 42 52
366 407 94 113 52 63
366 407 94 113 63 73
366 407 94 113 73 84
366 407 113 132 0 11
366 407 113 132 11 21
366 407 113 132 21 32
366 407 113 132 32 42
366 407 113 132 42 52
366 407 113 132 52 63
366 407 113 132 63 73
366 407 113 132 73 84
366 407 132 150 0 11
366 407 132 150 11 21
366 407 132 150 21 32
366 407 132 150 32 42
366 407 132 150 42 52
366 407 132 150 52 63
366 407 132 150 63 73
366 407 132 150 73 84
366 407 150 169 0 11
366 407 150 169 11 21
366 407 150 169 21 32
366 407 150 169 32 42
366 407 150 169 42 52
366 407 150 169 52 63
366 407 150 169 63 73
366 407 150 169 73 84
366 407 169 188 0 11
366 407 169 188 11 21
366 407 169 188 21 32
366 407 169 188 32 42
366 407 169 188 42 52
366 407 169 188 52 63
366 407 169 188 63 73
366 407 169 188 73 84
366 407 188 207 0 11
366 407 188 207 11 21
366 407 188 207 21 32
366 407 188 207 32 42
366 407 188 207 42 52
366 407 188 207 52 63
366 407 188 207 63 73
366 407 188 207 73 84
366 407 207 225 0 11
366 407 207 225 11 21
366 407 207 225 21 32
366 407 207 225 32 42
366 407 207 225 42 52
366 407 207 225 52 63
366 407 207 225 63 73
366 407 207 225 73 84
366 407 225 244 0 11
366 407 225 244 11 21
366 407 225 244 21 32
366 407 225 244 32 42
366 407 225 244 42 52
366 407 225 244 52 63
366 407 225 244 63 73
366 407 225 244 73 84
366 407 244 263 0 11
366 407 244 263 11 21
366 407 244 263 21 32
366 407 244 263 32 42
366 407 244 263 42 52
366 407 244 263 52 63
366 407 244 263 63 73
366 407 244 263 73 84
366 407 263 282 0 11
366 407 263 282 11 21
366 407 263 282 21 32
366 407 263 282 32 42
366 407 263 282 42 52
366 407 263 282 52 63
366 407 263 282 63 73
366 407 263 282 73 84
366 407 282 301 0 11
366 407 282 301 11 21
366 407 282 301 21 32
366 407 282 301 32 42
366 407 282 301 42 52
366 407 282 301 52 63
366 407 282 301 63 73
366 407 282 301 73 84
407 447 0 19 0 11
407 447 0 19 11 21
407 447 0 19 21 32
407 447 0 19 32 42
407 447 0 19 42 52
407 447 0 19 52 63
407 447 0 19 63 73
407 447 0 19 73 84
407 447 19 38 0 11
407 447 19 38 11 21
407 447 19 38 21 32
407 447 19 38 32 42
407 447 19 38 42 52
407 447 19 38 52 63
407 447 19 38 63 73
407 447 19 38 73 84
407 447 38 57 0 11
407 447 38 57 11 21
407 447 38 57 21 32
407 447 38 57 32 42
407 447 38 57 42 52
407 447 38 57 52 63
407 447 38 57 63 73
407 447 38 57 73 84
407 447 57 75 0 11
407 447 57 75 11 21
407 447 57 75 21 32
407 447 57 75 32 42
407 447 57 75 42 52
407 447 57 75 52 63
407 447 57 75 63 73
407 447 57 75 73 84
407 447 75 94 0 11
407 447 75 94 11 21
407 447 75 94 21 32
407 447 75 94 32 42
407 447 75 94 42 52
407 447 75 94 52 63
407 447 75 94 63 73
407 447 75 94 73 84
407 447 94 113 0 11
407 447 94 113 11 21
407 447 94 113 21 32
407 447 94 113 32 42
407 447 94 113 42 52
407 447 94 113 52 63
407 447 94 113 63 73
407 447 94 113 73 84
407 447 113 132 0 11
407 447 113 132 11 21
407 447 113 132 21 32
407 447 113 132 32 42
407 447 113 132 42 52
407 447 113 132 52 63
407 447 113 132 63 73
407 447 113 132 73 84
407 447 132 150 0 11
407 447 132 150 11 21
407 447 132 150 21 32
407 447 132 150 32 42
407 447 132 150 42 52
407 447 132 150 52 63
407 447 132 150 63 73
407 447 132 150 73 84
407 447 150 169 0 11
407 447 150 169 11 21
407 447 150 169 21 32
407 447 150 169 32 42
407 447 150 169 42 52
407 447 150 169 52 63
407 447 150 169 63 73
407 447 150 169 73 84
407 447 169 188 0 11
407 447 169 188 11 21
407 447 169 188 21 32
407 447 169 188 32 42
407 447 169 188 42 52
407 447 169 188 52 63
407 447 169 188 63 73
407 447 169 188 73 84
407 447 188 207 0 11
407 447 188 207 11 21
407 447 188 207 21 32
407 447 188 207 32 42
407 447 188 207 42 52
407 447 188 207 52 63
407 447 188 207 63 73
407 447 188 207 73 84
407 447 207 225 0 11
407 447 207 225 11 21
407 447 207 225 21 32
407 447 207 225 32 42
407 447 207 225 42 52
407 447 207 225 52 63
407 447 207 225 63 73
407 447 207 225 73 84
407 447 225 244 0 11
407 447 225 244 11 21
407 447 225 244 21 32
407 447 225 244 32 42
407 447 225 244 42 52
407 447 225 244 52 63
407 447 225 244 63 73
407 447 225 244 73 84
407 447 244 263 0 11
407 447 244 263 11 21
407 447 244 263 21 32
407 447 244 263 32 42
407 447 244 263 42 52
407 447 244 263 52 63
407 447 244 263 63 73
407 447 244 263 73 84
407 447 263 282 0 11
407 447 263 282 11 21
407 447 263 282 21 32
407 447 263 282 32 42
407 447 263 282 42 52
407 447 263 282 52 63
407 447 263 282 63 73
407 447 263 282 73 84
407 447 282 301 0 11
407 447 282 301 11 21
407 447 282 301 21 32
407 447 282 301 32 42
407 447 282 301 42 52
407 447 282 301 52 63
407 447 282 301 63 73
407 447 282 301 73 84
447 488 0 19 0 11
447 488 0 19 11 21
447 488 0 19 21 32
447 488 0 19 32 42
447 488 0 19 42 52
447 488 0 19 52 63
447 488 0 19 63 73
447 488 0 19 73 84
447 488 19 38 0 11
447 488 19 38 11 21
447 488 19 38 21 32
447 488 19 38 32 42
447 488 19 38 42 52
447 488 19 38 52 63
447 488 19 38 63 73
447 488 19 38 73 84
447 488 38 57 0 11
447 488 38 57 11 21
447 488 38 57 21 32
447 488 38 57 32 42
447 488 38 57 42 52
447 488 38 57 52 63
447 488 38 57 63 73
447 488 38 57 73 84
447 488 57 75 0 11
447 488 57 75 11 21
447 488 57 75 21 32
447 488 57 75 32 42
447 488 57 75 42 52
447 488 57 75 52 63
447 488 57 75 63 73
447 488 57 75 73 84
447 488 75 94 0 11
447 488 75 94 11 21
447 488 75 94 21 32
447 488 75 94 32 42
447 488 75 94 42 52
447 488 75 94 52 63
447 488 75 94 63 73
447 488 75 94 73 84
447 488 94 113 0 11
447 488 94 113 11 21
447 488 94 113 21 32
447 488 94 113 32 42
447 488 94 113 42 52
447 488 94 113 52 63
447 488 94 113 63 73
447 488 94 113 73 84
447 488 113 132 0 11
447 488 113 132 11 21
447 488 113 132 21 32
447 488 113 132 32 42
447 488 113 132 42 52
447 488 113 132 52 63
447 488 113 132 63 73
447 488 113 132 73 84
447 488 132 150 0 11
447 488 132 150 11 21
447 488 132 150 21 32
447 488 132 150 32 42
447 488 132 150 42 52
447 488 132 150 52 63
447 488 132 150 63 73
447 488 132 150 73 84
447 488 150 169 0 11
447 488 150 169 11 21
447 488 150 169 21 32
447 488 150 169 32 42
447 488 150 169 42 52
447 488 150 169 52 63
447 488 150 169 63 73
447 488 150 169 73 84
447 488 169 188 0 11
447 488 169 188 11 21
447 488 169 188 21 32
447 488 169 188 32 42
447 488 169 188 42 52
447 488 169 188 52 63
447 488 169 188 63 73
447 488 169 188 73 84
447 488 188 207 0 11
447 488 188 207 11 21
447 488 188 207 21 32
447 488 188 207 32 42
447 488 188 207 42 52
447 488 188 207 52 63
447 488 188 207 63 73
447 488 188 207 73 84
447 488 207 225 0 11
447 488 207 225 11 21
447 488 207 225 21 32
447 488 207 225 32 42
447 488 207 225 42 52
447 488 207 225 52 63
447 488 207 225 63 73
447 488 207 225 73 84
447 488 225 244 0 11
447 488 225 244 11 21
447 488 225 244 21 32
447 488 225 244 32 42
447 488 225 244 42 52
447 488 225 244 52 63
447 488 225 244 63 73
447 488 225 244 73 84
447 488 244 263 0 11
447 488 244 263 11 21
447 488 244 263 21 32
447 488 244 263 32 42
447 488 244 263 42 52
447 488 244 263 52 63
447 488 244 263 63 73
447 488 244 263 73 84
447 488 263 282 0 11
447 488 263 282 11 21
447 488 263 282 21 32
447 488 263 282 32 42
447 488 263 282 42 52
447 488 263 282 52 63
447 488 263 282 63 73
447 488 263 282 73 84
447 488 282 301 0 11
447 488 282 301 11 21
447 488 282 301 21 32
447 488 282 301 32 42
447 488 282 301 42 52
447 488 282 301 52 63
447 488 282 301 63 73
447 488 282 301 73 84
488 529 0 19 0 11
488 529 0 19 11 21
488 529 0 19 21 32
488 529 0 19 32 42
488 529 0 19 42 52
488 529 0 19 52 63
488 529 0 19 63 73
488 529 0 19 73 84
488 529 19 38 0 11
488 529 19 38 11 21
488 529 19 38 21 32
488 529 19 38 32 42
488 529 19 38 42 52
488 529 19 38 52 63
488 529 19 38 63 73
488 529 19 38 73 84
488 529 38 57 0 11
488 529 38 57 11 21
488 529 38 57 21 32
488 529 38 57 32 42
488 529 38 57 42 52
488 529 38 57 52 63
488 529 38 57 63 73
488 529 38 57 73 84
488 529 57 75 0 11
488 529 57 75 11 21
488 529 57 75 21 32
488 529 57 75 32 42
488 529 57 75 42 52
488 529 57 75 52 63
488 529 57 75 63 73
488 529 57 75 73 84
488 529 75 94 0 11
488 529 75 94 11 21
488 529 75 94 21 32
488 529 75 94 32 42
488 529 75 94 42 52
488 529 75 94 52 63
488 529 75 94 63 73
488 529 75 94 73 84
488 529 94 113 0 11
488 529 94 113 11 21
488 529 94 113 21 32
488 529 94 113 32 42
488 529 94 113 42 52
488 529 94 113 52 63
488 529 94 113 63 73
488 529 94 113 73 84
488 529 113 132 0 11
488 529 113 132 11 21
488 529 113 132 21 32
488 529 113 132 32 42
488 529 113 132 42 52
488 529 113 132 52 63
488 529 113 132 63 73
488 529 113 132 73 84
488 529 132 150 0 11
488 529 132 150 11 21
488 529 132 150 21 32
488 529 132 150 32 42
488 529 132 150 42 52
488 529 132 150 52 63
488 529 132 150 63 73
488 529 132 150 73 84
488 529 150 169 0 11
488 529 150 169 11 21
488 529 150 169 21 32
488 529 150 169 32 42
488 529 150 169 42 52
488 529 150 169 52 63
488 529 150 169 63 73
488 529 150 169 73 84
488 529 169 188 0 11
488 529 169 188 11 21
488 529 169 188 21 32
488 529 169 188 32 42
488 529 169 188 42 52
488 529 169 188 52 63
488 529 169 188 63 73
488 529 169 188 73 84
488 529 188 207 0 11
488 529 188 207 11 21
488 529 188 207 21 32
488 529 188 207 32 42
488 529 188 207 42 52
488 529 188 207 52 63
488 529 188 207 63 73
488 529 188 207 73 84
488 529 207 225 0 11
488 529 207 225 11 21
488 529 207 225 21 32
488 529 207 225 32 42
488 529 207 225 42 52
488 529 207 225 52 63
488 529 207 225 63 73
488 529 207 225 73 84
488 529 225 244 0 11
488 529 225 244 11 21
488 529 225 244 21 32
488 529 225 244 32 42
488 529 225 244 42 52
488 529 225 244 52 63
488 529 225 244 63 73
488 529 225 244 73 84
488 529 244 263 0 11
488 529 244 263 11 21
488 529 244 263 21 32
488 529 244 263 32 42
488 529 244 263 42 52
488 529 244 263 52 63
488 529 244 263 63 73
488 529 244 263 73 84
488 529 263 282 0 11
488 529 263 282 11 21
488 529 263 282 21 32
488 529 263 282 32 42
488 529 263 282 42 52
488 529 263 282 52 63
488 529 263 282 63 73
488 529 263 282 73 84
488 529 282 301 0 11
488 529 282 301 11 21
488 529 282 301 21 32
488 529 282 301 32 42
488 529 282 301 42 52
488 529 282 301 52 63
488 529 282 301 63 73
488 529 282 301 73 84
529 569 0 19 0 11
529 569 0 19 11 21
529 569 0 19 21 32
529 569 0 19 32 42
529 569 0 19 42 52
529 569 0 19 52 63
529 569 0 19 63 73
529 569 0 19 73 84
529 569 19 38 0 11
529 569 19 38 11 21
529 569 19 38 21 32
529 569 19 38 32 42
529 569 19 38 42 52
529 569 19 38 52 63
529 569 19 38 63 73
529 569 19 38 73 84
529 569 38 57 0 11
529 569 38 57 11 21
529 569 38 57 21 32
529 569 38 57 32 42
529 569 38 57 42 52
529 569 38 57 52 63
529 569 38 57 63 73
529 569 38 57 73 84
529 569 57 75 0 11
529 569 57 75 11 21
529 569 57 75 21 32
529 569 57 75 32 42
529 569 57 75 42 52
529 569 57 75 52 63
529 569 57 75 63 73
529 569 57 75 73 84
529 569 75 94 0 11
529 569 75 94 11 21
529 569 75 94 21 32
529 569 75 94 32 42
529 569 75 94 42 52
529 569 75 94 52 63
529 569 75 94 63 73
529 569 75 94 73 84
529 569 94 113 0 11
529 569 94 113 11 21
529 569 94 113 21 32
529 569 94 113 32 42
529 569 94 113 42 52
529 569 94 113 52 63
529 569 94 113 63 73
529 569 94 113 73 84
529 569 113 132 0 11
529 569 113 132 11 21
529 569 113 132 21 32
529 569 113 132 32 42
529 569 113 132 42 52
529 569 113 132 52 63
529 569 113 132 63 73
529 569 113 132 73 84
529 569 132 150 0 11
529 569 132 150 11 21
529 569 132 150 21 32
529 569 132 150 32 42
529 569 132 150 42 52
529 569 132 150 52 63
529 569 132 150 63 73
529 569 132 150 73 84
529 569 150 169 0 11
529 569 150 169 11 21
529 569 150 169 21 32
529 569 150 169 32 42
529 569 150 169 42 52
529 569 150 169 52 63
529 569 150 169 63 73
529 569 150 169 73 84
529 569 169 188 0 11
529 569 169 188 11 21
529 569 169 188 21 32
529 569 169 188 32 42
529 569 169 188 42 52
529 569 169 188 52 63
529 569 169 188 63 73
529 569 169 188 73 84
529 569 188 207 0 11
529 569 188 207 11 21
529 569 188 207 21 32
529 569 188 207 32 42
529 569 188 207 42 52
529 569 188 207 52 63
529 569 188 207 63 73
529 569 188 207 73 84
529 569 207 225 0 11
529 569 207 225 11 21
529 569 207 225 21 32
529 569 207 225 32 42
529 569 207 225 42 52
529 569 207 225 52 63
529 569 207 225 63 73
529 569 207 225 73 84
529 569 225 244 0 11
529 569 225 244 11 21
529 569 225 244 21 32
529 569 225 244 32 42
529 569 225 244 42 52
529 569 225 244 52 63
529 569 225 244 63 73
529 569 225 244 73 84
529 569 244 263 0 11
529 569 244 263 11 21
529 569 244 263 21 32
529 569 244 263 32 42
529 569 244 263 42 52
529 569 244 263 52 63
529 569 244 263 63 73
529 569 244 263 73 84
529 569 263 282 0 11
529 569 263 282 11 21
529 569 263 282 21 32
529 569 263 282 32 42
529 569 263 282 42 52
529 569 263 282 52 63
529 569 263 282 63 73
529 569 263 282 73 84
529 569 282 301 0 11
529 569 282 301 11 21
529 569 282 301 21 32
529 569 282 301 32 42
529 569 282 301 42 52
529 569 282 301 52 63
529 569 282 301 63 73
529 569 282 301 73 84
569 610 0 19 0 11
569 610 0 19 11 21
569 610 0 19 21 32
569 610 0 19 32 42
569 610 0 19 42 52
569 610 0 19 52 63
569 610 0 19 63 73
569 610 0 19 73 84
569 610 19 38 0 11
569 610 19 38 11 21
569 610 19 38 21 32
569 610 19 38 32 42
569 610 19 38 42 52
569 610 19 38 52 63
569 610 19 38 63 73
569 610 19 38 73 84
569 610 38 57 0 11
569 610 38 57 11 21
569 610 38 57 21 32
569 610 38 57 32 42
569 610 38 57 42 52
569 610 38 57 52 63
569 610 38 57 63 73
569 610 38 57 73 84
569 610 57 75 0 11
569 610 57 75 11 21
569 610 57 75 21 32
569 610 57 75 32 42
569 610 57 75 42 52
569 610 57 75 52 63
569 610 57 75 63 73
569 610 57 75 73 84
569 610 75 94 0 11
569 610 75 94 11 21
569 610 75 94 21 32
569 610 75 94 32 42
569 610 75 94 42 52
569 610 75 94 52 63
569 610 75 94 63 73
569 610 75 94 73 84
569 610 94 113 0 11
569 610 94 113 11 21
569 610 94 113 21 32
569 610 94 113 32 42
569 610 94 113 42 52
569 610 94 113 52 63
569 610 94 113 63 73
569 610 94 113 73 84
569 610 113 132 0 11
569 610 113 132 11 21
569 610 113 132 21 32
569 610 113 132 32 42
569 610 113 132 42 52
569 610 113 132 52 63
569 610 113 132 63 73
569 610 113 132 73 84
569 610 132 150 0 11
569 610 132 150 11 21
569 610 132 150 21 32
569 610 132 150 32 42
569 610 132 150 42 52
569 610 132 150 52 63
569 610 132 150 63 73
569 610 132 150 73 84
569 610 150 169 0 11
569 610 150 169 11 21
569 610 150 169 21 32
569 610 150 169 32 42
569 610 150 169 42 52
569 610 150 169 52 63
569 610 150 169 63 73
569 610 150 169 73 84
569 610 169 188 0 11
569 610 169 188 11 21
569 610 169 188 21 32
569 610 169 188 32 42
569 610 169 188 42 52
569 610 169 188 52 63
569 610 169 188 63 73
569 610 169 188 73 84
569 610 188 207 0 11
569 610 188 207 11 21
569 610 188 207 21 32
569 610 188 207 32 42
569 610 188 207 42 52
569 610 188 207 52 63
569 610 188 207 63 73
569 610 188 207 73 84
569 610 207 225 0 11
569 610 207 225 11 21
569 610 207 225 21 32
569 610 207 225 32 42
569 610 207 225 42 52
569 610 207 225 52 63
569 610 207 225 63 73
569 610 207 225 73 84
569 610 225 244 0 11
569 610 225 244 11 21
569 610 225 244 21 32
569 610 225 244 32 42
569 610 225 244 42 52
569 610 225 244 52 63
569 610 225 244 63 73
569 610 225 244 73 84
569 610 244 263 0 11
569 610 244 263 11 21
569 610 244 263 21 32
569 610 244 263 32 42
569 610 244 263 42 52
569 610 244 263 52 63
569 610 244 263 63 73
569 610 244 263 73 84
569 610 263 282 0 11
569 610 263 282 11 21
569 610 263 282 21 32
569 610 263 282 32 42
569 610 263 282 42 52
569 610 263 282 52 63
569 610 263 282 63 73
569 610 263 282 73 84
569 610 282 301 0 11
569 610 282 301 11 21
569 610 282 301 21 32
569 610 282 301 32 42
569 610 282 301 42 52
569 610 282 301 52 63
569 610 282 301 63 73
569 610 282 301 73 84
610 651 0 19 0 11
610 651 0 19 11 21
610 651 0 19 21 32
610 651 0 19 32 42
610 651 0 19 42 52
610 651 0 19 52 63
610 651 0 19 63 73
610 651 0 19 73 84
610 651 19 38 0 11
610 651 19 38 11 21
610 651 19 38 21 32
610 651 19 38 32 42
610 651 19 38 42 52
610 651 19 38 52 63
610 651 19 38 63 73
610 651 19 38 73 84
610 651 38 57 0 11
610 651 38 57 11 21
610 651 38 57 21 32
610 651 38 57 32 42
610 651 38 57 42 52
610 651 38 57 52 63
610 651 38 57 63 73
610 651 38 57 73 84
610 651 57 75 0 11
610 651 57 75 11 21
610 651 57 75 21 32
610 651 57 75 32 42
610 651 57 75 42 52
610 651 57 75 52 63
610 651 57 75 63 73
610 651 57 75 73 84
610 651 75 94 0 11
610 651 75 94 11 21
610 651 75 94 21 32
610 651 75 94 32 42
610 651 75 94 42 52
610 651 75 94 52 63
610 651 75 94 63 73
610 651 75 94 73 84
610 651 94 113 0 11
610 651 94 113 11 21
610 651 94 113 21 32
610 651 94 113 32 42
610 651 94 113 42 52
610 651 94 113 52 63
610 651 94 113 63 73
610 651 94 113 73 84
610 651 113 132 0 11
610 651 113 132 11 21
610 651 113 132 21 32
610 651 113 132 32 42
610 651 113 132 42 52
610 651 113 132 52 63
610 651 113 132 63 73
610 651 113 132 73 84
610 651 132 150 0 11
610 651 132 150 11 21
610 651 132 150 21 32
610 651 132 150 32 42
610 651 132 150 42 52
610 651 132 150 52 63
610 651 132 150 63 73
610 651 132 150 73 84
610 651 150 169 0 11
610 651 150 169 11 21
610 651 150 169 21 32
610 651 150 169 32 42
610 651 150 169 42 52
610 651 150 169 52 63
610 651 150 169 63 73
610 651 150 169 73 84
610 651 169 188 0 11
610 651 169 188 11 21
610 651 169 188 21 32
610 651 169 188 32 42
610 651 169 188 42 52
610 651 169 188 52 63
610 651 169 188 63 73
610 651 169 188 73 84
610 651 188 207 0 11
610 651 188 207 11 21
610 651 188 207 21 32
610 651 188 207 32 42
610 651 188 207 42 52
610 651 188 207 52 63
610 651 188 207 63 73
610 651 188 207 73 84
610 651 207 225 0 11
610 651 207 225 11 21
610 651 207 225 21 32
610 651 207 225 32 42
610 651 207 225 42 52
610 651 207 225 52 63
610 651 207 225 63 73
610 651 207 225 73 84
610 651 225 244 0 11
610 651 225 244 11 21
610 651 225 244 21 32
610 651 225 244 32 42
610 651 225 244 42 52
610 651 225 244 52 63
610 651 225 244 63 73
610 651 225 244 73 84
610 651 244 263 0 11
610 651 244 263 11 21
610 651 244 263 21 32
610 651 244 263 32 42
610 651 244 263 42 52
610 651 244 263 52 63
610 651 244 263 63 73
610 651 244 263 73 84
610 651 263 282 0 11
610 651 263 282 11 21
610 651 263 282 21 32
610 651 263 282 32 42
610 651 263 282 42 52
610 651 263 282 52 63
610 651 263 282 63 73
610 651 263 282 73 84
610 651 282 301 0 11
610 651 282 301 11 21
610 651 282 301 21 32
610 651 282 301 32 42
610 651 282 301 42 52
610 651 282 301 52 63
610 651 282 301 63 73
610 651 282 301 73 84
voxsize: 651x301x84 size:62.7894745MB
voxBW: 10 3
Decomp size:2048
Initialization time: 0.011773
compute: 1.222831 seconds
evaluations: 1789439001
time: 1.258704 seconds
