hostname : cph-c54.uncc.edu
bounding: [-130;-65]x[20;50]x[5875;5958]
read 588189 observations
res: 0.1 0.1 1 bw: 5 5 14
352 448 224 301 0 84
160 352 128 160 0 84
352 448 160 192 0 84
160 352 96 128 0 84
480 544 160 192 0 64
544 651 192 224 0 84
448 480 128 192 0 84
352 448 128 160 0 84
64 160 192 301 0 84
480 544 224 301 0 84
352 448 192 224 0 84
160 352 0 96 0 84
64 160 128 160 0 84
480 544 192 224 0 64
448 480 0 128 0 84
64 160 160 192 0 84
544 651 160 192 0 84
448 480 192 301 0 84
544 651 224 301 0 64
352 448 96 128 0 84
64 160 0 128 0 84
352 448 0 96 0 84
160 352 192 301 0 84
160 352 160 192 0 84
480 544 128 160 0 84
480 544 0 96 0 84
0 64 0 301 0 84
480 544 96 128 0 84
480 544 160 192 64 84
544 651 0 160 0 84
544 651 224 301 64 84
480 544 192 224 64 84
voxsize: 651x301x84 size:62.7894745MB
voxBW: 50 14
Decomp size:32
Initialization time: 0.009298
compute: 30.009556 seconds
evaluations: 163279561815
time: 30.035326 seconds
