hostname : cph-gpu3.uncc.edu
bounding: [-130;-65]x[20;50]x[5875;5958]
read 588189 observations
res: 0.01 0.01 1 bw: 1 1 3
4608 5120 0 1792 0 84
1024 2048 512 2304 0 84
2816 3584 0 1792 0 84
5120 6144 1024 2048 0 84
5120 6501 2048 3001 0 84
3584 4608 0 1792 0 84
4352 5120 1792 3001 0 84
2816 4352 1792 3001 0 84
0 1024 512 2304 0 84
0 2048 2304 3001 0 84
2048 2816 0 3001 0 84
5120 6501 0 1024 0 84
0 2048 0 512 0 84
6144 6501 1024 2048 0 84
voxsize: 6501x3001x84 size:6251.51857MB
voxBW: 100 3
Decomp size:14
Initialization time: 0.743555
compute: 81.764761 seconds
evaluations: 163934121444
time: 82.525471 seconds
