hostname : cph-gpu4.uncc.edu
bounding: [-130;-65]x[20;50]x[5875;5958]
read 588189 observations
res: 0.01 0.01 1 bw: 0.5 0.5 3
4352 4864 1024 1792 0 84
1280 4096 1280 1536 0 84
5376 5632 1792 3001 0 64
2048 4096 1792 3001 0 84
0 2048 1792 3001 0 84
4096 4352 1024 3001 0 84
4352 4864 1792 3001 0 64
4352 6501 0 1024 0 84
0 4352 0 1024 0 84
0 1280 1280 1536 0 84
4352 5632 1792 3001 64 84
4864 5376 1792 3001 0 64
0 4096 1536 1792 0 84
0 4096 1024 1280 0 84
4864 6501 1024 1792 0 84
5632 6501 1792 3001 0 84
voxsize: 6501x3001x84 size:6251.51857MB
voxBW: 50 3
Decomp size:16
Initialization time: 0.747122
compute: 11.64594 seconds
evaluations: 41392685368
time: 12.397554 seconds
