hostname : cph-gpu2.uncc.edu
bounding: [-130;-65]x[20;50]x[5875;5958]
read 588189 observations
res: 0.1 0.1 1 bw: 2.5 2.5 7
288 384 0 128 0 84
544 576 128 301 0 84
0 128 0 192 0 84
512 544 128 301 0 84
448 651 0 128 0 84
288 384 128 301 0 84
448 480 128 301 0 84
128 224 0 301 0 84
384 448 0 192 0 84
384 448 192 301 0 84
480 512 128 301 0 84
0 128 192 301 0 84
576 651 128 301 0 84
224 288 0 301 0 84
voxsize: 651x301x84 size:62.7894745MB
voxBW: 25 7
Decomp size:14
Initialization time: 0.011491
compute: 6.605315 seconds
evaluations: 22258534021
time: 6.629641 seconds
