hostname : cph-c53.uncc.edu
bounding: [-130;-65]x[20;50]x[5875;5958]
read 588189 observations
res: 0.1 0.1 1 bw: 1 1 3
0 41 0 19 0 6
0 41 0 19 6 11
0 41 0 19 11 16
0 41 0 19 16 21
0 41 0 19 21 26
0 41 0 19 26 32
0 41 0 19 32 37
0 41 0 19 37 42
0 41 0 19 42 47
0 41 0 19 47 52
0 41 0 19 52 58
0 41 0 19 58 63
0 41 0 19 63 68
0 41 0 19 68 73
0 41 0 19 73 78
0 41 0 19 78 84
0 41 19 38 0 6
0 41 19 38 6 11
0 41 19 38 11 16
0 41 19 38 16 21
0 41 19 38 21 26
0 41 19 38 26 32
0 41 19 38 32 37
0 41 19 38 37 42
0 41 19 38 42 47
0 41 19 38 47 52
0 41 19 38 52 58
0 41 19 38 58 63
0 41 19 38 63 68
0 41 19 38 68 73
0 41 19 38 73 78
0 41 19 38 78 84
0 41 38 57 0 6
0 41 38 57 6 11
0 41 38 57 11 16
0 41 38 57 16 21
0 41 38 57 21 26
0 41 38 57 26 32
0 41 38 57 32 37
0 41 38 57 37 42
0 41 38 57 42 47
0 41 38 57 47 52
0 41 38 57 52 58
0 41 38 57 58 63
0 41 38 57 63 68
0 41 38 57 68 73
0 41 38 57 73 78
0 41 38 57 78 84
0 41 57 75 0 6
0 41 57 75 6 11
0 41 57 75 11 16
0 41 57 75 16 21
0 41 57 75 21 26
0 41 57 75 26 32
0 41 57 75 32 37
0 41 57 75 37 42
0 41 57 75 42 47
0 41 57 75 47 52
0 41 57 75 52 58
0 41 57 75 58 63
0 41 57 75 63 68
0 41 57 75 68 73
0 41 57 75 73 78
0 41 57 75 78 84
0 41 75 94 0 6
0 41 75 94 6 11
0 41 75 94 11 16
0 41 75 94 16 21
0 41 75 94 21 26
0 41 75 94 26 32
0 41 75 94 32 37
0 41 75 94 37 42
0 41 75 94 42 47
0 41 75 94 47 52
0 41 75 94 52 58
0 41 75 94 58 63
0 41 75 94 63 68
0 41 75 94 68 73
0 41 75 94 73 78
0 41 75 94 78 84
0 41 94 113 0 6
0 41 94 113 6 11
0 41 94 113 11 16
0 41 94 113 16 21
0 41 94 113 21 26
0 41 94 113 26 32
0 41 94 113 32 37
0 41 94 113 37 42
0 41 94 113 42 47
0 41 94 113 47 52
0 41 94 113 52 58
0 41 94 113 58 63
0 41 94 113 63 68
0 41 94 113 68 73
0 41 94 113 73 78
0 41 94 113 78 84
0 41 113 132 0 6
0 41 113 132 6 11
0 41 113 132 11 16
0 41 113 132 16 21
0 41 113 132 21 26
0 41 113 132 26 32
0 41 113 132 32 37
0 41 113 132 37 42
0 41 113 132 42 47
0 41 113 132 47 52
0 41 113 132 52 58
0 41 113 132 58 63
0 41 113 132 63 68
0 41 113 132 68 73
0 41 113 132 73 78
0 41 113 132 78 84
0 41 132 150 0 6
0 41 132 150 6 11
0 41 132 150 11 16
0 41 132 150 16 21
0 41 132 150 21 26
0 41 132 150 26 32
0 41 132 150 32 37
0 41 132 150 37 42
0 41 132 150 42 47
0 41 132 150 47 52
0 41 132 150 52 58
0 41 132 150 58 63
0 41 132 150 63 68
0 41 132 150 68 73
0 41 132 150 73 78
0 41 132 150 78 84
0 41 150 169 0 6
0 41 150 169 6 11
0 41 150 169 11 16
0 41 150 169 16 21
0 41 150 169 21 26
0 41 150 169 26 32
0 41 150 169 32 37
0 41 150 169 37 42
0 41 150 169 42 47
0 41 150 169 47 52
0 41 150 169 52 58
0 41 150 169 58 63
0 41 150 169 63 68
0 41 150 169 68 73
0 41 150 169 73 78
0 41 150 169 78 84
0 41 169 188 0 6
0 41 169 188 6 11
0 41 169 188 11 16
0 41 169 188 16 21
0 41 169 188 21 26
0 41 169 188 26 32
0 41 169 188 32 37
0 41 169 188 37 42
0 41 169 188 42 47
0 41 169 188 47 52
0 41 169 188 52 58
0 41 169 188 58 63
0 41 169 188 63 68
0 41 169 188 68 73
0 41 169 188 73 78
0 41 169 188 78 84
0 41 188 207 0 6
0 41 188 207 6 11
0 41 188 207 11 16
0 41 188 207 16 21
0 41 188 207 21 26
0 41 188 207 26 32
0 41 188 207 32 37
0 41 188 207 37 42
0 41 188 207 42 47
0 41 188 207 47 52
0 41 188 207 52 58
0 41 188 207 58 63
0 41 188 207 63 68
0 41 188 207 68 73
0 41 188 207 73 78
0 41 188 207 78 84
0 41 207 225 0 6
0 41 207 225 6 11
0 41 207 225 11 16
0 41 207 225 16 21
0 41 207 225 21 26
0 41 207 225 26 32
0 41 207 225 32 37
0 41 207 225 37 42
0 41 207 225 42 47
0 41 207 225 47 52
0 41 207 225 52 58
0 41 207 225 58 63
0 41 207 225 63 68
0 41 207 225 68 73
0 41 207 225 73 78
0 41 207 225 78 84
0 41 225 244 0 6
0 41 225 244 6 11
0 41 225 244 11 16
0 41 225 244 16 21
0 41 225 244 21 26
0 41 225 244 26 32
0 41 225 244 32 37
0 41 225 244 37 42
0 41 225 244 42 47
0 41 225 244 47 52
0 41 225 244 52 58
0 41 225 244 58 63
0 41 225 244 63 68
0 41 225 244 68 73
0 41 225 244 73 78
0 41 225 244 78 84
0 41 244 263 0 6
0 41 244 263 6 11
0 41 244 263 11 16
0 41 244 263 16 21
0 41 244 263 21 26
0 41 244 263 26 32
0 41 244 263 32 37
0 41 244 263 37 42
0 41 244 263 42 47
0 41 244 263 47 52
0 41 244 263 52 58
0 41 244 263 58 63
0 41 244 263 63 68
0 41 244 263 68 73
0 41 244 263 73 78
0 41 244 263 78 84
0 41 263 282 0 6
0 41 263 282 6 11
0 41 263 282 11 16
0 41 263 282 16 21
0 41 263 282 21 26
0 41 263 282 26 32
0 41 263 282 32 37
0 41 263 282 37 42
0 41 263 282 42 47
0 41 263 282 47 52
0 41 263 282 52 58
0 41 263 282 58 63
0 41 263 282 63 68
0 41 263 282 68 73
0 41 263 282 73 78
0 41 263 282 78 84
0 41 282 301 0 6
0 41 282 301 6 11
0 41 282 301 11 16
0 41 282 301 16 21
0 41 282 301 21 26
0 41 282 301 26 32
0 41 282 301 32 37
0 41 282 301 37 42
0 41 282 301 42 47
0 41 282 301 47 52
0 41 282 301 52 58
0 41 282 301 58 63
0 41 282 301 63 68
0 41 282 301 68 73
0 41 282 301 73 78
0 41 282 301 78 84
41 82 0 19 0 6
41 82 0 19 6 11
41 82 0 19 11 16
41 82 0 19 16 21
41 82 0 19 21 26
41 82 0 19 26 32
41 82 0 19 32 37
41 82 0 19 37 42
41 82 0 19 42 47
41 82 0 19 47 52
41 82 0 19 52 58
41 82 0 19 58 63
41 82 0 19 63 68
41 82 0 19 68 73
41 82 0 19 73 78
41 82 0 19 78 84
41 82 19 38 0 6
41 82 19 38 6 11
41 82 19 38 11 16
41 82 19 38 16 21
41 82 19 38 21 26
41 82 19 38 26 32
41 82 19 38 32 37
41 82 19 38 37 42
41 82 19 38 42 47
41 82 19 38 47 52
41 82 19 38 52 58
41 82 19 38 58 63
41 82 19 38 63 68
41 82 19 38 68 73
41 82 19 38 73 78
41 82 19 38 78 84
41 82 38 57 0 6
41 82 38 57 6 11
41 82 38 57 11 16
41 82 38 57 16 21
41 82 38 57 21 26
41 82 38 57 26 32
41 82 38 57 32 37
41 82 38 57 37 42
41 82 38 57 42 47
41 82 38 57 47 52
41 82 38 57 52 58
41 82 38 57 58 63
41 82 38 57 63 68
41 82 38 57 68 73
41 82 38 57 73 78
41 82 38 57 78 84
41 82 57 75 0 6
41 82 57 75 6 11
41 82 57 75 11 16
41 82 57 75 16 21
41 82 57 75 21 26
41 82 57 75 26 32
41 82 57 75 32 37
41 82 57 75 37 42
41 82 57 75 42 47
41 82 57 75 47 52
41 82 57 75 52 58
41 82 57 75 58 63
41 82 57 75 63 68
41 82 57 75 68 73
41 82 57 75 73 78
41 82 57 75 78 84
41 82 75 94 0 6
41 82 75 94 6 11
41 82 75 94 11 16
41 82 75 94 16 21
41 82 75 94 21 26
41 82 75 94 26 32
41 82 75 94 32 37
41 82 75 94 37 42
41 82 75 94 42 47
41 82 75 94 47 52
41 82 75 94 52 58
41 82 75 94 58 63
41 82 75 94 63 68
41 82 75 94 68 73
41 82 75 94 73 78
41 82 75 94 78 84
41 82 94 113 0 6
41 82 94 113 6 11
41 82 94 113 11 16
41 82 94 113 16 21
41 82 94 113 21 26
41 82 94 113 26 32
41 82 94 113 32 37
41 82 94 113 37 42
41 82 94 113 42 47
41 82 94 113 47 52
41 82 94 113 52 58
41 82 94 113 58 63
41 82 94 113 63 68
41 82 94 113 68 73
41 82 94 113 73 78
41 82 94 113 78 84
41 82 113 132 0 6
41 82 113 132 6 11
41 82 113 132 11 16
41 82 113 132 16 21
41 82 113 132 21 26
41 82 113 132 26 32
41 82 113 132 32 37
41 82 113 132 37 42
41 82 113 132 42 47
41 82 113 132 47 52
41 82 113 132 52 58
41 82 113 132 58 63
41 82 113 132 63 68
41 82 113 132 68 73
41 82 113 132 73 78
41 82 113 132 78 84
41 82 132 150 0 6
41 82 132 150 6 11
41 82 132 150 11 16
41 82 132 150 16 21
41 82 132 150 21 26
41 82 132 150 26 32
41 82 132 150 32 37
41 82 132 150 37 42
41 82 132 150 42 47
41 82 132 150 47 52
41 82 132 150 52 58
41 82 132 150 58 63
41 82 132 150 63 68
41 82 132 150 68 73
41 82 132 150 73 78
41 82 132 150 78 84
41 82 150 169 0 6
41 82 150 169 6 11
41 82 150 169 11 16
41 82 150 169 16 21
41 82 150 169 21 26
41 82 150 169 26 32
41 82 150 169 32 37
41 82 150 169 37 42
41 82 150 169 42 47
41 82 150 169 47 52
41 82 150 169 52 58
41 82 150 169 58 63
41 82 150 169 63 68
41 82 150 169 68 73
41 82 150 169 73 78
41 82 150 169 78 84
41 82 169 188 0 6
41 82 169 188 6 11
41 82 169 188 11 16
41 82 169 188 16 21
41 82 169 188 21 26
41 82 169 188 26 32
41 82 169 188 32 37
41 82 169 188 37 42
41 82 169 188 42 47
41 82 169 188 47 52
41 82 169 188 52 58
41 82 169 188 58 63
41 82 169 188 63 68
41 82 169 188 68 73
41 82 169 188 73 78
41 82 169 188 78 84
41 82 188 207 0 6
41 82 188 207 6 11
41 82 188 207 11 16
41 82 188 207 16 21
41 82 188 207 21 26
41 82 188 207 26 32
41 82 188 207 32 37
41 82 188 207 37 42
41 82 188 207 42 47
41 82 188 207 47 52
41 82 188 207 52 58
41 82 188 207 58 63
41 82 188 207 63 68
41 82 188 207 68 73
41 82 188 207 73 78
41 82 188 207 78 84
41 82 207 225 0 6
41 82 207 225 6 11
41 82 207 225 11 16
41 82 207 225 16 21
41 82 207 225 21 26
41 82 207 225 26 32
41 82 207 225 32 37
41 82 207 225 37 42
41 82 207 225 42 47
41 82 207 225 47 52
41 82 207 225 52 58
41 82 207 225 58 63
41 82 207 225 63 68
41 82 207 225 68 73
41 82 207 225 73 78
41 82 207 225 78 84
41 82 225 244 0 6
41 82 225 244 6 11
41 82 225 244 11 16
41 82 225 244 16 21
41 82 225 244 21 26
41 82 225 244 26 32
41 82 225 244 32 37
41 82 225 244 37 42
41 82 225 244 42 47
41 82 225 244 47 52
41 82 225 244 52 58
41 82 225 244 58 63
41 82 225 244 63 68
41 82 225 244 68 73
41 82 225 244 73 78
41 82 225 244 78 84
41 82 244 263 0 6
41 82 244 263 6 11
41 82 244 263 11 16
41 82 244 263 16 21
41 82 244 263 21 26
41 82 244 263 26 32
41 82 244 263 32 37
41 82 244 263 37 42
41 82 244 263 42 47
41 82 244 263 47 52
41 82 244 263 52 58
41 82 244 263 58 63
41 82 244 263 63 68
41 82 244 263 68 73
41 82 244 263 73 78
41 82 244 263 78 84
41 82 263 282 0 6
41 82 263 282 6 11
41 82 263 282 11 16
41 82 263 282 16 21
41 82 263 282 21 26
41 82 263 282 26 32
41 82 263 282 32 37
41 82 263 282 37 42
41 82 263 282 42 47
41 82 263 282 47 52
41 82 263 282 52 58
41 82 263 282 58 63
41 82 263 282 63 68
41 82 263 282 68 73
41 82 263 282 73 78
41 82 263 282 78 84
41 82 282 301 0 6
41 82 282 301 6 11
41 82 282 301 11 16
41 82 282 301 16 21
41 82 282 301 21 26
41 82 282 301 26 32
41 82 282 301 32 37
41 82 282 301 37 42
41 82 282 301 42 47
41 82 282 301 47 52
41 82 282 301 52 58
41 82 282 301 58 63
41 82 282 301 63 68
41 82 282 301 68 73
41 82 282 301 73 78
41 82 282 301 78 84
82 122 0 19 0 6
82 122 0 19 6 11
82 122 0 19 11 16
82 122 0 19 16 21
82 122 0 19 21 26
82 122 0 19 26 32
82 122 0 19 32 37
82 122 0 19 37 42
82 122 0 19 42 47
82 122 0 19 47 52
82 122 0 19 52 58
82 122 0 19 58 63
82 122 0 19 63 68
82 122 0 19 68 73
82 122 0 19 73 78
82 122 0 19 78 84
82 122 19 38 0 6
82 122 19 38 6 11
82 122 19 38 11 16
82 122 19 38 16 21
82 122 19 38 21 26
82 122 19 38 26 32
82 122 19 38 32 37
82 122 19 38 37 42
82 122 19 38 42 47
82 122 19 38 47 52
82 122 19 38 52 58
82 122 19 38 58 63
82 122 19 38 63 68
82 122 19 38 68 73
82 122 19 38 73 78
82 122 19 38 78 84
82 122 38 57 0 6
82 122 38 57 6 11
82 122 38 57 11 16
82 122 38 57 16 21
82 122 38 57 21 26
82 122 38 57 26 32
82 122 38 57 32 37
82 122 38 57 37 42
82 122 38 57 42 47
82 122 38 57 47 52
82 122 38 57 52 58
82 122 38 57 58 63
82 122 38 57 63 68
82 122 38 57 68 73
82 122 38 57 73 78
82 122 38 57 78 84
82 122 57 75 0 6
82 122 57 75 6 11
82 122 57 75 11 16
82 122 57 75 16 21
82 122 57 75 21 26
82 122 57 75 26 32
82 122 57 75 32 37
82 122 57 75 37 42
82 122 57 75 42 47
82 122 57 75 47 52
82 122 57 75 52 58
82 122 57 75 58 63
82 122 57 75 63 68
82 122 57 75 68 73
82 122 57 75 73 78
82 122 57 75 78 84
82 122 75 94 0 6
82 122 75 94 6 11
82 122 75 94 11 16
82 122 75 94 16 21
82 122 75 94 21 26
82 122 75 94 26 32
82 122 75 94 32 37
82 122 75 94 37 42
82 122 75 94 42 47
82 122 75 94 47 52
82 122 75 94 52 58
82 122 75 94 58 63
82 122 75 94 63 68
82 122 75 94 68 73
82 122 75 94 73 78
82 122 75 94 78 84
82 122 94 113 0 6
82 122 94 113 6 11
82 122 94 113 11 16
82 122 94 113 16 21
82 122 94 113 21 26
82 122 94 113 26 32
82 122 94 113 32 37
82 122 94 113 37 42
82 122 94 113 42 47
82 122 94 113 47 52
82 122 94 113 52 58
82 122 94 113 58 63
82 122 94 113 63 68
82 122 94 113 68 73
82 122 94 113 73 78
82 122 94 113 78 84
82 122 113 132 0 6
82 122 113 132 6 11
82 122 113 132 11 16
82 122 113 132 16 21
82 122 113 132 21 26
82 122 113 132 26 32
82 122 113 132 32 37
82 122 113 132 37 42
82 122 113 132 42 47
82 122 113 132 47 52
82 122 113 132 52 58
82 122 113 132 58 63
82 122 113 132 63 68
82 122 113 132 68 73
82 122 113 132 73 78
82 122 113 132 78 84
82 122 132 150 0 6
82 122 132 150 6 11
82 122 132 150 11 16
82 122 132 150 16 21
82 122 132 150 21 26
82 122 132 150 26 32
82 122 132 150 32 37
82 122 132 150 37 42
82 122 132 150 42 47
82 122 132 150 47 52
82 122 132 150 52 58
82 122 132 150 58 63
82 122 132 150 63 68
82 122 132 150 68 73
82 122 132 150 73 78
82 122 132 150 78 84
82 122 150 169 0 6
82 122 150 169 6 11
82 122 150 169 11 16
82 122 150 169 16 21
82 122 150 169 21 26
82 122 150 169 26 32
82 122 150 169 32 37
82 122 150 169 37 42
82 122 150 169 42 47
82 122 150 169 47 52
82 122 150 169 52 58
82 122 150 169 58 63
82 122 150 169 63 68
82 122 150 169 68 73
82 122 150 169 73 78
82 122 150 169 78 84
82 122 169 188 0 6
82 122 169 188 6 11
82 122 169 188 11 16
82 122 169 188 16 21
82 122 169 188 21 26
82 122 169 188 26 32
82 122 169 188 32 37
82 122 169 188 37 42
82 122 169 188 42 47
82 122 169 188 47 52
82 122 169 188 52 58
82 122 169 188 58 63
82 122 169 188 63 68
82 122 169 188 68 73
82 122 169 188 73 78
82 122 169 188 78 84
82 122 188 207 0 6
82 122 188 207 6 11
82 122 188 207 11 16
82 122 188 207 16 21
82 122 188 207 21 26
82 122 188 207 26 32
82 122 188 207 32 37
82 122 188 207 37 42
82 122 188 207 42 47
82 122 188 207 47 52
82 122 188 207 52 58
82 122 188 207 58 63
82 122 188 207 63 68
82 122 188 207 68 73
82 122 188 207 73 78
82 122 188 207 78 84
82 122 207 225 0 6
82 122 207 225 6 11
82 122 207 225 11 16
82 122 207 225 16 21
82 122 207 225 21 26
82 122 207 225 26 32
82 122 207 225 32 37
82 122 207 225 37 42
82 122 207 225 42 47
82 122 207 225 47 52
82 122 207 225 52 58
82 122 207 225 58 63
82 122 207 225 63 68
82 122 207 225 68 73
82 122 207 225 73 78
82 122 207 225 78 84
82 122 225 244 0 6
82 122 225 244 6 11
82 122 225 244 11 16
82 122 225 244 16 21
82 122 225 244 21 26
82 122 225 244 26 32
82 122 225 244 32 37
82 122 225 244 37 42
82 122 225 244 42 47
82 122 225 244 47 52
82 122 225 244 52 58
82 122 225 244 58 63
82 122 225 244 63 68
82 122 225 244 68 73
82 122 225 244 73 78
82 122 225 244 78 84
82 122 244 263 0 6
82 122 244 263 6 11
82 122 244 263 11 16
82 122 244 263 16 21
82 122 244 263 21 26
82 122 244 263 26 32
82 122 244 263 32 37
82 122 244 263 37 42
82 122 244 263 42 47
82 122 244 263 47 52
82 122 244 263 52 58
82 122 244 263 58 63
82 122 244 263 63 68
82 122 244 263 68 73
82 122 244 263 73 78
82 122 244 263 78 84
82 122 263 282 0 6
82 122 263 282 6 11
82 122 263 282 11 16
82 122 263 282 16 21
82 122 263 282 21 26
82 122 263 282 26 32
82 122 263 282 32 37
82 122 263 282 37 42
82 122 263 282 42 47
82 122 263 282 47 52
82 122 263 282 52 58
82 122 263 282 58 63
82 122 263 282 63 68
82 122 263 282 68 73
82 122 263 282 73 78
82 122 263 282 78 84
82 122 282 301 0 6
82 122 282 301 6 11
82 122 282 301 11 16
82 122 282 301 16 21
82 122 282 301 21 26
82 122 282 301 26 32
82 122 282 301 32 37
82 122 282 301 37 42
82 122 282 301 42 47
82 122 282 301 47 52
82 122 282 301 52 58
82 122 282 301 58 63
82 122 282 301 63 68
82 122 282 301 68 73
82 122 282 301 73 78
82 122 282 301 78 84
122 163 0 19 0 6
122 163 0 19 6 11
122 163 0 19 11 16
122 163 0 19 16 21
122 163 0 19 21 26
122 163 0 19 26 32
122 163 0 19 32 37
122 163 0 19 37 42
122 163 0 19 42 47
122 163 0 19 47 52
122 163 0 19 52 58
122 163 0 19 58 63
122 163 0 19 63 68
122 163 0 19 68 73
122 163 0 19 73 78
122 163 0 19 78 84
122 163 19 38 0 6
122 163 19 38 6 11
122 163 19 38 11 16
122 163 19 38 16 21
122 163 19 38 21 26
122 163 19 38 26 32
122 163 19 38 32 37
122 163 19 38 37 42
122 163 19 38 42 47
122 163 19 38 47 52
122 163 19 38 52 58
122 163 19 38 58 63
122 163 19 38 63 68
122 163 19 38 68 73
122 163 19 38 73 78
122 163 19 38 78 84
122 163 38 57 0 6
122 163 38 57 6 11
122 163 38 57 11 16
122 163 38 57 16 21
122 163 38 57 21 26
122 163 38 57 26 32
122 163 38 57 32 37
122 163 38 57 37 42
122 163 38 57 42 47
122 163 38 57 47 52
122 163 38 57 52 58
122 163 38 57 58 63
122 163 38 57 63 68
122 163 38 57 68 73
122 163 38 57 73 78
122 163 38 57 78 84
122 163 57 75 0 6
122 163 57 75 6 11
122 163 57 75 11 16
122 163 57 75 16 21
122 163 57 75 21 26
122 163 57 75 26 32
122 163 57 75 32 37
122 163 57 75 37 42
122 163 57 75 42 47
122 163 57 75 47 52
122 163 57 75 52 58
122 163 57 75 58 63
122 163 57 75 63 68
122 163 57 75 68 73
122 163 57 75 73 78
122 163 57 75 78 84
122 163 75 94 0 6
122 163 75 94 6 11
122 163 75 94 11 16
122 163 75 94 16 21
122 163 75 94 21 26
122 163 75 94 26 32
122 163 75 94 32 37
122 163 75 94 37 42
122 163 75 94 42 47
122 163 75 94 47 52
122 163 75 94 52 58
122 163 75 94 58 63
122 163 75 94 63 68
122 163 75 94 68 73
122 163 75 94 73 78
122 163 75 94 78 84
122 163 94 113 0 6
122 163 94 113 6 11
122 163 94 113 11 16
122 163 94 113 16 21
122 163 94 113 21 26
122 163 94 113 26 32
122 163 94 113 32 37
122 163 94 113 37 42
122 163 94 113 42 47
122 163 94 113 47 52
122 163 94 113 52 58
122 163 94 113 58 63
122 163 94 113 63 68
122 163 94 113 68 73
122 163 94 113 73 78
122 163 94 113 78 84
122 163 113 132 0 6
122 163 113 132 6 11
122 163 113 132 11 16
122 163 113 132 16 21
122 163 113 132 21 26
122 163 113 132 26 32
122 163 113 132 32 37
122 163 113 132 37 42
122 163 113 132 42 47
122 163 113 132 47 52
122 163 113 132 52 58
122 163 113 132 58 63
122 163 113 132 63 68
122 163 113 132 68 73
122 163 113 132 73 78
122 163 113 132 78 84
122 163 132 150 0 6
122 163 132 150 6 11
122 163 132 150 11 16
122 163 132 150 16 21
122 163 132 150 21 26
122 163 132 150 26 32
122 163 132 150 32 37
122 163 132 150 37 42
122 163 132 150 42 47
122 163 132 150 47 52
122 163 132 150 52 58
122 163 132 150 58 63
122 163 132 150 63 68
122 163 132 150 68 73
122 163 132 150 73 78
122 163 132 150 78 84
122 163 150 169 0 6
122 163 150 169 6 11
122 163 150 169 11 16
122 163 150 169 16 21
122 163 150 169 21 26
122 163 150 169 26 32
122 163 150 169 32 37
122 163 150 169 37 42
122 163 150 169 42 47
122 163 150 169 47 52
122 163 150 169 52 58
122 163 150 169 58 63
122 163 150 169 63 68
122 163 150 169 68 73
122 163 150 169 73 78
122 163 150 169 78 84
122 163 169 188 0 6
122 163 169 188 6 11
122 163 169 188 11 16
122 163 169 188 16 21
122 163 169 188 21 26
122 163 169 188 26 32
122 163 169 188 32 37
122 163 169 188 37 42
122 163 169 188 42 47
122 163 169 188 47 52
122 163 169 188 52 58
122 163 169 188 58 63
122 163 169 188 63 68
122 163 169 188 68 73
122 163 169 188 73 78
122 163 169 188 78 84
122 163 188 207 0 6
122 163 188 207 6 11
122 163 188 207 11 16
122 163 188 207 16 21
122 163 188 207 21 26
122 163 188 207 26 32
122 163 188 207 32 37
122 163 188 207 37 42
122 163 188 207 42 47
122 163 188 207 47 52
122 163 188 207 52 58
122 163 188 207 58 63
122 163 188 207 63 68
122 163 188 207 68 73
122 163 188 207 73 78
122 163 188 207 78 84
122 163 207 225 0 6
122 163 207 225 6 11
122 163 207 225 11 16
122 163 207 225 16 21
122 163 207 225 21 26
122 163 207 225 26 32
122 163 207 225 32 37
122 163 207 225 37 42
122 163 207 225 42 47
122 163 207 225 47 52
122 163 207 225 52 58
122 163 207 225 58 63
122 163 207 225 63 68
122 163 207 225 68 73
122 163 207 225 73 78
122 163 207 225 78 84
122 163 225 244 0 6
122 163 225 244 6 11
122 163 225 244 11 16
122 163 225 244 16 21
122 163 225 244 21 26
122 163 225 244 26 32
122 163 225 244 32 37
122 163 225 244 37 42
122 163 225 244 42 47
122 163 225 244 47 52
122 163 225 244 52 58
122 163 225 244 58 63
122 163 225 244 63 68
122 163 225 244 68 73
122 163 225 244 73 78
122 163 225 244 78 84
122 163 244 263 0 6
122 163 244 263 6 11
122 163 244 263 11 16
122 163 244 263 16 21
122 163 244 263 21 26
122 163 244 263 26 32
122 163 244 263 32 37
122 163 244 263 37 42
122 163 244 263 42 47
122 163 244 263 47 52
122 163 244 263 52 58
122 163 244 263 58 63
122 163 244 263 63 68
122 163 244 263 68 73
122 163 244 263 73 78
122 163 244 263 78 84
122 163 263 282 0 6
122 163 263 282 6 11
122 163 263 282 11 16
122 163 263 282 16 21
122 163 263 282 21 26
122 163 263 282 26 32
122 163 263 282 32 37
122 163 263 282 37 42
122 163 263 282 42 47
122 163 263 282 47 52
122 163 263 282 52 58
122 163 263 282 58 63
122 163 263 282 63 68
122 163 263 282 68 73
122 163 263 282 73 78
122 163 263 282 78 84
122 163 282 301 0 6
122 163 282 301 6 11
122 163 282 301 11 16
122 163 282 301 16 21
122 163 282 301 21 26
122 163 282 301 26 32
122 163 282 301 32 37
122 163 282 301 37 42
122 163 282 301 42 47
122 163 282 301 47 52
122 163 282 301 52 58
122 163 282 301 58 63
122 163 282 301 63 68
122 163 282 301 68 73
122 163 282 301 73 78
122 163 282 301 78 84
163 204 0 19 0 6
163 204 0 19 6 11
163 204 0 19 11 16
163 204 0 19 16 21
163 204 0 19 21 26
163 204 0 19 26 32
163 204 0 19 32 37
163 204 0 19 37 42
163 204 0 19 42 47
163 204 0 19 47 52
163 204 0 19 52 58
163 204 0 19 58 63
163 204 0 19 63 68
163 204 0 19 68 73
163 204 0 19 73 78
163 204 0 19 78 84
163 204 19 38 0 6
163 204 19 38 6 11
163 204 19 38 11 16
163 204 19 38 16 21
163 204 19 38 21 26
163 204 19 38 26 32
163 204 19 38 32 37
163 204 19 38 37 42
163 204 19 38 42 47
163 204 19 38 47 52
163 204 19 38 52 58
163 204 19 38 58 63
163 204 19 38 63 68
163 204 19 38 68 73
163 204 19 38 73 78
163 204 19 38 78 84
163 204 38 57 0 6
163 204 38 57 6 11
163 204 38 57 11 16
163 204 38 57 16 21
163 204 38 57 21 26
163 204 38 57 26 32
163 204 38 57 32 37
163 204 38 57 37 42
163 204 38 57 42 47
163 204 38 57 47 52
163 204 38 57 52 58
163 204 38 57 58 63
163 204 38 57 63 68
163 204 38 57 68 73
163 204 38 57 73 78
163 204 38 57 78 84
163 204 57 75 0 6
163 204 57 75 6 11
163 204 57 75 11 16
163 204 57 75 16 21
163 204 57 75 21 26
163 204 57 75 26 32
163 204 57 75 32 37
163 204 57 75 37 42
163 204 57 75 42 47
163 204 57 75 47 52
163 204 57 75 52 58
163 204 57 75 58 63
163 204 57 75 63 68
163 204 57 75 68 73
163 204 57 75 73 78
163 204 57 75 78 84
163 204 75 94 0 6
163 204 75 94 6 11
163 204 75 94 11 16
163 204 75 94 16 21
163 204 75 94 21 26
163 204 75 94 26 32
163 204 75 94 32 37
163 204 75 94 37 42
163 204 75 94 42 47
163 204 75 94 47 52
163 204 75 94 52 58
163 204 75 94 58 63
163 204 75 94 63 68
163 204 75 94 68 73
163 204 75 94 73 78
163 204 75 94 78 84
163 204 94 113 0 6
163 204 94 113 6 11
163 204 94 113 11 16
163 204 94 113 16 21
163 204 94 113 21 26
163 204 94 113 26 32
163 204 94 113 32 37
163 204 94 113 37 42
163 204 94 113 42 47
163 204 94 113 47 52
163 204 94 113 52 58
163 204 94 113 58 63
163 204 94 113 63 68
163 204 94 113 68 73
163 204 94 113 73 78
163 204 94 113 78 84
163 204 113 132 0 6
163 204 113 132 6 11
163 204 113 132 11 16
163 204 113 132 16 21
163 204 113 132 21 26
163 204 113 132 26 32
163 204 113 132 32 37
163 204 113 132 37 42
163 204 113 132 42 47
163 204 113 132 47 52
163 204 113 132 52 58
163 204 113 132 58 63
163 204 113 132 63 68
163 204 113 132 68 73
163 204 113 132 73 78
163 204 113 132 78 84
163 204 132 150 0 6
163 204 132 150 6 11
163 204 132 150 11 16
163 204 132 150 16 21
163 204 132 150 21 26
163 204 132 150 26 32
163 204 132 150 32 37
163 204 132 150 37 42
163 204 132 150 42 47
163 204 132 150 47 52
163 204 132 150 52 58
163 204 132 150 58 63
163 204 132 150 63 68
163 204 132 150 68 73
163 204 132 150 73 78
163 204 132 150 78 84
163 204 150 169 0 6
163 204 150 169 6 11
163 204 150 169 11 16
163 204 150 169 16 21
163 204 150 169 21 26
163 204 150 169 26 32
163 204 150 169 32 37
163 204 150 169 37 42
163 204 150 169 42 47
163 204 150 169 47 52
163 204 150 169 52 58
163 204 150 169 58 63
163 204 150 169 63 68
163 204 150 169 68 73
163 204 150 169 73 78
163 204 150 169 78 84
163 204 169 188 0 6
163 204 169 188 6 11
163 204 169 188 11 16
163 204 169 188 16 21
163 204 169 188 21 26
163 204 169 188 26 32
163 204 169 188 32 37
163 204 169 188 37 42
163 204 169 188 42 47
163 204 169 188 47 52
163 204 169 188 52 58
163 204 169 188 58 63
163 204 169 188 63 68
163 204 169 188 68 73
163 204 169 188 73 78
163 204 169 188 78 84
163 204 188 207 0 6
163 204 188 207 6 11
163 204 188 207 11 16
163 204 188 207 16 21
163 204 188 207 21 26
163 204 188 207 26 32
163 204 188 207 32 37
163 204 188 207 37 42
163 204 188 207 42 47
163 204 188 207 47 52
163 204 188 207 52 58
163 204 188 207 58 63
163 204 188 207 63 68
163 204 188 207 68 73
163 204 188 207 73 78
163 204 188 207 78 84
163 204 207 225 0 6
163 204 207 225 6 11
163 204 207 225 11 16
163 204 207 225 16 21
163 204 207 225 21 26
163 204 207 225 26 32
163 204 207 225 32 37
163 204 207 225 37 42
163 204 207 225 42 47
163 204 207 225 47 52
163 204 207 225 52 58
163 204 207 225 58 63
163 204 207 225 63 68
163 204 207 225 68 73
163 204 207 225 73 78
163 204 207 225 78 84
163 204 225 244 0 6
163 204 225 244 6 11
163 204 225 244 11 16
163 204 225 244 16 21
163 204 225 244 21 26
163 204 225 244 26 32
163 204 225 244 32 37
163 204 225 244 37 42
163 204 225 244 42 47
163 204 225 244 47 52
163 204 225 244 52 58
163 204 225 244 58 63
163 204 225 244 63 68
163 204 225 244 68 73
163 204 225 244 73 78
163 204 225 244 78 84
163 204 244 263 0 6
163 204 244 263 6 11
163 204 244 263 11 16
163 204 244 263 16 21
163 204 244 263 21 26
163 204 244 263 26 32
163 204 244 263 32 37
163 204 244 263 37 42
163 204 244 263 42 47
163 204 244 263 47 52
163 204 244 263 52 58
163 204 244 263 58 63
163 204 244 263 63 68
163 204 244 263 68 73
163 204 244 263 73 78
163 204 244 263 78 84
163 204 263 282 0 6
163 204 263 282 6 11
163 204 263 282 11 16
163 204 263 282 16 21
163 204 263 282 21 26
163 204 263 282 26 32
163 204 263 282 32 37
163 204 263 282 37 42
163 204 263 282 42 47
163 204 263 282 47 52
163 204 263 282 52 58
163 204 263 282 58 63
163 204 263 282 63 68
163 204 263 282 68 73
163 204 263 282 73 78
163 204 263 282 78 84
163 204 282 301 0 6
163 204 282 301 6 11
163 204 282 301 11 16
163 204 282 301 16 21
163 204 282 301 21 26
163 204 282 301 26 32
163 204 282 301 32 37
163 204 282 301 37 42
163 204 282 301 42 47
163 204 282 301 47 52
163 204 282 301 52 58
163 204 282 301 58 63
163 204 282 301 63 68
163 204 282 301 68 73
163 204 282 301 73 78
163 204 282 301 78 84
204 244 0 19 0 6
204 244 0 19 6 11
204 244 0 19 11 16
204 244 0 19 16 21
204 244 0 19 21 26
204 244 0 19 26 32
204 244 0 19 32 37
204 244 0 19 37 42
204 244 0 19 42 47
204 244 0 19 47 52
204 244 0 19 52 58
204 244 0 19 58 63
204 244 0 19 63 68
204 244 0 19 68 73
204 244 0 19 73 78
204 244 0 19 78 84
204 244 19 38 0 6
204 244 19 38 6 11
204 244 19 38 11 16
204 244 19 38 16 21
204 244 19 38 21 26
204 244 19 38 26 32
204 244 19 38 32 37
204 244 19 38 37 42
204 244 19 38 42 47
204 244 19 38 47 52
204 244 19 38 52 58
204 244 19 38 58 63
204 244 19 38 63 68
204 244 19 38 68 73
204 244 19 38 73 78
204 244 19 38 78 84
204 244 38 57 0 6
204 244 38 57 6 11
204 244 38 57 11 16
204 244 38 57 16 21
204 244 38 57 21 26
204 244 38 57 26 32
204 244 38 57 32 37
204 244 38 57 37 42
204 244 38 57 42 47
204 244 38 57 47 52
204 244 38 57 52 58
204 244 38 57 58 63
204 244 38 57 63 68
204 244 38 57 68 73
204 244 38 57 73 78
204 244 38 57 78 84
204 244 57 75 0 6
204 244 57 75 6 11
204 244 57 75 11 16
204 244 57 75 16 21
204 244 57 75 21 26
204 244 57 75 26 32
204 244 57 75 32 37
204 244 57 75 37 42
204 244 57 75 42 47
204 244 57 75 47 52
204 244 57 75 52 58
204 244 57 75 58 63
204 244 57 75 63 68
204 244 57 75 68 73
204 244 57 75 73 78
204 244 57 75 78 84
204 244 75 94 0 6
204 244 75 94 6 11
204 244 75 94 11 16
204 244 75 94 16 21
204 244 75 94 21 26
204 244 75 94 26 32
204 244 75 94 32 37
204 244 75 94 37 42
204 244 75 94 42 47
204 244 75 94 47 52
204 244 75 94 52 58
204 244 75 94 58 63
204 244 75 94 63 68
204 244 75 94 68 73
204 244 75 94 73 78
204 244 75 94 78 84
204 244 94 113 0 6
204 244 94 113 6 11
204 244 94 113 11 16
204 244 94 113 16 21
204 244 94 113 21 26
204 244 94 113 26 32
204 244 94 113 32 37
204 244 94 113 37 42
204 244 94 113 42 47
204 244 94 113 47 52
204 244 94 113 52 58
204 244 94 113 58 63
204 244 94 113 63 68
204 244 94 113 68 73
204 244 94 113 73 78
204 244 94 113 78 84
204 244 113 132 0 6
204 244 113 132 6 11
204 244 113 132 11 16
204 244 113 132 16 21
204 244 113 132 21 26
204 244 113 132 26 32
204 244 113 132 32 37
204 244 113 132 37 42
204 244 113 132 42 47
204 244 113 132 47 52
204 244 113 132 52 58
204 244 113 132 58 63
204 244 113 132 63 68
204 244 113 132 68 73
204 244 113 132 73 78
204 244 113 132 78 84
204 244 132 150 0 6
204 244 132 150 6 11
204 244 132 150 11 16
204 244 132 150 16 21
204 244 132 150 21 26
204 244 132 150 26 32
204 244 132 150 32 37
204 244 132 150 37 42
204 244 132 150 42 47
204 244 132 150 47 52
204 244 132 150 52 58
204 244 132 150 58 63
204 244 132 150 63 68
204 244 132 150 68 73
204 244 132 150 73 78
204 244 132 150 78 84
204 244 150 169 0 6
204 244 150 169 6 11
204 244 150 169 11 16
204 244 150 169 16 21
204 244 150 169 21 26
204 244 150 169 26 32
204 244 150 169 32 37
204 244 150 169 37 42
204 244 150 169 42 47
204 244 150 169 47 52
204 244 150 169 52 58
204 244 150 169 58 63
204 244 150 169 63 68
204 244 150 169 68 73
204 244 150 169 73 78
204 244 150 169 78 84
204 244 169 188 0 6
204 244 169 188 6 11
204 244 169 188 11 16
204 244 169 188 16 21
204 244 169 188 21 26
204 244 169 188 26 32
204 244 169 188 32 37
204 244 169 188 37 42
204 244 169 188 42 47
204 244 169 188 47 52
204 244 169 188 52 58
204 244 169 188 58 63
204 244 169 188 63 68
204 244 169 188 68 73
204 244 169 188 73 78
204 244 169 188 78 84
204 244 188 207 0 6
204 244 188 207 6 11
204 244 188 207 11 16
204 244 188 207 16 21
204 244 188 207 21 26
204 244 188 207 26 32
204 244 188 207 32 37
204 244 188 207 37 42
204 244 188 207 42 47
204 244 188 207 47 52
204 244 188 207 52 58
204 244 188 207 58 63
204 244 188 207 63 68
204 244 188 207 68 73
204 244 188 207 73 78
204 244 188 207 78 84
204 244 207 225 0 6
204 244 207 225 6 11
204 244 207 225 11 16
204 244 207 225 16 21
204 244 207 225 21 26
204 244 207 225 26 32
204 244 207 225 32 37
204 244 207 225 37 42
204 244 207 225 42 47
204 244 207 225 47 52
204 244 207 225 52 58
204 244 207 225 58 63
204 244 207 225 63 68
204 244 207 225 68 73
204 244 207 225 73 78
204 244 207 225 78 84
204 244 225 244 0 6
204 244 225 244 6 11
204 244 225 244 11 16
204 244 225 244 16 21
204 244 225 244 21 26
204 244 225 244 26 32
204 244 225 244 32 37
204 244 225 244 37 42
204 244 225 244 42 47
204 244 225 244 47 52
204 244 225 244 52 58
204 244 225 244 58 63
204 244 225 244 63 68
204 244 225 244 68 73
204 244 225 244 73 78
204 244 225 244 78 84
204 244 244 263 0 6
204 244 244 263 6 11
204 244 244 263 11 16
204 244 244 263 16 21
204 244 244 263 21 26
204 244 244 263 26 32
204 244 244 263 32 37
204 244 244 263 37 42
204 244 244 263 42 47
204 244 244 263 47 52
204 244 244 263 52 58
204 244 244 263 58 63
204 244 244 263 63 68
204 244 244 263 68 73
204 244 244 263 73 78
204 244 244 263 78 84
204 244 263 282 0 6
204 244 263 282 6 11
204 244 263 282 11 16
204 244 263 282 16 21
204 244 263 282 21 26
204 244 263 282 26 32
204 244 263 282 32 37
204 244 263 282 37 42
204 244 263 282 42 47
204 244 263 282 47 52
204 244 263 282 52 58
204 244 263 282 58 63
204 244 263 282 63 68
204 244 263 282 68 73
204 244 263 282 73 78
204 244 263 282 78 84
204 244 282 301 0 6
204 244 282 301 6 11
204 244 282 301 11 16
204 244 282 301 16 21
204 244 282 301 21 26
204 244 282 301 26 32
204 244 282 301 32 37
204 244 282 301 37 42
204 244 282 301 42 47
204 244 282 301 47 52
204 244 282 301 52 58
204 244 282 301 58 63
204 244 282 301 63 68
204 244 282 301 68 73
204 244 282 301 73 78
204 244 282 301 78 84
244 285 0 19 0 6
244 285 0 19 6 11
244 285 0 19 11 16
244 285 0 19 16 21
244 285 0 19 21 26
244 285 0 19 26 32
244 285 0 19 32 37
244 285 0 19 37 42
244 285 0 19 42 47
244 285 0 19 47 52
244 285 0 19 52 58
244 285 0 19 58 63
244 285 0 19 63 68
244 285 0 19 68 73
244 285 0 19 73 78
244 285 0 19 78 84
244 285 19 38 0 6
244 285 19 38 6 11
244 285 19 38 11 16
244 285 19 38 16 21
244 285 19 38 21 26
244 285 19 38 26 32
244 285 19 38 32 37
244 285 19 38 37 42
244 285 19 38 42 47
244 285 19 38 47 52
244 285 19 38 52 58
244 285 19 38 58 63
244 285 19 38 63 68
244 285 19 38 68 73
244 285 19 38 73 78
244 285 19 38 78 84
244 285 38 57 0 6
244 285 38 57 6 11
244 285 38 57 11 16
244 285 38 57 16 21
244 285 38 57 21 26
244 285 38 57 26 32
244 285 38 57 32 37
244 285 38 57 37 42
244 285 38 57 42 47
244 285 38 57 47 52
244 285 38 57 52 58
244 285 38 57 58 63
244 285 38 57 63 68
244 285 38 57 68 73
244 285 38 57 73 78
244 285 38 57 78 84
244 285 57 75 0 6
244 285 57 75 6 11
244 285 57 75 11 16
244 285 57 75 16 21
244 285 57 75 21 26
244 285 57 75 26 32
244 285 57 75 32 37
244 285 57 75 37 42
244 285 57 75 42 47
244 285 57 75 47 52
244 285 57 75 52 58
244 285 57 75 58 63
244 285 57 75 63 68
244 285 57 75 68 73
244 285 57 75 73 78
244 285 57 75 78 84
244 285 75 94 0 6
244 285 75 94 6 11
244 285 75 94 11 16
244 285 75 94 16 21
244 285 75 94 21 26
244 285 75 94 26 32
244 285 75 94 32 37
244 285 75 94 37 42
244 285 75 94 42 47
244 285 75 94 47 52
244 285 75 94 52 58
244 285 75 94 58 63
244 285 75 94 63 68
244 285 75 94 68 73
244 285 75 94 73 78
244 285 75 94 78 84
244 285 94 113 0 6
244 285 94 113 6 11
244 285 94 113 11 16
244 285 94 113 16 21
244 285 94 113 21 26
244 285 94 113 26 32
244 285 94 113 32 37
244 285 94 113 37 42
244 285 94 113 42 47
244 285 94 113 47 52
244 285 94 113 52 58
244 285 94 113 58 63
244 285 94 113 63 68
244 285 94 113 68 73
244 285 94 113 73 78
244 285 94 113 78 84
244 285 113 132 0 6
244 285 113 132 6 11
244 285 113 132 11 16
244 285 113 132 16 21
244 285 113 132 21 26
244 285 113 132 26 32
244 285 113 132 32 37
244 285 113 132 37 42
244 285 113 132 42 47
244 285 113 132 47 52
244 285 113 132 52 58
244 285 113 132 58 63
244 285 113 132 63 68
244 285 113 132 68 73
244 285 113 132 73 78
244 285 113 132 78 84
244 285 132 150 0 6
244 285 132 150 6 11
244 285 132 150 11 16
244 285 132 150 16 21
244 285 132 150 21 26
244 285 132 150 26 32
244 285 132 150 32 37
244 285 132 150 37 42
244 285 132 150 42 47
244 285 132 150 47 52
244 285 132 150 52 58
244 285 132 150 58 63
244 285 132 150 63 68
244 285 132 150 68 73
244 285 132 150 73 78
244 285 132 150 78 84
244 285 150 169 0 6
244 285 150 169 6 11
244 285 150 169 11 16
244 285 150 169 16 21
244 285 150 169 21 26
244 285 150 169 26 32
244 285 150 169 32 37
244 285 150 169 37 42
244 285 150 169 42 47
244 285 150 169 47 52
244 285 150 169 52 58
244 285 150 169 58 63
244 285 150 169 63 68
244 285 150 169 68 73
244 285 150 169 73 78
244 285 150 169 78 84
244 285 169 188 0 6
244 285 169 188 6 11
244 285 169 188 11 16
244 285 169 188 16 21
244 285 169 188 21 26
244 285 169 188 26 32
244 285 169 188 32 37
244 285 169 188 37 42
244 285 169 188 42 47
244 285 169 188 47 52
244 285 169 188 52 58
244 285 169 188 58 63
244 285 169 188 63 68
244 285 169 188 68 73
244 285 169 188 73 78
244 285 169 188 78 84
244 285 188 207 0 6
244 285 188 207 6 11
244 285 188 207 11 16
244 285 188 207 16 21
244 285 188 207 21 26
244 285 188 207 26 32
244 285 188 207 32 37
244 285 188 207 37 42
244 285 188 207 42 47
244 285 188 207 47 52
244 285 188 207 52 58
244 285 188 207 58 63
244 285 188 207 63 68
244 285 188 207 68 73
244 285 188 207 73 78
244 285 188 207 78 84
244 285 207 225 0 6
244 285 207 225 6 11
244 285 207 225 11 16
244 285 207 225 16 21
244 285 207 225 21 26
244 285 207 225 26 32
244 285 207 225 32 37
244 285 207 225 37 42
244 285 207 225 42 47
244 285 207 225 47 52
244 285 207 225 52 58
244 285 207 225 58 63
244 285 207 225 63 68
244 285 207 225 68 73
244 285 207 225 73 78
244 285 207 225 78 84
244 285 225 244 0 6
244 285 225 244 6 11
244 285 225 244 11 16
244 285 225 244 16 21
244 285 225 244 21 26
244 285 225 244 26 32
244 285 225 244 32 37
244 285 225 244 37 42
244 285 225 244 42 47
244 285 225 244 47 52
244 285 225 244 52 58
244 285 225 244 58 63
244 285 225 244 63 68
244 285 225 244 68 73
244 285 225 244 73 78
244 285 225 244 78 84
244 285 244 263 0 6
244 285 244 263 6 11
244 285 244 263 11 16
244 285 244 263 16 21
244 285 244 263 21 26
244 285 244 263 26 32
244 285 244 263 32 37
244 285 244 263 37 42
244 285 244 263 42 47
244 285 244 263 47 52
244 285 244 263 52 58
244 285 244 263 58 63
244 285 244 263 63 68
244 285 244 263 68 73
244 285 244 263 73 78
244 285 244 263 78 84
244 285 263 282 0 6
244 285 263 282 6 11
244 285 263 282 11 16
244 285 263 282 16 21
244 285 263 282 21 26
244 285 263 282 26 32
244 285 263 282 32 37
244 285 263 282 37 42
244 285 263 282 42 47
244 285 263 282 47 52
244 285 263 282 52 58
244 285 263 282 58 63
244 285 263 282 63 68
244 285 263 282 68 73
244 285 263 282 73 78
244 285 263 282 78 84
244 285 282 301 0 6
244 285 282 301 6 11
244 285 282 301 11 16
244 285 282 301 16 21
244 285 282 301 21 26
244 285 282 301 26 32
244 285 282 301 32 37
244 285 282 301 37 42
244 285 282 301 42 47
244 285 282 301 47 52
244 285 282 301 52 58
244 285 282 301 58 63
244 285 282 301 63 68
244 285 282 301 68 73
244 285 282 301 73 78
244 285 282 301 78 84
285 325 0 19 0 6
285 325 0 19 6 11
285 325 0 19 11 16
285 325 0 19 16 21
285 325 0 19 21 26
285 325 0 19 26 32
285 325 0 19 32 37
285 325 0 19 37 42
285 325 0 19 42 47
285 325 0 19 47 52
285 325 0 19 52 58
285 325 0 19 58 63
285 325 0 19 63 68
285 325 0 19 68 73
285 325 0 19 73 78
285 325 0 19 78 84
285 325 19 38 0 6
285 325 19 38 6 11
285 325 19 38 11 16
285 325 19 38 16 21
285 325 19 38 21 26
285 325 19 38 26 32
285 325 19 38 32 37
285 325 19 38 37 42
285 325 19 38 42 47
285 325 19 38 47 52
285 325 19 38 52 58
285 325 19 38 58 63
285 325 19 38 63 68
285 325 19 38 68 73
285 325 19 38 73 78
285 325 19 38 78 84
285 325 38 57 0 6
285 325 38 57 6 11
285 325 38 57 11 16
285 325 38 57 16 21
285 325 38 57 21 26
285 325 38 57 26 32
285 325 38 57 32 37
285 325 38 57 37 42
285 325 38 57 42 47
285 325 38 57 47 52
285 325 38 57 52 58
285 325 38 57 58 63
285 325 38 57 63 68
285 325 38 57 68 73
285 325 38 57 73 78
285 325 38 57 78 84
285 325 57 75 0 6
285 325 57 75 6 11
285 325 57 75 11 16
285 325 57 75 16 21
285 325 57 75 21 26
285 325 57 75 26 32
285 325 57 75 32 37
285 325 57 75 37 42
285 325 57 75 42 47
285 325 57 75 47 52
285 325 57 75 52 58
285 325 57 75 58 63
285 325 57 75 63 68
285 325 57 75 68 73
285 325 57 75 73 78
285 325 57 75 78 84
285 325 75 94 0 6
285 325 75 94 6 11
285 325 75 94 11 16
285 325 75 94 16 21
285 325 75 94 21 26
285 325 75 94 26 32
285 325 75 94 32 37
285 325 75 94 37 42
285 325 75 94 42 47
285 325 75 94 47 52
285 325 75 94 52 58
285 325 75 94 58 63
285 325 75 94 63 68
285 325 75 94 68 73
285 325 75 94 73 78
285 325 75 94 78 84
285 325 94 113 0 6
285 325 94 113 6 11
285 325 94 113 11 16
285 325 94 113 16 21
285 325 94 113 21 26
285 325 94 113 26 32
285 325 94 113 32 37
285 325 94 113 37 42
285 325 94 113 42 47
285 325 94 113 47 52
285 325 94 113 52 58
285 325 94 113 58 63
285 325 94 113 63 68
285 325 94 113 68 73
285 325 94 113 73 78
285 325 94 113 78 84
285 325 113 132 0 6
285 325 113 132 6 11
285 325 113 132 11 16
285 325 113 132 16 21
285 325 113 132 21 26
285 325 113 132 26 32
285 325 113 132 32 37
285 325 113 132 37 42
285 325 113 132 42 47
285 325 113 132 47 52
285 325 113 132 52 58
285 325 113 132 58 63
285 325 113 132 63 68
285 325 113 132 68 73
285 325 113 132 73 78
285 325 113 132 78 84
285 325 132 150 0 6
285 325 132 150 6 11
285 325 132 150 11 16
285 325 132 150 16 21
285 325 132 150 21 26
285 325 132 150 26 32
285 325 132 150 32 37
285 325 132 150 37 42
285 325 132 150 42 47
285 325 132 150 47 52
285 325 132 150 52 58
285 325 132 150 58 63
285 325 132 150 63 68
285 325 132 150 68 73
285 325 132 150 73 78
285 325 132 150 78 84
285 325 150 169 0 6
285 325 150 169 6 11
285 325 150 169 11 16
285 325 150 169 16 21
285 325 150 169 21 26
285 325 150 169 26 32
285 325 150 169 32 37
285 325 150 169 37 42
285 325 150 169 42 47
285 325 150 169 47 52
285 325 150 169 52 58
285 325 150 169 58 63
285 325 150 169 63 68
285 325 150 169 68 73
285 325 150 169 73 78
285 325 150 169 78 84
285 325 169 188 0 6
285 325 169 188 6 11
285 325 169 188 11 16
285 325 169 188 16 21
285 325 169 188 21 26
285 325 169 188 26 32
285 325 169 188 32 37
285 325 169 188 37 42
285 325 169 188 42 47
285 325 169 188 47 52
285 325 169 188 52 58
285 325 169 188 58 63
285 325 169 188 63 68
285 325 169 188 68 73
285 325 169 188 73 78
285 325 169 188 78 84
285 325 188 207 0 6
285 325 188 207 6 11
285 325 188 207 11 16
285 325 188 207 16 21
285 325 188 207 21 26
285 325 188 207 26 32
285 325 188 207 32 37
285 325 188 207 37 42
285 325 188 207 42 47
285 325 188 207 47 52
285 325 188 207 52 58
285 325 188 207 58 63
285 325 188 207 63 68
285 325 188 207 68 73
285 325 188 207 73 78
285 325 188 207 78 84
285 325 207 225 0 6
285 325 207 225 6 11
285 325 207 225 11 16
285 325 207 225 16 21
285 325 207 225 21 26
285 325 207 225 26 32
285 325 207 225 32 37
285 325 207 225 37 42
285 325 207 225 42 47
285 325 207 225 47 52
285 325 207 225 52 58
285 325 207 225 58 63
285 325 207 225 63 68
285 325 207 225 68 73
285 325 207 225 73 78
285 325 207 225 78 84
285 325 225 244 0 6
285 325 225 244 6 11
285 325 225 244 11 16
285 325 225 244 16 21
285 325 225 244 21 26
285 325 225 244 26 32
285 325 225 244 32 37
285 325 225 244 37 42
285 325 225 244 42 47
285 325 225 244 47 52
285 325 225 244 52 58
285 325 225 244 58 63
285 325 225 244 63 68
285 325 225 244 68 73
285 325 225 244 73 78
285 325 225 244 78 84
285 325 244 263 0 6
285 325 244 263 6 11
285 325 244 263 11 16
285 325 244 263 16 21
285 325 244 263 21 26
285 325 244 263 26 32
285 325 244 263 32 37
285 325 244 263 37 42
285 325 244 263 42 47
285 325 244 263 47 52
285 325 244 263 52 58
285 325 244 263 58 63
285 325 244 263 63 68
285 325 244 263 68 73
285 325 244 263 73 78
285 325 244 263 78 84
285 325 263 282 0 6
285 325 263 282 6 11
285 325 263 282 11 16
285 325 263 282 16 21
285 325 263 282 21 26
285 325 263 282 26 32
285 325 263 282 32 37
285 325 263 282 37 42
285 325 263 282 42 47
285 325 263 282 47 52
285 325 263 282 52 58
285 325 263 282 58 63
285 325 263 282 63 68
285 325 263 282 68 73
285 325 263 282 73 78
285 325 263 282 78 84
285 325 282 301 0 6
285 325 282 301 6 11
285 325 282 301 11 16
285 325 282 301 16 21
285 325 282 301 21 26
285 325 282 301 26 32
285 325 282 301 32 37
285 325 282 301 37 42
285 325 282 301 42 47
285 325 282 301 47 52
285 325 282 301 52 58
285 325 282 301 58 63
285 325 282 301 63 68
285 325 282 301 68 73
285 325 282 301 73 78
285 325 282 301 78 84
325 366 0 19 0 6
325 366 0 19 6 11
325 366 0 19 11 16
325 366 0 19 16 21
325 366 0 19 21 26
325 366 0 19 26 32
325 366 0 19 32 37
325 366 0 19 37 42
325 366 0 19 42 47
325 366 0 19 47 52
325 366 0 19 52 58
325 366 0 19 58 63
325 366 0 19 63 68
325 366 0 19 68 73
325 366 0 19 73 78
325 366 0 19 78 84
325 366 19 38 0 6
325 366 19 38 6 11
325 366 19 38 11 16
325 366 19 38 16 21
325 366 19 38 21 26
325 366 19 38 26 32
325 366 19 38 32 37
325 366 19 38 37 42
325 366 19 38 42 47
325 366 19 38 47 52
325 366 19 38 52 58
325 366 19 38 58 63
325 366 19 38 63 68
325 366 19 38 68 73
325 366 19 38 73 78
325 366 19 38 78 84
325 366 38 57 0 6
325 366 38 57 6 11
325 366 38 57 11 16
325 366 38 57 16 21
325 366 38 57 21 26
325 366 38 57 26 32
325 366 38 57 32 37
325 366 38 57 37 42
325 366 38 57 42 47
325 366 38 57 47 52
325 366 38 57 52 58
325 366 38 57 58 63
325 366 38 57 63 68
325 366 38 57 68 73
325 366 38 57 73 78
325 366 38 57 78 84
325 366 57 75 0 6
325 366 57 75 6 11
325 366 57 75 11 16
325 366 57 75 16 21
325 366 57 75 21 26
325 366 57 75 26 32
325 366 57 75 32 37
325 366 57 75 37 42
325 366 57 75 42 47
325 366 57 75 47 52
325 366 57 75 52 58
325 366 57 75 58 63
325 366 57 75 63 68
325 366 57 75 68 73
325 366 57 75 73 78
325 366 57 75 78 84
325 366 75 94 0 6
325 366 75 94 6 11
325 366 75 94 11 16
325 366 75 94 16 21
325 366 75 94 21 26
325 366 75 94 26 32
325 366 75 94 32 37
325 366 75 94 37 42
325 366 75 94 42 47
325 366 75 94 47 52
325 366 75 94 52 58
325 366 75 94 58 63
325 366 75 94 63 68
325 366 75 94 68 73
325 366 75 94 73 78
325 366 75 94 78 84
325 366 94 113 0 6
325 366 94 113 6 11
325 366 94 113 11 16
325 366 94 113 16 21
325 366 94 113 21 26
325 366 94 113 26 32
325 366 94 113 32 37
325 366 94 113 37 42
325 366 94 113 42 47
325 366 94 113 47 52
325 366 94 113 52 58
325 366 94 113 58 63
325 366 94 113 63 68
325 366 94 113 68 73
325 366 94 113 73 78
325 366 94 113 78 84
325 366 113 132 0 6
325 366 113 132 6 11
325 366 113 132 11 16
325 366 113 132 16 21
325 366 113 132 21 26
325 366 113 132 26 32
325 366 113 132 32 37
325 366 113 132 37 42
325 366 113 132 42 47
325 366 113 132 47 52
325 366 113 132 52 58
325 366 113 132 58 63
325 366 113 132 63 68
325 366 113 132 68 73
325 366 113 132 73 78
325 366 113 132 78 84
325 366 132 150 0 6
325 366 132 150 6 11
325 366 132 150 11 16
325 366 132 150 16 21
325 366 132 150 21 26
325 366 132 150 26 32
325 366 132 150 32 37
325 366 132 150 37 42
325 366 132 150 42 47
325 366 132 150 47 52
325 366 132 150 52 58
325 366 132 150 58 63
325 366 132 150 63 68
325 366 132 150 68 73
325 366 132 150 73 78
325 366 132 150 78 84
325 366 150 169 0 6
325 366 150 169 6 11
325 366 150 169 11 16
325 366 150 169 16 21
325 366 150 169 21 26
325 366 150 169 26 32
325 366 150 169 32 37
325 366 150 169 37 42
325 366 150 169 42 47
325 366 150 169 47 52
325 366 150 169 52 58
325 366 150 169 58 63
325 366 150 169 63 68
325 366 150 169 68 73
325 366 150 169 73 78
325 366 150 169 78 84
325 366 169 188 0 6
325 366 169 188 6 11
325 366 169 188 11 16
325 366 169 188 16 21
325 366 169 188 21 26
325 366 169 188 26 32
325 366 169 188 32 37
325 366 169 188 37 42
325 366 169 188 42 47
325 366 169 188 47 52
325 366 169 188 52 58
325 366 169 188 58 63
325 366 169 188 63 68
325 366 169 188 68 73
325 366 169 188 73 78
325 366 169 188 78 84
325 366 188 207 0 6
325 366 188 207 6 11
325 366 188 207 11 16
325 366 188 207 16 21
325 366 188 207 21 26
325 366 188 207 26 32
325 366 188 207 32 37
325 366 188 207 37 42
325 366 188 207 42 47
325 366 188 207 47 52
325 366 188 207 52 58
325 366 188 207 58 63
325 366 188 207 63 68
325 366 188 207 68 73
325 366 188 207 73 78
325 366 188 207 78 84
325 366 207 225 0 6
325 366 207 225 6 11
325 366 207 225 11 16
325 366 207 225 16 21
325 366 207 225 21 26
325 366 207 225 26 32
325 366 207 225 32 37
325 366 207 225 37 42
325 366 207 225 42 47
325 366 207 225 47 52
325 366 207 225 52 58
325 366 207 225 58 63
325 366 207 225 63 68
325 366 207 225 68 73
325 366 207 225 73 78
325 366 207 225 78 84
325 366 225 244 0 6
325 366 225 244 6 11
325 366 225 244 11 16
325 366 225 244 16 21
325 366 225 244 21 26
325 366 225 244 26 32
325 366 225 244 32 37
325 366 225 244 37 42
325 366 225 244 42 47
325 366 225 244 47 52
325 366 225 244 52 58
325 366 225 244 58 63
325 366 225 244 63 68
325 366 225 244 68 73
325 366 225 244 73 78
325 366 225 244 78 84
325 366 244 263 0 6
325 366 244 263 6 11
325 366 244 263 11 16
325 366 244 263 16 21
325 366 244 263 21 26
325 366 244 263 26 32
325 366 244 263 32 37
325 366 244 263 37 42
325 366 244 263 42 47
325 366 244 263 47 52
325 366 244 263 52 58
325 366 244 263 58 63
325 366 244 263 63 68
325 366 244 263 68 73
325 366 244 263 73 78
325 366 244 263 78 84
325 366 263 282 0 6
325 366 263 282 6 11
325 366 263 282 11 16
325 366 263 282 16 21
325 366 263 282 21 26
325 366 263 282 26 32
325 366 263 282 32 37
325 366 263 282 37 42
325 366 263 282 42 47
325 366 263 282 47 52
325 366 263 282 52 58
325 366 263 282 58 63
325 366 263 282 63 68
325 366 263 282 68 73
325 366 263 282 73 78
325 366 263 282 78 84
325 366 282 301 0 6
325 366 282 301 6 11
325 366 282 301 11 16
325 366 282 301 16 21
325 366 282 301 21 26
325 366 282 301 26 32
325 366 282 301 32 37
325 366 282 301 37 42
325 366 282 301 42 47
325 366 282 301 47 52
325 366 282 301 52 58
325 366 282 301 58 63
325 366 282 301 63 68
325 366 282 301 68 73
325 366 282 301 73 78
325 366 282 301 78 84
366 407 0 19 0 6
366 407 0 19 6 11
366 407 0 19 11 16
366 407 0 19 16 21
366 407 0 19 21 26
366 407 0 19 26 32
366 407 0 19 32 37
366 407 0 19 37 42
366 407 0 19 42 47
366 407 0 19 47 52
366 407 0 19 52 58
366 407 0 19 58 63
366 407 0 19 63 68
366 407 0 19 68 73
366 407 0 19 73 78
366 407 0 19 78 84
366 407 19 38 0 6
366 407 19 38 6 11
366 407 19 38 11 16
366 407 19 38 16 21
366 407 19 38 21 26
366 407 19 38 26 32
366 407 19 38 32 37
366 407 19 38 37 42
366 407 19 38 42 47
366 407 19 38 47 52
366 407 19 38 52 58
366 407 19 38 58 63
366 407 19 38 63 68
366 407 19 38 68 73
366 407 19 38 73 78
366 407 19 38 78 84
366 407 38 57 0 6
366 407 38 57 6 11
366 407 38 57 11 16
366 407 38 57 16 21
366 407 38 57 21 26
366 407 38 57 26 32
366 407 38 57 32 37
366 407 38 57 37 42
366 407 38 57 42 47
366 407 38 57 47 52
366 407 38 57 52 58
366 407 38 57 58 63
366 407 38 57 63 68
366 407 38 57 68 73
366 407 38 57 73 78
366 407 38 57 78 84
366 407 57 75 0 6
366 407 57 75 6 11
366 407 57 75 11 16
366 407 57 75 16 21
366 407 57 75 21 26
366 407 57 75 26 32
366 407 57 75 32 37
366 407 57 75 37 42
366 407 57 75 42 47
366 407 57 75 47 52
366 407 57 75 52 58
366 407 57 75 58 63
366 407 57 75 63 68
366 407 57 75 68 73
366 407 57 75 73 78
366 407 57 75 78 84
366 407 75 94 0 6
366 407 75 94 6 11
366 407 75 94 11 16
366 407 75 94 16 21
366 407 75 94 21 26
366 407 75 94 26 32
366 407 75 94 32 37
366 407 75 94 37 42
366 407 75 94 42 47
366 407 75 94 47 52
366 407 75 94 52 58
366 407 75 94 58 63
366 407 75 94 63 68
366 407 75 94 68 73
366 407 75 94 73 78
366 407 75 94 78 84
366 407 94 113 0 6
366 407 94 113 6 11
366 407 94 113 11 16
366 407 94 113 16 21
366 407 94 113 21 26
366 407 94 113 26 32
366 407 94 113 32 37
366 407 94 113 37 42
366 407 94 113 42 47
366 407 94 113 47 52
366 407 94 113 52 58
366 407 94 113 58 63
366 407 94 113 63 68
366 407 94 113 68 73
366 407 94 113 73 78
366 407 94 113 78 84
366 407 113 132 0 6
366 407 113 132 6 11
366 407 113 132 11 16
366 407 113 132 16 21
366 407 113 132 21 26
366 407 113 132 26 32
366 407 113 132 32 37
366 407 113 132 37 42
366 407 113 132 42 47
366 407 113 132 47 52
366 407 113 132 52 58
366 407 113 132 58 63
366 407 113 132 63 68
366 407 113 132 68 73
366 407 113 132 73 78
366 407 113 132 78 84
366 407 132 150 0 6
366 407 132 150 6 11
366 407 132 150 11 16
366 407 132 150 16 21
366 407 132 150 21 26
366 407 132 150 26 32
366 407 132 150 32 37
366 407 132 150 37 42
366 407 132 150 42 47
366 407 132 150 47 52
366 407 132 150 52 58
366 407 132 150 58 63
366 407 132 150 63 68
366 407 132 150 68 73
366 407 132 150 73 78
366 407 132 150 78 84
366 407 150 169 0 6
366 407 150 169 6 11
366 407 150 169 11 16
366 407 150 169 16 21
366 407 150 169 21 26
366 407 150 169 26 32
366 407 150 169 32 37
366 407 150 169 37 42
366 407 150 169 42 47
366 407 150 169 47 52
366 407 150 169 52 58
366 407 150 169 58 63
366 407 150 169 63 68
366 407 150 169 68 73
366 407 150 169 73 78
366 407 150 169 78 84
366 407 169 188 0 6
366 407 169 188 6 11
366 407 169 188 11 16
366 407 169 188 16 21
366 407 169 188 21 26
366 407 169 188 26 32
366 407 169 188 32 37
366 407 169 188 37 42
366 407 169 188 42 47
366 407 169 188 47 52
366 407 169 188 52 58
366 407 169 188 58 63
366 407 169 188 63 68
366 407 169 188 68 73
366 407 169 188 73 78
366 407 169 188 78 84
366 407 188 207 0 6
366 407 188 207 6 11
366 407 188 207 11 16
366 407 188 207 16 21
366 407 188 207 21 26
366 407 188 207 26 32
366 407 188 207 32 37
366 407 188 207 37 42
366 407 188 207 42 47
366 407 188 207 47 52
366 407 188 207 52 58
366 407 188 207 58 63
366 407 188 207 63 68
366 407 188 207 68 73
366 407 188 207 73 78
366 407 188 207 78 84
366 407 207 225 0 6
366 407 207 225 6 11
366 407 207 225 11 16
366 407 207 225 16 21
366 407 207 225 21 26
366 407 207 225 26 32
366 407 207 225 32 37
366 407 207 225 37 42
366 407 207 225 42 47
366 407 207 225 47 52
366 407 207 225 52 58
366 407 207 225 58 63
366 407 207 225 63 68
366 407 207 225 68 73
366 407 207 225 73 78
366 407 207 225 78 84
366 407 225 244 0 6
366 407 225 244 6 11
366 407 225 244 11 16
366 407 225 244 16 21
366 407 225 244 21 26
366 407 225 244 26 32
366 407 225 244 32 37
366 407 225 244 37 42
366 407 225 244 42 47
366 407 225 244 47 52
366 407 225 244 52 58
366 407 225 244 58 63
366 407 225 244 63 68
366 407 225 244 68 73
366 407 225 244 73 78
366 407 225 244 78 84
366 407 244 263 0 6
366 407 244 263 6 11
366 407 244 263 11 16
366 407 244 263 16 21
366 407 244 263 21 26
366 407 244 263 26 32
366 407 244 263 32 37
366 407 244 263 37 42
366 407 244 263 42 47
366 407 244 263 47 52
366 407 244 263 52 58
366 407 244 263 58 63
366 407 244 263 63 68
366 407 244 263 68 73
366 407 244 263 73 78
366 407 244 263 78 84
366 407 263 282 0 6
366 407 263 282 6 11
366 407 263 282 11 16
366 407 263 282 16 21
366 407 263 282 21 26
366 407 263 282 26 32
366 407 263 282 32 37
366 407 263 282 37 42
366 407 263 282 42 47
366 407 263 282 47 52
366 407 263 282 52 58
366 407 263 282 58 63
366 407 263 282 63 68
366 407 263 282 68 73
366 407 263 282 73 78
366 407 263 282 78 84
366 407 282 301 0 6
366 407 282 301 6 11
366 407 282 301 11 16
366 407 282 301 16 21
366 407 282 301 21 26
366 407 282 301 26 32
366 407 282 301 32 37
366 407 282 301 37 42
366 407 282 301 42 47
366 407 282 301 47 52
366 407 282 301 52 58
366 407 282 301 58 63
366 407 282 301 63 68
366 407 282 301 68 73
366 407 282 301 73 78
366 407 282 301 78 84
407 447 0 19 0 6
407 447 0 19 6 11
407 447 0 19 11 16
407 447 0 19 16 21
407 447 0 19 21 26
407 447 0 19 26 32
407 447 0 19 32 37
407 447 0 19 37 42
407 447 0 19 42 47
407 447 0 19 47 52
407 447 0 19 52 58
407 447 0 19 58 63
407 447 0 19 63 68
407 447 0 19 68 73
407 447 0 19 73 78
407 447 0 19 78 84
407 447 19 38 0 6
407 447 19 38 6 11
407 447 19 38 11 16
407 447 19 38 16 21
407 447 19 38 21 26
407 447 19 38 26 32
407 447 19 38 32 37
407 447 19 38 37 42
407 447 19 38 42 47
407 447 19 38 47 52
407 447 19 38 52 58
407 447 19 38 58 63
407 447 19 38 63 68
407 447 19 38 68 73
407 447 19 38 73 78
407 447 19 38 78 84
407 447 38 57 0 6
407 447 38 57 6 11
407 447 38 57 11 16
407 447 38 57 16 21
407 447 38 57 21 26
407 447 38 57 26 32
407 447 38 57 32 37
407 447 38 57 37 42
407 447 38 57 42 47
407 447 38 57 47 52
407 447 38 57 52 58
407 447 38 57 58 63
407 447 38 57 63 68
407 447 38 57 68 73
407 447 38 57 73 78
407 447 38 57 78 84
407 447 57 75 0 6
407 447 57 75 6 11
407 447 57 75 11 16
407 447 57 75 16 21
407 447 57 75 21 26
407 447 57 75 26 32
407 447 57 75 32 37
407 447 57 75 37 42
407 447 57 75 42 47
407 447 57 75 47 52
407 447 57 75 52 58
407 447 57 75 58 63
407 447 57 75 63 68
407 447 57 75 68 73
407 447 57 75 73 78
407 447 57 75 78 84
407 447 75 94 0 6
407 447 75 94 6 11
407 447 75 94 11 16
407 447 75 94 16 21
407 447 75 94 21 26
407 447 75 94 26 32
407 447 75 94 32 37
407 447 75 94 37 42
407 447 75 94 42 47
407 447 75 94 47 52
407 447 75 94 52 58
407 447 75 94 58 63
407 447 75 94 63 68
407 447 75 94 68 73
407 447 75 94 73 78
407 447 75 94 78 84
407 447 94 113 0 6
407 447 94 113 6 11
407 447 94 113 11 16
407 447 94 113 16 21
407 447 94 113 21 26
407 447 94 113 26 32
407 447 94 113 32 37
407 447 94 113 37 42
407 447 94 113 42 47
407 447 94 113 47 52
407 447 94 113 52 58
407 447 94 113 58 63
407 447 94 113 63 68
407 447 94 113 68 73
407 447 94 113 73 78
407 447 94 113 78 84
407 447 113 132 0 6
407 447 113 132 6 11
407 447 113 132 11 16
407 447 113 132 16 21
407 447 113 132 21 26
407 447 113 132 26 32
407 447 113 132 32 37
407 447 113 132 37 42
407 447 113 132 42 47
407 447 113 132 47 52
407 447 113 132 52 58
407 447 113 132 58 63
407 447 113 132 63 68
407 447 113 132 68 73
407 447 113 132 73 78
407 447 113 132 78 84
407 447 132 150 0 6
407 447 132 150 6 11
407 447 132 150 11 16
407 447 132 150 16 21
407 447 132 150 21 26
407 447 132 150 26 32
407 447 132 150 32 37
407 447 132 150 37 42
407 447 132 150 42 47
407 447 132 150 47 52
407 447 132 150 52 58
407 447 132 150 58 63
407 447 132 150 63 68
407 447 132 150 68 73
407 447 132 150 73 78
407 447 132 150 78 84
407 447 150 169 0 6
407 447 150 169 6 11
407 447 150 169 11 16
407 447 150 169 16 21
407 447 150 169 21 26
407 447 150 169 26 32
407 447 150 169 32 37
407 447 150 169 37 42
407 447 150 169 42 47
407 447 150 169 47 52
407 447 150 169 52 58
407 447 150 169 58 63
407 447 150 169 63 68
407 447 150 169 68 73
407 447 150 169 73 78
407 447 150 169 78 84
407 447 169 188 0 6
407 447 169 188 6 11
407 447 169 188 11 16
407 447 169 188 16 21
407 447 169 188 21 26
407 447 169 188 26 32
407 447 169 188 32 37
407 447 169 188 37 42
407 447 169 188 42 47
407 447 169 188 47 52
407 447 169 188 52 58
407 447 169 188 58 63
407 447 169 188 63 68
407 447 169 188 68 73
407 447 169 188 73 78
407 447 169 188 78 84
407 447 188 207 0 6
407 447 188 207 6 11
407 447 188 207 11 16
407 447 188 207 16 21
407 447 188 207 21 26
407 447 188 207 26 32
407 447 188 207 32 37
407 447 188 207 37 42
407 447 188 207 42 47
407 447 188 207 47 52
407 447 188 207 52 58
407 447 188 207 58 63
407 447 188 207 63 68
407 447 188 207 68 73
407 447 188 207 73 78
407 447 188 207 78 84
407 447 207 225 0 6
407 447 207 225 6 11
407 447 207 225 11 16
407 447 207 225 16 21
407 447 207 225 21 26
407 447 207 225 26 32
407 447 207 225 32 37
407 447 207 225 37 42
407 447 207 225 42 47
407 447 207 225 47 52
407 447 207 225 52 58
407 447 207 225 58 63
407 447 207 225 63 68
407 447 207 225 68 73
407 447 207 225 73 78
407 447 207 225 78 84
407 447 225 244 0 6
407 447 225 244 6 11
407 447 225 244 11 16
407 447 225 244 16 21
407 447 225 244 21 26
407 447 225 244 26 32
407 447 225 244 32 37
407 447 225 244 37 42
407 447 225 244 42 47
407 447 225 244 47 52
407 447 225 244 52 58
407 447 225 244 58 63
407 447 225 244 63 68
407 447 225 244 68 73
407 447 225 244 73 78
407 447 225 244 78 84
407 447 244 263 0 6
407 447 244 263 6 11
407 447 244 263 11 16
407 447 244 263 16 21
407 447 244 263 21 26
407 447 244 263 26 32
407 447 244 263 32 37
407 447 244 263 37 42
407 447 244 263 42 47
407 447 244 263 47 52
407 447 244 263 52 58
407 447 244 263 58 63
407 447 244 263 63 68
407 447 244 263 68 73
407 447 244 263 73 78
407 447 244 263 78 84
407 447 263 282 0 6
407 447 263 282 6 11
407 447 263 282 11 16
407 447 263 282 16 21
407 447 263 282 21 26
407 447 263 282 26 32
407 447 263 282 32 37
407 447 263 282 37 42
407 447 263 282 42 47
407 447 263 282 47 52
407 447 263 282 52 58
407 447 263 282 58 63
407 447 263 282 63 68
407 447 263 282 68 73
407 447 263 282 73 78
407 447 263 282 78 84
407 447 282 301 0 6
407 447 282 301 6 11
407 447 282 301 11 16
407 447 282 301 16 21
407 447 282 301 21 26
407 447 282 301 26 32
407 447 282 301 32 37
407 447 282 301 37 42
407 447 282 301 42 47
407 447 282 301 47 52
407 447 282 301 52 58
407 447 282 301 58 63
407 447 282 301 63 68
407 447 282 301 68 73
407 447 282 301 73 78
407 447 282 301 78 84
447 488 0 19 0 6
447 488 0 19 6 11
447 488 0 19 11 16
447 488 0 19 16 21
447 488 0 19 21 26
447 488 0 19 26 32
447 488 0 19 32 37
447 488 0 19 37 42
447 488 0 19 42 47
447 488 0 19 47 52
447 488 0 19 52 58
447 488 0 19 58 63
447 488 0 19 63 68
447 488 0 19 68 73
447 488 0 19 73 78
447 488 0 19 78 84
447 488 19 38 0 6
447 488 19 38 6 11
447 488 19 38 11 16
447 488 19 38 16 21
447 488 19 38 21 26
447 488 19 38 26 32
447 488 19 38 32 37
447 488 19 38 37 42
447 488 19 38 42 47
447 488 19 38 47 52
447 488 19 38 52 58
447 488 19 38 58 63
447 488 19 38 63 68
447 488 19 38 68 73
447 488 19 38 73 78
447 488 19 38 78 84
447 488 38 57 0 6
447 488 38 57 6 11
447 488 38 57 11 16
447 488 38 57 16 21
447 488 38 57 21 26
447 488 38 57 26 32
447 488 38 57 32 37
447 488 38 57 37 42
447 488 38 57 42 47
447 488 38 57 47 52
447 488 38 57 52 58
447 488 38 57 58 63
447 488 38 57 63 68
447 488 38 57 68 73
447 488 38 57 73 78
447 488 38 57 78 84
447 488 57 75 0 6
447 488 57 75 6 11
447 488 57 75 11 16
447 488 57 75 16 21
447 488 57 75 21 26
447 488 57 75 26 32
447 488 57 75 32 37
447 488 57 75 37 42
447 488 57 75 42 47
447 488 57 75 47 52
447 488 57 75 52 58
447 488 57 75 58 63
447 488 57 75 63 68
447 488 57 75 68 73
447 488 57 75 73 78
447 488 57 75 78 84
447 488 75 94 0 6
447 488 75 94 6 11
447 488 75 94 11 16
447 488 75 94 16 21
447 488 75 94 21 26
447 488 75 94 26 32
447 488 75 94 32 37
447 488 75 94 37 42
447 488 75 94 42 47
447 488 75 94 47 52
447 488 75 94 52 58
447 488 75 94 58 63
447 488 75 94 63 68
447 488 75 94 68 73
447 488 75 94 73 78
447 488 75 94 78 84
447 488 94 113 0 6
447 488 94 113 6 11
447 488 94 113 11 16
447 488 94 113 16 21
447 488 94 113 21 26
447 488 94 113 26 32
447 488 94 113 32 37
447 488 94 113 37 42
447 488 94 113 42 47
447 488 94 113 47 52
447 488 94 113 52 58
447 488 94 113 58 63
447 488 94 113 63 68
447 488 94 113 68 73
447 488 94 113 73 78
447 488 94 113 78 84
447 488 113 132 0 6
447 488 113 132 6 11
447 488 113 132 11 16
447 488 113 132 16 21
447 488 113 132 21 26
447 488 113 132 26 32
447 488 113 132 32 37
447 488 113 132 37 42
447 488 113 132 42 47
447 488 113 132 47 52
447 488 113 132 52 58
447 488 113 132 58 63
447 488 113 132 63 68
447 488 113 132 68 73
447 488 113 132 73 78
447 488 113 132 78 84
447 488 132 150 0 6
447 488 132 150 6 11
447 488 132 150 11 16
447 488 132 150 16 21
447 488 132 150 21 26
447 488 132 150 26 32
447 488 132 150 32 37
447 488 132 150 37 42
447 488 132 150 42 47
447 488 132 150 47 52
447 488 132 150 52 58
447 488 132 150 58 63
447 488 132 150 63 68
447 488 132 150 68 73
447 488 132 150 73 78
447 488 132 150 78 84
447 488 150 169 0 6
447 488 150 169 6 11
447 488 150 169 11 16
447 488 150 169 16 21
447 488 150 169 21 26
447 488 150 169 26 32
447 488 150 169 32 37
447 488 150 169 37 42
447 488 150 169 42 47
447 488 150 169 47 52
447 488 150 169 52 58
447 488 150 169 58 63
447 488 150 169 63 68
447 488 150 169 68 73
447 488 150 169 73 78
447 488 150 169 78 84
447 488 169 188 0 6
447 488 169 188 6 11
447 488 169 188 11 16
447 488 169 188 16 21
447 488 169 188 21 26
447 488 169 188 26 32
447 488 169 188 32 37
447 488 169 188 37 42
447 488 169 188 42 47
447 488 169 188 47 52
447 488 169 188 52 58
447 488 169 188 58 63
447 488 169 188 63 68
447 488 169 188 68 73
447 488 169 188 73 78
447 488 169 188 78 84
447 488 188 207 0 6
447 488 188 207 6 11
447 488 188 207 11 16
447 488 188 207 16 21
447 488 188 207 21 26
447 488 188 207 26 32
447 488 188 207 32 37
447 488 188 207 37 42
447 488 188 207 42 47
447 488 188 207 47 52
447 488 188 207 52 58
447 488 188 207 58 63
447 488 188 207 63 68
447 488 188 207 68 73
447 488 188 207 73 78
447 488 188 207 78 84
447 488 207 225 0 6
447 488 207 225 6 11
447 488 207 225 11 16
447 488 207 225 16 21
447 488 207 225 21 26
447 488 207 225 26 32
447 488 207 225 32 37
447 488 207 225 37 42
447 488 207 225 42 47
447 488 207 225 47 52
447 488 207 225 52 58
447 488 207 225 58 63
447 488 207 225 63 68
447 488 207 225 68 73
447 488 207 225 73 78
447 488 207 225 78 84
447 488 225 244 0 6
447 488 225 244 6 11
447 488 225 244 11 16
447 488 225 244 16 21
447 488 225 244 21 26
447 488 225 244 26 32
447 488 225 244 32 37
447 488 225 244 37 42
447 488 225 244 42 47
447 488 225 244 47 52
447 488 225 244 52 58
447 488 225 244 58 63
447 488 225 244 63 68
447 488 225 244 68 73
447 488 225 244 73 78
447 488 225 244 78 84
447 488 244 263 0 6
447 488 244 263 6 11
447 488 244 263 11 16
447 488 244 263 16 21
447 488 244 263 21 26
447 488 244 263 26 32
447 488 244 263 32 37
447 488 244 263 37 42
447 488 244 263 42 47
447 488 244 263 47 52
447 488 244 263 52 58
447 488 244 263 58 63
447 488 244 263 63 68
447 488 244 263 68 73
447 488 244 263 73 78
447 488 244 263 78 84
447 488 263 282 0 6
447 488 263 282 6 11
447 488 263 282 11 16
447 488 263 282 16 21
447 488 263 282 21 26
447 488 263 282 26 32
447 488 263 282 32 37
447 488 263 282 37 42
447 488 263 282 42 47
447 488 263 282 47 52
447 488 263 282 52 58
447 488 263 282 58 63
447 488 263 282 63 68
447 488 263 282 68 73
447 488 263 282 73 78
447 488 263 282 78 84
447 488 282 301 0 6
447 488 282 301 6 11
447 488 282 301 11 16
447 488 282 301 16 21
447 488 282 301 21 26
447 488 282 301 26 32
447 488 282 301 32 37
447 488 282 301 37 42
447 488 282 301 42 47
447 488 282 301 47 52
447 488 282 301 52 58
447 488 282 301 58 63
447 488 282 301 63 68
447 488 282 301 68 73
447 488 282 301 73 78
447 488 282 301 78 84
488 529 0 19 0 6
488 529 0 19 6 11
488 529 0 19 11 16
488 529 0 19 16 21
488 529 0 19 21 26
488 529 0 19 26 32
488 529 0 19 32 37
488 529 0 19 37 42
488 529 0 19 42 47
488 529 0 19 47 52
488 529 0 19 52 58
488 529 0 19 58 63
488 529 0 19 63 68
488 529 0 19 68 73
488 529 0 19 73 78
488 529 0 19 78 84
488 529 19 38 0 6
488 529 19 38 6 11
488 529 19 38 11 16
488 529 19 38 16 21
488 529 19 38 21 26
488 529 19 38 26 32
488 529 19 38 32 37
488 529 19 38 37 42
488 529 19 38 42 47
488 529 19 38 47 52
488 529 19 38 52 58
488 529 19 38 58 63
488 529 19 38 63 68
488 529 19 38 68 73
488 529 19 38 73 78
488 529 19 38 78 84
488 529 38 57 0 6
488 529 38 57 6 11
488 529 38 57 11 16
488 529 38 57 16 21
488 529 38 57 21 26
488 529 38 57 26 32
488 529 38 57 32 37
488 529 38 57 37 42
488 529 38 57 42 47
488 529 38 57 47 52
488 529 38 57 52 58
488 529 38 57 58 63
488 529 38 57 63 68
488 529 38 57 68 73
488 529 38 57 73 78
488 529 38 57 78 84
488 529 57 75 0 6
488 529 57 75 6 11
488 529 57 75 11 16
488 529 57 75 16 21
488 529 57 75 21 26
488 529 57 75 26 32
488 529 57 75 32 37
488 529 57 75 37 42
488 529 57 75 42 47
488 529 57 75 47 52
488 529 57 75 52 58
488 529 57 75 58 63
488 529 57 75 63 68
488 529 57 75 68 73
488 529 57 75 73 78
488 529 57 75 78 84
488 529 75 94 0 6
488 529 75 94 6 11
488 529 75 94 11 16
488 529 75 94 16 21
488 529 75 94 21 26
488 529 75 94 26 32
488 529 75 94 32 37
488 529 75 94 37 42
488 529 75 94 42 47
488 529 75 94 47 52
488 529 75 94 52 58
488 529 75 94 58 63
488 529 75 94 63 68
488 529 75 94 68 73
488 529 75 94 73 78
488 529 75 94 78 84
488 529 94 113 0 6
488 529 94 113 6 11
488 529 94 113 11 16
488 529 94 113 16 21
488 529 94 113 21 26
488 529 94 113 26 32
488 529 94 113 32 37
488 529 94 113 37 42
488 529 94 113 42 47
488 529 94 113 47 52
488 529 94 113 52 58
488 529 94 113 58 63
488 529 94 113 63 68
488 529 94 113 68 73
488 529 94 113 73 78
488 529 94 113 78 84
488 529 113 132 0 6
488 529 113 132 6 11
488 529 113 132 11 16
488 529 113 132 16 21
488 529 113 132 21 26
488 529 113 132 26 32
488 529 113 132 32 37
488 529 113 132 37 42
488 529 113 132 42 47
488 529 113 132 47 52
488 529 113 132 52 58
488 529 113 132 58 63
488 529 113 132 63 68
488 529 113 132 68 73
488 529 113 132 73 78
488 529 113 132 78 84
488 529 132 150 0 6
488 529 132 150 6 11
488 529 132 150 11 16
488 529 132 150 16 21
488 529 132 150 21 26
488 529 132 150 26 32
488 529 132 150 32 37
488 529 132 150 37 42
488 529 132 150 42 47
488 529 132 150 47 52
488 529 132 150 52 58
488 529 132 150 58 63
488 529 132 150 63 68
488 529 132 150 68 73
488 529 132 150 73 78
488 529 132 150 78 84
488 529 150 169 0 6
488 529 150 169 6 11
488 529 150 169 11 16
488 529 150 169 16 21
488 529 150 169 21 26
488 529 150 169 26 32
488 529 150 169 32 37
488 529 150 169 37 42
488 529 150 169 42 47
488 529 150 169 47 52
488 529 150 169 52 58
488 529 150 169 58 63
488 529 150 169 63 68
488 529 150 169 68 73
488 529 150 169 73 78
488 529 150 169 78 84
488 529 169 188 0 6
488 529 169 188 6 11
488 529 169 188 11 16
488 529 169 188 16 21
488 529 169 188 21 26
488 529 169 188 26 32
488 529 169 188 32 37
488 529 169 188 37 42
488 529 169 188 42 47
488 529 169 188 47 52
488 529 169 188 52 58
488 529 169 188 58 63
488 529 169 188 63 68
488 529 169 188 68 73
488 529 169 188 73 78
488 529 169 188 78 84
488 529 188 207 0 6
488 529 188 207 6 11
488 529 188 207 11 16
488 529 188 207 16 21
488 529 188 207 21 26
488 529 188 207 26 32
488 529 188 207 32 37
488 529 188 207 37 42
488 529 188 207 42 47
488 529 188 207 47 52
488 529 188 207 52 58
488 529 188 207 58 63
488 529 188 207 63 68
488 529 188 207 68 73
488 529 188 207 73 78
488 529 188 207 78 84
488 529 207 225 0 6
488 529 207 225 6 11
488 529 207 225 11 16
488 529 207 225 16 21
488 529 207 225 21 26
488 529 207 225 26 32
488 529 207 225 32 37
488 529 207 225 37 42
488 529 207 225 42 47
488 529 207 225 47 52
488 529 207 225 52 58
488 529 207 225 58 63
488 529 207 225 63 68
488 529 207 225 68 73
488 529 207 225 73 78
488 529 207 225 78 84
488 529 225 244 0 6
488 529 225 244 6 11
488 529 225 244 11 16
488 529 225 244 16 21
488 529 225 244 21 26
488 529 225 244 26 32
488 529 225 244 32 37
488 529 225 244 37 42
488 529 225 244 42 47
488 529 225 244 47 52
488 529 225 244 52 58
488 529 225 244 58 63
488 529 225 244 63 68
488 529 225 244 68 73
488 529 225 244 73 78
488 529 225 244 78 84
488 529 244 263 0 6
488 529 244 263 6 11
488 529 244 263 11 16
488 529 244 263 16 21
488 529 244 263 21 26
488 529 244 263 26 32
488 529 244 263 32 37
488 529 244 263 37 42
488 529 244 263 42 47
488 529 244 263 47 52
488 529 244 263 52 58
488 529 244 263 58 63
488 529 244 263 63 68
488 529 244 263 68 73
488 529 244 263 73 78
488 529 244 263 78 84
488 529 263 282 0 6
488 529 263 282 6 11
488 529 263 282 11 16
488 529 263 282 16 21
488 529 263 282 21 26
488 529 263 282 26 32
488 529 263 282 32 37
488 529 263 282 37 42
488 529 263 282 42 47
488 529 263 282 47 52
488 529 263 282 52 58
488 529 263 282 58 63
488 529 263 282 63 68
488 529 263 282 68 73
488 529 263 282 73 78
488 529 263 282 78 84
488 529 282 301 0 6
488 529 282 301 6 11
488 529 282 301 11 16
488 529 282 301 16 21
488 529 282 301 21 26
488 529 282 301 26 32
488 529 282 301 32 37
488 529 282 301 37 42
488 529 282 301 42 47
488 529 282 301 47 52
488 529 282 301 52 58
488 529 282 301 58 63
488 529 282 301 63 68
488 529 282 301 68 73
488 529 282 301 73 78
488 529 282 301 78 84
529 569 0 19 0 6
529 569 0 19 6 11
529 569 0 19 11 16
529 569 0 19 16 21
529 569 0 19 21 26
529 569 0 19 26 32
529 569 0 19 32 37
529 569 0 19 37 42
529 569 0 19 42 47
529 569 0 19 47 52
529 569 0 19 52 58
529 569 0 19 58 63
529 569 0 19 63 68
529 569 0 19 68 73
529 569 0 19 73 78
529 569 0 19 78 84
529 569 19 38 0 6
529 569 19 38 6 11
529 569 19 38 11 16
529 569 19 38 16 21
529 569 19 38 21 26
529 569 19 38 26 32
529 569 19 38 32 37
529 569 19 38 37 42
529 569 19 38 42 47
529 569 19 38 47 52
529 569 19 38 52 58
529 569 19 38 58 63
529 569 19 38 63 68
529 569 19 38 68 73
529 569 19 38 73 78
529 569 19 38 78 84
529 569 38 57 0 6
529 569 38 57 6 11
529 569 38 57 11 16
529 569 38 57 16 21
529 569 38 57 21 26
529 569 38 57 26 32
529 569 38 57 32 37
529 569 38 57 37 42
529 569 38 57 42 47
529 569 38 57 47 52
529 569 38 57 52 58
529 569 38 57 58 63
529 569 38 57 63 68
529 569 38 57 68 73
529 569 38 57 73 78
529 569 38 57 78 84
529 569 57 75 0 6
529 569 57 75 6 11
529 569 57 75 11 16
529 569 57 75 16 21
529 569 57 75 21 26
529 569 57 75 26 32
529 569 57 75 32 37
529 569 57 75 37 42
529 569 57 75 42 47
529 569 57 75 47 52
529 569 57 75 52 58
529 569 57 75 58 63
529 569 57 75 63 68
529 569 57 75 68 73
529 569 57 75 73 78
529 569 57 75 78 84
529 569 75 94 0 6
529 569 75 94 6 11
529 569 75 94 11 16
529 569 75 94 16 21
529 569 75 94 21 26
529 569 75 94 26 32
529 569 75 94 32 37
529 569 75 94 37 42
529 569 75 94 42 47
529 569 75 94 47 52
529 569 75 94 52 58
529 569 75 94 58 63
529 569 75 94 63 68
529 569 75 94 68 73
529 569 75 94 73 78
529 569 75 94 78 84
529 569 94 113 0 6
529 569 94 113 6 11
529 569 94 113 11 16
529 569 94 113 16 21
529 569 94 113 21 26
529 569 94 113 26 32
529 569 94 113 32 37
529 569 94 113 37 42
529 569 94 113 42 47
529 569 94 113 47 52
529 569 94 113 52 58
529 569 94 113 58 63
529 569 94 113 63 68
529 569 94 113 68 73
529 569 94 113 73 78
529 569 94 113 78 84
529 569 113 132 0 6
529 569 113 132 6 11
529 569 113 132 11 16
529 569 113 132 16 21
529 569 113 132 21 26
529 569 113 132 26 32
529 569 113 132 32 37
529 569 113 132 37 42
529 569 113 132 42 47
529 569 113 132 47 52
529 569 113 132 52 58
529 569 113 132 58 63
529 569 113 132 63 68
529 569 113 132 68 73
529 569 113 132 73 78
529 569 113 132 78 84
529 569 132 150 0 6
529 569 132 150 6 11
529 569 132 150 11 16
529 569 132 150 16 21
529 569 132 150 21 26
529 569 132 150 26 32
529 569 132 150 32 37
529 569 132 150 37 42
529 569 132 150 42 47
529 569 132 150 47 52
529 569 132 150 52 58
529 569 132 150 58 63
529 569 132 150 63 68
529 569 132 150 68 73
529 569 132 150 73 78
529 569 132 150 78 84
529 569 150 169 0 6
529 569 150 169 6 11
529 569 150 169 11 16
529 569 150 169 16 21
529 569 150 169 21 26
529 569 150 169 26 32
529 569 150 169 32 37
529 569 150 169 37 42
529 569 150 169 42 47
529 569 150 169 47 52
529 569 150 169 52 58
529 569 150 169 58 63
529 569 150 169 63 68
529 569 150 169 68 73
529 569 150 169 73 78
529 569 150 169 78 84
529 569 169 188 0 6
529 569 169 188 6 11
529 569 169 188 11 16
529 569 169 188 16 21
529 569 169 188 21 26
529 569 169 188 26 32
529 569 169 188 32 37
529 569 169 188 37 42
529 569 169 188 42 47
529 569 169 188 47 52
529 569 169 188 52 58
529 569 169 188 58 63
529 569 169 188 63 68
529 569 169 188 68 73
529 569 169 188 73 78
529 569 169 188 78 84
529 569 188 207 0 6
529 569 188 207 6 11
529 569 188 207 11 16
529 569 188 207 16 21
529 569 188 207 21 26
529 569 188 207 26 32
529 569 188 207 32 37
529 569 188 207 37 42
529 569 188 207 42 47
529 569 188 207 47 52
529 569 188 207 52 58
529 569 188 207 58 63
529 569 188 207 63 68
529 569 188 207 68 73
529 569 188 207 73 78
529 569 188 207 78 84
529 569 207 225 0 6
529 569 207 225 6 11
529 569 207 225 11 16
529 569 207 225 16 21
529 569 207 225 21 26
529 569 207 225 26 32
529 569 207 225 32 37
529 569 207 225 37 42
529 569 207 225 42 47
529 569 207 225 47 52
529 569 207 225 52 58
529 569 207 225 58 63
529 569 207 225 63 68
529 569 207 225 68 73
529 569 207 225 73 78
529 569 207 225 78 84
529 569 225 244 0 6
529 569 225 244 6 11
529 569 225 244 11 16
529 569 225 244 16 21
529 569 225 244 21 26
529 569 225 244 26 32
529 569 225 244 32 37
529 569 225 244 37 42
529 569 225 244 42 47
529 569 225 244 47 52
529 569 225 244 52 58
529 569 225 244 58 63
529 569 225 244 63 68
529 569 225 244 68 73
529 569 225 244 73 78
529 569 225 244 78 84
529 569 244 263 0 6
529 569 244 263 6 11
529 569 244 263 11 16
529 569 244 263 16 21
529 569 244 263 21 26
529 569 244 263 26 32
529 569 244 263 32 37
529 569 244 263 37 42
529 569 244 263 42 47
529 569 244 263 47 52
529 569 244 263 52 58
529 569 244 263 58 63
529 569 244 263 63 68
529 569 244 263 68 73
529 569 244 263 73 78
529 569 244 263 78 84
529 569 263 282 0 6
529 569 263 282 6 11
529 569 263 282 11 16
529 569 263 282 16 21
529 569 263 282 21 26
529 569 263 282 26 32
529 569 263 282 32 37
529 569 263 282 37 42
529 569 263 282 42 47
529 569 263 282 47 52
529 569 263 282 52 58
529 569 263 282 58 63
529 569 263 282 63 68
529 569 263 282 68 73
529 569 263 282 73 78
529 569 263 282 78 84
529 569 282 301 0 6
529 569 282 301 6 11
529 569 282 301 11 16
529 569 282 301 16 21
529 569 282 301 21 26
529 569 282 301 26 32
529 569 282 301 32 37
529 569 282 301 37 42
529 569 282 301 42 47
529 569 282 301 47 52
529 569 282 301 52 58
529 569 282 301 58 63
529 569 282 301 63 68
529 569 282 301 68 73
529 569 282 301 73 78
529 569 282 301 78 84
569 610 0 19 0 6
569 610 0 19 6 11
569 610 0 19 11 16
569 610 0 19 16 21
569 610 0 19 21 26
569 610 0 19 26 32
569 610 0 19 32 37
569 610 0 19 37 42
569 610 0 19 42 47
569 610 0 19 47 52
569 610 0 19 52 58
569 610 0 19 58 63
569 610 0 19 63 68
569 610 0 19 68 73
569 610 0 19 73 78
569 610 0 19 78 84
569 610 19 38 0 6
569 610 19 38 6 11
569 610 19 38 11 16
569 610 19 38 16 21
569 610 19 38 21 26
569 610 19 38 26 32
569 610 19 38 32 37
569 610 19 38 37 42
569 610 19 38 42 47
569 610 19 38 47 52
569 610 19 38 52 58
569 610 19 38 58 63
569 610 19 38 63 68
569 610 19 38 68 73
569 610 19 38 73 78
569 610 19 38 78 84
569 610 38 57 0 6
569 610 38 57 6 11
569 610 38 57 11 16
569 610 38 57 16 21
569 610 38 57 21 26
569 610 38 57 26 32
569 610 38 57 32 37
569 610 38 57 37 42
569 610 38 57 42 47
569 610 38 57 47 52
569 610 38 57 52 58
569 610 38 57 58 63
569 610 38 57 63 68
569 610 38 57 68 73
569 610 38 57 73 78
569 610 38 57 78 84
569 610 57 75 0 6
569 610 57 75 6 11
569 610 57 75 11 16
569 610 57 75 16 21
569 610 57 75 21 26
569 610 57 75 26 32
569 610 57 75 32 37
569 610 57 75 37 42
569 610 57 75 42 47
569 610 57 75 47 52
569 610 57 75 52 58
569 610 57 75 58 63
569 610 57 75 63 68
569 610 57 75 68 73
569 610 57 75 73 78
569 610 57 75 78 84
569 610 75 94 0 6
569 610 75 94 6 11
569 610 75 94 11 16
569 610 75 94 16 21
569 610 75 94 21 26
569 610 75 94 26 32
569 610 75 94 32 37
569 610 75 94 37 42
569 610 75 94 42 47
569 610 75 94 47 52
569 610 75 94 52 58
569 610 75 94 58 63
569 610 75 94 63 68
569 610 75 94 68 73
569 610 75 94 73 78
569 610 75 94 78 84
569 610 94 113 0 6
569 610 94 113 6 11
569 610 94 113 11 16
569 610 94 113 16 21
569 610 94 113 21 26
569 610 94 113 26 32
569 610 94 113 32 37
569 610 94 113 37 42
569 610 94 113 42 47
569 610 94 113 47 52
569 610 94 113 52 58
569 610 94 113 58 63
569 610 94 113 63 68
569 610 94 113 68 73
569 610 94 113 73 78
569 610 94 113 78 84
569 610 113 132 0 6
569 610 113 132 6 11
569 610 113 132 11 16
569 610 113 132 16 21
569 610 113 132 21 26
569 610 113 132 26 32
569 610 113 132 32 37
569 610 113 132 37 42
569 610 113 132 42 47
569 610 113 132 47 52
569 610 113 132 52 58
569 610 113 132 58 63
569 610 113 132 63 68
569 610 113 132 68 73
569 610 113 132 73 78
569 610 113 132 78 84
569 610 132 150 0 6
569 610 132 150 6 11
569 610 132 150 11 16
569 610 132 150 16 21
569 610 132 150 21 26
569 610 132 150 26 32
569 610 132 150 32 37
569 610 132 150 37 42
569 610 132 150 42 47
569 610 132 150 47 52
569 610 132 150 52 58
569 610 132 150 58 63
569 610 132 150 63 68
569 610 132 150 68 73
569 610 132 150 73 78
569 610 132 150 78 84
569 610 150 169 0 6
569 610 150 169 6 11
569 610 150 169 11 16
569 610 150 169 16 21
569 610 150 169 21 26
569 610 150 169 26 32
569 610 150 169 32 37
569 610 150 169 37 42
569 610 150 169 42 47
569 610 150 169 47 52
569 610 150 169 52 58
569 610 150 169 58 63
569 610 150 169 63 68
569 610 150 169 68 73
569 610 150 169 73 78
569 610 150 169 78 84
569 610 169 188 0 6
569 610 169 188 6 11
569 610 169 188 11 16
569 610 169 188 16 21
569 610 169 188 21 26
569 610 169 188 26 32
569 610 169 188 32 37
569 610 169 188 37 42
569 610 169 188 42 47
569 610 169 188 47 52
569 610 169 188 52 58
569 610 169 188 58 63
569 610 169 188 63 68
569 610 169 188 68 73
569 610 169 188 73 78
569 610 169 188 78 84
569 610 188 207 0 6
569 610 188 207 6 11
569 610 188 207 11 16
569 610 188 207 16 21
569 610 188 207 21 26
569 610 188 207 26 32
569 610 188 207 32 37
569 610 188 207 37 42
569 610 188 207 42 47
569 610 188 207 47 52
569 610 188 207 52 58
569 610 188 207 58 63
569 610 188 207 63 68
569 610 188 207 68 73
569 610 188 207 73 78
569 610 188 207 78 84
569 610 207 225 0 6
569 610 207 225 6 11
569 610 207 225 11 16
569 610 207 225 16 21
569 610 207 225 21 26
569 610 207 225 26 32
569 610 207 225 32 37
569 610 207 225 37 42
569 610 207 225 42 47
569 610 207 225 47 52
569 610 207 225 52 58
569 610 207 225 58 63
569 610 207 225 63 68
569 610 207 225 68 73
569 610 207 225 73 78
569 610 207 225 78 84
569 610 225 244 0 6
569 610 225 244 6 11
569 610 225 244 11 16
569 610 225 244 16 21
569 610 225 244 21 26
569 610 225 244 26 32
569 610 225 244 32 37
569 610 225 244 37 42
569 610 225 244 42 47
569 610 225 244 47 52
569 610 225 244 52 58
569 610 225 244 58 63
569 610 225 244 63 68
569 610 225 244 68 73
569 610 225 244 73 78
569 610 225 244 78 84
569 610 244 263 0 6
569 610 244 263 6 11
569 610 244 263 11 16
569 610 244 263 16 21
569 610 244 263 21 26
569 610 244 263 26 32
569 610 244 263 32 37
569 610 244 263 37 42
569 610 244 263 42 47
569 610 244 263 47 52
569 610 244 263 52 58
569 610 244 263 58 63
569 610 244 263 63 68
569 610 244 263 68 73
569 610 244 263 73 78
569 610 244 263 78 84
569 610 263 282 0 6
569 610 263 282 6 11
569 610 263 282 11 16
569 610 263 282 16 21
569 610 263 282 21 26
569 610 263 282 26 32
569 610 263 282 32 37
569 610 263 282 37 42
569 610 263 282 42 47
569 610 263 282 47 52
569 610 263 282 52 58
569 610 263 282 58 63
569 610 263 282 63 68
569 610 263 282 68 73
569 610 263 282 73 78
569 610 263 282 78 84
569 610 282 301 0 6
569 610 282 301 6 11
569 610 282 301 11 16
569 610 282 301 16 21
569 610 282 301 21 26
569 610 282 301 26 32
569 610 282 301 32 37
569 610 282 301 37 42
569 610 282 301 42 47
569 610 282 301 47 52
569 610 282 301 52 58
569 610 282 301 58 63
569 610 282 301 63 68
569 610 282 301 68 73
569 610 282 301 73 78
569 610 282 301 78 84
610 651 0 19 0 6
610 651 0 19 6 11
610 651 0 19 11 16
610 651 0 19 16 21
610 651 0 19 21 26
610 651 0 19 26 32
610 651 0 19 32 37
610 651 0 19 37 42
610 651 0 19 42 47
610 651 0 19 47 52
610 651 0 19 52 58
610 651 0 19 58 63
610 651 0 19 63 68
610 651 0 19 68 73
610 651 0 19 73 78
610 651 0 19 78 84
610 651 19 38 0 6
610 651 19 38 6 11
610 651 19 38 11 16
610 651 19 38 16 21
610 651 19 38 21 26
610 651 19 38 26 32
610 651 19 38 32 37
610 651 19 38 37 42
610 651 19 38 42 47
610 651 19 38 47 52
610 651 19 38 52 58
610 651 19 38 58 63
610 651 19 38 63 68
610 651 19 38 68 73
610 651 19 38 73 78
610 651 19 38 78 84
610 651 38 57 0 6
610 651 38 57 6 11
610 651 38 57 11 16
610 651 38 57 16 21
610 651 38 57 21 26
610 651 38 57 26 32
610 651 38 57 32 37
610 651 38 57 37 42
610 651 38 57 42 47
610 651 38 57 47 52
610 651 38 57 52 58
610 651 38 57 58 63
610 651 38 57 63 68
610 651 38 57 68 73
610 651 38 57 73 78
610 651 38 57 78 84
610 651 57 75 0 6
610 651 57 75 6 11
610 651 57 75 11 16
610 651 57 75 16 21
610 651 57 75 21 26
610 651 57 75 26 32
610 651 57 75 32 37
610 651 57 75 37 42
610 651 57 75 42 47
610 651 57 75 47 52
610 651 57 75 52 58
610 651 57 75 58 63
610 651 57 75 63 68
610 651 57 75 68 73
610 651 57 75 73 78
610 651 57 75 78 84
610 651 75 94 0 6
610 651 75 94 6 11
610 651 75 94 11 16
610 651 75 94 16 21
610 651 75 94 21 26
610 651 75 94 26 32
610 651 75 94 32 37
610 651 75 94 37 42
610 651 75 94 42 47
610 651 75 94 47 52
610 651 75 94 52 58
610 651 75 94 58 63
610 651 75 94 63 68
610 651 75 94 68 73
610 651 75 94 73 78
610 651 75 94 78 84
610 651 94 113 0 6
610 651 94 113 6 11
610 651 94 113 11 16
610 651 94 113 16 21
610 651 94 113 21 26
610 651 94 113 26 32
610 651 94 113 32 37
610 651 94 113 37 42
610 651 94 113 42 47
610 651 94 113 47 52
610 651 94 113 52 58
610 651 94 113 58 63
610 651 94 113 63 68
610 651 94 113 68 73
610 651 94 113 73 78
610 651 94 113 78 84
610 651 113 132 0 6
610 651 113 132 6 11
610 651 113 132 11 16
610 651 113 132 16 21
610 651 113 132 21 26
610 651 113 132 26 32
610 651 113 132 32 37
610 651 113 132 37 42
610 651 113 132 42 47
610 651 113 132 47 52
610 651 113 132 52 58
610 651 113 132 58 63
610 651 113 132 63 68
610 651 113 132 68 73
610 651 113 132 73 78
610 651 113 132 78 84
610 651 132 150 0 6
610 651 132 150 6 11
610 651 132 150 11 16
610 651 132 150 16 21
610 651 132 150 21 26
610 651 132 150 26 32
610 651 132 150 32 37
610 651 132 150 37 42
610 651 132 150 42 47
610 651 132 150 47 52
610 651 132 150 52 58
610 651 132 150 58 63
610 651 132 150 63 68
610 651 132 150 68 73
610 651 132 150 73 78
610 651 132 150 78 84
610 651 150 169 0 6
610 651 150 169 6 11
610 651 150 169 11 16
610 651 150 169 16 21
610 651 150 169 21 26
610 651 150 169 26 32
610 651 150 169 32 37
610 651 150 169 37 42
610 651 150 169 42 47
610 651 150 169 47 52
610 651 150 169 52 58
610 651 150 169 58 63
610 651 150 169 63 68
610 651 150 169 68 73
610 651 150 169 73 78
610 651 150 169 78 84
610 651 169 188 0 6
610 651 169 188 6 11
610 651 169 188 11 16
610 651 169 188 16 21
610 651 169 188 21 26
610 651 169 188 26 32
610 651 169 188 32 37
610 651 169 188 37 42
610 651 169 188 42 47
610 651 169 188 47 52
610 651 169 188 52 58
610 651 169 188 58 63
610 651 169 188 63 68
610 651 169 188 68 73
610 651 169 188 73 78
610 651 169 188 78 84
610 651 188 207 0 6
610 651 188 207 6 11
610 651 188 207 11 16
610 651 188 207 16 21
610 651 188 207 21 26
610 651 188 207 26 32
610 651 188 207 32 37
610 651 188 207 37 42
610 651 188 207 42 47
610 651 188 207 47 52
610 651 188 207 52 58
610 651 188 207 58 63
610 651 188 207 63 68
610 651 188 207 68 73
610 651 188 207 73 78
610 651 188 207 78 84
610 651 207 225 0 6
610 651 207 225 6 11
610 651 207 225 11 16
610 651 207 225 16 21
610 651 207 225 21 26
610 651 207 225 26 32
610 651 207 225 32 37
610 651 207 225 37 42
610 651 207 225 42 47
610 651 207 225 47 52
610 651 207 225 52 58
610 651 207 225 58 63
610 651 207 225 63 68
610 651 207 225 68 73
610 651 207 225 73 78
610 651 207 225 78 84
610 651 225 244 0 6
610 651 225 244 6 11
610 651 225 244 11 16
610 651 225 244 16 21
610 651 225 244 21 26
610 651 225 244 26 32
610 651 225 244 32 37
610 651 225 244 37 42
610 651 225 244 42 47
610 651 225 244 47 52
610 651 225 244 52 58
610 651 225 244 58 63
610 651 225 244 63 68
610 651 225 244 68 73
610 651 225 244 73 78
610 651 225 244 78 84
610 651 244 263 0 6
610 651 244 263 6 11
610 651 244 263 11 16
610 651 244 263 16 21
610 651 244 263 21 26
610 651 244 263 26 32
610 651 244 263 32 37
610 651 244 263 37 42
610 651 244 263 42 47
610 651 244 263 47 52
610 651 244 263 52 58
610 651 244 263 58 63
610 651 244 263 63 68
610 651 244 263 68 73
610 651 244 263 73 78
610 651 244 263 78 84
610 651 263 282 0 6
610 651 263 282 6 11
610 651 263 282 11 16
610 651 263 282 16 21
610 651 263 282 21 26
610 651 263 282 26 32
610 651 263 282 32 37
610 651 263 282 37 42
610 651 263 282 42 47
610 651 263 282 47 52
610 651 263 282 52 58
610 651 263 282 58 63
610 651 263 282 63 68
610 651 263 282 68 73
610 651 263 282 73 78
610 651 263 282 78 84
610 651 282 301 0 6
610 651 282 301 6 11
610 651 282 301 11 16
610 651 282 301 16 21
610 651 282 301 21 26
610 651 282 301 26 32
610 651 282 301 32 37
610 651 282 301 37 42
610 651 282 301 42 47
610 651 282 301 47 52
610 651 282 301 52 58
610 651 282 301 58 63
610 651 282 301 63 68
610 651 282 301 68 73
610 651 282 301 73 78
610 651 282 301 78 84
voxsize: 651x301x84 size:62.7894745MB
voxBW: 10 3
Decomp size:4096
Initialization time: 0.009866
compute: 2.125141 seconds
evaluations: 1789439001
time: 2.192355 seconds
