hostname : cph-c54.uncc.edu
bounding: [-130;-65]x[20;50]x[5875;5958]
read 588189 observations
res: 0.1 0.1 1 bw: 5 5 14
0 96 96 301 0 84
416 480 192 301 0 84
224 448 128 160 0 84
224 416 192 301 0 84
96 224 160 301 0 84
96 224 96 160 0 84
224 448 96 128 0 84
0 416 0 96 0 84
512 651 224 301 0 84
512 651 192 224 0 84
480 651 96 160 0 84
416 651 0 96 0 84
224 448 160 192 0 84
512 651 160 192 0 84
480 512 160 301 0 84
448 480 96 192 0 84
voxsize: 651x301x84 size:62.7894745MB
voxBW: 50 14
Decomp size:16
Initialization time: 0.009029
compute: 36.860805 seconds
evaluations: 163279561815
time: 36.882584 seconds
