hostname : cph-gpu4.uncc.edu
bounding: [-130;-65]x[20;50]x[5875;5958]
read 588189 observations
res: 0.01 0.01 1 bw: 0.5 0.5 3
5120 6400 1792 2304 0 84
2048 3840 0 2304 0 84
0 2048 0 2304 0 84
3840 5120 1792 3001 0 84
3840 6400 1280 1792 0 84
3840 6400 0 1280 0 84
0 3840 2304 3001 0 84
5120 6400 2304 3001 0 84
6400 6501 0 3001 0 84
voxsize: 6501x3001x84 size:6251.51857MB
voxBW: 50 3
Decomp size:9
Initialization time: 0.755401
compute: 27.923214 seconds
evaluations: 41392685368
time: 28.695523 seconds
