hostname : cph-gpu1.uncc.edu
bounding: [-130;-65]x[20;50]x[5875;5958]
read 588189 observations
res: 0.5 0.5 1 bw: 1 1 3
81 98 15 22 52 63
81 98 22 30 63 73
106 114 37 41 47 52
106 114 37 41 52 57
32 65 15 30 63 84
81 98 15 22 31 42
65 81 15 22 52 63
32 65 15 30 0 21
106 114 37 41 36 42
0 32 30 45 0 21
98 114 37 45 0 10
32 48 22 30 31 42
106 114 37 41 57 63
32 48 22 30 42 52
106 114 41 45 47 52
81 98 45 53 52 63
0 32 45 61 21 42
81 98 37 45 10 21
98 131 45 61 21 42
98 131 15 30 21 42
106 114 37 41 42 47
106 114 41 45 52 57
65 81 22 30 52 63
0 32 15 30 0 21
106 114 41 45 36 42
98 114 30 37 63 73
32 65 30 45 63 84
48 65 22 30 42 52
65 98 0 15 21 42
48 65 22 30 31 42
114 131 37 45 42 52
65 81 37 45 42 52
106 114 41 45 57 63
81 98 30 37 63 73
48 65 15 22 42 52
81 98 45 53 42 52
65 81 30 37 42 52
98 131 45 61 63 84
65 98 45 61 0 21
106 114 41 45 42 47
65 73 18 22 36 42
65 73 18 22 42 47
114 131 37 45 52 63
81 98 45 53 31 42
106 114 37 41 31 36
98 114 7 15 42 52
16 24 26 30 52 57
24 32 26 30 52 57
98 114 30 37 21 31
16 32 30 37 31 42
24 32 26 30 47 52
81 98 22 30 21 31
16 24 26 30 47 52
16 32 22 30 73 84
106 114 37 41 73 78
65 81 37 45 31 42
98 131 0 15 21 42
81 98 7 15 42 52
106 114 37 41 63 68
65 81 22 30 21 31
65 73 18 22 47 52
106 114 41 45 73 78
48 65 15 22 31 42
114 131 37 45 31 42
16 32 22 30 21 31
24 32 26 30 57 63
16 32 30 37 63 73
81 98 37 45 0 10
81 98 45 53 63 73
16 24 26 30 57 63
106 114 37 41 78 84
65 81 15 22 21 31
106 114 41 45 78 84
98 114 30 37 73 84
106 114 41 45 63 68
106 114 41 45 31 36
65 81 15 22 63 73
81 98 22 30 73 84
65 81 30 37 31 42
81 98 30 37 73 84
98 114 22 30 42 52
65 81 37 45 52 63
81 98 15 22 63 73
98 114 22 30 52 63
81 98 30 37 21 31
98 131 15 30 63 84
32 48 22 30 52 63
89 98 26 30 47 52
106 114 37 41 68 73
65 81 22 30 63 73
65 73 22 26 36 42
114 131 37 45 73 84
65 81 15 22 73 84
114 131 37 45 63 73
81 89 41 45 47 52
81 98 7 15 52 63
65 81 30 37 52 63
106 114 41 45 68 73
89 98 26 30 52 57
98 114 7 15 52 63
106 114 37 41 26 31
81 89 41 45 52 57
89 98 26 30 57 63
24 32 26 30 42 47
89 98 26 30 42 47
89 98 41 45 47 52
65 73 22 26 42 47
65 81 15 22 10 21
0 16 30 37 52 63
32 48 22 30 21 31
89 98 41 45 52 57
16 24 26 30 42 47
65 81 45 53 42 52
81 89 41 45 57 63
89 98 41 45 57 63
65 81 22 30 10 21
98 106 37 41 47 52
81 98 15 22 21 31
65 81 22 30 73 84
0 32 45 61 0 21
16 32 30 37 21 31
81 89 41 45 42 47
98 106 37 41 52 57
81 89 41 45 36 42
89 98 37 41 47 52
81 98 45 53 21 31
81 98 22 30 10 21
106 114 41 45 26 31
65 81 45 53 31 42
98 114 30 37 10 21
89 98 41 45 36 42
81 98 45 53 73 84
89 98 37 41 52 57
48 65 37 45 42 52
32 65 30 45 0 21
65 73 18 22 31 36
89 98 26 30 36 42
114 131 45 53 42 52
89 98 41 45 42 47
98 106 37 41 36 42
24 32 26 30 63 68
0 16 45 53 52 63
65 81 45 53 52 63
16 32 30 37 73 84
98 131 45 61 0 21
98 106 37 41 42 47
89 98 37 41 57 63
65 73 22 26 47 52
48 65 22 30 52 63
16 24 33 37 52 57
81 98 30 37 10 21
16 24 26 30 63 68
98 106 37 41 57 63
106 114 37 41 21 26
0 16 30 37 42 52
89 98 37 41 42 47
89 98 37 41 36 42
65 98 0 15 63 84
114 131 45 53 52 63
106 114 37 41 15 21
114 131 37 45 21 31
65 73 26 30 36 42
98 106 33 37 52 57
16 32 37 45 52 63
16 24 33 37 47 52
89 98 41 45 31 36
48 65 37 45 52 63
24 32 26 30 36 42
48 65 30 37 42 52
89 98 41 45 63 68
65 73 22 26 31 36
16 24 33 37 57 63
81 89 41 45 63 68
48 65 15 22 52 63
98 106 33 37 47 52
16 24 26 30 36 42
65 73 26 30 42 47
89 98 15 18 47 52
89 98 15 18 42 47
98 114 45 53 42 52
0 16 53 61 52 63
65 81 37 45 21 31
98 106 33 37 57 63
81 89 41 45 31 36
106 114 41 45 21 26
16 32 37 45 42 52
48 65 22 30 21 31
0 16 45 53 42 52
106 114 41 45 15 21
89 98 22 26 47 52
16 32 53 61 52 63
98 114 45 53 52 63
98 131 0 15 63 84
98 106 33 37 36 42
98 106 37 41 31 36
81 98 22 30 0 10
65 81 37 45 63 73
81 98 15 22 73 84
81 89 41 45 73 78
65 81 15 22 0 10
65 81 37 45 73 84
0 16 53 61 63 73
89 98 26 30 31 36
48 65 30 37 31 42
98 114 15 22 42 52
98 106 30 33 52 57
32 65 0 15 42 63
89 98 18 22 47 52
98 106 33 37 42 47
0 16 30 37 63 73
65 81 22 30 0 10
89 98 41 45 26 31
32 48 37 45 52 63
98 106 30 33 47 52
89 98 22 26 42 47
89 98 37 41 31 36
89 98 22 26 52 57
89 98 18 22 42 47
98 131 15 30 0 21
16 32 53 61 63 73
89 98 37 41 63 68
81 98 15 22 10 21
65 81 30 37 21 31
98 114 30 37 0 10
65 73 26 30 47 52
32 48 37 45 42 52
81 89 41 45 68 73
81 98 30 37 0 10
98 106 37 41 73 78
65 81 30 37 63 73
98 106 30 33 57 63
65 81 45 53 63 73
89 98 30 33 47 52
98 106 37 41 63 68
89 98 22 26 57 63
16 32 45 53 52 63
106 114 33 37 52 57
81 89 37 41 47 52
48 65 37 45 31 42
16 24 33 37 42 47
114 131 37 45 10 21
16 24 30 33 52 57
89 98 41 45 73 78
89 98 41 45 68 73
106 114 37 41 10 15
89 98 30 33 52 57
81 89 41 45 26 31
16 24 30 33 47 52
16 24 26 30 68 73
98 106 33 37 31 36
0 16 45 53 63 73
89 98 22 26 36 42
106 114 33 37 47 52
81 89 41 45 78 84
98 106 41 45 47 52
98 106 30 33 36 42
24 32 26 30 68 73
106 114 33 37 57 63
81 89 37 41 36 42
48 65 15 22 21 31
0 16 53 61 42 52
98 106 37 41 26 31
89 98 37 41 73 78
65 81 45 53 73 84
16 24 26 30 31 36
65 73 26 30 31 36
98 106 30 33 42 47
81 89 37 41 42 47
24 32 26 30 31 36
65 81 37 45 10 21
98 106 37 41 68 73
16 32 53 61 42 52
24 32 22 26 52 57
89 98 37 41 26 31
81 89 37 41 52 57
65 81 45 53 21 31
24 32 22 26 47 52
89 98 30 33 42 47
89 98 30 33 36 42
98 106 41 45 36 42
89 98 30 33 57 63
81 89 18 22 47 52
106 114 41 45 10 15
106 114 33 37 36 42
98 106 37 41 78 84
0 16 30 37 31 42
98 114 15 22 52 63
98 106 41 45 52 57
24 32 30 33 47 52
16 32 45 53 42 52
89 98 33 37 47 52
89 98 33 37 52 57
65 98 0 15 0 21
16 24 30 33 57 63
81 89 37 41 57 63
81 89 18 22 42 47
98 106 41 45 42 47
24 32 30 33 52 57
89 98 33 37 57 63
32 65 0 15 21 42
24 32 22 26 57 63
81 89 26 30 47 52
89 98 41 45 21 26
81 89 33 37 47 52
89 98 37 41 68 73
89 98 33 37 36 42
65 81 30 37 73 84
81 89 41 45 21 26
98 106 41 45 31 36
0 16 37 45 52 63
106 114 33 37 42 47
65 81 30 37 10 21
65 73 15 18 42 47
98 106 30 33 31 36
114 131 37 45 0 10
89 98 37 41 78 84
73 81 18 22 47 52
89 98 33 37 42 47
81 89 33 37 52 57
89 98 41 45 78 84
81 89 22 26 47 52
81 89 26 30 42 47
81 89 30 33 47 52
32 65 45 61 42 63
16 32 37 45 63 73
81 89 33 37 42 47
81 89 26 30 36 42
81 89 33 37 36 42
65 73 15 18 36 42
0 16 53 61 73 84
98 106 37 41 21 26
81 89 33 37 57 63
81 89 26 30 52 57
0 16 30 37 73 84
48 65 30 37 52 63
0 16 37 45 42 52
89 98 37 41 21 26
81 89 22 26 42 47
98 106 41 45 57 63
24 32 30 33 42 47
16 24 30 33 42 47
98 131 0 15 0 21
98 106 37 41 15 21
81 98 15 22 0 10
65 81 7 15 42 52
81 89 30 33 52 57
32 48 37 45 31 42
0 16 30 37 21 31
16 32 37 45 31 42
16 32 45 53 63 73
81 89 37 41 31 36
65 73 15 18 47 52
24 32 30 33 57 63
89 98 22 26 31 36
16 32 53 61 73 84
81 89 30 33 42 47
32 48 30 37 42 52
89 98 30 33 31 36
106 114 33 37 31 36
98 106 41 45 26 31
24 32 22 26 42 47
0 16 45 53 73 84
65 81 37 45 0 10
81 89 22 26 36 42
81 89 26 30 57 63
81 89 30 33 36 42
81 89 22 26 52 57
81 89 37 41 63 68
73 81 18 22 42 47
81 89 30 33 57 63
89 98 33 37 31 36
98 106 41 45 73 78
81 89 37 41 73 78
81 89 33 37 31 36
65 81 30 37 0 10
32 48 30 37 31 42
48 65 37 45 21 31
32 65 45 61 21 42
24 32 22 26 63 68
98 106 41 45 63 68
81 89 22 26 57 63
73 81 18 22 36 42
81 89 37 41 68 73
32 48 30 37 52 63
81 89 37 41 26 31
16 24 22 26 52 57
48 65 30 37 21 31
16 24 22 26 47 52
81 89 26 30 31 36
0 16 37 45 63 73
98 106 41 45 78 84
73 81 26 30 47 52
16 32 37 45 73 84
24 32 22 26 36 42
98 106 41 45 68 73
73 81 26 30 42 47
81 89 30 33 31 36
16 32 37 45 21 31
98 106 37 41 10 15
73 81 22 26 47 52
32 65 45 61 63 84
16 24 22 26 57 63
0 16 37 45 31 42
98 106 41 45 21 26
16 32 45 53 73 84
98 106 41 45 15 21
81 89 37 41 78 84
73 81 22 26 42 47
32 48 37 45 21 31
81 89 37 41 21 26
73 81 26 30 36 42
81 89 22 26 31 36
24 32 33 37 47 52
65 73 15 18 31 36
24 32 33 37 52 57
73 81 22 26 36 42
16 24 22 26 42 47
24 32 33 37 42 47
0 16 37 45 21 31
0 16 37 45 73 84
24 32 22 26 31 36
73 81 18 22 31 36
24 32 22 26 68 73
98 106 41 45 10 15
24 32 33 37 57 63
16 24 22 26 63 68
65 81 53 61 42 52
106 114 30 33 57 63
32 48 30 37 21 31
73 81 26 30 31 36
65 81 53 61 31 42
106 114 30 33 52 57
16 24 22 26 36 42
32 65 0 15 0 21
65 81 53 61 52 63
73 81 22 26 31 36
65 81 7 15 52 63
106 114 30 33 47 52
106 114 30 33 36 42
32 65 45 61 0 21
81 98 53 61 52 63
106 114 30 33 42 47
32 65 0 15 63 84
106 114 30 33 31 36
16 24 22 26 68 73
81 98 53 61 31 42
81 98 53 61 42 52
16 24 22 26 31 36
65 81 53 61 63 73
81 98 53 61 63 73
65 81 53 61 21 31
65 81 53 61 73 84
81 98 53 61 21 31
81 89 15 18 47 52
81 89 15 18 42 47
32 48 15 22 42 52
73 81 15 18 47 52
32 48 15 22 31 42
73 81 15 18 42 47
81 98 53 61 73 84
73 81 15 18 36 42
0 16 22 30 52 63
32 48 15 22 52 63
0 16 22 30 42 52
32 48 15 22 21 31
73 81 15 18 31 36
0 16 22 30 63 73
0 16 22 30 31 42
0 16 22 30 21 31
0 16 22 30 73 84
114 131 53 61 52 63
114 131 53 61 42 52
81 98 0 7 42 52
81 98 0 7 52 63
16 32 15 22 31 42
16 32 15 22 42 52
114 131 0 7 52 63
16 32 15 22 52 63
98 114 0 7 42 52
98 114 53 61 42 52
16 32 15 22 21 31
114 131 30 37 63 73
114 131 30 37 42 52
0 32 0 15 63 84
0 32 0 15 42 63
0 32 0 15 0 21
98 114 0 7 52 63
114 131 15 22 52 63
114 131 15 22 42 52
0 16 15 22 21 31
114 131 30 37 52 63
98 114 53 61 52 63
114 131 30 37 31 42
114 131 22 30 42 52
0 32 0 15 21 42
114 131 0 7 42 52
114 131 7 15 52 63
16 32 15 22 73 84
16 32 15 22 63 73
114 131 30 37 0 10
114 131 30 37 73 84
114 131 30 37 21 31
0 16 15 22 73 84
0 16 15 22 42 52
0 16 15 22 31 42
0 16 15 22 52 63
114 131 30 37 10 21
114 131 7 15 42 52
0 16 15 22 63 73
65 81 0 7 52 63
114 131 22 30 52 63
65 81 0 7 42 52
voxsize: 131x61x84 size:2.56059265MB
voxBW: 2 3
Decomp size:512
Initialization time: 0.003576
compute: 0.212541 seconds
evaluations: 101443144
time: 0.222590 seconds
