hostname : cph-gpu2.uncc.edu
bounding: [-130;-65]x[20;50]x[5875;5958]
read 588189 observations
res: 0.1 0.1 1 bw: 2.5 2.5 7
0 82 0 38 0 42
0 82 0 38 42 84
0 82 38 75 0 42
0 82 38 75 42 84
0 82 75 113 0 42
0 82 75 113 42 84
0 82 113 150 0 42
0 82 113 150 42 84
0 82 150 188 0 42
0 82 150 188 42 84
0 82 188 225 0 42
0 82 188 225 42 84
0 82 225 263 0 42
0 82 225 263 42 84
0 82 263 301 0 42
0 82 263 301 42 84
82 163 0 38 0 42
82 163 0 38 42 84
82 163 38 75 0 42
82 163 38 75 42 84
82 163 75 113 0 42
82 163 75 113 42 84
82 163 113 150 0 42
82 163 113 150 42 84
82 163 150 188 0 42
82 163 150 188 42 84
82 163 188 225 0 42
82 163 188 225 42 84
82 163 225 263 0 42
82 163 225 263 42 84
82 163 263 301 0 42
82 163 263 301 42 84
163 244 0 38 0 42
163 244 0 38 42 84
163 244 38 75 0 42
163 244 38 75 42 84
163 244 75 113 0 42
163 244 75 113 42 84
163 244 113 150 0 42
163 244 113 150 42 84
163 244 150 188 0 42
163 244 150 188 42 84
163 244 188 225 0 42
163 244 188 225 42 84
163 244 225 263 0 42
163 244 225 263 42 84
163 244 263 301 0 42
163 244 263 301 42 84
244 325 0 38 0 42
244 325 0 38 42 84
244 325 38 75 0 42
244 325 38 75 42 84
244 325 75 113 0 42
244 325 75 113 42 84
244 325 113 150 0 42
244 325 113 150 42 84
244 325 150 188 0 42
244 325 150 188 42 84
244 325 188 225 0 42
244 325 188 225 42 84
244 325 225 263 0 42
244 325 225 263 42 84
244 325 263 301 0 42
244 325 263 301 42 84
325 407 0 38 0 42
325 407 0 38 42 84
325 407 38 75 0 42
325 407 38 75 42 84
325 407 75 113 0 42
325 407 75 113 42 84
325 407 113 150 0 42
325 407 113 150 42 84
325 407 150 188 0 42
325 407 150 188 42 84
325 407 188 225 0 42
325 407 188 225 42 84
325 407 225 263 0 42
325 407 225 263 42 84
325 407 263 301 0 42
325 407 263 301 42 84
407 488 0 38 0 42
407 488 0 38 42 84
407 488 38 75 0 42
407 488 38 75 42 84
407 488 75 113 0 42
407 488 75 113 42 84
407 488 113 150 0 42
407 488 113 150 42 84
407 488 150 188 0 42
407 488 150 188 42 84
407 488 188 225 0 42
407 488 188 225 42 84
407 488 225 263 0 42
407 488 225 263 42 84
407 488 263 301 0 42
407 488 263 301 42 84
488 569 0 38 0 42
488 569 0 38 42 84
488 569 38 75 0 42
488 569 38 75 42 84
488 569 75 113 0 42
488 569 75 113 42 84
488 569 113 150 0 42
488 569 113 150 42 84
488 569 150 188 0 42
488 569 150 188 42 84
488 569 188 225 0 42
488 569 188 225 42 84
488 569 225 263 0 42
488 569 225 263 42 84
488 569 263 301 0 42
488 569 263 301 42 84
569 651 0 38 0 42
569 651 0 38 42 84
569 651 38 75 0 42
569 651 38 75 42 84
569 651 75 113 0 42
569 651 75 113 42 84
569 651 113 150 0 42
569 651 113 150 42 84
569 651 150 188 0 42
569 651 150 188 42 84
569 651 188 225 0 42
569 651 188 225 42 84
569 651 225 263 0 42
569 651 225 263 42 84
569 651 263 301 0 42
569 651 263 301 42 84
voxsize: 651x301x84 size:62.7894745MB
voxBW: 25 7
Decomp size:128
Initialization time: 0.011556
compute: 5.800459 seconds
evaluations: 22258534021
time: 5.814299 seconds
