hostname : cph-c53.uncc.edu
bounding: [-130;-65]x[20;50]x[5875;5958]
read 588189 observations
res: 0.1 0.1 1 bw: 1 1 3
416 448 160 256 0 84
288 384 96 128 0 84
448 480 160 301 0 84
96 128 64 160 0 84
128 224 0 224 0 84
448 480 0 160 0 84
544 576 192 224 32 64
384 416 0 301 0 84
288 384 128 192 0 84
480 512 96 192 0 84
512 544 0 192 0 84
0 96 0 224 0 84
512 544 192 301 0 84
480 512 0 96 0 84
416 448 0 160 0 84
0 96 224 301 0 84
288 384 0 96 0 84
288 384 192 301 0 84
576 651 0 301 0 84
224 288 0 301 0 84
544 576 192 224 64 84
480 512 192 301 0 84
544 576 192 224 0 32
96 128 160 301 0 84
544 576 0 192 0 84
544 576 224 301 0 84
128 224 224 301 0 84
416 448 256 301 0 84
96 128 0 64 0 84
voxsize: 651x301x84 size:62.7894745MB
voxBW: 10 3
Decomp size:29
Initialization time: 0.012313
compute: 0.378979 seconds
evaluations: 1789439001
time: 0.392427 seconds
