hostname : cph-c54.uncc.edu
bounding: [-130;-65]x[20;50]x[5875;5958]
read 588189 observations
res: 0.1 0.1 1 bw: 5 5 14
0 325 150 301 42 84
0 325 0 150 42 84
488 651 150 225 42 63
325 488 150 225 42 63
325 488 75 150 42 63
0 325 150 301 0 42
0 325 0 150 0 42
488 651 150 225 21 42
325 488 150 225 21 42
325 488 75 150 21 42
488 651 150 225 63 84
325 488 150 225 63 84
325 488 75 150 63 84
488 651 225 301 42 63
325 488 225 301 42 63
488 651 225 301 21 42
488 651 150 225 0 21
488 651 75 150 42 63
325 488 150 225 0 21
325 488 225 301 21 42
488 651 225 301 63 84
325 488 75 150 0 21
325 488 0 75 42 63
325 488 225 301 63 84
488 651 75 150 21 42
325 488 0 75 21 42
488 651 75 150 63 84
488 651 225 301 0 21
325 488 225 301 0 21
488 651 0 75 42 63
325 488 0 75 63 84
488 651 0 75 21 42
488 651 75 150 0 21
325 488 0 75 0 21
488 651 0 75 63 84
488 651 0 75 0 21
voxsize: 651x301x84 size:62.7894745MB
voxBW: 50 14
Decomp size:36
Initialization time: 0.010803
compute: 52.619637 seconds
evaluations: 163279561815
time: 52.649812 seconds
