hostname : cph-c53.uncc.edu
bounding: [-130;-65]x[20;50]x[5875;5958]
read 588189 observations
res: 0.1 0.1 1 bw: 1 1 3
320 416 0 128 0 64
96 128 0 301 0 84
320 416 128 224 0 64
320 480 0 224 64 84
0 96 0 301 0 84
448 544 192 224 0 64
544 576 192 224 0 64
448 576 96 160 0 64
320 576 224 301 0 84
480 576 0 224 64 84
416 448 0 224 0 64
128 192 0 301 0 84
448 576 160 192 0 64
192 320 0 301 0 84
448 576 0 96 0 64
576 651 0 301 0 84
voxsize: 651x301x84 size:62.7894745MB
voxBW: 10 3
Decomp size:16
Initialization time: 0.011656
compute: 0.461271 seconds
evaluations: 1789439001
time: 0.473988 seconds
