hostname : cph-c54.uncc.edu
bounding: [-130;-65]x[20;50]x[5875;5958]
read 588189 observations
res: 0.1 0.1 1 bw: 5 5 14
0 224 224 301 0 84
288 416 128 160 32 84
224 416 224 301 0 84
544 651 160 192 0 84
512 544 192 301 32 84
96 288 128 160 32 84
256 416 128 224 0 32
96 192 160 224 32 84
480 512 160 224 32 84
0 96 128 224 32 84
192 352 96 128 0 84
544 576 192 301 32 84
352 448 96 128 0 84
416 448 192 301 0 84
352 416 160 224 32 84
512 651 192 301 0 32
0 192 96 128 0 84
0 256 128 224 0 32
416 448 128 192 0 84
352 480 64 96 0 84
448 480 96 160 0 84
0 352 64 96 0 84
448 512 160 301 0 32
512 651 96 160 0 84
576 651 192 301 32 84
448 480 160 224 32 84
480 512 96 160 0 84
192 352 160 224 32 84
480 651 0 96 0 84
0 480 0 64 0 84
448 512 224 301 32 84
512 544 160 192 0 84
voxsize: 651x301x84 size:62.7894745MB
voxBW: 50 14
Decomp size:32
Initialization time: 0.011027
compute: 29.385154 seconds
evaluations: 163279561815
time: 29.415783 seconds
