hostname : cph-gpu1.uncc.edu
bounding: [-130;-65]x[20;50]x[5875;5958]
read 588189 observations
res: 0.5 0.5 1 bw: 1 1 3
65 131 0 30 42 84
65 131 0 30 0 42
0 65 30 61 42 84
98 131 30 45 42 63
0 65 0 30 42 84
65 98 30 45 42 63
98 131 30 45 21 42
98 131 30 45 63 84
0 65 0 30 0 42
65 98 30 45 21 42
0 65 30 61 0 42
65 98 30 45 63 84
98 131 30 45 0 21
65 98 30 45 0 21
65 98 45 61 42 63
65 98 45 61 21 42
65 98 45 61 63 84
98 131 45 61 42 63
98 131 45 61 21 42
98 131 45 61 63 84
65 98 45 61 0 21
98 131 45 61 0 21
voxsize: 131x61x84 size:2.56059265MB
voxBW: 2 3
Decomp size:22
Initialization time: 0.001199
compute: 0.123657 seconds
evaluations: 101443144
time: 0.133534 seconds
