hostname : cph-gpu2.uncc.edu
bounding: [-130;-65]x[20;50]x[5875;5958]
read 588189 observations
res: 0.1 0.1 1 bw: 2.5 2.5 7
384 448 128 301 0 84
512 576 192 301 0 84
0 128 0 256 0 84
256 384 0 128 0 84
128 256 0 301 0 84
256 384 128 301 0 84
448 512 128 192 0 84
448 512 0 128 0 84
512 576 0 192 0 84
448 512 192 301 0 84
576 651 0 301 0 84
384 448 0 128 0 84
0 128 256 301 0 84
voxsize: 651x301x84 size:62.7894745MB
voxBW: 25 7
Decomp size:13
Initialization time: 0.011948
compute: 7.734133 seconds
evaluations: 22258534021
time: 7.756111 seconds
