hostname : cph-c54.uncc.edu
bounding: [-130;-65]x[20;50]x[5875;5958]
read 588189 observations
res: 0.1 0.1 1 bw: 5 5 14
448 512 192 224 0 84
416 512 224 256 0 84
192 384 192 256 0 84
64 160 192 301 0 84
192 651 256 301 0 84
64 160 128 160 0 84
64 160 160 192 0 84
544 651 160 192 0 84
512 576 224 256 0 84
352 384 64 160 0 84
416 448 160 224 0 84
576 651 192 256 0 84
192 352 0 96 0 84
384 416 160 256 0 84
192 384 160 192 0 84
192 352 96 128 0 84
192 352 128 160 0 84
352 651 0 64 0 84
416 651 64 96 0 84
64 160 0 128 0 84
416 480 128 160 0 84
512 651 96 160 0 84
480 512 96 160 0 84
416 480 96 128 0 84
0 64 0 301 0 84
160 192 0 301 0 84
512 544 160 192 0 84
384 416 64 160 0 84
480 512 160 192 0 84
512 544 192 224 0 84
448 480 160 192 0 84
544 576 192 224 0 84
voxsize: 651x301x84 size:62.7894745MB
voxBW: 50 14
Decomp size:32
Initialization time: 0.010644
compute: 29.943301 seconds
evaluations: 163279561815
time: 29.966824 seconds
