hostname : cph-gpu2.uncc.edu
bounding: [-130;-65]x[20;50]x[5875;5958]
read 588189 observations
res: 0.1 0.1 1 bw: 2.5 2.5 7
0 163 0 75 0 42
0 163 0 75 42 84
0 163 75 150 0 42
0 163 75 150 42 84
0 163 150 225 0 42
0 163 150 225 42 84
0 163 225 301 0 42
0 163 225 301 42 84
163 325 0 75 0 42
163 325 0 75 42 84
163 325 75 150 0 42
163 325 75 150 42 84
163 325 150 225 0 42
163 325 150 225 42 84
163 325 225 301 0 42
163 325 225 301 42 84
325 488 0 75 0 42
325 488 0 75 42 84
325 488 75 150 0 42
325 488 75 150 42 84
325 488 150 225 0 42
325 488 150 225 42 84
325 488 225 301 0 42
325 488 225 301 42 84
488 651 0 75 0 42
488 651 0 75 42 84
488 651 75 150 0 42
488 651 75 150 42 84
488 651 150 225 0 42
488 651 150 225 42 84
488 651 225 301 0 42
488 651 225 301 42 84
voxsize: 651x301x84 size:62.7894745MB
voxBW: 25 7
Decomp size:32
Initialization time: 0.009267
compute: 8.977307 seconds
evaluations: 22258534021
time: 8.987720 seconds
