hostname : cph-c54.uncc.edu
bounding: [-130;-65]x[20;50]x[5875;5958]
read 588189 observations
res: 0.1 0.1 1 bw: 5 5 14
512 544 160 192 0 84
320 352 96 160 0 84
480 512 160 192 0 84
352 416 224 301 0 84
352 416 128 160 0 84
512 544 192 224 0 84
64 128 128 160 0 84
64 128 160 192 0 84
416 448 0 128 0 84
352 416 160 192 0 84
192 320 128 160 0 84
128 192 0 128 0 84
448 480 160 192 0 84
544 576 192 224 0 84
192 320 96 128 0 84
352 416 96 128 0 84
544 576 224 301 0 84
512 544 224 301 0 84
352 416 0 96 0 84
544 576 160 192 0 84
352 416 192 224 0 84
192 320 0 96 0 84
480 512 192 224 0 84
448 480 0 96 0 84
512 544 0 128 0 84
128 192 128 160 0 84
64 128 0 128 0 84
64 128 224 301 0 84
416 448 160 192 0 84
128 192 160 192 0 84
576 651 192 224 0 84
448 480 192 224 0 84
320 352 160 301 0 84
576 651 0 192 0 84
480 512 128 160 0 84
192 320 160 192 0 84
192 320 192 301 0 84
480 512 0 96 0 84
416 448 224 301 0 84
448 480 224 301 0 84
448 480 128 160 0 84
576 651 224 256 0 84
416 448 192 224 0 84
480 512 224 301 0 84
448 480 96 128 0 84
0 64 0 224 0 84
416 448 128 160 0 84
320 352 0 96 0 84
480 512 96 128 0 84
64 128 192 224 0 84
512 544 128 160 0 84
0 64 224 301 0 84
128 192 192 301 0 84
544 576 0 160 0 84
576 651 256 301 0 84
voxsize: 651x301x84 size:62.7894745MB
voxBW: 50 14
Decomp size:55
Initialization time: 0.010472
compute: 27.848378 seconds
evaluations: 163279561815
time: 27.875900 seconds
