hostname : cph-gpu2.uncc.edu
bounding: [-130;-65]x[20;50]x[5875;5958]
read 588189 observations
res: 0.1 0.1 1 bw: 2.5 2.5 7
0 163 0 75 0 11
0 163 0 75 11 21
0 163 0 75 21 32
0 163 0 75 32 42
0 163 0 75 42 52
0 163 0 75 52 63
0 163 0 75 63 73
0 163 0 75 73 84
0 163 75 150 0 11
0 163 75 150 11 21
0 163 75 150 21 32
0 163 75 150 32 42
0 163 75 150 42 52
0 163 75 150 52 63
0 163 75 150 63 73
0 163 75 150 73 84
0 163 150 225 0 11
0 163 150 225 11 21
0 163 150 225 21 32
0 163 150 225 32 42
0 163 150 225 42 52
0 163 150 225 52 63
0 163 150 225 63 73
0 163 150 225 73 84
0 163 225 301 0 11
0 163 225 301 11 21
0 163 225 301 21 32
0 163 225 301 32 42
0 163 225 301 42 52
0 163 225 301 52 63
0 163 225 301 63 73
0 163 225 301 73 84
163 325 0 75 0 11
163 325 0 75 11 21
163 325 0 75 21 32
163 325 0 75 32 42
163 325 0 75 42 52
163 325 0 75 52 63
163 325 0 75 63 73
163 325 0 75 73 84
163 325 75 150 0 11
163 325 75 150 11 21
163 325 75 150 21 32
163 325 75 150 32 42
163 325 75 150 42 52
163 325 75 150 52 63
163 325 75 150 63 73
163 325 75 150 73 84
163 325 150 225 0 11
163 325 150 225 11 21
163 325 150 225 21 32
163 325 150 225 32 42
163 325 150 225 42 52
163 325 150 225 52 63
163 325 150 225 63 73
163 325 150 225 73 84
163 325 225 301 0 11
163 325 225 301 11 21
163 325 225 301 21 32
163 325 225 301 32 42
163 325 225 301 42 52
163 325 225 301 52 63
163 325 225 301 63 73
163 325 225 301 73 84
325 488 0 75 0 11
325 488 0 75 11 21
325 488 0 75 21 32
325 488 0 75 32 42
325 488 0 75 42 52
325 488 0 75 52 63
325 488 0 75 63 73
325 488 0 75 73 84
325 488 75 150 0 11
325 488 75 150 11 21
325 488 75 150 21 32
325 488 75 150 32 42
325 488 75 150 42 52
325 488 75 150 52 63
325 488 75 150 63 73
325 488 75 150 73 84
325 488 150 225 0 11
325 488 150 225 11 21
325 488 150 225 21 32
325 488 150 225 32 42
325 488 150 225 42 52
325 488 150 225 52 63
325 488 150 225 63 73
325 488 150 225 73 84
325 488 225 301 0 11
325 488 225 301 11 21
325 488 225 301 21 32
325 488 225 301 32 42
325 488 225 301 42 52
325 488 225 301 52 63
325 488 225 301 63 73
325 488 225 301 73 84
488 651 0 75 0 11
488 651 0 75 11 21
488 651 0 75 21 32
488 651 0 75 32 42
488 651 0 75 42 52
488 651 0 75 52 63
488 651 0 75 63 73
488 651 0 75 73 84
488 651 75 150 0 11
488 651 75 150 11 21
488 651 75 150 21 32
488 651 75 150 32 42
488 651 75 150 42 52
488 651 75 150 52 63
488 651 75 150 63 73
488 651 75 150 73 84
488 651 150 225 0 11
488 651 150 225 11 21
488 651 150 225 21 32
488 651 150 225 32 42
488 651 150 225 42 52
488 651 150 225 52 63
488 651 150 225 63 73
488 651 150 225 73 84
488 651 225 301 0 11
488 651 225 301 11 21
488 651 225 301 21 32
488 651 225 301 32 42
488 651 225 301 42 52
488 651 225 301 52 63
488 651 225 301 63 73
488 651 225 301 73 84
voxsize: 651x301x84 size:62.7894745MB
voxBW: 25 7
Decomp size:128
Initialization time: 0.010451
compute: 6.554494 seconds
evaluations: 22258534021
time: 6.567091 seconds
