hostname : cph-c54.uncc.edu
bounding: [-130;-65]x[20;50]x[5875;5958]
read 588189 observations
res: 0.1 0.1 1 bw: 5 5 14
320 448 128 192 32 84
192 576 128 192 0 32
0 128 0 192 0 84
192 320 0 301 32 84
320 448 0 128 32 84
448 576 0 128 32 84
192 576 192 301 0 32
128 192 0 301 0 84
320 448 192 301 32 84
512 576 192 301 32 84
448 512 128 192 32 84
192 576 0 128 0 32
576 651 0 301 0 84
448 512 192 301 32 84
512 576 128 192 32 84
0 128 192 301 0 84
voxsize: 651x301x84 size:62.7894745MB
voxBW: 50 14
Decomp size:16
Initialization time: 0.009527
compute: 37.219003 seconds
evaluations: 163279561815
time: 37.244913 seconds
