hostname : cph-gpu4.uncc.edu
bounding: [-130;-65]x[20;50]x[5875;5958]
read 588189 observations
res: 0.01 0.01 1 bw: 0.5 0.5 3
0 1625 0 750 0 21
0 1625 0 750 21 42
0 1625 0 750 42 63
0 1625 0 750 63 84
0 1625 750 1500 0 21
0 1625 750 1500 21 42
0 1625 750 1500 42 63
0 1625 750 1500 63 84
0 1625 1500 2250 0 21
0 1625 1500 2250 21 42
0 1625 1500 2250 42 63
0 1625 1500 2250 63 84
0 1625 2250 3001 0 21
0 1625 2250 3001 21 42
0 1625 2250 3001 42 63
0 1625 2250 3001 63 84
1625 3250 0 750 0 21
1625 3250 0 750 21 42
1625 3250 0 750 42 63
1625 3250 0 750 63 84
1625 3250 750 1500 0 21
1625 3250 750 1500 21 42
1625 3250 750 1500 42 63
1625 3250 750 1500 63 84
1625 3250 1500 2250 0 21
1625 3250 1500 2250 21 42
1625 3250 1500 2250 42 63
1625 3250 1500 2250 63 84
1625 3250 2250 3001 0 21
1625 3250 2250 3001 21 42
1625 3250 2250 3001 42 63
1625 3250 2250 3001 63 84
3250 4875 0 750 0 21
3250 4875 0 750 21 42
3250 4875 0 750 42 63
3250 4875 0 750 63 84
3250 4875 750 1500 0 21
3250 4875 750 1500 21 42
3250 4875 750 1500 42 63
3250 4875 750 1500 63 84
3250 4875 1500 2250 0 21
3250 4875 1500 2250 21 42
3250 4875 1500 2250 42 63
3250 4875 1500 2250 63 84
3250 4875 2250 3001 0 21
3250 4875 2250 3001 21 42
3250 4875 2250 3001 42 63
3250 4875 2250 3001 63 84
4875 6501 0 750 0 21
4875 6501 0 750 21 42
4875 6501 0 750 42 63
4875 6501 0 750 63 84
4875 6501 750 1500 0 21
4875 6501 750 1500 21 42
4875 6501 750 1500 42 63
4875 6501 750 1500 63 84
4875 6501 1500 2250 0 21
4875 6501 1500 2250 21 42
4875 6501 1500 2250 42 63
4875 6501 1500 2250 63 84
4875 6501 2250 3001 0 21
4875 6501 2250 3001 21 42
4875 6501 2250 3001 42 63
4875 6501 2250 3001 63 84
voxsize: 6501x3001x84 size:6251.51857MB
voxBW: 50 3
Decomp size:64
Initialization time: 0.747101
compute: 17.01048 seconds
evaluations: 41392685368
time: 17.759509 seconds
