hostname : cph-gpu1.uncc.edu
bounding: [-130;-65]x[20;50]x[5875;5958]
read 588189 observations
res: 0.5 0.5 1 bw: 1 1 3
89 98 45 49 36 42
98 106 33 37 73 78
81 89 26 30 42 47
32 48 37 45 63 73
81 89 30 33 47 52
8 16 33 37 63 68
98 106 30 33 63 68
32 65 45 61 42 63
16 32 37 45 63 73
65 69 24 26 39 42
114 131 45 53 21 31
81 89 33 37 42 47
81 89 26 30 36 42
48 56 37 41 47 52
81 89 33 37 36 42
24 28 28 30 60 63
0 16 45 53 31 42
65 73 15 18 36 42
0 16 53 61 73 84
98 106 37 41 21 26
81 89 33 37 57 63
16 24 37 41 47 52
89 98 45 49 47 52
110 114 39 41 73 75
24 32 26 30 26 31
81 89 26 30 52 57
0 16 30 37 73 84
48 65 15 22 63 73
48 65 30 37 52 63
16 24 37 41 52 57
106 110 39 41 44 47
81 89 18 22 52 57
32 40 22 26 47 52
0 16 37 45 42 52
56 65 26 30 47 52
89 98 37 41 21 26
81 89 45 49 31 36
106 110 37 39 39 42
81 89 22 26 42 47
8 16 49 53 52 57
24 28 28 30 47 49
98 106 41 45 57 63
89 98 18 22 31 36
48 65 37 45 73 84
65 73 18 22 10 15
24 32 30 33 42 47
106 110 37 39 52 54
16 24 30 33 42 47
98 106 11 15 31 36
16 24 33 37 36 42
98 131 0 15 0 21
56 65 18 22 52 57
24 28 28 30 44 47
8 16 33 37 42 47
65 69 20 22 39 42
65 73 22 26 57 63
65 69 26 28 39 42
89 98 45 49 31 36
114 122 45 49 57 63
110 114 41 43 81 84
98 106 37 41 15 21
81 98 15 22 0 10
65 81 7 15 42 52
81 89 30 33 52 57
32 48 37 45 31 42
106 110 39 41 57 60
0 16 30 37 21 31
98 106 33 37 68 73
48 65 15 22 10 21
73 81 18 22 52 57
8 16 49 53 47 52
110 114 41 43 28 31
16 32 37 45 31 42
114 122 41 45 21 26
16 32 45 53 63 73
81 89 37 41 31 36
65 73 15 18 47 52
24 32 30 33 57 63
8 16 53 57 63 68
48 65 7 15 31 42
98 114 45 53 21 31
110 114 43 45 39 42
89 98 22 26 31 36
65 73 18 22 5 10
110 114 39 41 81 84
32 48 22 30 73 84
106 110 37 39 36 39
65 73 26 30 52 57
16 24 37 41 57 63
98 106 26 30 63 68
110 114 39 41 28 31
32 40 26 30 57 63
106 110 39 41 33 36
16 32 53 61 73 84
56 65 18 22 31 36
110 114 43 45 52 54
89 98 37 41 15 21
65 69 24 26 44 47
81 89 30 33 42 47
106 110 39 41 47 49
32 40 22 26 31 36
48 56 37 41 52 57
65 73 22 26 15 21
56 65 22 26 31 36
106 110 37 39 44 47
65 73 33 37 36 42
16 32 53 61 31 42
32 48 30 37 42 52
89 98 30 33 31 36
89 98 30 33 63 68
0 16 30 37 10 21
106 114 33 37 31 36
110 114 43 45 44 47
65 69 18 20 39 42
106 114 33 37 63 68
98 106 33 37 78 84
110 114 43 45 47 49
110 114 43 45 78 81
65 81 45 53 10 21
110 114 41 43 68 70
98 106 41 45 26 31
24 32 22 26 42 47
106 110 37 39 57 60
65 73 37 41 42 47
106 110 39 41 60 63
110 114 43 45 75 78
65 69 24 26 36 39
16 24 53 57 57 63
0 16 53 61 31 42
48 65 22 30 0 10
65 69 20 22 44 47
0 16 45 53 73 84
81 89 45 49 73 78
24 32 26 30 78 84
16 24 26 30 78 84
114 122 41 45 15 21
16 24 26 30 15 21
98 106 30 33 26 31
65 69 26 28 44 47
65 73 37 41 47 52
65 73 33 37 42 47
65 73 22 26 63 68
65 81 37 45 0 10
81 89 22 26 36 42
110 114 41 43 31 33
114 118 43 45 49 52
110 114 43 45 36 39
81 89 18 22 36 42
24 32 26 30 15 21
98 106 26 30 31 36
102 106 37 39 49 52
89 98 45 49 42 47
110 114 43 45 54 57
110 114 39 41 68 70
65 73 22 26 21 26
81 89 26 30 57 63
110 114 39 41 31 33
93 98 16 18 44 47
114 122 45 49 63 68
110 114 43 45 60 63
81 89 30 33 36 42
32 48 22 30 0 10
24 28 26 28 65 68
65 73 37 41 36 42
81 89 18 22 57 63
81 89 22 26 52 57
89 98 26 30 78 84
89 98 33 37 63 68
65 73 22 26 68 73
93 98 16 18 49 52
65 73 26 30 26 31
81 89 37 41 63 68
73 81 18 22 42 47
81 89 30 33 57 63
110 114 43 45 57 60
65 69 18 20 44 47
89 98 26 30 21 26
65 69 26 28 36 39
16 24 26 30 21 26
89 98 22 26 68 73
98 114 22 30 73 84
89 98 33 37 31 36
65 69 20 22 36 39
89 98 18 22 63 68
65 69 24 26 42 44
24 28 26 28 63 65
48 65 15 22 73 84
106 110 37 39 47 49
65 73 33 37 47 52
56 65 15 18 42 47
65 73 22 26 73 78
24 32 26 30 21 26
8 16 53 57 52 57
98 106 33 37 21 26
16 24 26 30 10 15
65 69 20 22 49 52
81 89 45 49 68 73
56 65 26 30 31 36
106 110 39 41 42 44
89 98 15 18 26 31
102 106 37 39 54 57
16 24 33 37 68 73
98 114 7 15 73 84
56 65 15 18 36 42
65 69 22 24 39 42
106 110 37 39 60 63
102 106 35 37 49 52
106 110 37 39 33 36
65 69 26 28 42 44
16 24 37 41 42 47
65 69 20 22 42 44
89 98 26 30 15 21
8 16 53 57 47 52
24 32 30 33 36 42
89 98 45 49 68 73
89 98 15 18 63 68
32 40 22 26 52 57
106 110 39 41 75 78
65 69 18 20 49 52
24 28 24 26 49 52
114 118 41 43 49 52
93 98 41 43 49 52
16 24 53 57 63 68
16 20 35 37 49 52
8 16 49 53 63 68
106 110 35 37 49 52
69 73 20 22 39 42
20 24 26 28 65 68
16 24 26 30 5 10
93 98 16 18 39 42
89 98 45 49 26 31
114 122 45 49 31 36
98 106 41 45 73 78
24 28 26 28 39 42
81 89 37 41 73 78
73 81 37 41 47 52
32 40 26 30 21 26
81 89 33 37 63 68
16 20 35 37 54 57
65 69 18 20 36 39
81 89 33 37 31 36
65 81 30 37 0 10
89 98 11 15 63 68
81 89 41 45 5 10
65 73 30 33 42 47
65 69 20 22 47 49
65 73 30 33 36 42
93 98 13 15 44 47
24 32 26 30 10 15
106 110 39 41 78 81
20 24 28 30 65 68
102 106 35 37 54 57
89 98 41 45 5 10
16 24 33 37 31 36
65 69 24 26 33 36
73 81 18 22 57 63
32 48 30 37 31 42
93 98 13 15 49 52
69 73 18 20 39 42
24 28 26 28 42 44
98 102 11 13 44 47
98 106 33 37 15 21
8 16 53 57 68 73
48 65 37 45 21 31
106 110 35 37 54 57
106 110 37 39 42 44
81 89 45 49 26 31
81 85 43 45 49 52
69 73 18 20 44 47
65 69 18 20 42 44
114 131 45 53 10 21
24 28 28 30 65 68
8 16 33 37 36 42
81 98 7 15 73 84
32 65 45 61 21 42
69 73 20 22 44 47
89 98 45 49 73 78
98 114 22 30 10 21
24 32 22 26 63 68
114 122 45 49 73 78
98 106 41 45 63 68
102 106 37 39 52 54
20 24 26 28 63 65
98 106 7 11 47 52
110 114 43 45 33 36
106 114 33 37 73 78
48 65 15 22 0 10
8 16 49 53 42 47
81 89 41 45 10 15
65 69 18 20 47 49
110 114 43 45 65 68
98 106 7 11 42 47
114 118 43 45 39 42
0 16 45 53 21 31
20 24 28 30 63 65
114 118 43 45 47 49
32 48 37 45 73 84
98 102 11 13 49 52
106 110 39 41 65 68
48 56 37 41 42 47
65 69 22 24 44 47
8 16 33 37 68 73
65 73 30 33 47 52
16 24 33 37 73 78
93 98 16 18 47 49
81 98 7 15 10 21
20 24 28 30 39 42
24 28 24 26 54 57
24 28 28 30 63 65
81 89 22 26 57 63
93 98 13 15 39 42
73 81 41 45 36 42
73 81 18 22 36 42
65 69 26 28 33 36
16 32 45 53 31 42
106 110 41 43 49 52
81 89 37 41 68 73
89 98 22 26 26 31
60 65 18 20 39 42
24 32 26 30 5 10
65 73 22 26 78 84
20 24 26 28 39 42
110 114 41 43 23 26
110 114 43 45 42 44
56 65 15 18 47 52
89 98 18 22 26 31
98 106 37 41 5 10
56 65 22 26 52 57
102 106 37 39 44 47
89 98 11 15 26 31
89 98 41 45 10 15
32 48 30 37 52 63
81 89 37 41 26 31
16 24 33 37 26 31
102 106 37 39 39 42
65 69 24 26 49 52
93 98 43 45 49 52
73 81 37 41 52 57
16 24 22 26 52 57
81 89 45 49 78 84
93 98 16 18 36 39
106 114 33 37 68 73
102 106 37 39 57 60
65 69 22 24 36 39
65 69 24 26 47 49
20 24 28 30 42 44
106 110 39 41 28 31
106 114 33 37 26 31
89 93 28 30 49 52
16 24 30 33 36 42
65 73 37 41 52 57
110 114 39 41 23 26
102 106 35 37 52 54
73 81 33 37 47 52
56 65 11 15 42 47
81 89 33 37 73 78
114 118 43 45 52 54
65 69 26 28 49 52
93 98 28 30 49 52
102 106 39 41 49 52
48 65 30 37 21 31
81 89 18 22 63 68
0 16 53 61 21 31
114 118 43 45 44 47
16 24 22 26 47 52
81 89 26 30 31 36
98 114 45 53 10 21
89 98 33 37 73 78
98 102 13 15 44 47
20 24 26 28 42 44
114 122 45 49 78 84
60 65 18 20 44 47
0 16 37 45 63 73
89 98 30 33 68 73
60 65 20 22 39 42
65 73 18 22 0 5
98 106 30 33 68 73
69 73 20 22 49 52
16 20 33 35 54 57
16 20 35 37 57 60
89 93 26 28 49 52
114 118 43 45 36 39
89 98 30 33 26 31
32 40 26 30 15 21
69 73 18 20 49 52
65 69 26 28 47 49
106 110 37 39 75 78
16 32 53 61 21 31
98 106 41 45 78 84
110 114 43 45 63 65
16 24 53 57 52 57
93 98 16 18 42 44
102 106 35 37 57 60
106 110 35 37 52 54
73 81 26 30 47 52
65 73 22 26 10 15
16 32 37 45 73 84
16 24 30 33 63 68
16 20 33 35 49 52
89 98 18 22 68 73
32 40 22 26 26 31
73 81 37 41 42 47
69 73 20 22 36 39
24 32 22 26 36 42
110 114 43 45 70 73
81 89 41 45 0 5
110 114 41 43 26 28
106 110 35 37 57 60
98 106 41 45 68 73
98 106 11 15 26 31
69 73 20 22 42 44
24 28 28 30 39 42
89 98 33 37 68 73
89 98 37 41 5 10
73 81 26 30 42 47
81 89 30 33 31 36
16 20 35 37 52 54
65 69 22 24 42 44
16 32 37 45 21 31
114 122 45 49 68 73
98 106 37 41 10 15
69 73 18 20 42 44
106 110 41 43 39 42
106 110 39 41 70 73
89 98 41 45 0 5
81 85 41 43 49 52
65 73 26 30 57 63
93 98 13 15 36 39
106 110 39 41 63 65
102 106 37 39 36 39
93 98 41 43 54 57
110 114 41 43 18 21
24 28 24 26 52 54
73 81 22 26 47 52
98 102 13 15 49 52
93 98 16 18 54 57
114 118 41 43 47 49
60 65 20 22 44 47
106 110 41 43 36 39
102 106 37 39 47 49
93 98 16 18 52 54
65 81 45 53 0 10
106 110 37 39 78 81
65 73 41 45 36 42
110 114 39 41 26 28
8 16 53 57 42 47
32 65 45 61 63 84
73 81 45 49 36 42
69 73 18 20 36 39
24 28 26 28 36 39
16 24 22 26 57 63
106 110 37 39 65 68
89 98 30 33 73 78
102 106 35 37 39 42
98 106 30 33 21 26
24 28 24 26 57 60
93 98 41 43 44 47
102 106 35 37 44 47
89 98 15 18 68 73
89 98 37 41 10 15
81 89 33 37 68 73
98 106 7 11 36 42
98 102 11 13 47 49
106 110 35 37 39 42
114 122 41 45 5 10
98 102 11 13 39 42
69 73 18 20 47 49
24 28 28 30 42 44
106 110 39 41 31 33
81 85 43 45 54 57
93 98 13 15 47 49
69 73 20 22 47 49
65 69 20 22 33 36
16 24 33 37 78 84
0 16 37 45 31 42
98 106 41 45 21 26
93 98 41 43 52 54
16 24 53 57 47 52
56 65 18 22 26 31
106 114 33 37 78 84
81 85 43 45 44 47
110 114 39 41 18 21
89 98 33 37 26 31
56 65 22 26 26 31
98 106 15 18 47 52
93 98 39 41 49 52
73 81 45 49 47 52
93 98 16 18 33 36
98 106 26 30 26 31
73 81 41 45 42 47
98 106 15 18 42 47
114 118 41 43 39 42
110 114 43 45 73 75
16 24 33 37 15 21
65 73 22 26 5 10
65 73 26 30 15 21
60 65 18 20 49 52
89 93 26 28 44 47
16 24 53 57 68 73
98 106 7 11 52 57
114 118 41 43 52 54
16 20 35 37 60 63
98 106 30 33 73 78
89 98 22 26 73 78
65 73 33 37 52 57
106 110 35 37 44 47
89 93 28 30 44 47
73 81 18 22 63 68
98 106 15 18 36 42
73 81 41 45 47 52
8 16 33 37 31 36
98 114 15 22 63 73
89 98 26 30 5 10
12 16 35 37 49 52
12 16 35 37 54 57
98 106 11 15 63 68
98 106 45 49 47 52
114 118 43 45 60 63
114 118 43 45 75 78
102 106 39 41 54 57
93 98 28 30 44 47
81 89 26 30 63 68
20 24 28 30 36 39
81 89 45 49 15 21
93 98 13 15 54 57
65 73 41 45 42 47
93 98 13 15 42 44
56 65 26 30 52 57
20 24 26 28 36 39
106 110 41 43 54 57
73 81 33 37 52 57
93 98 18 20 49 52
60 65 18 20 42 44
65 73 41 45 47 52
48 56 37 41 57 63
93 98 18 20 44 47
102 106 37 39 60 63
110 112 40 41 50 52
114 118 43 45 78 81
65 69 22 24 49 52
16 32 45 53 73 84
56 65 11 15 47 52
81 85 43 45 52 54
114 118 41 43 44 47
93 98 43 45 54 57
8 16 37 41 52 57
24 28 24 26 60 63
81 89 45 49 21 26
110 112 41 42 50 52
65 81 7 15 31 42
60 65 18 20 47 49
93 98 43 45 60 63
98 106 41 45 15 21
85 89 41 43 49 52
81 89 30 33 63 68
114 131 45 53 0 10
24 26 27 28 50 52
106 110 41 43 33 36
98 106 22 26 47 52
81 89 33 37 26 31
73 81 33 37 42 47
106 110 35 37 60 63
98 106 30 33 15 21
81 89 37 41 78 84
106 114 45 49 36 42
60 65 18 20 36 39
106 114 45 49 47 52
114 122 37 41 47 52
16 20 33 35 57 60
73 81 37 41 36 42
114 122 41 45 0 5
56 65 18 22 57 63
106 110 41 43 52 54
16 24 33 37 21 26
102 106 35 37 36 39
89 93 28 30 54 57
16 20 35 37 44 47
98 102 13 15 39 42
32 40 22 26 57 63
114 118 41 43 36 39
114 118 41 43 75 78
24 28 24 26 47 49
73 81 30 33 47 52
89 98 26 30 10 15
98 106 37 41 0 5
8 16 37 41 57 63
106 110 37 39 28 31
60 65 20 22 49 52
8 16 49 53 68 73
93 98 43 45 44 47
106 110 41 43 44 47
93 98 41 43 47 49
81 85 45 47 49 52
24 26 26 27 50 52
98 106 26 30 68 73
73 81 22 26 42 47
102 106 35 37 60 63
114 118 41 43 78 81
106 110 37 39 63 65
114 122 41 45 10 15
93 98 41 43 39 42
106 110 35 37 36 39
110 114 41 43 15 18
93 98 13 15 52 54
65 69 22 24 33 36
110 114 43 45 81 84
93 98 28 30 54 57
24 28 26 28 33 36
93 98 43 45 52 54
102 106 35 37 47 49
65 69 22 24 47 49
60 65 24 26 39 42
24 32 30 33 63 68
73 81 45 49 42 47
65 73 26 30 21 26
98 102 11 13 42 44
89 98 45 49 21 26
110 112 39 40 50 52
32 48 37 45 21 31
16 20 35 37 47 49
93 98 43 45 57 60
81 85 43 45 47 49
0 16 30 37 0 10
65 69 18 20 33 36
16 24 49 53 57 63
89 93 26 28 54 57
106 110 37 39 70 73
93 98 13 15 33 36
110 114 41 43 21 23
89 98 33 37 78 84
0 16 45 53 10 21
106 110 39 41 73 75
16 20 33 35 52 54
60 65 20 22 42 44
89 93 28 30 60 63
102 106 39 41 39 42
98 102 11 13 54 57
102 106 39 41 44 47
93 98 26 28 49 52
102 106 37 39 33 36
102 106 39 41 52 54
81 89 37 41 21 26
114 118 43 45 65 68
81 85 43 45 39 42
110 114 39 41 15 18
48 65 30 37 63 73
98 102 13 15 47 49
60 65 20 22 47 49
102 106 37 39 42 44
73 81 22 26 52 57
73 81 26 30 36 42
89 93 28 30 57 60
24 32 30 33 31 36
106 110 35 37 47 49
12 16 35 37 57 60
60 65 20 22 36 39
65 73 26 30 63 68
98 106 45 49 52 57
20 24 28 30 33 36
65 69 20 22 52 54
22 24 27 28 50 52
56 65 30 33 36 42
81 85 41 43 44 47
89 93 26 28 60 63
89 98 11 15 68 73
16 32 37 45 10 21
98 114 15 22 21 31
81 85 43 45 60 63
48 65 37 45 10 21
85 89 43 45 49 52
98 106 45 49 36 42
20 24 26 28 33 36
65 73 37 41 31 36
89 93 37 39 49 52
73 81 45 49 52 57
114 118 43 45 33 36
114 118 43 45 42 44
81 89 33 37 78 84
89 93 26 28 47 49
114 118 45 47 49 52
89 98 37 41 0 5
110 114 43 45 28 31
12 16 33 35 54 57
65 73 26 30 68 73
60 65 26 28 39 42
110 114 39 41 21 23
81 89 22 26 31 36
24 32 33 37 47 52
81 85 43 45 57 60
89 93 28 30 47 49
89 93 26 28 57 60
81 89 37 41 15 21
114 118 41 43 60 63
89 98 15 18 21 26
22 24 26 27 50 52
22 24 28 29 50 52
114 118 43 45 54 57
81 89 22 26 63 68
85 89 41 43 44 47
24 28 28 30 36 39
93 98 41 43 57 60
16 20 33 35 60 63
93 98 43 45 39 42
98 102 11 13 52 54
48 56 37 41 36 42
81 85 41 43 54 57
20 24 30 31 49 52
56 65 26 30 26 31
65 73 15 18 52 57
106 110 41 43 57 60
12 16 33 35 49 52
93 98 28 30 47 49
106 110 37 39 31 33
24 26 28 29 50 52
65 73 26 30 73 78
73 81 49 53 47 52
106 110 41 43 47 49
98 106 22 26 42 47
89 98 18 22 21 26
65 73 15 18 31 36
98 102 31 33 49 52
89 98 45 49 15 21
98 106 22 26 52 57
56 65 30 33 42 47
93 98 41 43 60 63
89 93 28 30 52 54
114 122 37 41 52 57
102 106 39 41 36 39
73 81 30 33 42 47
65 69 18 20 52 54
110 112 42 43 50 52
65 69 24 26 31 33
98 106 15 18 52 57
112 114 42 43 50 52
60 65 24 26 44 47
22 24 29 30 50 52
98 102 11 13 36 39
93 98 43 45 47 49
24 28 26 28 70 73
102 106 37 39 75 78
112 114 41 42 50 52
106 110 39 41 68 70
93 98 28 30 60 63
24 32 33 37 52 57
24 26 27 28 55 57
93 98 39 41 54 57
93 98 28 30 52 54
106 114 45 49 52 57
93 98 41 43 36 39
89 93 39 41 49 52
93 98 16 18 57 60
65 69 24 26 28 31
110 114 43 45 68 70
65 73 33 37 31 36
106 114 33 37 21 26
98 106 30 33 78 84
73 81 37 41 57 63
106 110 41 43 60 63
98 114 45 53 0 10
73 81 49 53 36 42
12 16 35 37 60 63
93 98 18 20 39 42
12 16 35 37 52 54
102 106 35 37 33 36
93 98 28 30 57 60
73 81 26 30 52 57
114 118 41 43 54 57
102 106 39 41 57 60
89 98 30 33 78 84
114 118 43 45 57 60
65 73 37 41 57 63
73 81 22 26 36 42
0 16 53 61 10 21
89 93 26 28 52 54
20 24 26 28 70 73
16 24 33 37 10 15
98 114 22 30 0 10
73 81 33 37 36 42
93 98 26 28 44 47
106 110 39 41 23 26
98 102 13 15 42 44
93 98 41 43 33 36
24 26 26 27 55 57
106 114 45 49 42 47
20 24 28 30 70 73
89 98 22 26 21 26
73 81 41 45 52 57
89 98 45 49 78 84
16 24 53 57 42 47
81 85 41 43 52 54
32 40 26 30 63 68
81 89 30 33 73 78
24 28 26 28 68 70
93 98 39 41 44 47
93 98 18 20 47 49
60 65 26 28 44 47
24 26 29 30 50 52
81 89 30 33 26 31
16 32 53 61 10 21
85 89 41 43 39 42
114 122 37 41 36 42
93 98 39 41 52 54
102 106 39 41 47 49
89 98 26 30 0 5
110 114 41 43 12 15
102 106 35 37 42 44
98 106 45 49 42 47
89 93 28 30 39 42
81 85 41 43 47 49
48 65 30 37 10 21
93 98 43 45 33 36
112 114 40 41 50 52
93 98 13 15 57 60
98 102 31 33 54 57
12 16 33 35 57 60
73 81 49 53 52 57
93 98 43 45 36 39
93 98 15 16 49 52
93 98 15 16 44 47
16 20 35 37 65 68
89 93 26 28 39 42
110 114 43 45 31 33
81 85 43 45 36 39
98 102 28 30 49 52
22 24 27 28 55 57
114 118 41 43 65 68
110 114 41 43 2 5
98 102 13 15 36 39
69 73 20 22 33 36
112 114 43 44 50 52
36 40 26 28 39 42
110 112 41 42 40 42
110 112 40 41 40 42
65 69 26 28 31 33
106 110 35 37 42 44
81 85 41 43 39 42
102 106 39 41 33 36
89 93 37 39 54 57
98 102 13 15 54 57
81 85 45 47 54 57
85 89 43 45 60 63
93 98 28 30 39 42
114 118 41 43 57 60
106 114 45 49 57 63
106 114 33 37 15 21
98 106 22 26 57 63
81 89 18 22 31 36
102 106 37 39 78 81
81 89 18 22 68 73
89 98 15 18 73 78
89 98 15 18 15 21
22 24 28 29 55 57
16 24 30 33 31 36
106 110 37 39 73 75
110 114 39 41 12 15
114 118 43 45 63 65
85 89 41 43 54 57
20 24 30 31 54 57
110 112 41 42 37 39
114 122 37 41 57 63
110 112 40 41 37 39
22 24 26 27 55 57
89 93 37 39 44 47
114 118 41 43 33 36
85 89 43 45 44 47
24 28 28 30 33 36
60 65 24 26 36 39
65 73 41 45 52 57
20 24 26 28 68 70
98 106 18 22 47 52
65 73 30 33 52 57
73 81 30 33 52 57
73 81 49 53 42 47
114 118 45 47 39 42
106 110 41 43 75 78
98 106 45 49 57 63
93 98 31 33 49 52
20 24 28 30 68 70
24 28 26 28 75 78
81 89 26 30 26 31
89 93 43 45 60 63
110 112 40 41 55 57
36 40 26 28 44 47
81 85 45 47 44 47
89 98 18 22 73 78
89 98 7 11 47 52
48 65 7 15 52 63
85 89 41 43 47 49
106 110 39 41 81 84
36 40 24 26 39 42
16 32 45 53 21 31
24 26 28 29 55 57
110 114 39 41 2 5
22 24 29 30 55 57
16 24 49 53 52 57
69 73 18 20 33 36
85 89 41 43 60 63
98 106 22 26 36 42
106 110 41 43 78 81
102 106 37 39 65 68
16 24 22 26 42 47
89 98 7 11 42 47
110 112 41 42 55 57
85 89 43 45 57 60
36 40 26 28 36 39
106 110 39 41 18 21
60 65 22 24 39 42
48 56 37 41 63 68
16 20 33 35 44 47
85 89 43 45 54 57
60 65 22 24 44 47
110 112 39 40 40 42
56 65 18 22 21 26
98 102 13 15 52 54
85 89 41 43 57 60
93 98 43 45 65 68
60 65 24 26 42 44
65 69 24 26 52 54
56 65 22 26 57 63
114 118 43 45 70 73
65 73 30 33 31 36
81 85 41 43 57 60
106 110 39 41 26 28
98 106 33 37 5 10
81 85 41 43 60 63
24 32 33 37 42 47
114 118 41 43 42 44
106 110 41 43 42 44
89 93 39 41 44 47
12 16 33 35 60 63
93 98 39 41 39 42
89 93 37 39 60 63
73 81 22 26 57 63
106 110 37 39 68 70
16 24 33 37 5 10
98 106 33 37 10 15
60 65 26 28 36 39
110 112 39 40 37 39
56 65 33 37 36 42
110 112 40 41 52 53
89 93 37 39 57 60
89 98 33 37 21 26
16 20 33 35 47 49
93 98 39 41 47 49
12 16 33 35 52 54
93 98 15 16 39 42
114 118 45 47 47 49
89 98 18 22 15 21
24 32 30 33 26 31
16 24 26 30 0 5
93 98 18 20 36 39
69 73 20 22 52 54
110 112 41 42 52 53
24 28 28 30 70 73
32 40 22 26 21 26
110 112 41 42 45 47
93 98 26 28 54 57
16 20 35 37 63 65
110 112 39 40 55 57
73 81 41 45 31 36
89 98 22 26 15 21
20 24 26 28 75 78
81 85 45 47 52 54
93 98 26 28 47 49
20 24 28 30 75 78
85 89 41 43 52 54
110 112 40 41 45 47
93 98 18 20 54 57
36 40 24 26 36 39
98 106 11 15 68 73
85 89 43 45 39 42
110 112 43 44 50 52
98 106 18 22 42 47
114 122 37 41 73 78
114 122 37 41 42 47
81 89 30 33 68 73
56 65 30 33 47 52
93 98 41 43 42 44
65 69 16 18 44 47
65 73 41 45 31 36
89 93 39 41 54 57
81 85 43 45 33 36
98 102 31 33 52 54
16 24 30 33 68 73
81 85 43 45 42 44
98 106 41 45 5 10
81 98 7 15 0 10
89 93 26 28 42 44
69 73 18 20 52 54
65 73 22 26 0 5
24 26 29 30 55 57
12 16 35 37 47 49
89 98 33 37 15 21
114 122 37 41 78 84
102 106 39 41 60 63
112 114 39 40 50 52
98 106 7 11 57 63
89 98 11 15 21 26
81 89 33 37 21 26
89 93 37 39 39 42
0 16 37 45 21 31
32 40 26 30 10 15
110 112 40 41 58 60
93 98 18 20 42 44
89 93 26 28 65 68
36 40 24 26 44 47
102 106 35 37 65 68
98 102 11 13 57 60
0 16 37 45 73 84
106 110 37 39 23 26
89 93 37 39 52 54
60 65 26 28 42 44
81 89 26 30 68 73
81 85 43 45 65 68
89 98 30 33 21 26
93 98 18 20 52 54
24 26 27 28 45 47
85 89 41 43 36 39
110 112 41 42 58 60
89 93 28 30 42 44
89 93 28 30 65 68
24 26 27 28 58 60
110 114 41 43 7 10
89 93 24 26 49 52
24 26 27 28 52 53
89 93 43 45 57 60
24 28 28 30 68 70
65 69 20 22 28 31
24 32 22 26 31 36
98 102 28 30 54 57
65 73 26 30 10 15
93 98 37 39 49 52
110 112 39 40 52 53
106 110 41 43 28 31
110 112 41 42 76 78
110 112 40 41 76 78
98 102 41 43 49 52
73 81 33 37 57 63
110 114 41 43 5 7
65 73 26 30 78 84
36 40 26 28 33 36
16 24 49 53 47 52
93 98 28 30 42 44
93 98 43 45 63 65
110 112 40 41 61 63
32 36 26 28 44 47
89 93 41 43 49 52
24 32 26 30 0 5
73 81 45 49 31 36
32 40 41 45 52 57
73 81 45 49 57 63
20 24 28 30 28 31
81 85 41 43 36 39
81 85 43 45 75 78
56 65 22 26 15 21
98 106 45 49 31 36
102 106 37 39 70 73
98 102 28 30 44 47
85 89 43 45 52 54
93 98 24 26 49 52
48 65 30 37 73 84
114 118 43 45 73 75
110 112 41 42 61 63
24 26 26 27 52 53
24 26 26 27 45 47
102 106 39 41 42 44
93 98 39 41 57 60
114 118 41 43 70 73
102 106 37 39 63 65
24 26 26 27 58 60
12 16 53 55 60 63
81 89 30 33 78 84
114 118 45 47 36 39
56 65 33 37 42 47
110 112 41 42 79 81
110 112 40 41 79 81
106 110 41 43 65 68
102 106 39 41 75 78
73 81 49 53 57 63
93 98 26 28 60 63
110 112 39 40 45 47
89 98 7 11 36 42
114 118 43 45 28 31
48 56 37 41 68 73
20 24 26 28 28 31
114 118 41 43 63 65
32 36 26 28 39 42
110 114 39 41 7 10
81 85 45 47 60 63
89 93 37 39 47 49
93 98 26 28 57 60
81 85 45 47 47 49
93 98 41 43 65 68
81 85 45 47 39 42
85 89 43 45 47 49
93 98 11 13 44 47
93 98 11 13 49 52
73 81 18 22 31 36
114 118 45 47 44 47
93 98 28 30 65 68
110 112 40 41 49 50
102 106 37 39 28 31
110 112 39 40 58 60
110 112 41 42 49 50
98 106 11 15 21 26
81 89 33 37 15 21
89 98 30 33 15 21
81 89 26 30 73 78
73 81 30 33 36 42
24 32 30 33 68 73
98 102 31 33 44 47
114 118 45 47 52 54
65 73 33 37 57 63
85 89 37 39 49 52
24 32 22 26 68 73
110 114 39 41 5 7
110 112 42 43 40 42
65 73 37 41 26 31
93 98 16 18 31 33
32 40 22 26 15 21
89 93 39 41 39 42
24 28 30 31 49 52
89 93 45 47 60 63
112 114 42 43 40 42
20 24 30 31 57 60
110 114 37 39 49 52
81 85 45 47 57 60
20 24 30 31 52 54
93 98 15 16 36 39
93 98 41 43 28 31
16 20 33 35 65 68
36 40 26 28 49 52
110 112 39 40 76 78
102 106 35 37 63 65
93 98 26 28 52 54
93 98 43 45 42 44
93 98 39 41 36 39
110 112 39 40 61 63
98 102 31 33 60 63
16 24 30 33 26 31
110 112 41 42 48 49
22 24 27 28 58 60
93 98 13 15 60 63
98 106 18 22 36 42
110 112 40 41 48 49
89 93 28 30 36 39
89 93 39 41 52 54
56 65 15 18 31 36
112 114 42 43 76 78
110 114 43 45 23 26
98 102 31 33 39 42
22 24 27 28 52 53
112 114 41 42 40 42
98 106 26 30 21 26
32 40 41 45 47 52
89 93 24 26 44 47
85 89 41 43 33 36
24 26 27 28 53 54
98 102 31 33 57 60
93 98 31 33 54 57
65 69 22 24 28 31
73 81 37 41 31 36
85 89 43 45 36 39
106 110 37 39 18 21
98 106 15 18 31 36
16 24 30 33 73 78
81 89 45 49 5 10
24 26 27 28 61 63
93 98 28 30 36 39
106 114 45 49 31 36
110 112 39 40 79 81
89 93 43 45 49 52
56 65 22 26 21 26
24 26 27 28 49 50
93 98 39 41 60 63
110 112 42 43 55 57
98 106 18 22 52 57
110 112 40 41 34 36
93 98 16 18 60 63
22 24 27 28 45 47
22 24 28 29 58 60
114 118 41 43 73 75
110 112 42 43 37 39
89 93 39 41 57 60
24 28 28 30 75 78
112 114 41 42 76 78
60 65 24 26 49 52
110 112 41 42 34 36
56 65 22 26 73 78
73 81 18 22 68 73
93 98 15 16 47 49
89 98 7 11 52 57
65 69 20 22 31 33
22 24 28 29 45 47
85 89 43 45 65 68
24 26 28 29 58 60
112 114 42 43 37 39
24 28 26 28 31 33
81 85 43 45 63 65
22 24 26 27 52 53
85 89 37 39 44 47
22 24 26 27 58 60
98 106 41 45 10 15
85 89 45 47 49 52
85 89 43 45 33 36
81 85 41 43 33 36
106 110 39 41 15 18
110 112 42 43 45 47
24 26 26 27 53 54
24 26 26 27 61 63
110 112 42 43 52 53
112 114 42 43 52 53
110 112 39 40 49 50
22 24 28 29 52 53
112 114 42 43 45 47
24 32 33 37 57 63
110 112 40 41 53 54
112 114 42 43 79 81
16 24 22 26 63 68
24 28 26 28 73 75
89 93 39 41 47 49
106 110 41 43 31 33
102 106 39 41 78 81
89 93 26 28 36 39
112 114 41 42 52 53
81 89 22 26 68 73
110 112 42 43 76 78
89 93 26 28 63 65
89 93 39 41 60 63
36 40 26 28 42 44
32 36 26 28 36 39
24 26 26 27 49 50
89 93 28 30 63 65
106 114 45 49 63 68
65 69 20 22 54 57
102 106 35 37 28 31
22 24 26 27 45 47
85 89 37 39 39 42
112 114 41 42 45 47
24 26 27 28 48 49
112 114 41 42 55 57
81 85 43 45 78 81
106 110 39 41 21 23
106 110 37 39 26 28
112 114 41 42 79 81
20 24 30 31 47 49
85 89 41 43 42 44
60 65 24 26 47 49
110 112 41 42 53 54
65 73 45 49 36 42
65 73 26 30 5 10
12 16 53 55 57 60
89 93 43 45 33 36
93 98 39 41 33 36
24 26 27 28 54 55
110 112 41 42 47 48
112 114 41 42 37 39
81 89 45 49 10 15
0 16 37 45 10 21
93 98 26 28 39 42
24 26 28 29 52 53
81 89 37 41 5 10
106 110 37 39 81 84
110 112 40 41 47 48
93 98 31 33 44 47
56 65 26 30 57 63
73 81 18 22 73 78
98 106 15 18 57 63
81 85 41 43 42 44
22 24 29 30 58 60
73 81 26 30 57 63
93 98 43 45 28 31
65 69 18 20 28 31
98 102 28 30 52 54
98 106 41 45 0 5
102 106 37 39 73 75
112 114 42 43 55 57
93 98 11 13 39 42
89 98 22 26 78 84
110 112 42 43 79 81
60 65 22 24 42 44
56 65 22 26 63 68
110 112 42 43 58 60
24 32 30 33 15 21
16 20 33 35 63 65
98 102 41 43 44 47
22 24 29 30 52 53
65 69 22 24 31 33
56 65 15 18 52 57
112 114 40 41 40 42
110 112 39 40 48 49
20 24 26 28 73 75
98 102 13 15 57 60
22 24 29 30 45 47
12 16 49 51 57 60
93 98 37 39 54 57
65 69 22 24 52 54
106 108 39 40 50 52
20 24 28 30 73 75
24 26 26 27 48 49
89 98 45 49 5 10
110 112 42 43 61 63
24 26 26 27 54 55
110 112 39 40 34 36
112 114 41 42 61 63
0 16 45 53 0 10
89 93 37 39 36 39
20 24 28 30 31 33
24 32 30 33 73 78
112 114 42 43 61 63
56 65 22 26 68 73
93 98 28 30 33 36
32 48 37 45 10 21
106 108 38 39 50 52
32 40 26 30 68 73
93 98 24 26 44 47
98 106 33 37 0 5
89 93 45 47 57 60
112 114 40 41 76 78
65 81 53 61 42 52
85 89 41 43 65 68
112 114 40 41 55 57
24 32 33 37 36 42
106 110 41 43 70 73
22 24 27 28 53 54
8 16 45 49 57 63
98 102 39 41 49 52
98 106 7 11 31 36
12 16 51 53 57 60
112 114 41 42 58 60
89 98 15 18 78 84
22 24 27 28 61 63
20 24 26 28 31 33
93 98 31 33 52 54
102 106 39 41 28 31
112 114 40 41 52 53
112 114 42 43 49 50
85 89 39 41 49 52
56 65 26 30 15 21
110 112 39 40 53 54
102 106 37 39 31 33
89 93 41 43 54 57
81 89 37 41 10 15
106 114 30 33 57 63
12 16 33 35 47 49
24 26 29 30 58 60
93 98 15 16 54 57
32 40 41 45 57 63
81 85 45 47 36 39
93 98 45 47 60 63
108 110 39 40 50 52
24 32 30 33 21 26
112 114 42 43 58 60
12 16 51 53 60 63
65 69 18 20 54 57
112 114 41 42 49 50
89 93 43 45 54 57
60 65 22 24 36 39
98 102 28 30 60 63
93 98 15 16 42 44
48 65 37 45 0 10
110 112 42 43 49 50
22 24 27 28 49 50
112 114 40 41 79 81
56 65 33 37 47 52
32 36 26 28 33 36
73 81 49 53 31 36
114 122 37 41 63 68
60 65 22 24 49 52
89 93 41 43 44 47
110 112 40 41 39 40
36 40 26 28 47 49
110 112 41 42 39 40
48 56 41 45 47 52
24 26 27 28 47 48
89 93 28 30 33 36
112 114 42 43 48 49
112 114 40 41 45 47
22 24 26 27 61 63
22 24 26 27 53 54
36 40 24 26 42 44
98 102 28 30 57 60
24 26 29 30 52 53
93 98 41 43 63 65
112 114 40 41 37 39
81 89 30 33 21 26
65 69 16 18 42 44
89 93 43 45 39 42
65 73 49 53 36 42
93 98 13 15 31 33
110 114 43 45 26 28
22 24 28 29 53 54
24 32 22 26 73 78
98 102 28 30 47 49
85 89 45 47 60 63
22 24 28 29 49 50
110 114 43 45 18 21
89 93 41 43 60 63
93 98 41 43 75 78
32 36 26 28 49 52
114 118 41 43 28 31
112 114 41 42 48 49
110 112 39 40 47 48
22 24 28 29 61 63
22 24 27 28 54 55
98 102 28 30 39 42
93 98 15 16 33 36
106 110 41 43 63 65
98 102 31 33 36 39
114 118 43 45 31 33
32 48 30 37 21 31
110 114 37 39 39 42
89 93 41 43 39 42
93 98 18 20 57 60
98 102 31 33 47 49
112 114 40 41 61 63
110 114 41 43 10 12
22 24 26 27 49 50
24 26 28 29 49 50
48 56 26 30 36 42
110 112 42 43 48 49
98 102 31 33 33 36
93 98 28 30 63 65
81 85 41 43 75 78
112 114 40 41 58 60
24 26 28 29 53 54
102 106 31 33 49 52
93 98 15 16 52 54
85 89 39 41 44 47
24 28 30 31 54 57
93 98 26 28 42 44
22 24 27 28 48 49
81 85 41 43 65 68
24 26 26 27 47 48
89 93 26 28 33 36
93 98 31 33 39 42
89 93 43 45 65 68
12 16 49 51 60 63
110 114 37 39 36 39
65 73 37 41 63 68
110 114 37 39 54 57
106 108 37 38 50 52
102 106 39 41 65 68
22 24 28 29 54 55
12 16 55 57 60 63
89 93 41 43 57 60
22 24 29 30 53 54
89 93 24 26 47 49
60 65 22 24 47 49
73 81 26 30 31 36
65 81 53 61 31 42
8 16 45 49 47 52
22 24 26 27 54 55
20 24 30 31 60 63
85 89 41 43 75 78
16 20 35 37 42 44
65 73 33 37 26 31
89 93 43 45 44 47
93 98 41 43 31 33
8 16 45 49 52 57
112 114 42 43 47 48
81 89 22 26 26 31
22 24 28 29 48 49
112 114 43 44 49 50
114 118 43 45 81 84
89 93 39 41 36 39
36 40 28 30 39 42
98 106 30 33 10 15
65 73 37 41 73 78
65 69 18 20 31 33
65 73 41 45 73 78
89 93 37 39 42 44
22 24 29 30 49 50
93 98 37 39 52 54
85 89 43 45 63 65
65 73 41 45 57 63
114 118 45 47 42 44
102 106 31 33 54 57
110 112 39 40 39 40
112 114 41 42 47 48
98 114 15 22 73 84
112 114 40 41 49 50
93 98 39 41 42 44
89 93 37 39 65 68
81 89 26 30 21 26
32 40 22 26 63 68
106 114 45 49 73 78
22 24 26 27 48 49
22 24 29 30 61 63
89 93 43 45 36 39
102 106 35 37 31 33
32 36 26 28 42 44
93 98 11 13 54 57
24 26 28 29 54 55
22 24 29 30 54 55
110 114 39 41 10 12
102 106 37 39 68 70
106 114 30 33 52 57
56 65 26 30 21 26
32 36 24 26 39 42
16 32 37 45 0 10
65 69 24 26 54 57
85 89 39 41 39 42
24 26 27 28 57 58
108 110 40 41 50 52
89 93 24 26 54 57
89 93 37 39 33 36
85 89 45 47 57 60
89 93 26 28 70 73
110 112 42 43 47 48
16 32 45 53 10 21
85 89 37 39 47 49
73 81 33 37 31 36
73 81 22 26 63 68
114 118 43 45 68 70
93 98 43 45 31 33
32 36 28 30 39 42
112 114 39 40 55 57
110 112 40 41 54 55
114 118 41 43 81 84
112 114 39 40 40 42
32 36 24 26 44 47
110 112 40 41 66 68
81 89 26 30 15 21
73 81 30 33 57 63
89 93 39 41 33 36
112 114 40 41 48 49
110 114 37 39 52 54
85 89 37 39 60 63
106 114 45 49 78 84
85 89 43 45 42 44
93 98 11 13 47 49
73 81 45 49 73 78
89 98 45 49 10 15
22 24 29 30 48 49
89 93 43 45 63 65
24 26 29 30 53 54
32 36 28 30 44 47
93 98 45 47 57 60
112 114 39 40 76 78
93 98 31 33 47 49
89 93 28 30 70 73
110 112 41 42 54 55
106 110 39 41 12 15
110 112 41 42 66 68
16 24 22 26 36 42
93 98 31 33 60 63
93 98 24 26 47 49
93 98 37 39 44 47
85 89 45 47 44 47
85 89 45 47 54 57
73 81 41 45 57 63
85 89 37 39 54 57
89 98 18 22 78 84
89 93 41 43 52 54
81 85 45 47 65 68
81 89 30 33 15 21
112 114 41 42 53 54
24 26 26 27 57 58
110 112 42 43 53 54
16 24 30 33 15 21
69 73 20 22 28 31
93 98 43 45 70 73
106 110 37 39 21 23
22 24 27 28 47 48
85 89 43 45 75 78
93 98 22 24 49 52
36 40 28 30 36 39
112 114 42 43 53 54
81 89 45 49 0 5
112 114 39 40 79 81
98 106 45 49 63 68
112 114 39 40 52 53
85 89 37 39 36 39
69 73 20 22 54 57
24 28 28 30 73 75
93 98 24 26 54 57
89 93 41 43 33 36
98 106 22 26 63 68
24 26 29 30 49 50
48 65 30 37 0 10
102 106 39 41 70 73
85 89 33 35 49 52
32 48 30 37 63 73
102 106 33 35 49 52
32 65 0 15 0 21
65 73 15 18 26 31
85 89 37 39 57 60
102 106 39 41 31 33
24 32 22 26 26 31
93 98 30 31 49 52
48 56 37 41 31 36
85 89 41 43 63 65
106 108 38 39 55 57
22 24 28 29 47 48
114 122 37 41 68 73
106 108 39 40 55 57
110 112 42 43 34 36
98 106 30 33 5 10
98 102 41 43 33 36
98 102 39 41 44 47
102 106 33 35 54 57
114 122 37 41 31 36
93 98 11 13 36 39
56 65 26 30 63 68
98 102 41 43 47 49
98 102 41 43 54 57
93 98 31 33 57 60
32 36 26 28 47 49
81 89 26 30 78 84
81 85 41 43 78 81
98 102 11 13 60 63
89 93 39 41 42 44
81 85 43 45 70 73
112 114 39 40 37 39
24 26 29 30 54 55
118 122 43 45 49 52
81 85 45 47 42 44
48 56 41 45 52 57
36 40 28 30 44 47
98 102 41 43 39 42
112 114 39 40 58 60
93 98 41 43 78 81
112 114 40 41 47 48
89 93 43 45 52 54
65 69 28 30 39 42
118 122 45 47 49 52
110 112 39 40 54 55
22 24 26 27 47 48
69 73 16 18 44 47
69 73 18 20 54 57
98 102 41 43 52 54
112 114 39 40 61 63
112 114 39 40 45 47
93 98 26 28 65 68
32 36 24 26 36 39
106 110 37 39 15 18
65 69 20 22 65 68
56 65 26 30 68 73
65 81 53 61 52 63
106 110 41 43 73 75
89 93 41 43 36 39
93 98 39 41 28 31
16 24 30 33 21 26
89 93 24 26 60 63
110 112 40 41 36 37
24 28 28 30 31 33
85 89 45 47 39 42
65 69 20 22 78 81
110 112 41 42 78 79
110 112 41 42 36 37
89 93 26 28 68 70
110 112 40 41 78 79
22 24 27 28 57 58
89 98 45 49 0 5
98 102 31 33 42 44
93 98 37 39 39 42
110 112 39 40 66 68
81 85 41 43 63 65
112 114 40 41 53 54
65 69 20 22 57 60
69 73 18 20 28 31
89 93 24 26 57 60
81 85 43 45 28 31
32 36 28 30 36 39
40 48 37 41 47 52
114 118 41 43 68 70
81 89 18 22 73 78
110 112 41 42 42 43
89 93 37 39 63 65
22 24 29 30 47 48
110 114 43 45 15 18
106 110 39 41 2 5
110 112 40 41 42 43
93 98 37 39 57 60
98 114 15 22 10 21
16 32 53 61 0 10
22 24 28 29 57 58
73 81 22 26 31 36
110 112 43 44 49 50
106 108 37 38 55 57
89 93 37 39 75 78
85 89 28 30 49 52
16 24 49 53 42 47
93 98 11 13 42 44
77 81 20 22 49 52
93 98 31 33 36 39
85 89 43 45 70 73
112 114 42 43 34 36
89 93 24 26 52 54
65 69 20 22 75 78
110 112 40 41 57 58
93 98 39 41 65 68
114 118 41 43 31 33
89 98 15 18 10 15
93 98 28 30 70 73
73 81 45 49 63 68
73 81 49 53 63 68
65 73 45 49 47 52
110 114 43 45 21 23
98 102 30 31 49 52
65 73 45 49 42 47
85 89 37 39 52 54
16 24 30 33 78 84
85 89 41 43 78 81
48 56 22 26 36 42
73 81 18 22 15 21
22 24 26 27 57 58
89 93 45 47 54 57
93 98 26 28 36 39
73 81 18 22 78 84
110 112 41 42 57 58
89 93 24 26 39 42
98 102 28 30 42 44
89 93 43 45 28 31
12 16 55 57 57 60
65 73 49 53 47 52
93 98 24 26 52 54
24 28 30 31 52 54
89 93 41 43 47 49
98 102 41 43 36 39
65 81 7 15 52 63
112 114 41 42 34 36
65 69 20 22 60 63
65 73 37 41 68 73
89 93 28 30 68 70
65 69 18 20 78 81
56 65 22 26 78 84
108 110 39 40 40 42
24 26 28 29 57 58
56 65 26 30 73 78
110 112 40 41 60 61
0 16 53 61 0 10
110 112 40 41 71 73
48 56 26 30 42 47
93 98 11 13 52 54
106 110 43 45 49 52
93 98 45 47 54 57
73 81 18 22 26 31
89 93 45 47 65 68
85 89 41 43 70 73
89 98 7 11 57 63
65 73 41 45 26 31
98 102 28 30 36 39
28 32 31 33 49 52
65 73 30 33 57 63
89 98 33 37 10 15
81 89 37 41 0 5
110 112 42 43 39 40
81 89 22 26 73 78
102 106 39 41 63 65
106 114 33 37 5 10
22 24 29 30 57 58
93 98 39 41 75 78
102 106 39 41 73 75
110 112 41 42 60 61
106 114 30 33 47 52
112 114 39 40 49 50
93 98 43 45 75 78
36 40 26 28 28 31
98 102 43 45 49 52
85 89 39 41 47 49
110 112 39 40 36 37
93 98 37 39 47 49
73 81 41 45 26 31
110 112 41 42 71 73
112 114 42 43 39 40
98 102 33 35 49 52
69 73 20 22 31 33
81 85 43 45 73 75
108 110 39 40 37 39
85 89 20 22 44 47
65 73 49 53 42 47
110 112 39 40 78 79
98 106 22 26 31 36
56 65 30 33 31 36
65 69 18 20 57 60
85 89 45 47 52 54
36 40 28 30 33 36
106 108 39 40 40 42
89 98 22 26 5 10
108 110 39 40 55 57
112 114 42 43 66 68
73 81 37 41 26 31
85 89 37 39 42 44
93 98 41 43 70 73
89 93 45 47 63 65
89 93 39 41 65 68
110 114 37 39 44 47
81 85 45 47 63 65
24 32 30 33 10 15
112 114 41 42 66 68
65 73 33 37 63 68
110 112 42 43 66 68
32 40 37 41 52 57
85 89 45 47 65 68
106 110 39 41 7 10
98 102 26 28 49 52
65 69 18 20 75 78
24 26 27 28 60 61
73 81 49 53 73 78
112 114 42 43 78 79
24 32 22 26 15 21
110 112 39 40 42 43
112 114 39 40 48 49
24 28 30 31 47 49
93 98 24 26 57 60
102 106 31 33 52 54
110 112 39 40 57 58
85 89 43 45 78 81
65 69 18 20 65 68
106 114 30 33 36 42
24 32 30 33 78 84
98 106 45 49 73 78
112 114 41 42 39 40
93 98 24 26 60 63
65 73 30 33 26 31
85 89 26 28 49 52
110 114 37 39 33 36
98 102 33 35 54 57
65 73 49 53 52 57
89 98 33 37 5 10
89 93 43 45 47 49
36 40 26 28 31 33
69 73 20 22 78 81
93 98 37 39 60 63
93 98 20 22 49 52
110 114 41 43 0 2
112 114 41 42 78 79
85 89 45 47 36 39
106 110 41 43 23 26
89 98 22 26 10 15
73 81 37 41 63 68
110 114 37 39 57 60
56 65 22 26 10 15
85 89 41 43 28 31
65 69 20 22 23 26
112 114 40 41 34 36
73 81 45 49 26 31
85 89 43 45 28 31
85 89 39 41 36 39
65 69 18 20 60 63
98 102 39 41 54 57
32 36 28 30 49 52
110 112 39 40 60 61
73 81 49 53 68 73
69 73 18 20 78 81
69 73 22 24 39 42
93 98 15 16 57 60
32 65 45 61 0 21
98 106 18 22 57 63
102 106 31 33 57 60
98 102 26 28 44 47
24 26 29 30 57 58
114 118 45 47 54 57
24 26 26 27 60 61
110 112 41 42 43 44
20 24 28 30 26 28
48 65 7 15 21 31
110 112 39 40 71 73
110 112 40 41 43 44
93 98 26 28 33 36
69 73 18 20 31 33
110 112 42 43 78 79
108 110 40 41 40 42
85 89 39 41 54 57
65 69 28 30 36 39
65 69 20 22 70 73
32 36 28 30 33 36
98 102 13 15 60 63
85 89 20 22 49 52
106 108 39 40 37 39
89 98 30 33 5 10
85 89 45 47 47 49
32 40 41 45 42 47
81 89 18 22 26 31
65 69 24 26 26 28
16 20 31 33 54 57
93 98 28 30 28 31
110 112 42 43 54 55
98 102 39 41 47 49
106 110 41 43 68 70
108 110 40 41 37 39
32 40 22 26 68 73
93 98 26 28 63 65
73 81 41 45 73 78
89 93 28 30 28 31
98 102 39 41 33 36
81 98 53 61 52 63
98 102 30 31 54 57
112 114 39 40 53 54
112 114 39 40 47 48
93 98 31 33 42 44
93 98 11 13 57 60
93 98 39 41 78 81
93 98 24 26 39 42
102 106 33 35 57 60
98 102 39 41 39 42
106 114 33 37 10 15
110 112 40 41 63 64
36 40 26 28 52 54
110 112 41 42 44 45
93 98 37 39 36 39
24 32 22 26 78 84
65 73 37 41 15 21
20 24 26 28 26 28
112 114 40 41 66 68
93 98 18 20 60 63
93 98 22 24 44 47
110 112 41 42 63 64
110 112 40 41 44 45
106 110 39 41 5 7
36 40 28 30 49 52
65 69 20 22 18 21
114 118 43 45 26 28
89 93 37 39 78 81
89 93 24 26 42 44
102 106 33 35 52 54
98 102 39 41 52 54
65 69 20 22 26 28
110 114 39 41 0 2
85 89 33 35 54 57
110 114 37 39 60 63
81 85 41 43 28 31
73 81 45 49 68 73
16 24 30 33 10 15
89 93 43 45 70 73
112 114 40 41 39 40
112 114 41 42 54 55
81 89 33 37 5 10
93 98 45 47 52 54
89 98 30 33 10 15
89 93 43 45 31 33
89 93 35 37 49 52
93 98 28 30 68 70
102 106 31 33 60 63
93 98 30 31 54 57
106 108 39 40 52 53
77 81 18 20 49 52
81 85 41 43 70 73
22 24 27 28 60 61
112 114 40 41 78 79
16 20 31 33 49 52
110 112 40 41 75 76
110 112 41 42 75 76
102 106 37 39 26 28
65 69 22 24 54 57
16 20 33 35 42 44
102 106 31 33 44 47
65 69 28 30 44 47
112 114 42 43 54 55
108 110 40 41 55 57
89 98 18 22 10 15
108 110 38 39 50 52
73 81 30 33 31 36
32 36 24 26 42 44
110 114 37 39 47 49
65 73 15 18 57 63
81 89 33 37 10 15
93 98 43 45 68 70
112 114 42 43 71 73
93 98 11 13 33 36
89 93 37 39 70 73
89 93 39 41 75 78
89 93 26 28 28 31
69 73 20 22 75 78
89 93 39 41 28 31
93 98 20 22 44 47
65 73 37 41 21 26
93 98 30 31 44 47
8 16 45 49 42 47
93 98 41 43 23 26
16 24 33 37 0 5
69 73 20 22 57 60
32 36 28 30 42 44
89 93 45 47 52 54
98 102 39 41 36 39
89 93 41 43 65 68
112 114 41 42 71 73
32 40 22 26 10 15
22 24 28 29 60 61
32 40 37 41 47 52
36 40 28 30 42 44
93 98 45 47 63 65
110 112 39 40 43 44
98 106 45 49 78 84
110 112 42 43 71 73
89 93 41 43 28 31
102 106 31 33 39 42
81 85 43 45 31 33
93 98 39 41 63 65
65 73 45 49 52 57
24 32 30 33 5 10
93 98 41 43 26 28
22 24 26 27 60 61
85 89 39 41 52 54
48 56 22 26 42 47
102 106 33 35 60 63
106 110 41 43 81 84
102 106 28 30 49 52
36 40 26 28 54 57
20 24 31 33 49 52
110 112 42 43 57 58
110 114 43 45 2 5
69 73 18 20 75 78
85 89 39 41 57 60
65 73 26 30 0 5
102 106 37 39 81 84
110 112 39 40 63 64
93 98 45 47 65 68
89 93 41 43 42 44
69 73 18 20 57 60
93 98 41 43 73 75
93 98 22 24 54 57
110 112 40 41 64 65
32 36 26 28 28 31
110 112 42 43 60 61
112 114 42 43 42 43
69 73 20 22 65 68
106 110 43 45 39 42
65 69 18 20 23 26
106 110 41 43 26 28
112 114 40 41 54 55
65 73 33 37 15 21
98 102 31 33 31 33
85 89 33 35 47 49
65 69 18 20 70 73
106 110 37 39 12 15
73 81 37 41 73 78
85 89 22 24 49 52
110 112 41 42 64 65
85 89 39 41 60 63
48 56 26 30 47 52
108 110 39 40 52 53
110 114 43 45 12 15
93 98 37 39 33 36
40 48 37 41 52 57
110 112 42 43 42 43
89 93 35 37 60 63
93 98 28 30 31 33
73 81 49 53 26 31
85 89 39 41 42 44
106 110 41 43 18 21
106 114 45 49 68 73
93 98 43 45 78 81
118 122 43 45 47 49
85 89 18 20 44 47
65 73 45 49 31 36
110 112 39 40 44 45
73 81 18 22 21 26
85 89 41 43 73 75
73 81 22 26 68 73
56 65 37 41 36 42
89 93 28 30 75 78
89 93 28 30 31 33
112 114 41 42 57 58
69 73 16 18 42 44
112 114 41 42 60 61
32 48 30 37 10 21
98 102 43 45 44 47
89 93 39 41 63 65
110 112 42 43 36 37
112 114 39 40 34 36
112 114 41 42 42 43
112 114 42 43 75 76
93 98 24 26 42 44
32 36 28 30 47 49
24 32 22 26 21 26
69 73 20 22 60 63
22 24 29 30 60 61
73 81 22 26 73 78
85 89 45 47 63 65
102 106 33 35 39 42
112 114 42 43 60 61
40 48 22 26 36 42
118 122 45 47 47 49
89 93 35 37 57 60
110 112 39 40 75 76
102 106 39 41 68 70
112 114 42 43 57 58
93 98 43 45 23 26
65 73 49 53 57 63
93 98 39 41 31 33
98 106 30 33 0 5
89 93 43 45 42 44
24 32 33 37 31 36
98 102 33 35 52 54
65 69 18 20 18 21
89 93 35 37 54 57
93 98 33 35 49 52
106 114 30 33 42 47
89 93 31 33 49 52
28 32 31 33 54 57
81 85 43 45 68 70
73 81 45 49 78 84
118 122 45 47 39 42
112 114 41 42 75 76
106 110 43 45 36 39
69 73 22 24 36 39
85 89 33 35 52 54
65 73 33 37 21 26
65 73 41 45 78 84
16 24 30 33 5 10
89 93 37 39 28 31
65 73 30 33 63 68
81 89 22 26 21 26
112 114 40 41 71 73
60 65 28 30 39 42
24 26 27 28 44 45
32 40 37 41 57 63
89 93 24 26 65 68
69 73 18 20 60 63
112 114 42 43 36 37
32 36 26 28 31 33
85 89 43 45 73 75
98 102 26 28 54 57
102 106 33 35 44 47
20 22 29 30 50 52
85 89 43 45 68 70
106 108 39 40 53 54
85 89 41 43 31 33
69 73 18 20 65 68
98 106 18 22 31 36
89 93 26 28 31 33
106 110 37 39 2 5
73 81 33 37 63 68
112 114 42 43 63 64
112 114 41 42 63 64
118 122 43 45 39 42
65 69 20 22 68 70
89 93 37 39 73 75
110 112 39 40 64 65
56 65 26 30 10 15
65 69 18 20 26 28
85 89 20 22 47 49
112 114 40 41 57 58
20 22 28 29 50 52
85 89 43 45 31 33
93 98 43 45 26 28
110 112 42 43 63 64
112 114 41 42 36 37
48 56 41 45 42 47
110 112 41 42 74 75
110 112 42 43 75 76
112 114 40 41 60 61
102 106 35 37 26 28
65 73 33 37 68 73
36 40 28 30 47 49
93 98 22 24 47 49
26 28 27 28 50 52
93 98 22 24 39 42
98 102 33 35 39 42
106 114 33 37 0 5
98 102 30 31 52 54
112 114 39 40 66 68
81 85 20 22 49 52
89 93 22 24 49 52
89 93 22 24 44 47
93 98 22 24 52 54
93 98 43 45 73 75
112 114 39 40 39 40
112 114 39 40 78 79
32 36 26 28 52 54
98 102 41 43 42 44
112 114 42 43 43 44
24 26 26 27 44 45
65 69 20 22 63 65
102 106 28 30 54 57
65 69 28 30 42 44
93 98 30 31 52 54
65 73 49 53 31 36
110 112 40 41 65 66
106 110 43 45 33 36
98 102 30 31 44 47
102 106 31 33 36 39
102 106 28 30 44 47
81 85 41 43 73 75
108 110 40 41 52 53
56 65 15 18 26 31
93 98 26 28 70 73
65 69 20 22 15 18
73 81 33 37 26 31
89 93 41 43 63 65
112 114 40 41 42 43
85 89 18 20 49 52
26 28 26 27 50 52
81 89 49 53 52 57
106 110 37 39 7 10
110 112 42 43 43 44
110 112 41 42 65 66
118 122 45 47 52 54
89 98 7 11 31 36
89 93 35 37 39 42
106 110 33 35 54 57
98 102 33 35 57 60
102 106 33 35 36 39
93 98 41 43 18 21
112 114 41 42 43 44
69 73 22 24 44 47
89 93 39 41 78 81
28 32 31 33 47 49
65 73 15 18 15 21
98 102 39 41 57 60
85 89 41 43 68 70
81 85 41 43 31 33
102 106 33 35 33 36
112 114 39 40 54 55
81 85 20 22 44 47
112 114 40 41 75 76
89 93 28 30 73 75
32 65 0 15 63 84
110 112 42 43 44 45
89 93 26 28 75 78
81 89 22 26 15 21
93 98 41 43 68 70
110 112 40 41 33 34
98 102 26 28 47 49
112 114 42 43 44 45
114 118 41 43 26 28
60 65 28 30 44 47
89 98 30 33 0 5
106 114 30 33 31 36
93 98 37 39 42 44
81 85 43 45 18 21
110 114 37 39 42 44
81 85 43 45 23 26
85 89 28 30 47 49
106 108 39 40 54 55
32 36 26 28 54 57
106 110 43 45 44 47
85 89 24 26 49 52
89 93 24 26 36 39
118 122 43 45 52 54
98 102 33 35 44 47
65 73 37 41 78 84
65 69 20 22 21 23
106 108 38 39 54 55
93 98 30 31 60 63
102 106 31 33 33 36
56 65 37 41 42 47
106 108 39 40 49 50
85 89 26 28 47 49
112 114 40 41 63 64
106 110 33 35 49 52
112 114 42 43 64 65
112 114 41 42 64 65
65 73 41 45 68 73
98 102 33 35 60 63
110 112 41 42 33 34
112 114 41 42 44 45
81 89 49 53 47 52
106 110 43 45 52 54
69 73 20 22 23 26
73 81 41 45 63 68
106 110 33 35 57 60
89 93 35 37 44 47
93 98 28 30 75 78
69 73 20 22 70 73
65 73 41 45 63 68
98 106 7 11 26 31
56 65 26 30 78 84
93 98 30 31 39 42
110 112 42 43 64 65
73 81 26 30 26 31
112 114 40 41 36 37
106 108 38 39 49 50
73 81 37 41 68 73
106 110 43 45 54 57
102 106 31 33 47 49
112 114 42 43 74 75
89 93 26 28 73 75
118 122 43 45 44 47
102 106 39 41 26 28
89 93 39 41 70 73
24 32 22 26 10 15
40 48 37 41 42 47
65 69 18 20 63 65
65 69 28 30 33 36
93 98 43 45 18 21
20 24 31 33 54 57
93 98 30 31 57 60
93 98 20 22 47 49
93 98 20 22 39 42
89 93 39 41 31 33
65 73 33 37 73 78
93 98 11 13 60 63
73 81 41 45 78 84
73 81 33 37 73 78
106 114 30 33 63 68
98 102 33 35 33 36
93 98 20 22 54 57
106 110 33 35 60 63
89 93 43 45 75 78
93 98 30 31 47 49
65 69 18 20 68 70
106 110 41 43 15 18
93 98 15 16 60 63
73 81 22 26 26 31
112 114 41 42 74 75
108 110 39 40 49 50
85 89 45 47 42 44
110 112 39 40 65 66
22 24 27 28 44 45
89 93 41 43 31 33
89 98 33 37 0 5
98 102 41 43 31 33
93 98 22 24 57 60
89 98 22 26 0 5
16 20 31 33 57 60
106 110 39 41 10 12
28 32 31 33 52 54
85 89 22 24 47 49
65 73 15 18 73 78
106 110 37 39 5 7
73 81 41 45 15 21
114 122 37 41 26 31
22 24 28 29 44 45
40 48 22 26 42 47
16 32 45 53 0 10
65 69 22 24 26 28
73 81 26 30 73 78
89 93 41 43 75 78
106 110 43 45 60 63
98 102 30 31 60 63
108 110 39 40 53 54
73 81 26 30 63 68
118 122 45 47 44 47
65 69 18 20 15 18
69 73 18 20 70 73
20 22 29 30 55 57
98 106 45 49 68 73
24 32 22 26 5 10
20 22 27 28 50 52
98 102 26 28 39 42
110 114 43 45 7 10
112 114 39 40 71 73
98 102 30 31 39 42
65 73 15 18 21 26
93 98 39 41 26 28
93 98 15 16 31 33
112 114 40 41 43 44
93 98 26 28 68 70
108 110 38 39 55 57
98 102 33 35 36 39
106 108 37 38 54 55
112 114 39 40 57 58
110 112 41 42 73 74
0 16 37 45 0 10
93 98 35 37 49 52
69 73 20 22 26 28
20 22 28 29 55 57
112 114 39 40 60 61
110 114 43 45 5 7
110 112 42 43 74 75
89 93 35 37 52 54
98 102 30 31 57 60
110 112 39 40 33 34
93 98 22 24 60 63
118 122 45 47 36 39
98 102 43 45 47 49
69 73 18 20 23 26
89 93 43 45 68 70
98 102 26 28 57 60
65 69 28 30 49 52
22 24 26 27 44 45
85 89 35 37 49 52
112 114 40 41 64 65
77 81 20 22 47 49
98 102 43 45 39 42
93 98 39 41 70 73
93 98 24 26 36 39
69 73 20 22 18 21
65 73 30 33 68 73
65 73 15 18 78 84
98 102 39 41 60 63
108 110 39 40 39 40
98 106 7 11 63 68
89 93 37 39 68 70
98 102 26 28 60 63
81 89 26 30 5 10
73 81 18 22 10 15
98 102 39 41 28 31
89 93 31 33 39 42
69 73 22 24 49 52
98 102 26 28 52 54
16 24 22 26 68 73
112 114 40 41 44 45
112 114 42 43 65 66
102 106 28 30 60 63
81 89 30 33 5 10
65 73 15 18 63 68
93 98 33 35 54 57
22 24 29 30 44 45
112 114 41 42 65 66
89 93 37 39 31 33
93 98 24 26 65 68
73 81 41 45 21 26
106 110 41 43 21 23
93 98 26 28 28 31
8 16 57 61 57 63
16 20 31 33 52 54
93 98 37 39 65 68
118 122 43 45 36 39
73 81 37 41 15 21
89 93 24 26 63 65
106 108 37 38 49 50
69 73 22 24 42 44
81 98 53 61 31 42
65 69 18 20 21 23
102 106 28 30 57 60
26 28 27 28 55 57
93 98 39 41 73 75
81 89 49 53 57 63
73 81 49 53 78 84
85 89 41 43 23 26
110 112 42 43 65 66
48 56 33 37 47 52
56 65 37 41 47 52
106 110 43 45 47 49
73 81 37 41 21 26
20 22 26 27 50 52
81 98 53 61 42 52
112 114 39 40 42 43
69 73 22 24 33 36
85 89 18 20 47 49
108 110 40 41 49 50
98 102 37 39 49 52
102 106 28 30 39 42
98 102 43 45 52 54
106 108 39 40 39 40
73 81 37 41 78 84
81 85 43 45 26 28
24 32 33 37 26 31
69 73 18 20 18 21
73 81 26 30 68 73
81 89 26 30 10 15
98 102 43 45 54 57
73 81 45 49 21 26
69 73 20 22 63 65
106 110 43 45 57 60
98 102 39 41 42 44
112 114 39 40 75 76
32 48 37 45 0 10
81 89 33 37 0 5
69 73 18 20 26 28
81 89 22 26 78 84
26 28 26 27 55 57
102 106 33 35 47 49
65 73 45 49 57 63
89 93 31 33 44 47
60 65 28 30 36 39
65 73 15 18 68 73
98 102 43 45 33 36
69 73 20 22 68 70
118 122 43 45 60 63
16 24 22 26 31 36
112 114 39 40 63 64
81 85 41 43 68 70
56 65 33 37 31 36
89 93 33 35 39 42
65 81 53 61 63 73
65 73 41 45 21 26
93 98 37 39 28 31
81 85 43 45 15 18
65 69 20 22 73 75
98 106 22 26 68 73
93 98 20 22 52 54
106 108 40 41 50 52
89 93 39 41 73 75
81 89 18 22 78 84
89 93 35 37 36 39
93 98 22 24 42 44
112 114 42 43 73 74
65 69 28 30 47 49
93 98 37 39 75 78
36 40 28 30 28 31
98 102 26 28 42 44
102 106 31 33 42 44
81 89 30 33 10 15
112 114 39 40 36 37
108 110 39 40 54 55
65 73 41 45 15 21
89 93 20 22 44 47
93 98 33 35 44 47
108 110 40 41 53 54
81 85 41 43 23 26
89 93 35 37 47 49
98 102 33 35 28 31
89 93 41 43 70 73
93 98 33 35 39 42
89 93 22 24 39 42
108 110 40 41 39 40
89 93 33 35 49 52
112 114 41 42 73 74
93 98 41 43 21 23
110 114 37 39 65 68
85 89 43 45 23 26
48 56 22 26 47 52
89 93 22 24 47 49
112 114 40 41 65 66
89 93 43 45 23 26
106 110 43 45 75 78
81 85 20 22 47 49
93 98 28 30 73 75
98 102 30 31 47 49
69 73 18 20 63 65
65 73 49 53 73 78
81 85 41 43 18 21
93 98 22 24 36 39
32 36 28 30 28 31
102 106 39 41 81 84
73 81 33 37 68 73
32 48 30 37 73 84
93 98 33 35 52 54
48 56 41 45 57 63
65 73 30 33 15 21
48 56 41 45 36 42
69 73 18 20 68 70
102 106 28 30 52 54
93 98 26 28 31 33
110 112 42 43 73 74
93 98 35 37 54 57
85 89 41 43 18 21
65 69 20 22 81 84
102 106 41 43 33 36
106 110 43 45 78 81
20 22 27 28 55 57
69 73 20 22 15 18
102 106 43 45 49 52
98 102 43 45 36 39
60 65 28 30 42 44
93 98 43 45 21 23
110 112 40 41 70 71
89 93 20 22 49 52
118 122 43 45 65 68
24 32 33 37 63 68
20 24 31 33 47 49
93 98 30 31 36 39
65 73 30 33 21 26
98 106 22 26 26 31
102 106 33 35 28 31
36 40 28 30 31 33
106 110 33 35 52 54
102 106 28 30 47 49
8 16 45 49 63 68
93 98 20 22 57 60
85 89 20 22 42 44
65 69 18 20 73 75
93 98 37 39 78 81
81 85 18 20 49 52
112 114 39 40 43 44
85 89 43 45 18 21
81 89 49 53 36 42
112 114 39 40 64 65
110 112 41 42 70 71
85 89 24 26 47 49
24 32 45 49 47 52
48 56 26 30 31 36
93 98 41 43 15 18
106 110 41 43 12 15
106 110 33 35 39 42
32 36 28 30 52 54
89 93 43 45 73 75
73 81 41 45 68 73
89 93 43 45 78 81
93 98 20 22 42 44
69 73 18 20 15 18
85 89 41 43 26 28
73 81 49 53 21 26
89 93 41 43 78 81
81 85 43 45 21 23
89 93 31 33 54 57
93 98 37 39 63 65
98 102 33 35 47 49
93 98 24 26 63 65
65 69 18 20 81 84
98 102 30 31 36 39
81 85 18 20 44 47
77 81 18 20 47 49
65 73 49 53 68 73
102 106 33 35 42 44
108 110 39 40 36 37
81 89 18 22 21 26
98 102 39 41 31 33
112 114 39 40 44 45
8 16 57 61 63 68
69 73 20 22 81 84
110 112 42 43 33 34
85 89 35 37 54 57
89 93 22 24 54 57
40 48 22 26 47 52
89 93 31 33 36 39
32 36 28 30 31 33
20 22 26 27 55 57
69 73 18 20 81 84
89 93 30 31 49 52
89 93 43 45 26 28
36 40 28 30 52 54
16 24 22 26 73 78
106 110 41 43 2 5
102 106 33 35 65 68
108 110 37 38 50 52
93 98 30 31 42 44
108 110 40 41 54 55
69 73 20 22 21 23
89 93 31 33 52 54
93 98 20 22 36 39
81 85 47 49 49 52
102 106 28 30 36 39
98 114 15 22 0 10
98 102 39 41 75 78
89 93 33 35 36 39
110 112 39 40 70 71
106 110 33 35 44 47
98 102 33 35 42 44
93 98 33 35 36 39
65 73 49 53 63 68
98 102 30 31 33 36
32 36 28 30 54 57
81 85 41 43 26 28
48 56 22 26 31 36
106 110 43 45 28 31
16 20 31 33 60 63
106 110 43 45 65 68
102 106 28 30 42 44
69 73 22 24 47 49
85 89 43 45 26 28
102 106 41 43 49 52
108 110 40 41 36 37
106 110 33 35 36 39
93 98 43 45 15 18
89 93 43 45 18 21
89 93 39 41 68 70
106 108 39 40 36 37
89 93 31 33 47 49
110 114 37 39 75 78
110 114 43 45 10 12
81 85 37 39 49 52
73 81 22 26 78 84
81 98 53 61 63 73
81 89 18 22 15 21
48 56 30 33 42 47
65 73 30 33 73 78
20 22 29 30 45 47
93 98 33 35 47 49
110 114 37 39 78 81
110 114 37 39 28 31
36 40 28 30 54 57
89 93 22 24 42 44
81 85 43 45 81 84
20 22 29 30 58 60
112 114 39 40 65 66
98 102 37 39 44 47
26 28 27 28 45 47
81 89 49 53 42 47
32 40 37 41 42 47
112 114 42 43 33 34
118 122 45 47 42 44
81 85 28 30 49 52
98 102 37 39 54 57
65 73 37 41 10 15
73 81 30 33 26 31
20 22 28 29 45 47
89 93 35 37 42 44
73 81 30 33 63 68
98 102 26 28 36 39
118 122 43 45 42 44
110 114 37 39 63 65
102 106 43 45 33 36
69 73 18 20 21 23
20 24 31 33 52 54
26 28 27 28 58 60
20 22 28 29 58 60
102 106 33 35 63 65
93 98 35 37 52 54
81 85 39 41 49 52
73 81 33 37 78 84
89 93 18 20 44 47
98 102 33 35 31 33
48 56 33 37 42 47
98 102 30 31 42 44
93 98 33 35 57 60
106 110 37 39 10 12
89 93 20 22 39 42
112 114 41 42 33 34
81 85 41 43 15 18
65 73 45 49 73 78
93 98 39 41 68 70
26 28 26 27 45 47
93 98 35 37 44 47
89 93 22 24 57 60
89 93 22 24 60 63
24 32 45 49 52 57
98 102 39 41 65 68
89 93 41 43 23 26
40 48 37 41 57 63
89 93 41 43 73 75
89 93 39 41 26 28
93 98 20 22 60 63
89 93 22 24 52 54
118 122 43 45 33 36
89 93 33 35 54 57
8 16 30 33 52 57
118 122 41 43 49 52
98 102 33 35 65 68
26 28 26 27 58 60
26 28 28 29 50 52
20 24 33 35 49 52
85 89 35 37 47 49
112 114 42 43 70 71
89 93 28 30 26 28
65 73 45 49 26 31
65 73 33 37 10 15
24 32 33 37 15 21
110 112 42 43 70 71
89 93 33 35 60 63
106 110 43 45 42 44
16 20 31 33 47 49
93 98 33 35 60 63
106 108 40 41 40 42
112 114 41 42 70 71
106 108 40 41 37 39
20 24 31 33 57 60
85 89 18 20 42 44
48 56 30 33 36 42
93 98 35 37 57 60
69 73 20 22 73 75
102 106 33 35 31 33
89 93 33 35 44 47
106 110 39 41 0 2
81 85 35 37 49 52
65 81 53 61 21 31
110 114 37 39 31 33
114 122 37 41 21 26
93 98 28 30 26 28
93 98 35 37 39 42
85 89 35 37 52 54
85 89 41 43 21 23
81 85 22 24 49 52
102 106 30 31 49 52
81 85 41 43 21 23
26 28 27 28 61 63
26 28 27 28 52 53
73 81 33 37 21 26
65 73 15 18 10 15
81 85 33 35 49 52
56 65 15 18 57 63
102 106 41 43 36 39
93 98 37 39 31 33
20 22 29 30 52 53
73 81 22 26 21 26
16 24 57 61 57 63
118 122 43 45 63 65
69 73 18 20 73 75
89 93 37 39 26 28
73 81 22 26 15 21
89 93 26 28 26 28
89 93 41 43 26 28
112 114 40 41 33 34
24 32 33 37 21 26
106 110 41 43 7 10
89 93 33 35 57 60
89 93 18 20 49 52
85 89 43 45 15 18
85 89 41 43 15 18
20 22 28 29 52 53
85 89 43 45 21 23
26 28 26 27 52 53
8 16 30 33 57 63
26 28 26 27 61 63
65 73 49 53 26 31
36 40 26 28 26 28
108 110 38 39 49 50
106 108 40 41 55 57
81 89 26 30 0 5
93 98 35 37 60 63
81 89 30 33 0 5
89 93 31 33 60 63
102 106 43 45 36 39
93 98 22 24 65 68
73 81 30 33 73 78
89 93 20 22 47 49
93 98 26 28 75 78
106 110 41 43 5 7
98 102 43 45 42 44
112 114 40 41 70 71
81 85 18 20 47 49
73 81 26 30 78 84
73 81 26 30 15 21
102 106 43 45 39 42
118 122 45 47 54 57
98 102 37 39 52 54
98 102 39 41 78 81
93 98 11 13 31 33
106 114 30 33 26 31
24 32 45 49 42 47
89 93 31 33 57 60
20 22 27 28 58 60
73 81 26 30 21 26
89 98 7 11 63 68
102 106 31 33 31 33
89 93 43 45 21 23
114 122 37 41 15 21
28 32 30 31 49 52
89 93 41 43 68 70
98 106 7 11 68 73
89 93 33 35 52 54
20 22 29 30 49 50
89 93 22 24 36 39
89 93 30 31 44 47
65 81 53 61 73 84
24 32 30 33 0 5
106 110 43 45 31 33
26 28 27 28 53 54
20 22 27 28 45 47
40 48 26 30 36 42
98 102 37 39 39 42
65 73 33 37 78 84
81 85 41 43 81 84
102 106 30 31 54 57
106 110 43 45 63 65
93 98 26 28 73 75
118 122 43 45 75 78
108 110 37 38 55 57
26 28 27 28 49 50
98 102 37 39 47 49
93 98 33 35 42 44
89 93 31 33 42 44
56 65 15 18 21 26
73 81 18 22 5 10
98 102 33 35 63 65
98 102 37 39 33 36
93 98 35 37 47 49
20 22 28 29 49 50
106 110 33 35 47 49
108 110 38 39 54 55
81 85 47 49 54 57
65 73 45 49 63 68
81 89 49 53 63 68
89 93 20 22 54 57
26 28 26 27 53 54
73 81 33 37 15 21
102 106 41 43 39 42
20 22 29 30 53 54
26 28 26 27 49 50
16 24 22 26 26 31
24 32 45 49 57 63
26 28 28 29 55 57
26 28 27 28 48 49
118 122 43 45 54 57
118 122 43 45 78 81
48 56 41 45 63 68
110 114 37 39 70 73
89 93 41 43 18 21
40 48 26 30 47 52
89 93 20 22 42 44
110 114 43 45 0 2
102 106 43 45 44 47
20 22 28 29 53 54
40 48 26 30 42 47
48 56 26 30 52 57
26 28 27 28 54 55
98 102 39 41 70 73
89 93 30 31 54 57
98 102 37 39 57 60
24 32 33 37 68 73
26 28 26 27 48 49
20 22 29 30 54 55
20 22 29 30 48 49
32 48 30 37 0 10
20 22 26 27 58 60
81 85 20 22 42 44
48 56 30 33 47 52
20 22 27 28 52 53
81 89 49 53 31 36
93 98 35 37 36 39
69 73 22 24 28 31
102 106 43 45 52 54
65 73 45 49 68 73
48 56 18 22 36 42
98 102 37 39 36 39
89 93 33 35 47 49
20 22 26 27 45 47
20 22 28 29 54 55
93 98 37 39 70 73
26 28 26 27 54 55
8 16 57 61 68 73
102 106 41 43 44 47
89 93 18 20 39 42
89 98 7 11 26 31
20 22 28 29 48 49
81 85 37 39 44 47
93 98 22 24 63 65
102 106 41 43 31 33
73 77 20 22 49 52
112 114 39 40 33 34
26 28 29 30 50 52
89 93 30 31 39 42
20 22 29 30 61 63
102 106 43 45 47 49
98 102 35 37 49 52
106 110 43 45 70 73
89 93 47 49 60 63
65 73 15 18 5 10
93 98 37 39 26 28
20 22 28 29 61 63
73 81 30 33 68 73
32 36 26 28 26 28
65 73 49 53 78 84
93 98 37 39 73 75
89 93 30 31 60 63
16 24 30 33 0 5
20 24 33 35 54 57
26 28 27 28 47 48
81 89 22 26 10 15
8 16 57 61 52 57
89 93 20 22 52 54
81 89 22 26 5 10
106 108 40 41 52 53
16 24 57 61 63 68
89 93 33 35 42 44
20 22 26 27 52 53
8 16 57 61 47 52
118 122 43 45 57 60
40 48 22 26 31 36
81 98 53 61 21 31
24 32 33 37 73 78
26 28 26 27 47 48
112 114 39 40 70 71
69 73 22 24 52 54
20 22 29 30 47 48
89 93 20 22 57 60
48 56 18 22 42 47
81 85 39 41 44 47
106 110 33 35 42 44
98 102 39 41 63 65
89 93 30 31 57 60
98 102 43 45 31 33
20 22 28 29 47 48
89 93 20 22 36 39
85 89 41 43 81 84
102 106 41 43 52 54
89 93 20 22 60 63
89 93 22 24 65 68
81 85 22 24 47 49
56 65 37 41 52 57
20 22 27 28 49 50
81 85 47 49 52 54
65 69 28 30 31 33
98 102 37 39 60 63
48 56 41 45 68 73
24 32 53 57 57 63
81 85 28 30 47 49
81 85 39 41 54 57
102 106 43 45 54 57
20 22 27 28 53 54
20 22 27 28 61 63
16 24 22 26 78 84
81 85 47 49 44 47
118 122 43 45 28 31
89 93 43 45 15 18
69 73 22 24 31 33
8 16 30 33 47 52
89 93 18 20 47 49
69 73 24 26 39 42
81 85 37 39 47 49
81 89 15 18 47 52
81 85 37 39 39 42
98 106 7 11 21 26
102 106 41 43 54 57
118 122 41 43 47 49
93 98 41 43 81 84
89 93 30 31 52 54
85 89 43 45 81 84
20 22 29 30 57 58
24 32 22 26 0 5
65 81 7 15 21 31
16 24 22 26 15 21
98 102 39 41 73 75
81 85 26 28 49 52
102 106 26 28 44 47
20 22 27 28 54 55
106 110 37 39 0 2
73 81 37 41 10 15
8 16 45 49 68 73
20 22 28 29 57 58
24 32 53 57 47 52
98 102 33 35 26 28
20 22 27 28 48 49
89 93 30 31 47 49
98 102 35 37 54 57
26 28 27 28 57 58
26 28 28 29 58 60
65 73 30 33 78 84
81 85 47 49 39 42
20 22 26 27 49 50
118 122 43 45 70 73
102 106 30 31 44 47
81 85 37 39 54 57
89 93 41 43 21 23
102 106 41 43 47 49
98 102 30 31 31 33
20 22 26 27 61 63
102 106 30 31 52 54
26 28 29 30 55 57
81 89 11 15 47 52
81 85 33 35 47 49
28 32 30 31 54 57
81 85 39 41 39 42
89 93 47 49 57 60
106 110 43 45 73 75
20 22 26 27 53 54
106 110 41 43 10 12
93 98 26 28 26 28
81 85 37 39 52 54
98 102 39 41 26 28
48 56 22 26 52 57
26 28 26 27 57 58
81 85 35 37 47 49
24 32 53 57 52 57
56 65 37 41 31 36
73 81 41 45 10 15
93 98 35 37 42 44
65 73 45 49 78 84
81 89 11 15 42 47
73 81 30 33 78 84
81 85 39 41 47 49
56 65 7 11 42 47
65 73 49 53 21 26
40 48 22 26 52 57
20 24 33 35 44 47
106 108 40 41 49 50
81 85 39 41 52 54
20 22 26 27 54 55
89 93 18 20 42 44
24 32 33 37 10 15
81 89 15 18 42 47
20 22 26 27 48 49
98 106 22 26 21 26
24 28 22 24 49 52
102 106 30 31 57 60
93 98 37 39 68 70
81 85 35 37 52 54
20 22 27 28 47 48
65 73 30 33 10 15
89 93 18 20 36 39
81 85 33 35 54 57
106 108 40 41 53 54
93 98 43 45 81 84
69 73 24 26 36 39
65 73 45 49 21 26
114 122 49 53 47 52
69 73 22 24 54 57
102 106 30 31 39 42
28 32 30 31 47 49
81 85 37 39 36 39
20 24 33 35 47 49
89 93 22 24 63 65
110 114 37 39 23 26
106 108 40 41 39 40
81 85 35 37 54 57
102 106 30 31 60 63
89 93 30 31 36 39
48 56 33 37 36 42
81 85 33 35 52 54
24 32 33 37 78 84
102 106 33 35 26 28
73 81 30 33 21 26
73 81 30 33 15 21
110 114 37 39 68 70
16 24 22 26 21 26
102 106 43 45 31 33
20 24 33 35 52 54
89 93 18 20 54 57
20 22 27 28 57 58
118 122 41 43 52 54
81 85 47 49 57 60
102 106 26 28 49 52
32 48 15 22 42 52
20 22 26 27 47 48
102 106 26 28 39 42
81 85 18 20 42 44
89 93 41 43 15 18
93 98 39 41 81 84
98 102 35 37 52 54
118 122 41 43 39 42
110 114 37 39 73 75
102 106 26 28 60 63
98 102 37 39 42 44
118 122 41 43 44 47
81 85 47 49 47 49
85 89 47 49 49 52
73 77 18 20 49 52
26 28 27 28 60 61
81 85 47 49 60 63
81 89 18 22 10 15
26 28 28 29 52 53
8 16 57 61 42 47
48 56 41 45 31 36
98 102 39 41 68 70
98 102 35 37 33 36
106 110 43 45 23 26
81 85 39 41 36 39
89 93 37 39 81 84
114 118 47 49 49 52
98 102 37 39 28 31
81 85 47 49 36 39
16 24 41 45 47 52
56 65 7 11 47 52
36 40 28 30 26 28
20 24 31 33 60 63
106 108 40 41 54 55
98 102 35 37 57 60
81 89 15 18 52 57
26 28 26 27 60 61
73 81 22 26 10 15
28 32 30 31 52 54
48 56 22 26 26 31
118 122 43 45 31 33
85 89 47 49 60 63
32 36 28 30 26 28
24 32 53 57 63 68
89 93 18 20 52 54
16 24 22 26 10 15
89 93 47 49 65 68
20 22 26 27 57 58
24 28 31 33 49 52
106 108 40 41 36 37
106 114 30 33 68 73
73 81 15 18 47 52
26 28 28 29 49 50
73 81 26 30 10 15
65 73 41 45 10 15
89 93 30 31 42 44
16 24 41 45 52 57
114 122 37 41 5 10
81 89 49 53 68 73
16 24 57 61 52 57
118 122 43 45 73 75
20 22 29 30 60 61
26 28 29 30 58 60
114 122 49 53 52 57
114 118 47 49 39 42
110 114 37 39 18 21
16 24 57 61 47 52
16 24 22 26 5 10
102 106 30 31 47 49
20 22 28 29 60 61
108 110 37 38 49 50
118 122 41 43 60 63
24 32 53 57 42 47
69 73 24 26 44 47
108 110 37 38 54 55
81 89 11 15 36 42
40 48 26 30 52 57
24 28 22 24 54 57
81 89 49 53 26 31
16 24 57 61 68 73
26 28 28 29 53 54
110 114 37 39 26 28
118 122 41 43 65 68
89 98 49 53 57 63
98 102 35 37 44 47
81 85 39 41 57 60
81 89 11 15 52 57
102 106 26 28 54 57
102 106 30 31 36 39
106 110 43 45 68 70
69 73 24 26 33 36
98 102 35 37 60 63
24 32 33 37 5 10
73 81 26 30 5 10
102 106 43 45 42 44
81 85 26 28 47 49
102 106 26 28 57 60
106 114 30 33 73 78
48 56 26 30 26 31
81 85 37 39 57 60
106 110 43 45 81 84
98 102 35 37 39 42
106 110 43 45 26 28
26 28 28 29 54 55
85 89 47 49 57 60
81 89 49 53 73 78
118 122 41 43 36 39
102 106 41 43 42 44
24 32 49 53 52 57
89 93 16 18 49 52
20 24 33 35 57 60
102 106 26 28 42 44
32 48 15 22 31 42
98 102 37 39 65 68
89 93 47 49 63 65
8 16 30 33 63 68
98 102 35 37 36 39
89 98 7 11 68 73
24 32 49 53 47 52
85 89 47 49 54 57
81 85 24 26 49 52
98 102 37 39 75 78
110 114 37 39 81 84
118 122 43 45 68 70
85 89 47 49 39 42
89 93 18 20 57 60
89 93 16 18 44 47
89 93 47 49 54 57
81 89 22 26 0 5
106 110 41 43 0 2
98 102 37 39 31 33
16 24 45 49 47 52
16 24 41 45 57 63
65 81 53 61 10 21
81 85 37 39 42 44
20 22 27 28 60 61
114 122 49 53 36 42
69 73 26 28 44 47
26 28 27 28 44 45
102 106 30 31 33 36
106 114 30 33 15 21
24 28 31 33 54 57
114 122 37 41 10 15
106 110 43 45 18 21
102 106 26 28 47 49
73 81 33 37 10 15
24 28 22 24 52 54
8 16 41 45 52 57
26 28 29 30 52 53
106 114 30 33 21 26
40 48 41 45 47 52
26 28 26 27 44 45
89 93 39 41 81 84
65 73 15 18 0 5
114 118 47 49 44 47
81 89 15 18 36 42
20 22 29 30 44 45
24 32 49 53 57 63
48 56 18 22 47 52
69 73 24 26 42 44
65 81 7 15 10 21
102 106 30 31 42 44
20 24 35 37 49 52
102 106 26 28 36 39
81 85 39 41 42 44
89 93 18 20 60 63
73 81 18 22 0 5
20 22 28 29 44 45
114 122 49 53 42 47
26 28 28 29 57 58
81 85 47 49 42 44
112 114 44 45 50 52
85 89 47 49 36 39
89 93 13 15 44 47
73 77 20 22 47 49
98 102 35 37 47 49
20 22 26 27 60 61
56 60 28 30 39 42
69 73 24 26 49 52
93 98 47 49 60 63
89 93 13 15 49 52
98 102 35 37 28 31
16 24 45 49 52 57
85 89 47 49 44 47
26 28 29 30 53 54
114 122 37 41 0 5
73 81 22 26 5 10
69 73 26 28 39 42
114 118 47 49 47 49
89 98 49 53 52 57
73 81 15 18 52 57
98 102 37 39 78 81
26 28 29 30 54 55
89 93 43 45 81 84
118 122 41 43 33 36
48 56 26 30 57 63
40 48 22 26 26 31
85 89 47 49 65 68
26 28 29 30 49 50
24 32 53 57 68 73
81 85 47 49 65 68
16 20 28 30 54 57
114 122 49 53 57 63
98 102 37 39 63 65
81 85 39 41 60 63
85 89 47 49 52 54
40 48 41 45 52 57
81 85 37 39 60 63
24 32 49 53 42 47
56 60 26 28 39 42
69 73 22 24 26 28
114 118 47 49 36 39
89 98 7 11 21 26
106 114 26 30 57 63
110 114 37 39 21 23
110 114 37 39 15 18
20 24 35 37 54 57
89 93 16 18 39 42
118 122 41 43 63 65
106 114 30 33 78 84
118 122 47 49 49 52
106 114 26 30 52 57
73 81 30 33 10 15
81 89 15 18 57 63
69 73 28 30 44 47
114 118 47 49 52 54
118 122 43 45 81 84
56 60 24 26 39 42
118 122 41 43 75 78
118 122 43 45 26 28
16 24 57 61 42 47
24 28 22 24 57 60
48 56 11 15 42 47
89 93 47 49 52 54
93 98 37 39 81 84
40 48 26 30 31 36
106 110 43 45 15 18
73 81 15 18 42 47
24 28 22 24 47 49
89 98 49 53 31 36
81 89 49 53 21 26
16 24 41 45 42 47
81 98 53 61 73 84
56 60 28 30 36 39
20 22 27 28 44 45
36 40 22 24 39 42
106 114 26 30 47 52
56 60 26 28 36 39
89 93 13 15 39 42
16 24 45 49 57 63
98 102 37 39 70 73
89 98 49 53 36 42
8 16 30 33 42 47
106 110 43 45 21 23
89 98 49 53 63 68
81 85 24 26 47 49
69 73 24 26 47 49
98 102 35 37 31 33
102 106 26 28 52 54
8 16 41 45 57 63
24 28 31 33 52 54
118 122 41 43 78 81
114 118 47 49 42 44
28 32 26 28 49 52
81 89 11 15 57 63
89 93 16 18 47 49
69 73 26 28 49 52
118 122 41 43 42 44
24 28 31 33 47 49
26 28 29 30 57 58
93 98 47 49 57 60
48 56 30 33 31 36
85 89 47 49 63 65
16 20 28 30 49 52
36 40 22 24 36 39
20 22 26 27 44 45
89 98 49 53 47 52
89 93 16 18 54 57
81 98 53 61 10 21
48 56 18 22 31 36
48 56 22 26 57 63
81 85 47 49 63 65
40 48 26 30 57 63
69 73 26 28 36 39
20 24 33 35 60 63
98 102 35 37 65 68
73 77 18 20 47 49
118 122 41 43 54 57
89 93 13 15 54 57
106 110 43 45 2 5
69 73 26 28 47 49
56 65 37 41 57 63
69 73 26 28 42 44
81 89 49 53 15 21
89 93 16 18 36 39
89 93 41 43 81 84
69 73 28 30 49 52
56 60 24 26 36 39
85 89 47 49 47 49
24 32 37 41 52 57
56 65 41 45 47 52
106 110 43 45 12 15
28 32 26 28 54 57
110 114 37 39 2 5
98 102 35 37 42 44
98 102 39 41 81 84
16 20 28 30 57 60
118 122 41 43 28 31
106 114 26 30 36 42
89 93 13 15 47 49
69 73 28 30 47 49
48 56 26 30 15 21
110 114 37 39 12 15
16 24 45 49 42 47
98 102 37 39 73 75
118 122 41 43 70 73
69 73 26 28 33 36
20 24 35 37 52 54
48 56 26 30 63 68
106 114 26 30 42 47
28 32 28 30 49 52
89 93 16 18 52 54
40 48 22 26 57 63
89 93 16 18 42 44
118 122 47 49 39 42
118 122 41 43 57 60
24 28 22 24 60 63
89 93 13 15 36 39
81 89 49 53 78 84
98 102 35 37 63 65
73 81 26 30 0 5
36 40 22 24 44 47
48 56 15 18 36 42
98 102 37 39 26 28
24 32 37 41 47 52
20 24 35 37 57 60
118 122 47 49 47 49
110 114 37 39 7 10
48 56 22 26 21 26
112 114 44 45 49 50
93 98 47 49 63 65
56 60 28 30 44 47
56 65 41 45 42 47
56 65 41 45 36 42
48 56 15 18 42 47
118 122 47 49 52 54
93 98 47 49 65 68
85 89 47 49 42 44
69 73 28 30 39 42
8 16 30 33 36 42
102 106 30 31 31 33
98 102 37 39 68 70
28 32 26 28 57 60
110 114 37 39 5 7
16 20 28 30 52 54
81 89 7 11 47 52
20 24 35 37 47 49
40 48 41 45 42 47
89 93 13 15 42 44
56 60 28 30 42 44
89 93 13 15 52 54
20 24 35 37 44 47
69 73 24 26 31 33
89 93 13 15 57 60
48 56 11 15 47 52
106 110 43 45 7 10
48 56 22 26 15 21
48 56 33 37 31 36
114 118 47 49 54 57
20 24 33 35 42 44
24 32 33 37 0 5
28 32 26 28 60 63
89 93 16 18 57 60
28 32 26 28 52 54
48 56 26 30 73 78
16 20 30 31 54 57
48 56 26 30 21 26
81 89 11 15 31 36
89 93 16 18 33 36
106 110 43 45 5 7
40 48 41 45 57 63
81 89 7 11 42 47
73 81 15 18 57 63
40 48 22 26 21 26
69 73 24 26 28 31
118 122 41 43 31 33
114 122 49 53 63 68
24 32 37 41 57 63
40 48 22 26 68 73
114 122 49 53 31 36
56 65 41 45 52 57
48 56 22 26 63 68
118 122 47 49 36 39
8 16 30 33 68 73
69 73 24 26 52 54
28 32 26 28 44 47
28 32 28 30 44 47
118 122 41 43 73 75
65 81 7 15 63 73
40 48 22 26 15 21
118 122 47 49 44 47
28 32 28 30 54 57
65 69 15 16 44 47
73 81 22 26 0 5
89 98 49 53 26 31
89 98 49 53 42 47
89 93 13 15 33 36
36 40 22 24 42 44
48 56 22 26 73 78
73 81 15 18 36 42
16 24 22 26 0 5
16 20 30 31 49 52
110 112 44 45 50 52
69 73 28 30 42 44
40 48 26 30 63 68
56 60 22 24 39 42
89 93 15 16 49 52
56 60 24 26 42 44
93 98 47 49 54 57
89 93 15 16 44 47
28 32 26 28 47 49
65 81 7 15 0 10
40 48 22 26 63 68
40 48 26 30 26 31
0 16 22 30 52 63
28 32 28 30 47 49
114 122 49 53 73 78
89 98 49 53 68 73
65 81 53 61 0 10
106 114 49 53 47 52
118 122 41 43 68 70
81 89 7 11 52 57
48 56 26 30 68 73
16 20 28 30 60 63
56 60 24 26 44 47
56 60 26 28 42 44
20 24 35 37 60 63
81 89 15 18 31 36
56 60 26 28 44 47
48 56 15 18 47 52
106 114 49 53 36 42
28 32 28 30 57 60
24 32 41 45 52 57
81 98 53 61 0 10
106 114 30 33 10 15
56 65 37 41 63 68
56 60 24 26 49 52
48 56 22 26 68 73
65 81 7 15 73 84
69 73 24 26 54 57
69 73 28 30 36 39
56 65 41 45 31 36
98 102 35 37 26 28
28 32 28 30 52 54
106 114 49 53 42 47
106 114 26 30 63 68
28 32 24 26 49 52
110 114 35 37 49 52
24 32 41 45 47 52
16 20 28 30 47 49
106 110 43 45 10 12
106 114 49 53 52 57
81 89 7 11 36 42
8 16 30 33 31 36
89 93 15 16 39 42
48 56 18 22 52 57
16 20 30 31 57 60
89 98 49 53 73 78
89 93 13 15 60 63
118 122 47 49 42 44
110 114 37 39 10 12
81 89 49 53 5 10
81 89 15 18 63 68
114 122 49 53 78 84
56 65 37 41 68 73
16 20 28 30 44 47
32 48 15 22 52 63
28 32 24 26 54 57
28 32 28 30 60 63
48 56 26 30 10 15
89 93 16 18 60 63
114 122 49 53 68 73
48 56 18 22 26 31
40 48 26 30 15 21
89 93 11 13 44 47
93 98 47 49 52 54
24 32 41 45 57 63
106 114 30 33 5 10
89 93 11 13 49 52
89 93 15 16 54 57
40 48 26 30 21 26
118 122 41 43 81 84
81 89 11 15 63 68
106 114 26 30 31 36
56 60 22 24 44 47
56 60 22 24 36 39
118 122 41 43 26 28
16 20 30 31 52 54
118 122 47 49 54 57
106 114 49 53 57 63
98 102 37 39 81 84
81 89 15 18 26 31
69 73 26 28 31 33
81 89 49 53 10 15
48 56 22 26 10 15
56 60 22 24 42 44
89 93 15 16 47 49
56 60 24 26 47 49
89 93 15 16 36 39
65 69 15 16 42 44
110 114 35 37 54 57
48 56 26 30 78 84
16 20 26 28 54 57
48 56 22 26 78 84
81 89 11 15 26 31
106 110 43 45 0 2
73 81 15 18 63 68
24 32 37 41 42 47
69 73 28 30 33 36
28 32 24 26 57 60
28 32 26 28 39 42
110 114 35 37 52 54
28 32 26 28 63 65
110 112 44 45 49 50
20 24 33 35 65 68
28 32 26 28 65 68
81 89 7 11 57 63
89 98 49 53 21 26
28 32 24 26 52 54
89 93 16 18 31 33
56 65 41 45 57 63
0 16 22 30 42 52
110 114 37 39 0 2
89 93 11 13 39 42
89 93 11 13 54 57
16 20 30 31 60 63
89 93 15 16 42 44
28 32 28 30 39 42
89 93 15 16 52 54
106 114 30 33 0 5
28 32 24 26 60 63
81 89 49 53 0 5
28 32 26 28 42 44
89 93 15 16 57 60
20 24 33 35 63 65
40 48 22 26 10 15
16 20 26 28 49 52
56 60 22 24 49 52
32 48 15 22 21 31
40 48 26 30 68 73
89 93 13 15 31 33
48 56 15 18 31 36
16 20 30 31 47 49
28 32 28 30 42 44
110 114 35 37 57 60
89 93 11 13 47 49
89 93 15 16 33 36
16 20 26 28 57 60
56 60 20 22 39 42
106 114 49 53 31 36
110 114 35 37 60 63
89 98 49 53 15 21
81 89 7 11 31 36
106 114 49 53 63 68
24 32 41 45 42 47
28 32 24 26 47 49
20 24 35 37 65 68
110 114 35 37 39 42
69 73 24 26 26 28
106 114 49 53 73 78
110 114 35 37 44 47
89 93 11 13 57 60
56 60 22 24 47 49
81 89 15 18 68 73
106 114 49 53 78 84
89 93 11 13 52 54
20 24 35 37 42 44
81 89 11 15 68 73
20 24 35 37 63 65
110 114 35 37 47 49
28 32 28 30 65 68
89 93 11 13 36 39
8 12 49 51 57 60
89 98 49 53 5 10
48 56 18 22 57 63
16 20 26 28 60 63
89 93 11 13 42 44
16 20 26 28 52 54
110 114 35 37 36 39
81 89 11 15 21 26
56 60 20 22 44 47
48 56 15 18 52 57
28 32 26 28 36 39
28 32 28 30 36 39
48 56 18 22 21 26
81 89 15 18 21 26
28 32 28 30 63 65
89 98 49 53 78 84
56 60 20 22 42 44
89 93 15 16 60 63
106 114 49 53 68 73
73 81 15 18 31 36
16 20 28 30 65 68
89 93 11 13 33 36
16 20 28 30 63 65
0 16 22 30 63 73
40 48 26 30 10 15
56 60 20 22 36 39
122 131 49 53 47 52
56 60 18 20 39 42
16 20 28 30 42 44
16 20 28 30 39 42
28 32 26 28 33 36
81 89 15 18 73 78
89 93 11 13 60 63
81 89 7 11 26 31
89 98 49 53 0 5
56 65 41 45 63 68
28 32 28 30 33 36
8 12 49 51 60 63
0 16 22 30 31 42
73 81 15 18 68 73
122 131 49 53 52 57
16 20 26 28 44 47
73 81 15 18 73 78
16 20 26 28 47 49
73 81 15 18 15 21
56 60 18 20 44 47
89 98 49 53 10 15
106 114 26 30 26 31
32 48 15 22 63 73
32 48 15 22 10 21
16 20 28 30 75 78
56 65 41 45 68 73
48 56 15 18 26 31
69 73 28 30 31 33
110 114 35 37 42 44
89 93 15 16 31 33
16 20 28 30 33 36
81 89 15 18 15 21
24 32 57 61 57 63
16 20 28 30 36 39
32 48 7 15 42 52
81 89 7 11 63 68
56 60 20 22 47 49
56 60 18 20 42 44
106 114 26 30 68 73
24 32 57 61 47 52
73 81 15 18 78 84
81 89 15 18 78 84
56 60 20 22 49 52
73 81 15 18 26 31
122 131 45 49 47 52
24 32 57 61 52 57
16 20 28 30 28 31
32 48 15 22 73 84
56 60 18 20 36 39
16 20 28 30 70 73
16 20 26 28 65 68
73 81 15 18 21 26
24 32 57 61 63 68
106 114 26 30 21 26
28 32 26 28 75 78
122 131 49 53 31 36
122 131 49 53 36 42
28 32 22 24 49 52
81 89 7 11 68 73
122 131 45 49 52 57
16 20 26 28 63 65
122 131 49 53 57 63
56 60 18 20 47 49
16 20 28 30 73 75
89 93 11 13 31 33
0 16 22 30 21 31
28 32 26 28 31 33
0 16 22 30 73 84
0 16 22 30 10 21
56 60 18 20 49 52
28 32 26 28 68 70
114 131 53 61 52 63
28 32 28 30 31 33
28 32 28 30 75 78
8 12 51 53 57 60
16 20 26 28 39 42
16 20 28 30 31 33
16 20 28 30 68 70
28 32 22 24 54 57
28 32 26 28 70 73
81 89 7 11 21 26
73 81 15 18 10 15
24 32 57 61 42 47
16 20 26 28 42 44
32 36 22 24 39 42
32 48 7 15 31 42
81 89 15 18 10 15
28 32 28 30 68 70
24 32 57 61 68 73
28 32 28 30 70 73
32 36 22 24 44 47
114 131 53 61 31 42
114 131 53 61 42 52
16 20 26 28 33 36
48 56 15 18 57 63
28 32 22 24 52 54
32 36 22 24 36 39
98 106 49 53 47 52
16 20 26 28 36 39
122 131 49 53 42 47
122 131 45 49 57 63
8 12 51 53 60 63
98 106 49 53 52 57
98 106 49 53 42 47
98 106 49 53 57 63
28 32 26 28 73 75
122 131 45 49 31 36
16 20 26 28 75 78
110 114 33 35 49 52
122 131 49 53 73 78
48 56 15 18 21 26
16 20 28 30 26 28
98 106 49 53 36 42
28 32 22 24 57 60
28 32 22 24 47 49
32 36 22 24 42 44
28 32 28 30 73 75
122 131 45 49 36 42
73 81 15 18 5 10
28 32 22 24 60 63
122 131 45 49 73 78
16 20 26 28 28 31
110 114 33 35 54 57
122 131 45 49 42 47
16 20 26 28 70 73
110 114 33 35 57 60
122 131 49 53 63 68
110 114 33 35 39 42
110 114 33 35 44 47
122 131 45 49 63 68
110 114 33 35 52 54
16 20 26 28 68 70
16 20 26 28 73 75
69 73 15 16 44 47
32 48 15 22 0 10
110 114 33 35 36 39
110 114 33 35 60 63
122 131 49 53 78 84
48 56 7 11 42 47
110 114 33 35 47 49
122 131 45 49 78 84
98 106 49 53 31 36
16 20 26 28 31 33
98 106 49 53 63 68
98 106 49 53 73 78
0 16 22 30 0 10
122 131 49 53 68 73
81 98 0 7 42 52
122 131 45 49 68 73
114 131 53 61 63 73
73 81 15 18 0 5
98 106 49 53 78 84
69 73 15 16 42 44
110 114 33 35 42 44
48 56 7 11 47 52
32 48 7 15 52 63
16 20 26 28 26 28
98 106 49 53 68 73
114 131 53 61 21 31
114 131 53 61 0 10
8 12 53 55 60 63
8 12 53 55 57 60
8 12 35 37 49 52
114 131 53 61 73 84
81 98 0 7 52 63
8 12 35 37 60 63
8 12 35 37 57 60
32 48 7 15 21 31
8 12 35 37 54 57
8 12 35 37 47 49
8 12 33 35 60 63
8 12 33 35 57 60
8 12 33 35 49 52
81 98 0 7 31 42
8 12 33 35 54 57
8 12 35 37 52 54
8 12 55 57 60 63
8 12 33 35 47 49
8 12 55 57 57 60
114 131 53 61 10 21
8 12 33 35 52 54
16 32 15 22 31 42
16 32 15 22 42 52
81 98 0 7 63 73
106 114 22 26 42 47
106 114 22 26 36 42
106 114 22 26 57 63
106 114 22 26 52 57
81 98 0 7 21 31
122 131 41 45 47 52
106 114 22 26 47 52
114 131 0 7 52 63
106 114 22 26 63 68
16 32 15 22 52 63
81 98 0 7 73 84
122 131 41 45 52 57
81 98 0 7 10 21
122 131 41 45 73 78
98 114 0 7 42 52
122 131 41 45 42 47
98 114 53 61 42 52
122 131 41 45 36 42
122 131 41 45 63 68
122 131 41 45 68 73
16 32 15 22 21 31
16 32 15 22 10 21
122 131 41 45 57 63
114 131 30 37 63 73
122 131 41 45 78 84
106 114 22 26 68 73
114 131 30 37 42 52
0 32 0 15 63 84
81 98 0 7 0 10
0 32 0 15 42 63
98 114 0 7 31 42
122 131 41 45 31 36
0 32 0 15 0 21
98 114 0 7 52 63
122 131 41 45 26 31
122 131 41 45 10 15
114 131 15 22 52 63
98 114 53 61 31 42
106 114 22 26 21 26
106 114 22 26 31 36
122 131 41 45 15 21
32 48 0 7 42 52
114 131 15 22 42 52
0 16 15 22 21 31
0 8 45 49 57 63
114 131 30 37 52 63
106 114 15 18 52 57
32 48 0 7 52 63
98 114 53 61 52 63
122 131 41 45 5 10
114 131 30 37 31 42
114 131 22 30 42 52
16 32 15 22 0 10
122 131 41 45 21 26
0 32 0 15 21 42
106 114 11 15 52 57
114 131 0 7 42 52
0 8 45 49 52 57
106 114 15 18 47 52
106 114 15 18 57 63
106 114 22 26 26 31
102 106 13 15 44 47
114 131 0 7 63 73
114 131 7 15 52 63
98 114 0 7 73 84
0 8 33 37 52 57
106 114 18 22 57 63
102 106 11 13 44 47
106 114 11 15 57 63
106 114 11 15 47 52
102 106 11 13 39 42
122 131 37 41 68 73
102 106 13 15 49 52
102 106 13 15 47 49
0 8 49 53 57 63
102 106 11 13 42 44
122 131 41 45 0 5
102 106 13 15 60 63
102 106 13 15 39 42
16 32 15 22 73 84
0 8 30 33 52 57
102 106 13 15 42 44
16 32 15 22 63 73
0 8 33 37 47 52
102 106 11 13 47 49
102 106 11 13 49 52
102 106 11 13 57 60
102 106 11 13 60 63
0 8 57 61 52 57
102 106 13 15 57 60
102 106 11 13 54 57
106 114 18 22 52 57
0 8 30 33 47 52
0 8 57 61 57 63
102 106 11 13 36 39
122 131 37 41 63 68
65 81 0 7 10 21
0 8 49 53 52 57
122 131 37 41 73 78
114 131 30 37 0 10
98 114 0 7 63 73
102 106 13 15 54 57
65 81 0 7 0 10
122 131 37 41 10 15
98 114 0 7 21 31
122 131 37 41 26 31
122 131 37 41 36 42
122 131 37 41 57 63
122 131 37 41 21 26
122 131 37 41 31 36
102 106 13 15 36 39
102 106 13 15 52 54
114 131 30 37 73 84
122 131 37 41 15 21
114 131 30 37 21 31
122 131 37 41 5 10
114 131 15 22 73 84
106 114 15 18 36 42
0 8 37 41 52 57
0 16 15 22 52 63
0 8 45 49 63 68
114 131 7 15 73 84
114 131 22 30 0 10
0 8 41 45 57 63
106 114 7 11 63 68
0 8 53 57 68 73
106 114 7 11 26 31
0 8 37 41 57 63
106 114 11 15 26 31
65 81 0 7 52 63
122 131 37 41 52 57
0 8 49 53 68 73
114 131 15 22 10 21
0 8 33 37 57 63
0 8 45 49 42 47
106 114 7 11 31 36
114 131 0 7 73 84
114 131 7 15 63 73
106 114 11 15 21 26
32 48 0 7 31 42
98 114 53 61 10 21
0 8 33 37 42 47
0 8 45 49 47 52
48 65 0 7 31 42
114 131 22 30 10 21
65 81 0 7 21 31
122 131 37 41 78 84
114 131 0 7 31 42
114 131 22 30 31 42
0 8 53 57 63 68
0 16 15 22 10 21
106 114 7 11 52 57
48 65 0 7 21 31
0 8 30 33 31 36
114 131 22 30 73 84
106 114 11 15 68 73
98 114 53 61 21 31
114 131 7 15 42 52
0 8 30 33 57 63
122 131 37 41 0 5
65 81 0 7 31 42
48 65 0 7 42 52
106 114 18 22 36 42
114 131 22 30 21 31
106 114 18 22 31 36
0 8 57 61 63 68
65 81 0 7 73 84
0 8 53 57 42 47
0 8 30 33 42 47
114 131 7 15 21 31
0 8 41 45 52 57
0 8 33 37 63 68
0 16 15 22 73 84
106 114 11 15 36 42
0 8 57 61 68 73
114 131 30 37 10 21
106 114 15 18 31 36
114 131 22 30 52 63
0 8 33 37 36 42
106 114 11 15 31 36
114 131 0 7 21 31
0 8 30 33 68 73
0 8 49 53 47 52
98 114 53 61 63 73
98 114 53 61 0 10
106 114 18 22 42 47
122 131 37 41 42 47
98 114 53 61 73 84
0 8 53 57 47 52
48 65 0 7 52 63
0 8 57 61 47 52
0 8 49 53 42 47
106 114 7 11 36 42
0 16 15 22 63 73
0 8 57 61 42 47
0 8 33 37 31 36
114 131 22 30 63 73
65 81 0 7 63 73
102 106 11 13 52 54
0 8 45 49 68 73
106 114 7 11 42 47
114 131 15 22 0 10
106 114 11 15 63 68
106 114 7 11 47 52
106 114 11 15 42 47
114 131 15 22 21 31
0 16 15 22 42 52
65 81 0 7 42 52
106 114 7 11 21 26
0 8 53 57 57 63
0 8 33 37 68 73
0 8 30 33 63 68
114 131 15 22 31 42
0 8 30 33 36 42
0 8 53 57 52 57
0 16 15 22 31 42
106 114 7 11 68 73
32 48 0 7 21 31
106 114 18 22 47 52
0 16 15 22 0 10
0 8 49 53 63 68
114 131 15 22 63 73
106 114 15 18 42 47
114 131 7 15 31 42
122 131 37 41 47 52
106 114 7 11 57 63
voxsize: 131x61x84 size:2.56059265MB
voxBW: 2 3
Decomp size:4096
Initialization time: 0.003932
compute: 1.417692 seconds
evaluations: 101443144
time: 1.467904 seconds
