hostname : cph-gpu3.uncc.edu
bounding: [-130;-65]x[20;50]x[5875;5958]
read 588189 observations
res: 0.01 0.01 1 bw: 1 1 3
2560 3328 0 1280 0 84
3328 4352 1280 1792 0 84
1024 1280 0 3001 32 64
3328 4352 2048 2304 0 84
4352 4608 0 1792 0 84
0 1024 0 2048 0 84
1280 1792 0 3001 0 84
5376 5632 2048 3001 0 84
4608 5376 2048 3001 32 84
4608 5376 768 1280 0 84
1792 2560 0 3001 0 84
4352 4608 1792 3001 0 84
4608 5376 1792 2048 32 64
5376 5632 0 2048 0 64
3328 4352 1024 1280 0 84
2560 3328 1280 3001 0 84
4608 5376 1280 1536 0 84
4608 5376 1536 1792 0 84
5632 6501 0 3001 32 64
3328 4352 0 1024 0 84
0 1024 2048 3001 0 84
4608 5376 0 768 0 84
3328 4352 1792 2048 0 84
3328 4352 2304 3001 0 84
5632 6501 0 3001 64 84
4608 5376 1792 2048 0 32
4608 5376 1792 2048 64 84
1024 1280 0 3001 64 84
5632 6501 0 3001 0 32
4608 5376 2048 3001 0 32
1024 1280 0 3001 0 32
5376 5632 0 2048 64 84
voxsize: 6501x3001x84 size:6251.51857MB
voxBW: 100 3
Decomp size:32
Initialization time: 0.746258
compute: 42.599748 seconds
evaluations: 163934121444
time: 43.360624 seconds
