hostname : cph-c54.uncc.edu
bounding: [-130;-65]x[20;50]x[5875;5958]
read 588189 observations
res: 0.1 0.1 1 bw: 5 5 14
256 512 0 256 32 64
0 256 0 301 0 84
256 512 0 256 0 32
512 651 0 256 32 64
256 512 0 256 64 84
512 651 0 256 64 84
512 651 0 256 0 32
256 512 256 301 0 84
512 651 256 301 32 64
512 651 256 301 0 32
512 651 256 301 64 84
voxsize: 651x301x84 size:62.7894745MB
voxBW: 50 14
Decomp size:11
Initialization time: 0.011072
compute: 140.863081 seconds
evaluations: 163279561815
time: 140.882807 seconds
