hostname : cph-gpu2.uncc.edu
bounding: [-130;-65]x[20;50]x[5875;5958]
read 588189 observations
res: 0.1 0.1 1 bw: 2.5 2.5 7
128 192 0 224 0 84
416 651 0 96 0 84
96 128 0 224 0 84
448 480 160 301 0 84
288 384 96 128 0 84
288 416 192 301 0 84
512 576 160 192 0 84
448 576 128 160 0 84
288 384 128 192 0 84
544 576 192 224 0 84
384 651 96 128 0 84
480 512 160 301 0 84
384 448 128 192 0 84
512 544 192 301 0 84
416 448 192 301 0 84
0 96 0 224 0 84
288 416 0 96 0 84
192 288 0 301 0 84
0 192 224 301 0 84
576 651 128 301 0 84
544 576 224 301 0 84
voxsize: 651x301x84 size:62.7894745MB
voxBW: 25 7
Decomp size:21
Initialization time: 0.011396
compute: 4.815508 seconds
evaluations: 22258534021
time: 4.827996 seconds
