hostname : cph-gpu3.uncc.edu
bounding: [-130;-65]x[20;50]x[5875;5958]
read 588189 observations
res: 0.01 0.01 1 bw: 1 1 3
1280 4096 1280 1536 0 84
4864 5376 0 1792 0 64
5376 5632 0 3001 0 64
0 2048 1792 3001 0 84
2048 4096 1792 3001 0 84
4352 4608 1280 3001 0 84
4608 4864 1280 3001 0 84
0 4096 1024 1280 0 84
5632 6501 0 3001 0 84
4096 4352 1280 3001 0 84
4096 4864 0 1280 0 84
4864 5376 1792 3001 0 64
0 4096 1536 1792 0 84
0 1280 1280 1536 0 84
4864 5632 0 3001 64 84
0 4096 0 1024 0 84
voxsize: 6501x3001x84 size:6251.51857MB
voxBW: 100 3
Decomp size:16
Initialization time: 0.740119
compute: 49.373469 seconds
evaluations: 163934121444
time: 50.120656 seconds
