hostname : cph-c53.uncc.edu
bounding: [-130;-65]x[20;50]x[5875;5958]
read 588189 observations
res: 0.1 0.1 1 bw: 1 1 3
544 576 192 224 0 84
416 448 96 301 0 84
160 320 0 301 0 84
448 544 192 224 0 84
352 416 96 301 0 84
320 651 0 96 0 84
448 651 96 160 0 84
320 352 96 301 0 84
448 651 160 192 0 84
96 128 0 301 0 84
64 96 0 301 0 84
128 160 0 301 0 84
576 651 192 301 0 84
448 576 224 301 0 84
32 64 0 301 0 84
0 32 0 301 0 84
voxsize: 651x301x84 size:62.7894745MB
voxBW: 10 3
Decomp size:16
Initialization time: 0.010168
compute: 0.536244 seconds
evaluations: 1789439001
time: 0.547567 seconds
