hostname : cph-gpu1.uncc.edu
bounding: [-130;-65]x[20;50]x[5875;5958]
read 588189 observations
res: 0.5 0.5 1 bw: 1 1 3
0 5 0 2 0 21
0 5 0 2 21 42
0 5 0 2 42 63
0 5 0 2 63 84
0 5 2 4 0 21
0 5 2 4 21 42
0 5 2 4 42 63
0 5 2 4 63 84
0 5 4 6 0 21
0 5 4 6 21 42
0 5 4 6 42 63
0 5 4 6 63 84
0 5 6 8 0 21
0 5 6 8 21 42
0 5 6 8 42 63
0 5 6 8 63 84
0 5 8 10 0 21
0 5 8 10 21 42
0 5 8 10 42 63
0 5 8 10 63 84
0 5 10 12 0 21
0 5 10 12 21 42
0 5 10 12 42 63
0 5 10 12 63 84
0 5 12 14 0 21
0 5 12 14 21 42
0 5 12 14 42 63
0 5 12 14 63 84
0 5 14 15 0 21
0 5 14 15 21 42
0 5 14 15 42 63
0 5 14 15 63 84
0 5 15 17 0 21
0 5 15 17 21 42
0 5 15 17 42 63
0 5 15 17 63 84
0 5 17 19 0 21
0 5 17 19 21 42
0 5 17 19 42 63
0 5 17 19 63 84
0 5 19 21 0 21
0 5 19 21 21 42
0 5 19 21 42 63
0 5 19 21 63 84
0 5 21 23 0 21
0 5 21 23 21 42
0 5 21 23 42 63
0 5 21 23 63 84
0 5 23 25 0 21
0 5 23 25 21 42
0 5 23 25 42 63
0 5 23 25 63 84
0 5 25 27 0 21
0 5 25 27 21 42
0 5 25 27 42 63
0 5 25 27 63 84
0 5 27 29 0 21
0 5 27 29 21 42
0 5 27 29 42 63
0 5 27 29 63 84
0 5 29 30 0 21
0 5 29 30 21 42
0 5 29 30 42 63
0 5 29 30 63 84
0 5 30 32 0 21
0 5 30 32 21 42
0 5 30 32 42 63
0 5 30 32 63 84
0 5 32 34 0 21
0 5 32 34 21 42
0 5 32 34 42 63
0 5 32 34 63 84
0 5 34 36 0 21
0 5 34 36 21 42
0 5 34 36 42 63
0 5 34 36 63 84
0 5 36 38 0 21
0 5 36 38 21 42
0 5 36 38 42 63
0 5 36 38 63 84
0 5 38 40 0 21
0 5 38 40 21 42
0 5 38 40 42 63
0 5 38 40 63 84
0 5 40 42 0 21
0 5 40 42 21 42
0 5 40 42 42 63
0 5 40 42 63 84
0 5 42 44 0 21
0 5 42 44 21 42
0 5 42 44 42 63
0 5 42 44 63 84
0 5 44 45 0 21
0 5 44 45 21 42
0 5 44 45 42 63
0 5 44 45 63 84
0 5 45 47 0 21
0 5 45 47 21 42
0 5 45 47 42 63
0 5 45 47 63 84
0 5 47 49 0 21
0 5 47 49 21 42
0 5 47 49 42 63
0 5 47 49 63 84
0 5 49 51 0 21
0 5 49 51 21 42
0 5 49 51 42 63
0 5 49 51 63 84
0 5 51 53 0 21
0 5 51 53 21 42
0 5 51 53 42 63
0 5 51 53 63 84
0 5 53 55 0 21
0 5 53 55 21 42
0 5 53 55 42 63
0 5 53 55 63 84
0 5 55 57 0 21
0 5 55 57 21 42
0 5 55 57 42 63
0 5 55 57 63 84
0 5 57 59 0 21
0 5 57 59 21 42
0 5 57 59 42 63
0 5 57 59 63 84
0 5 59 61 0 21
0 5 59 61 21 42
0 5 59 61 42 63
0 5 59 61 63 84
5 9 0 2 0 21
5 9 0 2 21 42
5 9 0 2 42 63
5 9 0 2 63 84
5 9 2 4 0 21
5 9 2 4 21 42
5 9 2 4 42 63
5 9 2 4 63 84
5 9 4 6 0 21
5 9 4 6 21 42
5 9 4 6 42 63
5 9 4 6 63 84
5 9 6 8 0 21
5 9 6 8 21 42
5 9 6 8 42 63
5 9 6 8 63 84
5 9 8 10 0 21
5 9 8 10 21 42
5 9 8 10 42 63
5 9 8 10 63 84
5 9 10 12 0 21
5 9 10 12 21 42
5 9 10 12 42 63
5 9 10 12 63 84
5 9 12 14 0 21
5 9 12 14 21 42
5 9 12 14 42 63
5 9 12 14 63 84
5 9 14 15 0 21
5 9 14 15 21 42
5 9 14 15 42 63
5 9 14 15 63 84
5 9 15 17 0 21
5 9 15 17 21 42
5 9 15 17 42 63
5 9 15 17 63 84
5 9 17 19 0 21
5 9 17 19 21 42
5 9 17 19 42 63
5 9 17 19 63 84
5 9 19 21 0 21
5 9 19 21 21 42
5 9 19 21 42 63
5 9 19 21 63 84
5 9 21 23 0 21
5 9 21 23 21 42
5 9 21 23 42 63
5 9 21 23 63 84
5 9 23 25 0 21
5 9 23 25 21 42
5 9 23 25 42 63
5 9 23 25 63 84
5 9 25 27 0 21
5 9 25 27 21 42
5 9 25 27 42 63
5 9 25 27 63 84
5 9 27 29 0 21
5 9 27 29 21 42
5 9 27 29 42 63
5 9 27 29 63 84
5 9 29 30 0 21
5 9 29 30 21 42
5 9 29 30 42 63
5 9 29 30 63 84
5 9 30 32 0 21
5 9 30 32 21 42
5 9 30 32 42 63
5 9 30 32 63 84
5 9 32 34 0 21
5 9 32 34 21 42
5 9 32 34 42 63
5 9 32 34 63 84
5 9 34 36 0 21
5 9 34 36 21 42
5 9 34 36 42 63
5 9 34 36 63 84
5 9 36 38 0 21
5 9 36 38 21 42
5 9 36 38 42 63
5 9 36 38 63 84
5 9 38 40 0 21
5 9 38 40 21 42
5 9 38 40 42 63
5 9 38 40 63 84
5 9 40 42 0 21
5 9 40 42 21 42
5 9 40 42 42 63
5 9 40 42 63 84
5 9 42 44 0 21
5 9 42 44 21 42
5 9 42 44 42 63
5 9 42 44 63 84
5 9 44 45 0 21
5 9 44 45 21 42
5 9 44 45 42 63
5 9 44 45 63 84
5 9 45 47 0 21
5 9 45 47 21 42
5 9 45 47 42 63
5 9 45 47 63 84
5 9 47 49 0 21
5 9 47 49 21 42
5 9 47 49 42 63
5 9 47 49 63 84
5 9 49 51 0 21
5 9 49 51 21 42
5 9 49 51 42 63
5 9 49 51 63 84
5 9 51 53 0 21
5 9 51 53 21 42
5 9 51 53 42 63
5 9 51 53 63 84
5 9 53 55 0 21
5 9 53 55 21 42
5 9 53 55 42 63
5 9 53 55 63 84
5 9 55 57 0 21
5 9 55 57 21 42
5 9 55 57 42 63
5 9 55 57 63 84
5 9 57 59 0 21
5 9 57 59 21 42
5 9 57 59 42 63
5 9 57 59 63 84
5 9 59 61 0 21
5 9 59 61 21 42
5 9 59 61 42 63
5 9 59 61 63 84
9 13 0 2 0 21
9 13 0 2 21 42
9 13 0 2 42 63
9 13 0 2 63 84
9 13 2 4 0 21
9 13 2 4 21 42
9 13 2 4 42 63
9 13 2 4 63 84
9 13 4 6 0 21
9 13 4 6 21 42
9 13 4 6 42 63
9 13 4 6 63 84
9 13 6 8 0 21
9 13 6 8 21 42
9 13 6 8 42 63
9 13 6 8 63 84
9 13 8 10 0 21
9 13 8 10 21 42
9 13 8 10 42 63
9 13 8 10 63 84
9 13 10 12 0 21
9 13 10 12 21 42
9 13 10 12 42 63
9 13 10 12 63 84
9 13 12 14 0 21
9 13 12 14 21 42
9 13 12 14 42 63
9 13 12 14 63 84
9 13 14 15 0 21
9 13 14 15 21 42
9 13 14 15 42 63
9 13 14 15 63 84
9 13 15 17 0 21
9 13 15 17 21 42
9 13 15 17 42 63
9 13 15 17 63 84
9 13 17 19 0 21
9 13 17 19 21 42
9 13 17 19 42 63
9 13 17 19 63 84
9 13 19 21 0 21
9 13 19 21 21 42
9 13 19 21 42 63
9 13 19 21 63 84
9 13 21 23 0 21
9 13 21 23 21 42
9 13 21 23 42 63
9 13 21 23 63 84
9 13 23 25 0 21
9 13 23 25 21 42
9 13 23 25 42 63
9 13 23 25 63 84
9 13 25 27 0 21
9 13 25 27 21 42
9 13 25 27 42 63
9 13 25 27 63 84
9 13 27 29 0 21
9 13 27 29 21 42
9 13 27 29 42 63
9 13 27 29 63 84
9 13 29 30 0 21
9 13 29 30 21 42
9 13 29 30 42 63
9 13 29 30 63 84
9 13 30 32 0 21
9 13 30 32 21 42
9 13 30 32 42 63
9 13 30 32 63 84
9 13 32 34 0 21
9 13 32 34 21 42
9 13 32 34 42 63
9 13 32 34 63 84
9 13 34 36 0 21
9 13 34 36 21 42
9 13 34 36 42 63
9 13 34 36 63 84
9 13 36 38 0 21
9 13 36 38 21 42
9 13 36 38 42 63
9 13 36 38 63 84
9 13 38 40 0 21
9 13 38 40 21 42
9 13 38 40 42 63
9 13 38 40 63 84
9 13 40 42 0 21
9 13 40 42 21 42
9 13 40 42 42 63
9 13 40 42 63 84
9 13 42 44 0 21
9 13 42 44 21 42
9 13 42 44 42 63
9 13 42 44 63 84
9 13 44 45 0 21
9 13 44 45 21 42
9 13 44 45 42 63
9 13 44 45 63 84
9 13 45 47 0 21
9 13 45 47 21 42
9 13 45 47 42 63
9 13 45 47 63 84
9 13 47 49 0 21
9 13 47 49 21 42
9 13 47 49 42 63
9 13 47 49 63 84
9 13 49 51 0 21
9 13 49 51 21 42
9 13 49 51 42 63
9 13 49 51 63 84
9 13 51 53 0 21
9 13 51 53 21 42
9 13 51 53 42 63
9 13 51 53 63 84
9 13 53 55 0 21
9 13 53 55 21 42
9 13 53 55 42 63
9 13 53 55 63 84
9 13 55 57 0 21
9 13 55 57 21 42
9 13 55 57 42 63
9 13 55 57 63 84
9 13 57 59 0 21
9 13 57 59 21 42
9 13 57 59 42 63
9 13 57 59 63 84
9 13 59 61 0 21
9 13 59 61 21 42
9 13 59 61 42 63
9 13 59 61 63 84
13 17 0 2 0 21
13 17 0 2 21 42
13 17 0 2 42 63
13 17 0 2 63 84
13 17 2 4 0 21
13 17 2 4 21 42
13 17 2 4 42 63
13 17 2 4 63 84
13 17 4 6 0 21
13 17 4 6 21 42
13 17 4 6 42 63
13 17 4 6 63 84
13 17 6 8 0 21
13 17 6 8 21 42
13 17 6 8 42 63
13 17 6 8 63 84
13 17 8 10 0 21
13 17 8 10 21 42
13 17 8 10 42 63
13 17 8 10 63 84
13 17 10 12 0 21
13 17 10 12 21 42
13 17 10 12 42 63
13 17 10 12 63 84
13 17 12 14 0 21
13 17 12 14 21 42
13 17 12 14 42 63
13 17 12 14 63 84
13 17 14 15 0 21
13 17 14 15 21 42
13 17 14 15 42 63
13 17 14 15 63 84
13 17 15 17 0 21
13 17 15 17 21 42
13 17 15 17 42 63
13 17 15 17 63 84
13 17 17 19 0 21
13 17 17 19 21 42
13 17 17 19 42 63
13 17 17 19 63 84
13 17 19 21 0 21
13 17 19 21 21 42
13 17 19 21 42 63
13 17 19 21 63 84
13 17 21 23 0 21
13 17 21 23 21 42
13 17 21 23 42 63
13 17 21 23 63 84
13 17 23 25 0 21
13 17 23 25 21 42
13 17 23 25 42 63
13 17 23 25 63 84
13 17 25 27 0 21
13 17 25 27 21 42
13 17 25 27 42 63
13 17 25 27 63 84
13 17 27 29 0 21
13 17 27 29 21 42
13 17 27 29 42 63
13 17 27 29 63 84
13 17 29 30 0 21
13 17 29 30 21 42
13 17 29 30 42 63
13 17 29 30 63 84
13 17 30 32 0 21
13 17 30 32 21 42
13 17 30 32 42 63
13 17 30 32 63 84
13 17 32 34 0 21
13 17 32 34 21 42
13 17 32 34 42 63
13 17 32 34 63 84
13 17 34 36 0 21
13 17 34 36 21 42
13 17 34 36 42 63
13 17 34 36 63 84
13 17 36 38 0 21
13 17 36 38 21 42
13 17 36 38 42 63
13 17 36 38 63 84
13 17 38 40 0 21
13 17 38 40 21 42
13 17 38 40 42 63
13 17 38 40 63 84
13 17 40 42 0 21
13 17 40 42 21 42
13 17 40 42 42 63
13 17 40 42 63 84
13 17 42 44 0 21
13 17 42 44 21 42
13 17 42 44 42 63
13 17 42 44 63 84
13 17 44 45 0 21
13 17 44 45 21 42
13 17 44 45 42 63
13 17 44 45 63 84
13 17 45 47 0 21
13 17 45 47 21 42
13 17 45 47 42 63
13 17 45 47 63 84
13 17 47 49 0 21
13 17 47 49 21 42
13 17 47 49 42 63
13 17 47 49 63 84
13 17 49 51 0 21
13 17 49 51 21 42
13 17 49 51 42 63
13 17 49 51 63 84
13 17 51 53 0 21
13 17 51 53 21 42
13 17 51 53 42 63
13 17 51 53 63 84
13 17 53 55 0 21
13 17 53 55 21 42
13 17 53 55 42 63
13 17 53 55 63 84
13 17 55 57 0 21
13 17 55 57 21 42
13 17 55 57 42 63
13 17 55 57 63 84
13 17 57 59 0 21
13 17 57 59 21 42
13 17 57 59 42 63
13 17 57 59 63 84
13 17 59 61 0 21
13 17 59 61 21 42
13 17 59 61 42 63
13 17 59 61 63 84
17 21 0 2 0 21
17 21 0 2 21 42
17 21 0 2 42 63
17 21 0 2 63 84
17 21 2 4 0 21
17 21 2 4 21 42
17 21 2 4 42 63
17 21 2 4 63 84
17 21 4 6 0 21
17 21 4 6 21 42
17 21 4 6 42 63
17 21 4 6 63 84
17 21 6 8 0 21
17 21 6 8 21 42
17 21 6 8 42 63
17 21 6 8 63 84
17 21 8 10 0 21
17 21 8 10 21 42
17 21 8 10 42 63
17 21 8 10 63 84
17 21 10 12 0 21
17 21 10 12 21 42
17 21 10 12 42 63
17 21 10 12 63 84
17 21 12 14 0 21
17 21 12 14 21 42
17 21 12 14 42 63
17 21 12 14 63 84
17 21 14 15 0 21
17 21 14 15 21 42
17 21 14 15 42 63
17 21 14 15 63 84
17 21 15 17 0 21
17 21 15 17 21 42
17 21 15 17 42 63
17 21 15 17 63 84
17 21 17 19 0 21
17 21 17 19 21 42
17 21 17 19 42 63
17 21 17 19 63 84
17 21 19 21 0 21
17 21 19 21 21 42
17 21 19 21 42 63
17 21 19 21 63 84
17 21 21 23 0 21
17 21 21 23 21 42
17 21 21 23 42 63
17 21 21 23 63 84
17 21 23 25 0 21
17 21 23 25 21 42
17 21 23 25 42 63
17 21 23 25 63 84
17 21 25 27 0 21
17 21 25 27 21 42
17 21 25 27 42 63
17 21 25 27 63 84
17 21 27 29 0 21
17 21 27 29 21 42
17 21 27 29 42 63
17 21 27 29 63 84
17 21 29 30 0 21
17 21 29 30 21 42
17 21 29 30 42 63
17 21 29 30 63 84
17 21 30 32 0 21
17 21 30 32 21 42
17 21 30 32 42 63
17 21 30 32 63 84
17 21 32 34 0 21
17 21 32 34 21 42
17 21 32 34 42 63
17 21 32 34 63 84
17 21 34 36 0 21
17 21 34 36 21 42
17 21 34 36 42 63
17 21 34 36 63 84
17 21 36 38 0 21
17 21 36 38 21 42
17 21 36 38 42 63
17 21 36 38 63 84
17 21 38 40 0 21
17 21 38 40 21 42
17 21 38 40 42 63
17 21 38 40 63 84
17 21 40 42 0 21
17 21 40 42 21 42
17 21 40 42 42 63
17 21 40 42 63 84
17 21 42 44 0 21
17 21 42 44 21 42
17 21 42 44 42 63
17 21 42 44 63 84
17 21 44 45 0 21
17 21 44 45 21 42
17 21 44 45 42 63
17 21 44 45 63 84
17 21 45 47 0 21
17 21 45 47 21 42
17 21 45 47 42 63
17 21 45 47 63 84
17 21 47 49 0 21
17 21 47 49 21 42
17 21 47 49 42 63
17 21 47 49 63 84
17 21 49 51 0 21
17 21 49 51 21 42
17 21 49 51 42 63
17 21 49 51 63 84
17 21 51 53 0 21
17 21 51 53 21 42
17 21 51 53 42 63
17 21 51 53 63 84
17 21 53 55 0 21
17 21 53 55 21 42
17 21 53 55 42 63
17 21 53 55 63 84
17 21 55 57 0 21
17 21 55 57 21 42
17 21 55 57 42 63
17 21 55 57 63 84
17 21 57 59 0 21
17 21 57 59 21 42
17 21 57 59 42 63
17 21 57 59 63 84
17 21 59 61 0 21
17 21 59 61 21 42
17 21 59 61 42 63
17 21 59 61 63 84
21 25 0 2 0 21
21 25 0 2 21 42
21 25 0 2 42 63
21 25 0 2 63 84
21 25 2 4 0 21
21 25 2 4 21 42
21 25 2 4 42 63
21 25 2 4 63 84
21 25 4 6 0 21
21 25 4 6 21 42
21 25 4 6 42 63
21 25 4 6 63 84
21 25 6 8 0 21
21 25 6 8 21 42
21 25 6 8 42 63
21 25 6 8 63 84
21 25 8 10 0 21
21 25 8 10 21 42
21 25 8 10 42 63
21 25 8 10 63 84
21 25 10 12 0 21
21 25 10 12 21 42
21 25 10 12 42 63
21 25 10 12 63 84
21 25 12 14 0 21
21 25 12 14 21 42
21 25 12 14 42 63
21 25 12 14 63 84
21 25 14 15 0 21
21 25 14 15 21 42
21 25 14 15 42 63
21 25 14 15 63 84
21 25 15 17 0 21
21 25 15 17 21 42
21 25 15 17 42 63
21 25 15 17 63 84
21 25 17 19 0 21
21 25 17 19 21 42
21 25 17 19 42 63
21 25 17 19 63 84
21 25 19 21 0 21
21 25 19 21 21 42
21 25 19 21 42 63
21 25 19 21 63 84
21 25 21 23 0 21
21 25 21 23 21 42
21 25 21 23 42 63
21 25 21 23 63 84
21 25 23 25 0 21
21 25 23 25 21 42
21 25 23 25 42 63
21 25 23 25 63 84
21 25 25 27 0 21
21 25 25 27 21 42
21 25 25 27 42 63
21 25 25 27 63 84
21 25 27 29 0 21
21 25 27 29 21 42
21 25 27 29 42 63
21 25 27 29 63 84
21 25 29 30 0 21
21 25 29 30 21 42
21 25 29 30 42 63
21 25 29 30 63 84
21 25 30 32 0 21
21 25 30 32 21 42
21 25 30 32 42 63
21 25 30 32 63 84
21 25 32 34 0 21
21 25 32 34 21 42
21 25 32 34 42 63
21 25 32 34 63 84
21 25 34 36 0 21
21 25 34 36 21 42
21 25 34 36 42 63
21 25 34 36 63 84
21 25 36 38 0 21
21 25 36 38 21 42
21 25 36 38 42 63
21 25 36 38 63 84
21 25 38 40 0 21
21 25 38 40 21 42
21 25 38 40 42 63
21 25 38 40 63 84
21 25 40 42 0 21
21 25 40 42 21 42
21 25 40 42 42 63
21 25 40 42 63 84
21 25 42 44 0 21
21 25 42 44 21 42
21 25 42 44 42 63
21 25 42 44 63 84
21 25 44 45 0 21
21 25 44 45 21 42
21 25 44 45 42 63
21 25 44 45 63 84
21 25 45 47 0 21
21 25 45 47 21 42
21 25 45 47 42 63
21 25 45 47 63 84
21 25 47 49 0 21
21 25 47 49 21 42
21 25 47 49 42 63
21 25 47 49 63 84
21 25 49 51 0 21
21 25 49 51 21 42
21 25 49 51 42 63
21 25 49 51 63 84
21 25 51 53 0 21
21 25 51 53 21 42
21 25 51 53 42 63
21 25 51 53 63 84
21 25 53 55 0 21
21 25 53 55 21 42
21 25 53 55 42 63
21 25 53 55 63 84
21 25 55 57 0 21
21 25 55 57 21 42
21 25 55 57 42 63
21 25 55 57 63 84
21 25 57 59 0 21
21 25 57 59 21 42
21 25 57 59 42 63
21 25 57 59 63 84
21 25 59 61 0 21
21 25 59 61 21 42
21 25 59 61 42 63
21 25 59 61 63 84
25 29 0 2 0 21
25 29 0 2 21 42
25 29 0 2 42 63
25 29 0 2 63 84
25 29 2 4 0 21
25 29 2 4 21 42
25 29 2 4 42 63
25 29 2 4 63 84
25 29 4 6 0 21
25 29 4 6 21 42
25 29 4 6 42 63
25 29 4 6 63 84
25 29 6 8 0 21
25 29 6 8 21 42
25 29 6 8 42 63
25 29 6 8 63 84
25 29 8 10 0 21
25 29 8 10 21 42
25 29 8 10 42 63
25 29 8 10 63 84
25 29 10 12 0 21
25 29 10 12 21 42
25 29 10 12 42 63
25 29 10 12 63 84
25 29 12 14 0 21
25 29 12 14 21 42
25 29 12 14 42 63
25 29 12 14 63 84
25 29 14 15 0 21
25 29 14 15 21 42
25 29 14 15 42 63
25 29 14 15 63 84
25 29 15 17 0 21
25 29 15 17 21 42
25 29 15 17 42 63
25 29 15 17 63 84
25 29 17 19 0 21
25 29 17 19 21 42
25 29 17 19 42 63
25 29 17 19 63 84
25 29 19 21 0 21
25 29 19 21 21 42
25 29 19 21 42 63
25 29 19 21 63 84
25 29 21 23 0 21
25 29 21 23 21 42
25 29 21 23 42 63
25 29 21 23 63 84
25 29 23 25 0 21
25 29 23 25 21 42
25 29 23 25 42 63
25 29 23 25 63 84
25 29 25 27 0 21
25 29 25 27 21 42
25 29 25 27 42 63
25 29 25 27 63 84
25 29 27 29 0 21
25 29 27 29 21 42
25 29 27 29 42 63
25 29 27 29 63 84
25 29 29 30 0 21
25 29 29 30 21 42
25 29 29 30 42 63
25 29 29 30 63 84
25 29 30 32 0 21
25 29 30 32 21 42
25 29 30 32 42 63
25 29 30 32 63 84
25 29 32 34 0 21
25 29 32 34 21 42
25 29 32 34 42 63
25 29 32 34 63 84
25 29 34 36 0 21
25 29 34 36 21 42
25 29 34 36 42 63
25 29 34 36 63 84
25 29 36 38 0 21
25 29 36 38 21 42
25 29 36 38 42 63
25 29 36 38 63 84
25 29 38 40 0 21
25 29 38 40 21 42
25 29 38 40 42 63
25 29 38 40 63 84
25 29 40 42 0 21
25 29 40 42 21 42
25 29 40 42 42 63
25 29 40 42 63 84
25 29 42 44 0 21
25 29 42 44 21 42
25 29 42 44 42 63
25 29 42 44 63 84
25 29 44 45 0 21
25 29 44 45 21 42
25 29 44 45 42 63
25 29 44 45 63 84
25 29 45 47 0 21
25 29 45 47 21 42
25 29 45 47 42 63
25 29 45 47 63 84
25 29 47 49 0 21
25 29 47 49 21 42
25 29 47 49 42 63
25 29 47 49 63 84
25 29 49 51 0 21
25 29 49 51 21 42
25 29 49 51 42 63
25 29 49 51 63 84
25 29 51 53 0 21
25 29 51 53 21 42
25 29 51 53 42 63
25 29 51 53 63 84
25 29 53 55 0 21
25 29 53 55 21 42
25 29 53 55 42 63
25 29 53 55 63 84
25 29 55 57 0 21
25 29 55 57 21 42
25 29 55 57 42 63
25 29 55 57 63 84
25 29 57 59 0 21
25 29 57 59 21 42
25 29 57 59 42 63
25 29 57 59 63 84
25 29 59 61 0 21
25 29 59 61 21 42
25 29 59 61 42 63
25 29 59 61 63 84
29 33 0 2 0 21
29 33 0 2 21 42
29 33 0 2 42 63
29 33 0 2 63 84
29 33 2 4 0 21
29 33 2 4 21 42
29 33 2 4 42 63
29 33 2 4 63 84
29 33 4 6 0 21
29 33 4 6 21 42
29 33 4 6 42 63
29 33 4 6 63 84
29 33 6 8 0 21
29 33 6 8 21 42
29 33 6 8 42 63
29 33 6 8 63 84
29 33 8 10 0 21
29 33 8 10 21 42
29 33 8 10 42 63
29 33 8 10 63 84
29 33 10 12 0 21
29 33 10 12 21 42
29 33 10 12 42 63
29 33 10 12 63 84
29 33 12 14 0 21
29 33 12 14 21 42
29 33 12 14 42 63
29 33 12 14 63 84
29 33 14 15 0 21
29 33 14 15 21 42
29 33 14 15 42 63
29 33 14 15 63 84
29 33 15 17 0 21
29 33 15 17 21 42
29 33 15 17 42 63
29 33 15 17 63 84
29 33 17 19 0 21
29 33 17 19 21 42
29 33 17 19 42 63
29 33 17 19 63 84
29 33 19 21 0 21
29 33 19 21 21 42
29 33 19 21 42 63
29 33 19 21 63 84
29 33 21 23 0 21
29 33 21 23 21 42
29 33 21 23 42 63
29 33 21 23 63 84
29 33 23 25 0 21
29 33 23 25 21 42
29 33 23 25 42 63
29 33 23 25 63 84
29 33 25 27 0 21
29 33 25 27 21 42
29 33 25 27 42 63
29 33 25 27 63 84
29 33 27 29 0 21
29 33 27 29 21 42
29 33 27 29 42 63
29 33 27 29 63 84
29 33 29 30 0 21
29 33 29 30 21 42
29 33 29 30 42 63
29 33 29 30 63 84
29 33 30 32 0 21
29 33 30 32 21 42
29 33 30 32 42 63
29 33 30 32 63 84
29 33 32 34 0 21
29 33 32 34 21 42
29 33 32 34 42 63
29 33 32 34 63 84
29 33 34 36 0 21
29 33 34 36 21 42
29 33 34 36 42 63
29 33 34 36 63 84
29 33 36 38 0 21
29 33 36 38 21 42
29 33 36 38 42 63
29 33 36 38 63 84
29 33 38 40 0 21
29 33 38 40 21 42
29 33 38 40 42 63
29 33 38 40 63 84
29 33 40 42 0 21
29 33 40 42 21 42
29 33 40 42 42 63
29 33 40 42 63 84
29 33 42 44 0 21
29 33 42 44 21 42
29 33 42 44 42 63
29 33 42 44 63 84
29 33 44 45 0 21
29 33 44 45 21 42
29 33 44 45 42 63
29 33 44 45 63 84
29 33 45 47 0 21
29 33 45 47 21 42
29 33 45 47 42 63
29 33 45 47 63 84
29 33 47 49 0 21
29 33 47 49 21 42
29 33 47 49 42 63
29 33 47 49 63 84
29 33 49 51 0 21
29 33 49 51 21 42
29 33 49 51 42 63
29 33 49 51 63 84
29 33 51 53 0 21
29 33 51 53 21 42
29 33 51 53 42 63
29 33 51 53 63 84
29 33 53 55 0 21
29 33 53 55 21 42
29 33 53 55 42 63
29 33 53 55 63 84
29 33 55 57 0 21
29 33 55 57 21 42
29 33 55 57 42 63
29 33 55 57 63 84
29 33 57 59 0 21
29 33 57 59 21 42
29 33 57 59 42 63
29 33 57 59 63 84
29 33 59 61 0 21
29 33 59 61 21 42
29 33 59 61 42 63
29 33 59 61 63 84
33 37 0 2 0 21
33 37 0 2 21 42
33 37 0 2 42 63
33 37 0 2 63 84
33 37 2 4 0 21
33 37 2 4 21 42
33 37 2 4 42 63
33 37 2 4 63 84
33 37 4 6 0 21
33 37 4 6 21 42
33 37 4 6 42 63
33 37 4 6 63 84
33 37 6 8 0 21
33 37 6 8 21 42
33 37 6 8 42 63
33 37 6 8 63 84
33 37 8 10 0 21
33 37 8 10 21 42
33 37 8 10 42 63
33 37 8 10 63 84
33 37 10 12 0 21
33 37 10 12 21 42
33 37 10 12 42 63
33 37 10 12 63 84
33 37 12 14 0 21
33 37 12 14 21 42
33 37 12 14 42 63
33 37 12 14 63 84
33 37 14 15 0 21
33 37 14 15 21 42
33 37 14 15 42 63
33 37 14 15 63 84
33 37 15 17 0 21
33 37 15 17 21 42
33 37 15 17 42 63
33 37 15 17 63 84
33 37 17 19 0 21
33 37 17 19 21 42
33 37 17 19 42 63
33 37 17 19 63 84
33 37 19 21 0 21
33 37 19 21 21 42
33 37 19 21 42 63
33 37 19 21 63 84
33 37 21 23 0 21
33 37 21 23 21 42
33 37 21 23 42 63
33 37 21 23 63 84
33 37 23 25 0 21
33 37 23 25 21 42
33 37 23 25 42 63
33 37 23 25 63 84
33 37 25 27 0 21
33 37 25 27 21 42
33 37 25 27 42 63
33 37 25 27 63 84
33 37 27 29 0 21
33 37 27 29 21 42
33 37 27 29 42 63
33 37 27 29 63 84
33 37 29 30 0 21
33 37 29 30 21 42
33 37 29 30 42 63
33 37 29 30 63 84
33 37 30 32 0 21
33 37 30 32 21 42
33 37 30 32 42 63
33 37 30 32 63 84
33 37 32 34 0 21
33 37 32 34 21 42
33 37 32 34 42 63
33 37 32 34 63 84
33 37 34 36 0 21
33 37 34 36 21 42
33 37 34 36 42 63
33 37 34 36 63 84
33 37 36 38 0 21
33 37 36 38 21 42
33 37 36 38 42 63
33 37 36 38 63 84
33 37 38 40 0 21
33 37 38 40 21 42
33 37 38 40 42 63
33 37 38 40 63 84
33 37 40 42 0 21
33 37 40 42 21 42
33 37 40 42 42 63
33 37 40 42 63 84
33 37 42 44 0 21
33 37 42 44 21 42
33 37 42 44 42 63
33 37 42 44 63 84
33 37 44 45 0 21
33 37 44 45 21 42
33 37 44 45 42 63
33 37 44 45 63 84
33 37 45 47 0 21
33 37 45 47 21 42
33 37 45 47 42 63
33 37 45 47 63 84
33 37 47 49 0 21
33 37 47 49 21 42
33 37 47 49 42 63
33 37 47 49 63 84
33 37 49 51 0 21
33 37 49 51 21 42
33 37 49 51 42 63
33 37 49 51 63 84
33 37 51 53 0 21
33 37 51 53 21 42
33 37 51 53 42 63
33 37 51 53 63 84
33 37 53 55 0 21
33 37 53 55 21 42
33 37 53 55 42 63
33 37 53 55 63 84
33 37 55 57 0 21
33 37 55 57 21 42
33 37 55 57 42 63
33 37 55 57 63 84
33 37 57 59 0 21
33 37 57 59 21 42
33 37 57 59 42 63
33 37 57 59 63 84
33 37 59 61 0 21
33 37 59 61 21 42
33 37 59 61 42 63
33 37 59 61 63 84
37 41 0 2 0 21
37 41 0 2 21 42
37 41 0 2 42 63
37 41 0 2 63 84
37 41 2 4 0 21
37 41 2 4 21 42
37 41 2 4 42 63
37 41 2 4 63 84
37 41 4 6 0 21
37 41 4 6 21 42
37 41 4 6 42 63
37 41 4 6 63 84
37 41 6 8 0 21
37 41 6 8 21 42
37 41 6 8 42 63
37 41 6 8 63 84
37 41 8 10 0 21
37 41 8 10 21 42
37 41 8 10 42 63
37 41 8 10 63 84
37 41 10 12 0 21
37 41 10 12 21 42
37 41 10 12 42 63
37 41 10 12 63 84
37 41 12 14 0 21
37 41 12 14 21 42
37 41 12 14 42 63
37 41 12 14 63 84
37 41 14 15 0 21
37 41 14 15 21 42
37 41 14 15 42 63
37 41 14 15 63 84
37 41 15 17 0 21
37 41 15 17 21 42
37 41 15 17 42 63
37 41 15 17 63 84
37 41 17 19 0 21
37 41 17 19 21 42
37 41 17 19 42 63
37 41 17 19 63 84
37 41 19 21 0 21
37 41 19 21 21 42
37 41 19 21 42 63
37 41 19 21 63 84
37 41 21 23 0 21
37 41 21 23 21 42
37 41 21 23 42 63
37 41 21 23 63 84
37 41 23 25 0 21
37 41 23 25 21 42
37 41 23 25 42 63
37 41 23 25 63 84
37 41 25 27 0 21
37 41 25 27 21 42
37 41 25 27 42 63
37 41 25 27 63 84
37 41 27 29 0 21
37 41 27 29 21 42
37 41 27 29 42 63
37 41 27 29 63 84
37 41 29 30 0 21
37 41 29 30 21 42
37 41 29 30 42 63
37 41 29 30 63 84
37 41 30 32 0 21
37 41 30 32 21 42
37 41 30 32 42 63
37 41 30 32 63 84
37 41 32 34 0 21
37 41 32 34 21 42
37 41 32 34 42 63
37 41 32 34 63 84
37 41 34 36 0 21
37 41 34 36 21 42
37 41 34 36 42 63
37 41 34 36 63 84
37 41 36 38 0 21
37 41 36 38 21 42
37 41 36 38 42 63
37 41 36 38 63 84
37 41 38 40 0 21
37 41 38 40 21 42
37 41 38 40 42 63
37 41 38 40 63 84
37 41 40 42 0 21
37 41 40 42 21 42
37 41 40 42 42 63
37 41 40 42 63 84
37 41 42 44 0 21
37 41 42 44 21 42
37 41 42 44 42 63
37 41 42 44 63 84
37 41 44 45 0 21
37 41 44 45 21 42
37 41 44 45 42 63
37 41 44 45 63 84
37 41 45 47 0 21
37 41 45 47 21 42
37 41 45 47 42 63
37 41 45 47 63 84
37 41 47 49 0 21
37 41 47 49 21 42
37 41 47 49 42 63
37 41 47 49 63 84
37 41 49 51 0 21
37 41 49 51 21 42
37 41 49 51 42 63
37 41 49 51 63 84
37 41 51 53 0 21
37 41 51 53 21 42
37 41 51 53 42 63
37 41 51 53 63 84
37 41 53 55 0 21
37 41 53 55 21 42
37 41 53 55 42 63
37 41 53 55 63 84
37 41 55 57 0 21
37 41 55 57 21 42
37 41 55 57 42 63
37 41 55 57 63 84
37 41 57 59 0 21
37 41 57 59 21 42
37 41 57 59 42 63
37 41 57 59 63 84
37 41 59 61 0 21
37 41 59 61 21 42
37 41 59 61 42 63
37 41 59 61 63 84
41 45 0 2 0 21
41 45 0 2 21 42
41 45 0 2 42 63
41 45 0 2 63 84
41 45 2 4 0 21
41 45 2 4 21 42
41 45 2 4 42 63
41 45 2 4 63 84
41 45 4 6 0 21
41 45 4 6 21 42
41 45 4 6 42 63
41 45 4 6 63 84
41 45 6 8 0 21
41 45 6 8 21 42
41 45 6 8 42 63
41 45 6 8 63 84
41 45 8 10 0 21
41 45 8 10 21 42
41 45 8 10 42 63
41 45 8 10 63 84
41 45 10 12 0 21
41 45 10 12 21 42
41 45 10 12 42 63
41 45 10 12 63 84
41 45 12 14 0 21
41 45 12 14 21 42
41 45 12 14 42 63
41 45 12 14 63 84
41 45 14 15 0 21
41 45 14 15 21 42
41 45 14 15 42 63
41 45 14 15 63 84
41 45 15 17 0 21
41 45 15 17 21 42
41 45 15 17 42 63
41 45 15 17 63 84
41 45 17 19 0 21
41 45 17 19 21 42
41 45 17 19 42 63
41 45 17 19 63 84
41 45 19 21 0 21
41 45 19 21 21 42
41 45 19 21 42 63
41 45 19 21 63 84
41 45 21 23 0 21
41 45 21 23 21 42
41 45 21 23 42 63
41 45 21 23 63 84
41 45 23 25 0 21
41 45 23 25 21 42
41 45 23 25 42 63
41 45 23 25 63 84
41 45 25 27 0 21
41 45 25 27 21 42
41 45 25 27 42 63
41 45 25 27 63 84
41 45 27 29 0 21
41 45 27 29 21 42
41 45 27 29 42 63
41 45 27 29 63 84
41 45 29 30 0 21
41 45 29 30 21 42
41 45 29 30 42 63
41 45 29 30 63 84
41 45 30 32 0 21
41 45 30 32 21 42
41 45 30 32 42 63
41 45 30 32 63 84
41 45 32 34 0 21
41 45 32 34 21 42
41 45 32 34 42 63
41 45 32 34 63 84
41 45 34 36 0 21
41 45 34 36 21 42
41 45 34 36 42 63
41 45 34 36 63 84
41 45 36 38 0 21
41 45 36 38 21 42
41 45 36 38 42 63
41 45 36 38 63 84
41 45 38 40 0 21
41 45 38 40 21 42
41 45 38 40 42 63
41 45 38 40 63 84
41 45 40 42 0 21
41 45 40 42 21 42
41 45 40 42 42 63
41 45 40 42 63 84
41 45 42 44 0 21
41 45 42 44 21 42
41 45 42 44 42 63
41 45 42 44 63 84
41 45 44 45 0 21
41 45 44 45 21 42
41 45 44 45 42 63
41 45 44 45 63 84
41 45 45 47 0 21
41 45 45 47 21 42
41 45 45 47 42 63
41 45 45 47 63 84
41 45 47 49 0 21
41 45 47 49 21 42
41 45 47 49 42 63
41 45 47 49 63 84
41 45 49 51 0 21
41 45 49 51 21 42
41 45 49 51 42 63
41 45 49 51 63 84
41 45 51 53 0 21
41 45 51 53 21 42
41 45 51 53 42 63
41 45 51 53 63 84
41 45 53 55 0 21
41 45 53 55 21 42
41 45 53 55 42 63
41 45 53 55 63 84
41 45 55 57 0 21
41 45 55 57 21 42
41 45 55 57 42 63
41 45 55 57 63 84
41 45 57 59 0 21
41 45 57 59 21 42
41 45 57 59 42 63
41 45 57 59 63 84
41 45 59 61 0 21
41 45 59 61 21 42
41 45 59 61 42 63
41 45 59 61 63 84
45 49 0 2 0 21
45 49 0 2 21 42
45 49 0 2 42 63
45 49 0 2 63 84
45 49 2 4 0 21
45 49 2 4 21 42
45 49 2 4 42 63
45 49 2 4 63 84
45 49 4 6 0 21
45 49 4 6 21 42
45 49 4 6 42 63
45 49 4 6 63 84
45 49 6 8 0 21
45 49 6 8 21 42
45 49 6 8 42 63
45 49 6 8 63 84
45 49 8 10 0 21
45 49 8 10 21 42
45 49 8 10 42 63
45 49 8 10 63 84
45 49 10 12 0 21
45 49 10 12 21 42
45 49 10 12 42 63
45 49 10 12 63 84
45 49 12 14 0 21
45 49 12 14 21 42
45 49 12 14 42 63
45 49 12 14 63 84
45 49 14 15 0 21
45 49 14 15 21 42
45 49 14 15 42 63
45 49 14 15 63 84
45 49 15 17 0 21
45 49 15 17 21 42
45 49 15 17 42 63
45 49 15 17 63 84
45 49 17 19 0 21
45 49 17 19 21 42
45 49 17 19 42 63
45 49 17 19 63 84
45 49 19 21 0 21
45 49 19 21 21 42
45 49 19 21 42 63
45 49 19 21 63 84
45 49 21 23 0 21
45 49 21 23 21 42
45 49 21 23 42 63
45 49 21 23 63 84
45 49 23 25 0 21
45 49 23 25 21 42
45 49 23 25 42 63
45 49 23 25 63 84
45 49 25 27 0 21
45 49 25 27 21 42
45 49 25 27 42 63
45 49 25 27 63 84
45 49 27 29 0 21
45 49 27 29 21 42
45 49 27 29 42 63
45 49 27 29 63 84
45 49 29 30 0 21
45 49 29 30 21 42
45 49 29 30 42 63
45 49 29 30 63 84
45 49 30 32 0 21
45 49 30 32 21 42
45 49 30 32 42 63
45 49 30 32 63 84
45 49 32 34 0 21
45 49 32 34 21 42
45 49 32 34 42 63
45 49 32 34 63 84
45 49 34 36 0 21
45 49 34 36 21 42
45 49 34 36 42 63
45 49 34 36 63 84
45 49 36 38 0 21
45 49 36 38 21 42
45 49 36 38 42 63
45 49 36 38 63 84
45 49 38 40 0 21
45 49 38 40 21 42
45 49 38 40 42 63
45 49 38 40 63 84
45 49 40 42 0 21
45 49 40 42 21 42
45 49 40 42 42 63
45 49 40 42 63 84
45 49 42 44 0 21
45 49 42 44 21 42
45 49 42 44 42 63
45 49 42 44 63 84
45 49 44 45 0 21
45 49 44 45 21 42
45 49 44 45 42 63
45 49 44 45 63 84
45 49 45 47 0 21
45 49 45 47 21 42
45 49 45 47 42 63
45 49 45 47 63 84
45 49 47 49 0 21
45 49 47 49 21 42
45 49 47 49 42 63
45 49 47 49 63 84
45 49 49 51 0 21
45 49 49 51 21 42
45 49 49 51 42 63
45 49 49 51 63 84
45 49 51 53 0 21
45 49 51 53 21 42
45 49 51 53 42 63
45 49 51 53 63 84
45 49 53 55 0 21
45 49 53 55 21 42
45 49 53 55 42 63
45 49 53 55 63 84
45 49 55 57 0 21
45 49 55 57 21 42
45 49 55 57 42 63
45 49 55 57 63 84
45 49 57 59 0 21
45 49 57 59 21 42
45 49 57 59 42 63
45 49 57 59 63 84
45 49 59 61 0 21
45 49 59 61 21 42
45 49 59 61 42 63
45 49 59 61 63 84
49 53 0 2 0 21
49 53 0 2 21 42
49 53 0 2 42 63
49 53 0 2 63 84
49 53 2 4 0 21
49 53 2 4 21 42
49 53 2 4 42 63
49 53 2 4 63 84
49 53 4 6 0 21
49 53 4 6 21 42
49 53 4 6 42 63
49 53 4 6 63 84
49 53 6 8 0 21
49 53 6 8 21 42
49 53 6 8 42 63
49 53 6 8 63 84
49 53 8 10 0 21
49 53 8 10 21 42
49 53 8 10 42 63
49 53 8 10 63 84
49 53 10 12 0 21
49 53 10 12 21 42
49 53 10 12 42 63
49 53 10 12 63 84
49 53 12 14 0 21
49 53 12 14 21 42
49 53 12 14 42 63
49 53 12 14 63 84
49 53 14 15 0 21
49 53 14 15 21 42
49 53 14 15 42 63
49 53 14 15 63 84
49 53 15 17 0 21
49 53 15 17 21 42
49 53 15 17 42 63
49 53 15 17 63 84
49 53 17 19 0 21
49 53 17 19 21 42
49 53 17 19 42 63
49 53 17 19 63 84
49 53 19 21 0 21
49 53 19 21 21 42
49 53 19 21 42 63
49 53 19 21 63 84
49 53 21 23 0 21
49 53 21 23 21 42
49 53 21 23 42 63
49 53 21 23 63 84
49 53 23 25 0 21
49 53 23 25 21 42
49 53 23 25 42 63
49 53 23 25 63 84
49 53 25 27 0 21
49 53 25 27 21 42
49 53 25 27 42 63
49 53 25 27 63 84
49 53 27 29 0 21
49 53 27 29 21 42
49 53 27 29 42 63
49 53 27 29 63 84
49 53 29 30 0 21
49 53 29 30 21 42
49 53 29 30 42 63
49 53 29 30 63 84
49 53 30 32 0 21
49 53 30 32 21 42
49 53 30 32 42 63
49 53 30 32 63 84
49 53 32 34 0 21
49 53 32 34 21 42
49 53 32 34 42 63
49 53 32 34 63 84
49 53 34 36 0 21
49 53 34 36 21 42
49 53 34 36 42 63
49 53 34 36 63 84
49 53 36 38 0 21
49 53 36 38 21 42
49 53 36 38 42 63
49 53 36 38 63 84
49 53 38 40 0 21
49 53 38 40 21 42
49 53 38 40 42 63
49 53 38 40 63 84
49 53 40 42 0 21
49 53 40 42 21 42
49 53 40 42 42 63
49 53 40 42 63 84
49 53 42 44 0 21
49 53 42 44 21 42
49 53 42 44 42 63
49 53 42 44 63 84
49 53 44 45 0 21
49 53 44 45 21 42
49 53 44 45 42 63
49 53 44 45 63 84
49 53 45 47 0 21
49 53 45 47 21 42
49 53 45 47 42 63
49 53 45 47 63 84
49 53 47 49 0 21
49 53 47 49 21 42
49 53 47 49 42 63
49 53 47 49 63 84
49 53 49 51 0 21
49 53 49 51 21 42
49 53 49 51 42 63
49 53 49 51 63 84
49 53 51 53 0 21
49 53 51 53 21 42
49 53 51 53 42 63
49 53 51 53 63 84
49 53 53 55 0 21
49 53 53 55 21 42
49 53 53 55 42 63
49 53 53 55 63 84
49 53 55 57 0 21
49 53 55 57 21 42
49 53 55 57 42 63
49 53 55 57 63 84
49 53 57 59 0 21
49 53 57 59 21 42
49 53 57 59 42 63
49 53 57 59 63 84
49 53 59 61 0 21
49 53 59 61 21 42
49 53 59 61 42 63
49 53 59 61 63 84
53 57 0 2 0 21
53 57 0 2 21 42
53 57 0 2 42 63
53 57 0 2 63 84
53 57 2 4 0 21
53 57 2 4 21 42
53 57 2 4 42 63
53 57 2 4 63 84
53 57 4 6 0 21
53 57 4 6 21 42
53 57 4 6 42 63
53 57 4 6 63 84
53 57 6 8 0 21
53 57 6 8 21 42
53 57 6 8 42 63
53 57 6 8 63 84
53 57 8 10 0 21
53 57 8 10 21 42
53 57 8 10 42 63
53 57 8 10 63 84
53 57 10 12 0 21
53 57 10 12 21 42
53 57 10 12 42 63
53 57 10 12 63 84
53 57 12 14 0 21
53 57 12 14 21 42
53 57 12 14 42 63
53 57 12 14 63 84
53 57 14 15 0 21
53 57 14 15 21 42
53 57 14 15 42 63
53 57 14 15 63 84
53 57 15 17 0 21
53 57 15 17 21 42
53 57 15 17 42 63
53 57 15 17 63 84
53 57 17 19 0 21
53 57 17 19 21 42
53 57 17 19 42 63
53 57 17 19 63 84
53 57 19 21 0 21
53 57 19 21 21 42
53 57 19 21 42 63
53 57 19 21 63 84
53 57 21 23 0 21
53 57 21 23 21 42
53 57 21 23 42 63
53 57 21 23 63 84
53 57 23 25 0 21
53 57 23 25 21 42
53 57 23 25 42 63
53 57 23 25 63 84
53 57 25 27 0 21
53 57 25 27 21 42
53 57 25 27 42 63
53 57 25 27 63 84
53 57 27 29 0 21
53 57 27 29 21 42
53 57 27 29 42 63
53 57 27 29 63 84
53 57 29 30 0 21
53 57 29 30 21 42
53 57 29 30 42 63
53 57 29 30 63 84
53 57 30 32 0 21
53 57 30 32 21 42
53 57 30 32 42 63
53 57 30 32 63 84
53 57 32 34 0 21
53 57 32 34 21 42
53 57 32 34 42 63
53 57 32 34 63 84
53 57 34 36 0 21
53 57 34 36 21 42
53 57 34 36 42 63
53 57 34 36 63 84
53 57 36 38 0 21
53 57 36 38 21 42
53 57 36 38 42 63
53 57 36 38 63 84
53 57 38 40 0 21
53 57 38 40 21 42
53 57 38 40 42 63
53 57 38 40 63 84
53 57 40 42 0 21
53 57 40 42 21 42
53 57 40 42 42 63
53 57 40 42 63 84
53 57 42 44 0 21
53 57 42 44 21 42
53 57 42 44 42 63
53 57 42 44 63 84
53 57 44 45 0 21
53 57 44 45 21 42
53 57 44 45 42 63
53 57 44 45 63 84
53 57 45 47 0 21
53 57 45 47 21 42
53 57 45 47 42 63
53 57 45 47 63 84
53 57 47 49 0 21
53 57 47 49 21 42
53 57 47 49 42 63
53 57 47 49 63 84
53 57 49 51 0 21
53 57 49 51 21 42
53 57 49 51 42 63
53 57 49 51 63 84
53 57 51 53 0 21
53 57 51 53 21 42
53 57 51 53 42 63
53 57 51 53 63 84
53 57 53 55 0 21
53 57 53 55 21 42
53 57 53 55 42 63
53 57 53 55 63 84
53 57 55 57 0 21
53 57 55 57 21 42
53 57 55 57 42 63
53 57 55 57 63 84
53 57 57 59 0 21
53 57 57 59 21 42
53 57 57 59 42 63
53 57 57 59 63 84
53 57 59 61 0 21
53 57 59 61 21 42
53 57 59 61 42 63
53 57 59 61 63 84
57 61 0 2 0 21
57 61 0 2 21 42
57 61 0 2 42 63
57 61 0 2 63 84
57 61 2 4 0 21
57 61 2 4 21 42
57 61 2 4 42 63
57 61 2 4 63 84
57 61 4 6 0 21
57 61 4 6 21 42
57 61 4 6 42 63
57 61 4 6 63 84
57 61 6 8 0 21
57 61 6 8 21 42
57 61 6 8 42 63
57 61 6 8 63 84
57 61 8 10 0 21
57 61 8 10 21 42
57 61 8 10 42 63
57 61 8 10 63 84
57 61 10 12 0 21
57 61 10 12 21 42
57 61 10 12 42 63
57 61 10 12 63 84
57 61 12 14 0 21
57 61 12 14 21 42
57 61 12 14 42 63
57 61 12 14 63 84
57 61 14 15 0 21
57 61 14 15 21 42
57 61 14 15 42 63
57 61 14 15 63 84
57 61 15 17 0 21
57 61 15 17 21 42
57 61 15 17 42 63
57 61 15 17 63 84
57 61 17 19 0 21
57 61 17 19 21 42
57 61 17 19 42 63
57 61 17 19 63 84
57 61 19 21 0 21
57 61 19 21 21 42
57 61 19 21 42 63
57 61 19 21 63 84
57 61 21 23 0 21
57 61 21 23 21 42
57 61 21 23 42 63
57 61 21 23 63 84
57 61 23 25 0 21
57 61 23 25 21 42
57 61 23 25 42 63
57 61 23 25 63 84
57 61 25 27 0 21
57 61 25 27 21 42
57 61 25 27 42 63
57 61 25 27 63 84
57 61 27 29 0 21
57 61 27 29 21 42
57 61 27 29 42 63
57 61 27 29 63 84
57 61 29 30 0 21
57 61 29 30 21 42
57 61 29 30 42 63
57 61 29 30 63 84
57 61 30 32 0 21
57 61 30 32 21 42
57 61 30 32 42 63
57 61 30 32 63 84
57 61 32 34 0 21
57 61 32 34 21 42
57 61 32 34 42 63
57 61 32 34 63 84
57 61 34 36 0 21
57 61 34 36 21 42
57 61 34 36 42 63
57 61 34 36 63 84
57 61 36 38 0 21
57 61 36 38 21 42
57 61 36 38 42 63
57 61 36 38 63 84
57 61 38 40 0 21
57 61 38 40 21 42
57 61 38 40 42 63
57 61 38 40 63 84
57 61 40 42 0 21
57 61 40 42 21 42
57 61 40 42 42 63
57 61 40 42 63 84
57 61 42 44 0 21
57 61 42 44 21 42
57 61 42 44 42 63
57 61 42 44 63 84
57 61 44 45 0 21
57 61 44 45 21 42
57 61 44 45 42 63
57 61 44 45 63 84
57 61 45 47 0 21
57 61 45 47 21 42
57 61 45 47 42 63
57 61 45 47 63 84
57 61 47 49 0 21
57 61 47 49 21 42
57 61 47 49 42 63
57 61 47 49 63 84
57 61 49 51 0 21
57 61 49 51 21 42
57 61 49 51 42 63
57 61 49 51 63 84
57 61 51 53 0 21
57 61 51 53 21 42
57 61 51 53 42 63
57 61 51 53 63 84
57 61 53 55 0 21
57 61 53 55 21 42
57 61 53 55 42 63
57 61 53 55 63 84
57 61 55 57 0 21
57 61 55 57 21 42
57 61 55 57 42 63
57 61 55 57 63 84
57 61 57 59 0 21
57 61 57 59 21 42
57 61 57 59 42 63
57 61 57 59 63 84
57 61 59 61 0 21
57 61 59 61 21 42
57 61 59 61 42 63
57 61 59 61 63 84
61 65 0 2 0 21
61 65 0 2 21 42
61 65 0 2 42 63
61 65 0 2 63 84
61 65 2 4 0 21
61 65 2 4 21 42
61 65 2 4 42 63
61 65 2 4 63 84
61 65 4 6 0 21
61 65 4 6 21 42
61 65 4 6 42 63
61 65 4 6 63 84
61 65 6 8 0 21
61 65 6 8 21 42
61 65 6 8 42 63
61 65 6 8 63 84
61 65 8 10 0 21
61 65 8 10 21 42
61 65 8 10 42 63
61 65 8 10 63 84
61 65 10 12 0 21
61 65 10 12 21 42
61 65 10 12 42 63
61 65 10 12 63 84
61 65 12 14 0 21
61 65 12 14 21 42
61 65 12 14 42 63
61 65 12 14 63 84
61 65 14 15 0 21
61 65 14 15 21 42
61 65 14 15 42 63
61 65 14 15 63 84
61 65 15 17 0 21
61 65 15 17 21 42
61 65 15 17 42 63
61 65 15 17 63 84
61 65 17 19 0 21
61 65 17 19 21 42
61 65 17 19 42 63
61 65 17 19 63 84
61 65 19 21 0 21
61 65 19 21 21 42
61 65 19 21 42 63
61 65 19 21 63 84
61 65 21 23 0 21
61 65 21 23 21 42
61 65 21 23 42 63
61 65 21 23 63 84
61 65 23 25 0 21
61 65 23 25 21 42
61 65 23 25 42 63
61 65 23 25 63 84
61 65 25 27 0 21
61 65 25 27 21 42
61 65 25 27 42 63
61 65 25 27 63 84
61 65 27 29 0 21
61 65 27 29 21 42
61 65 27 29 42 63
61 65 27 29 63 84
61 65 29 30 0 21
61 65 29 30 21 42
61 65 29 30 42 63
61 65 29 30 63 84
61 65 30 32 0 21
61 65 30 32 21 42
61 65 30 32 42 63
61 65 30 32 63 84
61 65 32 34 0 21
61 65 32 34 21 42
61 65 32 34 42 63
61 65 32 34 63 84
61 65 34 36 0 21
61 65 34 36 21 42
61 65 34 36 42 63
61 65 34 36 63 84
61 65 36 38 0 21
61 65 36 38 21 42
61 65 36 38 42 63
61 65 36 38 63 84
61 65 38 40 0 21
61 65 38 40 21 42
61 65 38 40 42 63
61 65 38 40 63 84
61 65 40 42 0 21
61 65 40 42 21 42
61 65 40 42 42 63
61 65 40 42 63 84
61 65 42 44 0 21
61 65 42 44 21 42
61 65 42 44 42 63
61 65 42 44 63 84
61 65 44 45 0 21
61 65 44 45 21 42
61 65 44 45 42 63
61 65 44 45 63 84
61 65 45 47 0 21
61 65 45 47 21 42
61 65 45 47 42 63
61 65 45 47 63 84
61 65 47 49 0 21
61 65 47 49 21 42
61 65 47 49 42 63
61 65 47 49 63 84
61 65 49 51 0 21
61 65 49 51 21 42
61 65 49 51 42 63
61 65 49 51 63 84
61 65 51 53 0 21
61 65 51 53 21 42
61 65 51 53 42 63
61 65 51 53 63 84
61 65 53 55 0 21
61 65 53 55 21 42
61 65 53 55 42 63
61 65 53 55 63 84
61 65 55 57 0 21
61 65 55 57 21 42
61 65 55 57 42 63
61 65 55 57 63 84
61 65 57 59 0 21
61 65 57 59 21 42
61 65 57 59 42 63
61 65 57 59 63 84
61 65 59 61 0 21
61 65 59 61 21 42
61 65 59 61 42 63
61 65 59 61 63 84
65 70 0 2 0 21
65 70 0 2 21 42
65 70 0 2 42 63
65 70 0 2 63 84
65 70 2 4 0 21
65 70 2 4 21 42
65 70 2 4 42 63
65 70 2 4 63 84
65 70 4 6 0 21
65 70 4 6 21 42
65 70 4 6 42 63
65 70 4 6 63 84
65 70 6 8 0 21
65 70 6 8 21 42
65 70 6 8 42 63
65 70 6 8 63 84
65 70 8 10 0 21
65 70 8 10 21 42
65 70 8 10 42 63
65 70 8 10 63 84
65 70 10 12 0 21
65 70 10 12 21 42
65 70 10 12 42 63
65 70 10 12 63 84
65 70 12 14 0 21
65 70 12 14 21 42
65 70 12 14 42 63
65 70 12 14 63 84
65 70 14 15 0 21
65 70 14 15 21 42
65 70 14 15 42 63
65 70 14 15 63 84
65 70 15 17 0 21
65 70 15 17 21 42
65 70 15 17 42 63
65 70 15 17 63 84
65 70 17 19 0 21
65 70 17 19 21 42
65 70 17 19 42 63
65 70 17 19 63 84
65 70 19 21 0 21
65 70 19 21 21 42
65 70 19 21 42 63
65 70 19 21 63 84
65 70 21 23 0 21
65 70 21 23 21 42
65 70 21 23 42 63
65 70 21 23 63 84
65 70 23 25 0 21
65 70 23 25 21 42
65 70 23 25 42 63
65 70 23 25 63 84
65 70 25 27 0 21
65 70 25 27 21 42
65 70 25 27 42 63
65 70 25 27 63 84
65 70 27 29 0 21
65 70 27 29 21 42
65 70 27 29 42 63
65 70 27 29 63 84
65 70 29 30 0 21
65 70 29 30 21 42
65 70 29 30 42 63
65 70 29 30 63 84
65 70 30 32 0 21
65 70 30 32 21 42
65 70 30 32 42 63
65 70 30 32 63 84
65 70 32 34 0 21
65 70 32 34 21 42
65 70 32 34 42 63
65 70 32 34 63 84
65 70 34 36 0 21
65 70 34 36 21 42
65 70 34 36 42 63
65 70 34 36 63 84
65 70 36 38 0 21
65 70 36 38 21 42
65 70 36 38 42 63
65 70 36 38 63 84
65 70 38 40 0 21
65 70 38 40 21 42
65 70 38 40 42 63
65 70 38 40 63 84
65 70 40 42 0 21
65 70 40 42 21 42
65 70 40 42 42 63
65 70 40 42 63 84
65 70 42 44 0 21
65 70 42 44 21 42
65 70 42 44 42 63
65 70 42 44 63 84
65 70 44 45 0 21
65 70 44 45 21 42
65 70 44 45 42 63
65 70 44 45 63 84
65 70 45 47 0 21
65 70 45 47 21 42
65 70 45 47 42 63
65 70 45 47 63 84
65 70 47 49 0 21
65 70 47 49 21 42
65 70 47 49 42 63
65 70 47 49 63 84
65 70 49 51 0 21
65 70 49 51 21 42
65 70 49 51 42 63
65 70 49 51 63 84
65 70 51 53 0 21
65 70 51 53 21 42
65 70 51 53 42 63
65 70 51 53 63 84
65 70 53 55 0 21
65 70 53 55 21 42
65 70 53 55 42 63
65 70 53 55 63 84
65 70 55 57 0 21
65 70 55 57 21 42
65 70 55 57 42 63
65 70 55 57 63 84
65 70 57 59 0 21
65 70 57 59 21 42
65 70 57 59 42 63
65 70 57 59 63 84
65 70 59 61 0 21
65 70 59 61 21 42
65 70 59 61 42 63
65 70 59 61 63 84
70 74 0 2 0 21
70 74 0 2 21 42
70 74 0 2 42 63
70 74 0 2 63 84
70 74 2 4 0 21
70 74 2 4 21 42
70 74 2 4 42 63
70 74 2 4 63 84
70 74 4 6 0 21
70 74 4 6 21 42
70 74 4 6 42 63
70 74 4 6 63 84
70 74 6 8 0 21
70 74 6 8 21 42
70 74 6 8 42 63
70 74 6 8 63 84
70 74 8 10 0 21
70 74 8 10 21 42
70 74 8 10 42 63
70 74 8 10 63 84
70 74 10 12 0 21
70 74 10 12 21 42
70 74 10 12 42 63
70 74 10 12 63 84
70 74 12 14 0 21
70 74 12 14 21 42
70 74 12 14 42 63
70 74 12 14 63 84
70 74 14 15 0 21
70 74 14 15 21 42
70 74 14 15 42 63
70 74 14 15 63 84
70 74 15 17 0 21
70 74 15 17 21 42
70 74 15 17 42 63
70 74 15 17 63 84
70 74 17 19 0 21
70 74 17 19 21 42
70 74 17 19 42 63
70 74 17 19 63 84
70 74 19 21 0 21
70 74 19 21 21 42
70 74 19 21 42 63
70 74 19 21 63 84
70 74 21 23 0 21
70 74 21 23 21 42
70 74 21 23 42 63
70 74 21 23 63 84
70 74 23 25 0 21
70 74 23 25 21 42
70 74 23 25 42 63
70 74 23 25 63 84
70 74 25 27 0 21
70 74 25 27 21 42
70 74 25 27 42 63
70 74 25 27 63 84
70 74 27 29 0 21
70 74 27 29 21 42
70 74 27 29 42 63
70 74 27 29 63 84
70 74 29 30 0 21
70 74 29 30 21 42
70 74 29 30 42 63
70 74 29 30 63 84
70 74 30 32 0 21
70 74 30 32 21 42
70 74 30 32 42 63
70 74 30 32 63 84
70 74 32 34 0 21
70 74 32 34 21 42
70 74 32 34 42 63
70 74 32 34 63 84
70 74 34 36 0 21
70 74 34 36 21 42
70 74 34 36 42 63
70 74 34 36 63 84
70 74 36 38 0 21
70 74 36 38 21 42
70 74 36 38 42 63
70 74 36 38 63 84
70 74 38 40 0 21
70 74 38 40 21 42
70 74 38 40 42 63
70 74 38 40 63 84
70 74 40 42 0 21
70 74 40 42 21 42
70 74 40 42 42 63
70 74 40 42 63 84
70 74 42 44 0 21
70 74 42 44 21 42
70 74 42 44 42 63
70 74 42 44 63 84
70 74 44 45 0 21
70 74 44 45 21 42
70 74 44 45 42 63
70 74 44 45 63 84
70 74 45 47 0 21
70 74 45 47 21 42
70 74 45 47 42 63
70 74 45 47 63 84
70 74 47 49 0 21
70 74 47 49 21 42
70 74 47 49 42 63
70 74 47 49 63 84
70 74 49 51 0 21
70 74 49 51 21 42
70 74 49 51 42 63
70 74 49 51 63 84
70 74 51 53 0 21
70 74 51 53 21 42
70 74 51 53 42 63
70 74 51 53 63 84
70 74 53 55 0 21
70 74 53 55 21 42
70 74 53 55 42 63
70 74 53 55 63 84
70 74 55 57 0 21
70 74 55 57 21 42
70 74 55 57 42 63
70 74 55 57 63 84
70 74 57 59 0 21
70 74 57 59 21 42
70 74 57 59 42 63
70 74 57 59 63 84
70 74 59 61 0 21
70 74 59 61 21 42
70 74 59 61 42 63
70 74 59 61 63 84
74 78 0 2 0 21
74 78 0 2 21 42
74 78 0 2 42 63
74 78 0 2 63 84
74 78 2 4 0 21
74 78 2 4 21 42
74 78 2 4 42 63
74 78 2 4 63 84
74 78 4 6 0 21
74 78 4 6 21 42
74 78 4 6 42 63
74 78 4 6 63 84
74 78 6 8 0 21
74 78 6 8 21 42
74 78 6 8 42 63
74 78 6 8 63 84
74 78 8 10 0 21
74 78 8 10 21 42
74 78 8 10 42 63
74 78 8 10 63 84
74 78 10 12 0 21
74 78 10 12 21 42
74 78 10 12 42 63
74 78 10 12 63 84
74 78 12 14 0 21
74 78 12 14 21 42
74 78 12 14 42 63
74 78 12 14 63 84
74 78 14 15 0 21
74 78 14 15 21 42
74 78 14 15 42 63
74 78 14 15 63 84
74 78 15 17 0 21
74 78 15 17 21 42
74 78 15 17 42 63
74 78 15 17 63 84
74 78 17 19 0 21
74 78 17 19 21 42
74 78 17 19 42 63
74 78 17 19 63 84
74 78 19 21 0 21
74 78 19 21 21 42
74 78 19 21 42 63
74 78 19 21 63 84
74 78 21 23 0 21
74 78 21 23 21 42
74 78 21 23 42 63
74 78 21 23 63 84
74 78 23 25 0 21
74 78 23 25 21 42
74 78 23 25 42 63
74 78 23 25 63 84
74 78 25 27 0 21
74 78 25 27 21 42
74 78 25 27 42 63
74 78 25 27 63 84
74 78 27 29 0 21
74 78 27 29 21 42
74 78 27 29 42 63
74 78 27 29 63 84
74 78 29 30 0 21
74 78 29 30 21 42
74 78 29 30 42 63
74 78 29 30 63 84
74 78 30 32 0 21
74 78 30 32 21 42
74 78 30 32 42 63
74 78 30 32 63 84
74 78 32 34 0 21
74 78 32 34 21 42
74 78 32 34 42 63
74 78 32 34 63 84
74 78 34 36 0 21
74 78 34 36 21 42
74 78 34 36 42 63
74 78 34 36 63 84
74 78 36 38 0 21
74 78 36 38 21 42
74 78 36 38 42 63
74 78 36 38 63 84
74 78 38 40 0 21
74 78 38 40 21 42
74 78 38 40 42 63
74 78 38 40 63 84
74 78 40 42 0 21
74 78 40 42 21 42
74 78 40 42 42 63
74 78 40 42 63 84
74 78 42 44 0 21
74 78 42 44 21 42
74 78 42 44 42 63
74 78 42 44 63 84
74 78 44 45 0 21
74 78 44 45 21 42
74 78 44 45 42 63
74 78 44 45 63 84
74 78 45 47 0 21
74 78 45 47 21 42
74 78 45 47 42 63
74 78 45 47 63 84
74 78 47 49 0 21
74 78 47 49 21 42
74 78 47 49 42 63
74 78 47 49 63 84
74 78 49 51 0 21
74 78 49 51 21 42
74 78 49 51 42 63
74 78 49 51 63 84
74 78 51 53 0 21
74 78 51 53 21 42
74 78 51 53 42 63
74 78 51 53 63 84
74 78 53 55 0 21
74 78 53 55 21 42
74 78 53 55 42 63
74 78 53 55 63 84
74 78 55 57 0 21
74 78 55 57 21 42
74 78 55 57 42 63
74 78 55 57 63 84
74 78 57 59 0 21
74 78 57 59 21 42
74 78 57 59 42 63
74 78 57 59 63 84
74 78 59 61 0 21
74 78 59 61 21 42
74 78 59 61 42 63
74 78 59 61 63 84
78 82 0 2 0 21
78 82 0 2 21 42
78 82 0 2 42 63
78 82 0 2 63 84
78 82 2 4 0 21
78 82 2 4 21 42
78 82 2 4 42 63
78 82 2 4 63 84
78 82 4 6 0 21
78 82 4 6 21 42
78 82 4 6 42 63
78 82 4 6 63 84
78 82 6 8 0 21
78 82 6 8 21 42
78 82 6 8 42 63
78 82 6 8 63 84
78 82 8 10 0 21
78 82 8 10 21 42
78 82 8 10 42 63
78 82 8 10 63 84
78 82 10 12 0 21
78 82 10 12 21 42
78 82 10 12 42 63
78 82 10 12 63 84
78 82 12 14 0 21
78 82 12 14 21 42
78 82 12 14 42 63
78 82 12 14 63 84
78 82 14 15 0 21
78 82 14 15 21 42
78 82 14 15 42 63
78 82 14 15 63 84
78 82 15 17 0 21
78 82 15 17 21 42
78 82 15 17 42 63
78 82 15 17 63 84
78 82 17 19 0 21
78 82 17 19 21 42
78 82 17 19 42 63
78 82 17 19 63 84
78 82 19 21 0 21
78 82 19 21 21 42
78 82 19 21 42 63
78 82 19 21 63 84
78 82 21 23 0 21
78 82 21 23 21 42
78 82 21 23 42 63
78 82 21 23 63 84
78 82 23 25 0 21
78 82 23 25 21 42
78 82 23 25 42 63
78 82 23 25 63 84
78 82 25 27 0 21
78 82 25 27 21 42
78 82 25 27 42 63
78 82 25 27 63 84
78 82 27 29 0 21
78 82 27 29 21 42
78 82 27 29 42 63
78 82 27 29 63 84
78 82 29 30 0 21
78 82 29 30 21 42
78 82 29 30 42 63
78 82 29 30 63 84
78 82 30 32 0 21
78 82 30 32 21 42
78 82 30 32 42 63
78 82 30 32 63 84
78 82 32 34 0 21
78 82 32 34 21 42
78 82 32 34 42 63
78 82 32 34 63 84
78 82 34 36 0 21
78 82 34 36 21 42
78 82 34 36 42 63
78 82 34 36 63 84
78 82 36 38 0 21
78 82 36 38 21 42
78 82 36 38 42 63
78 82 36 38 63 84
78 82 38 40 0 21
78 82 38 40 21 42
78 82 38 40 42 63
78 82 38 40 63 84
78 82 40 42 0 21
78 82 40 42 21 42
78 82 40 42 42 63
78 82 40 42 63 84
78 82 42 44 0 21
78 82 42 44 21 42
78 82 42 44 42 63
78 82 42 44 63 84
78 82 44 45 0 21
78 82 44 45 21 42
78 82 44 45 42 63
78 82 44 45 63 84
78 82 45 47 0 21
78 82 45 47 21 42
78 82 45 47 42 63
78 82 45 47 63 84
78 82 47 49 0 21
78 82 47 49 21 42
78 82 47 49 42 63
78 82 47 49 63 84
78 82 49 51 0 21
78 82 49 51 21 42
78 82 49 51 42 63
78 82 49 51 63 84
78 82 51 53 0 21
78 82 51 53 21 42
78 82 51 53 42 63
78 82 51 53 63 84
78 82 53 55 0 21
78 82 53 55 21 42
78 82 53 55 42 63
78 82 53 55 63 84
78 82 55 57 0 21
78 82 55 57 21 42
78 82 55 57 42 63
78 82 55 57 63 84
78 82 57 59 0 21
78 82 57 59 21 42
78 82 57 59 42 63
78 82 57 59 63 84
78 82 59 61 0 21
78 82 59 61 21 42
78 82 59 61 42 63
78 82 59 61 63 84
82 86 0 2 0 21
82 86 0 2 21 42
82 86 0 2 42 63
82 86 0 2 63 84
82 86 2 4 0 21
82 86 2 4 21 42
82 86 2 4 42 63
82 86 2 4 63 84
82 86 4 6 0 21
82 86 4 6 21 42
82 86 4 6 42 63
82 86 4 6 63 84
82 86 6 8 0 21
82 86 6 8 21 42
82 86 6 8 42 63
82 86 6 8 63 84
82 86 8 10 0 21
82 86 8 10 21 42
82 86 8 10 42 63
82 86 8 10 63 84
82 86 10 12 0 21
82 86 10 12 21 42
82 86 10 12 42 63
82 86 10 12 63 84
82 86 12 14 0 21
82 86 12 14 21 42
82 86 12 14 42 63
82 86 12 14 63 84
82 86 14 15 0 21
82 86 14 15 21 42
82 86 14 15 42 63
82 86 14 15 63 84
82 86 15 17 0 21
82 86 15 17 21 42
82 86 15 17 42 63
82 86 15 17 63 84
82 86 17 19 0 21
82 86 17 19 21 42
82 86 17 19 42 63
82 86 17 19 63 84
82 86 19 21 0 21
82 86 19 21 21 42
82 86 19 21 42 63
82 86 19 21 63 84
82 86 21 23 0 21
82 86 21 23 21 42
82 86 21 23 42 63
82 86 21 23 63 84
82 86 23 25 0 21
82 86 23 25 21 42
82 86 23 25 42 63
82 86 23 25 63 84
82 86 25 27 0 21
82 86 25 27 21 42
82 86 25 27 42 63
82 86 25 27 63 84
82 86 27 29 0 21
82 86 27 29 21 42
82 86 27 29 42 63
82 86 27 29 63 84
82 86 29 30 0 21
82 86 29 30 21 42
82 86 29 30 42 63
82 86 29 30 63 84
82 86 30 32 0 21
82 86 30 32 21 42
82 86 30 32 42 63
82 86 30 32 63 84
82 86 32 34 0 21
82 86 32 34 21 42
82 86 32 34 42 63
82 86 32 34 63 84
82 86 34 36 0 21
82 86 34 36 21 42
82 86 34 36 42 63
82 86 34 36 63 84
82 86 36 38 0 21
82 86 36 38 21 42
82 86 36 38 42 63
82 86 36 38 63 84
82 86 38 40 0 21
82 86 38 40 21 42
82 86 38 40 42 63
82 86 38 40 63 84
82 86 40 42 0 21
82 86 40 42 21 42
82 86 40 42 42 63
82 86 40 42 63 84
82 86 42 44 0 21
82 86 42 44 21 42
82 86 42 44 42 63
82 86 42 44 63 84
82 86 44 45 0 21
82 86 44 45 21 42
82 86 44 45 42 63
82 86 44 45 63 84
82 86 45 47 0 21
82 86 45 47 21 42
82 86 45 47 42 63
82 86 45 47 63 84
82 86 47 49 0 21
82 86 47 49 21 42
82 86 47 49 42 63
82 86 47 49 63 84
82 86 49 51 0 21
82 86 49 51 21 42
82 86 49 51 42 63
82 86 49 51 63 84
82 86 51 53 0 21
82 86 51 53 21 42
82 86 51 53 42 63
82 86 51 53 63 84
82 86 53 55 0 21
82 86 53 55 21 42
82 86 53 55 42 63
82 86 53 55 63 84
82 86 55 57 0 21
82 86 55 57 21 42
82 86 55 57 42 63
82 86 55 57 63 84
82 86 57 59 0 21
82 86 57 59 21 42
82 86 57 59 42 63
82 86 57 59 63 84
82 86 59 61 0 21
82 86 59 61 21 42
82 86 59 61 42 63
82 86 59 61 63 84
86 90 0 2 0 21
86 90 0 2 21 42
86 90 0 2 42 63
86 90 0 2 63 84
86 90 2 4 0 21
86 90 2 4 21 42
86 90 2 4 42 63
86 90 2 4 63 84
86 90 4 6 0 21
86 90 4 6 21 42
86 90 4 6 42 63
86 90 4 6 63 84
86 90 6 8 0 21
86 90 6 8 21 42
86 90 6 8 42 63
86 90 6 8 63 84
86 90 8 10 0 21
86 90 8 10 21 42
86 90 8 10 42 63
86 90 8 10 63 84
86 90 10 12 0 21
86 90 10 12 21 42
86 90 10 12 42 63
86 90 10 12 63 84
86 90 12 14 0 21
86 90 12 14 21 42
86 90 12 14 42 63
86 90 12 14 63 84
86 90 14 15 0 21
86 90 14 15 21 42
86 90 14 15 42 63
86 90 14 15 63 84
86 90 15 17 0 21
86 90 15 17 21 42
86 90 15 17 42 63
86 90 15 17 63 84
86 90 17 19 0 21
86 90 17 19 21 42
86 90 17 19 42 63
86 90 17 19 63 84
86 90 19 21 0 21
86 90 19 21 21 42
86 90 19 21 42 63
86 90 19 21 63 84
86 90 21 23 0 21
86 90 21 23 21 42
86 90 21 23 42 63
86 90 21 23 63 84
86 90 23 25 0 21
86 90 23 25 21 42
86 90 23 25 42 63
86 90 23 25 63 84
86 90 25 27 0 21
86 90 25 27 21 42
86 90 25 27 42 63
86 90 25 27 63 84
86 90 27 29 0 21
86 90 27 29 21 42
86 90 27 29 42 63
86 90 27 29 63 84
86 90 29 30 0 21
86 90 29 30 21 42
86 90 29 30 42 63
86 90 29 30 63 84
86 90 30 32 0 21
86 90 30 32 21 42
86 90 30 32 42 63
86 90 30 32 63 84
86 90 32 34 0 21
86 90 32 34 21 42
86 90 32 34 42 63
86 90 32 34 63 84
86 90 34 36 0 21
86 90 34 36 21 42
86 90 34 36 42 63
86 90 34 36 63 84
86 90 36 38 0 21
86 90 36 38 21 42
86 90 36 38 42 63
86 90 36 38 63 84
86 90 38 40 0 21
86 90 38 40 21 42
86 90 38 40 42 63
86 90 38 40 63 84
86 90 40 42 0 21
86 90 40 42 21 42
86 90 40 42 42 63
86 90 40 42 63 84
86 90 42 44 0 21
86 90 42 44 21 42
86 90 42 44 42 63
86 90 42 44 63 84
86 90 44 45 0 21
86 90 44 45 21 42
86 90 44 45 42 63
86 90 44 45 63 84
86 90 45 47 0 21
86 90 45 47 21 42
86 90 45 47 42 63
86 90 45 47 63 84
86 90 47 49 0 21
86 90 47 49 21 42
86 90 47 49 42 63
86 90 47 49 63 84
86 90 49 51 0 21
86 90 49 51 21 42
86 90 49 51 42 63
86 90 49 51 63 84
86 90 51 53 0 21
86 90 51 53 21 42
86 90 51 53 42 63
86 90 51 53 63 84
86 90 53 55 0 21
86 90 53 55 21 42
86 90 53 55 42 63
86 90 53 55 63 84
86 90 55 57 0 21
86 90 55 57 21 42
86 90 55 57 42 63
86 90 55 57 63 84
86 90 57 59 0 21
86 90 57 59 21 42
86 90 57 59 42 63
86 90 57 59 63 84
86 90 59 61 0 21
86 90 59 61 21 42
86 90 59 61 42 63
86 90 59 61 63 84
90 94 0 2 0 21
90 94 0 2 21 42
90 94 0 2 42 63
90 94 0 2 63 84
90 94 2 4 0 21
90 94 2 4 21 42
90 94 2 4 42 63
90 94 2 4 63 84
90 94 4 6 0 21
90 94 4 6 21 42
90 94 4 6 42 63
90 94 4 6 63 84
90 94 6 8 0 21
90 94 6 8 21 42
90 94 6 8 42 63
90 94 6 8 63 84
90 94 8 10 0 21
90 94 8 10 21 42
90 94 8 10 42 63
90 94 8 10 63 84
90 94 10 12 0 21
90 94 10 12 21 42
90 94 10 12 42 63
90 94 10 12 63 84
90 94 12 14 0 21
90 94 12 14 21 42
90 94 12 14 42 63
90 94 12 14 63 84
90 94 14 15 0 21
90 94 14 15 21 42
90 94 14 15 42 63
90 94 14 15 63 84
90 94 15 17 0 21
90 94 15 17 21 42
90 94 15 17 42 63
90 94 15 17 63 84
90 94 17 19 0 21
90 94 17 19 21 42
90 94 17 19 42 63
90 94 17 19 63 84
90 94 19 21 0 21
90 94 19 21 21 42
90 94 19 21 42 63
90 94 19 21 63 84
90 94 21 23 0 21
90 94 21 23 21 42
90 94 21 23 42 63
90 94 21 23 63 84
90 94 23 25 0 21
90 94 23 25 21 42
90 94 23 25 42 63
90 94 23 25 63 84
90 94 25 27 0 21
90 94 25 27 21 42
90 94 25 27 42 63
90 94 25 27 63 84
90 94 27 29 0 21
90 94 27 29 21 42
90 94 27 29 42 63
90 94 27 29 63 84
90 94 29 30 0 21
90 94 29 30 21 42
90 94 29 30 42 63
90 94 29 30 63 84
90 94 30 32 0 21
90 94 30 32 21 42
90 94 30 32 42 63
90 94 30 32 63 84
90 94 32 34 0 21
90 94 32 34 21 42
90 94 32 34 42 63
90 94 32 34 63 84
90 94 34 36 0 21
90 94 34 36 21 42
90 94 34 36 42 63
90 94 34 36 63 84
90 94 36 38 0 21
90 94 36 38 21 42
90 94 36 38 42 63
90 94 36 38 63 84
90 94 38 40 0 21
90 94 38 40 21 42
90 94 38 40 42 63
90 94 38 40 63 84
90 94 40 42 0 21
90 94 40 42 21 42
90 94 40 42 42 63
90 94 40 42 63 84
90 94 42 44 0 21
90 94 42 44 21 42
90 94 42 44 42 63
90 94 42 44 63 84
90 94 44 45 0 21
90 94 44 45 21 42
90 94 44 45 42 63
90 94 44 45 63 84
90 94 45 47 0 21
90 94 45 47 21 42
90 94 45 47 42 63
90 94 45 47 63 84
90 94 47 49 0 21
90 94 47 49 21 42
90 94 47 49 42 63
90 94 47 49 63 84
90 94 49 51 0 21
90 94 49 51 21 42
90 94 49 51 42 63
90 94 49 51 63 84
90 94 51 53 0 21
90 94 51 53 21 42
90 94 51 53 42 63
90 94 51 53 63 84
90 94 53 55 0 21
90 94 53 55 21 42
90 94 53 55 42 63
90 94 53 55 63 84
90 94 55 57 0 21
90 94 55 57 21 42
90 94 55 57 42 63
90 94 55 57 63 84
90 94 57 59 0 21
90 94 57 59 21 42
90 94 57 59 42 63
90 94 57 59 63 84
90 94 59 61 0 21
90 94 59 61 21 42
90 94 59 61 42 63
90 94 59 61 63 84
94 98 0 2 0 21
94 98 0 2 21 42
94 98 0 2 42 63
94 98 0 2 63 84
94 98 2 4 0 21
94 98 2 4 21 42
94 98 2 4 42 63
94 98 2 4 63 84
94 98 4 6 0 21
94 98 4 6 21 42
94 98 4 6 42 63
94 98 4 6 63 84
94 98 6 8 0 21
94 98 6 8 21 42
94 98 6 8 42 63
94 98 6 8 63 84
94 98 8 10 0 21
94 98 8 10 21 42
94 98 8 10 42 63
94 98 8 10 63 84
94 98 10 12 0 21
94 98 10 12 21 42
94 98 10 12 42 63
94 98 10 12 63 84
94 98 12 14 0 21
94 98 12 14 21 42
94 98 12 14 42 63
94 98 12 14 63 84
94 98 14 15 0 21
94 98 14 15 21 42
94 98 14 15 42 63
94 98 14 15 63 84
94 98 15 17 0 21
94 98 15 17 21 42
94 98 15 17 42 63
94 98 15 17 63 84
94 98 17 19 0 21
94 98 17 19 21 42
94 98 17 19 42 63
94 98 17 19 63 84
94 98 19 21 0 21
94 98 19 21 21 42
94 98 19 21 42 63
94 98 19 21 63 84
94 98 21 23 0 21
94 98 21 23 21 42
94 98 21 23 42 63
94 98 21 23 63 84
94 98 23 25 0 21
94 98 23 25 21 42
94 98 23 25 42 63
94 98 23 25 63 84
94 98 25 27 0 21
94 98 25 27 21 42
94 98 25 27 42 63
94 98 25 27 63 84
94 98 27 29 0 21
94 98 27 29 21 42
94 98 27 29 42 63
94 98 27 29 63 84
94 98 29 30 0 21
94 98 29 30 21 42
94 98 29 30 42 63
94 98 29 30 63 84
94 98 30 32 0 21
94 98 30 32 21 42
94 98 30 32 42 63
94 98 30 32 63 84
94 98 32 34 0 21
94 98 32 34 21 42
94 98 32 34 42 63
94 98 32 34 63 84
94 98 34 36 0 21
94 98 34 36 21 42
94 98 34 36 42 63
94 98 34 36 63 84
94 98 36 38 0 21
94 98 36 38 21 42
94 98 36 38 42 63
94 98 36 38 63 84
94 98 38 40 0 21
94 98 38 40 21 42
94 98 38 40 42 63
94 98 38 40 63 84
94 98 40 42 0 21
94 98 40 42 21 42
94 98 40 42 42 63
94 98 40 42 63 84
94 98 42 44 0 21
94 98 42 44 21 42
94 98 42 44 42 63
94 98 42 44 63 84
94 98 44 45 0 21
94 98 44 45 21 42
94 98 44 45 42 63
94 98 44 45 63 84
94 98 45 47 0 21
94 98 45 47 21 42
94 98 45 47 42 63
94 98 45 47 63 84
94 98 47 49 0 21
94 98 47 49 21 42
94 98 47 49 42 63
94 98 47 49 63 84
94 98 49 51 0 21
94 98 49 51 21 42
94 98 49 51 42 63
94 98 49 51 63 84
94 98 51 53 0 21
94 98 51 53 21 42
94 98 51 53 42 63
94 98 51 53 63 84
94 98 53 55 0 21
94 98 53 55 21 42
94 98 53 55 42 63
94 98 53 55 63 84
94 98 55 57 0 21
94 98 55 57 21 42
94 98 55 57 42 63
94 98 55 57 63 84
94 98 57 59 0 21
94 98 57 59 21 42
94 98 57 59 42 63
94 98 57 59 63 84
94 98 59 61 0 21
94 98 59 61 21 42
94 98 59 61 42 63
94 98 59 61 63 84
98 102 0 2 0 21
98 102 0 2 21 42
98 102 0 2 42 63
98 102 0 2 63 84
98 102 2 4 0 21
98 102 2 4 21 42
98 102 2 4 42 63
98 102 2 4 63 84
98 102 4 6 0 21
98 102 4 6 21 42
98 102 4 6 42 63
98 102 4 6 63 84
98 102 6 8 0 21
98 102 6 8 21 42
98 102 6 8 42 63
98 102 6 8 63 84
98 102 8 10 0 21
98 102 8 10 21 42
98 102 8 10 42 63
98 102 8 10 63 84
98 102 10 12 0 21
98 102 10 12 21 42
98 102 10 12 42 63
98 102 10 12 63 84
98 102 12 14 0 21
98 102 12 14 21 42
98 102 12 14 42 63
98 102 12 14 63 84
98 102 14 15 0 21
98 102 14 15 21 42
98 102 14 15 42 63
98 102 14 15 63 84
98 102 15 17 0 21
98 102 15 17 21 42
98 102 15 17 42 63
98 102 15 17 63 84
98 102 17 19 0 21
98 102 17 19 21 42
98 102 17 19 42 63
98 102 17 19 63 84
98 102 19 21 0 21
98 102 19 21 21 42
98 102 19 21 42 63
98 102 19 21 63 84
98 102 21 23 0 21
98 102 21 23 21 42
98 102 21 23 42 63
98 102 21 23 63 84
98 102 23 25 0 21
98 102 23 25 21 42
98 102 23 25 42 63
98 102 23 25 63 84
98 102 25 27 0 21
98 102 25 27 21 42
98 102 25 27 42 63
98 102 25 27 63 84
98 102 27 29 0 21
98 102 27 29 21 42
98 102 27 29 42 63
98 102 27 29 63 84
98 102 29 30 0 21
98 102 29 30 21 42
98 102 29 30 42 63
98 102 29 30 63 84
98 102 30 32 0 21
98 102 30 32 21 42
98 102 30 32 42 63
98 102 30 32 63 84
98 102 32 34 0 21
98 102 32 34 21 42
98 102 32 34 42 63
98 102 32 34 63 84
98 102 34 36 0 21
98 102 34 36 21 42
98 102 34 36 42 63
98 102 34 36 63 84
98 102 36 38 0 21
98 102 36 38 21 42
98 102 36 38 42 63
98 102 36 38 63 84
98 102 38 40 0 21
98 102 38 40 21 42
98 102 38 40 42 63
98 102 38 40 63 84
98 102 40 42 0 21
98 102 40 42 21 42
98 102 40 42 42 63
98 102 40 42 63 84
98 102 42 44 0 21
98 102 42 44 21 42
98 102 42 44 42 63
98 102 42 44 63 84
98 102 44 45 0 21
98 102 44 45 21 42
98 102 44 45 42 63
98 102 44 45 63 84
98 102 45 47 0 21
98 102 45 47 21 42
98 102 45 47 42 63
98 102 45 47 63 84
98 102 47 49 0 21
98 102 47 49 21 42
98 102 47 49 42 63
98 102 47 49 63 84
98 102 49 51 0 21
98 102 49 51 21 42
98 102 49 51 42 63
98 102 49 51 63 84
98 102 51 53 0 21
98 102 51 53 21 42
98 102 51 53 42 63
98 102 51 53 63 84
98 102 53 55 0 21
98 102 53 55 21 42
98 102 53 55 42 63
98 102 53 55 63 84
98 102 55 57 0 21
98 102 55 57 21 42
98 102 55 57 42 63
98 102 55 57 63 84
98 102 57 59 0 21
98 102 57 59 21 42
98 102 57 59 42 63
98 102 57 59 63 84
98 102 59 61 0 21
98 102 59 61 21 42
98 102 59 61 42 63
98 102 59 61 63 84
102 106 0 2 0 21
102 106 0 2 21 42
102 106 0 2 42 63
102 106 0 2 63 84
102 106 2 4 0 21
102 106 2 4 21 42
102 106 2 4 42 63
102 106 2 4 63 84
102 106 4 6 0 21
102 106 4 6 21 42
102 106 4 6 42 63
102 106 4 6 63 84
102 106 6 8 0 21
102 106 6 8 21 42
102 106 6 8 42 63
102 106 6 8 63 84
102 106 8 10 0 21
102 106 8 10 21 42
102 106 8 10 42 63
102 106 8 10 63 84
102 106 10 12 0 21
102 106 10 12 21 42
102 106 10 12 42 63
102 106 10 12 63 84
102 106 12 14 0 21
102 106 12 14 21 42
102 106 12 14 42 63
102 106 12 14 63 84
102 106 14 15 0 21
102 106 14 15 21 42
102 106 14 15 42 63
102 106 14 15 63 84
102 106 15 17 0 21
102 106 15 17 21 42
102 106 15 17 42 63
102 106 15 17 63 84
102 106 17 19 0 21
102 106 17 19 21 42
102 106 17 19 42 63
102 106 17 19 63 84
102 106 19 21 0 21
102 106 19 21 21 42
102 106 19 21 42 63
102 106 19 21 63 84
102 106 21 23 0 21
102 106 21 23 21 42
102 106 21 23 42 63
102 106 21 23 63 84
102 106 23 25 0 21
102 106 23 25 21 42
102 106 23 25 42 63
102 106 23 25 63 84
102 106 25 27 0 21
102 106 25 27 21 42
102 106 25 27 42 63
102 106 25 27 63 84
102 106 27 29 0 21
102 106 27 29 21 42
102 106 27 29 42 63
102 106 27 29 63 84
102 106 29 30 0 21
102 106 29 30 21 42
102 106 29 30 42 63
102 106 29 30 63 84
102 106 30 32 0 21
102 106 30 32 21 42
102 106 30 32 42 63
102 106 30 32 63 84
102 106 32 34 0 21
102 106 32 34 21 42
102 106 32 34 42 63
102 106 32 34 63 84
102 106 34 36 0 21
102 106 34 36 21 42
102 106 34 36 42 63
102 106 34 36 63 84
102 106 36 38 0 21
102 106 36 38 21 42
102 106 36 38 42 63
102 106 36 38 63 84
102 106 38 40 0 21
102 106 38 40 21 42
102 106 38 40 42 63
102 106 38 40 63 84
102 106 40 42 0 21
102 106 40 42 21 42
102 106 40 42 42 63
102 106 40 42 63 84
102 106 42 44 0 21
102 106 42 44 21 42
102 106 42 44 42 63
102 106 42 44 63 84
102 106 44 45 0 21
102 106 44 45 21 42
102 106 44 45 42 63
102 106 44 45 63 84
102 106 45 47 0 21
102 106 45 47 21 42
102 106 45 47 42 63
102 106 45 47 63 84
102 106 47 49 0 21
102 106 47 49 21 42
102 106 47 49 42 63
102 106 47 49 63 84
102 106 49 51 0 21
102 106 49 51 21 42
102 106 49 51 42 63
102 106 49 51 63 84
102 106 51 53 0 21
102 106 51 53 21 42
102 106 51 53 42 63
102 106 51 53 63 84
102 106 53 55 0 21
102 106 53 55 21 42
102 106 53 55 42 63
102 106 53 55 63 84
102 106 55 57 0 21
102 106 55 57 21 42
102 106 55 57 42 63
102 106 55 57 63 84
102 106 57 59 0 21
102 106 57 59 21 42
102 106 57 59 42 63
102 106 57 59 63 84
102 106 59 61 0 21
102 106 59 61 21 42
102 106 59 61 42 63
102 106 59 61 63 84
106 110 0 2 0 21
106 110 0 2 21 42
106 110 0 2 42 63
106 110 0 2 63 84
106 110 2 4 0 21
106 110 2 4 21 42
106 110 2 4 42 63
106 110 2 4 63 84
106 110 4 6 0 21
106 110 4 6 21 42
106 110 4 6 42 63
106 110 4 6 63 84
106 110 6 8 0 21
106 110 6 8 21 42
106 110 6 8 42 63
106 110 6 8 63 84
106 110 8 10 0 21
106 110 8 10 21 42
106 110 8 10 42 63
106 110 8 10 63 84
106 110 10 12 0 21
106 110 10 12 21 42
106 110 10 12 42 63
106 110 10 12 63 84
106 110 12 14 0 21
106 110 12 14 21 42
106 110 12 14 42 63
106 110 12 14 63 84
106 110 14 15 0 21
106 110 14 15 21 42
106 110 14 15 42 63
106 110 14 15 63 84
106 110 15 17 0 21
106 110 15 17 21 42
106 110 15 17 42 63
106 110 15 17 63 84
106 110 17 19 0 21
106 110 17 19 21 42
106 110 17 19 42 63
106 110 17 19 63 84
106 110 19 21 0 21
106 110 19 21 21 42
106 110 19 21 42 63
106 110 19 21 63 84
106 110 21 23 0 21
106 110 21 23 21 42
106 110 21 23 42 63
106 110 21 23 63 84
106 110 23 25 0 21
106 110 23 25 21 42
106 110 23 25 42 63
106 110 23 25 63 84
106 110 25 27 0 21
106 110 25 27 21 42
106 110 25 27 42 63
106 110 25 27 63 84
106 110 27 29 0 21
106 110 27 29 21 42
106 110 27 29 42 63
106 110 27 29 63 84
106 110 29 30 0 21
106 110 29 30 21 42
106 110 29 30 42 63
106 110 29 30 63 84
106 110 30 32 0 21
106 110 30 32 21 42
106 110 30 32 42 63
106 110 30 32 63 84
106 110 32 34 0 21
106 110 32 34 21 42
106 110 32 34 42 63
106 110 32 34 63 84
106 110 34 36 0 21
106 110 34 36 21 42
106 110 34 36 42 63
106 110 34 36 63 84
106 110 36 38 0 21
106 110 36 38 21 42
106 110 36 38 42 63
106 110 36 38 63 84
106 110 38 40 0 21
106 110 38 40 21 42
106 110 38 40 42 63
106 110 38 40 63 84
106 110 40 42 0 21
106 110 40 42 21 42
106 110 40 42 42 63
106 110 40 42 63 84
106 110 42 44 0 21
106 110 42 44 21 42
106 110 42 44 42 63
106 110 42 44 63 84
106 110 44 45 0 21
106 110 44 45 21 42
106 110 44 45 42 63
106 110 44 45 63 84
106 110 45 47 0 21
106 110 45 47 21 42
106 110 45 47 42 63
106 110 45 47 63 84
106 110 47 49 0 21
106 110 47 49 21 42
106 110 47 49 42 63
106 110 47 49 63 84
106 110 49 51 0 21
106 110 49 51 21 42
106 110 49 51 42 63
106 110 49 51 63 84
106 110 51 53 0 21
106 110 51 53 21 42
106 110 51 53 42 63
106 110 51 53 63 84
106 110 53 55 0 21
106 110 53 55 21 42
106 110 53 55 42 63
106 110 53 55 63 84
106 110 55 57 0 21
106 110 55 57 21 42
106 110 55 57 42 63
106 110 55 57 63 84
106 110 57 59 0 21
106 110 57 59 21 42
106 110 57 59 42 63
106 110 57 59 63 84
106 110 59 61 0 21
106 110 59 61 21 42
106 110 59 61 42 63
106 110 59 61 63 84
110 114 0 2 0 21
110 114 0 2 21 42
110 114 0 2 42 63
110 114 0 2 63 84
110 114 2 4 0 21
110 114 2 4 21 42
110 114 2 4 42 63
110 114 2 4 63 84
110 114 4 6 0 21
110 114 4 6 21 42
110 114 4 6 42 63
110 114 4 6 63 84
110 114 6 8 0 21
110 114 6 8 21 42
110 114 6 8 42 63
110 114 6 8 63 84
110 114 8 10 0 21
110 114 8 10 21 42
110 114 8 10 42 63
110 114 8 10 63 84
110 114 10 12 0 21
110 114 10 12 21 42
110 114 10 12 42 63
110 114 10 12 63 84
110 114 12 14 0 21
110 114 12 14 21 42
110 114 12 14 42 63
110 114 12 14 63 84
110 114 14 15 0 21
110 114 14 15 21 42
110 114 14 15 42 63
110 114 14 15 63 84
110 114 15 17 0 21
110 114 15 17 21 42
110 114 15 17 42 63
110 114 15 17 63 84
110 114 17 19 0 21
110 114 17 19 21 42
110 114 17 19 42 63
110 114 17 19 63 84
110 114 19 21 0 21
110 114 19 21 21 42
110 114 19 21 42 63
110 114 19 21 63 84
110 114 21 23 0 21
110 114 21 23 21 42
110 114 21 23 42 63
110 114 21 23 63 84
110 114 23 25 0 21
110 114 23 25 21 42
110 114 23 25 42 63
110 114 23 25 63 84
110 114 25 27 0 21
110 114 25 27 21 42
110 114 25 27 42 63
110 114 25 27 63 84
110 114 27 29 0 21
110 114 27 29 21 42
110 114 27 29 42 63
110 114 27 29 63 84
110 114 29 30 0 21
110 114 29 30 21 42
110 114 29 30 42 63
110 114 29 30 63 84
110 114 30 32 0 21
110 114 30 32 21 42
110 114 30 32 42 63
110 114 30 32 63 84
110 114 32 34 0 21
110 114 32 34 21 42
110 114 32 34 42 63
110 114 32 34 63 84
110 114 34 36 0 21
110 114 34 36 21 42
110 114 34 36 42 63
110 114 34 36 63 84
110 114 36 38 0 21
110 114 36 38 21 42
110 114 36 38 42 63
110 114 36 38 63 84
110 114 38 40 0 21
110 114 38 40 21 42
110 114 38 40 42 63
110 114 38 40 63 84
110 114 40 42 0 21
110 114 40 42 21 42
110 114 40 42 42 63
110 114 40 42 63 84
110 114 42 44 0 21
110 114 42 44 21 42
110 114 42 44 42 63
110 114 42 44 63 84
110 114 44 45 0 21
110 114 44 45 21 42
110 114 44 45 42 63
110 114 44 45 63 84
110 114 45 47 0 21
110 114 45 47 21 42
110 114 45 47 42 63
110 114 45 47 63 84
110 114 47 49 0 21
110 114 47 49 21 42
110 114 47 49 42 63
110 114 47 49 63 84
110 114 49 51 0 21
110 114 49 51 21 42
110 114 49 51 42 63
110 114 49 51 63 84
110 114 51 53 0 21
110 114 51 53 21 42
110 114 51 53 42 63
110 114 51 53 63 84
110 114 53 55 0 21
110 114 53 55 21 42
110 114 53 55 42 63
110 114 53 55 63 84
110 114 55 57 0 21
110 114 55 57 21 42
110 114 55 57 42 63
110 114 55 57 63 84
110 114 57 59 0 21
110 114 57 59 21 42
110 114 57 59 42 63
110 114 57 59 63 84
110 114 59 61 0 21
110 114 59 61 21 42
110 114 59 61 42 63
110 114 59 61 63 84
114 118 0 2 0 21
114 118 0 2 21 42
114 118 0 2 42 63
114 118 0 2 63 84
114 118 2 4 0 21
114 118 2 4 21 42
114 118 2 4 42 63
114 118 2 4 63 84
114 118 4 6 0 21
114 118 4 6 21 42
114 118 4 6 42 63
114 118 4 6 63 84
114 118 6 8 0 21
114 118 6 8 21 42
114 118 6 8 42 63
114 118 6 8 63 84
114 118 8 10 0 21
114 118 8 10 21 42
114 118 8 10 42 63
114 118 8 10 63 84
114 118 10 12 0 21
114 118 10 12 21 42
114 118 10 12 42 63
114 118 10 12 63 84
114 118 12 14 0 21
114 118 12 14 21 42
114 118 12 14 42 63
114 118 12 14 63 84
114 118 14 15 0 21
114 118 14 15 21 42
114 118 14 15 42 63
114 118 14 15 63 84
114 118 15 17 0 21
114 118 15 17 21 42
114 118 15 17 42 63
114 118 15 17 63 84
114 118 17 19 0 21
114 118 17 19 21 42
114 118 17 19 42 63
114 118 17 19 63 84
114 118 19 21 0 21
114 118 19 21 21 42
114 118 19 21 42 63
114 118 19 21 63 84
114 118 21 23 0 21
114 118 21 23 21 42
114 118 21 23 42 63
114 118 21 23 63 84
114 118 23 25 0 21
114 118 23 25 21 42
114 118 23 25 42 63
114 118 23 25 63 84
114 118 25 27 0 21
114 118 25 27 21 42
114 118 25 27 42 63
114 118 25 27 63 84
114 118 27 29 0 21
114 118 27 29 21 42
114 118 27 29 42 63
114 118 27 29 63 84
114 118 29 30 0 21
114 118 29 30 21 42
114 118 29 30 42 63
114 118 29 30 63 84
114 118 30 32 0 21
114 118 30 32 21 42
114 118 30 32 42 63
114 118 30 32 63 84
114 118 32 34 0 21
114 118 32 34 21 42
114 118 32 34 42 63
114 118 32 34 63 84
114 118 34 36 0 21
114 118 34 36 21 42
114 118 34 36 42 63
114 118 34 36 63 84
114 118 36 38 0 21
114 118 36 38 21 42
114 118 36 38 42 63
114 118 36 38 63 84
114 118 38 40 0 21
114 118 38 40 21 42
114 118 38 40 42 63
114 118 38 40 63 84
114 118 40 42 0 21
114 118 40 42 21 42
114 118 40 42 42 63
114 118 40 42 63 84
114 118 42 44 0 21
114 118 42 44 21 42
114 118 42 44 42 63
114 118 42 44 63 84
114 118 44 45 0 21
114 118 44 45 21 42
114 118 44 45 42 63
114 118 44 45 63 84
114 118 45 47 0 21
114 118 45 47 21 42
114 118 45 47 42 63
114 118 45 47 63 84
114 118 47 49 0 21
114 118 47 49 21 42
114 118 47 49 42 63
114 118 47 49 63 84
114 118 49 51 0 21
114 118 49 51 21 42
114 118 49 51 42 63
114 118 49 51 63 84
114 118 51 53 0 21
114 118 51 53 21 42
114 118 51 53 42 63
114 118 51 53 63 84
114 118 53 55 0 21
114 118 53 55 21 42
114 118 53 55 42 63
114 118 53 55 63 84
114 118 55 57 0 21
114 118 55 57 21 42
114 118 55 57 42 63
114 118 55 57 63 84
114 118 57 59 0 21
114 118 57 59 21 42
114 118 57 59 42 63
114 118 57 59 63 84
114 118 59 61 0 21
114 118 59 61 21 42
114 118 59 61 42 63
114 118 59 61 63 84
118 122 0 2 0 21
118 122 0 2 21 42
118 122 0 2 42 63
118 122 0 2 63 84
118 122 2 4 0 21
118 122 2 4 21 42
118 122 2 4 42 63
118 122 2 4 63 84
118 122 4 6 0 21
118 122 4 6 21 42
118 122 4 6 42 63
118 122 4 6 63 84
118 122 6 8 0 21
118 122 6 8 21 42
118 122 6 8 42 63
118 122 6 8 63 84
118 122 8 10 0 21
118 122 8 10 21 42
118 122 8 10 42 63
118 122 8 10 63 84
118 122 10 12 0 21
118 122 10 12 21 42
118 122 10 12 42 63
118 122 10 12 63 84
118 122 12 14 0 21
118 122 12 14 21 42
118 122 12 14 42 63
118 122 12 14 63 84
118 122 14 15 0 21
118 122 14 15 21 42
118 122 14 15 42 63
118 122 14 15 63 84
118 122 15 17 0 21
118 122 15 17 21 42
118 122 15 17 42 63
118 122 15 17 63 84
118 122 17 19 0 21
118 122 17 19 21 42
118 122 17 19 42 63
118 122 17 19 63 84
118 122 19 21 0 21
118 122 19 21 21 42
118 122 19 21 42 63
118 122 19 21 63 84
118 122 21 23 0 21
118 122 21 23 21 42
118 122 21 23 42 63
118 122 21 23 63 84
118 122 23 25 0 21
118 122 23 25 21 42
118 122 23 25 42 63
118 122 23 25 63 84
118 122 25 27 0 21
118 122 25 27 21 42
118 122 25 27 42 63
118 122 25 27 63 84
118 122 27 29 0 21
118 122 27 29 21 42
118 122 27 29 42 63
118 122 27 29 63 84
118 122 29 30 0 21
118 122 29 30 21 42
118 122 29 30 42 63
118 122 29 30 63 84
118 122 30 32 0 21
118 122 30 32 21 42
118 122 30 32 42 63
118 122 30 32 63 84
118 122 32 34 0 21
118 122 32 34 21 42
118 122 32 34 42 63
118 122 32 34 63 84
118 122 34 36 0 21
118 122 34 36 21 42
118 122 34 36 42 63
118 122 34 36 63 84
118 122 36 38 0 21
118 122 36 38 21 42
118 122 36 38 42 63
118 122 36 38 63 84
118 122 38 40 0 21
118 122 38 40 21 42
118 122 38 40 42 63
118 122 38 40 63 84
118 122 40 42 0 21
118 122 40 42 21 42
118 122 40 42 42 63
118 122 40 42 63 84
118 122 42 44 0 21
118 122 42 44 21 42
118 122 42 44 42 63
118 122 42 44 63 84
118 122 44 45 0 21
118 122 44 45 21 42
118 122 44 45 42 63
118 122 44 45 63 84
118 122 45 47 0 21
118 122 45 47 21 42
118 122 45 47 42 63
118 122 45 47 63 84
118 122 47 49 0 21
118 122 47 49 21 42
118 122 47 49 42 63
118 122 47 49 63 84
118 122 49 51 0 21
118 122 49 51 21 42
118 122 49 51 42 63
118 122 49 51 63 84
118 122 51 53 0 21
118 122 51 53 21 42
118 122 51 53 42 63
118 122 51 53 63 84
118 122 53 55 0 21
118 122 53 55 21 42
118 122 53 55 42 63
118 122 53 55 63 84
118 122 55 57 0 21
118 122 55 57 21 42
118 122 55 57 42 63
118 122 55 57 63 84
118 122 57 59 0 21
118 122 57 59 21 42
118 122 57 59 42 63
118 122 57 59 63 84
118 122 59 61 0 21
118 122 59 61 21 42
118 122 59 61 42 63
118 122 59 61 63 84
122 126 0 2 0 21
122 126 0 2 21 42
122 126 0 2 42 63
122 126 0 2 63 84
122 126 2 4 0 21
122 126 2 4 21 42
122 126 2 4 42 63
122 126 2 4 63 84
122 126 4 6 0 21
122 126 4 6 21 42
122 126 4 6 42 63
122 126 4 6 63 84
122 126 6 8 0 21
122 126 6 8 21 42
122 126 6 8 42 63
122 126 6 8 63 84
122 126 8 10 0 21
122 126 8 10 21 42
122 126 8 10 42 63
122 126 8 10 63 84
122 126 10 12 0 21
122 126 10 12 21 42
122 126 10 12 42 63
122 126 10 12 63 84
122 126 12 14 0 21
122 126 12 14 21 42
122 126 12 14 42 63
122 126 12 14 63 84
122 126 14 15 0 21
122 126 14 15 21 42
122 126 14 15 42 63
122 126 14 15 63 84
122 126 15 17 0 21
122 126 15 17 21 42
122 126 15 17 42 63
122 126 15 17 63 84
122 126 17 19 0 21
122 126 17 19 21 42
122 126 17 19 42 63
122 126 17 19 63 84
122 126 19 21 0 21
122 126 19 21 21 42
122 126 19 21 42 63
122 126 19 21 63 84
122 126 21 23 0 21
122 126 21 23 21 42
122 126 21 23 42 63
122 126 21 23 63 84
122 126 23 25 0 21
122 126 23 25 21 42
122 126 23 25 42 63
122 126 23 25 63 84
122 126 25 27 0 21
122 126 25 27 21 42
122 126 25 27 42 63
122 126 25 27 63 84
122 126 27 29 0 21
122 126 27 29 21 42
122 126 27 29 42 63
122 126 27 29 63 84
122 126 29 30 0 21
122 126 29 30 21 42
122 126 29 30 42 63
122 126 29 30 63 84
122 126 30 32 0 21
122 126 30 32 21 42
122 126 30 32 42 63
122 126 30 32 63 84
122 126 32 34 0 21
122 126 32 34 21 42
122 126 32 34 42 63
122 126 32 34 63 84
122 126 34 36 0 21
122 126 34 36 21 42
122 126 34 36 42 63
122 126 34 36 63 84
122 126 36 38 0 21
122 126 36 38 21 42
122 126 36 38 42 63
122 126 36 38 63 84
122 126 38 40 0 21
122 126 38 40 21 42
122 126 38 40 42 63
122 126 38 40 63 84
122 126 40 42 0 21
122 126 40 42 21 42
122 126 40 42 42 63
122 126 40 42 63 84
122 126 42 44 0 21
122 126 42 44 21 42
122 126 42 44 42 63
122 126 42 44 63 84
122 126 44 45 0 21
122 126 44 45 21 42
122 126 44 45 42 63
122 126 44 45 63 84
122 126 45 47 0 21
122 126 45 47 21 42
122 126 45 47 42 63
122 126 45 47 63 84
122 126 47 49 0 21
122 126 47 49 21 42
122 126 47 49 42 63
122 126 47 49 63 84
122 126 49 51 0 21
122 126 49 51 21 42
122 126 49 51 42 63
122 126 49 51 63 84
122 126 51 53 0 21
122 126 51 53 21 42
122 126 51 53 42 63
122 126 51 53 63 84
122 126 53 55 0 21
122 126 53 55 21 42
122 126 53 55 42 63
122 126 53 55 63 84
122 126 55 57 0 21
122 126 55 57 21 42
122 126 55 57 42 63
122 126 55 57 63 84
122 126 57 59 0 21
122 126 57 59 21 42
122 126 57 59 42 63
122 126 57 59 63 84
122 126 59 61 0 21
122 126 59 61 21 42
122 126 59 61 42 63
122 126 59 61 63 84
126 131 0 2 0 21
126 131 0 2 21 42
126 131 0 2 42 63
126 131 0 2 63 84
126 131 2 4 0 21
126 131 2 4 21 42
126 131 2 4 42 63
126 131 2 4 63 84
126 131 4 6 0 21
126 131 4 6 21 42
126 131 4 6 42 63
126 131 4 6 63 84
126 131 6 8 0 21
126 131 6 8 21 42
126 131 6 8 42 63
126 131 6 8 63 84
126 131 8 10 0 21
126 131 8 10 21 42
126 131 8 10 42 63
126 131 8 10 63 84
126 131 10 12 0 21
126 131 10 12 21 42
126 131 10 12 42 63
126 131 10 12 63 84
126 131 12 14 0 21
126 131 12 14 21 42
126 131 12 14 42 63
126 131 12 14 63 84
126 131 14 15 0 21
126 131 14 15 21 42
126 131 14 15 42 63
126 131 14 15 63 84
126 131 15 17 0 21
126 131 15 17 21 42
126 131 15 17 42 63
126 131 15 17 63 84
126 131 17 19 0 21
126 131 17 19 21 42
126 131 17 19 42 63
126 131 17 19 63 84
126 131 19 21 0 21
126 131 19 21 21 42
126 131 19 21 42 63
126 131 19 21 63 84
126 131 21 23 0 21
126 131 21 23 21 42
126 131 21 23 42 63
126 131 21 23 63 84
126 131 23 25 0 21
126 131 23 25 21 42
126 131 23 25 42 63
126 131 23 25 63 84
126 131 25 27 0 21
126 131 25 27 21 42
126 131 25 27 42 63
126 131 25 27 63 84
126 131 27 29 0 21
126 131 27 29 21 42
126 131 27 29 42 63
126 131 27 29 63 84
126 131 29 30 0 21
126 131 29 30 21 42
126 131 29 30 42 63
126 131 29 30 63 84
126 131 30 32 0 21
126 131 30 32 21 42
126 131 30 32 42 63
126 131 30 32 63 84
126 131 32 34 0 21
126 131 32 34 21 42
126 131 32 34 42 63
126 131 32 34 63 84
126 131 34 36 0 21
126 131 34 36 21 42
126 131 34 36 42 63
126 131 34 36 63 84
126 131 36 38 0 21
126 131 36 38 21 42
126 131 36 38 42 63
126 131 36 38 63 84
126 131 38 40 0 21
126 131 38 40 21 42
126 131 38 40 42 63
126 131 38 40 63 84
126 131 40 42 0 21
126 131 40 42 21 42
126 131 40 42 42 63
126 131 40 42 63 84
126 131 42 44 0 21
126 131 42 44 21 42
126 131 42 44 42 63
126 131 42 44 63 84
126 131 44 45 0 21
126 131 44 45 21 42
126 131 44 45 42 63
126 131 44 45 63 84
126 131 45 47 0 21
126 131 45 47 21 42
126 131 45 47 42 63
126 131 45 47 63 84
126 131 47 49 0 21
126 131 47 49 21 42
126 131 47 49 42 63
126 131 47 49 63 84
126 131 49 51 0 21
126 131 49 51 21 42
126 131 49 51 42 63
126 131 49 51 63 84
126 131 51 53 0 21
126 131 51 53 21 42
126 131 51 53 42 63
126 131 51 53 63 84
126 131 53 55 0 21
126 131 53 55 21 42
126 131 53 55 42 63
126 131 53 55 63 84
126 131 55 57 0 21
126 131 55 57 21 42
126 131 55 57 42 63
126 131 55 57 63 84
126 131 57 59 0 21
126 131 57 59 21 42
126 131 57 59 42 63
126 131 57 59 63 84
126 131 59 61 0 21
126 131 59 61 21 42
126 131 59 61 42 63
126 131 59 61 63 84
voxsize: 131x61x84 size:2.56059265MB
voxBW: 2 3
Decomp size:4096
Initialization time: 0.003732
compute: 1.135248 seconds
evaluations: 101443144
time: 1.184879 seconds
