hostname : cph-c54.uncc.edu
bounding: [-130;-65]x[20;50]x[5875;5958]
read 588189 observations
res: 0.1 0.1 1 bw: 5 5 14
448 512 128 192 0 64
512 576 192 256 0 64
448 651 64 128 0 84
256 320 64 301 0 84
384 448 192 301 0 84
448 512 192 301 0 64
384 448 128 192 0 84
512 576 128 192 0 64
128 192 128 301 0 84
64 128 128 192 0 84
320 384 64 128 0 84
64 651 0 64 0 84
320 384 128 192 0 84
448 512 128 301 64 84
384 448 64 128 0 84
64 128 192 301 0 84
192 256 64 301 0 84
320 384 192 301 0 84
576 640 192 256 0 64
0 64 0 301 0 84
128 192 64 128 0 84
512 576 192 256 64 84
64 128 64 128 0 84
512 576 128 192 64 84
576 651 128 192 0 84
576 640 192 256 64 84
512 576 256 301 0 84
576 640 256 301 0 84
640 651 192 256 0 64
640 651 256 301 0 64
640 651 192 256 64 84
640 651 256 301 64 84
voxsize: 651x301x84 size:62.7894745MB
voxBW: 50 14
Decomp size:32
Initialization time: 0.010862
compute: 32.390177 seconds
evaluations: 163279561815
time: 32.415255 seconds
