hostname : cph-gpu2.uncc.edu
bounding: [-130;-65]x[20;50]x[5875;5958]
read 588189 observations
res: 0.1 0.1 1 bw: 2.5 2.5 7
0 162 75 150 42 63
162 325 75 150 42 63
488 569 187 225 42 52
488 569 187 225 52 63
162 325 75 150 21 42
488 651 150 225 0 21
325 488 225 301 42 63
488 569 187 225 31 42
325 488 150 225 0 21
325 488 75 150 0 21
488 569 187 225 63 73
0 162 150 225 21 42
0 162 150 225 63 84
406 488 187 225 52 63
162 325 150 225 42 63
406 488 187 225 42 52
488 651 225 301 42 63
325 488 225 301 21 42
488 651 75 150 42 63
0 162 225 301 42 63
488 569 150 187 52 63
488 569 150 187 42 52
406 488 187 225 31 42
0 162 75 150 21 42
406 488 112 150 42 52
488 569 187 225 73 84
0 162 75 150 63 84
325 488 225 301 63 84
406 488 112 150 52 63
81 162 150 187 52 63
488 569 187 225 21 31
406 488 150 187 42 52
406 488 150 187 52 63
325 406 75 112 42 52
488 569 150 187 31 42
81 162 150 187 42 52
406 488 187 225 63 73
325 406 112 150 42 52
162 325 150 225 21 42
488 651 225 301 21 42
0 162 225 301 63 84
325 406 112 150 31 42
325 406 75 112 31 42
325 488 0 75 42 63
406 488 112 150 31 42
406 488 150 187 31 42
488 651 225 301 63 84
488 651 75 150 21 42
406 488 75 112 42 52
488 569 150 187 63 73
406 488 187 225 21 31
0 162 150 225 0 21
406 488 75 112 52 63
162 325 75 150 63 84
406 488 150 187 63 73
325 406 75 112 52 63
406 488 112 150 63 73
488 651 0 75 42 63
0 162 225 301 21 42
406 488 75 112 31 42
325 406 112 150 52 63
569 651 187 225 42 52
406 488 187 225 73 84
162 325 75 150 0 21
569 651 187 225 52 63
488 569 150 187 21 31
325 488 0 75 21 42
162 325 150 225 63 84
325 488 225 301 0 21
488 569 150 187 73 84
325 406 150 187 42 52
488 651 75 150 63 84
0 162 75 150 0 21
569 651 187 225 31 42
325 406 187 225 42 52
406 488 150 187 21 31
569 651 187 225 63 73
406 488 112 150 21 31
325 406 112 150 21 31
406 488 150 187 73 84
325 406 150 187 31 42
488 651 0 75 21 42
325 406 187 225 31 42
325 406 75 112 21 31
325 406 187 225 52 63
488 651 225 301 0 21
325 406 75 112 63 73
325 406 150 187 52 63
406 488 75 112 63 73
569 651 187 225 73 84
325 406 112 150 63 73
406 488 112 150 73 84
162 325 150 225 0 21
406 488 75 112 21 31
0 81 150 187 52 63
569 651 187 225 21 31
325 406 75 112 73 84
0 162 225 301 0 21
325 406 112 150 73 84
325 488 0 75 63 84
81 162 187 225 52 63
325 406 187 225 63 73
488 651 75 150 0 21
0 81 150 187 42 52
325 406 187 225 21 31
81 162 187 225 42 52
325 406 150 187 21 31
325 406 150 187 63 73
488 651 0 75 63 84
406 488 75 112 73 84
162 325 0 75 42 63
325 406 187 225 73 84
0 81 187 225 52 63
162 325 225 301 42 63
325 488 0 75 0 21
0 81 187 225 42 52
162 325 0 75 21 42
325 406 150 187 73 84
162 325 225 301 21 42
488 651 0 75 0 21
162 325 225 301 63 84
569 651 150 187 52 63
569 651 150 187 42 52
569 651 150 187 31 42
162 325 225 301 0 21
569 651 150 187 63 73
162 325 0 75 0 21
569 651 150 187 73 84
162 325 0 75 63 84
569 651 150 187 21 31
0 162 0 75 63 84
0 162 0 75 42 63
0 162 0 75 0 21
0 162 0 75 21 42
voxsize: 651x301x84 size:62.7894745MB
voxBW: 25 7
Decomp size:134
Initialization time: 0.013023
compute: 4.564012 seconds
evaluations: 22258534021
time: 4.590472 seconds
