hostname : cph-gpu4.uncc.edu
bounding: [-130;-65]x[20;50]x[5875;5958]
read 588189 observations
res: 0.01 0.01 1 bw: 0.5 0.5 3
1024 1280 1280 1536 0 84
2560 4096 0 1024 0 84
2560 4096 1792 3001 0 84
4096 4608 2048 3001 0 84
2560 4096 1280 1792 0 84
4864 5376 1792 2048 0 84
4096 4608 0 1536 0 84
4608 4864 0 1536 0 84
4608 4864 1536 3001 0 84
5376 5632 2048 3001 0 84
4096 4608 1536 2048 0 84
4864 5376 1280 1792 0 84
2560 4096 1024 1280 0 84
5376 5632 0 2048 0 84
5632 6501 2048 2304 0 84
1280 2560 0 1536 0 84
0 1024 0 2048 0 84
1280 2560 1536 3001 0 84
4864 5376 0 1280 0 84
0 1024 2048 3001 0 84
4864 5376 2048 3001 0 84
1024 1280 1536 3001 0 84
5632 6501 2304 3001 0 84
5632 6501 0 2048 0 84
1024 1280 0 1280 0 84
voxsize: 6501x3001x84 size:6251.51857MB
voxBW: 50 3
Decomp size:25
Initialization time: 0.738638
compute: 10.774818 seconds
evaluations: 41392685368
time: 11.522364 seconds
