hostname : cph-gpu2.uncc.edu
bounding: [-130;-65]x[20;50]x[5875;5958]
read 588189 observations
res: 0.1 0.1 1 bw: 2.5 2.5 7
512 576 192 256 0 64
128 448 192 256 0 64
320 448 128 192 0 84
64 128 128 256 0 84
320 448 0 128 0 64
448 512 128 192 0 84
448 651 0 128 0 64
128 320 128 192 0 84
128 576 192 256 64 84
512 576 128 192 0 84
64 320 0 128 0 84
448 512 192 256 0 64
576 651 128 301 0 84
320 651 0 128 64 84
64 576 256 301 0 84
0 64 0 301 0 84
voxsize: 651x301x84 size:62.7894745MB
voxBW: 25 7
Decomp size:16
Initialization time: 0.008929
compute: 5.682184 seconds
evaluations: 22258534021
time: 5.700849 seconds
