hostname : cph-c53.uncc.edu
bounding: [-130;-65]x[20;50]x[5875;5958]
read 588189 observations
res: 0.01 0.01 1 bw: 1 1 3
4875 6501 1500 2250 42 63
0 3250 1500 3001 42 84
0 3250 0 1500 42 84
3250 4875 750 1500 42 63
3250 4875 1500 2250 42 63
4875 6501 1500 2250 21 42
4875 6501 1500 2250 63 84
3250 4875 750 1500 21 42
0 3250 0 1500 0 42
3250 4875 1500 2250 21 42
0 3250 1500 3001 0 42
3250 4875 1500 2250 63 84
3250 4875 750 1500 63 84
4875 6501 1500 2250 0 21
3250 4875 1500 2250 0 21
3250 4875 750 1500 0 21
3250 4875 2250 3001 42 63
3250 4875 2250 3001 21 42
4875 6501 750 1500 42 63
3250 4875 2250 3001 63 84
4875 6501 0 750 42 63
4875 6501 2250 3001 42 63
4875 6501 750 1500 21 42
3250 4875 0 750 42 63
4875 6501 2250 3001 21 42
4875 6501 0 750 21 42
4875 6501 2250 3001 63 84
3250 4875 2250 3001 0 21
4875 6501 750 1500 63 84
3250 4875 0 750 21 42
4875 6501 0 750 63 84
4875 6501 2250 3001 0 21
4875 6501 750 1500 0 21
3250 4875 0 750 63 84
4875 6501 0 750 0 21
3250 4875 0 750 0 21
voxsize: 6501x3001x84 size:6251.51857MB
voxBW: 100 3
Decomp size:36
Initialization time: 0.811174
compute: 82.863079 seconds
evaluations: 163934121444
time: 83.689590 seconds
