hostname : cph-gpu1.uncc.edu
bounding: [-130;-65]x[20;50]x[5875;5958]
read 588189 observations
res: 0.5 0.5 1 bw: 1 1 3
0 33 0 15 0 6
0 33 0 15 6 11
0 33 0 15 11 16
0 33 0 15 16 21
0 33 0 15 21 26
0 33 0 15 26 32
0 33 0 15 32 37
0 33 0 15 37 42
0 33 0 15 42 47
0 33 0 15 47 52
0 33 0 15 52 58
0 33 0 15 58 63
0 33 0 15 63 68
0 33 0 15 68 73
0 33 0 15 73 78
0 33 0 15 78 84
0 33 15 30 0 6
0 33 15 30 6 11
0 33 15 30 11 16
0 33 15 30 16 21
0 33 15 30 21 26
0 33 15 30 26 32
0 33 15 30 32 37
0 33 15 30 37 42
0 33 15 30 42 47
0 33 15 30 47 52
0 33 15 30 52 58
0 33 15 30 58 63
0 33 15 30 63 68
0 33 15 30 68 73
0 33 15 30 73 78
0 33 15 30 78 84
0 33 30 45 0 6
0 33 30 45 6 11
0 33 30 45 11 16
0 33 30 45 16 21
0 33 30 45 21 26
0 33 30 45 26 32
0 33 30 45 32 37
0 33 30 45 37 42
0 33 30 45 42 47
0 33 30 45 47 52
0 33 30 45 52 58
0 33 30 45 58 63
0 33 30 45 63 68
0 33 30 45 68 73
0 33 30 45 73 78
0 33 30 45 78 84
0 33 45 61 0 6
0 33 45 61 6 11
0 33 45 61 11 16
0 33 45 61 16 21
0 33 45 61 21 26
0 33 45 61 26 32
0 33 45 61 32 37
0 33 45 61 37 42
0 33 45 61 42 47
0 33 45 61 47 52
0 33 45 61 52 58
0 33 45 61 58 63
0 33 45 61 63 68
0 33 45 61 68 73
0 33 45 61 73 78
0 33 45 61 78 84
33 65 0 15 0 6
33 65 0 15 6 11
33 65 0 15 11 16
33 65 0 15 16 21
33 65 0 15 21 26
33 65 0 15 26 32
33 65 0 15 32 37
33 65 0 15 37 42
33 65 0 15 42 47
33 65 0 15 47 52
33 65 0 15 52 58
33 65 0 15 58 63
33 65 0 15 63 68
33 65 0 15 68 73
33 65 0 15 73 78
33 65 0 15 78 84
33 65 15 30 0 6
33 65 15 30 6 11
33 65 15 30 11 16
33 65 15 30 16 21
33 65 15 30 21 26
33 65 15 30 26 32
33 65 15 30 32 37
33 65 15 30 37 42
33 65 15 30 42 47
33 65 15 30 47 52
33 65 15 30 52 58
33 65 15 30 58 63
33 65 15 30 63 68
33 65 15 30 68 73
33 65 15 30 73 78
33 65 15 30 78 84
33 65 30 45 0 6
33 65 30 45 6 11
33 65 30 45 11 16
33 65 30 45 16 21
33 65 30 45 21 26
33 65 30 45 26 32
33 65 30 45 32 37
33 65 30 45 37 42
33 65 30 45 42 47
33 65 30 45 47 52
33 65 30 45 52 58
33 65 30 45 58 63
33 65 30 45 63 68
33 65 30 45 68 73
33 65 30 45 73 78
33 65 30 45 78 84
33 65 45 61 0 6
33 65 45 61 6 11
33 65 45 61 11 16
33 65 45 61 16 21
33 65 45 61 21 26
33 65 45 61 26 32
33 65 45 61 32 37
33 65 45 61 37 42
33 65 45 61 42 47
33 65 45 61 47 52
33 65 45 61 52 58
33 65 45 61 58 63
33 65 45 61 63 68
33 65 45 61 68 73
33 65 45 61 73 78
33 65 45 61 78 84
65 98 0 15 0 6
65 98 0 15 6 11
65 98 0 15 11 16
65 98 0 15 16 21
65 98 0 15 21 26
65 98 0 15 26 32
65 98 0 15 32 37
65 98 0 15 37 42
65 98 0 15 42 47
65 98 0 15 47 52
65 98 0 15 52 58
65 98 0 15 58 63
65 98 0 15 63 68
65 98 0 15 68 73
65 98 0 15 73 78
65 98 0 15 78 84
65 98 15 30 0 6
65 98 15 30 6 11
65 98 15 30 11 16
65 98 15 30 16 21
65 98 15 30 21 26
65 98 15 30 26 32
65 98 15 30 32 37
65 98 15 30 37 42
65 98 15 30 42 47
65 98 15 30 47 52
65 98 15 30 52 58
65 98 15 30 58 63
65 98 15 30 63 68
65 98 15 30 68 73
65 98 15 30 73 78
65 98 15 30 78 84
65 98 30 45 0 6
65 98 30 45 6 11
65 98 30 45 11 16
65 98 30 45 16 21
65 98 30 45 21 26
65 98 30 45 26 32
65 98 30 45 32 37
65 98 30 45 37 42
65 98 30 45 42 47
65 98 30 45 47 52
65 98 30 45 52 58
65 98 30 45 58 63
65 98 30 45 63 68
65 98 30 45 68 73
65 98 30 45 73 78
65 98 30 45 78 84
65 98 45 61 0 6
65 98 45 61 6 11
65 98 45 61 11 16
65 98 45 61 16 21
65 98 45 61 21 26
65 98 45 61 26 32
65 98 45 61 32 37
65 98 45 61 37 42
65 98 45 61 42 47
65 98 45 61 47 52
65 98 45 61 52 58
65 98 45 61 58 63
65 98 45 61 63 68
65 98 45 61 68 73
65 98 45 61 73 78
65 98 45 61 78 84
98 131 0 15 0 6
98 131 0 15 6 11
98 131 0 15 11 16
98 131 0 15 16 21
98 131 0 15 21 26
98 131 0 15 26 32
98 131 0 15 32 37
98 131 0 15 37 42
98 131 0 15 42 47
98 131 0 15 47 52
98 131 0 15 52 58
98 131 0 15 58 63
98 131 0 15 63 68
98 131 0 15 68 73
98 131 0 15 73 78
98 131 0 15 78 84
98 131 15 30 0 6
98 131 15 30 6 11
98 131 15 30 11 16
98 131 15 30 16 21
98 131 15 30 21 26
98 131 15 30 26 32
98 131 15 30 32 37
98 131 15 30 37 42
98 131 15 30 42 47
98 131 15 30 47 52
98 131 15 30 52 58
98 131 15 30 58 63
98 131 15 30 63 68
98 131 15 30 68 73
98 131 15 30 73 78
98 131 15 30 78 84
98 131 30 45 0 6
98 131 30 45 6 11
98 131 30 45 11 16
98 131 30 45 16 21
98 131 30 45 21 26
98 131 30 45 26 32
98 131 30 45 32 37
98 131 30 45 37 42
98 131 30 45 42 47
98 131 30 45 47 52
98 131 30 45 52 58
98 131 30 45 58 63
98 131 30 45 63 68
98 131 30 45 68 73
98 131 30 45 73 78
98 131 30 45 78 84
98 131 45 61 0 6
98 131 45 61 6 11
98 131 45 61 11 16
98 131 45 61 16 21
98 131 45 61 21 26
98 131 45 61 26 32
98 131 45 61 32 37
98 131 45 61 37 42
98 131 45 61 42 47
98 131 45 61 47 52
98 131 45 61 52 58
98 131 45 61 58 63
98 131 45 61 63 68
98 131 45 61 68 73
98 131 45 61 73 78
98 131 45 61 78 84
voxsize: 131x61x84 size:2.56059265MB
voxBW: 2 3
Decomp size:256
Initialization time: 0.003903
compute: 0.116356 seconds
evaluations: 101443144
time: 0.123959 seconds
