hostname : cph-c53.uncc.edu
bounding: [-130;-65]x[20;50]x[5875;5958]
read 588189 observations
res: 0.1 0.1 1 bw: 1 1 3
488 569 112 150 63 73
548 569 196 206 75 78
548 569 206 215 44 47
243 325 187 225 52 63
243 325 112 150 52 63
406 488 75 112 73 84
488 528 187 206 57 63
548 569 206 215 36 39
406 447 206 225 73 78
488 569 225 263 42 52
548 569 206 215 78 81
40 81 168 187 52 57
101 121 140 150 49 52
548 569 206 215 57 60
528 569 206 225 21 26
548 569 206 215 75 78
548 569 206 215 60 63
40 81 168 187 57 63
569 610 206 225 57 63
325 365 93 112 26 31
325 406 187 225 63 73
162 243 187 225 52 63
488 569 225 263 52 63
488 528 150 168 36 42
325 406 150 187 21 31
528 569 206 225 15 21
162 243 112 150 10 21
325 365 131 150 42 47
325 406 187 225 73 84
488 569 150 187 0 10
528 569 187 206 5 10
488 528 56 75 52 57
406 488 112 150 0 10
81 121 131 150 68 73
243 325 150 187 31 42
488 528 150 168 42 47
284 325 93 112 47 52
528 569 168 187 52 57
40 81 168 187 47 52
162 202 131 150 47 52
162 243 187 225 42 52
81 162 263 301 52 63
325 406 150 187 63 73
488 651 75 150 0 21
101 121 140 150 54 57
548 569 196 206 33 36
406 488 225 263 10 21
406 488 75 112 10 21
101 121 131 140 49 52
325 365 93 112 57 63
488 528 168 187 52 57
488 569 225 263 31 42
0 81 263 301 42 52
162 325 0 75 42 63
406 447 206 225 68 73
325 488 0 75 63 84
528 569 168 187 47 52
528 569 187 206 10 15
569 610 206 225 63 68
81 121 131 150 31 36
162 202 131 150 31 36
488 528 187 206 31 36
569 610 206 225 73 78
447 488 131 150 31 36
447 488 131 150 68 73
0 81 150 187 31 42
243 325 112 150 21 31
488 528 168 187 47 52
488 569 75 112 31 42
406 488 150 187 0 10
528 569 168 187 57 63
447 488 112 131 47 52
548 569 196 206 42 44
121 141 131 140 49 52
548 569 196 206 65 68
548 569 206 215 33 36
243 325 75 112 21 31
325 365 75 93 42 47
406 447 187 206 47 52
81 162 187 225 52 63
325 406 225 263 63 73
447 488 75 93 31 36
447 488 150 168 47 52
488 569 75 112 52 63
101 121 140 150 52 54
488 528 131 150 47 52
101 121 131 140 54 57
162 243 112 150 63 73
447 488 206 225 26 31
569 610 206 225 31 36
406 447 93 112 47 52
406 447 206 225 26 31
325 406 112 150 0 10
325 365 93 112 63 68
488 569 37 75 21 31
548 569 206 215 42 44
81 121 131 150 73 78
548 569 206 215 65 68
488 528 168 187 57 63
406 447 206 225 78 84
406 447 225 244 47 52
569 651 225 263 63 73
447 488 187 206 31 36
81 162 263 301 63 73
101 121 140 150 57 60
325 365 93 112 73 78
548 569 196 206 63 65
0 81 225 263 63 73
406 447 187 206 36 42
81 162 187 225 42 52
447 488 150 168 52 57
528 569 168 187 36 42
488 569 37 75 63 73
488 528 150 168 31 36
325 365 75 93 36 42
569 651 187 225 10 21
406 447 93 112 42 47
569 610 206 225 78 84
406 447 187 206 42 47
447 488 187 206 63 68
447 488 75 93 57 63
121 141 131 140 54 57
488 528 168 187 36 42
406 447 225 244 52 57
325 365 93 112 68 73
325 365 131 150 47 52
488 528 131 150 52 57
548 569 206 215 63 65
488 528 131 150 42 47
548 569 196 206 70 73
325 365 93 112 78 84
81 121 168 187 42 47
325 365 93 112 15 21
447 488 112 131 52 57
101 121 131 140 52 54
406 447 225 244 57 63
447 488 112 131 42 47
81 121 150 168 52 57
162 202 112 131 36 42
528 569 187 206 0 5
488 528 206 225 47 52
488 528 131 150 57 63
101 121 140 150 47 49
488 528 150 168 63 68
325 406 187 225 10 21
325 365 93 112 21 26
406 447 187 206 52 57
447 488 150 168 36 42
528 569 168 187 42 47
325 406 225 263 73 84
406 447 150 168 47 52
447 488 150 168 42 47
548 569 206 215 70 73
325 365 75 93 47 52
81 121 150 168 47 52
569 610 225 244 47 52
162 202 131 150 52 57
569 610 206 225 68 73
447 488 206 225 68 73
528 569 206 225 5 10
325 365 112 131 52 57
325 406 150 187 73 84
101 121 140 150 44 47
81 162 150 187 0 10
488 528 168 187 42 47
101 121 140 150 60 63
101 121 131 140 57 60
488 528 187 206 73 78
40 81 168 187 63 68
121 162 131 150 68 73
548 569 196 206 73 75
325 406 225 263 21 31
0 81 150 187 73 84
325 345 121 131 39 42
81 121 131 150 26 31
243 325 187 225 31 42
447 488 112 131 57 63
121 141 131 140 52 54
325 365 112 131 26 31
447 488 206 225 73 78
121 162 112 131 47 52
488 528 187 206 63 68
121 162 112 131 52 57
121 141 140 150 49 52
569 651 225 263 73 84
548 569 206 215 73 75
365 406 93 112 47 52
447 488 225 244 57 63
488 528 56 75 57 63
406 447 225 244 36 42
447 488 187 206 73 78
447 488 131 150 73 78
528 548 187 196 49 52
488 528 131 150 36 42
121 162 131 150 31 36
325 406 150 187 10 21
81 121 168 187 63 68
0 81 150 187 21 31
447 488 150 168 57 63
0 81 263 301 73 84
121 141 131 140 57 60
488 528 206 225 36 42
406 447 150 168 52 57
40 81 244 263 57 63
40 81 263 282 57 63
406 447 206 225 21 26
406 447 187 206 57 63
488 528 206 225 52 57
325 365 131 150 31 36
488 528 187 206 26 31
488 569 112 150 21 31
284 325 112 131 36 42
528 569 206 225 10 15
40 81 168 187 42 47
447 488 131 150 26 31
569 610 225 244 36 42
162 202 112 131 42 47
488 651 0 75 0 21
121 162 150 168 47 52
447 488 93 112 47 52
406 447 225 244 42 47
81 162 263 301 42 52
101 121 131 140 47 49
406 447 206 225 15 21
406 447 131 150 47 52
162 325 0 75 21 42
447 488 187 206 26 31
447 488 112 131 36 42
406 447 93 112 52 57
284 325 112 131 42 47
101 121 131 140 60 63
406 488 225 263 0 10
488 528 56 75 31 36
162 202 131 150 26 31
447 488 56 75 36 42
548 569 196 206 81 84
162 243 187 225 63 73
406 447 150 168 42 47
243 325 75 112 63 73
569 610 206 225 26 31
548 569 196 206 28 31
488 528 150 168 26 31
101 121 131 140 44 47
121 141 140 150 54 57
0 81 150 187 10 21
447 488 56 75 47 52
121 141 131 140 47 49
447 488 93 112 42 47
488 528 206 225 42 47
121 141 131 140 60 63
528 548 187 196 54 57
447 488 56 75 42 47
121 162 150 168 52 57
548 569 206 215 81 84
81 162 225 263 52 63
325 345 121 131 44 47
488 528 187 206 68 73
40 81 244 263 52 57
121 162 112 131 57 63
365 406 93 112 52 57
488 528 168 187 31 36
488 528 206 225 31 36
121 141 131 140 44 47
121 162 131 150 73 78
81 121 150 168 57 63
569 610 225 244 42 47
548 569 196 206 68 70
0 81 225 263 31 42
325 345 121 131 36 39
569 610 225 244 52 57
40 81 263 282 63 68
548 569 196 206 31 33
406 447 150 168 36 42
243 325 112 150 63 73
40 81 244 263 47 52
162 202 112 131 47 52
548 569 206 215 28 31
447 488 206 225 21 26
243 325 75 112 10 21
447 488 93 112 36 42
243 325 112 150 10 21
528 548 187 196 52 54
528 569 206 225 0 5
488 569 225 263 63 73
406 447 131 150 42 47
406 447 150 168 57 63
406 447 168 187 47 52
284 325 75 93 42 47
243 284 187 206 47 52
0 81 263 301 31 42
406 447 225 244 63 68
162 243 187 225 31 42
488 528 187 206 78 84
528 548 196 206 49 52
548 569 206 215 68 70
447 488 168 187 52 57
569 651 187 225 0 10
447 488 56 75 52 57
447 488 168 187 47 52
406 447 93 112 36 42
81 121 131 150 78 84
284 325 93 112 52 57
406 447 131 150 52 57
447 488 187 206 68 73
447 488 168 187 57 63
121 141 140 150 52 54
447 488 93 112 52 57
243 325 150 187 52 63
81 121 131 150 15 21
528 569 168 187 31 36
325 345 121 131 42 44
325 365 93 112 10 15
162 325 225 301 42 63
528 548 187 196 39 42
528 569 168 187 63 68
406 447 131 150 36 42
447 488 225 244 63 68
569 651 225 263 21 31
406 488 75 112 0 10
121 141 140 150 57 60
284 325 75 93 36 42
406 447 187 206 31 36
121 162 150 168 42 47
447 488 187 206 78 84
548 569 206 215 31 33
162 243 112 150 73 84
406 447 93 112 57 63
488 569 225 263 73 84
243 325 187 225 63 73
447 488 225 244 52 57
81 121 131 150 21 26
406 447 168 187 52 57
325 365 93 112 5 10
406 447 225 244 31 36
81 162 225 263 42 52
162 243 150 187 42 52
406 447 168 187 57 63
284 325 131 150 36 42
488 569 37 75 73 84
447 488 206 225 15 21
488 528 168 187 63 68
365 406 93 112 42 47
406 447 168 187 36 42
447 488 225 244 36 42
325 345 131 140 39 42
569 610 225 244 57 63
447 488 168 187 36 42
81 121 131 150 10 15
406 488 37 75 21 31
325 406 37 75 42 52
569 610 206 225 21 26
447 488 75 93 26 31
528 548 187 196 44 47
121 162 131 150 26 31
406 447 168 187 42 47
488 528 206 225 57 63
284 325 93 112 31 36
121 141 140 150 60 63
325 365 150 168 42 47
528 548 187 196 36 39
162 202 112 131 31 36
447 488 112 131 63 68
325 365 150 168 36 42
548 569 215 225 49 52
162 202 131 150 57 63
528 548 187 196 57 60
447 488 206 225 78 84
243 325 75 112 73 84
81 121 150 168 42 47
40 81 263 282 52 57
81 121 168 187 36 42
284 325 131 150 42 47
121 141 140 150 47 49
528 548 196 206 39 42
488 569 225 263 21 31
528 548 196 206 54 57
447 488 225 244 47 52
447 488 150 168 31 36
406 447 112 131 47 52
284 325 112 131 47 52
243 325 112 150 73 84
447 488 168 187 42 47
447 488 187 206 21 26
325 345 121 131 33 36
488 528 187 206 21 26
325 488 0 75 0 21
81 121 131 150 5 10
0 81 225 263 73 84
447 488 75 93 63 68
162 243 112 150 0 10
488 508 56 65 44 47
447 488 225 244 31 36
121 141 140 150 44 47
528 548 196 206 36 39
101 121 140 150 65 68
447 488 93 112 57 63
528 548 196 206 52 54
121 162 112 131 42 47
406 426 215 225 49 52
528 548 187 196 47 49
284 325 75 93 47 52
406 447 131 150 57 63
325 365 150 168 47 52
325 406 225 263 10 21
325 406 187 225 0 10
243 325 187 225 73 84
325 345 93 102 39 42
488 528 168 187 26 31
40 81 168 187 68 73
447 488 150 168 63 68
447 488 56 75 57 63
365 406 93 112 57 63
488 528 206 225 26 31
121 162 150 168 57 63
406 447 112 131 42 47
488 528 37 56 47 52
406 447 187 206 63 68
325 365 131 150 52 57
101 121 140 150 63 65
488 528 37 56 42 47
488 528 168 187 73 78
488 508 56 65 49 52
325 365 112 131 57 63
488 528 75 93 42 47
488 528 131 150 31 36
81 162 263 301 31 42
488 528 187 206 15 21
488 528 75 93 47 52
406 447 225 244 73 78
488 528 150 168 68 73
325 345 102 112 39 42
325 365 187 206 42 47
40 81 263 282 68 73
488 569 112 150 73 84
325 406 150 187 0 10
528 569 168 187 73 78
325 345 131 140 36 39
101 121 140 150 39 42
325 365 168 187 36 42
325 365 187 206 47 52
162 202 112 131 52 57
81 162 263 301 73 84
325 345 121 131 47 49
325 365 112 131 15 21
325 345 121 131 49 52
528 548 196 206 44 47
101 121 131 140 65 68
447 488 187 206 15 21
121 162 131 150 78 84
528 548 187 196 60 63
121 162 131 150 15 21
548 569 196 206 23 26
325 365 168 187 42 47
101 121 140 150 42 44
325 345 93 102 44 47
406 447 150 168 31 36
488 528 150 168 21 26
447 488 131 150 78 84
243 325 75 112 0 10
40 81 244 263 42 47
121 162 150 168 36 42
101 121 131 140 63 65
406 447 93 112 63 68
528 548 187 196 33 36
447 488 225 244 42 47
569 589 215 225 49 52
365 406 93 112 36 42
447 488 131 150 21 26
406 447 206 225 5 10
447 488 112 131 31 36
528 548 196 206 33 36
467 488 75 84 44 47
121 141 131 140 65 68
325 365 187 206 36 42
121 141 131 140 63 65
162 243 187 225 73 84
162 243 150 187 31 42
0 81 263 301 21 31
406 447 112 131 36 42
528 569 168 187 68 73
325 365 112 131 21 26
528 548 187 196 42 44
548 569 215 225 39 42
406 447 225 244 68 73
162 202 131 150 21 26
406 447 187 206 73 78
447 488 56 75 31 36
467 488 75 84 49 52
325 365 131 150 26 31
548 569 215 225 52 54
528 548 196 206 57 60
345 365 93 102 39 42
304 325 93 102 39 42
548 569 196 206 26 28
345 365 93 102 44 47
488 528 150 168 73 78
488 528 168 187 68 73
121 162 131 150 21 26
548 569 215 225 44 47
528 548 196 206 47 49
528 569 168 187 26 31
365 406 206 225 36 42
548 569 215 225 47 49
447 488 168 187 63 68
325 365 75 93 52 57
569 610 225 244 31 36
0 81 225 263 21 31
81 121 168 187 68 73
101 121 131 140 39 42
325 365 168 187 47 52
243 325 112 150 0 10
325 365 112 131 63 68
406 447 206 225 10 15
488 508 56 65 47 49
325 345 102 112 44 47
447 488 131 150 15 21
325 345 93 102 36 39
325 345 93 102 49 52
406 447 168 187 63 68
548 569 196 206 18 21
162 243 150 187 52 63
284 325 131 150 47 52
325 365 112 131 68 73
0 81 187 225 52 63
406 447 112 131 52 57
406 426 215 225 54 57
447 488 93 112 31 36
447 488 225 244 68 73
488 528 150 168 15 21
488 508 56 65 39 42
406 447 187 206 26 31
325 345 93 102 42 44
325 365 75 93 31 36
365 406 168 187 47 52
101 121 131 140 42 44
81 162 187 225 63 73
406 426 215 225 44 47
488 528 206 225 73 78
488 528 168 187 78 84
406 447 150 168 63 68
284 325 112 131 31 36
548 569 206 215 26 28
488 528 37 56 36 42
406 447 225 244 26 31
304 325 93 102 44 47
325 345 102 112 36 39
243 284 187 206 42 47
447 488 75 93 68 73
569 651 225 263 10 21
447 467 140 150 49 52
467 488 75 84 39 42
81 101 177 187 49 52
447 488 112 131 68 73
548 569 215 225 36 39
325 365 112 131 73 78
548 569 215 225 75 78
406 447 187 206 68 73
548 569 215 225 54 57
488 528 37 56 52 57
81 162 225 263 63 73
365 406 187 206 47 52
325 345 93 102 47 49
548 569 215 225 78 81
406 447 168 187 31 36
406 426 215 225 52 54
548 569 215 225 60 63
121 141 131 140 42 44
467 488 84 93 44 47
121 162 131 150 10 15
81 121 168 187 31 36
447 467 131 140 49 52
488 569 75 112 63 73
121 141 131 140 39 42
447 488 225 244 26 31
81 162 187 225 31 42
162 325 225 301 21 42
488 528 206 225 63 68
528 548 196 206 60 63
81 101 177 187 54 57
101 121 140 150 36 39
467 488 84 93 49 52
0 81 150 187 0 10
528 548 187 196 75 78
528 569 168 187 78 84
447 488 206 225 5 10
447 488 168 187 31 36
365 406 93 112 63 68
548 569 215 225 57 60
508 528 187 196 49 52
325 345 102 112 42 44
447 488 225 244 73 78
569 589 215 225 47 49
121 162 112 131 63 68
528 548 196 206 42 44
325 345 102 112 49 52
345 365 93 102 49 52
0 81 187 225 42 52
488 508 65 75 44 47
325 365 93 112 0 5
345 365 93 102 42 44
488 508 56 65 42 44
243 325 150 187 21 31
162 202 112 131 26 31
406 426 215 225 47 49
406 447 206 225 0 5
569 589 215 225 39 42
121 141 140 150 65 68
447 488 93 112 63 68
81 121 168 187 73 78
548 569 196 206 15 18
121 141 140 150 63 65
243 325 187 225 21 31
467 488 75 84 47 49
365 406 206 225 42 47
406 447 131 150 31 36
345 365 93 102 47 49
467 488 75 84 36 39
365 406 187 206 52 57
528 548 187 196 78 81
548 569 196 206 21 23
488 528 112 131 47 52
325 345 102 112 47 49
121 162 131 150 5 10
447 488 150 168 26 31
304 325 93 102 42 44
406 447 225 244 78 84
325 365 187 206 52 57
447 488 150 168 68 73
406 426 215 225 60 63
406 447 168 187 73 78
365 406 168 187 52 57
81 121 168 187 26 31
528 548 187 196 65 68
447 467 131 140 44 47
345 365 102 112 39 42
406 426 215 225 39 42
325 365 206 225 36 42
345 365 93 102 36 39
447 467 140 150 44 47
488 569 225 263 10 21
488 528 150 168 78 84
406 426 215 225 57 60
365 406 206 225 47 52
365 406 131 150 47 52
488 508 65 75 49 52
467 488 215 225 49 52
101 121 131 140 36 39
488 569 75 112 21 31
508 528 187 196 54 57
406 447 150 168 73 78
447 488 75 93 21 26
488 528 168 187 21 26
447 488 150 168 73 78
365 406 150 168 47 52
365 406 168 187 42 47
447 488 206 225 10 15
121 162 112 131 36 42
569 589 215 225 52 54
304 325 93 102 36 39
325 345 121 131 31 33
365 406 131 150 42 47
569 589 215 225 44 47
406 447 150 168 26 31
528 548 196 206 75 78
488 528 187 206 5 10
488 528 206 225 68 73
488 528 206 225 78 84
81 101 168 177 54 57
467 488 75 84 42 44
447 467 140 150 54 57
325 406 225 263 0 10
467 488 84 93 39 42
569 589 215 225 36 39
325 365 206 225 42 47
81 101 168 177 49 52
558 569 210 215 50 52
81 101 177 187 57 60
365 406 187 206 42 47
345 365 102 112 44 47
81 101 177 187 52 54
162 325 225 301 63 84
406 447 168 187 68 73
325 365 206 225 47 52
406 447 131 150 63 68
467 488 206 215 49 52
406 447 112 131 57 63
81 162 263 301 21 31
558 569 201 206 50 52
447 467 140 150 60 63
488 508 56 65 36 39
81 121 150 168 36 42
548 569 215 225 33 36
528 548 196 206 78 81
162 243 187 225 21 31
548 569 215 225 42 44
284 325 93 112 57 63
569 589 206 215 49 52
467 488 84 93 47 49
447 488 112 131 26 31
528 548 187 196 63 65
162 202 112 131 57 63
548 569 215 225 65 68
447 467 131 140 54 57
467 488 75 84 52 54
406 426 206 215 49 52
447 467 140 150 57 60
325 365 150 168 52 57
488 528 206 225 21 26
508 528 187 196 52 54
121 141 140 150 39 42
488 528 112 131 52 57
325 365 112 131 10 15
467 488 75 84 54 57
0 81 263 301 10 21
447 467 131 140 60 63
488 508 65 75 39 42
528 548 196 206 28 31
325 365 112 131 78 84
447 467 131 140 47 49
406 447 187 206 78 84
528 548 187 196 70 73
548 558 201 206 50 52
447 488 187 206 5 10
447 467 140 150 47 49
121 141 140 150 42 44
0 81 225 263 10 21
528 548 187 196 28 31
528 569 168 187 21 26
447 488 168 187 73 78
447 467 131 140 57 60
406 426 215 225 36 39
121 141 131 140 36 39
81 121 168 187 78 84
488 528 112 131 42 47
325 365 168 187 52 57
365 406 244 263 47 52
284 325 150 168 42 47
365 406 150 168 42 47
284 325 131 150 31 36
325 365 131 150 57 63
447 488 168 187 68 73
528 548 196 206 65 68
447 467 140 150 52 54
406 447 93 112 68 73
81 121 168 187 15 21
447 488 206 225 0 5
488 528 168 187 15 21
304 325 102 112 39 42
406 447 187 206 21 26
325 345 112 121 39 42
569 651 225 263 0 10
488 508 65 75 47 49
81 101 177 187 60 63
325 365 150 168 31 36
81 121 150 168 63 68
121 162 150 168 31 36
406 447 225 244 21 26
488 528 187 206 10 15
406 447 150 168 68 73
325 406 37 75 31 42
81 162 225 263 31 42
447 488 187 206 10 15
508 528 187 196 44 47
365 406 244 263 36 42
467 488 84 93 36 39
488 528 206 225 15 21
406 447 93 112 31 36
447 488 93 112 26 31
345 365 102 112 36 39
548 569 215 225 63 65
325 345 102 112 33 36
406 447 187 206 15 21
345 365 102 112 42 44
345 365 102 112 49 52
325 345 93 102 33 36
508 528 187 196 39 42
81 121 112 131 52 57
325 365 131 150 15 21
447 488 131 150 10 15
447 467 131 140 52 54
528 548 196 206 31 33
467 488 84 93 42 44
243 325 150 187 63 73
528 569 168 187 15 21
365 406 244 263 52 57
304 325 102 112 44 47
467 488 215 225 54 57
365 406 168 187 36 42
365 406 187 206 36 42
81 101 168 177 57 60
528 548 187 196 31 33
467 488 215 225 60 63
81 121 112 131 47 52
406 447 168 187 26 31
406 447 150 168 78 84
365 406 112 131 47 52
81 101 177 187 47 49
467 488 215 225 52 54
406 426 215 225 42 44
81 121 168 187 21 26
548 569 215 225 70 73
81 101 168 177 52 54
365 406 150 168 52 57
365 406 206 225 52 57
365 406 131 150 36 42
406 426 215 225 65 68
467 488 84 93 52 54
447 488 112 131 73 78
406 426 215 225 33 36
81 121 131 150 0 5
488 508 150 159 49 52
488 508 65 75 42 44
345 365 102 112 47 49
365 406 244 263 42 47
447 488 93 112 68 73
569 589 215 225 42 44
528 548 187 196 73 75
365 406 225 244 47 52
488 528 37 56 57 63
447 488 168 187 26 31
447 467 140 150 39 42
325 345 93 102 52 54
488 528 112 131 57 63
447 488 225 244 21 26
528 548 196 206 70 73
528 569 150 168 57 63
467 488 84 93 54 57
162 182 131 140 44 47
508 528 187 196 47 49
558 569 206 210 50 52
569 589 206 215 47 49
528 548 196 206 63 65
467 488 215 225 44 47
558 569 210 215 52 53
467 488 215 225 57 60
447 467 131 140 39 42
325 365 187 206 31 36
325 345 112 121 44 47
467 488 140 150 49 52
558 569 201 206 52 53
284 325 75 93 31 36
447 488 150 168 78 84
365 406 225 244 36 42
325 365 131 150 21 26
548 569 215 225 73 75
406 426 206 215 44 47
548 558 196 201 50 52
406 447 168 187 78 84
162 182 131 140 39 42
488 528 187 206 0 5
508 528 187 196 36 39
284 325 75 93 52 57
467 488 196 206 49 52
365 406 112 131 42 47
325 365 75 93 26 31
488 528 112 131 36 42
467 488 206 215 44 47
447 467 215 225 60 63
488 508 65 75 36 39
406 447 112 131 31 36
81 101 168 177 60 63
365 406 131 150 52 57
121 162 150 168 63 68
325 365 131 150 63 68
243 325 150 187 10 21
426 447 215 225 49 52
81 121 112 131 57 63
447 467 196 206 49 52
406 426 206 215 54 57
325 365 206 225 52 57
447 467 187 196 49 52
548 558 201 206 40 42
548 558 201 206 52 53
467 488 206 215 52 54
406 426 215 225 63 65
558 569 210 215 40 42
325 365 131 150 68 73
467 488 206 215 54 57
528 548 187 196 68 70
558 569 210 215 49 50
325 365 187 206 57 63
284 325 150 168 47 52
121 141 140 150 36 39
548 558 201 206 37 39
488 508 150 159 54 57
325 345 112 121 36 39
488 569 225 263 0 10
569 589 206 215 52 54
528 569 150 168 52 57
325 345 102 112 52 54
447 467 140 150 65 68
365 406 206 225 31 36
467 488 215 225 39 42
558 569 201 206 40 42
447 488 187 206 0 5
558 569 210 215 48 49
365 406 93 112 31 36
162 182 131 140 36 39
325 365 131 150 73 78
345 365 93 102 33 36
304 325 102 112 42 44
558 569 201 206 49 50
467 488 215 225 47 49
558 569 201 206 55 57
406 426 206 215 52 54
365 406 187 206 57 63
447 467 131 140 42 44
243 325 187 225 10 21
121 162 150 168 26 31
548 558 201 206 55 57
325 365 168 187 31 36
447 467 140 150 42 44
447 467 131 140 65 68
406 447 150 168 21 26
447 488 168 187 78 84
569 589 206 215 39 42
365 406 168 187 57 63
81 121 168 187 10 15
325 345 112 121 42 44
558 569 196 201 50 52
365 406 244 263 57 63
558 569 210 215 55 57
569 589 206 215 44 47
345 365 93 102 52 54
558 569 201 206 48 49
162 202 112 131 21 26
548 569 187 196 49 52
558 569 201 206 45 47
558 569 201 206 79 81
406 447 131 150 26 31
365 406 225 244 42 47
81 162 187 225 73 84
406 426 206 215 47 49
304 325 102 112 36 39
447 467 215 225 57 60
447 488 225 244 78 84
365 406 150 168 36 42
558 569 201 206 37 39
558 569 210 215 47 48
548 558 206 210 50 52
325 365 206 225 31 36
569 589 215 225 54 57
548 558 210 215 50 52
467 488 206 215 47 49
528 548 196 206 73 75
365 406 93 112 68 73
81 162 187 225 21 31
365 406 225 244 52 57
528 548 187 196 23 26
558 569 201 206 58 60
508 528 196 206 49 52
558 569 201 206 61 63
467 488 140 150 44 47
426 447 215 225 60 63
365 406 112 131 52 57
548 558 201 206 45 47
488 508 150 159 52 54
81 162 263 301 10 21
488 528 150 168 10 15
325 365 75 93 57 63
548 558 201 206 49 50
548 569 215 225 81 84
365 406 112 131 36 42
406 426 206 215 39 42
558 569 201 206 47 48
426 447 206 215 49 52
365 406 93 112 73 78
406 447 112 131 63 68
81 162 225 263 73 84
426 447 215 225 44 47
406 447 131 150 68 73
558 569 201 206 53 54
558 569 210 215 53 54
467 488 215 225 36 39
508 528 187 196 42 44
548 558 201 206 58 60
447 467 140 150 63 65
548 569 215 225 28 31
488 528 37 56 31 36
467 488 215 225 33 36
426 447 215 225 57 60
569 589 206 215 36 39
325 406 263 301 42 52
447 467 187 196 54 57
548 558 201 206 48 49
467 488 206 215 39 42
0 81 187 225 31 42
0 81 187 225 63 73
528 569 150 168 47 52
447 467 196 206 54 57
447 467 215 225 49 52
447 467 131 140 63 65
528 548 196 206 23 26
467 488 140 150 54 57
548 558 201 206 61 63
162 182 131 140 42 44
406 447 150 168 15 21
558 569 206 210 52 53
548 569 215 225 68 70
488 528 206 225 5 10
548 558 201 206 53 54
406 426 206 215 60 63
447 488 93 112 21 26
447 467 140 150 36 39
406 426 206 215 57 60
81 121 150 168 31 36
528 548 196 206 68 70
548 558 196 201 52 53
81 101 168 177 47 49
467 488 215 225 65 68
447 488 150 168 21 26
528 548 187 196 18 21
447 467 196 206 44 47
447 467 187 196 44 47
548 558 196 201 40 42
426 447 215 225 39 42
345 365 102 112 33 36
406 447 131 150 73 78
325 406 263 301 31 42
426 447 215 225 54 57
548 558 196 201 37 39
548 558 201 206 47 48
243 325 150 187 73 84
447 488 112 131 21 26
528 569 150 168 36 42
121 162 112 131 31 36
406 447 187 206 5 10
548 558 201 206 79 81
426 447 206 215 44 47
447 467 131 140 36 39
467 488 196 206 54 57
488 569 75 112 73 84
548 558 196 201 55 57
467 488 196 206 44 47
447 488 150 168 15 21
528 548 187 196 26 28
488 508 196 206 49 52
548 558 201 206 39 40
447 467 215 225 33 36
162 243 187 225 10 21
548 569 215 225 31 33
467 488 196 206 52 54
467 488 140 150 47 49
447 467 187 196 52 54
548 569 187 196 54 57
447 467 196 206 52 54
558 569 206 210 40 42
488 508 150 159 60 63
447 467 215 225 54 57
121 162 150 168 15 21
558 569 206 210 49 50
467 488 215 225 63 65
548 569 187 196 52 54
558 569 210 215 39 40
528 548 187 196 81 84
548 569 187 196 39 42
406 447 168 187 21 26
365 406 244 263 31 36
0 81 225 263 0 10
528 548 196 206 26 28
426 447 215 225 52 54
467 488 206 215 57 60
406 447 187 206 10 15
447 467 187 196 57 60
467 488 140 150 52 54
325 345 112 121 33 36
488 508 150 159 57 60
426 447 215 225 47 49
325 365 131 150 10 15
121 162 150 168 21 26
488 508 159 168 49 52
548 569 187 196 36 39
558 569 206 210 48 49
325 365 150 168 57 63
558 569 206 210 55 57
508 528 196 206 54 57
558 569 201 206 39 40
447 467 187 196 60 63
426 447 206 215 39 42
558 569 201 206 78 79
558 569 196 201 52 53
406 426 206 215 36 39
325 345 112 121 47 49
528 548 196 206 18 21
467 488 206 215 60 63
243 284 131 150 36 42
325 365 75 93 73 78
447 488 168 187 21 26
325 365 75 93 15 21
325 365 187 206 26 31
121 162 150 168 68 73
569 610 187 206 47 52
162 243 150 187 21 31
548 558 206 210 40 42
121 162 131 150 0 5
589 610 215 225 49 52
467 488 140 150 60 63
325 365 131 150 78 84
467 488 206 215 36 39
325 365 168 187 57 63
406 447 168 187 15 21
447 467 215 225 39 42
365 406 150 168 57 63
325 345 112 121 49 52
548 558 196 201 45 47
548 558 196 201 49 50
121 162 112 131 68 73
467 488 140 150 57 60
447 467 196 206 39 42
447 467 215 225 65 68
325 406 263 301 52 63
426 447 215 225 65 68
548 558 206 210 52 53
447 467 196 206 57 60
488 528 93 112 47 52
345 365 102 112 52 54
548 558 210 215 52 53
365 406 112 131 57 63
325 365 75 93 63 68
488 528 206 225 10 15
508 528 196 206 52 54
558 569 206 210 47 48
467 488 196 206 39 42
569 589 206 215 54 57
548 558 196 201 58 60
365 406 187 206 31 36
488 508 159 168 54 57
467 488 206 215 33 36
182 202 131 140 39 42
467 488 196 206 47 49
447 467 187 196 47 49
426 447 215 225 33 36
558 569 201 206 54 55
325 365 75 93 78 84
447 467 196 206 47 49
548 558 201 206 54 55
447 467 215 225 44 47
447 467 187 196 39 42
81 121 150 168 68 73
426 447 215 225 36 39
447 467 215 225 63 65
508 528 196 206 44 47
447 488 168 187 15 21
558 569 210 215 54 55
467 488 215 225 42 44
508 528 196 206 39 42
548 558 210 215 40 42
365 406 168 187 31 36
488 508 150 159 47 49
325 365 75 93 21 26
81 162 187 225 10 21
488 508 196 206 44 47
81 121 112 131 42 47
548 558 196 201 48 49
558 569 196 201 55 57
528 569 150 168 42 47
548 558 196 201 61 63
426 447 206 215 54 57
365 406 93 112 78 84
558 569 206 210 53 54
81 121 150 168 26 31
365 406 131 150 57 63
447 467 215 225 52 54
528 548 206 215 49 52
548 558 206 210 55 57
447 488 112 131 15 21
548 558 196 201 53 54
447 467 196 206 60 63
426 447 206 215 47 49
406 426 206 215 42 44
447 467 215 225 36 39
488 528 206 225 0 5
426 447 206 215 60 63
325 345 93 102 54 57
182 202 131 140 44 47
558 569 196 201 40 42
0 81 263 301 0 10
325 345 102 112 31 33
325 365 244 263 36 42
162 243 150 187 63 73
528 548 187 196 21 23
569 589 206 215 42 44
325 365 75 93 68 73
528 548 196 206 81 84
426 447 206 215 57 60
528 548 206 215 36 39
548 558 210 215 55 57
325 365 206 225 57 63
182 202 131 140 36 39
406 426 206 215 33 36
365 406 93 112 26 31
548 558 201 206 36 37
365 406 93 112 15 21
488 528 168 187 10 15
121 162 150 168 73 78
508 528 196 206 36 39
558 569 196 201 49 50
467 488 140 150 39 42
558 569 201 206 57 58
558 569 196 201 79 81
284 325 168 187 42 47
528 548 206 215 39 42
325 345 93 102 31 33
558 569 201 206 60 61
548 558 210 215 49 50
508 528 150 159 49 52
365 406 225 244 31 36
365 406 225 244 57 63
426 447 206 215 52 54
558 569 196 201 58 60
569 610 187 206 52 57
558 569 196 201 37 39
548 558 206 210 49 50
558 569 196 201 61 63
528 548 206 215 33 36
548 558 196 201 47 48
548 558 196 201 39 40
365 406 206 225 57 63
548 558 201 206 78 79
558 569 196 201 45 47
488 528 93 112 42 47
558 569 196 201 48 49
467 488 206 215 42 44
488 508 159 168 52 54
81 162 225 263 21 31
548 558 196 201 79 81
548 558 201 206 57 58
365 406 131 150 31 36
548 558 210 215 48 49
548 569 187 196 44 47
325 345 102 112 54 57
162 182 140 150 39 42
121 162 112 131 73 78
528 548 187 196 15 18
406 447 131 150 21 26
528 569 150 168 31 36
162 325 0 75 0 21
548 558 201 206 60 61
548 558 206 210 48 49
426 447 215 225 63 65
508 528 159 168 49 52
162 182 140 150 44 47
81 121 150 168 73 78
528 569 150 168 63 68
243 325 150 187 0 10
488 528 112 131 31 36
508 528 196 206 47 49
528 548 196 206 21 23
548 569 187 196 57 60
558 569 196 201 53 54
558 569 201 206 36 37
467 488 196 206 57 60
426 447 206 215 36 39
548 569 187 196 33 36
467 488 131 140 49 52
508 528 159 168 54 57
528 569 168 187 10 15
467 488 196 206 36 39
508 528 150 159 54 57
558 569 196 201 47 48
406 426 215 225 31 33
345 365 93 102 54 57
406 447 131 150 15 21
548 558 210 215 47 48
406 447 112 131 26 31
488 508 196 206 47 49
365 406 206 225 26 31
406 426 206 215 65 68
548 569 187 196 47 49
447 467 196 206 36 39
558 569 206 210 39 40
467 488 140 150 42 44
589 610 215 225 47 49
243 284 131 150 42 47
548 558 206 210 53 54
528 548 196 206 15 18
548 558 206 210 47 48
406 447 112 131 68 73
406 447 93 112 26 31
426 447 215 225 42 44
447 467 215 225 47 49
406 488 263 301 52 63
548 558 210 215 53 54
548 558 196 201 54 55
548 569 187 196 60 63
406 447 187 206 0 5
488 508 196 206 54 57
121 162 112 131 26 31
406 447 131 150 78 84
162 182 140 150 36 39
325 365 206 225 26 31
488 508 196 206 52 54
243 325 187 225 0 10
447 467 187 196 36 39
467 488 187 196 49 52
488 508 196 206 39 42
548 558 206 210 39 40
447 488 112 131 78 84
365 406 150 168 31 36
569 610 187 206 36 42
558 569 201 206 44 45
325 365 244 263 47 52
467 488 206 215 65 68
467 488 131 140 44 47
467 488 196 206 60 63
426 447 206 215 42 44
426 447 206 215 33 36
40 81 282 301 57 63
548 558 201 206 44 45
325 406 37 75 52 63
467 488 140 150 65 68
528 548 206 215 44 47
365 406 93 112 21 26
558 569 206 210 54 55
447 467 196 206 42 44
548 558 196 201 36 37
121 162 150 168 10 15
488 508 159 168 60 63
325 365 244 263 42 47
81 121 112 131 63 68
40 81 225 244 57 63
488 508 159 168 57 60
447 467 187 196 42 44
182 202 131 140 42 44
345 365 93 102 31 33
488 508 196 206 36 39
467 488 215 225 31 33
528 548 206 215 52 54
548 569 215 225 26 28
447 467 215 225 31 33
406 426 206 215 63 65
284 325 168 187 47 52
243 284 112 131 36 42
569 610 187 206 57 63
325 365 244 263 52 57
569 610 187 206 42 47
81 121 150 168 15 21
528 548 206 215 54 57
548 558 210 215 39 40
589 610 215 225 39 42
121 162 168 187 47 52
447 467 206 215 49 52
589 610 215 225 52 54
467 488 140 150 36 39
558 569 196 201 78 79
121 162 168 187 52 57
558 569 196 201 39 40
508 528 150 159 52 54
548 558 196 201 57 58
325 365 225 244 36 42
426 447 206 215 65 68
467 488 196 206 42 44
508 528 159 168 52 54
548 558 196 201 60 61
121 162 112 131 15 21
81 121 150 168 21 26
548 558 196 201 78 79
121 162 150 168 78 84
558 569 196 201 54 55
325 365 75 93 10 15
365 406 112 131 31 36
589 610 215 225 44 47
81 162 263 301 0 10
548 558 206 210 54 55
508 528 196 206 42 44
40 81 282 301 63 68
40 81 225 244 52 57
162 182 140 150 42 44
447 467 215 225 42 44
365 406 187 206 26 31
162 243 150 187 10 21
569 610 187 206 73 78
467 488 131 140 47 49
548 558 210 215 54 55
365 406 112 131 63 68
162 325 225 301 0 21
548 569 187 196 42 44
0 81 187 225 21 31
345 365 102 112 54 57
40 81 225 244 47 52
528 548 206 215 47 49
406 447 150 168 10 15
467 488 187 196 54 57
447 488 150 168 10 15
508 528 159 168 57 60
467 488 206 215 63 65
243 284 131 150 47 52
558 569 196 201 57 58
0 81 187 225 73 84
558 569 196 201 60 61
40 81 150 168 52 57
345 365 102 112 31 33
467 488 140 150 63 65
569 610 187 206 78 84
508 528 150 159 57 60
447 488 37 56 47 52
447 467 206 215 54 57
488 508 159 168 47 49
121 162 112 131 78 84
325 365 75 93 5 10
81 121 150 168 78 84
589 610 215 225 36 39
325 345 112 121 31 33
467 488 206 215 31 33
426 447 206 215 63 65
447 488 168 187 10 15
81 121 112 131 36 42
406 447 168 187 10 15
325 365 244 263 57 63
40 81 150 168 57 63
467 488 187 196 52 54
447 488 37 56 42 47
548 558 196 201 44 45
467 488 131 140 54 57
528 548 206 215 57 60
528 548 206 215 28 31
406 447 112 131 73 78
202 243 112 131 36 42
325 365 187 206 21 26
365 406 93 112 10 15
243 284 112 131 42 47
121 162 112 131 21 26
81 162 225 263 10 21
508 528 159 168 60 63
325 406 263 301 63 73
508 528 150 159 60 63
325 365 244 263 31 36
447 467 206 215 60 63
558 569 196 201 36 37
447 467 206 215 39 42
447 467 206 215 44 47
467 488 131 140 60 63
426 447 215 225 31 33
528 548 206 215 42 44
488 508 196 206 42 44
447 467 206 215 57 60
121 162 168 187 42 47
406 488 263 301 42 52
406 488 263 301 31 42
467 488 131 140 57 60
467 488 187 196 44 47
447 467 206 215 33 36
447 467 206 215 52 54
365 406 112 131 68 73
162 325 0 75 63 84
406 447 244 263 52 57
548 569 187 196 65 68
508 528 150 159 47 49
447 488 112 131 10 15
81 121 150 168 10 15
528 548 206 215 60 63
528 548 206 215 31 33
182 202 140 150 39 42
528 569 150 168 26 31
365 406 112 131 73 78
365 406 206 225 21 26
467 488 187 196 39 42
467 488 131 140 52 54
406 447 112 131 21 26
284 325 75 93 57 63
528 548 206 215 75 78
406 447 244 263 47 52
162 243 187 225 0 10
325 365 225 244 42 47
447 488 37 56 36 42
569 610 187 206 63 68
202 243 112 131 42 47
447 488 37 56 52 57
162 243 150 187 73 84
365 406 131 150 26 31
182 202 140 150 36 39
0 81 187 225 10 21
81 162 187 225 0 10
467 488 187 196 47 49
558 569 196 201 44 45
528 548 206 215 78 81
325 365 225 244 47 52
467 488 131 140 39 42
243 284 168 187 47 52
508 528 159 168 47 49
447 467 206 215 36 39
467 488 187 196 57 60
40 81 150 168 47 52
40 81 225 244 42 47
589 610 215 225 42 44
325 365 206 225 21 26
406 426 206 215 31 33
121 162 112 131 10 15
243 284 131 150 31 36
40 81 282 301 68 73
121 162 112 131 5 10
406 447 112 131 15 21
548 569 187 196 63 65
467 488 131 140 42 44
406 447 244 263 57 63
447 467 206 215 47 49
182 202 140 150 44 47
365 406 131 150 63 68
121 162 168 187 57 63
548 569 187 196 75 78
406 447 93 112 21 26
40 81 282 301 52 57
569 610 187 206 31 36
548 569 187 196 78 81
325 345 140 150 39 42
548 569 187 196 28 31
406 447 131 150 10 15
365 406 131 150 73 78
365 406 112 131 26 31
406 488 263 301 63 73
243 284 206 225 47 52
467 488 187 196 60 63
325 365 225 244 31 36
569 610 187 206 68 73
325 406 263 301 21 31
467 488 187 196 36 39
243 284 150 168 42 47
548 569 187 196 31 33
528 548 206 215 65 68
243 284 112 131 47 52
325 365 225 244 52 57
365 406 187 206 21 26
365 406 131 150 68 73
426 447 206 215 31 33
121 162 168 187 36 42
406 447 244 263 36 42
589 610 215 225 54 57
325 406 263 301 73 84
447 467 206 215 65 68
243 284 112 131 31 36
528 548 206 215 70 73
365 406 93 112 5 10
182 202 140 150 42 44
406 447 75 93 47 52
447 467 206 215 42 44
325 345 140 150 36 39
467 488 131 140 65 68
447 488 37 56 57 63
406 447 112 131 78 84
202 243 112 131 47 52
548 569 187 196 70 73
81 121 112 131 68 73
406 447 244 263 42 47
406 447 75 93 42 47
467 488 187 196 42 44
243 284 168 187 42 47
488 508 187 196 49 52
467 488 131 140 36 39
447 467 206 215 31 33
528 548 215 225 49 52
528 569 150 168 68 73
447 467 206 215 63 65
325 365 75 93 0 5
528 548 206 215 63 65
81 121 112 131 31 36
365 406 75 93 47 52
467 488 131 140 63 65
528 548 206 215 73 75
406 488 263 301 21 31
40 81 150 168 63 68
528 569 150 168 73 78
81 162 225 263 0 10
162 243 75 112 42 52
243 284 150 168 47 52
162 243 150 187 0 10
406 447 75 93 52 57
406 447 244 263 63 68
365 406 131 150 15 21
365 406 131 150 21 26
81 121 112 131 73 78
365 406 131 150 78 84
528 548 206 215 26 28
528 548 215 225 33 36
488 508 187 196 44 47
528 548 215 225 36 39
284 325 187 206 42 47
325 365 225 244 57 63
365 406 112 131 78 84
202 243 131 150 42 47
569 610 187 206 26 31
528 548 215 225 39 42
202 243 131 150 47 52
243 284 93 112 36 42
202 243 131 150 36 42
243 284 206 225 42 47
162 243 75 112 31 42
488 508 187 196 54 57
202 243 112 131 31 36
406 447 244 263 31 36
548 569 187 196 68 70
528 569 150 168 15 21
365 406 112 131 21 26
528 569 150 168 21 26
528 548 206 215 68 70
528 548 215 225 52 54
365 406 75 93 52 57
548 569 187 196 23 26
548 569 187 196 73 75
243 284 93 112 42 47
284 325 187 206 47 52
40 81 150 168 42 47
406 447 75 93 36 42
365 406 112 131 15 21
488 508 187 196 39 42
406 447 56 75 47 52
488 508 187 196 47 49
488 508 187 196 52 54
447 488 37 56 31 36
406 447 56 75 42 47
406 447 112 131 10 15
548 569 187 196 26 28
121 162 168 187 31 36
101 121 168 177 49 52
121 162 112 131 0 5
528 569 150 168 78 84
0 81 187 225 0 10
548 569 187 196 18 21
345 365 112 121 39 42
569 610 244 263 47 52
81 121 112 131 26 31
488 508 187 196 36 39
528 548 215 225 44 47
528 548 215 225 54 57
345 365 121 131 39 42
325 406 37 75 21 31
548 569 187 196 81 84
528 548 215 225 47 49
406 447 75 93 57 63
325 406 263 301 10 21
365 406 75 93 42 47
589 610 206 215 49 52
528 548 206 215 81 84
202 243 112 131 52 57
528 548 215 225 28 31
569 610 244 263 52 57
528 548 215 225 60 63
406 447 56 75 36 42
365 406 93 112 0 5
569 610 187 206 21 26
345 365 112 121 36 39
406 447 244 263 68 73
406 447 56 75 52 57
365 406 131 150 10 15
345 365 121 131 36 39
121 162 168 187 26 31
81 121 112 131 78 84
202 243 131 150 52 57
101 121 168 177 54 57
548 569 187 196 21 23
345 365 121 131 44 47
528 548 215 225 31 33
528 548 215 225 57 60
81 121 112 131 15 21
406 447 244 263 73 78
548 569 187 196 15 18
121 162 168 187 63 68
569 610 244 263 42 47
406 447 244 263 26 31
569 610 244 263 36 42
345 365 112 121 33 36
488 508 187 196 42 44
528 548 215 225 75 78
589 610 206 215 47 49
345 365 121 131 33 36
101 121 168 177 47 49
447 467 75 84 44 47
528 569 131 150 57 63
528 548 215 225 65 68
202 243 112 131 26 31
528 548 215 225 42 44
447 467 75 84 49 52
40 81 150 168 68 73
81 121 112 131 21 26
528 548 215 225 78 81
365 406 75 93 57 63
406 488 263 301 73 84
528 569 131 150 52 57
365 406 112 131 10 15
345 365 121 131 42 44
243 284 93 112 47 52
345 365 112 121 44 47
569 610 244 263 57 63
406 488 263 301 10 21
528 569 131 150 47 52
447 488 244 263 57 63
81 101 140 150 54 57
101 121 168 177 52 54
345 365 112 121 42 44
81 121 112 131 10 15
243 284 75 93 36 42
345 365 121 131 49 52
447 467 75 84 39 42
365 406 75 93 36 42
528 548 215 225 63 65
121 162 168 187 15 21
81 121 112 131 5 10
589 610 206 215 52 54
589 610 206 215 44 47
243 284 75 93 42 47
406 447 56 75 57 63
202 243 131 150 31 36
447 467 84 93 49 52
121 162 168 187 21 26
447 467 84 93 44 47
406 447 37 56 47 52
345 365 121 131 47 49
528 569 131 150 36 42
447 467 75 84 47 49
528 569 150 168 10 15
406 447 244 263 21 26
345 365 112 121 49 52
528 569 131 150 42 47
81 101 140 150 49 52
202 243 131 150 57 63
101 121 168 177 57 60
589 610 206 215 39 42
121 162 168 187 68 73
406 447 37 56 42 47
447 467 75 84 54 57
406 447 75 93 31 36
447 488 244 263 52 57
528 548 215 225 70 73
81 101 140 150 57 60
447 467 75 84 36 39
406 447 75 93 63 68
447 467 75 84 42 44
528 548 215 225 26 28
243 284 93 112 31 36
589 610 206 215 36 39
447 488 244 263 63 68
121 162 168 187 73 78
447 467 75 84 52 54
345 365 112 121 47 49
528 548 215 225 73 75
406 447 244 263 78 84
406 447 37 56 52 57
447 467 84 93 47 49
81 101 140 150 52 54
447 488 244 263 36 42
447 467 84 93 39 42
345 365 112 121 31 33
325 406 263 301 0 10
162 243 75 112 52 63
243 284 75 93 47 52
406 447 56 75 31 36
447 488 244 263 47 52
365 406 75 93 63 68
447 488 244 263 31 36
345 365 121 131 31 33
202 243 112 131 21 26
121 162 168 187 10 15
345 365 131 140 39 42
406 488 263 301 0 10
202 243 112 131 57 63
569 610 244 263 31 36
0 81 112 150 52 63
121 162 168 187 78 84
406 447 37 56 36 42
589 610 206 215 42 44
447 467 84 93 42 44
447 467 84 93 54 57
447 467 84 93 52 54
406 447 75 93 26 31
528 548 215 225 68 70
202 243 131 150 26 31
81 101 140 150 60 63
101 121 168 177 60 63
284 325 206 225 47 52
447 467 84 93 36 39
141 162 140 150 49 52
345 365 131 140 36 39
589 610 206 215 54 57
162 243 75 112 21 31
101 121 177 187 49 52
141 162 131 140 49 52
345 365 140 150 39 42
528 548 215 225 81 84
243 284 75 93 31 36
81 101 140 150 47 49
101 121 177 187 54 57
284 325 206 225 42 47
528 569 131 150 31 36
141 162 140 150 44 47
406 447 37 56 57 63
447 488 244 263 42 47
447 488 244 263 68 73
141 162 131 140 54 57
243 284 93 112 52 57
406 447 75 93 68 73
141 162 140 150 47 49
202 243 131 150 21 26
81 121 112 131 0 5
141 162 140 150 54 57
365 406 75 93 31 36
447 488 244 263 26 31
81 101 140 150 44 47
406 447 37 56 31 36
141 162 131 140 57 60
101 121 177 187 52 54
101 121 177 187 57 60
141 162 131 140 52 54
0 81 112 150 42 52
141 162 131 140 60 63
141 162 140 150 52 54
284 304 102 112 39 42
141 162 140 150 57 60
345 365 140 150 36 39
243 284 75 93 52 57
101 121 177 187 47 49
406 447 75 93 21 26
141 162 131 140 47 49
141 162 131 140 44 47
447 488 244 263 73 78
141 162 140 150 60 63
365 406 75 93 68 73
365 406 75 93 15 21
101 121 177 187 60 63
284 304 102 112 44 47
365 406 75 93 73 78
284 304 102 112 42 44
162 243 75 112 63 73
141 162 140 150 39 42
141 162 140 150 42 44
284 304 93 102 39 42
162 243 75 112 10 21
447 488 244 263 21 26
365 406 75 93 26 31
284 304 93 102 44 47
243 284 93 112 57 63
284 304 102 112 36 39
0 81 112 150 63 73
81 101 131 140 54 57
81 101 140 150 65 68
81 101 140 150 63 65
365 406 75 93 21 26
365 406 75 93 78 84
610 651 244 263 47 52
284 304 93 102 42 44
141 162 131 140 63 65
141 162 140 150 36 39
162 243 75 112 73 84
0 81 112 150 31 42
610 651 244 263 52 57
141 162 131 140 65 68
81 101 131 140 49 52
141 162 131 140 39 42
81 101 140 150 42 44
81 101 140 150 39 42
141 162 131 140 42 44
81 101 131 140 57 60
284 304 93 102 36 39
141 162 140 150 65 68
365 406 75 93 10 15
141 162 140 150 63 65
447 488 244 263 78 84
81 101 140 150 36 39
81 101 131 140 60 63
81 101 131 140 52 54
569 651 263 301 52 63
141 162 131 140 36 39
610 651 244 263 31 36
610 651 244 263 36 42
243 284 75 93 57 63
0 81 112 150 10 21
0 81 112 150 21 31
610 651 244 263 57 63
508 528 56 65 44 47
569 651 263 301 31 42
81 101 131 140 44 47
569 651 263 301 42 52
0 81 112 150 73 84
610 651 225 244 47 52
81 101 131 140 47 49
508 528 56 65 39 42
365 406 75 93 5 10
508 528 56 65 49 52
610 651 225 244 52 57
610 651 244 263 42 47
508 528 56 65 42 44
81 101 131 140 65 68
162 243 75 112 0 10
508 528 65 75 44 47
508 528 56 65 47 49
508 528 56 65 36 39
81 101 131 140 63 65
508 528 65 75 39 42
508 528 65 75 49 52
81 101 131 140 39 42
406 488 0 37 42 52
81 101 131 140 42 44
508 528 65 75 42 44
508 528 65 75 47 49
610 651 225 244 57 63
508 528 65 75 36 39
610 651 225 244 31 36
81 101 131 140 36 39
365 406 75 93 0 5
569 651 263 301 63 73
610 651 225 244 36 42
0 81 112 150 0 10
406 488 0 37 52 63
610 651 225 244 42 47
406 488 0 37 31 42
569 651 263 301 21 31
569 651 263 301 0 10
569 651 263 301 73 84
569 651 263 301 10 21
406 488 0 37 21 31
81 162 75 112 42 52
81 162 75 112 31 42
488 569 0 37 42 52
488 569 0 37 52 63
81 162 75 112 52 63
488 569 0 37 31 42
528 569 112 131 57 63
528 569 112 131 36 42
528 569 112 131 52 57
528 569 112 131 42 47
569 651 0 37 52 63
528 569 112 131 47 52
488 569 263 301 42 52
81 162 75 112 21 31
81 162 75 112 10 21
0 162 0 75 42 63
0 162 0 75 63 84
488 569 0 37 63 73
528 569 112 131 31 36
569 651 150 187 63 73
0 162 0 75 0 21
610 651 206 225 47 52
569 651 150 187 42 52
569 651 75 112 52 63
610 651 206 225 52 57
569 651 75 112 42 52
0 40 225 244 57 63
488 569 263 301 31 42
610 651 206 225 73 78
0 81 75 112 21 31
488 569 263 301 52 63
488 569 0 37 21 31
610 651 206 225 57 63
610 651 206 225 68 73
610 651 206 225 63 68
610 651 206 225 42 47
0 162 0 75 21 42
488 569 0 37 73 84
610 651 206 225 36 42
569 651 112 150 42 52
81 162 75 112 0 10
0 40 225 244 52 57
528 569 75 93 47 52
81 162 75 112 73 84
610 651 206 225 78 84
569 651 150 187 52 63
528 569 56 75 52 57
610 651 206 225 31 36
569 651 150 187 31 42
610 651 206 225 26 31
81 162 75 112 63 73
528 569 56 75 47 52
528 569 56 75 57 63
0 40 150 168 52 57
0 40 168 187 52 57
488 569 263 301 21 31
610 651 206 225 21 26
0 40 150 168 47 52
0 40 244 263 57 63
488 569 263 301 10 21
569 651 150 187 10 21
569 651 150 187 21 31
0 40 168 187 47 52
569 651 150 187 73 84
569 651 150 187 0 10
0 40 244 263 52 57
610 651 187 206 68 73
488 569 263 301 63 73
610 651 187 206 73 78
610 651 187 206 63 68
488 569 263 301 0 10
610 651 187 206 26 31
610 651 187 206 21 26
610 651 187 206 36 42
610 651 187 206 57 63
610 651 187 206 31 36
569 651 112 150 21 31
0 40 263 282 63 68
0 40 244 263 42 47
569 651 112 150 52 63
569 651 37 75 21 31
610 651 187 206 52 57
569 651 75 112 31 42
528 569 56 75 36 42
528 569 37 56 57 63
325 406 0 37 21 31
528 569 37 56 42 47
0 40 282 301 63 68
569 651 0 37 63 73
569 651 112 150 63 73
0 40 150 168 63 68
0 40 244 263 47 52
569 651 112 150 73 84
528 569 56 75 42 47
610 651 187 206 47 52
528 569 93 112 42 47
569 651 37 75 42 52
569 651 0 37 31 42
0 40 282 301 52 57
0 40 168 187 42 47
528 569 37 56 31 36
0 40 168 187 68 73
528 569 37 56 47 52
0 40 150 168 42 47
0 81 75 112 10 21
528 569 93 112 47 52
569 651 37 75 31 42
569 651 75 112 63 73
569 651 37 75 52 63
0 40 150 168 57 63
569 651 0 37 21 31
528 569 75 93 42 47
0 81 75 112 63 73
610 651 187 206 42 47
0 81 75 112 73 84
528 569 56 75 31 36
569 651 112 150 31 42
0 40 225 244 42 47
0 40 263 282 57 63
528 569 37 56 36 42
0 40 168 187 63 68
325 406 0 37 52 63
569 651 0 37 42 52
0 40 282 301 68 73
569 651 37 75 63 73
569 651 0 37 73 84
0 40 263 282 68 73
0 40 282 301 57 63
569 651 37 75 73 84
488 569 263 301 73 84
569 651 75 112 73 84
0 40 263 282 52 57
0 40 168 187 57 63
325 406 0 37 42 52
0 81 75 112 42 52
0 81 75 112 31 42
0 81 75 112 52 63
610 651 187 206 78 84
0 40 150 168 68 73
0 81 75 112 0 10
325 406 0 37 31 42
569 651 75 112 21 31
528 569 37 56 52 57
0 40 225 244 47 52
voxsize: 651x301x84 size:62.7894745MB
voxBW: 10 3
Decomp size:2052
Initialization time: 0.009919
compute: 1.544566 seconds
evaluations: 1789439001
time: 1.626495 seconds
