hostname : cph-c53.uncc.edu
bounding: [-130;-65]x[20;50]x[5875;5958]
read 588189 observations
res: 0.1 0.1 1 bw: 1 1 3
0 325 0 150 0 3
0 325 0 150 3 6
0 325 0 150 6 8
0 325 0 150 8 11
0 325 0 150 11 13
0 325 0 150 13 16
0 325 0 150 16 19
0 325 0 150 19 21
0 325 0 150 21 24
0 325 0 150 24 26
0 325 0 150 26 29
0 325 0 150 29 32
0 325 0 150 32 34
0 325 0 150 34 37
0 325 0 150 37 39
0 325 0 150 39 42
0 325 0 150 42 45
0 325 0 150 45 47
0 325 0 150 47 50
0 325 0 150 50 52
0 325 0 150 52 55
0 325 0 150 55 58
0 325 0 150 58 60
0 325 0 150 60 63
0 325 0 150 63 65
0 325 0 150 65 68
0 325 0 150 68 71
0 325 0 150 71 73
0 325 0 150 73 76
0 325 0 150 76 78
0 325 0 150 78 81
0 325 0 150 81 84
0 325 150 301 0 3
0 325 150 301 3 6
0 325 150 301 6 8
0 325 150 301 8 11
0 325 150 301 11 13
0 325 150 301 13 16
0 325 150 301 16 19
0 325 150 301 19 21
0 325 150 301 21 24
0 325 150 301 24 26
0 325 150 301 26 29
0 325 150 301 29 32
0 325 150 301 32 34
0 325 150 301 34 37
0 325 150 301 37 39
0 325 150 301 39 42
0 325 150 301 42 45
0 325 150 301 45 47
0 325 150 301 47 50
0 325 150 301 50 52
0 325 150 301 52 55
0 325 150 301 55 58
0 325 150 301 58 60
0 325 150 301 60 63
0 325 150 301 63 65
0 325 150 301 65 68
0 325 150 301 68 71
0 325 150 301 71 73
0 325 150 301 73 76
0 325 150 301 76 78
0 325 150 301 78 81
0 325 150 301 81 84
325 651 0 150 0 3
325 651 0 150 3 6
325 651 0 150 6 8
325 651 0 150 8 11
325 651 0 150 11 13
325 651 0 150 13 16
325 651 0 150 16 19
325 651 0 150 19 21
325 651 0 150 21 24
325 651 0 150 24 26
325 651 0 150 26 29
325 651 0 150 29 32
325 651 0 150 32 34
325 651 0 150 34 37
325 651 0 150 37 39
325 651 0 150 39 42
325 651 0 150 42 45
325 651 0 150 45 47
325 651 0 150 47 50
325 651 0 150 50 52
325 651 0 150 52 55
325 651 0 150 55 58
325 651 0 150 58 60
325 651 0 150 60 63
325 651 0 150 63 65
325 651 0 150 65 68
325 651 0 150 68 71
325 651 0 150 71 73
325 651 0 150 73 76
325 651 0 150 76 78
325 651 0 150 78 81
325 651 0 150 81 84
325 651 150 301 0 3
325 651 150 301 3 6
325 651 150 301 6 8
325 651 150 301 8 11
325 651 150 301 11 13
325 651 150 301 13 16
325 651 150 301 16 19
325 651 150 301 19 21
325 651 150 301 21 24
325 651 150 301 24 26
325 651 150 301 26 29
325 651 150 301 29 32
325 651 150 301 32 34
325 651 150 301 34 37
325 651 150 301 37 39
325 651 150 301 39 42
325 651 150 301 42 45
325 651 150 301 45 47
325 651 150 301 47 50
325 651 150 301 50 52
325 651 150 301 52 55
325 651 150 301 55 58
325 651 150 301 58 60
325 651 150 301 60 63
325 651 150 301 63 65
325 651 150 301 65 68
325 651 150 301 68 71
325 651 150 301 71 73
325 651 150 301 73 76
325 651 150 301 76 78
325 651 150 301 78 81
325 651 150 301 81 84
voxsize: 651x301x84 size:62.7894745MB
voxBW: 10 3
Decomp size:128
Initialization time: 0.009492
compute: 0.931859 seconds
evaluations: 1789439001
time: 0.952252 seconds
