hostname : cph-gpu2.uncc.edu
bounding: [-130;-65]x[20;50]x[5875;5958]
read 588189 observations
res: 0.1 0.1 1 bw: 2.5 2.5 7
544 651 192 224 0 84
160 352 128 192 0 84
320 384 0 128 0 84
384 448 192 301 0 84
96 160 128 192 0 84
0 96 0 301 0 84
512 651 128 192 0 84
448 480 128 224 0 84
384 651 0 96 0 84
352 448 128 192 0 84
448 651 224 301 0 84
480 512 128 224 0 84
96 320 0 128 0 84
96 384 192 301 0 84
384 651 96 128 0 84
512 544 192 224 0 84
voxsize: 651x301x84 size:62.7894745MB
voxBW: 25 7
Decomp size:16
Initialization time: 0.012273
compute: 4.925983 seconds
evaluations: 22258534021
time: 4.939355 seconds
