hostname : cph-c53.uncc.edu
bounding: [-130;-65]x[20;50]x[5875;5958]
read 588189 observations
res: 0.1 0.1 1 bw: 1 1 3
544 576 192 224 0 64
64 96 0 301 0 84
320 651 64 96 0 84
448 651 128 160 0 84
448 480 160 301 0 84
96 128 64 301 0 64
384 416 96 301 0 84
416 448 192 301 0 84
512 651 160 192 0 84
320 352 96 128 0 84
320 352 128 301 0 84
480 512 160 301 0 84
352 384 96 301 0 84
512 544 192 301 0 84
416 651 96 128 0 84
416 448 128 192 0 84
160 192 64 301 0 84
128 160 64 301 0 84
544 576 192 224 64 84
288 320 64 301 0 84
96 651 32 64 0 84
224 256 64 301 0 84
96 128 64 301 64 84
576 651 192 224 0 64
256 288 64 301 0 84
576 651 224 301 0 64
576 651 192 301 64 84
544 576 224 301 0 84
192 224 64 301 0 84
32 64 0 301 0 84
96 651 0 32 0 84
0 32 0 301 0 84
voxsize: 651x301x84 size:62.7894745MB
voxBW: 10 3
Decomp size:32
Initialization time: 0.010906
compute: 0.399864 seconds
evaluations: 1789439001
time: 0.411814 seconds
