hostname : cph-gpu4.uncc.edu
bounding: [-130;-65]x[20;50]x[5875;5958]
read 588189 observations
res: 0.01 0.01 1 bw: 0.5 0.5 3
0 407 0 188 0 42
0 407 0 188 42 84
0 407 188 375 0 42
0 407 188 375 42 84
0 407 375 563 0 42
0 407 375 563 42 84
0 407 563 750 0 42
0 407 563 750 42 84
0 407 750 938 0 42
0 407 750 938 42 84
0 407 938 1125 0 42
0 407 938 1125 42 84
0 407 1125 1313 0 42
0 407 1125 1313 42 84
0 407 1313 1500 0 42
0 407 1313 1500 42 84
0 407 1500 1688 0 42
0 407 1500 1688 42 84
0 407 1688 1875 0 42
0 407 1688 1875 42 84
0 407 1875 2063 0 42
0 407 1875 2063 42 84
0 407 2063 2250 0 42
0 407 2063 2250 42 84
0 407 2250 2438 0 42
0 407 2250 2438 42 84
0 407 2438 2625 0 42
0 407 2438 2625 42 84
0 407 2625 2813 0 42
0 407 2625 2813 42 84
0 407 2813 3001 0 42
0 407 2813 3001 42 84
407 813 0 188 0 42
407 813 0 188 42 84
407 813 188 375 0 42
407 813 188 375 42 84
407 813 375 563 0 42
407 813 375 563 42 84
407 813 563 750 0 42
407 813 563 750 42 84
407 813 750 938 0 42
407 813 750 938 42 84
407 813 938 1125 0 42
407 813 938 1125 42 84
407 813 1125 1313 0 42
407 813 1125 1313 42 84
407 813 1313 1500 0 42
407 813 1313 1500 42 84
407 813 1500 1688 0 42
407 813 1500 1688 42 84
407 813 1688 1875 0 42
407 813 1688 1875 42 84
407 813 1875 2063 0 42
407 813 1875 2063 42 84
407 813 2063 2250 0 42
407 813 2063 2250 42 84
407 813 2250 2438 0 42
407 813 2250 2438 42 84
407 813 2438 2625 0 42
407 813 2438 2625 42 84
407 813 2625 2813 0 42
407 813 2625 2813 42 84
407 813 2813 3001 0 42
407 813 2813 3001 42 84
813 1219 0 188 0 42
813 1219 0 188 42 84
813 1219 188 375 0 42
813 1219 188 375 42 84
813 1219 375 563 0 42
813 1219 375 563 42 84
813 1219 563 750 0 42
813 1219 563 750 42 84
813 1219 750 938 0 42
813 1219 750 938 42 84
813 1219 938 1125 0 42
813 1219 938 1125 42 84
813 1219 1125 1313 0 42
813 1219 1125 1313 42 84
813 1219 1313 1500 0 42
813 1219 1313 1500 42 84
813 1219 1500 1688 0 42
813 1219 1500 1688 42 84
813 1219 1688 1875 0 42
813 1219 1688 1875 42 84
813 1219 1875 2063 0 42
813 1219 1875 2063 42 84
813 1219 2063 2250 0 42
813 1219 2063 2250 42 84
813 1219 2250 2438 0 42
813 1219 2250 2438 42 84
813 1219 2438 2625 0 42
813 1219 2438 2625 42 84
813 1219 2625 2813 0 42
813 1219 2625 2813 42 84
813 1219 2813 3001 0 42
813 1219 2813 3001 42 84
1219 1625 0 188 0 42
1219 1625 0 188 42 84
1219 1625 188 375 0 42
1219 1625 188 375 42 84
1219 1625 375 563 0 42
1219 1625 375 563 42 84
1219 1625 563 750 0 42
1219 1625 563 750 42 84
1219 1625 750 938 0 42
1219 1625 750 938 42 84
1219 1625 938 1125 0 42
1219 1625 938 1125 42 84
1219 1625 1125 1313 0 42
1219 1625 1125 1313 42 84
1219 1625 1313 1500 0 42
1219 1625 1313 1500 42 84
1219 1625 1500 1688 0 42
1219 1625 1500 1688 42 84
1219 1625 1688 1875 0 42
1219 1625 1688 1875 42 84
1219 1625 1875 2063 0 42
1219 1625 1875 2063 42 84
1219 1625 2063 2250 0 42
1219 1625 2063 2250 42 84
1219 1625 2250 2438 0 42
1219 1625 2250 2438 42 84
1219 1625 2438 2625 0 42
1219 1625 2438 2625 42 84
1219 1625 2625 2813 0 42
1219 1625 2625 2813 42 84
1219 1625 2813 3001 0 42
1219 1625 2813 3001 42 84
1625 2032 0 188 0 42
1625 2032 0 188 42 84
1625 2032 188 375 0 42
1625 2032 188 375 42 84
1625 2032 375 563 0 42
1625 2032 375 563 42 84
1625 2032 563 750 0 42
1625 2032 563 750 42 84
1625 2032 750 938 0 42
1625 2032 750 938 42 84
1625 2032 938 1125 0 42
1625 2032 938 1125 42 84
1625 2032 1125 1313 0 42
1625 2032 1125 1313 42 84
1625 2032 1313 1500 0 42
1625 2032 1313 1500 42 84
1625 2032 1500 1688 0 42
1625 2032 1500 1688 42 84
1625 2032 1688 1875 0 42
1625 2032 1688 1875 42 84
1625 2032 1875 2063 0 42
1625 2032 1875 2063 42 84
1625 2032 2063 2250 0 42
1625 2032 2063 2250 42 84
1625 2032 2250 2438 0 42
1625 2032 2250 2438 42 84
1625 2032 2438 2625 0 42
1625 2032 2438 2625 42 84
1625 2032 2625 2813 0 42
1625 2032 2625 2813 42 84
1625 2032 2813 3001 0 42
1625 2032 2813 3001 42 84
2032 2438 0 188 0 42
2032 2438 0 188 42 84
2032 2438 188 375 0 42
2032 2438 188 375 42 84
2032 2438 375 563 0 42
2032 2438 375 563 42 84
2032 2438 563 750 0 42
2032 2438 563 750 42 84
2032 2438 750 938 0 42
2032 2438 750 938 42 84
2032 2438 938 1125 0 42
2032 2438 938 1125 42 84
2032 2438 1125 1313 0 42
2032 2438 1125 1313 42 84
2032 2438 1313 1500 0 42
2032 2438 1313 1500 42 84
2032 2438 1500 1688 0 42
2032 2438 1500 1688 42 84
2032 2438 1688 1875 0 42
2032 2438 1688 1875 42 84
2032 2438 1875 2063 0 42
2032 2438 1875 2063 42 84
2032 2438 2063 2250 0 42
2032 2438 2063 2250 42 84
2032 2438 2250 2438 0 42
2032 2438 2250 2438 42 84
2032 2438 2438 2625 0 42
2032 2438 2438 2625 42 84
2032 2438 2625 2813 0 42
2032 2438 2625 2813 42 84
2032 2438 2813 3001 0 42
2032 2438 2813 3001 42 84
2438 2844 0 188 0 42
2438 2844 0 188 42 84
2438 2844 188 375 0 42
2438 2844 188 375 42 84
2438 2844 375 563 0 42
2438 2844 375 563 42 84
2438 2844 563 750 0 42
2438 2844 563 750 42 84
2438 2844 750 938 0 42
2438 2844 750 938 42 84
2438 2844 938 1125 0 42
2438 2844 938 1125 42 84
2438 2844 1125 1313 0 42
2438 2844 1125 1313 42 84
2438 2844 1313 1500 0 42
2438 2844 1313 1500 42 84
2438 2844 1500 1688 0 42
2438 2844 1500 1688 42 84
2438 2844 1688 1875 0 42
2438 2844 1688 1875 42 84
2438 2844 1875 2063 0 42
2438 2844 1875 2063 42 84
2438 2844 2063 2250 0 42
2438 2844 2063 2250 42 84
2438 2844 2250 2438 0 42
2438 2844 2250 2438 42 84
2438 2844 2438 2625 0 42
2438 2844 2438 2625 42 84
2438 2844 2625 2813 0 42
2438 2844 2625 2813 42 84
2438 2844 2813 3001 0 42
2438 2844 2813 3001 42 84
2844 3250 0 188 0 42
2844 3250 0 188 42 84
2844 3250 188 375 0 42
2844 3250 188 375 42 84
2844 3250 375 563 0 42
2844 3250 375 563 42 84
2844 3250 563 750 0 42
2844 3250 563 750 42 84
2844 3250 750 938 0 42
2844 3250 750 938 42 84
2844 3250 938 1125 0 42
2844 3250 938 1125 42 84
2844 3250 1125 1313 0 42
2844 3250 1125 1313 42 84
2844 3250 1313 1500 0 42
2844 3250 1313 1500 42 84
2844 3250 1500 1688 0 42
2844 3250 1500 1688 42 84
2844 3250 1688 1875 0 42
2844 3250 1688 1875 42 84
2844 3250 1875 2063 0 42
2844 3250 1875 2063 42 84
2844 3250 2063 2250 0 42
2844 3250 2063 2250 42 84
2844 3250 2250 2438 0 42
2844 3250 2250 2438 42 84
2844 3250 2438 2625 0 42
2844 3250 2438 2625 42 84
2844 3250 2625 2813 0 42
2844 3250 2625 2813 42 84
2844 3250 2813 3001 0 42
2844 3250 2813 3001 42 84
3250 3657 0 188 0 42
3250 3657 0 188 42 84
3250 3657 188 375 0 42
3250 3657 188 375 42 84
3250 3657 375 563 0 42
3250 3657 375 563 42 84
3250 3657 563 750 0 42
3250 3657 563 750 42 84
3250 3657 750 938 0 42
3250 3657 750 938 42 84
3250 3657 938 1125 0 42
3250 3657 938 1125 42 84
3250 3657 1125 1313 0 42
3250 3657 1125 1313 42 84
3250 3657 1313 1500 0 42
3250 3657 1313 1500 42 84
3250 3657 1500 1688 0 42
3250 3657 1500 1688 42 84
3250 3657 1688 1875 0 42
3250 3657 1688 1875 42 84
3250 3657 1875 2063 0 42
3250 3657 1875 2063 42 84
3250 3657 2063 2250 0 42
3250 3657 2063 2250 42 84
3250 3657 2250 2438 0 42
3250 3657 2250 2438 42 84
3250 3657 2438 2625 0 42
3250 3657 2438 2625 42 84
3250 3657 2625 2813 0 42
3250 3657 2625 2813 42 84
3250 3657 2813 3001 0 42
3250 3657 2813 3001 42 84
3657 4063 0 188 0 42
3657 4063 0 188 42 84
3657 4063 188 375 0 42
3657 4063 188 375 42 84
3657 4063 375 563 0 42
3657 4063 375 563 42 84
3657 4063 563 750 0 42
3657 4063 563 750 42 84
3657 4063 750 938 0 42
3657 4063 750 938 42 84
3657 4063 938 1125 0 42
3657 4063 938 1125 42 84
3657 4063 1125 1313 0 42
3657 4063 1125 1313 42 84
3657 4063 1313 1500 0 42
3657 4063 1313 1500 42 84
3657 4063 1500 1688 0 42
3657 4063 1500 1688 42 84
3657 4063 1688 1875 0 42
3657 4063 1688 1875 42 84
3657 4063 1875 2063 0 42
3657 4063 1875 2063 42 84
3657 4063 2063 2250 0 42
3657 4063 2063 2250 42 84
3657 4063 2250 2438 0 42
3657 4063 2250 2438 42 84
3657 4063 2438 2625 0 42
3657 4063 2438 2625 42 84
3657 4063 2625 2813 0 42
3657 4063 2625 2813 42 84
3657 4063 2813 3001 0 42
3657 4063 2813 3001 42 84
4063 4469 0 188 0 42
4063 4469 0 188 42 84
4063 4469 188 375 0 42
4063 4469 188 375 42 84
4063 4469 375 563 0 42
4063 4469 375 563 42 84
4063 4469 563 750 0 42
4063 4469 563 750 42 84
4063 4469 750 938 0 42
4063 4469 750 938 42 84
4063 4469 938 1125 0 42
4063 4469 938 1125 42 84
4063 4469 1125 1313 0 42
4063 4469 1125 1313 42 84
4063 4469 1313 1500 0 42
4063 4469 1313 1500 42 84
4063 4469 1500 1688 0 42
4063 4469 1500 1688 42 84
4063 4469 1688 1875 0 42
4063 4469 1688 1875 42 84
4063 4469 1875 2063 0 42
4063 4469 1875 2063 42 84
4063 4469 2063 2250 0 42
4063 4469 2063 2250 42 84
4063 4469 2250 2438 0 42
4063 4469 2250 2438 42 84
4063 4469 2438 2625 0 42
4063 4469 2438 2625 42 84
4063 4469 2625 2813 0 42
4063 4469 2625 2813 42 84
4063 4469 2813 3001 0 42
4063 4469 2813 3001 42 84
4469 4875 0 188 0 42
4469 4875 0 188 42 84
4469 4875 188 375 0 42
4469 4875 188 375 42 84
4469 4875 375 563 0 42
4469 4875 375 563 42 84
4469 4875 563 750 0 42
4469 4875 563 750 42 84
4469 4875 750 938 0 42
4469 4875 750 938 42 84
4469 4875 938 1125 0 42
4469 4875 938 1125 42 84
4469 4875 1125 1313 0 42
4469 4875 1125 1313 42 84
4469 4875 1313 1500 0 42
4469 4875 1313 1500 42 84
4469 4875 1500 1688 0 42
4469 4875 1500 1688 42 84
4469 4875 1688 1875 0 42
4469 4875 1688 1875 42 84
4469 4875 1875 2063 0 42
4469 4875 1875 2063 42 84
4469 4875 2063 2250 0 42
4469 4875 2063 2250 42 84
4469 4875 2250 2438 0 42
4469 4875 2250 2438 42 84
4469 4875 2438 2625 0 42
4469 4875 2438 2625 42 84
4469 4875 2625 2813 0 42
4469 4875 2625 2813 42 84
4469 4875 2813 3001 0 42
4469 4875 2813 3001 42 84
4875 5282 0 188 0 42
4875 5282 0 188 42 84
4875 5282 188 375 0 42
4875 5282 188 375 42 84
4875 5282 375 563 0 42
4875 5282 375 563 42 84
4875 5282 563 750 0 42
4875 5282 563 750 42 84
4875 5282 750 938 0 42
4875 5282 750 938 42 84
4875 5282 938 1125 0 42
4875 5282 938 1125 42 84
4875 5282 1125 1313 0 42
4875 5282 1125 1313 42 84
4875 5282 1313 1500 0 42
4875 5282 1313 1500 42 84
4875 5282 1500 1688 0 42
4875 5282 1500 1688 42 84
4875 5282 1688 1875 0 42
4875 5282 1688 1875 42 84
4875 5282 1875 2063 0 42
4875 5282 1875 2063 42 84
4875 5282 2063 2250 0 42
4875 5282 2063 2250 42 84
4875 5282 2250 2438 0 42
4875 5282 2250 2438 42 84
4875 5282 2438 2625 0 42
4875 5282 2438 2625 42 84
4875 5282 2625 2813 0 42
4875 5282 2625 2813 42 84
4875 5282 2813 3001 0 42
4875 5282 2813 3001 42 84
5282 5688 0 188 0 42
5282 5688 0 188 42 84
5282 5688 188 375 0 42
5282 5688 188 375 42 84
5282 5688 375 563 0 42
5282 5688 375 563 42 84
5282 5688 563 750 0 42
5282 5688 563 750 42 84
5282 5688 750 938 0 42
5282 5688 750 938 42 84
5282 5688 938 1125 0 42
5282 5688 938 1125 42 84
5282 5688 1125 1313 0 42
5282 5688 1125 1313 42 84
5282 5688 1313 1500 0 42
5282 5688 1313 1500 42 84
5282 5688 1500 1688 0 42
5282 5688 1500 1688 42 84
5282 5688 1688 1875 0 42
5282 5688 1688 1875 42 84
5282 5688 1875 2063 0 42
5282 5688 1875 2063 42 84
5282 5688 2063 2250 0 42
5282 5688 2063 2250 42 84
5282 5688 2250 2438 0 42
5282 5688 2250 2438 42 84
5282 5688 2438 2625 0 42
5282 5688 2438 2625 42 84
5282 5688 2625 2813 0 42
5282 5688 2625 2813 42 84
5282 5688 2813 3001 0 42
5282 5688 2813 3001 42 84
5688 6094 0 188 0 42
5688 6094 0 188 42 84
5688 6094 188 375 0 42
5688 6094 188 375 42 84
5688 6094 375 563 0 42
5688 6094 375 563 42 84
5688 6094 563 750 0 42
5688 6094 563 750 42 84
5688 6094 750 938 0 42
5688 6094 750 938 42 84
5688 6094 938 1125 0 42
5688 6094 938 1125 42 84
5688 6094 1125 1313 0 42
5688 6094 1125 1313 42 84
5688 6094 1313 1500 0 42
5688 6094 1313 1500 42 84
5688 6094 1500 1688 0 42
5688 6094 1500 1688 42 84
5688 6094 1688 1875 0 42
5688 6094 1688 1875 42 84
5688 6094 1875 2063 0 42
5688 6094 1875 2063 42 84
5688 6094 2063 2250 0 42
5688 6094 2063 2250 42 84
5688 6094 2250 2438 0 42
5688 6094 2250 2438 42 84
5688 6094 2438 2625 0 42
5688 6094 2438 2625 42 84
5688 6094 2625 2813 0 42
5688 6094 2625 2813 42 84
5688 6094 2813 3001 0 42
5688 6094 2813 3001 42 84
6094 6501 0 188 0 42
6094 6501 0 188 42 84
6094 6501 188 375 0 42
6094 6501 188 375 42 84
6094 6501 375 563 0 42
6094 6501 375 563 42 84
6094 6501 563 750 0 42
6094 6501 563 750 42 84
6094 6501 750 938 0 42
6094 6501 750 938 42 84
6094 6501 938 1125 0 42
6094 6501 938 1125 42 84
6094 6501 1125 1313 0 42
6094 6501 1125 1313 42 84
6094 6501 1313 1500 0 42
6094 6501 1313 1500 42 84
6094 6501 1500 1688 0 42
6094 6501 1500 1688 42 84
6094 6501 1688 1875 0 42
6094 6501 1688 1875 42 84
6094 6501 1875 2063 0 42
6094 6501 1875 2063 42 84
6094 6501 2063 2250 0 42
6094 6501 2063 2250 42 84
6094 6501 2250 2438 0 42
6094 6501 2250 2438 42 84
6094 6501 2438 2625 0 42
6094 6501 2438 2625 42 84
6094 6501 2625 2813 0 42
6094 6501 2625 2813 42 84
6094 6501 2813 3001 0 42
6094 6501 2813 3001 42 84
voxsize: 6501x3001x84 size:6251.51857MB
voxBW: 50 3
Decomp size:512
Initialization time: 0.805003
compute: 9.820123 seconds
evaluations: 41392685368
time: 10.631781 seconds
