hostname : cph-gpu1.uncc.edu
bounding: [-130;-65]x[20;50]x[5875;5958]
read 588189 observations
res: 0.5 0.5 1 bw: 1 1 3
0 9 0 4 0 42
0 9 0 4 42 84
0 9 4 8 0 42
0 9 4 8 42 84
0 9 8 12 0 42
0 9 8 12 42 84
0 9 12 15 0 42
0 9 12 15 42 84
0 9 15 19 0 42
0 9 15 19 42 84
0 9 19 23 0 42
0 9 19 23 42 84
0 9 23 27 0 42
0 9 23 27 42 84
0 9 27 30 0 42
0 9 27 30 42 84
0 9 30 34 0 42
0 9 30 34 42 84
0 9 34 38 0 42
0 9 34 38 42 84
0 9 38 42 0 42
0 9 38 42 42 84
0 9 42 45 0 42
0 9 42 45 42 84
0 9 45 49 0 42
0 9 45 49 42 84
0 9 49 53 0 42
0 9 49 53 42 84
0 9 53 57 0 42
0 9 53 57 42 84
0 9 57 61 0 42
0 9 57 61 42 84
9 17 0 4 0 42
9 17 0 4 42 84
9 17 4 8 0 42
9 17 4 8 42 84
9 17 8 12 0 42
9 17 8 12 42 84
9 17 12 15 0 42
9 17 12 15 42 84
9 17 15 19 0 42
9 17 15 19 42 84
9 17 19 23 0 42
9 17 19 23 42 84
9 17 23 27 0 42
9 17 23 27 42 84
9 17 27 30 0 42
9 17 27 30 42 84
9 17 30 34 0 42
9 17 30 34 42 84
9 17 34 38 0 42
9 17 34 38 42 84
9 17 38 42 0 42
9 17 38 42 42 84
9 17 42 45 0 42
9 17 42 45 42 84
9 17 45 49 0 42
9 17 45 49 42 84
9 17 49 53 0 42
9 17 49 53 42 84
9 17 53 57 0 42
9 17 53 57 42 84
9 17 57 61 0 42
9 17 57 61 42 84
17 25 0 4 0 42
17 25 0 4 42 84
17 25 4 8 0 42
17 25 4 8 42 84
17 25 8 12 0 42
17 25 8 12 42 84
17 25 12 15 0 42
17 25 12 15 42 84
17 25 15 19 0 42
17 25 15 19 42 84
17 25 19 23 0 42
17 25 19 23 42 84
17 25 23 27 0 42
17 25 23 27 42 84
17 25 27 30 0 42
17 25 27 30 42 84
17 25 30 34 0 42
17 25 30 34 42 84
17 25 34 38 0 42
17 25 34 38 42 84
17 25 38 42 0 42
17 25 38 42 42 84
17 25 42 45 0 42
17 25 42 45 42 84
17 25 45 49 0 42
17 25 45 49 42 84
17 25 49 53 0 42
17 25 49 53 42 84
17 25 53 57 0 42
17 25 53 57 42 84
17 25 57 61 0 42
17 25 57 61 42 84
25 33 0 4 0 42
25 33 0 4 42 84
25 33 4 8 0 42
25 33 4 8 42 84
25 33 8 12 0 42
25 33 8 12 42 84
25 33 12 15 0 42
25 33 12 15 42 84
25 33 15 19 0 42
25 33 15 19 42 84
25 33 19 23 0 42
25 33 19 23 42 84
25 33 23 27 0 42
25 33 23 27 42 84
25 33 27 30 0 42
25 33 27 30 42 84
25 33 30 34 0 42
25 33 30 34 42 84
25 33 34 38 0 42
25 33 34 38 42 84
25 33 38 42 0 42
25 33 38 42 42 84
25 33 42 45 0 42
25 33 42 45 42 84
25 33 45 49 0 42
25 33 45 49 42 84
25 33 49 53 0 42
25 33 49 53 42 84
25 33 53 57 0 42
25 33 53 57 42 84
25 33 57 61 0 42
25 33 57 61 42 84
33 41 0 4 0 42
33 41 0 4 42 84
33 41 4 8 0 42
33 41 4 8 42 84
33 41 8 12 0 42
33 41 8 12 42 84
33 41 12 15 0 42
33 41 12 15 42 84
33 41 15 19 0 42
33 41 15 19 42 84
33 41 19 23 0 42
33 41 19 23 42 84
33 41 23 27 0 42
33 41 23 27 42 84
33 41 27 30 0 42
33 41 27 30 42 84
33 41 30 34 0 42
33 41 30 34 42 84
33 41 34 38 0 42
33 41 34 38 42 84
33 41 38 42 0 42
33 41 38 42 42 84
33 41 42 45 0 42
33 41 42 45 42 84
33 41 45 49 0 42
33 41 45 49 42 84
33 41 49 53 0 42
33 41 49 53 42 84
33 41 53 57 0 42
33 41 53 57 42 84
33 41 57 61 0 42
33 41 57 61 42 84
41 49 0 4 0 42
41 49 0 4 42 84
41 49 4 8 0 42
41 49 4 8 42 84
41 49 8 12 0 42
41 49 8 12 42 84
41 49 12 15 0 42
41 49 12 15 42 84
41 49 15 19 0 42
41 49 15 19 42 84
41 49 19 23 0 42
41 49 19 23 42 84
41 49 23 27 0 42
41 49 23 27 42 84
41 49 27 30 0 42
41 49 27 30 42 84
41 49 30 34 0 42
41 49 30 34 42 84
41 49 34 38 0 42
41 49 34 38 42 84
41 49 38 42 0 42
41 49 38 42 42 84
41 49 42 45 0 42
41 49 42 45 42 84
41 49 45 49 0 42
41 49 45 49 42 84
41 49 49 53 0 42
41 49 49 53 42 84
41 49 53 57 0 42
41 49 53 57 42 84
41 49 57 61 0 42
41 49 57 61 42 84
49 57 0 4 0 42
49 57 0 4 42 84
49 57 4 8 0 42
49 57 4 8 42 84
49 57 8 12 0 42
49 57 8 12 42 84
49 57 12 15 0 42
49 57 12 15 42 84
49 57 15 19 0 42
49 57 15 19 42 84
49 57 19 23 0 42
49 57 19 23 42 84
49 57 23 27 0 42
49 57 23 27 42 84
49 57 27 30 0 42
49 57 27 30 42 84
49 57 30 34 0 42
49 57 30 34 42 84
49 57 34 38 0 42
49 57 34 38 42 84
49 57 38 42 0 42
49 57 38 42 42 84
49 57 42 45 0 42
49 57 42 45 42 84
49 57 45 49 0 42
49 57 45 49 42 84
49 57 49 53 0 42
49 57 49 53 42 84
49 57 53 57 0 42
49 57 53 57 42 84
49 57 57 61 0 42
49 57 57 61 42 84
57 65 0 4 0 42
57 65 0 4 42 84
57 65 4 8 0 42
57 65 4 8 42 84
57 65 8 12 0 42
57 65 8 12 42 84
57 65 12 15 0 42
57 65 12 15 42 84
57 65 15 19 0 42
57 65 15 19 42 84
57 65 19 23 0 42
57 65 19 23 42 84
57 65 23 27 0 42
57 65 23 27 42 84
57 65 27 30 0 42
57 65 27 30 42 84
57 65 30 34 0 42
57 65 30 34 42 84
57 65 34 38 0 42
57 65 34 38 42 84
57 65 38 42 0 42
57 65 38 42 42 84
57 65 42 45 0 42
57 65 42 45 42 84
57 65 45 49 0 42
57 65 45 49 42 84
57 65 49 53 0 42
57 65 49 53 42 84
57 65 53 57 0 42
57 65 53 57 42 84
57 65 57 61 0 42
57 65 57 61 42 84
65 74 0 4 0 42
65 74 0 4 42 84
65 74 4 8 0 42
65 74 4 8 42 84
65 74 8 12 0 42
65 74 8 12 42 84
65 74 12 15 0 42
65 74 12 15 42 84
65 74 15 19 0 42
65 74 15 19 42 84
65 74 19 23 0 42
65 74 19 23 42 84
65 74 23 27 0 42
65 74 23 27 42 84
65 74 27 30 0 42
65 74 27 30 42 84
65 74 30 34 0 42
65 74 30 34 42 84
65 74 34 38 0 42
65 74 34 38 42 84
65 74 38 42 0 42
65 74 38 42 42 84
65 74 42 45 0 42
65 74 42 45 42 84
65 74 45 49 0 42
65 74 45 49 42 84
65 74 49 53 0 42
65 74 49 53 42 84
65 74 53 57 0 42
65 74 53 57 42 84
65 74 57 61 0 42
65 74 57 61 42 84
74 82 0 4 0 42
74 82 0 4 42 84
74 82 4 8 0 42
74 82 4 8 42 84
74 82 8 12 0 42
74 82 8 12 42 84
74 82 12 15 0 42
74 82 12 15 42 84
74 82 15 19 0 42
74 82 15 19 42 84
74 82 19 23 0 42
74 82 19 23 42 84
74 82 23 27 0 42
74 82 23 27 42 84
74 82 27 30 0 42
74 82 27 30 42 84
74 82 30 34 0 42
74 82 30 34 42 84
74 82 34 38 0 42
74 82 34 38 42 84
74 82 38 42 0 42
74 82 38 42 42 84
74 82 42 45 0 42
74 82 42 45 42 84
74 82 45 49 0 42
74 82 45 49 42 84
74 82 49 53 0 42
74 82 49 53 42 84
74 82 53 57 0 42
74 82 53 57 42 84
74 82 57 61 0 42
74 82 57 61 42 84
82 90 0 4 0 42
82 90 0 4 42 84
82 90 4 8 0 42
82 90 4 8 42 84
82 90 8 12 0 42
82 90 8 12 42 84
82 90 12 15 0 42
82 90 12 15 42 84
82 90 15 19 0 42
82 90 15 19 42 84
82 90 19 23 0 42
82 90 19 23 42 84
82 90 23 27 0 42
82 90 23 27 42 84
82 90 27 30 0 42
82 90 27 30 42 84
82 90 30 34 0 42
82 90 30 34 42 84
82 90 34 38 0 42
82 90 34 38 42 84
82 90 38 42 0 42
82 90 38 42 42 84
82 90 42 45 0 42
82 90 42 45 42 84
82 90 45 49 0 42
82 90 45 49 42 84
82 90 49 53 0 42
82 90 49 53 42 84
82 90 53 57 0 42
82 90 53 57 42 84
82 90 57 61 0 42
82 90 57 61 42 84
90 98 0 4 0 42
90 98 0 4 42 84
90 98 4 8 0 42
90 98 4 8 42 84
90 98 8 12 0 42
90 98 8 12 42 84
90 98 12 15 0 42
90 98 12 15 42 84
90 98 15 19 0 42
90 98 15 19 42 84
90 98 19 23 0 42
90 98 19 23 42 84
90 98 23 27 0 42
90 98 23 27 42 84
90 98 27 30 0 42
90 98 27 30 42 84
90 98 30 34 0 42
90 98 30 34 42 84
90 98 34 38 0 42
90 98 34 38 42 84
90 98 38 42 0 42
90 98 38 42 42 84
90 98 42 45 0 42
90 98 42 45 42 84
90 98 45 49 0 42
90 98 45 49 42 84
90 98 49 53 0 42
90 98 49 53 42 84
90 98 53 57 0 42
90 98 53 57 42 84
90 98 57 61 0 42
90 98 57 61 42 84
98 106 0 4 0 42
98 106 0 4 42 84
98 106 4 8 0 42
98 106 4 8 42 84
98 106 8 12 0 42
98 106 8 12 42 84
98 106 12 15 0 42
98 106 12 15 42 84
98 106 15 19 0 42
98 106 15 19 42 84
98 106 19 23 0 42
98 106 19 23 42 84
98 106 23 27 0 42
98 106 23 27 42 84
98 106 27 30 0 42
98 106 27 30 42 84
98 106 30 34 0 42
98 106 30 34 42 84
98 106 34 38 0 42
98 106 34 38 42 84
98 106 38 42 0 42
98 106 38 42 42 84
98 106 42 45 0 42
98 106 42 45 42 84
98 106 45 49 0 42
98 106 45 49 42 84
98 106 49 53 0 42
98 106 49 53 42 84
98 106 53 57 0 42
98 106 53 57 42 84
98 106 57 61 0 42
98 106 57 61 42 84
106 114 0 4 0 42
106 114 0 4 42 84
106 114 4 8 0 42
106 114 4 8 42 84
106 114 8 12 0 42
106 114 8 12 42 84
106 114 12 15 0 42
106 114 12 15 42 84
106 114 15 19 0 42
106 114 15 19 42 84
106 114 19 23 0 42
106 114 19 23 42 84
106 114 23 27 0 42
106 114 23 27 42 84
106 114 27 30 0 42
106 114 27 30 42 84
106 114 30 34 0 42
106 114 30 34 42 84
106 114 34 38 0 42
106 114 34 38 42 84
106 114 38 42 0 42
106 114 38 42 42 84
106 114 42 45 0 42
106 114 42 45 42 84
106 114 45 49 0 42
106 114 45 49 42 84
106 114 49 53 0 42
106 114 49 53 42 84
106 114 53 57 0 42
106 114 53 57 42 84
106 114 57 61 0 42
106 114 57 61 42 84
114 122 0 4 0 42
114 122 0 4 42 84
114 122 4 8 0 42
114 122 4 8 42 84
114 122 8 12 0 42
114 122 8 12 42 84
114 122 12 15 0 42
114 122 12 15 42 84
114 122 15 19 0 42
114 122 15 19 42 84
114 122 19 23 0 42
114 122 19 23 42 84
114 122 23 27 0 42
114 122 23 27 42 84
114 122 27 30 0 42
114 122 27 30 42 84
114 122 30 34 0 42
114 122 30 34 42 84
114 122 34 38 0 42
114 122 34 38 42 84
114 122 38 42 0 42
114 122 38 42 42 84
114 122 42 45 0 42
114 122 42 45 42 84
114 122 45 49 0 42
114 122 45 49 42 84
114 122 49 53 0 42
114 122 49 53 42 84
114 122 53 57 0 42
114 122 53 57 42 84
114 122 57 61 0 42
114 122 57 61 42 84
122 131 0 4 0 42
122 131 0 4 42 84
122 131 4 8 0 42
122 131 4 8 42 84
122 131 8 12 0 42
122 131 8 12 42 84
122 131 12 15 0 42
122 131 12 15 42 84
122 131 15 19 0 42
122 131 15 19 42 84
122 131 19 23 0 42
122 131 19 23 42 84
122 131 23 27 0 42
122 131 23 27 42 84
122 131 27 30 0 42
122 131 27 30 42 84
122 131 30 34 0 42
122 131 30 34 42 84
122 131 34 38 0 42
122 131 34 38 42 84
122 131 38 42 0 42
122 131 38 42 42 84
122 131 42 45 0 42
122 131 42 45 42 84
122 131 45 49 0 42
122 131 45 49 42 84
122 131 49 53 0 42
122 131 49 53 42 84
122 131 53 57 0 42
122 131 53 57 42 84
122 131 57 61 0 42
122 131 57 61 42 84
voxsize: 131x61x84 size:2.56059265MB
voxBW: 2 3
Decomp size:512
Initialization time: 0.002968
compute: 0.170075 seconds
evaluations: 101443144
time: 0.179471 seconds
