hostname : cph-gpu3.uncc.edu
bounding: [-130;-65]x[20;50]x[5875;5958]
read 588189 observations
res: 0.01 0.01 1 bw: 1 1 3
1024 2048 0 2304 0 84
2816 3840 0 1536 0 84
5120 6501 1024 2048 0 84
3840 4352 0 3001 0 84
5120 6501 2048 3001 0 84
4352 5120 1024 1792 0 84
4352 5120 1792 3001 0 84
0 1024 0 3001 0 84
4352 5120 0 1024 0 84
2816 3840 1536 3001 0 84
2048 2816 0 3001 0 84
1024 2048 2304 3001 0 84
5120 6501 0 1024 0 84
voxsize: 6501x3001x84 size:6251.51857MB
voxBW: 100 3
Decomp size:13
Initialization time: 0.613311
compute: 78.061907 seconds
evaluations: 163934121444
time: 78.682954 seconds
