hostname : cph-gpu2.uncc.edu
bounding: [-130;-65]x[20;50]x[5875;5958]
read 588189 observations
res: 0.1 0.1 1 bw: 2.5 2.5 7
0 82 0 38 0 6
0 82 0 38 6 11
0 82 0 38 11 16
0 82 0 38 16 21
0 82 0 38 21 26
0 82 0 38 26 32
0 82 0 38 32 37
0 82 0 38 37 42
0 82 0 38 42 47
0 82 0 38 47 52
0 82 0 38 52 58
0 82 0 38 58 63
0 82 0 38 63 68
0 82 0 38 68 73
0 82 0 38 73 78
0 82 0 38 78 84
0 82 38 75 0 6
0 82 38 75 6 11
0 82 38 75 11 16
0 82 38 75 16 21
0 82 38 75 21 26
0 82 38 75 26 32
0 82 38 75 32 37
0 82 38 75 37 42
0 82 38 75 42 47
0 82 38 75 47 52
0 82 38 75 52 58
0 82 38 75 58 63
0 82 38 75 63 68
0 82 38 75 68 73
0 82 38 75 73 78
0 82 38 75 78 84
0 82 75 113 0 6
0 82 75 113 6 11
0 82 75 113 11 16
0 82 75 113 16 21
0 82 75 113 21 26
0 82 75 113 26 32
0 82 75 113 32 37
0 82 75 113 37 42
0 82 75 113 42 47
0 82 75 113 47 52
0 82 75 113 52 58
0 82 75 113 58 63
0 82 75 113 63 68
0 82 75 113 68 73
0 82 75 113 73 78
0 82 75 113 78 84
0 82 113 150 0 6
0 82 113 150 6 11
0 82 113 150 11 16
0 82 113 150 16 21
0 82 113 150 21 26
0 82 113 150 26 32
0 82 113 150 32 37
0 82 113 150 37 42
0 82 113 150 42 47
0 82 113 150 47 52
0 82 113 150 52 58
0 82 113 150 58 63
0 82 113 150 63 68
0 82 113 150 68 73
0 82 113 150 73 78
0 82 113 150 78 84
0 82 150 188 0 6
0 82 150 188 6 11
0 82 150 188 11 16
0 82 150 188 16 21
0 82 150 188 21 26
0 82 150 188 26 32
0 82 150 188 32 37
0 82 150 188 37 42
0 82 150 188 42 47
0 82 150 188 47 52
0 82 150 188 52 58
0 82 150 188 58 63
0 82 150 188 63 68
0 82 150 188 68 73
0 82 150 188 73 78
0 82 150 188 78 84
0 82 188 225 0 6
0 82 188 225 6 11
0 82 188 225 11 16
0 82 188 225 16 21
0 82 188 225 21 26
0 82 188 225 26 32
0 82 188 225 32 37
0 82 188 225 37 42
0 82 188 225 42 47
0 82 188 225 47 52
0 82 188 225 52 58
0 82 188 225 58 63
0 82 188 225 63 68
0 82 188 225 68 73
0 82 188 225 73 78
0 82 188 225 78 84
0 82 225 263 0 6
0 82 225 263 6 11
0 82 225 263 11 16
0 82 225 263 16 21
0 82 225 263 21 26
0 82 225 263 26 32
0 82 225 263 32 37
0 82 225 263 37 42
0 82 225 263 42 47
0 82 225 263 47 52
0 82 225 263 52 58
0 82 225 263 58 63
0 82 225 263 63 68
0 82 225 263 68 73
0 82 225 263 73 78
0 82 225 263 78 84
0 82 263 301 0 6
0 82 263 301 6 11
0 82 263 301 11 16
0 82 263 301 16 21
0 82 263 301 21 26
0 82 263 301 26 32
0 82 263 301 32 37
0 82 263 301 37 42
0 82 263 301 42 47
0 82 263 301 47 52
0 82 263 301 52 58
0 82 263 301 58 63
0 82 263 301 63 68
0 82 263 301 68 73
0 82 263 301 73 78
0 82 263 301 78 84
82 163 0 38 0 6
82 163 0 38 6 11
82 163 0 38 11 16
82 163 0 38 16 21
82 163 0 38 21 26
82 163 0 38 26 32
82 163 0 38 32 37
82 163 0 38 37 42
82 163 0 38 42 47
82 163 0 38 47 52
82 163 0 38 52 58
82 163 0 38 58 63
82 163 0 38 63 68
82 163 0 38 68 73
82 163 0 38 73 78
82 163 0 38 78 84
82 163 38 75 0 6
82 163 38 75 6 11
82 163 38 75 11 16
82 163 38 75 16 21
82 163 38 75 21 26
82 163 38 75 26 32
82 163 38 75 32 37
82 163 38 75 37 42
82 163 38 75 42 47
82 163 38 75 47 52
82 163 38 75 52 58
82 163 38 75 58 63
82 163 38 75 63 68
82 163 38 75 68 73
82 163 38 75 73 78
82 163 38 75 78 84
82 163 75 113 0 6
82 163 75 113 6 11
82 163 75 113 11 16
82 163 75 113 16 21
82 163 75 113 21 26
82 163 75 113 26 32
82 163 75 113 32 37
82 163 75 113 37 42
82 163 75 113 42 47
82 163 75 113 47 52
82 163 75 113 52 58
82 163 75 113 58 63
82 163 75 113 63 68
82 163 75 113 68 73
82 163 75 113 73 78
82 163 75 113 78 84
82 163 113 150 0 6
82 163 113 150 6 11
82 163 113 150 11 16
82 163 113 150 16 21
82 163 113 150 21 26
82 163 113 150 26 32
82 163 113 150 32 37
82 163 113 150 37 42
82 163 113 150 42 47
82 163 113 150 47 52
82 163 113 150 52 58
82 163 113 150 58 63
82 163 113 150 63 68
82 163 113 150 68 73
82 163 113 150 73 78
82 163 113 150 78 84
82 163 150 188 0 6
82 163 150 188 6 11
82 163 150 188 11 16
82 163 150 188 16 21
82 163 150 188 21 26
82 163 150 188 26 32
82 163 150 188 32 37
82 163 150 188 37 42
82 163 150 188 42 47
82 163 150 188 47 52
82 163 150 188 52 58
82 163 150 188 58 63
82 163 150 188 63 68
82 163 150 188 68 73
82 163 150 188 73 78
82 163 150 188 78 84
82 163 188 225 0 6
82 163 188 225 6 11
82 163 188 225 11 16
82 163 188 225 16 21
82 163 188 225 21 26
82 163 188 225 26 32
82 163 188 225 32 37
82 163 188 225 37 42
82 163 188 225 42 47
82 163 188 225 47 52
82 163 188 225 52 58
82 163 188 225 58 63
82 163 188 225 63 68
82 163 188 225 68 73
82 163 188 225 73 78
82 163 188 225 78 84
82 163 225 263 0 6
82 163 225 263 6 11
82 163 225 263 11 16
82 163 225 263 16 21
82 163 225 263 21 26
82 163 225 263 26 32
82 163 225 263 32 37
82 163 225 263 37 42
82 163 225 263 42 47
82 163 225 263 47 52
82 163 225 263 52 58
82 163 225 263 58 63
82 163 225 263 63 68
82 163 225 263 68 73
82 163 225 263 73 78
82 163 225 263 78 84
82 163 263 301 0 6
82 163 263 301 6 11
82 163 263 301 11 16
82 163 263 301 16 21
82 163 263 301 21 26
82 163 263 301 26 32
82 163 263 301 32 37
82 163 263 301 37 42
82 163 263 301 42 47
82 163 263 301 47 52
82 163 263 301 52 58
82 163 263 301 58 63
82 163 263 301 63 68
82 163 263 301 68 73
82 163 263 301 73 78
82 163 263 301 78 84
163 244 0 38 0 6
163 244 0 38 6 11
163 244 0 38 11 16
163 244 0 38 16 21
163 244 0 38 21 26
163 244 0 38 26 32
163 244 0 38 32 37
163 244 0 38 37 42
163 244 0 38 42 47
163 244 0 38 47 52
163 244 0 38 52 58
163 244 0 38 58 63
163 244 0 38 63 68
163 244 0 38 68 73
163 244 0 38 73 78
163 244 0 38 78 84
163 244 38 75 0 6
163 244 38 75 6 11
163 244 38 75 11 16
163 244 38 75 16 21
163 244 38 75 21 26
163 244 38 75 26 32
163 244 38 75 32 37
163 244 38 75 37 42
163 244 38 75 42 47
163 244 38 75 47 52
163 244 38 75 52 58
163 244 38 75 58 63
163 244 38 75 63 68
163 244 38 75 68 73
163 244 38 75 73 78
163 244 38 75 78 84
163 244 75 113 0 6
163 244 75 113 6 11
163 244 75 113 11 16
163 244 75 113 16 21
163 244 75 113 21 26
163 244 75 113 26 32
163 244 75 113 32 37
163 244 75 113 37 42
163 244 75 113 42 47
163 244 75 113 47 52
163 244 75 113 52 58
163 244 75 113 58 63
163 244 75 113 63 68
163 244 75 113 68 73
163 244 75 113 73 78
163 244 75 113 78 84
163 244 113 150 0 6
163 244 113 150 6 11
163 244 113 150 11 16
163 244 113 150 16 21
163 244 113 150 21 26
163 244 113 150 26 32
163 244 113 150 32 37
163 244 113 150 37 42
163 244 113 150 42 47
163 244 113 150 47 52
163 244 113 150 52 58
163 244 113 150 58 63
163 244 113 150 63 68
163 244 113 150 68 73
163 244 113 150 73 78
163 244 113 150 78 84
163 244 150 188 0 6
163 244 150 188 6 11
163 244 150 188 11 16
163 244 150 188 16 21
163 244 150 188 21 26
163 244 150 188 26 32
163 244 150 188 32 37
163 244 150 188 37 42
163 244 150 188 42 47
163 244 150 188 47 52
163 244 150 188 52 58
163 244 150 188 58 63
163 244 150 188 63 68
163 244 150 188 68 73
163 244 150 188 73 78
163 244 150 188 78 84
163 244 188 225 0 6
163 244 188 225 6 11
163 244 188 225 11 16
163 244 188 225 16 21
163 244 188 225 21 26
163 244 188 225 26 32
163 244 188 225 32 37
163 244 188 225 37 42
163 244 188 225 42 47
163 244 188 225 47 52
163 244 188 225 52 58
163 244 188 225 58 63
163 244 188 225 63 68
163 244 188 225 68 73
163 244 188 225 73 78
163 244 188 225 78 84
163 244 225 263 0 6
163 244 225 263 6 11
163 244 225 263 11 16
163 244 225 263 16 21
163 244 225 263 21 26
163 244 225 263 26 32
163 244 225 263 32 37
163 244 225 263 37 42
163 244 225 263 42 47
163 244 225 263 47 52
163 244 225 263 52 58
163 244 225 263 58 63
163 244 225 263 63 68
163 244 225 263 68 73
163 244 225 263 73 78
163 244 225 263 78 84
163 244 263 301 0 6
163 244 263 301 6 11
163 244 263 301 11 16
163 244 263 301 16 21
163 244 263 301 21 26
163 244 263 301 26 32
163 244 263 301 32 37
163 244 263 301 37 42
163 244 263 301 42 47
163 244 263 301 47 52
163 244 263 301 52 58
163 244 263 301 58 63
163 244 263 301 63 68
163 244 263 301 68 73
163 244 263 301 73 78
163 244 263 301 78 84
244 325 0 38 0 6
244 325 0 38 6 11
244 325 0 38 11 16
244 325 0 38 16 21
244 325 0 38 21 26
244 325 0 38 26 32
244 325 0 38 32 37
244 325 0 38 37 42
244 325 0 38 42 47
244 325 0 38 47 52
244 325 0 38 52 58
244 325 0 38 58 63
244 325 0 38 63 68
244 325 0 38 68 73
244 325 0 38 73 78
244 325 0 38 78 84
244 325 38 75 0 6
244 325 38 75 6 11
244 325 38 75 11 16
244 325 38 75 16 21
244 325 38 75 21 26
244 325 38 75 26 32
244 325 38 75 32 37
244 325 38 75 37 42
244 325 38 75 42 47
244 325 38 75 47 52
244 325 38 75 52 58
244 325 38 75 58 63
244 325 38 75 63 68
244 325 38 75 68 73
244 325 38 75 73 78
244 325 38 75 78 84
244 325 75 113 0 6
244 325 75 113 6 11
244 325 75 113 11 16
244 325 75 113 16 21
244 325 75 113 21 26
244 325 75 113 26 32
244 325 75 113 32 37
244 325 75 113 37 42
244 325 75 113 42 47
244 325 75 113 47 52
244 325 75 113 52 58
244 325 75 113 58 63
244 325 75 113 63 68
244 325 75 113 68 73
244 325 75 113 73 78
244 325 75 113 78 84
244 325 113 150 0 6
244 325 113 150 6 11
244 325 113 150 11 16
244 325 113 150 16 21
244 325 113 150 21 26
244 325 113 150 26 32
244 325 113 150 32 37
244 325 113 150 37 42
244 325 113 150 42 47
244 325 113 150 47 52
244 325 113 150 52 58
244 325 113 150 58 63
244 325 113 150 63 68
244 325 113 150 68 73
244 325 113 150 73 78
244 325 113 150 78 84
244 325 150 188 0 6
244 325 150 188 6 11
244 325 150 188 11 16
244 325 150 188 16 21
244 325 150 188 21 26
244 325 150 188 26 32
244 325 150 188 32 37
244 325 150 188 37 42
244 325 150 188 42 47
244 325 150 188 47 52
244 325 150 188 52 58
244 325 150 188 58 63
244 325 150 188 63 68
244 325 150 188 68 73
244 325 150 188 73 78
244 325 150 188 78 84
244 325 188 225 0 6
244 325 188 225 6 11
244 325 188 225 11 16
244 325 188 225 16 21
244 325 188 225 21 26
244 325 188 225 26 32
244 325 188 225 32 37
244 325 188 225 37 42
244 325 188 225 42 47
244 325 188 225 47 52
244 325 188 225 52 58
244 325 188 225 58 63
244 325 188 225 63 68
244 325 188 225 68 73
244 325 188 225 73 78
244 325 188 225 78 84
244 325 225 263 0 6
244 325 225 263 6 11
244 325 225 263 11 16
244 325 225 263 16 21
244 325 225 263 21 26
244 325 225 263 26 32
244 325 225 263 32 37
244 325 225 263 37 42
244 325 225 263 42 47
244 325 225 263 47 52
244 325 225 263 52 58
244 325 225 263 58 63
244 325 225 263 63 68
244 325 225 263 68 73
244 325 225 263 73 78
244 325 225 263 78 84
244 325 263 301 0 6
244 325 263 301 6 11
244 325 263 301 11 16
244 325 263 301 16 21
244 325 263 301 21 26
244 325 263 301 26 32
244 325 263 301 32 37
244 325 263 301 37 42
244 325 263 301 42 47
244 325 263 301 47 52
244 325 263 301 52 58
244 325 263 301 58 63
244 325 263 301 63 68
244 325 263 301 68 73
244 325 263 301 73 78
244 325 263 301 78 84
325 407 0 38 0 6
325 407 0 38 6 11
325 407 0 38 11 16
325 407 0 38 16 21
325 407 0 38 21 26
325 407 0 38 26 32
325 407 0 38 32 37
325 407 0 38 37 42
325 407 0 38 42 47
325 407 0 38 47 52
325 407 0 38 52 58
325 407 0 38 58 63
325 407 0 38 63 68
325 407 0 38 68 73
325 407 0 38 73 78
325 407 0 38 78 84
325 407 38 75 0 6
325 407 38 75 6 11
325 407 38 75 11 16
325 407 38 75 16 21
325 407 38 75 21 26
325 407 38 75 26 32
325 407 38 75 32 37
325 407 38 75 37 42
325 407 38 75 42 47
325 407 38 75 47 52
325 407 38 75 52 58
325 407 38 75 58 63
325 407 38 75 63 68
325 407 38 75 68 73
325 407 38 75 73 78
325 407 38 75 78 84
325 407 75 113 0 6
325 407 75 113 6 11
325 407 75 113 11 16
325 407 75 113 16 21
325 407 75 113 21 26
325 407 75 113 26 32
325 407 75 113 32 37
325 407 75 113 37 42
325 407 75 113 42 47
325 407 75 113 47 52
325 407 75 113 52 58
325 407 75 113 58 63
325 407 75 113 63 68
325 407 75 113 68 73
325 407 75 113 73 78
325 407 75 113 78 84
325 407 113 150 0 6
325 407 113 150 6 11
325 407 113 150 11 16
325 407 113 150 16 21
325 407 113 150 21 26
325 407 113 150 26 32
325 407 113 150 32 37
325 407 113 150 37 42
325 407 113 150 42 47
325 407 113 150 47 52
325 407 113 150 52 58
325 407 113 150 58 63
325 407 113 150 63 68
325 407 113 150 68 73
325 407 113 150 73 78
325 407 113 150 78 84
325 407 150 188 0 6
325 407 150 188 6 11
325 407 150 188 11 16
325 407 150 188 16 21
325 407 150 188 21 26
325 407 150 188 26 32
325 407 150 188 32 37
325 407 150 188 37 42
325 407 150 188 42 47
325 407 150 188 47 52
325 407 150 188 52 58
325 407 150 188 58 63
325 407 150 188 63 68
325 407 150 188 68 73
325 407 150 188 73 78
325 407 150 188 78 84
325 407 188 225 0 6
325 407 188 225 6 11
325 407 188 225 11 16
325 407 188 225 16 21
325 407 188 225 21 26
325 407 188 225 26 32
325 407 188 225 32 37
325 407 188 225 37 42
325 407 188 225 42 47
325 407 188 225 47 52
325 407 188 225 52 58
325 407 188 225 58 63
325 407 188 225 63 68
325 407 188 225 68 73
325 407 188 225 73 78
325 407 188 225 78 84
325 407 225 263 0 6
325 407 225 263 6 11
325 407 225 263 11 16
325 407 225 263 16 21
325 407 225 263 21 26
325 407 225 263 26 32
325 407 225 263 32 37
325 407 225 263 37 42
325 407 225 263 42 47
325 407 225 263 47 52
325 407 225 263 52 58
325 407 225 263 58 63
325 407 225 263 63 68
325 407 225 263 68 73
325 407 225 263 73 78
325 407 225 263 78 84
325 407 263 301 0 6
325 407 263 301 6 11
325 407 263 301 11 16
325 407 263 301 16 21
325 407 263 301 21 26
325 407 263 301 26 32
325 407 263 301 32 37
325 407 263 301 37 42
325 407 263 301 42 47
325 407 263 301 47 52
325 407 263 301 52 58
325 407 263 301 58 63
325 407 263 301 63 68
325 407 263 301 68 73
325 407 263 301 73 78
325 407 263 301 78 84
407 488 0 38 0 6
407 488 0 38 6 11
407 488 0 38 11 16
407 488 0 38 16 21
407 488 0 38 21 26
407 488 0 38 26 32
407 488 0 38 32 37
407 488 0 38 37 42
407 488 0 38 42 47
407 488 0 38 47 52
407 488 0 38 52 58
407 488 0 38 58 63
407 488 0 38 63 68
407 488 0 38 68 73
407 488 0 38 73 78
407 488 0 38 78 84
407 488 38 75 0 6
407 488 38 75 6 11
407 488 38 75 11 16
407 488 38 75 16 21
407 488 38 75 21 26
407 488 38 75 26 32
407 488 38 75 32 37
407 488 38 75 37 42
407 488 38 75 42 47
407 488 38 75 47 52
407 488 38 75 52 58
407 488 38 75 58 63
407 488 38 75 63 68
407 488 38 75 68 73
407 488 38 75 73 78
407 488 38 75 78 84
407 488 75 113 0 6
407 488 75 113 6 11
407 488 75 113 11 16
407 488 75 113 16 21
407 488 75 113 21 26
407 488 75 113 26 32
407 488 75 113 32 37
407 488 75 113 37 42
407 488 75 113 42 47
407 488 75 113 47 52
407 488 75 113 52 58
407 488 75 113 58 63
407 488 75 113 63 68
407 488 75 113 68 73
407 488 75 113 73 78
407 488 75 113 78 84
407 488 113 150 0 6
407 488 113 150 6 11
407 488 113 150 11 16
407 488 113 150 16 21
407 488 113 150 21 26
407 488 113 150 26 32
407 488 113 150 32 37
407 488 113 150 37 42
407 488 113 150 42 47
407 488 113 150 47 52
407 488 113 150 52 58
407 488 113 150 58 63
407 488 113 150 63 68
407 488 113 150 68 73
407 488 113 150 73 78
407 488 113 150 78 84
407 488 150 188 0 6
407 488 150 188 6 11
407 488 150 188 11 16
407 488 150 188 16 21
407 488 150 188 21 26
407 488 150 188 26 32
407 488 150 188 32 37
407 488 150 188 37 42
407 488 150 188 42 47
407 488 150 188 47 52
407 488 150 188 52 58
407 488 150 188 58 63
407 488 150 188 63 68
407 488 150 188 68 73
407 488 150 188 73 78
407 488 150 188 78 84
407 488 188 225 0 6
407 488 188 225 6 11
407 488 188 225 11 16
407 488 188 225 16 21
407 488 188 225 21 26
407 488 188 225 26 32
407 488 188 225 32 37
407 488 188 225 37 42
407 488 188 225 42 47
407 488 188 225 47 52
407 488 188 225 52 58
407 488 188 225 58 63
407 488 188 225 63 68
407 488 188 225 68 73
407 488 188 225 73 78
407 488 188 225 78 84
407 488 225 263 0 6
407 488 225 263 6 11
407 488 225 263 11 16
407 488 225 263 16 21
407 488 225 263 21 26
407 488 225 263 26 32
407 488 225 263 32 37
407 488 225 263 37 42
407 488 225 263 42 47
407 488 225 263 47 52
407 488 225 263 52 58
407 488 225 263 58 63
407 488 225 263 63 68
407 488 225 263 68 73
407 488 225 263 73 78
407 488 225 263 78 84
407 488 263 301 0 6
407 488 263 301 6 11
407 488 263 301 11 16
407 488 263 301 16 21
407 488 263 301 21 26
407 488 263 301 26 32
407 488 263 301 32 37
407 488 263 301 37 42
407 488 263 301 42 47
407 488 263 301 47 52
407 488 263 301 52 58
407 488 263 301 58 63
407 488 263 301 63 68
407 488 263 301 68 73
407 488 263 301 73 78
407 488 263 301 78 84
488 569 0 38 0 6
488 569 0 38 6 11
488 569 0 38 11 16
488 569 0 38 16 21
488 569 0 38 21 26
488 569 0 38 26 32
488 569 0 38 32 37
488 569 0 38 37 42
488 569 0 38 42 47
488 569 0 38 47 52
488 569 0 38 52 58
488 569 0 38 58 63
488 569 0 38 63 68
488 569 0 38 68 73
488 569 0 38 73 78
488 569 0 38 78 84
488 569 38 75 0 6
488 569 38 75 6 11
488 569 38 75 11 16
488 569 38 75 16 21
488 569 38 75 21 26
488 569 38 75 26 32
488 569 38 75 32 37
488 569 38 75 37 42
488 569 38 75 42 47
488 569 38 75 47 52
488 569 38 75 52 58
488 569 38 75 58 63
488 569 38 75 63 68
488 569 38 75 68 73
488 569 38 75 73 78
488 569 38 75 78 84
488 569 75 113 0 6
488 569 75 113 6 11
488 569 75 113 11 16
488 569 75 113 16 21
488 569 75 113 21 26
488 569 75 113 26 32
488 569 75 113 32 37
488 569 75 113 37 42
488 569 75 113 42 47
488 569 75 113 47 52
488 569 75 113 52 58
488 569 75 113 58 63
488 569 75 113 63 68
488 569 75 113 68 73
488 569 75 113 73 78
488 569 75 113 78 84
488 569 113 150 0 6
488 569 113 150 6 11
488 569 113 150 11 16
488 569 113 150 16 21
488 569 113 150 21 26
488 569 113 150 26 32
488 569 113 150 32 37
488 569 113 150 37 42
488 569 113 150 42 47
488 569 113 150 47 52
488 569 113 150 52 58
488 569 113 150 58 63
488 569 113 150 63 68
488 569 113 150 68 73
488 569 113 150 73 78
488 569 113 150 78 84
488 569 150 188 0 6
488 569 150 188 6 11
488 569 150 188 11 16
488 569 150 188 16 21
488 569 150 188 21 26
488 569 150 188 26 32
488 569 150 188 32 37
488 569 150 188 37 42
488 569 150 188 42 47
488 569 150 188 47 52
488 569 150 188 52 58
488 569 150 188 58 63
488 569 150 188 63 68
488 569 150 188 68 73
488 569 150 188 73 78
488 569 150 188 78 84
488 569 188 225 0 6
488 569 188 225 6 11
488 569 188 225 11 16
488 569 188 225 16 21
488 569 188 225 21 26
488 569 188 225 26 32
488 569 188 225 32 37
488 569 188 225 37 42
488 569 188 225 42 47
488 569 188 225 47 52
488 569 188 225 52 58
488 569 188 225 58 63
488 569 188 225 63 68
488 569 188 225 68 73
488 569 188 225 73 78
488 569 188 225 78 84
488 569 225 263 0 6
488 569 225 263 6 11
488 569 225 263 11 16
488 569 225 263 16 21
488 569 225 263 21 26
488 569 225 263 26 32
488 569 225 263 32 37
488 569 225 263 37 42
488 569 225 263 42 47
488 569 225 263 47 52
488 569 225 263 52 58
488 569 225 263 58 63
488 569 225 263 63 68
488 569 225 263 68 73
488 569 225 263 73 78
488 569 225 263 78 84
488 569 263 301 0 6
488 569 263 301 6 11
488 569 263 301 11 16
488 569 263 301 16 21
488 569 263 301 21 26
488 569 263 301 26 32
488 569 263 301 32 37
488 569 263 301 37 42
488 569 263 301 42 47
488 569 263 301 47 52
488 569 263 301 52 58
488 569 263 301 58 63
488 569 263 301 63 68
488 569 263 301 68 73
488 569 263 301 73 78
488 569 263 301 78 84
569 651 0 38 0 6
569 651 0 38 6 11
569 651 0 38 11 16
569 651 0 38 16 21
569 651 0 38 21 26
569 651 0 38 26 32
569 651 0 38 32 37
569 651 0 38 37 42
569 651 0 38 42 47
569 651 0 38 47 52
569 651 0 38 52 58
569 651 0 38 58 63
569 651 0 38 63 68
569 651 0 38 68 73
569 651 0 38 73 78
569 651 0 38 78 84
569 651 38 75 0 6
569 651 38 75 6 11
569 651 38 75 11 16
569 651 38 75 16 21
569 651 38 75 21 26
569 651 38 75 26 32
569 651 38 75 32 37
569 651 38 75 37 42
569 651 38 75 42 47
569 651 38 75 47 52
569 651 38 75 52 58
569 651 38 75 58 63
569 651 38 75 63 68
569 651 38 75 68 73
569 651 38 75 73 78
569 651 38 75 78 84
569 651 75 113 0 6
569 651 75 113 6 11
569 651 75 113 11 16
569 651 75 113 16 21
569 651 75 113 21 26
569 651 75 113 26 32
569 651 75 113 32 37
569 651 75 113 37 42
569 651 75 113 42 47
569 651 75 113 47 52
569 651 75 113 52 58
569 651 75 113 58 63
569 651 75 113 63 68
569 651 75 113 68 73
569 651 75 113 73 78
569 651 75 113 78 84
569 651 113 150 0 6
569 651 113 150 6 11
569 651 113 150 11 16
569 651 113 150 16 21
569 651 113 150 21 26
569 651 113 150 26 32
569 651 113 150 32 37
569 651 113 150 37 42
569 651 113 150 42 47
569 651 113 150 47 52
569 651 113 150 52 58
569 651 113 150 58 63
569 651 113 150 63 68
569 651 113 150 68 73
569 651 113 150 73 78
569 651 113 150 78 84
569 651 150 188 0 6
569 651 150 188 6 11
569 651 150 188 11 16
569 651 150 188 16 21
569 651 150 188 21 26
569 651 150 188 26 32
569 651 150 188 32 37
569 651 150 188 37 42
569 651 150 188 42 47
569 651 150 188 47 52
569 651 150 188 52 58
569 651 150 188 58 63
569 651 150 188 63 68
569 651 150 188 68 73
569 651 150 188 73 78
569 651 150 188 78 84
569 651 188 225 0 6
569 651 188 225 6 11
569 651 188 225 11 16
569 651 188 225 16 21
569 651 188 225 21 26
569 651 188 225 26 32
569 651 188 225 32 37
569 651 188 225 37 42
569 651 188 225 42 47
569 651 188 225 47 52
569 651 188 225 52 58
569 651 188 225 58 63
569 651 188 225 63 68
569 651 188 225 68 73
569 651 188 225 73 78
569 651 188 225 78 84
569 651 225 263 0 6
569 651 225 263 6 11
569 651 225 263 11 16
569 651 225 263 16 21
569 651 225 263 21 26
569 651 225 263 26 32
569 651 225 263 32 37
569 651 225 263 37 42
569 651 225 263 42 47
569 651 225 263 47 52
569 651 225 263 52 58
569 651 225 263 58 63
569 651 225 263 63 68
569 651 225 263 68 73
569 651 225 263 73 78
569 651 225 263 78 84
569 651 263 301 0 6
569 651 263 301 6 11
569 651 263 301 11 16
569 651 263 301 16 21
569 651 263 301 21 26
569 651 263 301 26 32
569 651 263 301 32 37
569 651 263 301 37 42
569 651 263 301 42 47
569 651 263 301 47 52
569 651 263 301 52 58
569 651 263 301 58 63
569 651 263 301 63 68
569 651 263 301 68 73
569 651 263 301 73 78
569 651 263 301 78 84
voxsize: 651x301x84 size:62.7894745MB
voxBW: 25 7
Decomp size:1024
Initialization time: 0.010817
compute: 7.079739 seconds
evaluations: 22258534021
time: 7.111465 seconds
