hostname : cph-gpu2.uncc.edu
bounding: [-130;-65]x[20;50]x[5875;5958]
read 588189 observations
res: 0.1 0.1 1 bw: 2.5 2.5 7
544 608 0 301 0 84
288 384 0 160 0 84
0 160 0 192 0 84
448 512 0 160 0 84
448 512 160 301 0 84
384 448 160 301 0 84
512 544 0 301 0 84
160 288 0 301 0 84
384 448 0 160 0 84
0 160 192 301 0 84
288 384 160 301 0 84
608 651 0 301 0 84
voxsize: 651x301x84 size:62.7894745MB
voxBW: 25 7
Decomp size:12
Initialization time: 0.010199
compute: 8.137324 seconds
evaluations: 22258534021
time: 8.158359 seconds
