hostname : cph-gpu4.uncc.edu
bounding: [-130;-65]x[20;50]x[5875;5958]
read 588189 observations
res: 0.01 0.01 1 bw: 0.5 0.5 3
0 813 0 375 0 21
0 813 0 375 21 42
0 813 0 375 42 63
0 813 0 375 63 84
0 813 375 750 0 21
0 813 375 750 21 42
0 813 375 750 42 63
0 813 375 750 63 84
0 813 750 1125 0 21
0 813 750 1125 21 42
0 813 750 1125 42 63
0 813 750 1125 63 84
0 813 1125 1500 0 21
0 813 1125 1500 21 42
0 813 1125 1500 42 63
0 813 1125 1500 63 84
0 813 1500 1875 0 21
0 813 1500 1875 21 42
0 813 1500 1875 42 63
0 813 1500 1875 63 84
0 813 1875 2250 0 21
0 813 1875 2250 21 42
0 813 1875 2250 42 63
0 813 1875 2250 63 84
0 813 2250 2625 0 21
0 813 2250 2625 21 42
0 813 2250 2625 42 63
0 813 2250 2625 63 84
0 813 2625 3001 0 21
0 813 2625 3001 21 42
0 813 2625 3001 42 63
0 813 2625 3001 63 84
813 1625 0 375 0 21
813 1625 0 375 21 42
813 1625 0 375 42 63
813 1625 0 375 63 84
813 1625 375 750 0 21
813 1625 375 750 21 42
813 1625 375 750 42 63
813 1625 375 750 63 84
813 1625 750 1125 0 21
813 1625 750 1125 21 42
813 1625 750 1125 42 63
813 1625 750 1125 63 84
813 1625 1125 1500 0 21
813 1625 1125 1500 21 42
813 1625 1125 1500 42 63
813 1625 1125 1500 63 84
813 1625 1500 1875 0 21
813 1625 1500 1875 21 42
813 1625 1500 1875 42 63
813 1625 1500 1875 63 84
813 1625 1875 2250 0 21
813 1625 1875 2250 21 42
813 1625 1875 2250 42 63
813 1625 1875 2250 63 84
813 1625 2250 2625 0 21
813 1625 2250 2625 21 42
813 1625 2250 2625 42 63
813 1625 2250 2625 63 84
813 1625 2625 3001 0 21
813 1625 2625 3001 21 42
813 1625 2625 3001 42 63
813 1625 2625 3001 63 84
1625 2438 0 375 0 21
1625 2438 0 375 21 42
1625 2438 0 375 42 63
1625 2438 0 375 63 84
1625 2438 375 750 0 21
1625 2438 375 750 21 42
1625 2438 375 750 42 63
1625 2438 375 750 63 84
1625 2438 750 1125 0 21
1625 2438 750 1125 21 42
1625 2438 750 1125 42 63
1625 2438 750 1125 63 84
1625 2438 1125 1500 0 21
1625 2438 1125 1500 21 42
1625 2438 1125 1500 42 63
1625 2438 1125 1500 63 84
1625 2438 1500 1875 0 21
1625 2438 1500 1875 21 42
1625 2438 1500 1875 42 63
1625 2438 1500 1875 63 84
1625 2438 1875 2250 0 21
1625 2438 1875 2250 21 42
1625 2438 1875 2250 42 63
1625 2438 1875 2250 63 84
1625 2438 2250 2625 0 21
1625 2438 2250 2625 21 42
1625 2438 2250 2625 42 63
1625 2438 2250 2625 63 84
1625 2438 2625 3001 0 21
1625 2438 2625 3001 21 42
1625 2438 2625 3001 42 63
1625 2438 2625 3001 63 84
2438 3250 0 375 0 21
2438 3250 0 375 21 42
2438 3250 0 375 42 63
2438 3250 0 375 63 84
2438 3250 375 750 0 21
2438 3250 375 750 21 42
2438 3250 375 750 42 63
2438 3250 375 750 63 84
2438 3250 750 1125 0 21
2438 3250 750 1125 21 42
2438 3250 750 1125 42 63
2438 3250 750 1125 63 84
2438 3250 1125 1500 0 21
2438 3250 1125 1500 21 42
2438 3250 1125 1500 42 63
2438 3250 1125 1500 63 84
2438 3250 1500 1875 0 21
2438 3250 1500 1875 21 42
2438 3250 1500 1875 42 63
2438 3250 1500 1875 63 84
2438 3250 1875 2250 0 21
2438 3250 1875 2250 21 42
2438 3250 1875 2250 42 63
2438 3250 1875 2250 63 84
2438 3250 2250 2625 0 21
2438 3250 2250 2625 21 42
2438 3250 2250 2625 42 63
2438 3250 2250 2625 63 84
2438 3250 2625 3001 0 21
2438 3250 2625 3001 21 42
2438 3250 2625 3001 42 63
2438 3250 2625 3001 63 84
3250 4063 0 375 0 21
3250 4063 0 375 21 42
3250 4063 0 375 42 63
3250 4063 0 375 63 84
3250 4063 375 750 0 21
3250 4063 375 750 21 42
3250 4063 375 750 42 63
3250 4063 375 750 63 84
3250 4063 750 1125 0 21
3250 4063 750 1125 21 42
3250 4063 750 1125 42 63
3250 4063 750 1125 63 84
3250 4063 1125 1500 0 21
3250 4063 1125 1500 21 42
3250 4063 1125 1500 42 63
3250 4063 1125 1500 63 84
3250 4063 1500 1875 0 21
3250 4063 1500 1875 21 42
3250 4063 1500 1875 42 63
3250 4063 1500 1875 63 84
3250 4063 1875 2250 0 21
3250 4063 1875 2250 21 42
3250 4063 1875 2250 42 63
3250 4063 1875 2250 63 84
3250 4063 2250 2625 0 21
3250 4063 2250 2625 21 42
3250 4063 2250 2625 42 63
3250 4063 2250 2625 63 84
3250 4063 2625 3001 0 21
3250 4063 2625 3001 21 42
3250 4063 2625 3001 42 63
3250 4063 2625 3001 63 84
4063 4875 0 375 0 21
4063 4875 0 375 21 42
4063 4875 0 375 42 63
4063 4875 0 375 63 84
4063 4875 375 750 0 21
4063 4875 375 750 21 42
4063 4875 375 750 42 63
4063 4875 375 750 63 84
4063 4875 750 1125 0 21
4063 4875 750 1125 21 42
4063 4875 750 1125 42 63
4063 4875 750 1125 63 84
4063 4875 1125 1500 0 21
4063 4875 1125 1500 21 42
4063 4875 1125 1500 42 63
4063 4875 1125 1500 63 84
4063 4875 1500 1875 0 21
4063 4875 1500 1875 21 42
4063 4875 1500 1875 42 63
4063 4875 1500 1875 63 84
4063 4875 1875 2250 0 21
4063 4875 1875 2250 21 42
4063 4875 1875 2250 42 63
4063 4875 1875 2250 63 84
4063 4875 2250 2625 0 21
4063 4875 2250 2625 21 42
4063 4875 2250 2625 42 63
4063 4875 2250 2625 63 84
4063 4875 2625 3001 0 21
4063 4875 2625 3001 21 42
4063 4875 2625 3001 42 63
4063 4875 2625 3001 63 84
4875 5688 0 375 0 21
4875 5688 0 375 21 42
4875 5688 0 375 42 63
4875 5688 0 375 63 84
4875 5688 375 750 0 21
4875 5688 375 750 21 42
4875 5688 375 750 42 63
4875 5688 375 750 63 84
4875 5688 750 1125 0 21
4875 5688 750 1125 21 42
4875 5688 750 1125 42 63
4875 5688 750 1125 63 84
4875 5688 1125 1500 0 21
4875 5688 1125 1500 21 42
4875 5688 1125 1500 42 63
4875 5688 1125 1500 63 84
4875 5688 1500 1875 0 21
4875 5688 1500 1875 21 42
4875 5688 1500 1875 42 63
4875 5688 1500 1875 63 84
4875 5688 1875 2250 0 21
4875 5688 1875 2250 21 42
4875 5688 1875 2250 42 63
4875 5688 1875 2250 63 84
4875 5688 2250 2625 0 21
4875 5688 2250 2625 21 42
4875 5688 2250 2625 42 63
4875 5688 2250 2625 63 84
4875 5688 2625 3001 0 21
4875 5688 2625 3001 21 42
4875 5688 2625 3001 42 63
4875 5688 2625 3001 63 84
5688 6501 0 375 0 21
5688 6501 0 375 21 42
5688 6501 0 375 42 63
5688 6501 0 375 63 84
5688 6501 375 750 0 21
5688 6501 375 750 21 42
5688 6501 375 750 42 63
5688 6501 375 750 63 84
5688 6501 750 1125 0 21
5688 6501 750 1125 21 42
5688 6501 750 1125 42 63
5688 6501 750 1125 63 84
5688 6501 1125 1500 0 21
5688 6501 1125 1500 21 42
5688 6501 1125 1500 42 63
5688 6501 1125 1500 63 84
5688 6501 1500 1875 0 21
5688 6501 1500 1875 21 42
5688 6501 1500 1875 42 63
5688 6501 1500 1875 63 84
5688 6501 1875 2250 0 21
5688 6501 1875 2250 21 42
5688 6501 1875 2250 42 63
5688 6501 1875 2250 63 84
5688 6501 2250 2625 0 21
5688 6501 2250 2625 21 42
5688 6501 2250 2625 42 63
5688 6501 2250 2625 63 84
5688 6501 2625 3001 0 21
5688 6501 2625 3001 21 42
5688 6501 2625 3001 42 63
5688 6501 2625 3001 63 84
voxsize: 6501x3001x84 size:6251.51857MB
voxBW: 50 3
Decomp size:256
Initialization time: 0.746214
compute: 12.84156 seconds
evaluations: 41392685368
time: 13.604752 seconds
