hostname : cph-c53.uncc.edu
bounding: [-130;-65]x[20;50]x[5875;5958]
read 588189 observations
res: 0.1 0.1 1 bw: 1 1 3
0 163 0 75 0 3
0 163 0 75 3 6
0 163 0 75 6 8
0 163 0 75 8 11
0 163 0 75 11 13
0 163 0 75 13 16
0 163 0 75 16 19
0 163 0 75 19 21
0 163 0 75 21 24
0 163 0 75 24 26
0 163 0 75 26 29
0 163 0 75 29 32
0 163 0 75 32 34
0 163 0 75 34 37
0 163 0 75 37 39
0 163 0 75 39 42
0 163 0 75 42 45
0 163 0 75 45 47
0 163 0 75 47 50
0 163 0 75 50 52
0 163 0 75 52 55
0 163 0 75 55 58
0 163 0 75 58 60
0 163 0 75 60 63
0 163 0 75 63 65
0 163 0 75 65 68
0 163 0 75 68 71
0 163 0 75 71 73
0 163 0 75 73 76
0 163 0 75 76 78
0 163 0 75 78 81
0 163 0 75 81 84
0 163 75 150 0 3
0 163 75 150 3 6
0 163 75 150 6 8
0 163 75 150 8 11
0 163 75 150 11 13
0 163 75 150 13 16
0 163 75 150 16 19
0 163 75 150 19 21
0 163 75 150 21 24
0 163 75 150 24 26
0 163 75 150 26 29
0 163 75 150 29 32
0 163 75 150 32 34
0 163 75 150 34 37
0 163 75 150 37 39
0 163 75 150 39 42
0 163 75 150 42 45
0 163 75 150 45 47
0 163 75 150 47 50
0 163 75 150 50 52
0 163 75 150 52 55
0 163 75 150 55 58
0 163 75 150 58 60
0 163 75 150 60 63
0 163 75 150 63 65
0 163 75 150 65 68
0 163 75 150 68 71
0 163 75 150 71 73
0 163 75 150 73 76
0 163 75 150 76 78
0 163 75 150 78 81
0 163 75 150 81 84
0 163 150 225 0 3
0 163 150 225 3 6
0 163 150 225 6 8
0 163 150 225 8 11
0 163 150 225 11 13
0 163 150 225 13 16
0 163 150 225 16 19
0 163 150 225 19 21
0 163 150 225 21 24
0 163 150 225 24 26
0 163 150 225 26 29
0 163 150 225 29 32
0 163 150 225 32 34
0 163 150 225 34 37
0 163 150 225 37 39
0 163 150 225 39 42
0 163 150 225 42 45
0 163 150 225 45 47
0 163 150 225 47 50
0 163 150 225 50 52
0 163 150 225 52 55
0 163 150 225 55 58
0 163 150 225 58 60
0 163 150 225 60 63
0 163 150 225 63 65
0 163 150 225 65 68
0 163 150 225 68 71
0 163 150 225 71 73
0 163 150 225 73 76
0 163 150 225 76 78
0 163 150 225 78 81
0 163 150 225 81 84
0 163 225 301 0 3
0 163 225 301 3 6
0 163 225 301 6 8
0 163 225 301 8 11
0 163 225 301 11 13
0 163 225 301 13 16
0 163 225 301 16 19
0 163 225 301 19 21
0 163 225 301 21 24
0 163 225 301 24 26
0 163 225 301 26 29
0 163 225 301 29 32
0 163 225 301 32 34
0 163 225 301 34 37
0 163 225 301 37 39
0 163 225 301 39 42
0 163 225 301 42 45
0 163 225 301 45 47
0 163 225 301 47 50
0 163 225 301 50 52
0 163 225 301 52 55
0 163 225 301 55 58
0 163 225 301 58 60
0 163 225 301 60 63
0 163 225 301 63 65
0 163 225 301 65 68
0 163 225 301 68 71
0 163 225 301 71 73
0 163 225 301 73 76
0 163 225 301 76 78
0 163 225 301 78 81
0 163 225 301 81 84
163 325 0 75 0 3
163 325 0 75 3 6
163 325 0 75 6 8
163 325 0 75 8 11
163 325 0 75 11 13
163 325 0 75 13 16
163 325 0 75 16 19
163 325 0 75 19 21
163 325 0 75 21 24
163 325 0 75 24 26
163 325 0 75 26 29
163 325 0 75 29 32
163 325 0 75 32 34
163 325 0 75 34 37
163 325 0 75 37 39
163 325 0 75 39 42
163 325 0 75 42 45
163 325 0 75 45 47
163 325 0 75 47 50
163 325 0 75 50 52
163 325 0 75 52 55
163 325 0 75 55 58
163 325 0 75 58 60
163 325 0 75 60 63
163 325 0 75 63 65
163 325 0 75 65 68
163 325 0 75 68 71
163 325 0 75 71 73
163 325 0 75 73 76
163 325 0 75 76 78
163 325 0 75 78 81
163 325 0 75 81 84
163 325 75 150 0 3
163 325 75 150 3 6
163 325 75 150 6 8
163 325 75 150 8 11
163 325 75 150 11 13
163 325 75 150 13 16
163 325 75 150 16 19
163 325 75 150 19 21
163 325 75 150 21 24
163 325 75 150 24 26
163 325 75 150 26 29
163 325 75 150 29 32
163 325 75 150 32 34
163 325 75 150 34 37
163 325 75 150 37 39
163 325 75 150 39 42
163 325 75 150 42 45
163 325 75 150 45 47
163 325 75 150 47 50
163 325 75 150 50 52
163 325 75 150 52 55
163 325 75 150 55 58
163 325 75 150 58 60
163 325 75 150 60 63
163 325 75 150 63 65
163 325 75 150 65 68
163 325 75 150 68 71
163 325 75 150 71 73
163 325 75 150 73 76
163 325 75 150 76 78
163 325 75 150 78 81
163 325 75 150 81 84
163 325 150 225 0 3
163 325 150 225 3 6
163 325 150 225 6 8
163 325 150 225 8 11
163 325 150 225 11 13
163 325 150 225 13 16
163 325 150 225 16 19
163 325 150 225 19 21
163 325 150 225 21 24
163 325 150 225 24 26
163 325 150 225 26 29
163 325 150 225 29 32
163 325 150 225 32 34
163 325 150 225 34 37
163 325 150 225 37 39
163 325 150 225 39 42
163 325 150 225 42 45
163 325 150 225 45 47
163 325 150 225 47 50
163 325 150 225 50 52
163 325 150 225 52 55
163 325 150 225 55 58
163 325 150 225 58 60
163 325 150 225 60 63
163 325 150 225 63 65
163 325 150 225 65 68
163 325 150 225 68 71
163 325 150 225 71 73
163 325 150 225 73 76
163 325 150 225 76 78
163 325 150 225 78 81
163 325 150 225 81 84
163 325 225 301 0 3
163 325 225 301 3 6
163 325 225 301 6 8
163 325 225 301 8 11
163 325 225 301 11 13
163 325 225 301 13 16
163 325 225 301 16 19
163 325 225 301 19 21
163 325 225 301 21 24
163 325 225 301 24 26
163 325 225 301 26 29
163 325 225 301 29 32
163 325 225 301 32 34
163 325 225 301 34 37
163 325 225 301 37 39
163 325 225 301 39 42
163 325 225 301 42 45
163 325 225 301 45 47
163 325 225 301 47 50
163 325 225 301 50 52
163 325 225 301 52 55
163 325 225 301 55 58
163 325 225 301 58 60
163 325 225 301 60 63
163 325 225 301 63 65
163 325 225 301 65 68
163 325 225 301 68 71
163 325 225 301 71 73
163 325 225 301 73 76
163 325 225 301 76 78
163 325 225 301 78 81
163 325 225 301 81 84
325 488 0 75 0 3
325 488 0 75 3 6
325 488 0 75 6 8
325 488 0 75 8 11
325 488 0 75 11 13
325 488 0 75 13 16
325 488 0 75 16 19
325 488 0 75 19 21
325 488 0 75 21 24
325 488 0 75 24 26
325 488 0 75 26 29
325 488 0 75 29 32
325 488 0 75 32 34
325 488 0 75 34 37
325 488 0 75 37 39
325 488 0 75 39 42
325 488 0 75 42 45
325 488 0 75 45 47
325 488 0 75 47 50
325 488 0 75 50 52
325 488 0 75 52 55
325 488 0 75 55 58
325 488 0 75 58 60
325 488 0 75 60 63
325 488 0 75 63 65
325 488 0 75 65 68
325 488 0 75 68 71
325 488 0 75 71 73
325 488 0 75 73 76
325 488 0 75 76 78
325 488 0 75 78 81
325 488 0 75 81 84
325 488 75 150 0 3
325 488 75 150 3 6
325 488 75 150 6 8
325 488 75 150 8 11
325 488 75 150 11 13
325 488 75 150 13 16
325 488 75 150 16 19
325 488 75 150 19 21
325 488 75 150 21 24
325 488 75 150 24 26
325 488 75 150 26 29
325 488 75 150 29 32
325 488 75 150 32 34
325 488 75 150 34 37
325 488 75 150 37 39
325 488 75 150 39 42
325 488 75 150 42 45
325 488 75 150 45 47
325 488 75 150 47 50
325 488 75 150 50 52
325 488 75 150 52 55
325 488 75 150 55 58
325 488 75 150 58 60
325 488 75 150 60 63
325 488 75 150 63 65
325 488 75 150 65 68
325 488 75 150 68 71
325 488 75 150 71 73
325 488 75 150 73 76
325 488 75 150 76 78
325 488 75 150 78 81
325 488 75 150 81 84
325 488 150 225 0 3
325 488 150 225 3 6
325 488 150 225 6 8
325 488 150 225 8 11
325 488 150 225 11 13
325 488 150 225 13 16
325 488 150 225 16 19
325 488 150 225 19 21
325 488 150 225 21 24
325 488 150 225 24 26
325 488 150 225 26 29
325 488 150 225 29 32
325 488 150 225 32 34
325 488 150 225 34 37
325 488 150 225 37 39
325 488 150 225 39 42
325 488 150 225 42 45
325 488 150 225 45 47
325 488 150 225 47 50
325 488 150 225 50 52
325 488 150 225 52 55
325 488 150 225 55 58
325 488 150 225 58 60
325 488 150 225 60 63
325 488 150 225 63 65
325 488 150 225 65 68
325 488 150 225 68 71
325 488 150 225 71 73
325 488 150 225 73 76
325 488 150 225 76 78
325 488 150 225 78 81
325 488 150 225 81 84
325 488 225 301 0 3
325 488 225 301 3 6
325 488 225 301 6 8
325 488 225 301 8 11
325 488 225 301 11 13
325 488 225 301 13 16
325 488 225 301 16 19
325 488 225 301 19 21
325 488 225 301 21 24
325 488 225 301 24 26
325 488 225 301 26 29
325 488 225 301 29 32
325 488 225 301 32 34
325 488 225 301 34 37
325 488 225 301 37 39
325 488 225 301 39 42
325 488 225 301 42 45
325 488 225 301 45 47
325 488 225 301 47 50
325 488 225 301 50 52
325 488 225 301 52 55
325 488 225 301 55 58
325 488 225 301 58 60
325 488 225 301 60 63
325 488 225 301 63 65
325 488 225 301 65 68
325 488 225 301 68 71
325 488 225 301 71 73
325 488 225 301 73 76
325 488 225 301 76 78
325 488 225 301 78 81
325 488 225 301 81 84
488 651 0 75 0 3
488 651 0 75 3 6
488 651 0 75 6 8
488 651 0 75 8 11
488 651 0 75 11 13
488 651 0 75 13 16
488 651 0 75 16 19
488 651 0 75 19 21
488 651 0 75 21 24
488 651 0 75 24 26
488 651 0 75 26 29
488 651 0 75 29 32
488 651 0 75 32 34
488 651 0 75 34 37
488 651 0 75 37 39
488 651 0 75 39 42
488 651 0 75 42 45
488 651 0 75 45 47
488 651 0 75 47 50
488 651 0 75 50 52
488 651 0 75 52 55
488 651 0 75 55 58
488 651 0 75 58 60
488 651 0 75 60 63
488 651 0 75 63 65
488 651 0 75 65 68
488 651 0 75 68 71
488 651 0 75 71 73
488 651 0 75 73 76
488 651 0 75 76 78
488 651 0 75 78 81
488 651 0 75 81 84
488 651 75 150 0 3
488 651 75 150 3 6
488 651 75 150 6 8
488 651 75 150 8 11
488 651 75 150 11 13
488 651 75 150 13 16
488 651 75 150 16 19
488 651 75 150 19 21
488 651 75 150 21 24
488 651 75 150 24 26
488 651 75 150 26 29
488 651 75 150 29 32
488 651 75 150 32 34
488 651 75 150 34 37
488 651 75 150 37 39
488 651 75 150 39 42
488 651 75 150 42 45
488 651 75 150 45 47
488 651 75 150 47 50
488 651 75 150 50 52
488 651 75 150 52 55
488 651 75 150 55 58
488 651 75 150 58 60
488 651 75 150 60 63
488 651 75 150 63 65
488 651 75 150 65 68
488 651 75 150 68 71
488 651 75 150 71 73
488 651 75 150 73 76
488 651 75 150 76 78
488 651 75 150 78 81
488 651 75 150 81 84
488 651 150 225 0 3
488 651 150 225 3 6
488 651 150 225 6 8
488 651 150 225 8 11
488 651 150 225 11 13
488 651 150 225 13 16
488 651 150 225 16 19
488 651 150 225 19 21
488 651 150 225 21 24
488 651 150 225 24 26
488 651 150 225 26 29
488 651 150 225 29 32
488 651 150 225 32 34
488 651 150 225 34 37
488 651 150 225 37 39
488 651 150 225 39 42
488 651 150 225 42 45
488 651 150 225 45 47
488 651 150 225 47 50
488 651 150 225 50 52
488 651 150 225 52 55
488 651 150 225 55 58
488 651 150 225 58 60
488 651 150 225 60 63
488 651 150 225 63 65
488 651 150 225 65 68
488 651 150 225 68 71
488 651 150 225 71 73
488 651 150 225 73 76
488 651 150 225 76 78
488 651 150 225 78 81
488 651 150 225 81 84
488 651 225 301 0 3
488 651 225 301 3 6
488 651 225 301 6 8
488 651 225 301 8 11
488 651 225 301 11 13
488 651 225 301 13 16
488 651 225 301 16 19
488 651 225 301 19 21
488 651 225 301 21 24
488 651 225 301 24 26
488 651 225 301 26 29
488 651 225 301 29 32
488 651 225 301 32 34
488 651 225 301 34 37
488 651 225 301 37 39
488 651 225 301 39 42
488 651 225 301 42 45
488 651 225 301 45 47
488 651 225 301 47 50
488 651 225 301 50 52
488 651 225 301 52 55
488 651 225 301 55 58
488 651 225 301 58 60
488 651 225 301 60 63
488 651 225 301 63 65
488 651 225 301 65 68
488 651 225 301 68 71
488 651 225 301 71 73
488 651 225 301 73 76
488 651 225 301 76 78
488 651 225 301 78 81
488 651 225 301 81 84
voxsize: 651x301x84 size:62.7894745MB
voxBW: 10 3
Decomp size:512
Initialization time: 0.010231
compute: 1.008134 seconds
evaluations: 1789439001
time: 1.025140 seconds
