hostname : cph-gpu2.uncc.edu
bounding: [-130;-65]x[20;50]x[5875;5958]
read 588189 observations
res: 0.1 0.1 1 bw: 2.5 2.5 7
0 163 0 75 0 6
0 163 0 75 6 11
0 163 0 75 11 16
0 163 0 75 16 21
0 163 0 75 21 26
0 163 0 75 26 32
0 163 0 75 32 37
0 163 0 75 37 42
0 163 0 75 42 47
0 163 0 75 47 52
0 163 0 75 52 58
0 163 0 75 58 63
0 163 0 75 63 68
0 163 0 75 68 73
0 163 0 75 73 78
0 163 0 75 78 84
0 163 75 150 0 6
0 163 75 150 6 11
0 163 75 150 11 16
0 163 75 150 16 21
0 163 75 150 21 26
0 163 75 150 26 32
0 163 75 150 32 37
0 163 75 150 37 42
0 163 75 150 42 47
0 163 75 150 47 52
0 163 75 150 52 58
0 163 75 150 58 63
0 163 75 150 63 68
0 163 75 150 68 73
0 163 75 150 73 78
0 163 75 150 78 84
0 163 150 225 0 6
0 163 150 225 6 11
0 163 150 225 11 16
0 163 150 225 16 21
0 163 150 225 21 26
0 163 150 225 26 32
0 163 150 225 32 37
0 163 150 225 37 42
0 163 150 225 42 47
0 163 150 225 47 52
0 163 150 225 52 58
0 163 150 225 58 63
0 163 150 225 63 68
0 163 150 225 68 73
0 163 150 225 73 78
0 163 150 225 78 84
0 163 225 301 0 6
0 163 225 301 6 11
0 163 225 301 11 16
0 163 225 301 16 21
0 163 225 301 21 26
0 163 225 301 26 32
0 163 225 301 32 37
0 163 225 301 37 42
0 163 225 301 42 47
0 163 225 301 47 52
0 163 225 301 52 58
0 163 225 301 58 63
0 163 225 301 63 68
0 163 225 301 68 73
0 163 225 301 73 78
0 163 225 301 78 84
163 325 0 75 0 6
163 325 0 75 6 11
163 325 0 75 11 16
163 325 0 75 16 21
163 325 0 75 21 26
163 325 0 75 26 32
163 325 0 75 32 37
163 325 0 75 37 42
163 325 0 75 42 47
163 325 0 75 47 52
163 325 0 75 52 58
163 325 0 75 58 63
163 325 0 75 63 68
163 325 0 75 68 73
163 325 0 75 73 78
163 325 0 75 78 84
163 325 75 150 0 6
163 325 75 150 6 11
163 325 75 150 11 16
163 325 75 150 16 21
163 325 75 150 21 26
163 325 75 150 26 32
163 325 75 150 32 37
163 325 75 150 37 42
163 325 75 150 42 47
163 325 75 150 47 52
163 325 75 150 52 58
163 325 75 150 58 63
163 325 75 150 63 68
163 325 75 150 68 73
163 325 75 150 73 78
163 325 75 150 78 84
163 325 150 225 0 6
163 325 150 225 6 11
163 325 150 225 11 16
163 325 150 225 16 21
163 325 150 225 21 26
163 325 150 225 26 32
163 325 150 225 32 37
163 325 150 225 37 42
163 325 150 225 42 47
163 325 150 225 47 52
163 325 150 225 52 58
163 325 150 225 58 63
163 325 150 225 63 68
163 325 150 225 68 73
163 325 150 225 73 78
163 325 150 225 78 84
163 325 225 301 0 6
163 325 225 301 6 11
163 325 225 301 11 16
163 325 225 301 16 21
163 325 225 301 21 26
163 325 225 301 26 32
163 325 225 301 32 37
163 325 225 301 37 42
163 325 225 301 42 47
163 325 225 301 47 52
163 325 225 301 52 58
163 325 225 301 58 63
163 325 225 301 63 68
163 325 225 301 68 73
163 325 225 301 73 78
163 325 225 301 78 84
325 488 0 75 0 6
325 488 0 75 6 11
325 488 0 75 11 16
325 488 0 75 16 21
325 488 0 75 21 26
325 488 0 75 26 32
325 488 0 75 32 37
325 488 0 75 37 42
325 488 0 75 42 47
325 488 0 75 47 52
325 488 0 75 52 58
325 488 0 75 58 63
325 488 0 75 63 68
325 488 0 75 68 73
325 488 0 75 73 78
325 488 0 75 78 84
325 488 75 150 0 6
325 488 75 150 6 11
325 488 75 150 11 16
325 488 75 150 16 21
325 488 75 150 21 26
325 488 75 150 26 32
325 488 75 150 32 37
325 488 75 150 37 42
325 488 75 150 42 47
325 488 75 150 47 52
325 488 75 150 52 58
325 488 75 150 58 63
325 488 75 150 63 68
325 488 75 150 68 73
325 488 75 150 73 78
325 488 75 150 78 84
325 488 150 225 0 6
325 488 150 225 6 11
325 488 150 225 11 16
325 488 150 225 16 21
325 488 150 225 21 26
325 488 150 225 26 32
325 488 150 225 32 37
325 488 150 225 37 42
325 488 150 225 42 47
325 488 150 225 47 52
325 488 150 225 52 58
325 488 150 225 58 63
325 488 150 225 63 68
325 488 150 225 68 73
325 488 150 225 73 78
325 488 150 225 78 84
325 488 225 301 0 6
325 488 225 301 6 11
325 488 225 301 11 16
325 488 225 301 16 21
325 488 225 301 21 26
325 488 225 301 26 32
325 488 225 301 32 37
325 488 225 301 37 42
325 488 225 301 42 47
325 488 225 301 47 52
325 488 225 301 52 58
325 488 225 301 58 63
325 488 225 301 63 68
325 488 225 301 68 73
325 488 225 301 73 78
325 488 225 301 78 84
488 651 0 75 0 6
488 651 0 75 6 11
488 651 0 75 11 16
488 651 0 75 16 21
488 651 0 75 21 26
488 651 0 75 26 32
488 651 0 75 32 37
488 651 0 75 37 42
488 651 0 75 42 47
488 651 0 75 47 52
488 651 0 75 52 58
488 651 0 75 58 63
488 651 0 75 63 68
488 651 0 75 68 73
488 651 0 75 73 78
488 651 0 75 78 84
488 651 75 150 0 6
488 651 75 150 6 11
488 651 75 150 11 16
488 651 75 150 16 21
488 651 75 150 21 26
488 651 75 150 26 32
488 651 75 150 32 37
488 651 75 150 37 42
488 651 75 150 42 47
488 651 75 150 47 52
488 651 75 150 52 58
488 651 75 150 58 63
488 651 75 150 63 68
488 651 75 150 68 73
488 651 75 150 73 78
488 651 75 150 78 84
488 651 150 225 0 6
488 651 150 225 6 11
488 651 150 225 11 16
488 651 150 225 16 21
488 651 150 225 21 26
488 651 150 225 26 32
488 651 150 225 32 37
488 651 150 225 37 42
488 651 150 225 42 47
488 651 150 225 47 52
488 651 150 225 52 58
488 651 150 225 58 63
488 651 150 225 63 68
488 651 150 225 68 73
488 651 150 225 73 78
488 651 150 225 78 84
488 651 225 301 0 6
488 651 225 301 6 11
488 651 225 301 11 16
488 651 225 301 16 21
488 651 225 301 21 26
488 651 225 301 26 32
488 651 225 301 32 37
488 651 225 301 37 42
488 651 225 301 42 47
488 651 225 301 47 52
488 651 225 301 52 58
488 651 225 301 58 63
488 651 225 301 63 68
488 651 225 301 68 73
488 651 225 301 73 78
488 651 225 301 78 84
voxsize: 651x301x84 size:62.7894745MB
voxBW: 25 7
Decomp size:256
Initialization time: 0.009968
compute: 7.5032 seconds
evaluations: 22258534021
time: 7.516887 seconds
