hostname : cph-c53.uncc.edu
bounding: [-130;-65]x[20;50]x[5875;5958]
read 588189 observations
res: 0.1 0.1 1 bw: 1 1 3
544 576 192 224 0 84
416 448 96 301 0 84
448 480 128 301 0 84
512 544 128 301 0 84
320 352 96 301 0 84
96 128 0 301 0 84
64 96 0 301 0 84
320 651 64 96 0 84
480 512 128 301 0 84
384 416 96 301 0 84
352 384 96 301 0 84
160 192 0 301 0 84
128 160 0 301 0 84
288 320 0 301 0 84
448 651 96 128 0 84
320 651 32 64 0 84
224 256 0 301 0 84
576 608 192 224 0 84
576 608 224 301 0 84
256 288 0 301 0 84
544 576 224 301 0 84
544 651 160 192 0 84
192 224 0 301 0 84
32 64 0 301 0 84
608 640 224 256 0 84
544 651 128 160 0 84
608 640 256 301 0 84
608 651 192 224 0 84
0 32 0 301 0 84
320 651 0 32 0 84
640 651 224 256 0 84
640 651 256 301 0 84
voxsize: 651x301x84 size:62.7894745MB
voxBW: 10 3
Decomp size:32
Initialization time: 0.011214
compute: 0.554854 seconds
evaluations: 1789439001
time: 0.567487 seconds
