hostname : cph-c53.uncc.edu
bounding: [-130;-65]x[20;50]x[5875;5958]
read 588189 observations
res: 0.1 0.1 1 bw: 1 1 3
544 576 192 224 0 64
480 512 128 301 0 84
0 128 0 160 0 84
448 480 160 301 0 84
128 192 0 301 0 84
352 448 128 192 0 84
448 480 0 160 0 84
192 320 0 301 0 84
320 352 0 128 0 84
352 448 192 224 0 84
480 512 0 128 0 84
512 544 0 192 0 84
352 448 0 128 0 84
320 352 128 301 0 84
0 128 192 301 0 84
0 128 160 192 0 84
512 544 192 301 0 84
352 448 224 301 0 84
544 576 192 224 64 84
576 651 192 224 0 64
576 651 224 301 0 64
544 576 0 192 0 84
544 576 224 301 0 84
576 651 192 224 64 84
576 651 224 301 64 84
576 651 0 192 0 84
voxsize: 651x301x84 size:62.7894745MB
voxBW: 10 3
Decomp size:26
Initialization time: 0.011449
compute: 0.414865 seconds
evaluations: 1789439001
time: 0.427649 seconds
