hostname : cph-gpu1.uncc.edu
bounding: [-130;-65]x[20;50]x[5875;5958]
read 588189 observations
res: 0.5 0.5 1 bw: 1 1 3
98 114 37 45 52 63
98 114 37 45 42 52
0 32 30 45 42 63
98 114 37 45 31 42
32 65 15 30 42 63
32 65 15 30 21 42
98 131 30 45 0 21
81 98 37 45 52 63
16 32 22 30 52 63
65 98 30 45 0 21
81 98 37 45 42 52
98 114 37 45 73 84
98 114 37 45 63 73
65 98 15 30 0 21
65 98 45 61 42 63
16 32 22 30 42 52
81 98 37 45 31 42
0 32 45 61 42 63
81 98 22 30 42 52
98 114 37 45 21 31
32 65 30 45 42 63
0 32 15 30 63 84
81 98 22 30 52 63
65 98 45 61 21 42
65 81 15 22 42 52
0 32 30 45 63 84
0 32 30 45 21 42
0 32 15 30 21 42
81 98 37 45 63 73
65 81 22 30 42 52
65 98 45 61 63 84
98 114 30 37 52 63
98 131 15 30 42 63
65 81 22 30 31 42
65 81 15 22 31 42
81 98 15 22 42 52
81 98 22 30 31 42
98 114 30 37 42 52
0 32 45 61 63 84
81 98 30 37 42 52
81 98 30 37 52 63
81 98 37 45 21 31
65 98 0 15 42 63
81 98 37 45 73 84
98 131 45 61 42 63
98 114 30 37 31 42
32 65 30 45 21 42
81 98 30 37 31 42
98 131 0 15 42 63
81 98 15 22 52 63
81 98 22 30 63 73
32 65 15 30 63 84
81 98 15 22 31 42
65 81 15 22 52 63
32 65 15 30 0 21
0 32 30 45 0 21
0 32 45 61 21 42
98 131 45 61 21 42
98 131 15 30 21 42
65 81 22 30 52 63
0 32 15 30 0 21
98 114 30 37 63 73
32 65 30 45 63 84
65 98 0 15 21 42
114 131 37 45 42 52
65 81 37 45 42 52
81 98 30 37 63 73
65 81 30 37 42 52
98 131 45 61 63 84
65 98 45 61 0 21
114 131 37 45 52 63
98 114 30 37 21 31
81 98 22 30 21 31
65 81 37 45 31 42
98 131 0 15 21 42
65 81 22 30 21 31
114 131 37 45 31 42
65 81 15 22 21 31
98 114 30 37 73 84
65 81 15 22 63 73
81 98 22 30 73 84
65 81 30 37 31 42
81 98 30 37 73 84
65 81 37 45 52 63
81 98 15 22 63 73
81 98 30 37 21 31
98 131 15 30 63 84
65 81 22 30 63 73
114 131 37 45 73 84
65 81 15 22 73 84
114 131 37 45 63 73
65 81 30 37 52 63
81 98 15 22 21 31
65 81 22 30 73 84
0 32 45 61 0 21
32 65 30 45 0 21
98 131 45 61 0 21
65 98 0 15 63 84
114 131 37 45 21 31
65 81 37 45 21 31
98 131 0 15 63 84
65 81 37 45 63 73
81 98 15 22 73 84
65 81 37 45 73 84
32 65 0 15 42 63
98 131 15 30 0 21
65 81 30 37 21 31
65 81 30 37 63 73
65 98 0 15 0 21
32 65 0 15 21 42
65 81 30 37 73 84
32 65 45 61 42 63
98 131 0 15 0 21
32 65 45 61 21 42
32 65 45 61 63 84
32 65 0 15 0 21
32 65 45 61 0 21
32 65 0 15 63 84
0 16 22 30 52 63
0 16 22 30 42 52
16 32 15 22 42 52
16 32 15 22 52 63
114 131 30 37 63 73
114 131 30 37 42 52
0 32 0 15 63 84
0 32 0 15 42 63
0 32 0 15 0 21
114 131 30 37 52 63
114 131 30 37 31 42
0 32 0 15 21 42
114 131 30 37 21 31
114 131 30 37 73 84
0 16 15 22 52 63
0 16 15 22 42 52
voxsize: 131x61x84 size:2.56059265MB
voxBW: 2 3
Decomp size:134
Initialization time: 0.005105
compute: 0.084108 seconds
evaluations: 101443144
time: 0.091576 seconds
