hostname : cph-gpu1.uncc.edu
bounding: [-130;-65]x[20;50]x[5875;5958]
read 588189 observations
res: 0.5 0.5 1 bw: 1 1 3
0 33 0 15 0 11
0 33 0 15 11 21
0 33 0 15 21 32
0 33 0 15 32 42
0 33 0 15 42 52
0 33 0 15 52 63
0 33 0 15 63 73
0 33 0 15 73 84
0 33 15 30 0 11
0 33 15 30 11 21
0 33 15 30 21 32
0 33 15 30 32 42
0 33 15 30 42 52
0 33 15 30 52 63
0 33 15 30 63 73
0 33 15 30 73 84
0 33 30 45 0 11
0 33 30 45 11 21
0 33 30 45 21 32
0 33 30 45 32 42
0 33 30 45 42 52
0 33 30 45 52 63
0 33 30 45 63 73
0 33 30 45 73 84
0 33 45 61 0 11
0 33 45 61 11 21
0 33 45 61 21 32
0 33 45 61 32 42
0 33 45 61 42 52
0 33 45 61 52 63
0 33 45 61 63 73
0 33 45 61 73 84
33 65 0 15 0 11
33 65 0 15 11 21
33 65 0 15 21 32
33 65 0 15 32 42
33 65 0 15 42 52
33 65 0 15 52 63
33 65 0 15 63 73
33 65 0 15 73 84
33 65 15 30 0 11
33 65 15 30 11 21
33 65 15 30 21 32
33 65 15 30 32 42
33 65 15 30 42 52
33 65 15 30 52 63
33 65 15 30 63 73
33 65 15 30 73 84
33 65 30 45 0 11
33 65 30 45 11 21
33 65 30 45 21 32
33 65 30 45 32 42
33 65 30 45 42 52
33 65 30 45 52 63
33 65 30 45 63 73
33 65 30 45 73 84
33 65 45 61 0 11
33 65 45 61 11 21
33 65 45 61 21 32
33 65 45 61 32 42
33 65 45 61 42 52
33 65 45 61 52 63
33 65 45 61 63 73
33 65 45 61 73 84
65 98 0 15 0 11
65 98 0 15 11 21
65 98 0 15 21 32
65 98 0 15 32 42
65 98 0 15 42 52
65 98 0 15 52 63
65 98 0 15 63 73
65 98 0 15 73 84
65 98 15 30 0 11
65 98 15 30 11 21
65 98 15 30 21 32
65 98 15 30 32 42
65 98 15 30 42 52
65 98 15 30 52 63
65 98 15 30 63 73
65 98 15 30 73 84
65 98 30 45 0 11
65 98 30 45 11 21
65 98 30 45 21 32
65 98 30 45 32 42
65 98 30 45 42 52
65 98 30 45 52 63
65 98 30 45 63 73
65 98 30 45 73 84
65 98 45 61 0 11
65 98 45 61 11 21
65 98 45 61 21 32
65 98 45 61 32 42
65 98 45 61 42 52
65 98 45 61 52 63
65 98 45 61 63 73
65 98 45 61 73 84
98 131 0 15 0 11
98 131 0 15 11 21
98 131 0 15 21 32
98 131 0 15 32 42
98 131 0 15 42 52
98 131 0 15 52 63
98 131 0 15 63 73
98 131 0 15 73 84
98 131 15 30 0 11
98 131 15 30 11 21
98 131 15 30 21 32
98 131 15 30 32 42
98 131 15 30 42 52
98 131 15 30 52 63
98 131 15 30 63 73
98 131 15 30 73 84
98 131 30 45 0 11
98 131 30 45 11 21
98 131 30 45 21 32
98 131 30 45 32 42
98 131 30 45 42 52
98 131 30 45 52 63
98 131 30 45 63 73
98 131 30 45 73 84
98 131 45 61 0 11
98 131 45 61 11 21
98 131 45 61 21 32
98 131 45 61 32 42
98 131 45 61 42 52
98 131 45 61 52 63
98 131 45 61 63 73
98 131 45 61 73 84
voxsize: 131x61x84 size:2.56059265MB
voxBW: 2 3
Decomp size:128
Initialization time: 0.001546
compute: 0.073775 seconds
evaluations: 101443144
time: 0.089177 seconds
