hostname : cph-gpu2.uncc.edu
bounding: [-130;-65]x[20;50]x[5875;5958]
read 588189 observations
res: 0.1 0.1 1 bw: 2.5 2.5 7
544 651 192 224 0 84
128 651 0 160 64 84
128 384 96 128 0 64
384 480 96 160 0 64
0 96 0 301 0 84
384 512 160 192 0 84
384 480 192 224 0 84
480 651 0 160 0 64
128 384 128 160 0 64
96 128 0 301 0 84
128 384 160 224 0 84
448 651 224 301 0 84
128 480 0 96 0 64
480 544 192 224 0 84
512 651 160 192 0 84
128 448 224 301 0 84
voxsize: 651x301x84 size:62.7894745MB
voxBW: 25 7
Decomp size:16
Initialization time: 0.011373
compute: 5.295728 seconds
evaluations: 22258534021
time: 5.308225 seconds
