hostname : cph-gpu1.uncc.edu
bounding: [-130;-65]x[20;50]x[5875;5958]
read 588189 observations
res: 0.5 0.5 1 bw: 1 1 3
0 33 0 15 0 42
0 33 0 15 42 84
0 33 15 30 0 42
0 33 15 30 42 84
0 33 30 45 0 42
0 33 30 45 42 84
0 33 45 61 0 42
0 33 45 61 42 84
33 65 0 15 0 42
33 65 0 15 42 84
33 65 15 30 0 42
33 65 15 30 42 84
33 65 30 45 0 42
33 65 30 45 42 84
33 65 45 61 0 42
33 65 45 61 42 84
65 98 0 15 0 42
65 98 0 15 42 84
65 98 15 30 0 42
65 98 15 30 42 84
65 98 30 45 0 42
65 98 30 45 42 84
65 98 45 61 0 42
65 98 45 61 42 84
98 131 0 15 0 42
98 131 0 15 42 84
98 131 15 30 0 42
98 131 15 30 42 84
98 131 30 45 0 42
98 131 30 45 42 84
98 131 45 61 0 42
98 131 45 61 42 84
voxsize: 131x61x84 size:2.56059265MB
voxBW: 2 3
Decomp size:32
Initialization time: 0.003274
compute: 0.067711 seconds
evaluations: 101443144
time: 0.071996 seconds
