hostname : cph-gpu4.uncc.edu
bounding: [-130;-65]x[20;50]x[5875;5958]
read 588189 observations
res: 0.01 0.01 1 bw: 0.5 0.5 3
3840 5632 0 1792 0 84
0 2048 1024 3001 0 84
2048 3840 0 3001 0 84
5120 6400 1792 3001 0 84
3840 5120 1792 3001 0 84
0 2048 0 1024 0 84
5632 6144 0 1792 0 84
6144 6501 0 1792 0 84
6400 6501 1792 3001 0 84
voxsize: 6501x3001x84 size:6251.51857MB
voxBW: 50 3
Decomp size:9
Initialization time: 0.753812
compute: 36.88379 seconds
evaluations: 41392685368
time: 37.638677 seconds
