hostname : cph-c54.uncc.edu
bounding: [-130;-65]x[20;50]x[5875;5958]
read 588189 observations
res: 0.1 0.1 1 bw: 5 5 14
512 576 192 256 0 84
448 512 128 192 0 84
320 448 64 128 0 84
0 320 64 128 0 84
128 320 128 192 0 84
0 320 192 301 0 84
448 512 192 301 0 84
320 384 128 301 0 84
512 576 128 192 0 84
448 651 64 128 0 84
384 448 192 301 0 84
384 448 128 192 0 84
576 651 128 301 0 84
0 128 128 192 0 84
0 651 0 64 0 84
512 576 256 301 0 84
voxsize: 651x301x84 size:62.7894745MB
voxBW: 50 14
Decomp size:16
Initialization time: 0.011121
compute: 38.495452 seconds
evaluations: 163279561815
time: 38.515776 seconds
