hostname : cph-gpu3.uncc.edu
bounding: [-130;-65]x[20;50]x[5875;5958]
read 588189 observations
res: 0.01 0.01 1 bw: 1 1 3
0 1625 0 750 0 42
0 1625 0 750 42 84
0 1625 750 1500 0 42
0 1625 750 1500 42 84
0 1625 1500 2250 0 42
0 1625 1500 2250 42 84
0 1625 2250 3001 0 42
0 1625 2250 3001 42 84
1625 3250 0 750 0 42
1625 3250 0 750 42 84
1625 3250 750 1500 0 42
1625 3250 750 1500 42 84
1625 3250 1500 2250 0 42
1625 3250 1500 2250 42 84
1625 3250 2250 3001 0 42
1625 3250 2250 3001 42 84
3250 4875 0 750 0 42
3250 4875 0 750 42 84
3250 4875 750 1500 0 42
3250 4875 750 1500 42 84
3250 4875 1500 2250 0 42
3250 4875 1500 2250 42 84
3250 4875 2250 3001 0 42
3250 4875 2250 3001 42 84
4875 6501 0 750 0 42
4875 6501 0 750 42 84
4875 6501 750 1500 0 42
4875 6501 750 1500 42 84
4875 6501 1500 2250 0 42
4875 6501 1500 2250 42 84
4875 6501 2250 3001 0 42
4875 6501 2250 3001 42 84
voxsize: 6501x3001x84 size:6251.51857MB
voxBW: 100 3
Decomp size:32
Initialization time: 0.742672
compute: 91.147005 seconds
evaluations: 163934121444
time: 91.903773 seconds
