hostname : cph-gpu3.uncc.edu
bounding: [-130;-65]x[20;50]x[5875;5958]
read 588189 observations
res: 0.01 0.01 1 bw: 1 1 3
1024 1536 0 3001 0 84
2816 3840 0 1280 0 84
3840 4608 0 1792 0 84
4608 6501 1024 1792 0 84
5376 5632 1792 3001 0 84
2816 3840 1280 3001 0 84
4352 4864 1792 3001 0 84
0 1024 0 3001 0 84
4864 5376 1792 3001 0 84
1536 2816 0 3001 0 84
3840 4352 1792 3001 0 84
5632 6501 1792 3001 0 84
4608 6501 0 1024 0 84
voxsize: 6501x3001x84 size:6251.51857MB
voxBW: 100 3
Decomp size:13
Initialization time: 0.731369
compute: 62.641337 seconds
evaluations: 163934121444
time: 63.387826 seconds
