hostname : cph-c53.uncc.edu
bounding: [-130;-65]x[20;50]x[5875;5958]
read 588189 observations
res: 0.1 0.1 1 bw: 1 1 3
544 576 192 224 0 84
160 320 0 301 0 84
0 160 160 301 0 84
512 544 0 301 0 84
448 512 128 192 0 84
0 160 0 160 0 84
448 512 0 128 0 84
384 448 0 192 0 84
320 384 0 128 0 84
448 512 192 301 0 84
320 384 128 301 0 84
384 448 192 301 0 84
576 651 0 224 0 84
576 651 224 301 0 84
544 576 0 192 0 84
544 576 224 301 0 84
voxsize: 651x301x84 size:62.7894745MB
voxBW: 10 3
Decomp size:16
Initialization time: 0.011454
compute: 0.527096 seconds
evaluations: 1789439001
time: 0.539461 seconds
