hostname : cph-c54.uncc.edu
bounding: [-130;-65]x[20;50]x[5875;5958]
read 588189 observations
res: 0.1 0.1 1 bw: 5 5 14
512 651 224 301 0 84
512 651 192 224 0 84
480 651 96 160 0 84
352 384 0 256 0 84
384 416 0 256 0 84
416 651 0 96 0 84
256 352 128 256 0 84
512 651 160 192 0 84
256 352 0 128 0 84
480 512 160 301 0 84
416 480 96 160 0 84
128 192 0 192 0 84
0 192 192 301 0 84
448 480 160 301 0 84
0 128 128 192 0 84
416 448 160 301 0 84
192 256 0 301 0 84
0 128 0 128 0 84
256 416 256 301 0 84
voxsize: 651x301x84 size:62.7894745MB
voxBW: 50 14
Decomp size:19
Initialization time: 0.009174
compute: 35.625793 seconds
evaluations: 163279561815
time: 35.636012 seconds
