hostname : cph-gpu1.uncc.edu
bounding: [-130;-65]x[20;50]x[5875;5958]
read 588189 observations
res: 0.5 0.5 1 bw: 1 1 3
0 17 0 8 0 21
0 17 0 8 21 42
0 17 0 8 42 63
0 17 0 8 63 84
0 17 8 15 0 21
0 17 8 15 21 42
0 17 8 15 42 63
0 17 8 15 63 84
0 17 15 23 0 21
0 17 15 23 21 42
0 17 15 23 42 63
0 17 15 23 63 84
0 17 23 30 0 21
0 17 23 30 21 42
0 17 23 30 42 63
0 17 23 30 63 84
0 17 30 38 0 21
0 17 30 38 21 42
0 17 30 38 42 63
0 17 30 38 63 84
0 17 38 45 0 21
0 17 38 45 21 42
0 17 38 45 42 63
0 17 38 45 63 84
0 17 45 53 0 21
0 17 45 53 21 42
0 17 45 53 42 63
0 17 45 53 63 84
0 17 53 61 0 21
0 17 53 61 21 42
0 17 53 61 42 63
0 17 53 61 63 84
17 33 0 8 0 21
17 33 0 8 21 42
17 33 0 8 42 63
17 33 0 8 63 84
17 33 8 15 0 21
17 33 8 15 21 42
17 33 8 15 42 63
17 33 8 15 63 84
17 33 15 23 0 21
17 33 15 23 21 42
17 33 15 23 42 63
17 33 15 23 63 84
17 33 23 30 0 21
17 33 23 30 21 42
17 33 23 30 42 63
17 33 23 30 63 84
17 33 30 38 0 21
17 33 30 38 21 42
17 33 30 38 42 63
17 33 30 38 63 84
17 33 38 45 0 21
17 33 38 45 21 42
17 33 38 45 42 63
17 33 38 45 63 84
17 33 45 53 0 21
17 33 45 53 21 42
17 33 45 53 42 63
17 33 45 53 63 84
17 33 53 61 0 21
17 33 53 61 21 42
17 33 53 61 42 63
17 33 53 61 63 84
33 49 0 8 0 21
33 49 0 8 21 42
33 49 0 8 42 63
33 49 0 8 63 84
33 49 8 15 0 21
33 49 8 15 21 42
33 49 8 15 42 63
33 49 8 15 63 84
33 49 15 23 0 21
33 49 15 23 21 42
33 49 15 23 42 63
33 49 15 23 63 84
33 49 23 30 0 21
33 49 23 30 21 42
33 49 23 30 42 63
33 49 23 30 63 84
33 49 30 38 0 21
33 49 30 38 21 42
33 49 30 38 42 63
33 49 30 38 63 84
33 49 38 45 0 21
33 49 38 45 21 42
33 49 38 45 42 63
33 49 38 45 63 84
33 49 45 53 0 21
33 49 45 53 21 42
33 49 45 53 42 63
33 49 45 53 63 84
33 49 53 61 0 21
33 49 53 61 21 42
33 49 53 61 42 63
33 49 53 61 63 84
49 65 0 8 0 21
49 65 0 8 21 42
49 65 0 8 42 63
49 65 0 8 63 84
49 65 8 15 0 21
49 65 8 15 21 42
49 65 8 15 42 63
49 65 8 15 63 84
49 65 15 23 0 21
49 65 15 23 21 42
49 65 15 23 42 63
49 65 15 23 63 84
49 65 23 30 0 21
49 65 23 30 21 42
49 65 23 30 42 63
49 65 23 30 63 84
49 65 30 38 0 21
49 65 30 38 21 42
49 65 30 38 42 63
49 65 30 38 63 84
49 65 38 45 0 21
49 65 38 45 21 42
49 65 38 45 42 63
49 65 38 45 63 84
49 65 45 53 0 21
49 65 45 53 21 42
49 65 45 53 42 63
49 65 45 53 63 84
49 65 53 61 0 21
49 65 53 61 21 42
49 65 53 61 42 63
49 65 53 61 63 84
65 82 0 8 0 21
65 82 0 8 21 42
65 82 0 8 42 63
65 82 0 8 63 84
65 82 8 15 0 21
65 82 8 15 21 42
65 82 8 15 42 63
65 82 8 15 63 84
65 82 15 23 0 21
65 82 15 23 21 42
65 82 15 23 42 63
65 82 15 23 63 84
65 82 23 30 0 21
65 82 23 30 21 42
65 82 23 30 42 63
65 82 23 30 63 84
65 82 30 38 0 21
65 82 30 38 21 42
65 82 30 38 42 63
65 82 30 38 63 84
65 82 38 45 0 21
65 82 38 45 21 42
65 82 38 45 42 63
65 82 38 45 63 84
65 82 45 53 0 21
65 82 45 53 21 42
65 82 45 53 42 63
65 82 45 53 63 84
65 82 53 61 0 21
65 82 53 61 21 42
65 82 53 61 42 63
65 82 53 61 63 84
82 98 0 8 0 21
82 98 0 8 21 42
82 98 0 8 42 63
82 98 0 8 63 84
82 98 8 15 0 21
82 98 8 15 21 42
82 98 8 15 42 63
82 98 8 15 63 84
82 98 15 23 0 21
82 98 15 23 21 42
82 98 15 23 42 63
82 98 15 23 63 84
82 98 23 30 0 21
82 98 23 30 21 42
82 98 23 30 42 63
82 98 23 30 63 84
82 98 30 38 0 21
82 98 30 38 21 42
82 98 30 38 42 63
82 98 30 38 63 84
82 98 38 45 0 21
82 98 38 45 21 42
82 98 38 45 42 63
82 98 38 45 63 84
82 98 45 53 0 21
82 98 45 53 21 42
82 98 45 53 42 63
82 98 45 53 63 84
82 98 53 61 0 21
82 98 53 61 21 42
82 98 53 61 42 63
82 98 53 61 63 84
98 114 0 8 0 21
98 114 0 8 21 42
98 114 0 8 42 63
98 114 0 8 63 84
98 114 8 15 0 21
98 114 8 15 21 42
98 114 8 15 42 63
98 114 8 15 63 84
98 114 15 23 0 21
98 114 15 23 21 42
98 114 15 23 42 63
98 114 15 23 63 84
98 114 23 30 0 21
98 114 23 30 21 42
98 114 23 30 42 63
98 114 23 30 63 84
98 114 30 38 0 21
98 114 30 38 21 42
98 114 30 38 42 63
98 114 30 38 63 84
98 114 38 45 0 21
98 114 38 45 21 42
98 114 38 45 42 63
98 114 38 45 63 84
98 114 45 53 0 21
98 114 45 53 21 42
98 114 45 53 42 63
98 114 45 53 63 84
98 114 53 61 0 21
98 114 53 61 21 42
98 114 53 61 42 63
98 114 53 61 63 84
114 131 0 8 0 21
114 131 0 8 21 42
114 131 0 8 42 63
114 131 0 8 63 84
114 131 8 15 0 21
114 131 8 15 21 42
114 131 8 15 42 63
114 131 8 15 63 84
114 131 15 23 0 21
114 131 15 23 21 42
114 131 15 23 42 63
114 131 15 23 63 84
114 131 23 30 0 21
114 131 23 30 21 42
114 131 23 30 42 63
114 131 23 30 63 84
114 131 30 38 0 21
114 131 30 38 21 42
114 131 30 38 42 63
114 131 30 38 63 84
114 131 38 45 0 21
114 131 38 45 21 42
114 131 38 45 42 63
114 131 38 45 63 84
114 131 45 53 0 21
114 131 45 53 21 42
114 131 45 53 42 63
114 131 45 53 63 84
114 131 53 61 0 21
114 131 53 61 21 42
114 131 53 61 42 63
114 131 53 61 63 84
voxsize: 131x61x84 size:2.56059265MB
voxBW: 2 3
Decomp size:256
Initialization time: 0.001544
compute: 0.098589 seconds
evaluations: 101443144
time: 0.117638 seconds
