hostname : cph-gpu1.uncc.edu
bounding: [-130;-65]x[20;50]x[5875;5958]
read 588189 observations
res: 0.5 0.5 1 bw: 1 1 3
65 81 37 45 63 73
81 98 15 22 73 84
110 114 41 43 52 54
81 89 41 45 73 78
65 81 15 22 0 10
81 98 45 53 10 21
110 114 41 43 39 42
65 73 18 22 26 31
110 114 39 41 52 54
98 114 45 53 31 42
65 81 37 45 73 84
89 98 11 15 47 52
89 98 11 15 42 47
89 98 11 15 36 42
110 114 39 41 39 42
0 16 53 61 63 73
89 98 26 30 31 36
114 122 41 45 63 68
110 114 41 43 54 57
114 122 41 45 73 78
48 65 30 37 31 42
32 40 26 30 47 52
98 114 15 22 42 52
24 28 26 28 49 52
110 114 39 41 54 57
98 106 30 33 52 57
32 65 0 15 42 63
56 65 18 22 47 52
89 98 18 22 47 52
98 106 33 37 42 47
32 48 22 30 10 21
0 16 30 37 63 73
110 114 41 43 36 39
110 114 41 43 47 49
65 81 22 30 0 10
110 114 41 43 44 47
89 98 41 45 26 31
89 98 26 30 68 73
32 48 37 45 52 63
98 106 30 33 47 52
89 98 22 26 42 47
98 106 11 15 36 42
89 98 15 18 52 57
89 98 37 41 31 36
65 73 18 22 57 63
89 98 22 26 52 57
110 114 39 41 36 39
89 98 18 22 42 47
110 114 41 43 78 81
110 114 41 43 57 60
98 131 15 30 0 21
110 114 41 43 75 78
16 32 53 61 63 73
89 98 37 41 63 68
110 114 41 43 60 63
81 98 15 22 10 21
110 114 39 41 57 60
110 114 39 41 44 47
65 81 30 37 21 31
98 114 30 37 0 10
110 114 39 41 47 49
56 65 22 26 36 42
32 40 26 30 31 36
81 89 45 49 47 52
20 24 28 30 49 52
65 73 26 30 47 52
110 114 39 41 60 63
32 48 37 45 42 52
81 89 41 45 68 73
110 114 39 41 78 81
114 122 41 45 31 36
114 122 41 45 78 84
81 98 30 37 0 10
20 24 26 28 49 52
98 106 37 41 73 78
98 106 26 30 47 52
110 114 39 41 75 78
24 28 26 28 54 57
65 81 30 37 63 73
98 106 30 33 57 63
65 81 45 53 63 73
106 114 37 41 5 10
8 16 33 37 52 57
89 98 30 33 47 52
89 98 18 22 36 42
98 106 37 41 63 68
89 98 22 26 57 63
56 65 22 26 42 47
89 98 11 15 52 57
16 32 45 53 52 63
8 16 33 37 57 63
81 89 45 49 52 57
106 114 33 37 52 57
81 89 37 41 47 52
114 131 45 53 63 73
48 65 37 45 31 42
98 106 11 15 52 57
16 24 33 37 42 47
114 131 37 45 10 21
16 24 30 33 52 57
89 98 41 45 73 78
81 89 45 49 57 63
89 98 41 45 68 73
106 114 37 41 10 15
89 98 30 33 52 57
20 24 28 30 54 57
81 89 41 45 26 31
65 73 18 22 63 68
65 73 22 26 52 57
16 24 30 33 47 52
98 106 26 30 52 57
16 24 26 30 68 73
32 48 22 30 63 73
98 106 33 37 31 36
0 16 45 53 63 73
89 98 22 26 36 42
81 98 7 15 63 73
106 114 33 37 47 52
89 98 18 22 52 57
16 32 30 37 0 10
81 89 41 45 78 84
98 106 41 45 47 52
65 73 18 22 73 78
98 106 30 33 36 42
20 24 26 28 54 57
24 32 26 30 68 73
8 16 33 37 47 52
24 28 28 30 49 52
56 65 26 30 36 42
106 114 33 37 57 63
98 106 26 30 42 47
81 89 37 41 36 42
98 106 26 30 57 63
48 65 15 22 21 31
89 98 45 49 57 63
114 122 41 45 68 73
110 114 41 43 33 36
0 16 53 61 42 52
98 106 37 41 26 31
89 98 37 41 73 78
65 81 45 53 73 84
16 24 26 30 31 36
24 28 26 28 52 54
65 73 22 26 26 31
48 65 22 30 63 73
65 73 26 30 31 36
110 114 39 41 33 36
98 106 30 33 42 47
106 114 41 45 5 10
65 73 18 22 68 73
114 122 45 49 47 52
81 89 45 49 36 42
65 73 18 22 78 84
81 89 37 41 42 47
65 73 18 22 15 21
24 28 26 28 57 60
24 32 26 30 31 36
65 81 37 45 10 21
98 106 37 41 68 73
16 32 53 61 42 52
98 114 15 22 31 42
24 32 22 26 52 57
106 110 39 41 49 52
89 98 37 41 26 31
81 89 37 41 52 57
16 24 33 37 63 68
65 81 45 53 21 31
48 65 22 30 10 21
32 40 26 30 52 57
24 32 22 26 47 52
89 98 30 33 42 47
65 73 18 22 21 26
81 98 7 15 21 31
81 89 45 49 42 47
89 98 26 30 73 78
32 40 22 26 36 42
89 98 30 33 36 42
114 131 45 53 73 84
110 114 41 43 65 68
98 106 41 45 36 42
89 98 30 33 57 63
81 89 18 22 47 52
89 98 26 30 26 31
89 98 15 18 31 36
98 106 26 30 36 42
110 114 41 43 42 44
106 114 41 45 10 15
98 106 33 37 63 68
24 28 28 30 54 57
106 114 33 37 36 42
98 106 37 41 78 84
0 16 30 37 31 42
81 98 45 53 0 10
56 65 26 30 42 47
98 114 15 22 52 63
98 106 41 45 52 57
24 32 30 33 47 52
20 24 28 30 52 54
110 114 39 41 65 68
16 32 45 53 42 52
114 122 45 49 36 42
110 114 39 41 42 44
89 98 33 37 47 52
20 24 28 30 57 60
89 98 33 37 52 57
16 24 26 30 73 78
20 24 26 28 52 54
24 28 26 28 60 63
24 28 26 28 47 49
65 98 0 15 0 21
106 114 37 41 0 5
16 24 30 33 57 63
89 98 15 18 57 63
20 24 26 28 57 60
81 89 37 41 57 63
24 28 26 28 44 47
98 114 7 15 21 31
106 110 37 39 49 52
81 89 18 22 42 47
89 98 11 15 57 63
24 32 26 30 73 78
98 114 22 30 21 31
98 106 41 45 42 47
24 32 30 33 52 57
89 98 33 37 57 63
32 65 0 15 21 42
56 65 22 26 47 52
24 32 22 26 57 63
81 89 26 30 47 52
89 98 41 45 21 26
81 89 33 37 47 52
110 114 41 43 63 65
89 98 37 41 68 73
114 122 41 45 26 31
89 98 33 37 36 42
98 114 7 15 63 73
110 114 43 45 49 52
65 81 30 37 73 84
81 89 41 45 21 26
98 106 41 45 31 36
89 98 18 22 57 63
0 16 37 45 52 63
106 114 33 37 42 47
110 114 41 43 70 73
32 40 22 26 42 47
48 65 22 30 73 84
81 89 41 45 15 21
106 110 39 41 54 57
110 114 39 41 63 65
32 40 26 30 26 31
8 16 49 53 57 63
106 110 39 41 39 42
106 114 41 45 0 5
98 106 33 37 26 31
24 28 28 30 57 60
89 98 22 26 63 68
98 114 45 53 63 73
48 65 37 45 63 73
20 24 28 30 47 49
24 28 28 30 52 54
65 81 30 37 10 21
110 114 39 41 70 73
114 122 45 49 42 47
81 89 45 49 63 68
65 73 15 18 42 47
89 98 11 15 31 36
20 24 28 30 44 47
98 106 30 33 31 36
89 98 45 49 63 68
20 24 28 30 60 63
20 24 26 28 60 63
114 122 45 49 52 57
114 131 37 45 0 10
89 98 45 49 52 57
89 98 37 41 78 84
89 98 41 45 15 21
73 81 18 22 47 52
106 110 37 39 54 57
20 24 26 28 47 49
89 98 33 37 42 47
8 16 53 57 57 63
81 89 33 37 52 57
106 110 39 41 36 39
89 98 41 45 78 84
16 24 26 30 26 31
110 114 41 43 73 75
20 24 26 28 44 47
106 110 39 41 52 54
98 114 45 53 73 84
98 106 11 15 57 63
81 89 22 26 47 52
89 98 45 49 36 42
98 106 33 37 73 78
81 89 26 30 42 47
32 48 37 45 63 73
81 89 30 33 47 52
98 106 30 33 63 68
32 65 45 61 42 63
16 32 37 45 63 73
65 69 24 26 39 42
114 131 45 53 21 31
81 89 33 37 42 47
81 89 26 30 36 42
48 56 37 41 47 52
81 89 33 37 36 42
24 28 28 30 60 63
0 16 45 53 31 42
65 73 15 18 36 42
0 16 53 61 73 84
98 106 37 41 21 26
81 89 33 37 57 63
16 24 37 41 47 52
89 98 45 49 47 52
110 114 39 41 73 75
24 32 26 30 26 31
81 89 26 30 52 57
0 16 30 37 73 84
48 65 15 22 63 73
48 65 30 37 52 63
16 24 37 41 52 57
106 110 39 41 44 47
81 89 18 22 52 57
32 40 22 26 47 52
0 16 37 45 42 52
56 65 26 30 47 52
89 98 37 41 21 26
81 89 45 49 31 36
106 110 37 39 39 42
81 89 22 26 42 47
8 16 49 53 52 57
24 28 28 30 47 49
98 106 41 45 57 63
89 98 18 22 31 36
48 65 37 45 73 84
65 73 18 22 10 15
24 32 30 33 42 47
106 110 37 39 52 54
16 24 30 33 42 47
98 106 11 15 31 36
16 24 33 37 36 42
98 131 0 15 0 21
56 65 18 22 52 57
24 28 28 30 44 47
8 16 33 37 42 47
65 69 20 22 39 42
65 73 22 26 57 63
65 69 26 28 39 42
89 98 45 49 31 36
114 122 45 49 57 63
110 114 41 43 81 84
98 106 37 41 15 21
81 98 15 22 0 10
65 81 7 15 42 52
81 89 30 33 52 57
32 48 37 45 31 42
106 110 39 41 57 60
0 16 30 37 21 31
98 106 33 37 68 73
48 65 15 22 10 21
73 81 18 22 52 57
8 16 49 53 47 52
110 114 41 43 28 31
16 32 37 45 31 42
114 122 41 45 21 26
16 32 45 53 63 73
81 89 37 41 31 36
65 73 15 18 47 52
24 32 30 33 57 63
98 114 45 53 21 31
110 114 43 45 39 42
89 98 22 26 31 36
110 114 39 41 81 84
32 48 22 30 73 84
106 110 37 39 36 39
65 73 26 30 52 57
16 24 37 41 57 63
98 106 26 30 63 68
110 114 39 41 28 31
32 40 26 30 57 63
106 110 39 41 33 36
16 32 53 61 73 84
56 65 18 22 31 36
110 114 43 45 52 54
89 98 37 41 15 21
65 69 24 26 44 47
81 89 30 33 42 47
106 110 39 41 47 49
32 40 22 26 31 36
48 56 37 41 52 57
65 73 22 26 15 21
56 65 22 26 31 36
106 110 37 39 44 47
65 73 33 37 36 42
16 32 53 61 31 42
32 48 30 37 42 52
89 98 30 33 31 36
89 98 30 33 63 68
0 16 30 37 10 21
106 114 33 37 31 36
110 114 43 45 44 47
65 69 18 20 39 42
106 114 33 37 63 68
98 106 33 37 78 84
110 114 43 45 47 49
110 114 43 45 78 81
65 81 45 53 10 21
110 114 41 43 68 70
98 106 41 45 26 31
24 32 22 26 42 47
106 110 37 39 57 60
65 73 37 41 42 47
106 110 39 41 60 63
110 114 43 45 75 78
65 69 24 26 36 39
16 24 53 57 57 63
0 16 53 61 31 42
48 65 22 30 0 10
65 69 20 22 44 47
0 16 45 53 73 84
81 89 45 49 73 78
24 32 26 30 78 84
16 24 26 30 78 84
16 24 26 30 15 21
98 106 30 33 26 31
65 69 26 28 44 47
65 73 37 41 47 52
65 73 33 37 42 47
65 73 22 26 63 68
65 81 37 45 0 10
81 89 22 26 36 42
110 114 41 43 31 33
114 118 43 45 49 52
110 114 43 45 36 39
81 89 18 22 36 42
24 32 26 30 15 21
98 106 26 30 31 36
102 106 37 39 49 52
89 98 45 49 42 47
110 114 43 45 54 57
110 114 39 41 68 70
65 73 22 26 21 26
81 89 26 30 57 63
110 114 39 41 31 33
93 98 16 18 44 47
110 114 43 45 60 63
81 89 30 33 36 42
32 48 22 30 0 10
24 28 26 28 65 68
65 73 37 41 36 42
81 89 18 22 57 63
81 89 22 26 52 57
89 98 26 30 78 84
89 98 33 37 63 68
65 73 22 26 68 73
93 98 16 18 49 52
65 73 26 30 26 31
81 89 37 41 63 68
73 81 18 22 42 47
81 89 30 33 57 63
110 114 43 45 57 60
65 69 18 20 44 47
89 98 26 30 21 26
65 69 26 28 36 39
16 24 26 30 21 26
89 98 22 26 68 73
98 114 22 30 73 84
89 98 33 37 31 36
65 69 20 22 36 39
89 98 18 22 63 68
65 69 24 26 42 44
24 28 26 28 63 65
48 65 15 22 73 84
106 110 37 39 47 49
65 73 33 37 47 52
56 65 15 18 42 47
65 73 22 26 73 78
24 32 26 30 21 26
8 16 53 57 52 57
98 106 33 37 21 26
16 24 26 30 10 15
65 69 20 22 49 52
81 89 45 49 68 73
56 65 26 30 31 36
106 110 39 41 42 44
89 98 15 18 26 31
102 106 37 39 54 57
16 24 33 37 68 73
98 114 7 15 73 84
56 65 15 18 36 42
65 69 22 24 39 42
106 110 37 39 60 63
102 106 35 37 49 52
106 110 37 39 33 36
65 69 26 28 42 44
16 24 37 41 42 47
65 69 20 22 42 44
89 98 26 30 15 21
24 32 30 33 36 42
89 98 45 49 68 73
89 98 15 18 63 68
32 40 22 26 52 57
106 110 39 41 75 78
65 69 18 20 49 52
114 118 41 43 49 52
93 98 41 43 49 52
16 20 35 37 49 52
69 73 20 22 39 42
20 24 26 28 65 68
16 24 26 30 5 10
93 98 16 18 39 42
89 98 45 49 26 31
114 122 45 49 31 36
98 106 41 45 73 78
24 28 26 28 39 42
81 89 37 41 73 78
73 81 37 41 47 52
32 40 26 30 21 26
81 89 33 37 63 68
16 20 35 37 54 57
65 69 18 20 36 39
81 89 33 37 31 36
65 81 30 37 0 10
81 89 41 45 5 10
65 73 30 33 42 47
65 69 20 22 47 49
65 73 30 33 36 42
24 32 26 30 10 15
106 110 39 41 78 81
20 24 28 30 65 68
102 106 35 37 54 57
89 98 41 45 5 10
16 24 33 37 31 36
65 69 24 26 33 36
73 81 18 22 57 63
32 48 30 37 31 42
69 73 18 20 39 42
24 28 26 28 42 44
98 102 11 13 44 47
98 106 33 37 15 21
48 65 37 45 21 31
106 110 37 39 42 44
81 89 45 49 26 31
81 85 43 45 49 52
69 73 18 20 44 47
65 69 18 20 42 44
114 131 45 53 10 21
24 28 28 30 65 68
81 98 7 15 73 84
32 65 45 61 21 42
69 73 20 22 44 47
89 98 45 49 73 78
24 32 22 26 63 68
98 106 41 45 63 68
102 106 37 39 52 54
20 24 26 28 63 65
98 106 7 11 47 52
110 114 43 45 33 36
106 114 33 37 73 78
48 65 15 22 0 10
8 16 49 53 42 47
81 89 41 45 10 15
65 69 18 20 47 49
110 114 43 45 65 68
98 106 7 11 42 47
114 118 43 45 39 42
0 16 45 53 21 31
20 24 28 30 63 65
114 118 43 45 47 49
32 48 37 45 73 84
98 102 11 13 49 52
106 110 39 41 65 68
48 56 37 41 42 47
65 69 22 24 44 47
65 73 30 33 47 52
16 24 33 37 73 78
93 98 16 18 47 49
20 24 28 30 39 42
24 28 28 30 63 65
81 89 22 26 57 63
73 81 41 45 36 42
73 81 18 22 36 42
16 32 45 53 31 42
106 110 41 43 49 52
81 89 37 41 68 73
89 98 22 26 26 31
60 65 18 20 39 42
24 32 26 30 5 10
65 73 22 26 78 84
20 24 26 28 39 42
110 114 41 43 23 26
110 114 43 45 42 44
56 65 15 18 47 52
89 98 18 22 26 31
98 106 37 41 5 10
56 65 22 26 52 57
102 106 37 39 44 47
89 98 41 45 10 15
32 48 30 37 52 63
81 89 37 41 26 31
16 24 33 37 26 31
102 106 37 39 39 42
65 69 24 26 49 52
93 98 43 45 49 52
73 81 37 41 52 57
16 24 22 26 52 57
81 89 45 49 78 84
93 98 16 18 36 39
106 114 33 37 68 73
102 106 37 39 57 60
65 69 22 24 36 39
65 69 24 26 47 49
20 24 28 30 42 44
106 110 39 41 28 31
106 114 33 37 26 31
89 93 28 30 49 52
16 24 30 33 36 42
65 73 37 41 52 57
110 114 39 41 23 26
102 106 35 37 52 54
73 81 33 37 47 52
81 89 33 37 73 78
114 118 43 45 52 54
93 98 28 30 49 52
102 106 39 41 49 52
48 65 30 37 21 31
81 89 18 22 63 68
0 16 53 61 21 31
114 118 43 45 44 47
16 24 22 26 47 52
81 89 26 30 31 36
98 114 45 53 10 21
89 98 33 37 73 78
98 102 13 15 44 47
20 24 26 28 42 44
60 65 18 20 44 47
0 16 37 45 63 73
89 98 30 33 68 73
60 65 20 22 39 42
98 106 30 33 68 73
69 73 20 22 49 52
16 20 33 35 54 57
16 20 35 37 57 60
89 93 26 28 49 52
114 118 43 45 36 39
89 98 30 33 26 31
69 73 18 20 49 52
106 110 37 39 75 78
16 32 53 61 21 31
98 106 41 45 78 84
110 114 43 45 63 65
16 24 53 57 52 57
93 98 16 18 42 44
102 106 35 37 57 60
73 81 26 30 47 52
65 73 22 26 10 15
16 32 37 45 73 84
16 24 30 33 63 68
16 20 33 35 49 52
89 98 18 22 68 73
32 40 22 26 26 31
73 81 37 41 42 47
69 73 20 22 36 39
24 32 22 26 36 42
110 114 43 45 70 73
81 89 41 45 0 5
110 114 41 43 26 28
98 106 41 45 68 73
69 73 20 22 42 44
24 28 28 30 39 42
89 98 33 37 68 73
89 98 37 41 5 10
73 81 26 30 42 47
81 89 30 33 31 36
16 20 35 37 52 54
65 69 22 24 42 44
16 32 37 45 21 31
98 106 37 41 10 15
69 73 18 20 42 44
106 110 41 43 39 42
106 110 39 41 70 73
89 98 41 45 0 5
81 85 41 43 49 52
65 73 26 30 57 63
106 110 39 41 63 65
102 106 37 39 36 39
93 98 41 43 54 57
110 114 41 43 18 21
73 81 22 26 47 52
98 102 13 15 49 52
114 118 41 43 47 49
60 65 20 22 44 47
106 110 41 43 36 39
102 106 37 39 47 49
65 81 45 53 0 10
106 110 37 39 78 81
65 73 41 45 36 42
110 114 39 41 26 28
32 65 45 61 63 84
73 81 45 49 36 42
69 73 18 20 36 39
24 28 26 28 36 39
16 24 22 26 57 63
106 110 37 39 65 68
89 98 30 33 73 78
102 106 35 37 39 42
98 106 30 33 21 26
93 98 41 43 44 47
89 98 15 18 68 73
89 98 37 41 10 15
81 89 33 37 68 73
98 106 7 11 36 42
98 102 11 13 47 49
69 73 18 20 47 49
24 28 28 30 42 44
106 110 39 41 31 33
81 85 43 45 54 57
69 73 20 22 47 49
65 69 20 22 33 36
16 24 33 37 78 84
0 16 37 45 31 42
98 106 41 45 21 26
93 98 41 43 52 54
106 114 33 37 78 84
81 85 43 45 44 47
110 114 39 41 18 21
89 98 33 37 26 31
56 65 22 26 26 31
93 98 39 41 49 52
73 81 45 49 47 52
73 81 41 45 42 47
114 118 41 43 39 42
110 114 43 45 73 75
16 24 33 37 15 21
65 73 26 30 15 21
89 93 26 28 44 47
98 106 7 11 52 57
114 118 41 43 52 54
16 20 35 37 60 63
98 106 30 33 73 78
89 98 22 26 73 78
65 73 33 37 52 57
89 93 28 30 44 47
73 81 18 22 63 68
73 81 41 45 47 52
98 114 15 22 63 73
89 98 26 30 5 10
98 106 45 49 47 52
114 118 43 45 60 63
102 106 39 41 54 57
93 98 28 30 44 47
81 89 26 30 63 68
20 24 28 30 36 39
65 73 41 45 42 47
56 65 26 30 52 57
20 24 26 28 36 39
106 110 41 43 54 57
73 81 33 37 52 57
60 65 18 20 42 44
65 73 41 45 47 52
48 56 37 41 57 63
102 106 37 39 60 63
110 112 40 41 50 52
65 69 22 24 49 52
16 32 45 53 73 84
81 85 43 45 52 54
114 118 41 43 44 47
93 98 43 45 54 57
81 89 45 49 21 26
110 112 41 42 50 52
65 81 7 15 31 42
93 98 43 45 60 63
98 106 41 45 15 21
85 89 41 43 49 52
81 89 30 33 63 68
114 131 45 53 0 10
106 110 41 43 33 36
98 106 22 26 47 52
81 89 33 37 26 31
73 81 33 37 42 47
98 106 30 33 15 21
81 89 37 41 78 84
60 65 18 20 36 39
106 114 45 49 47 52
114 122 37 41 47 52
16 20 33 35 57 60
73 81 37 41 36 42
56 65 18 22 57 63
106 110 41 43 52 54
16 24 33 37 21 26
102 106 35 37 36 39
89 93 28 30 54 57
32 40 22 26 57 63
114 118 41 43 36 39
73 81 30 33 47 52
89 98 26 30 10 15
98 106 37 41 0 5
106 110 37 39 28 31
93 98 43 45 44 47
106 110 41 43 44 47
93 98 41 43 47 49
98 106 26 30 68 73
73 81 22 26 42 47
102 106 35 37 60 63
106 110 37 39 63 65
93 98 41 43 39 42
110 114 41 43 15 18
65 69 22 24 33 36
110 114 43 45 81 84
93 98 28 30 54 57
93 98 43 45 52 54
102 106 35 37 47 49
65 69 22 24 47 49
24 32 30 33 63 68
73 81 45 49 42 47
65 73 26 30 21 26
98 102 11 13 42 44
89 98 45 49 21 26
110 112 39 40 50 52
32 48 37 45 21 31
16 20 35 37 47 49
93 98 43 45 57 60
81 85 43 45 47 49
0 16 30 37 0 10
65 69 18 20 33 36
89 93 26 28 54 57
106 110 37 39 70 73
110 114 41 43 21 23
89 98 33 37 78 84
0 16 45 53 10 21
106 110 39 41 73 75
16 20 33 35 52 54
60 65 20 22 42 44
89 93 28 30 60 63
102 106 39 41 39 42
102 106 39 41 44 47
93 98 26 28 49 52
102 106 37 39 33 36
102 106 39 41 52 54
81 89 37 41 21 26
81 85 43 45 39 42
110 114 39 41 15 18
48 65 30 37 63 73
98 102 13 15 47 49
102 106 37 39 42 44
73 81 22 26 52 57
73 81 26 30 36 42
89 93 28 30 57 60
24 32 30 33 31 36
60 65 20 22 36 39
65 73 26 30 63 68
98 106 45 49 52 57
65 69 20 22 52 54
81 85 41 43 44 47
89 93 26 28 60 63
16 32 37 45 10 21
98 114 15 22 21 31
81 85 43 45 60 63
48 65 37 45 10 21
85 89 43 45 49 52
65 73 37 41 31 36
89 93 37 39 49 52
73 81 45 49 52 57
114 118 43 45 42 44
81 89 33 37 78 84
89 93 26 28 47 49
89 98 37 41 0 5
110 114 43 45 28 31
65 73 26 30 68 73
110 114 39 41 21 23
81 89 22 26 31 36
24 32 33 37 47 52
81 85 43 45 57 60
89 93 28 30 47 49
89 93 26 28 57 60
81 89 37 41 15 21
114 118 41 43 60 63
89 98 15 18 21 26
114 118 43 45 54 57
81 89 22 26 63 68
85 89 41 43 44 47
24 28 28 30 36 39
93 98 41 43 57 60
16 20 33 35 60 63
93 98 43 45 39 42
81 85 41 43 54 57
56 65 26 30 26 31
65 73 15 18 52 57
106 110 41 43 57 60
93 98 28 30 47 49
106 110 37 39 31 33
65 73 26 30 73 78
73 81 49 53 47 52
106 110 41 43 47 49
98 106 22 26 42 47
89 98 18 22 21 26
65 73 15 18 31 36
98 106 22 26 52 57
56 65 30 33 42 47
93 98 41 43 60 63
89 93 28 30 52 54
114 122 37 41 52 57
102 106 39 41 36 39
73 81 30 33 42 47
65 69 18 20 52 54
110 112 42 43 50 52
65 69 24 26 31 33
112 114 42 43 50 52
93 98 43 45 47 49
112 114 41 42 50 52
106 110 39 41 68 70
93 98 28 30 60 63
24 32 33 37 52 57
93 98 39 41 54 57
93 98 28 30 52 54
106 114 45 49 52 57
93 98 41 43 36 39
89 93 39 41 49 52
110 114 43 45 68 70
65 73 33 37 31 36
106 114 33 37 21 26
98 106 30 33 78 84
73 81 37 41 57 63
106 110 41 43 60 63
98 114 45 53 0 10
73 81 49 53 36 42
93 98 28 30 57 60
73 81 26 30 52 57
114 118 41 43 54 57
102 106 39 41 57 60
89 98 30 33 78 84
114 118 43 45 57 60
65 73 37 41 57 63
73 81 22 26 36 42
0 16 53 61 10 21
89 93 26 28 52 54
16 24 33 37 10 15
73 81 33 37 36 42
93 98 26 28 44 47
106 110 39 41 23 26
98 102 13 15 42 44
93 98 41 43 33 36
106 114 45 49 42 47
89 98 22 26 21 26
73 81 41 45 52 57
89 98 45 49 78 84
81 85 41 43 52 54
81 89 30 33 73 78
93 98 39 41 44 47
81 89 30 33 26 31
16 32 53 61 10 21
85 89 41 43 39 42
114 122 37 41 36 42
93 98 39 41 52 54
102 106 39 41 47 49
89 98 26 30 0 5
98 106 45 49 42 47
89 93 28 30 39 42
81 85 41 43 47 49
48 65 30 37 10 21
93 98 43 45 33 36
112 114 40 41 50 52
73 81 49 53 52 57
93 98 43 45 36 39
93 98 15 16 49 52
93 98 15 16 44 47
89 93 26 28 39 42
110 114 43 45 31 33
81 85 43 45 36 39
69 73 20 22 33 36
36 40 26 28 39 42
81 85 41 43 39 42
102 106 39 41 33 36
89 93 37 39 54 57
85 89 43 45 60 63
93 98 28 30 39 42
114 118 41 43 57 60
106 114 45 49 57 63
106 114 33 37 15 21
98 106 22 26 57 63
81 89 18 22 31 36
81 89 18 22 68 73
16 24 30 33 31 36
106 110 37 39 73 75
85 89 41 43 54 57
114 122 37 41 57 63
89 93 37 39 44 47
85 89 43 45 44 47
65 73 41 45 52 57
65 73 30 33 52 57
73 81 30 33 52 57
73 81 49 53 42 47
106 110 41 43 75 78
98 106 45 49 57 63
81 89 26 30 26 31
89 93 43 45 60 63
36 40 26 28 44 47
89 98 7 11 47 52
85 89 41 43 47 49
106 110 39 41 81 84
16 32 45 53 21 31
69 73 18 20 33 36
85 89 41 43 60 63
98 106 22 26 36 42
106 110 41 43 78 81
16 24 22 26 42 47
89 98 7 11 42 47
85 89 43 45 57 60
36 40 26 28 36 39
106 110 39 41 18 21
85 89 43 45 54 57
85 89 41 43 57 60
93 98 43 45 65 68
56 65 22 26 57 63
65 73 30 33 31 36
81 85 41 43 57 60
106 110 39 41 26 28
81 85 41 43 60 63
24 32 33 37 42 47
114 118 41 43 42 44
106 110 41 43 42 44
89 93 39 41 44 47
93 98 39 41 39 42
89 93 37 39 60 63
73 81 22 26 57 63
106 110 37 39 68 70
98 106 33 37 10 15
89 93 37 39 57 60
89 98 33 37 21 26
16 20 33 35 47 49
93 98 39 41 47 49
93 98 15 16 39 42
24 32 30 33 26 31
16 24 26 30 0 5
69 73 20 22 52 54
32 40 22 26 21 26
93 98 26 28 54 57
73 81 41 45 31 36
89 98 22 26 15 21
93 98 26 28 47 49
85 89 41 43 52 54
85 89 43 45 39 42
114 122 37 41 73 78
114 122 37 41 42 47
81 89 30 33 68 73
56 65 30 33 47 52
93 98 41 43 42 44
65 73 41 45 31 36
89 93 39 41 54 57
81 85 43 45 33 36
16 24 30 33 68 73
81 85 43 45 42 44
98 106 41 45 5 10
89 93 26 28 42 44
69 73 18 20 52 54
89 98 33 37 15 21
114 122 37 41 78 84
102 106 39 41 60 63
112 114 39 40 50 52
98 106 7 11 57 63
81 89 33 37 21 26
89 93 37 39 39 42
0 16 37 45 21 31
89 93 26 28 65 68
0 16 37 45 73 84
106 110 37 39 23 26
89 93 37 39 52 54
81 89 26 30 68 73
81 85 43 45 65 68
89 98 30 33 21 26
85 89 41 43 36 39
89 93 28 30 42 44
89 93 28 30 65 68
89 93 24 26 49 52
89 93 43 45 57 60
24 32 22 26 31 36
65 73 26 30 10 15
93 98 37 39 49 52
106 110 41 43 28 31
73 81 33 37 57 63
65 73 26 30 78 84
93 98 28 30 42 44
93 98 43 45 63 65
32 36 26 28 44 47
89 93 41 43 49 52
24 32 26 30 0 5
73 81 45 49 31 36
73 81 45 49 57 63
81 85 41 43 36 39
85 89 43 45 52 54
93 98 24 26 49 52
48 65 30 37 73 84
102 106 39 41 42 44
93 98 39 41 57 60
81 89 30 33 78 84
56 65 33 37 42 47
106 110 41 43 65 68
73 81 49 53 57 63
93 98 26 28 60 63
89 98 7 11 36 42
32 36 26 28 39 42
89 93 37 39 47 49
93 98 26 28 57 60
93 98 41 43 65 68
85 89 43 45 47 49
73 81 18 22 31 36
93 98 28 30 65 68
110 112 40 41 49 50
110 112 41 42 49 50
81 89 33 37 15 21
89 98 30 33 15 21
81 89 26 30 73 78
73 81 30 33 36 42
24 32 30 33 68 73
65 73 33 37 57 63
24 32 22 26 68 73
65 73 37 41 26 31
89 93 39 41 39 42
110 114 37 39 49 52
93 98 15 16 36 39
93 98 26 28 52 54
93 98 43 45 42 44
93 98 39 41 36 39
16 24 30 33 26 31
89 93 28 30 36 39
89 93 39 41 52 54
56 65 15 18 31 36
110 114 43 45 23 26
85 89 41 43 33 36
73 81 37 41 31 36
85 89 43 45 36 39
106 110 37 39 18 21
16 24 30 33 73 78
93 98 28 30 36 39
89 93 43 45 49 52
56 65 22 26 21 26
93 98 39 41 60 63
89 93 39 41 57 60
73 81 18 22 68 73
93 98 15 16 47 49
89 98 7 11 52 57
65 69 20 22 31 33
85 89 43 45 65 68
81 85 43 45 63 65
98 106 41 45 10 15
85 89 43 45 33 36
81 85 41 43 33 36
106 110 39 41 15 18
110 112 39 40 49 50
24 32 33 37 57 63
16 24 22 26 63 68
89 93 39 41 47 49
106 110 41 43 31 33
89 93 26 28 36 39
81 89 22 26 68 73
89 93 26 28 63 65
89 93 39 41 60 63
36 40 26 28 42 44
32 36 26 28 36 39
89 93 28 30 63 65
65 69 20 22 54 57
106 110 39 41 21 23
106 110 37 39 26 28
85 89 41 43 42 44
65 73 45 49 36 42
89 93 43 45 33 36
0 16 37 45 10 21
93 98 26 28 39 42
81 89 37 41 5 10
106 110 37 39 81 84
56 65 26 30 57 63
73 81 18 22 73 78
81 85 41 43 42 44
73 81 26 30 57 63
98 106 41 45 0 5
89 98 22 26 78 84
24 32 30 33 15 21
65 69 22 24 31 33
56 65 15 18 52 57
93 98 37 39 54 57
0 16 45 53 0 10
89 93 37 39 36 39
24 32 30 33 73 78
32 48 37 45 10 21
65 81 53 61 42 52
85 89 41 43 65 68
24 32 33 37 36 42
106 110 41 43 70 73
8 16 45 49 57 63
98 102 39 41 49 52
98 106 7 11 31 36
112 114 42 43 49 50
102 106 37 39 31 33
89 93 41 43 54 57
81 89 37 41 10 15
106 114 30 33 57 63
24 32 30 33 21 26
65 69 18 20 54 57
112 114 41 42 49 50
89 93 43 45 54 57
93 98 15 16 42 44
48 65 37 45 0 10
110 112 42 43 49 50
56 65 33 37 47 52
73 81 49 53 31 36
114 122 37 41 63 68
89 93 41 43 44 47
48 56 41 45 47 52
93 98 41 43 63 65
81 89 30 33 21 26
89 93 43 45 39 42
65 73 49 53 36 42
110 114 43 45 26 28
24 32 22 26 73 78
110 114 43 45 18 21
89 93 41 43 60 63
106 110 41 43 63 65
32 48 30 37 21 31
110 114 37 39 39 42
89 93 41 43 39 42
48 56 26 30 36 42
93 98 28 30 63 65
93 98 26 28 42 44
81 85 41 43 65 68
89 93 43 45 65 68
110 114 37 39 36 39
110 114 37 39 54 57
89 93 41 43 57 60
89 93 24 26 47 49
73 81 26 30 31 36
65 81 53 61 31 42
8 16 45 49 47 52
89 93 43 45 44 47
93 98 41 43 31 33
8 16 45 49 52 57
81 89 22 26 26 31
89 93 39 41 36 39
36 40 28 30 39 42
98 106 30 33 10 15
65 69 18 20 31 33
89 93 37 39 42 44
93 98 37 39 52 54
85 89 43 45 63 65
65 73 41 45 57 63
98 114 15 22 73 84
112 114 40 41 49 50
93 98 39 41 42 44
81 89 26 30 21 26
89 93 43 45 36 39
32 36 26 28 42 44
106 114 30 33 52 57
56 65 26 30 21 26
16 32 37 45 0 10
16 32 45 53 10 21
73 81 33 37 31 36
73 81 22 26 63 68
93 98 43 45 31 33
32 36 28 30 39 42
81 89 26 30 15 21
73 81 30 33 57 63
110 114 37 39 52 54
85 89 43 45 42 44
89 93 43 45 63 65
32 36 28 30 44 47
16 24 22 26 36 42
93 98 24 26 47 49
93 98 37 39 44 47
73 81 41 45 57 63
89 93 41 43 52 54
81 89 30 33 15 21
16 24 30 33 15 21
106 110 37 39 21 23
93 98 22 24 49 52
36 40 28 30 36 39
69 73 20 22 54 57
89 93 41 43 33 36
98 106 22 26 63 68
48 65 30 37 0 10
32 48 30 37 63 73
102 106 33 35 49 52
32 65 0 15 0 21
65 73 15 18 26 31
102 106 39 41 31 33
24 32 22 26 26 31
85 89 41 43 63 65
114 122 37 41 68 73
98 102 39 41 44 47
102 106 33 35 54 57
114 122 37 41 31 36
81 89 26 30 78 84
89 93 39 41 42 44
118 122 43 45 49 52
48 56 41 45 52 57
36 40 28 30 44 47
89 93 43 45 52 54
65 69 28 30 39 42
69 73 18 20 54 57
93 98 26 28 65 68
106 110 37 39 15 18
65 81 53 61 52 63
106 110 41 43 73 75
89 93 41 43 36 39
16 24 30 33 21 26
93 98 37 39 39 42
81 85 41 43 63 65
32 36 28 30 36 39
110 114 43 45 15 18
93 98 37 39 57 60
16 32 53 61 0 10
73 81 22 26 31 36
65 73 45 49 47 52
110 114 43 45 21 23
65 73 45 49 42 47
16 24 30 33 78 84
48 56 22 26 36 42
73 81 18 22 15 21
93 98 26 28 36 39
73 81 18 22 78 84
65 73 49 53 47 52
89 93 41 43 47 49
65 81 7 15 52 63
0 16 53 61 0 10
48 56 26 30 42 47
106 110 43 45 49 52
73 81 18 22 26 31
89 98 7 11 57 63
65 73 41 45 26 31
65 73 30 33 57 63
89 98 33 37 10 15
81 89 37 41 0 5
81 89 22 26 73 78
106 114 30 33 47 52
112 114 39 40 49 50
93 98 37 39 47 49
73 81 41 45 26 31
98 102 33 35 49 52
69 73 20 22 31 33
65 73 49 53 42 47
98 106 22 26 31 36
89 98 22 26 5 10
73 81 37 41 26 31
110 114 37 39 44 47
24 32 30 33 10 15
24 32 22 26 15 21
106 114 30 33 36 42
24 32 30 33 78 84
110 114 37 39 33 36
98 102 33 35 54 57
65 73 49 53 52 57
89 93 43 45 47 49
93 98 37 39 60 63
106 110 41 43 23 26
89 98 22 26 10 15
110 114 37 39 57 60
98 102 39 41 54 57
69 73 22 24 39 42
32 65 45 61 0 21
69 73 18 20 31 33
65 69 28 30 36 39
81 89 18 22 26 31
98 102 39 41 47 49
106 110 41 43 68 70
93 98 26 28 63 65
98 102 39 41 33 36
81 98 53 61 52 63
102 106 33 35 57 60
98 102 39 41 39 42
106 114 33 37 10 15
93 98 37 39 36 39
24 32 22 26 78 84
102 106 33 35 52 54
98 102 39 41 52 54
110 114 37 39 60 63
16 24 30 33 10 15
89 98 30 33 10 15
89 93 43 45 31 33
65 69 28 30 44 47
73 81 30 33 31 36
110 114 37 39 47 49
65 73 15 18 57 63
81 89 33 37 10 15
65 73 37 41 21 26
8 16 45 49 42 47
32 36 28 30 42 44
98 102 39 41 36 39
89 93 41 43 65 68
36 40 28 30 42 44
81 85 43 45 31 33
65 73 45 49 52 57
48 56 22 26 42 47
102 106 33 35 60 63
106 110 41 43 81 84
89 93 41 43 42 44
106 110 43 45 39 42
106 110 41 43 26 28
48 56 26 30 47 52
106 110 41 43 18 21
118 122 43 45 47 49
65 73 45 49 31 36
73 81 18 22 21 26
73 81 22 26 68 73
32 48 30 37 10 21
24 32 22 26 21 26
73 81 22 26 73 78
102 106 33 35 39 42
40 48 22 26 36 42
65 73 49 53 57 63
89 93 43 45 42 44
24 32 33 37 31 36
98 102 33 35 52 54
106 114 30 33 42 47
106 110 43 45 36 39
69 73 22 24 36 39
81 89 22 26 21 26
85 89 41 43 31 33
118 122 43 45 39 42
85 89 43 45 31 33
48 56 41 45 42 47
93 98 22 24 47 49
98 102 33 35 39 42
89 93 22 24 49 52
65 69 28 30 42 44
65 73 49 53 31 36
106 110 43 45 33 36
89 93 41 43 63 65
81 89 49 53 52 57
89 98 7 11 31 36
98 102 33 35 57 60
102 106 33 35 36 39
69 73 22 24 44 47
65 73 15 18 15 21
98 102 39 41 57 60
81 85 41 43 31 33
32 65 0 15 63 84
81 89 22 26 15 21
106 114 30 33 31 36
93 98 37 39 42 44
110 114 37 39 42 44
106 110 43 45 44 47
118 122 43 45 52 54
56 65 37 41 42 47
98 102 33 35 60 63
81 89 49 53 47 52
106 110 43 45 52 54
73 81 26 30 26 31
106 110 43 45 54 57
118 122 43 45 44 47
24 32 22 26 10 15
106 114 30 33 63 68
106 110 41 43 15 18
73 81 22 26 26 31
89 93 41 43 31 33
89 98 22 26 0 5
65 73 15 18 73 78
114 122 37 41 26 31
40 48 22 26 42 47
16 32 45 53 0 10
73 81 26 30 73 78
106 110 43 45 60 63
73 81 26 30 63 68
24 32 22 26 5 10
65 73 15 18 21 26
98 102 33 35 36 39
0 16 37 45 0 10
65 73 15 18 78 84
98 102 39 41 60 63
81 89 26 30 5 10
73 81 18 22 10 15
69 73 22 24 49 52
16 24 22 26 68 73
65 73 15 18 63 68
73 81 41 45 21 26
106 110 41 43 21 23
8 16 57 61 57 63
118 122 43 45 36 39
69 73 22 24 42 44
81 98 53 61 31 42
81 89 49 53 57 63
48 56 33 37 47 52
56 65 37 41 47 52
106 110 43 45 47 49
73 81 37 41 21 26
81 98 53 61 42 52
69 73 22 24 33 36
98 102 37 39 49 52
24 32 33 37 26 31
73 81 26 30 68 73
81 89 26 30 10 15
106 110 43 45 57 60
98 102 39 41 42 44
32 48 37 45 0 10
81 89 22 26 78 84
102 106 33 35 47 49
65 73 45 49 57 63
65 73 15 18 68 73
118 122 43 45 60 63
16 24 22 26 31 36
65 81 53 61 63 73
65 73 41 45 21 26
98 106 22 26 68 73
81 89 30 33 10 15
110 114 37 39 65 68
48 56 22 26 47 52
89 93 22 24 47 49
106 110 43 45 75 78
32 48 30 37 73 84
48 56 41 45 57 63
106 110 43 45 78 81
24 32 33 37 63 68
81 89 49 53 36 42
48 56 26 30 31 36
98 102 33 35 47 49
81 89 18 22 21 26
98 102 39 41 31 33
40 48 22 26 47 52
16 24 22 26 73 78
48 56 22 26 31 36
106 110 43 45 28 31
106 110 43 45 65 68
69 73 22 24 47 49
110 114 37 39 75 78
73 81 22 26 78 84
81 98 53 61 63 73
48 56 30 33 42 47
110 114 37 39 78 81
110 114 37 39 28 31
98 102 37 39 44 47
81 89 49 53 42 47
98 102 37 39 54 57
118 122 43 45 42 44
110 114 37 39 63 65
48 56 33 37 42 47
8 16 30 33 52 57
118 122 41 43 49 52
20 24 33 35 49 52
24 32 33 37 15 21
106 110 43 45 42 44
65 81 53 61 21 31
110 114 37 39 31 33
114 122 37 41 21 26
65 73 15 18 10 15
56 65 15 18 57 63
73 81 22 26 21 26
16 24 57 61 57 63
73 81 22 26 15 21
24 32 33 37 21 26
8 16 30 33 57 63
81 89 26 30 0 5
73 81 26 30 78 84
73 81 26 30 15 21
98 102 37 39 52 54
106 114 30 33 26 31
73 81 26 30 21 26
65 81 53 61 73 84
106 110 43 45 31 33
40 48 26 30 36 42
98 102 37 39 39 42
106 110 43 45 63 65
98 102 37 39 47 49
98 102 37 39 33 36
81 89 49 53 63 68
16 24 22 26 26 31
118 122 43 45 54 57
110 114 37 39 70 73
40 48 26 30 47 52
40 48 26 30 42 47
48 56 26 30 52 57
98 102 37 39 57 60
24 32 33 37 68 73
32 48 30 37 0 10
48 56 30 33 47 52
81 89 49 53 31 36
48 56 18 22 36 42
98 102 37 39 36 39
98 102 35 37 49 52
106 110 43 45 70 73
20 24 33 35 54 57
81 89 22 26 10 15
8 16 57 61 52 57
81 89 22 26 5 10
118 122 43 45 57 60
40 48 22 26 31 36
81 98 53 61 21 31
24 32 33 37 73 78
48 56 18 22 42 47
56 65 37 41 52 57
98 102 37 39 60 63
24 32 53 57 57 63
16 24 22 26 78 84
69 73 22 24 31 33
8 16 30 33 47 52
69 73 24 26 39 42
81 89 15 18 47 52
118 122 41 43 47 49
24 32 22 26 0 5
65 81 7 15 21 31
16 24 22 26 15 21
98 102 35 37 54 57
81 89 11 15 47 52
106 110 43 45 73 75
48 56 22 26 52 57
24 32 53 57 52 57
81 89 11 15 42 47
40 48 22 26 52 57
24 32 33 37 10 15
81 89 15 18 42 47
69 73 24 26 36 39
114 122 49 53 47 52
20 24 33 35 47 49
110 114 37 39 23 26
24 32 33 37 78 84
110 114 37 39 68 70
16 24 22 26 21 26
20 24 33 35 52 54
118 122 41 43 52 54
32 48 15 22 42 52
98 102 35 37 52 54
118 122 41 43 39 42
110 114 37 39 73 75
98 102 37 39 42 44
118 122 41 43 44 47
106 110 43 45 23 26
16 24 41 45 47 52
98 102 35 37 57 60
81 89 15 18 52 57
73 81 22 26 10 15
48 56 22 26 26 31
16 24 22 26 10 15
106 114 30 33 68 73
73 81 15 18 47 52
73 81 26 30 10 15
16 24 41 45 52 57
81 89 49 53 68 73
16 24 57 61 52 57
114 122 49 53 52 57
110 114 37 39 18 21
16 24 22 26 5 10
118 122 41 43 60 63
69 73 24 26 44 47
81 89 11 15 36 42
40 48 26 30 52 57
81 89 49 53 26 31
110 114 37 39 26 28
89 98 49 53 57 63
81 89 11 15 52 57
106 110 43 45 68 70
69 73 24 26 33 36
98 102 35 37 60 63
106 114 30 33 73 78
48 56 26 30 26 31
106 110 43 45 81 84
98 102 35 37 39 42
106 110 43 45 26 28
81 89 49 53 73 78
118 122 41 43 36 39
89 93 16 18 49 52
20 24 33 35 57 60
32 48 15 22 31 42
98 102 35 37 36 39
110 114 37 39 81 84
89 93 16 18 44 47
81 89 22 26 0 5
98 102 37 39 31 33
16 24 41 45 57 63
65 81 53 61 10 21
114 122 49 53 36 42
69 73 26 28 44 47
106 114 30 33 15 21
106 110 43 45 18 21
106 114 30 33 21 26
81 89 15 18 36 42
48 56 18 22 47 52
69 73 24 26 42 44
20 24 35 37 49 52
114 122 49 53 42 47
98 102 35 37 47 49
69 73 24 26 49 52
69 73 26 28 39 42
89 98 49 53 52 57
73 81 15 18 52 57
48 56 26 30 57 63
40 48 22 26 26 31
16 20 28 30 54 57
114 122 49 53 57 63
106 114 26 30 57 63
110 114 37 39 21 23
110 114 37 39 15 18
20 24 35 37 54 57
89 93 16 18 39 42
106 114 30 33 78 84
106 114 26 30 52 57
81 89 15 18 57 63
69 73 28 30 44 47
40 48 26 30 31 36
106 110 43 45 15 18
73 81 15 18 42 47
89 98 49 53 31 36
81 89 49 53 21 26
16 24 41 45 42 47
81 98 53 61 73 84
106 114 26 30 47 52
89 98 49 53 36 42
8 16 30 33 42 47
106 110 43 45 21 23
89 98 49 53 63 68
69 73 24 26 47 49
28 32 26 28 49 52
81 89 11 15 57 63
89 93 16 18 47 49
118 122 41 43 42 44
16 20 28 30 49 52
89 98 49 53 47 52
81 98 53 61 10 21
48 56 18 22 31 36
48 56 22 26 57 63
40 48 26 30 57 63
69 73 26 28 36 39
20 24 33 35 60 63
118 122 41 43 54 57
56 65 37 41 57 63
69 73 26 28 42 44
89 93 16 18 36 39
24 32 37 41 52 57
56 65 41 45 47 52
28 32 26 28 54 57
16 20 28 30 57 60
106 114 26 30 36 42
20 24 35 37 52 54
106 114 26 30 42 47
28 32 28 30 49 52
40 48 22 26 57 63
89 93 16 18 42 44
118 122 41 43 57 60
81 89 49 53 78 84
48 56 15 18 36 42
24 32 37 41 47 52
20 24 35 37 57 60
48 56 22 26 21 26
56 65 41 45 42 47
48 56 15 18 42 47
69 73 28 30 39 42
28 32 26 28 57 60
16 20 28 30 52 54
81 89 7 11 47 52
20 24 35 37 47 49
69 73 24 26 31 33
28 32 26 28 60 63
28 32 26 28 52 54
48 56 26 30 21 26
81 89 11 15 31 36
81 89 7 11 42 47
73 81 15 18 57 63
40 48 22 26 21 26
24 32 37 41 57 63
114 122 49 53 31 36
56 65 41 45 52 57
28 32 26 28 44 47
28 32 28 30 44 47
65 81 7 15 63 73
28 32 28 30 54 57
89 98 49 53 26 31
89 98 49 53 42 47
73 81 15 18 36 42
16 24 22 26 0 5
69 73 28 30 42 44
89 93 15 16 49 52
89 93 15 16 44 47
28 32 26 28 47 49
40 48 26 30 26 31
0 16 22 30 52 63
28 32 28 30 47 49
89 98 49 53 68 73
65 81 53 61 0 10
106 114 49 53 47 52
81 89 7 11 52 57
16 20 28 30 60 63
20 24 35 37 60 63
81 89 15 18 31 36
48 56 15 18 47 52
28 32 28 30 57 60
24 32 41 45 52 57
81 98 53 61 0 10
106 114 30 33 10 15
65 81 7 15 73 84
69 73 28 30 36 39
28 32 28 30 52 54
106 114 49 53 42 47
106 114 26 30 63 68
24 32 41 45 47 52
16 20 28 30 47 49
106 114 49 53 52 57
81 89 7 11 36 42
89 93 15 16 39 42
48 56 18 22 52 57
89 98 49 53 73 78
81 89 15 18 63 68
16 20 28 30 44 47
32 48 15 22 52 63
28 32 28 30 60 63
24 32 41 45 57 63
40 48 26 30 21 26
106 114 26 30 31 36
106 114 49 53 57 63
81 89 15 18 26 31
89 93 15 16 47 49
89 93 15 16 36 39
16 20 26 28 54 57
73 81 15 18 63 68
24 32 37 41 42 47
28 32 26 28 39 42
28 32 26 28 63 65
28 32 26 28 65 68
81 89 7 11 57 63
89 98 49 53 21 26
56 65 41 45 57 63
0 16 22 30 42 52
89 93 15 16 42 44
28 32 28 30 39 42
28 32 26 28 42 44
16 20 26 28 49 52
32 48 15 22 21 31
48 56 15 18 31 36
28 32 28 30 42 44
16 20 26 28 57 60
56 60 20 22 39 42
81 89 7 11 31 36
24 32 41 45 42 47
81 89 15 18 68 73
28 32 28 30 65 68
48 56 18 22 57 63
16 20 26 28 60 63
16 20 26 28 52 54
56 60 20 22 44 47
48 56 15 18 52 57
28 32 26 28 36 39
28 32 28 30 36 39
81 89 15 18 21 26
28 32 28 30 63 65
89 98 49 53 78 84
56 60 20 22 42 44
73 81 15 18 31 36
16 20 28 30 65 68
16 20 28 30 63 65
0 16 22 30 63 73
56 60 20 22 36 39
122 131 49 53 47 52
56 60 18 20 39 42
16 20 28 30 42 44
16 20 28 30 39 42
0 16 22 30 31 42
73 81 15 18 68 73
122 131 49 53 52 57
16 20 26 28 44 47
73 81 15 18 73 78
16 20 26 28 47 49
73 81 15 18 15 21
56 60 18 20 44 47
32 48 15 22 63 73
32 48 15 22 10 21
24 32 57 61 57 63
16 20 28 30 36 39
56 60 18 20 42 44
106 114 26 30 68 73
73 81 15 18 78 84
73 81 15 18 26 31
122 131 45 49 47 52
24 32 57 61 52 57
32 48 15 22 73 84
56 60 18 20 36 39
16 20 26 28 65 68
73 81 15 18 21 26
122 131 49 53 31 36
122 131 49 53 36 42
122 131 45 49 52 57
16 20 26 28 63 65
122 131 49 53 57 63
0 16 22 30 21 31
0 16 22 30 73 84
0 16 22 30 10 21
114 131 53 61 52 63
16 20 26 28 39 42
73 81 15 18 10 15
16 20 26 28 42 44
114 131 53 61 31 42
114 131 53 61 42 52
48 56 15 18 57 63
98 106 49 53 47 52
16 20 26 28 36 39
122 131 49 53 42 47
122 131 45 49 57 63
98 106 49 53 52 57
98 106 49 53 42 47
98 106 49 53 57 63
122 131 45 49 31 36
122 131 45 49 36 42
122 131 45 49 42 47
32 48 15 22 0 10
0 16 22 30 0 10
81 98 0 7 42 52
114 131 53 61 63 73
114 131 53 61 21 31
114 131 53 61 0 10
114 131 53 61 73 84
81 98 0 7 52 63
81 98 0 7 31 42
114 131 53 61 10 21
16 32 15 22 31 42
16 32 15 22 42 52
81 98 0 7 63 73
106 114 22 26 42 47
106 114 22 26 36 42
106 114 22 26 57 63
106 114 22 26 52 57
81 98 0 7 21 31
122 131 41 45 47 52
106 114 22 26 47 52
114 131 0 7 52 63
106 114 22 26 63 68
16 32 15 22 52 63
81 98 0 7 73 84
122 131 41 45 52 57
122 131 41 45 73 78
98 114 0 7 42 52
122 131 41 45 42 47
98 114 53 61 42 52
122 131 41 45 36 42
122 131 41 45 63 68
122 131 41 45 68 73
16 32 15 22 21 31
16 32 15 22 10 21
122 131 41 45 57 63
114 131 30 37 63 73
122 131 41 45 78 84
106 114 22 26 68 73
114 131 30 37 42 52
0 32 0 15 63 84
0 32 0 15 42 63
98 114 0 7 31 42
122 131 41 45 31 36
0 32 0 15 0 21
98 114 0 7 52 63
122 131 41 45 26 31
114 131 15 22 52 63
98 114 53 61 31 42
106 114 22 26 31 36
114 131 15 22 42 52
0 16 15 22 21 31
0 8 45 49 57 63
114 131 30 37 52 63
98 114 53 61 52 63
114 131 30 37 31 42
114 131 22 30 42 52
16 32 15 22 0 10
122 131 41 45 21 26
0 32 0 15 21 42
106 114 11 15 52 57
114 131 0 7 42 52
0 8 45 49 52 57
102 106 13 15 44 47
114 131 7 15 52 63
114 131 0 7 63 73
98 114 0 7 73 84
0 8 33 37 52 57
102 106 11 13 44 47
106 114 11 15 47 52
106 114 11 15 57 63
122 131 37 41 68 73
102 106 13 15 49 52
102 106 13 15 47 49
0 8 49 53 57 63
102 106 11 13 42 44
16 32 15 22 73 84
0 8 30 33 52 57
102 106 13 15 42 44
16 32 15 22 63 73
0 8 33 37 47 52
102 106 11 13 47 49
102 106 11 13 49 52
0 8 57 61 52 57
0 8 30 33 47 52
0 8 57 61 57 63
122 131 37 41 63 68
0 8 49 53 52 57
122 131 37 41 73 78
98 114 0 7 63 73
114 131 30 37 0 10
98 114 0 7 21 31
122 131 37 41 36 42
122 131 37 41 26 31
122 131 37 41 21 26
122 131 37 41 57 63
122 131 37 41 31 36
114 131 30 37 73 84
114 131 30 37 21 31
98 114 53 61 63 73
0 16 15 22 0 10
65 81 0 7 31 42
114 131 7 15 21 31
114 131 7 15 42 52
106 114 11 15 36 42
65 81 0 7 52 63
98 114 53 61 73 84
0 16 15 22 42 52
98 114 53 61 0 10
0 8 53 57 52 57
0 8 49 53 42 47
114 131 30 37 10 21
114 131 0 7 21 31
0 16 15 22 10 21
122 131 37 41 52 57
65 81 0 7 42 52
65 81 0 7 63 73
0 8 45 49 42 47
0 16 15 22 73 84
114 131 15 22 63 73
98 114 53 61 21 31
0 16 15 22 31 42
106 114 11 15 42 47
114 131 7 15 73 84
106 114 7 11 57 63
0 8 33 37 57 63
0 8 53 57 57 63
106 114 7 11 52 57
0 16 15 22 63 73
114 131 22 30 31 42
106 114 7 11 42 47
114 131 0 7 73 84
114 131 22 30 63 73
106 114 7 11 31 36
114 131 22 30 52 63
106 114 7 11 47 52
122 131 37 41 42 47
122 131 37 41 78 84
114 131 22 30 21 31
0 8 49 53 47 52
0 8 33 37 42 47
0 8 30 33 57 63
114 131 22 30 73 84
0 16 15 22 52 63
114 131 15 22 73 84
0 8 45 49 47 52
114 131 7 15 63 73
114 131 0 7 31 42
114 131 15 22 31 42
65 81 0 7 21 31
122 131 37 41 47 52
98 114 53 61 10 21
106 114 7 11 36 42
0 8 30 33 42 47
114 131 7 15 31 42
106 114 11 15 31 36
65 81 0 7 73 84
114 131 15 22 21 31
voxsize: 131x61x84 size:2.56059265MB
voxBW: 2 3
Decomp size:2052
Initialization time: 0.001806
compute: 0.732227 seconds
evaluations: 101443144
time: 0.758595 seconds
