hostname : cph-gpu4.uncc.edu
bounding: [-130;-65]x[20;50]x[5875;5958]
read 588189 observations
res: 0.01 0.01 1 bw: 0.5 0.5 3
0 3250 0 1500 0 21
0 3250 0 1500 21 42
0 3250 0 1500 42 63
0 3250 0 1500 63 84
0 3250 1500 3001 0 21
0 3250 1500 3001 21 42
0 3250 1500 3001 42 63
0 3250 1500 3001 63 84
3250 6501 0 1500 0 21
3250 6501 0 1500 21 42
3250 6501 0 1500 42 63
3250 6501 0 1500 63 84
3250 6501 1500 3001 0 21
3250 6501 1500 3001 21 42
3250 6501 1500 3001 42 63
3250 6501 1500 3001 63 84
voxsize: 6501x3001x84 size:6251.51857MB
voxBW: 50 3
Decomp size:16
Initialization time: 0.741799
compute: 32.125989 seconds
evaluations: 41392685368
time: 32.869111 seconds
