hostname : cph-c53.uncc.edu
bounding: [-130;-65]x[20;50]x[5875;5958]
read 588189 observations
res: 0.1 0.1 1 bw: 1 1 3
0 325 0 150 0 11
0 325 0 150 11 21
0 325 0 150 21 32
0 325 0 150 32 42
0 325 0 150 42 52
0 325 0 150 52 63
0 325 0 150 63 73
0 325 0 150 73 84
0 325 150 301 0 11
0 325 150 301 11 21
0 325 150 301 21 32
0 325 150 301 32 42
0 325 150 301 42 52
0 325 150 301 52 63
0 325 150 301 63 73
0 325 150 301 73 84
325 651 0 150 0 11
325 651 0 150 11 21
325 651 0 150 21 32
325 651 0 150 32 42
325 651 0 150 42 52
325 651 0 150 52 63
325 651 0 150 63 73
325 651 0 150 73 84
325 651 150 301 0 11
325 651 150 301 11 21
325 651 150 301 21 32
325 651 150 301 32 42
325 651 150 301 42 52
325 651 150 301 52 63
325 651 150 301 63 73
325 651 150 301 73 84
voxsize: 651x301x84 size:62.7894745MB
voxBW: 10 3
Decomp size:32
Initialization time: 0.01174
compute: 0.817641 seconds
evaluations: 1789439001
time: 0.830435 seconds
