hostname : cph-gpu3.uncc.edu
bounding: [-130;-65]x[20;50]x[5875;5958]
read 588189 observations
res: 0.01 0.01 1 bw: 1 1 3
0 3250 0 1500 0 3
0 3250 0 1500 3 6
0 3250 0 1500 6 8
0 3250 0 1500 8 11
0 3250 0 1500 11 13
0 3250 0 1500 13 16
0 3250 0 1500 16 19
0 3250 0 1500 19 21
0 3250 0 1500 21 24
0 3250 0 1500 24 26
0 3250 0 1500 26 29
0 3250 0 1500 29 32
0 3250 0 1500 32 34
0 3250 0 1500 34 37
0 3250 0 1500 37 39
0 3250 0 1500 39 42
0 3250 0 1500 42 45
0 3250 0 1500 45 47
0 3250 0 1500 47 50
0 3250 0 1500 50 52
0 3250 0 1500 52 55
0 3250 0 1500 55 58
0 3250 0 1500 58 60
0 3250 0 1500 60 63
0 3250 0 1500 63 65
0 3250 0 1500 65 68
0 3250 0 1500 68 71
0 3250 0 1500 71 73
0 3250 0 1500 73 76
0 3250 0 1500 76 78
0 3250 0 1500 78 81
0 3250 0 1500 81 84
0 3250 1500 3001 0 3
0 3250 1500 3001 3 6
0 3250 1500 3001 6 8
0 3250 1500 3001 8 11
0 3250 1500 3001 11 13
0 3250 1500 3001 13 16
0 3250 1500 3001 16 19
0 3250 1500 3001 19 21
0 3250 1500 3001 21 24
0 3250 1500 3001 24 26
0 3250 1500 3001 26 29
0 3250 1500 3001 29 32
0 3250 1500 3001 32 34
0 3250 1500 3001 34 37
0 3250 1500 3001 37 39
0 3250 1500 3001 39 42
0 3250 1500 3001 42 45
0 3250 1500 3001 45 47
0 3250 1500 3001 47 50
0 3250 1500 3001 50 52
0 3250 1500 3001 52 55
0 3250 1500 3001 55 58
0 3250 1500 3001 58 60
0 3250 1500 3001 60 63
0 3250 1500 3001 63 65
0 3250 1500 3001 65 68
0 3250 1500 3001 68 71
0 3250 1500 3001 71 73
0 3250 1500 3001 73 76
0 3250 1500 3001 76 78
0 3250 1500 3001 78 81
0 3250 1500 3001 81 84
3250 6501 0 1500 0 3
3250 6501 0 1500 3 6
3250 6501 0 1500 6 8
3250 6501 0 1500 8 11
3250 6501 0 1500 11 13
3250 6501 0 1500 13 16
3250 6501 0 1500 16 19
3250 6501 0 1500 19 21
3250 6501 0 1500 21 24
3250 6501 0 1500 24 26
3250 6501 0 1500 26 29
3250 6501 0 1500 29 32
3250 6501 0 1500 32 34
3250 6501 0 1500 34 37
3250 6501 0 1500 37 39
3250 6501 0 1500 39 42
3250 6501 0 1500 42 45
3250 6501 0 1500 45 47
3250 6501 0 1500 47 50
3250 6501 0 1500 50 52
3250 6501 0 1500 52 55
3250 6501 0 1500 55 58
3250 6501 0 1500 58 60
3250 6501 0 1500 60 63
3250 6501 0 1500 63 65
3250 6501 0 1500 65 68
3250 6501 0 1500 68 71
3250 6501 0 1500 71 73
3250 6501 0 1500 73 76
3250 6501 0 1500 76 78
3250 6501 0 1500 78 81
3250 6501 0 1500 81 84
3250 6501 1500 3001 0 3
3250 6501 1500 3001 3 6
3250 6501 1500 3001 6 8
3250 6501 1500 3001 8 11
3250 6501 1500 3001 11 13
3250 6501 1500 3001 13 16
3250 6501 1500 3001 16 19
3250 6501 1500 3001 19 21
3250 6501 1500 3001 21 24
3250 6501 1500 3001 24 26
3250 6501 1500 3001 26 29
3250 6501 1500 3001 29 32
3250 6501 1500 3001 32 34
3250 6501 1500 3001 34 37
3250 6501 1500 3001 37 39
3250 6501 1500 3001 39 42
3250 6501 1500 3001 42 45
3250 6501 1500 3001 45 47
3250 6501 1500 3001 47 50
3250 6501 1500 3001 50 52
3250 6501 1500 3001 52 55
3250 6501 1500 3001 55 58
3250 6501 1500 3001 58 60
3250 6501 1500 3001 60 63
3250 6501 1500 3001 63 65
3250 6501 1500 3001 65 68
3250 6501 1500 3001 68 71
3250 6501 1500 3001 71 73
3250 6501 1500 3001 73 76
3250 6501 1500 3001 76 78
3250 6501 1500 3001 78 81
3250 6501 1500 3001 81 84
voxsize: 6501x3001x84 size:6251.51857MB
voxBW: 100 3
Decomp size:128
Initialization time: 0.741719
compute: 85.441314 seconds
evaluations: 163934121444
time: 86.199435 seconds
