hostname : cph-gpu4.uncc.edu
bounding: [-130;-65]x[20;50]x[5875;5958]
read 588189 observations
res: 0.01 0.01 1 bw: 0.5 0.5 3
0 1625 0 750 0 3
0 1625 0 750 3 6
0 1625 0 750 6 8
0 1625 0 750 8 11
0 1625 0 750 11 13
0 1625 0 750 13 16
0 1625 0 750 16 19
0 1625 0 750 19 21
0 1625 0 750 21 24
0 1625 0 750 24 26
0 1625 0 750 26 29
0 1625 0 750 29 32
0 1625 0 750 32 34
0 1625 0 750 34 37
0 1625 0 750 37 39
0 1625 0 750 39 42
0 1625 0 750 42 45
0 1625 0 750 45 47
0 1625 0 750 47 50
0 1625 0 750 50 52
0 1625 0 750 52 55
0 1625 0 750 55 58
0 1625 0 750 58 60
0 1625 0 750 60 63
0 1625 0 750 63 65
0 1625 0 750 65 68
0 1625 0 750 68 71
0 1625 0 750 71 73
0 1625 0 750 73 76
0 1625 0 750 76 78
0 1625 0 750 78 81
0 1625 0 750 81 84
0 1625 750 1500 0 3
0 1625 750 1500 3 6
0 1625 750 1500 6 8
0 1625 750 1500 8 11
0 1625 750 1500 11 13
0 1625 750 1500 13 16
0 1625 750 1500 16 19
0 1625 750 1500 19 21
0 1625 750 1500 21 24
0 1625 750 1500 24 26
0 1625 750 1500 26 29
0 1625 750 1500 29 32
0 1625 750 1500 32 34
0 1625 750 1500 34 37
0 1625 750 1500 37 39
0 1625 750 1500 39 42
0 1625 750 1500 42 45
0 1625 750 1500 45 47
0 1625 750 1500 47 50
0 1625 750 1500 50 52
0 1625 750 1500 52 55
0 1625 750 1500 55 58
0 1625 750 1500 58 60
0 1625 750 1500 60 63
0 1625 750 1500 63 65
0 1625 750 1500 65 68
0 1625 750 1500 68 71
0 1625 750 1500 71 73
0 1625 750 1500 73 76
0 1625 750 1500 76 78
0 1625 750 1500 78 81
0 1625 750 1500 81 84
0 1625 1500 2250 0 3
0 1625 1500 2250 3 6
0 1625 1500 2250 6 8
0 1625 1500 2250 8 11
0 1625 1500 2250 11 13
0 1625 1500 2250 13 16
0 1625 1500 2250 16 19
0 1625 1500 2250 19 21
0 1625 1500 2250 21 24
0 1625 1500 2250 24 26
0 1625 1500 2250 26 29
0 1625 1500 2250 29 32
0 1625 1500 2250 32 34
0 1625 1500 2250 34 37
0 1625 1500 2250 37 39
0 1625 1500 2250 39 42
0 1625 1500 2250 42 45
0 1625 1500 2250 45 47
0 1625 1500 2250 47 50
0 1625 1500 2250 50 52
0 1625 1500 2250 52 55
0 1625 1500 2250 55 58
0 1625 1500 2250 58 60
0 1625 1500 2250 60 63
0 1625 1500 2250 63 65
0 1625 1500 2250 65 68
0 1625 1500 2250 68 71
0 1625 1500 2250 71 73
0 1625 1500 2250 73 76
0 1625 1500 2250 76 78
0 1625 1500 2250 78 81
0 1625 1500 2250 81 84
0 1625 2250 3001 0 3
0 1625 2250 3001 3 6
0 1625 2250 3001 6 8
0 1625 2250 3001 8 11
0 1625 2250 3001 11 13
0 1625 2250 3001 13 16
0 1625 2250 3001 16 19
0 1625 2250 3001 19 21
0 1625 2250 3001 21 24
0 1625 2250 3001 24 26
0 1625 2250 3001 26 29
0 1625 2250 3001 29 32
0 1625 2250 3001 32 34
0 1625 2250 3001 34 37
0 1625 2250 3001 37 39
0 1625 2250 3001 39 42
0 1625 2250 3001 42 45
0 1625 2250 3001 45 47
0 1625 2250 3001 47 50
0 1625 2250 3001 50 52
0 1625 2250 3001 52 55
0 1625 2250 3001 55 58
0 1625 2250 3001 58 60
0 1625 2250 3001 60 63
0 1625 2250 3001 63 65
0 1625 2250 3001 65 68
0 1625 2250 3001 68 71
0 1625 2250 3001 71 73
0 1625 2250 3001 73 76
0 1625 2250 3001 76 78
0 1625 2250 3001 78 81
0 1625 2250 3001 81 84
1625 3250 0 750 0 3
1625 3250 0 750 3 6
1625 3250 0 750 6 8
1625 3250 0 750 8 11
1625 3250 0 750 11 13
1625 3250 0 750 13 16
1625 3250 0 750 16 19
1625 3250 0 750 19 21
1625 3250 0 750 21 24
1625 3250 0 750 24 26
1625 3250 0 750 26 29
1625 3250 0 750 29 32
1625 3250 0 750 32 34
1625 3250 0 750 34 37
1625 3250 0 750 37 39
1625 3250 0 750 39 42
1625 3250 0 750 42 45
1625 3250 0 750 45 47
1625 3250 0 750 47 50
1625 3250 0 750 50 52
1625 3250 0 750 52 55
1625 3250 0 750 55 58
1625 3250 0 750 58 60
1625 3250 0 750 60 63
1625 3250 0 750 63 65
1625 3250 0 750 65 68
1625 3250 0 750 68 71
1625 3250 0 750 71 73
1625 3250 0 750 73 76
1625 3250 0 750 76 78
1625 3250 0 750 78 81
1625 3250 0 750 81 84
1625 3250 750 1500 0 3
1625 3250 750 1500 3 6
1625 3250 750 1500 6 8
1625 3250 750 1500 8 11
1625 3250 750 1500 11 13
1625 3250 750 1500 13 16
1625 3250 750 1500 16 19
1625 3250 750 1500 19 21
1625 3250 750 1500 21 24
1625 3250 750 1500 24 26
1625 3250 750 1500 26 29
1625 3250 750 1500 29 32
1625 3250 750 1500 32 34
1625 3250 750 1500 34 37
1625 3250 750 1500 37 39
1625 3250 750 1500 39 42
1625 3250 750 1500 42 45
1625 3250 750 1500 45 47
1625 3250 750 1500 47 50
1625 3250 750 1500 50 52
1625 3250 750 1500 52 55
1625 3250 750 1500 55 58
1625 3250 750 1500 58 60
1625 3250 750 1500 60 63
1625 3250 750 1500 63 65
1625 3250 750 1500 65 68
1625 3250 750 1500 68 71
1625 3250 750 1500 71 73
1625 3250 750 1500 73 76
1625 3250 750 1500 76 78
1625 3250 750 1500 78 81
1625 3250 750 1500 81 84
1625 3250 1500 2250 0 3
1625 3250 1500 2250 3 6
1625 3250 1500 2250 6 8
1625 3250 1500 2250 8 11
1625 3250 1500 2250 11 13
1625 3250 1500 2250 13 16
1625 3250 1500 2250 16 19
1625 3250 1500 2250 19 21
1625 3250 1500 2250 21 24
1625 3250 1500 2250 24 26
1625 3250 1500 2250 26 29
1625 3250 1500 2250 29 32
1625 3250 1500 2250 32 34
1625 3250 1500 2250 34 37
1625 3250 1500 2250 37 39
1625 3250 1500 2250 39 42
1625 3250 1500 2250 42 45
1625 3250 1500 2250 45 47
1625 3250 1500 2250 47 50
1625 3250 1500 2250 50 52
1625 3250 1500 2250 52 55
1625 3250 1500 2250 55 58
1625 3250 1500 2250 58 60
1625 3250 1500 2250 60 63
1625 3250 1500 2250 63 65
1625 3250 1500 2250 65 68
1625 3250 1500 2250 68 71
1625 3250 1500 2250 71 73
1625 3250 1500 2250 73 76
1625 3250 1500 2250 76 78
1625 3250 1500 2250 78 81
1625 3250 1500 2250 81 84
1625 3250 2250 3001 0 3
1625 3250 2250 3001 3 6
1625 3250 2250 3001 6 8
1625 3250 2250 3001 8 11
1625 3250 2250 3001 11 13
1625 3250 2250 3001 13 16
1625 3250 2250 3001 16 19
1625 3250 2250 3001 19 21
1625 3250 2250 3001 21 24
1625 3250 2250 3001 24 26
1625 3250 2250 3001 26 29
1625 3250 2250 3001 29 32
1625 3250 2250 3001 32 34
1625 3250 2250 3001 34 37
1625 3250 2250 3001 37 39
1625 3250 2250 3001 39 42
1625 3250 2250 3001 42 45
1625 3250 2250 3001 45 47
1625 3250 2250 3001 47 50
1625 3250 2250 3001 50 52
1625 3250 2250 3001 52 55
1625 3250 2250 3001 55 58
1625 3250 2250 3001 58 60
1625 3250 2250 3001 60 63
1625 3250 2250 3001 63 65
1625 3250 2250 3001 65 68
1625 3250 2250 3001 68 71
1625 3250 2250 3001 71 73
1625 3250 2250 3001 73 76
1625 3250 2250 3001 76 78
1625 3250 2250 3001 78 81
1625 3250 2250 3001 81 84
3250 4875 0 750 0 3
3250 4875 0 750 3 6
3250 4875 0 750 6 8
3250 4875 0 750 8 11
3250 4875 0 750 11 13
3250 4875 0 750 13 16
3250 4875 0 750 16 19
3250 4875 0 750 19 21
3250 4875 0 750 21 24
3250 4875 0 750 24 26
3250 4875 0 750 26 29
3250 4875 0 750 29 32
3250 4875 0 750 32 34
3250 4875 0 750 34 37
3250 4875 0 750 37 39
3250 4875 0 750 39 42
3250 4875 0 750 42 45
3250 4875 0 750 45 47
3250 4875 0 750 47 50
3250 4875 0 750 50 52
3250 4875 0 750 52 55
3250 4875 0 750 55 58
3250 4875 0 750 58 60
3250 4875 0 750 60 63
3250 4875 0 750 63 65
3250 4875 0 750 65 68
3250 4875 0 750 68 71
3250 4875 0 750 71 73
3250 4875 0 750 73 76
3250 4875 0 750 76 78
3250 4875 0 750 78 81
3250 4875 0 750 81 84
3250 4875 750 1500 0 3
3250 4875 750 1500 3 6
3250 4875 750 1500 6 8
3250 4875 750 1500 8 11
3250 4875 750 1500 11 13
3250 4875 750 1500 13 16
3250 4875 750 1500 16 19
3250 4875 750 1500 19 21
3250 4875 750 1500 21 24
3250 4875 750 1500 24 26
3250 4875 750 1500 26 29
3250 4875 750 1500 29 32
3250 4875 750 1500 32 34
3250 4875 750 1500 34 37
3250 4875 750 1500 37 39
3250 4875 750 1500 39 42
3250 4875 750 1500 42 45
3250 4875 750 1500 45 47
3250 4875 750 1500 47 50
3250 4875 750 1500 50 52
3250 4875 750 1500 52 55
3250 4875 750 1500 55 58
3250 4875 750 1500 58 60
3250 4875 750 1500 60 63
3250 4875 750 1500 63 65
3250 4875 750 1500 65 68
3250 4875 750 1500 68 71
3250 4875 750 1500 71 73
3250 4875 750 1500 73 76
3250 4875 750 1500 76 78
3250 4875 750 1500 78 81
3250 4875 750 1500 81 84
3250 4875 1500 2250 0 3
3250 4875 1500 2250 3 6
3250 4875 1500 2250 6 8
3250 4875 1500 2250 8 11
3250 4875 1500 2250 11 13
3250 4875 1500 2250 13 16
3250 4875 1500 2250 16 19
3250 4875 1500 2250 19 21
3250 4875 1500 2250 21 24
3250 4875 1500 2250 24 26
3250 4875 1500 2250 26 29
3250 4875 1500 2250 29 32
3250 4875 1500 2250 32 34
3250 4875 1500 2250 34 37
3250 4875 1500 2250 37 39
3250 4875 1500 2250 39 42
3250 4875 1500 2250 42 45
3250 4875 1500 2250 45 47
3250 4875 1500 2250 47 50
3250 4875 1500 2250 50 52
3250 4875 1500 2250 52 55
3250 4875 1500 2250 55 58
3250 4875 1500 2250 58 60
3250 4875 1500 2250 60 63
3250 4875 1500 2250 63 65
3250 4875 1500 2250 65 68
3250 4875 1500 2250 68 71
3250 4875 1500 2250 71 73
3250 4875 1500 2250 73 76
3250 4875 1500 2250 76 78
3250 4875 1500 2250 78 81
3250 4875 1500 2250 81 84
3250 4875 2250 3001 0 3
3250 4875 2250 3001 3 6
3250 4875 2250 3001 6 8
3250 4875 2250 3001 8 11
3250 4875 2250 3001 11 13
3250 4875 2250 3001 13 16
3250 4875 2250 3001 16 19
3250 4875 2250 3001 19 21
3250 4875 2250 3001 21 24
3250 4875 2250 3001 24 26
3250 4875 2250 3001 26 29
3250 4875 2250 3001 29 32
3250 4875 2250 3001 32 34
3250 4875 2250 3001 34 37
3250 4875 2250 3001 37 39
3250 4875 2250 3001 39 42
3250 4875 2250 3001 42 45
3250 4875 2250 3001 45 47
3250 4875 2250 3001 47 50
3250 4875 2250 3001 50 52
3250 4875 2250 3001 52 55
3250 4875 2250 3001 55 58
3250 4875 2250 3001 58 60
3250 4875 2250 3001 60 63
3250 4875 2250 3001 63 65
3250 4875 2250 3001 65 68
3250 4875 2250 3001 68 71
3250 4875 2250 3001 71 73
3250 4875 2250 3001 73 76
3250 4875 2250 3001 76 78
3250 4875 2250 3001 78 81
3250 4875 2250 3001 81 84
4875 6501 0 750 0 3
4875 6501 0 750 3 6
4875 6501 0 750 6 8
4875 6501 0 750 8 11
4875 6501 0 750 11 13
4875 6501 0 750 13 16
4875 6501 0 750 16 19
4875 6501 0 750 19 21
4875 6501 0 750 21 24
4875 6501 0 750 24 26
4875 6501 0 750 26 29
4875 6501 0 750 29 32
4875 6501 0 750 32 34
4875 6501 0 750 34 37
4875 6501 0 750 37 39
4875 6501 0 750 39 42
4875 6501 0 750 42 45
4875 6501 0 750 45 47
4875 6501 0 750 47 50
4875 6501 0 750 50 52
4875 6501 0 750 52 55
4875 6501 0 750 55 58
4875 6501 0 750 58 60
4875 6501 0 750 60 63
4875 6501 0 750 63 65
4875 6501 0 750 65 68
4875 6501 0 750 68 71
4875 6501 0 750 71 73
4875 6501 0 750 73 76
4875 6501 0 750 76 78
4875 6501 0 750 78 81
4875 6501 0 750 81 84
4875 6501 750 1500 0 3
4875 6501 750 1500 3 6
4875 6501 750 1500 6 8
4875 6501 750 1500 8 11
4875 6501 750 1500 11 13
4875 6501 750 1500 13 16
4875 6501 750 1500 16 19
4875 6501 750 1500 19 21
4875 6501 750 1500 21 24
4875 6501 750 1500 24 26
4875 6501 750 1500 26 29
4875 6501 750 1500 29 32
4875 6501 750 1500 32 34
4875 6501 750 1500 34 37
4875 6501 750 1500 37 39
4875 6501 750 1500 39 42
4875 6501 750 1500 42 45
4875 6501 750 1500 45 47
4875 6501 750 1500 47 50
4875 6501 750 1500 50 52
4875 6501 750 1500 52 55
4875 6501 750 1500 55 58
4875 6501 750 1500 58 60
4875 6501 750 1500 60 63
4875 6501 750 1500 63 65
4875 6501 750 1500 65 68
4875 6501 750 1500 68 71
4875 6501 750 1500 71 73
4875 6501 750 1500 73 76
4875 6501 750 1500 76 78
4875 6501 750 1500 78 81
4875 6501 750 1500 81 84
4875 6501 1500 2250 0 3
4875 6501 1500 2250 3 6
4875 6501 1500 2250 6 8
4875 6501 1500 2250 8 11
4875 6501 1500 2250 11 13
4875 6501 1500 2250 13 16
4875 6501 1500 2250 16 19
4875 6501 1500 2250 19 21
4875 6501 1500 2250 21 24
4875 6501 1500 2250 24 26
4875 6501 1500 2250 26 29
4875 6501 1500 2250 29 32
4875 6501 1500 2250 32 34
4875 6501 1500 2250 34 37
4875 6501 1500 2250 37 39
4875 6501 1500 2250 39 42
4875 6501 1500 2250 42 45
4875 6501 1500 2250 45 47
4875 6501 1500 2250 47 50
4875 6501 1500 2250 50 52
4875 6501 1500 2250 52 55
4875 6501 1500 2250 55 58
4875 6501 1500 2250 58 60
4875 6501 1500 2250 60 63
4875 6501 1500 2250 63 65
4875 6501 1500 2250 65 68
4875 6501 1500 2250 68 71
4875 6501 1500 2250 71 73
4875 6501 1500 2250 73 76
4875 6501 1500 2250 76 78
4875 6501 1500 2250 78 81
4875 6501 1500 2250 81 84
4875 6501 2250 3001 0 3
4875 6501 2250 3001 3 6
4875 6501 2250 3001 6 8
4875 6501 2250 3001 8 11
4875 6501 2250 3001 11 13
4875 6501 2250 3001 13 16
4875 6501 2250 3001 16 19
4875 6501 2250 3001 19 21
4875 6501 2250 3001 21 24
4875 6501 2250 3001 24 26
4875 6501 2250 3001 26 29
4875 6501 2250 3001 29 32
4875 6501 2250 3001 32 34
4875 6501 2250 3001 34 37
4875 6501 2250 3001 37 39
4875 6501 2250 3001 39 42
4875 6501 2250 3001 42 45
4875 6501 2250 3001 45 47
4875 6501 2250 3001 47 50
4875 6501 2250 3001 50 52
4875 6501 2250 3001 52 55
4875 6501 2250 3001 55 58
4875 6501 2250 3001 58 60
4875 6501 2250 3001 60 63
4875 6501 2250 3001 63 65
4875 6501 2250 3001 65 68
4875 6501 2250 3001 68 71
4875 6501 2250 3001 71 73
4875 6501 2250 3001 73 76
4875 6501 2250 3001 76 78
4875 6501 2250 3001 78 81
4875 6501 2250 3001 81 84
voxsize: 6501x3001x84 size:6251.51857MB
voxBW: 50 3
Decomp size:512
Initialization time: 0.750961
compute: 16.332837 seconds
evaluations: 41392685368
time: 17.091585 seconds
