hostname : cph-gpu3.uncc.edu
bounding: [-130;-65]x[20;50]x[5875;5958]
read 588189 observations
res: 0.01 0.01 1 bw: 1 1 3
3328 3840 0 1536 0 84
5632 6501 1024 3001 0 84
0 1280 0 1536 0 84
4352 5120 2048 3001 0 84
1280 2048 0 2304 0 84
4608 5120 0 1024 0 84
2816 3328 0 1536 0 84
3840 5120 1792 2048 0 84
5120 5376 1024 2048 0 84
3840 4608 1280 1792 0 84
4608 5120 1280 1792 0 84
5120 5632 2048 3001 0 84
2816 3840 1536 3001 0 84
0 1280 1536 2304 0 84
5376 5632 1024 2048 0 84
3840 4352 2048 3001 0 84
0 2048 2304 3001 0 84
3840 4608 0 1280 0 84
2048 2816 0 3001 0 84
4608 5120 1024 1280 0 84
5120 6501 0 1024 0 84
voxsize: 6501x3001x84 size:6251.51857MB
voxBW: 100 3
Decomp size:21
Initialization time: 0.748225
compute: 49.382189 seconds
evaluations: 163934121444
time: 50.152795 seconds
