hostname : cph-gpu1.uncc.edu
bounding: [-130;-65]x[20;50]x[5875;5958]
read 588189 observations
res: 0.5 0.5 1 bw: 1 1 3
0 17 0 8 0 3
0 17 0 8 3 6
0 17 0 8 6 8
0 17 0 8 8 11
0 17 0 8 11 13
0 17 0 8 13 16
0 17 0 8 16 19
0 17 0 8 19 21
0 17 0 8 21 24
0 17 0 8 24 26
0 17 0 8 26 29
0 17 0 8 29 32
0 17 0 8 32 34
0 17 0 8 34 37
0 17 0 8 37 39
0 17 0 8 39 42
0 17 0 8 42 45
0 17 0 8 45 47
0 17 0 8 47 50
0 17 0 8 50 52
0 17 0 8 52 55
0 17 0 8 55 58
0 17 0 8 58 60
0 17 0 8 60 63
0 17 0 8 63 65
0 17 0 8 65 68
0 17 0 8 68 71
0 17 0 8 71 73
0 17 0 8 73 76
0 17 0 8 76 78
0 17 0 8 78 81
0 17 0 8 81 84
0 17 8 15 0 3
0 17 8 15 3 6
0 17 8 15 6 8
0 17 8 15 8 11
0 17 8 15 11 13
0 17 8 15 13 16
0 17 8 15 16 19
0 17 8 15 19 21
0 17 8 15 21 24
0 17 8 15 24 26
0 17 8 15 26 29
0 17 8 15 29 32
0 17 8 15 32 34
0 17 8 15 34 37
0 17 8 15 37 39
0 17 8 15 39 42
0 17 8 15 42 45
0 17 8 15 45 47
0 17 8 15 47 50
0 17 8 15 50 52
0 17 8 15 52 55
0 17 8 15 55 58
0 17 8 15 58 60
0 17 8 15 60 63
0 17 8 15 63 65
0 17 8 15 65 68
0 17 8 15 68 71
0 17 8 15 71 73
0 17 8 15 73 76
0 17 8 15 76 78
0 17 8 15 78 81
0 17 8 15 81 84
0 17 15 23 0 3
0 17 15 23 3 6
0 17 15 23 6 8
0 17 15 23 8 11
0 17 15 23 11 13
0 17 15 23 13 16
0 17 15 23 16 19
0 17 15 23 19 21
0 17 15 23 21 24
0 17 15 23 24 26
0 17 15 23 26 29
0 17 15 23 29 32
0 17 15 23 32 34
0 17 15 23 34 37
0 17 15 23 37 39
0 17 15 23 39 42
0 17 15 23 42 45
0 17 15 23 45 47
0 17 15 23 47 50
0 17 15 23 50 52
0 17 15 23 52 55
0 17 15 23 55 58
0 17 15 23 58 60
0 17 15 23 60 63
0 17 15 23 63 65
0 17 15 23 65 68
0 17 15 23 68 71
0 17 15 23 71 73
0 17 15 23 73 76
0 17 15 23 76 78
0 17 15 23 78 81
0 17 15 23 81 84
0 17 23 30 0 3
0 17 23 30 3 6
0 17 23 30 6 8
0 17 23 30 8 11
0 17 23 30 11 13
0 17 23 30 13 16
0 17 23 30 16 19
0 17 23 30 19 21
0 17 23 30 21 24
0 17 23 30 24 26
0 17 23 30 26 29
0 17 23 30 29 32
0 17 23 30 32 34
0 17 23 30 34 37
0 17 23 30 37 39
0 17 23 30 39 42
0 17 23 30 42 45
0 17 23 30 45 47
0 17 23 30 47 50
0 17 23 30 50 52
0 17 23 30 52 55
0 17 23 30 55 58
0 17 23 30 58 60
0 17 23 30 60 63
0 17 23 30 63 65
0 17 23 30 65 68
0 17 23 30 68 71
0 17 23 30 71 73
0 17 23 30 73 76
0 17 23 30 76 78
0 17 23 30 78 81
0 17 23 30 81 84
0 17 30 38 0 3
0 17 30 38 3 6
0 17 30 38 6 8
0 17 30 38 8 11
0 17 30 38 11 13
0 17 30 38 13 16
0 17 30 38 16 19
0 17 30 38 19 21
0 17 30 38 21 24
0 17 30 38 24 26
0 17 30 38 26 29
0 17 30 38 29 32
0 17 30 38 32 34
0 17 30 38 34 37
0 17 30 38 37 39
0 17 30 38 39 42
0 17 30 38 42 45
0 17 30 38 45 47
0 17 30 38 47 50
0 17 30 38 50 52
0 17 30 38 52 55
0 17 30 38 55 58
0 17 30 38 58 60
0 17 30 38 60 63
0 17 30 38 63 65
0 17 30 38 65 68
0 17 30 38 68 71
0 17 30 38 71 73
0 17 30 38 73 76
0 17 30 38 76 78
0 17 30 38 78 81
0 17 30 38 81 84
0 17 38 45 0 3
0 17 38 45 3 6
0 17 38 45 6 8
0 17 38 45 8 11
0 17 38 45 11 13
0 17 38 45 13 16
0 17 38 45 16 19
0 17 38 45 19 21
0 17 38 45 21 24
0 17 38 45 24 26
0 17 38 45 26 29
0 17 38 45 29 32
0 17 38 45 32 34
0 17 38 45 34 37
0 17 38 45 37 39
0 17 38 45 39 42
0 17 38 45 42 45
0 17 38 45 45 47
0 17 38 45 47 50
0 17 38 45 50 52
0 17 38 45 52 55
0 17 38 45 55 58
0 17 38 45 58 60
0 17 38 45 60 63
0 17 38 45 63 65
0 17 38 45 65 68
0 17 38 45 68 71
0 17 38 45 71 73
0 17 38 45 73 76
0 17 38 45 76 78
0 17 38 45 78 81
0 17 38 45 81 84
0 17 45 53 0 3
0 17 45 53 3 6
0 17 45 53 6 8
0 17 45 53 8 11
0 17 45 53 11 13
0 17 45 53 13 16
0 17 45 53 16 19
0 17 45 53 19 21
0 17 45 53 21 24
0 17 45 53 24 26
0 17 45 53 26 29
0 17 45 53 29 32
0 17 45 53 32 34
0 17 45 53 34 37
0 17 45 53 37 39
0 17 45 53 39 42
0 17 45 53 42 45
0 17 45 53 45 47
0 17 45 53 47 50
0 17 45 53 50 52
0 17 45 53 52 55
0 17 45 53 55 58
0 17 45 53 58 60
0 17 45 53 60 63
0 17 45 53 63 65
0 17 45 53 65 68
0 17 45 53 68 71
0 17 45 53 71 73
0 17 45 53 73 76
0 17 45 53 76 78
0 17 45 53 78 81
0 17 45 53 81 84
0 17 53 61 0 3
0 17 53 61 3 6
0 17 53 61 6 8
0 17 53 61 8 11
0 17 53 61 11 13
0 17 53 61 13 16
0 17 53 61 16 19
0 17 53 61 19 21
0 17 53 61 21 24
0 17 53 61 24 26
0 17 53 61 26 29
0 17 53 61 29 32
0 17 53 61 32 34
0 17 53 61 34 37
0 17 53 61 37 39
0 17 53 61 39 42
0 17 53 61 42 45
0 17 53 61 45 47
0 17 53 61 47 50
0 17 53 61 50 52
0 17 53 61 52 55
0 17 53 61 55 58
0 17 53 61 58 60
0 17 53 61 60 63
0 17 53 61 63 65
0 17 53 61 65 68
0 17 53 61 68 71
0 17 53 61 71 73
0 17 53 61 73 76
0 17 53 61 76 78
0 17 53 61 78 81
0 17 53 61 81 84
17 33 0 8 0 3
17 33 0 8 3 6
17 33 0 8 6 8
17 33 0 8 8 11
17 33 0 8 11 13
17 33 0 8 13 16
17 33 0 8 16 19
17 33 0 8 19 21
17 33 0 8 21 24
17 33 0 8 24 26
17 33 0 8 26 29
17 33 0 8 29 32
17 33 0 8 32 34
17 33 0 8 34 37
17 33 0 8 37 39
17 33 0 8 39 42
17 33 0 8 42 45
17 33 0 8 45 47
17 33 0 8 47 50
17 33 0 8 50 52
17 33 0 8 52 55
17 33 0 8 55 58
17 33 0 8 58 60
17 33 0 8 60 63
17 33 0 8 63 65
17 33 0 8 65 68
17 33 0 8 68 71
17 33 0 8 71 73
17 33 0 8 73 76
17 33 0 8 76 78
17 33 0 8 78 81
17 33 0 8 81 84
17 33 8 15 0 3
17 33 8 15 3 6
17 33 8 15 6 8
17 33 8 15 8 11
17 33 8 15 11 13
17 33 8 15 13 16
17 33 8 15 16 19
17 33 8 15 19 21
17 33 8 15 21 24
17 33 8 15 24 26
17 33 8 15 26 29
17 33 8 15 29 32
17 33 8 15 32 34
17 33 8 15 34 37
17 33 8 15 37 39
17 33 8 15 39 42
17 33 8 15 42 45
17 33 8 15 45 47
17 33 8 15 47 50
17 33 8 15 50 52
17 33 8 15 52 55
17 33 8 15 55 58
17 33 8 15 58 60
17 33 8 15 60 63
17 33 8 15 63 65
17 33 8 15 65 68
17 33 8 15 68 71
17 33 8 15 71 73
17 33 8 15 73 76
17 33 8 15 76 78
17 33 8 15 78 81
17 33 8 15 81 84
17 33 15 23 0 3
17 33 15 23 3 6
17 33 15 23 6 8
17 33 15 23 8 11
17 33 15 23 11 13
17 33 15 23 13 16
17 33 15 23 16 19
17 33 15 23 19 21
17 33 15 23 21 24
17 33 15 23 24 26
17 33 15 23 26 29
17 33 15 23 29 32
17 33 15 23 32 34
17 33 15 23 34 37
17 33 15 23 37 39
17 33 15 23 39 42
17 33 15 23 42 45
17 33 15 23 45 47
17 33 15 23 47 50
17 33 15 23 50 52
17 33 15 23 52 55
17 33 15 23 55 58
17 33 15 23 58 60
17 33 15 23 60 63
17 33 15 23 63 65
17 33 15 23 65 68
17 33 15 23 68 71
17 33 15 23 71 73
17 33 15 23 73 76
17 33 15 23 76 78
17 33 15 23 78 81
17 33 15 23 81 84
17 33 23 30 0 3
17 33 23 30 3 6
17 33 23 30 6 8
17 33 23 30 8 11
17 33 23 30 11 13
17 33 23 30 13 16
17 33 23 30 16 19
17 33 23 30 19 21
17 33 23 30 21 24
17 33 23 30 24 26
17 33 23 30 26 29
17 33 23 30 29 32
17 33 23 30 32 34
17 33 23 30 34 37
17 33 23 30 37 39
17 33 23 30 39 42
17 33 23 30 42 45
17 33 23 30 45 47
17 33 23 30 47 50
17 33 23 30 50 52
17 33 23 30 52 55
17 33 23 30 55 58
17 33 23 30 58 60
17 33 23 30 60 63
17 33 23 30 63 65
17 33 23 30 65 68
17 33 23 30 68 71
17 33 23 30 71 73
17 33 23 30 73 76
17 33 23 30 76 78
17 33 23 30 78 81
17 33 23 30 81 84
17 33 30 38 0 3
17 33 30 38 3 6
17 33 30 38 6 8
17 33 30 38 8 11
17 33 30 38 11 13
17 33 30 38 13 16
17 33 30 38 16 19
17 33 30 38 19 21
17 33 30 38 21 24
17 33 30 38 24 26
17 33 30 38 26 29
17 33 30 38 29 32
17 33 30 38 32 34
17 33 30 38 34 37
17 33 30 38 37 39
17 33 30 38 39 42
17 33 30 38 42 45
17 33 30 38 45 47
17 33 30 38 47 50
17 33 30 38 50 52
17 33 30 38 52 55
17 33 30 38 55 58
17 33 30 38 58 60
17 33 30 38 60 63
17 33 30 38 63 65
17 33 30 38 65 68
17 33 30 38 68 71
17 33 30 38 71 73
17 33 30 38 73 76
17 33 30 38 76 78
17 33 30 38 78 81
17 33 30 38 81 84
17 33 38 45 0 3
17 33 38 45 3 6
17 33 38 45 6 8
17 33 38 45 8 11
17 33 38 45 11 13
17 33 38 45 13 16
17 33 38 45 16 19
17 33 38 45 19 21
17 33 38 45 21 24
17 33 38 45 24 26
17 33 38 45 26 29
17 33 38 45 29 32
17 33 38 45 32 34
17 33 38 45 34 37
17 33 38 45 37 39
17 33 38 45 39 42
17 33 38 45 42 45
17 33 38 45 45 47
17 33 38 45 47 50
17 33 38 45 50 52
17 33 38 45 52 55
17 33 38 45 55 58
17 33 38 45 58 60
17 33 38 45 60 63
17 33 38 45 63 65
17 33 38 45 65 68
17 33 38 45 68 71
17 33 38 45 71 73
17 33 38 45 73 76
17 33 38 45 76 78
17 33 38 45 78 81
17 33 38 45 81 84
17 33 45 53 0 3
17 33 45 53 3 6
17 33 45 53 6 8
17 33 45 53 8 11
17 33 45 53 11 13
17 33 45 53 13 16
17 33 45 53 16 19
17 33 45 53 19 21
17 33 45 53 21 24
17 33 45 53 24 26
17 33 45 53 26 29
17 33 45 53 29 32
17 33 45 53 32 34
17 33 45 53 34 37
17 33 45 53 37 39
17 33 45 53 39 42
17 33 45 53 42 45
17 33 45 53 45 47
17 33 45 53 47 50
17 33 45 53 50 52
17 33 45 53 52 55
17 33 45 53 55 58
17 33 45 53 58 60
17 33 45 53 60 63
17 33 45 53 63 65
17 33 45 53 65 68
17 33 45 53 68 71
17 33 45 53 71 73
17 33 45 53 73 76
17 33 45 53 76 78
17 33 45 53 78 81
17 33 45 53 81 84
17 33 53 61 0 3
17 33 53 61 3 6
17 33 53 61 6 8
17 33 53 61 8 11
17 33 53 61 11 13
17 33 53 61 13 16
17 33 53 61 16 19
17 33 53 61 19 21
17 33 53 61 21 24
17 33 53 61 24 26
17 33 53 61 26 29
17 33 53 61 29 32
17 33 53 61 32 34
17 33 53 61 34 37
17 33 53 61 37 39
17 33 53 61 39 42
17 33 53 61 42 45
17 33 53 61 45 47
17 33 53 61 47 50
17 33 53 61 50 52
17 33 53 61 52 55
17 33 53 61 55 58
17 33 53 61 58 60
17 33 53 61 60 63
17 33 53 61 63 65
17 33 53 61 65 68
17 33 53 61 68 71
17 33 53 61 71 73
17 33 53 61 73 76
17 33 53 61 76 78
17 33 53 61 78 81
17 33 53 61 81 84
33 49 0 8 0 3
33 49 0 8 3 6
33 49 0 8 6 8
33 49 0 8 8 11
33 49 0 8 11 13
33 49 0 8 13 16
33 49 0 8 16 19
33 49 0 8 19 21
33 49 0 8 21 24
33 49 0 8 24 26
33 49 0 8 26 29
33 49 0 8 29 32
33 49 0 8 32 34
33 49 0 8 34 37
33 49 0 8 37 39
33 49 0 8 39 42
33 49 0 8 42 45
33 49 0 8 45 47
33 49 0 8 47 50
33 49 0 8 50 52
33 49 0 8 52 55
33 49 0 8 55 58
33 49 0 8 58 60
33 49 0 8 60 63
33 49 0 8 63 65
33 49 0 8 65 68
33 49 0 8 68 71
33 49 0 8 71 73
33 49 0 8 73 76
33 49 0 8 76 78
33 49 0 8 78 81
33 49 0 8 81 84
33 49 8 15 0 3
33 49 8 15 3 6
33 49 8 15 6 8
33 49 8 15 8 11
33 49 8 15 11 13
33 49 8 15 13 16
33 49 8 15 16 19
33 49 8 15 19 21
33 49 8 15 21 24
33 49 8 15 24 26
33 49 8 15 26 29
33 49 8 15 29 32
33 49 8 15 32 34
33 49 8 15 34 37
33 49 8 15 37 39
33 49 8 15 39 42
33 49 8 15 42 45
33 49 8 15 45 47
33 49 8 15 47 50
33 49 8 15 50 52
33 49 8 15 52 55
33 49 8 15 55 58
33 49 8 15 58 60
33 49 8 15 60 63
33 49 8 15 63 65
33 49 8 15 65 68
33 49 8 15 68 71
33 49 8 15 71 73
33 49 8 15 73 76
33 49 8 15 76 78
33 49 8 15 78 81
33 49 8 15 81 84
33 49 15 23 0 3
33 49 15 23 3 6
33 49 15 23 6 8
33 49 15 23 8 11
33 49 15 23 11 13
33 49 15 23 13 16
33 49 15 23 16 19
33 49 15 23 19 21
33 49 15 23 21 24
33 49 15 23 24 26
33 49 15 23 26 29
33 49 15 23 29 32
33 49 15 23 32 34
33 49 15 23 34 37
33 49 15 23 37 39
33 49 15 23 39 42
33 49 15 23 42 45
33 49 15 23 45 47
33 49 15 23 47 50
33 49 15 23 50 52
33 49 15 23 52 55
33 49 15 23 55 58
33 49 15 23 58 60
33 49 15 23 60 63
33 49 15 23 63 65
33 49 15 23 65 68
33 49 15 23 68 71
33 49 15 23 71 73
33 49 15 23 73 76
33 49 15 23 76 78
33 49 15 23 78 81
33 49 15 23 81 84
33 49 23 30 0 3
33 49 23 30 3 6
33 49 23 30 6 8
33 49 23 30 8 11
33 49 23 30 11 13
33 49 23 30 13 16
33 49 23 30 16 19
33 49 23 30 19 21
33 49 23 30 21 24
33 49 23 30 24 26
33 49 23 30 26 29
33 49 23 30 29 32
33 49 23 30 32 34
33 49 23 30 34 37
33 49 23 30 37 39
33 49 23 30 39 42
33 49 23 30 42 45
33 49 23 30 45 47
33 49 23 30 47 50
33 49 23 30 50 52
33 49 23 30 52 55
33 49 23 30 55 58
33 49 23 30 58 60
33 49 23 30 60 63
33 49 23 30 63 65
33 49 23 30 65 68
33 49 23 30 68 71
33 49 23 30 71 73
33 49 23 30 73 76
33 49 23 30 76 78
33 49 23 30 78 81
33 49 23 30 81 84
33 49 30 38 0 3
33 49 30 38 3 6
33 49 30 38 6 8
33 49 30 38 8 11
33 49 30 38 11 13
33 49 30 38 13 16
33 49 30 38 16 19
33 49 30 38 19 21
33 49 30 38 21 24
33 49 30 38 24 26
33 49 30 38 26 29
33 49 30 38 29 32
33 49 30 38 32 34
33 49 30 38 34 37
33 49 30 38 37 39
33 49 30 38 39 42
33 49 30 38 42 45
33 49 30 38 45 47
33 49 30 38 47 50
33 49 30 38 50 52
33 49 30 38 52 55
33 49 30 38 55 58
33 49 30 38 58 60
33 49 30 38 60 63
33 49 30 38 63 65
33 49 30 38 65 68
33 49 30 38 68 71
33 49 30 38 71 73
33 49 30 38 73 76
33 49 30 38 76 78
33 49 30 38 78 81
33 49 30 38 81 84
33 49 38 45 0 3
33 49 38 45 3 6
33 49 38 45 6 8
33 49 38 45 8 11
33 49 38 45 11 13
33 49 38 45 13 16
33 49 38 45 16 19
33 49 38 45 19 21
33 49 38 45 21 24
33 49 38 45 24 26
33 49 38 45 26 29
33 49 38 45 29 32
33 49 38 45 32 34
33 49 38 45 34 37
33 49 38 45 37 39
33 49 38 45 39 42
33 49 38 45 42 45
33 49 38 45 45 47
33 49 38 45 47 50
33 49 38 45 50 52
33 49 38 45 52 55
33 49 38 45 55 58
33 49 38 45 58 60
33 49 38 45 60 63
33 49 38 45 63 65
33 49 38 45 65 68
33 49 38 45 68 71
33 49 38 45 71 73
33 49 38 45 73 76
33 49 38 45 76 78
33 49 38 45 78 81
33 49 38 45 81 84
33 49 45 53 0 3
33 49 45 53 3 6
33 49 45 53 6 8
33 49 45 53 8 11
33 49 45 53 11 13
33 49 45 53 13 16
33 49 45 53 16 19
33 49 45 53 19 21
33 49 45 53 21 24
33 49 45 53 24 26
33 49 45 53 26 29
33 49 45 53 29 32
33 49 45 53 32 34
33 49 45 53 34 37
33 49 45 53 37 39
33 49 45 53 39 42
33 49 45 53 42 45
33 49 45 53 45 47
33 49 45 53 47 50
33 49 45 53 50 52
33 49 45 53 52 55
33 49 45 53 55 58
33 49 45 53 58 60
33 49 45 53 60 63
33 49 45 53 63 65
33 49 45 53 65 68
33 49 45 53 68 71
33 49 45 53 71 73
33 49 45 53 73 76
33 49 45 53 76 78
33 49 45 53 78 81
33 49 45 53 81 84
33 49 53 61 0 3
33 49 53 61 3 6
33 49 53 61 6 8
33 49 53 61 8 11
33 49 53 61 11 13
33 49 53 61 13 16
33 49 53 61 16 19
33 49 53 61 19 21
33 49 53 61 21 24
33 49 53 61 24 26
33 49 53 61 26 29
33 49 53 61 29 32
33 49 53 61 32 34
33 49 53 61 34 37
33 49 53 61 37 39
33 49 53 61 39 42
33 49 53 61 42 45
33 49 53 61 45 47
33 49 53 61 47 50
33 49 53 61 50 52
33 49 53 61 52 55
33 49 53 61 55 58
33 49 53 61 58 60
33 49 53 61 60 63
33 49 53 61 63 65
33 49 53 61 65 68
33 49 53 61 68 71
33 49 53 61 71 73
33 49 53 61 73 76
33 49 53 61 76 78
33 49 53 61 78 81
33 49 53 61 81 84
49 65 0 8 0 3
49 65 0 8 3 6
49 65 0 8 6 8
49 65 0 8 8 11
49 65 0 8 11 13
49 65 0 8 13 16
49 65 0 8 16 19
49 65 0 8 19 21
49 65 0 8 21 24
49 65 0 8 24 26
49 65 0 8 26 29
49 65 0 8 29 32
49 65 0 8 32 34
49 65 0 8 34 37
49 65 0 8 37 39
49 65 0 8 39 42
49 65 0 8 42 45
49 65 0 8 45 47
49 65 0 8 47 50
49 65 0 8 50 52
49 65 0 8 52 55
49 65 0 8 55 58
49 65 0 8 58 60
49 65 0 8 60 63
49 65 0 8 63 65
49 65 0 8 65 68
49 65 0 8 68 71
49 65 0 8 71 73
49 65 0 8 73 76
49 65 0 8 76 78
49 65 0 8 78 81
49 65 0 8 81 84
49 65 8 15 0 3
49 65 8 15 3 6
49 65 8 15 6 8
49 65 8 15 8 11
49 65 8 15 11 13
49 65 8 15 13 16
49 65 8 15 16 19
49 65 8 15 19 21
49 65 8 15 21 24
49 65 8 15 24 26
49 65 8 15 26 29
49 65 8 15 29 32
49 65 8 15 32 34
49 65 8 15 34 37
49 65 8 15 37 39
49 65 8 15 39 42
49 65 8 15 42 45
49 65 8 15 45 47
49 65 8 15 47 50
49 65 8 15 50 52
49 65 8 15 52 55
49 65 8 15 55 58
49 65 8 15 58 60
49 65 8 15 60 63
49 65 8 15 63 65
49 65 8 15 65 68
49 65 8 15 68 71
49 65 8 15 71 73
49 65 8 15 73 76
49 65 8 15 76 78
49 65 8 15 78 81
49 65 8 15 81 84
49 65 15 23 0 3
49 65 15 23 3 6
49 65 15 23 6 8
49 65 15 23 8 11
49 65 15 23 11 13
49 65 15 23 13 16
49 65 15 23 16 19
49 65 15 23 19 21
49 65 15 23 21 24
49 65 15 23 24 26
49 65 15 23 26 29
49 65 15 23 29 32
49 65 15 23 32 34
49 65 15 23 34 37
49 65 15 23 37 39
49 65 15 23 39 42
49 65 15 23 42 45
49 65 15 23 45 47
49 65 15 23 47 50
49 65 15 23 50 52
49 65 15 23 52 55
49 65 15 23 55 58
49 65 15 23 58 60
49 65 15 23 60 63
49 65 15 23 63 65
49 65 15 23 65 68
49 65 15 23 68 71
49 65 15 23 71 73
49 65 15 23 73 76
49 65 15 23 76 78
49 65 15 23 78 81
49 65 15 23 81 84
49 65 23 30 0 3
49 65 23 30 3 6
49 65 23 30 6 8
49 65 23 30 8 11
49 65 23 30 11 13
49 65 23 30 13 16
49 65 23 30 16 19
49 65 23 30 19 21
49 65 23 30 21 24
49 65 23 30 24 26
49 65 23 30 26 29
49 65 23 30 29 32
49 65 23 30 32 34
49 65 23 30 34 37
49 65 23 30 37 39
49 65 23 30 39 42
49 65 23 30 42 45
49 65 23 30 45 47
49 65 23 30 47 50
49 65 23 30 50 52
49 65 23 30 52 55
49 65 23 30 55 58
49 65 23 30 58 60
49 65 23 30 60 63
49 65 23 30 63 65
49 65 23 30 65 68
49 65 23 30 68 71
49 65 23 30 71 73
49 65 23 30 73 76
49 65 23 30 76 78
49 65 23 30 78 81
49 65 23 30 81 84
49 65 30 38 0 3
49 65 30 38 3 6
49 65 30 38 6 8
49 65 30 38 8 11
49 65 30 38 11 13
49 65 30 38 13 16
49 65 30 38 16 19
49 65 30 38 19 21
49 65 30 38 21 24
49 65 30 38 24 26
49 65 30 38 26 29
49 65 30 38 29 32
49 65 30 38 32 34
49 65 30 38 34 37
49 65 30 38 37 39
49 65 30 38 39 42
49 65 30 38 42 45
49 65 30 38 45 47
49 65 30 38 47 50
49 65 30 38 50 52
49 65 30 38 52 55
49 65 30 38 55 58
49 65 30 38 58 60
49 65 30 38 60 63
49 65 30 38 63 65
49 65 30 38 65 68
49 65 30 38 68 71
49 65 30 38 71 73
49 65 30 38 73 76
49 65 30 38 76 78
49 65 30 38 78 81
49 65 30 38 81 84
49 65 38 45 0 3
49 65 38 45 3 6
49 65 38 45 6 8
49 65 38 45 8 11
49 65 38 45 11 13
49 65 38 45 13 16
49 65 38 45 16 19
49 65 38 45 19 21
49 65 38 45 21 24
49 65 38 45 24 26
49 65 38 45 26 29
49 65 38 45 29 32
49 65 38 45 32 34
49 65 38 45 34 37
49 65 38 45 37 39
49 65 38 45 39 42
49 65 38 45 42 45
49 65 38 45 45 47
49 65 38 45 47 50
49 65 38 45 50 52
49 65 38 45 52 55
49 65 38 45 55 58
49 65 38 45 58 60
49 65 38 45 60 63
49 65 38 45 63 65
49 65 38 45 65 68
49 65 38 45 68 71
49 65 38 45 71 73
49 65 38 45 73 76
49 65 38 45 76 78
49 65 38 45 78 81
49 65 38 45 81 84
49 65 45 53 0 3
49 65 45 53 3 6
49 65 45 53 6 8
49 65 45 53 8 11
49 65 45 53 11 13
49 65 45 53 13 16
49 65 45 53 16 19
49 65 45 53 19 21
49 65 45 53 21 24
49 65 45 53 24 26
49 65 45 53 26 29
49 65 45 53 29 32
49 65 45 53 32 34
49 65 45 53 34 37
49 65 45 53 37 39
49 65 45 53 39 42
49 65 45 53 42 45
49 65 45 53 45 47
49 65 45 53 47 50
49 65 45 53 50 52
49 65 45 53 52 55
49 65 45 53 55 58
49 65 45 53 58 60
49 65 45 53 60 63
49 65 45 53 63 65
49 65 45 53 65 68
49 65 45 53 68 71
49 65 45 53 71 73
49 65 45 53 73 76
49 65 45 53 76 78
49 65 45 53 78 81
49 65 45 53 81 84
49 65 53 61 0 3
49 65 53 61 3 6
49 65 53 61 6 8
49 65 53 61 8 11
49 65 53 61 11 13
49 65 53 61 13 16
49 65 53 61 16 19
49 65 53 61 19 21
49 65 53 61 21 24
49 65 53 61 24 26
49 65 53 61 26 29
49 65 53 61 29 32
49 65 53 61 32 34
49 65 53 61 34 37
49 65 53 61 37 39
49 65 53 61 39 42
49 65 53 61 42 45
49 65 53 61 45 47
49 65 53 61 47 50
49 65 53 61 50 52
49 65 53 61 52 55
49 65 53 61 55 58
49 65 53 61 58 60
49 65 53 61 60 63
49 65 53 61 63 65
49 65 53 61 65 68
49 65 53 61 68 71
49 65 53 61 71 73
49 65 53 61 73 76
49 65 53 61 76 78
49 65 53 61 78 81
49 65 53 61 81 84
65 82 0 8 0 3
65 82 0 8 3 6
65 82 0 8 6 8
65 82 0 8 8 11
65 82 0 8 11 13
65 82 0 8 13 16
65 82 0 8 16 19
65 82 0 8 19 21
65 82 0 8 21 24
65 82 0 8 24 26
65 82 0 8 26 29
65 82 0 8 29 32
65 82 0 8 32 34
65 82 0 8 34 37
65 82 0 8 37 39
65 82 0 8 39 42
65 82 0 8 42 45
65 82 0 8 45 47
65 82 0 8 47 50
65 82 0 8 50 52
65 82 0 8 52 55
65 82 0 8 55 58
65 82 0 8 58 60
65 82 0 8 60 63
65 82 0 8 63 65
65 82 0 8 65 68
65 82 0 8 68 71
65 82 0 8 71 73
65 82 0 8 73 76
65 82 0 8 76 78
65 82 0 8 78 81
65 82 0 8 81 84
65 82 8 15 0 3
65 82 8 15 3 6
65 82 8 15 6 8
65 82 8 15 8 11
65 82 8 15 11 13
65 82 8 15 13 16
65 82 8 15 16 19
65 82 8 15 19 21
65 82 8 15 21 24
65 82 8 15 24 26
65 82 8 15 26 29
65 82 8 15 29 32
65 82 8 15 32 34
65 82 8 15 34 37
65 82 8 15 37 39
65 82 8 15 39 42
65 82 8 15 42 45
65 82 8 15 45 47
65 82 8 15 47 50
65 82 8 15 50 52
65 82 8 15 52 55
65 82 8 15 55 58
65 82 8 15 58 60
65 82 8 15 60 63
65 82 8 15 63 65
65 82 8 15 65 68
65 82 8 15 68 71
65 82 8 15 71 73
65 82 8 15 73 76
65 82 8 15 76 78
65 82 8 15 78 81
65 82 8 15 81 84
65 82 15 23 0 3
65 82 15 23 3 6
65 82 15 23 6 8
65 82 15 23 8 11
65 82 15 23 11 13
65 82 15 23 13 16
65 82 15 23 16 19
65 82 15 23 19 21
65 82 15 23 21 24
65 82 15 23 24 26
65 82 15 23 26 29
65 82 15 23 29 32
65 82 15 23 32 34
65 82 15 23 34 37
65 82 15 23 37 39
65 82 15 23 39 42
65 82 15 23 42 45
65 82 15 23 45 47
65 82 15 23 47 50
65 82 15 23 50 52
65 82 15 23 52 55
65 82 15 23 55 58
65 82 15 23 58 60
65 82 15 23 60 63
65 82 15 23 63 65
65 82 15 23 65 68
65 82 15 23 68 71
65 82 15 23 71 73
65 82 15 23 73 76
65 82 15 23 76 78
65 82 15 23 78 81
65 82 15 23 81 84
65 82 23 30 0 3
65 82 23 30 3 6
65 82 23 30 6 8
65 82 23 30 8 11
65 82 23 30 11 13
65 82 23 30 13 16
65 82 23 30 16 19
65 82 23 30 19 21
65 82 23 30 21 24
65 82 23 30 24 26
65 82 23 30 26 29
65 82 23 30 29 32
65 82 23 30 32 34
65 82 23 30 34 37
65 82 23 30 37 39
65 82 23 30 39 42
65 82 23 30 42 45
65 82 23 30 45 47
65 82 23 30 47 50
65 82 23 30 50 52
65 82 23 30 52 55
65 82 23 30 55 58
65 82 23 30 58 60
65 82 23 30 60 63
65 82 23 30 63 65
65 82 23 30 65 68
65 82 23 30 68 71
65 82 23 30 71 73
65 82 23 30 73 76
65 82 23 30 76 78
65 82 23 30 78 81
65 82 23 30 81 84
65 82 30 38 0 3
65 82 30 38 3 6
65 82 30 38 6 8
65 82 30 38 8 11
65 82 30 38 11 13
65 82 30 38 13 16
65 82 30 38 16 19
65 82 30 38 19 21
65 82 30 38 21 24
65 82 30 38 24 26
65 82 30 38 26 29
65 82 30 38 29 32
65 82 30 38 32 34
65 82 30 38 34 37
65 82 30 38 37 39
65 82 30 38 39 42
65 82 30 38 42 45
65 82 30 38 45 47
65 82 30 38 47 50
65 82 30 38 50 52
65 82 30 38 52 55
65 82 30 38 55 58
65 82 30 38 58 60
65 82 30 38 60 63
65 82 30 38 63 65
65 82 30 38 65 68
65 82 30 38 68 71
65 82 30 38 71 73
65 82 30 38 73 76
65 82 30 38 76 78
65 82 30 38 78 81
65 82 30 38 81 84
65 82 38 45 0 3
65 82 38 45 3 6
65 82 38 45 6 8
65 82 38 45 8 11
65 82 38 45 11 13
65 82 38 45 13 16
65 82 38 45 16 19
65 82 38 45 19 21
65 82 38 45 21 24
65 82 38 45 24 26
65 82 38 45 26 29
65 82 38 45 29 32
65 82 38 45 32 34
65 82 38 45 34 37
65 82 38 45 37 39
65 82 38 45 39 42
65 82 38 45 42 45
65 82 38 45 45 47
65 82 38 45 47 50
65 82 38 45 50 52
65 82 38 45 52 55
65 82 38 45 55 58
65 82 38 45 58 60
65 82 38 45 60 63
65 82 38 45 63 65
65 82 38 45 65 68
65 82 38 45 68 71
65 82 38 45 71 73
65 82 38 45 73 76
65 82 38 45 76 78
65 82 38 45 78 81
65 82 38 45 81 84
65 82 45 53 0 3
65 82 45 53 3 6
65 82 45 53 6 8
65 82 45 53 8 11
65 82 45 53 11 13
65 82 45 53 13 16
65 82 45 53 16 19
65 82 45 53 19 21
65 82 45 53 21 24
65 82 45 53 24 26
65 82 45 53 26 29
65 82 45 53 29 32
65 82 45 53 32 34
65 82 45 53 34 37
65 82 45 53 37 39
65 82 45 53 39 42
65 82 45 53 42 45
65 82 45 53 45 47
65 82 45 53 47 50
65 82 45 53 50 52
65 82 45 53 52 55
65 82 45 53 55 58
65 82 45 53 58 60
65 82 45 53 60 63
65 82 45 53 63 65
65 82 45 53 65 68
65 82 45 53 68 71
65 82 45 53 71 73
65 82 45 53 73 76
65 82 45 53 76 78
65 82 45 53 78 81
65 82 45 53 81 84
65 82 53 61 0 3
65 82 53 61 3 6
65 82 53 61 6 8
65 82 53 61 8 11
65 82 53 61 11 13
65 82 53 61 13 16
65 82 53 61 16 19
65 82 53 61 19 21
65 82 53 61 21 24
65 82 53 61 24 26
65 82 53 61 26 29
65 82 53 61 29 32
65 82 53 61 32 34
65 82 53 61 34 37
65 82 53 61 37 39
65 82 53 61 39 42
65 82 53 61 42 45
65 82 53 61 45 47
65 82 53 61 47 50
65 82 53 61 50 52
65 82 53 61 52 55
65 82 53 61 55 58
65 82 53 61 58 60
65 82 53 61 60 63
65 82 53 61 63 65
65 82 53 61 65 68
65 82 53 61 68 71
65 82 53 61 71 73
65 82 53 61 73 76
65 82 53 61 76 78
65 82 53 61 78 81
65 82 53 61 81 84
82 98 0 8 0 3
82 98 0 8 3 6
82 98 0 8 6 8
82 98 0 8 8 11
82 98 0 8 11 13
82 98 0 8 13 16
82 98 0 8 16 19
82 98 0 8 19 21
82 98 0 8 21 24
82 98 0 8 24 26
82 98 0 8 26 29
82 98 0 8 29 32
82 98 0 8 32 34
82 98 0 8 34 37
82 98 0 8 37 39
82 98 0 8 39 42
82 98 0 8 42 45
82 98 0 8 45 47
82 98 0 8 47 50
82 98 0 8 50 52
82 98 0 8 52 55
82 98 0 8 55 58
82 98 0 8 58 60
82 98 0 8 60 63
82 98 0 8 63 65
82 98 0 8 65 68
82 98 0 8 68 71
82 98 0 8 71 73
82 98 0 8 73 76
82 98 0 8 76 78
82 98 0 8 78 81
82 98 0 8 81 84
82 98 8 15 0 3
82 98 8 15 3 6
82 98 8 15 6 8
82 98 8 15 8 11
82 98 8 15 11 13
82 98 8 15 13 16
82 98 8 15 16 19
82 98 8 15 19 21
82 98 8 15 21 24
82 98 8 15 24 26
82 98 8 15 26 29
82 98 8 15 29 32
82 98 8 15 32 34
82 98 8 15 34 37
82 98 8 15 37 39
82 98 8 15 39 42
82 98 8 15 42 45
82 98 8 15 45 47
82 98 8 15 47 50
82 98 8 15 50 52
82 98 8 15 52 55
82 98 8 15 55 58
82 98 8 15 58 60
82 98 8 15 60 63
82 98 8 15 63 65
82 98 8 15 65 68
82 98 8 15 68 71
82 98 8 15 71 73
82 98 8 15 73 76
82 98 8 15 76 78
82 98 8 15 78 81
82 98 8 15 81 84
82 98 15 23 0 3
82 98 15 23 3 6
82 98 15 23 6 8
82 98 15 23 8 11
82 98 15 23 11 13
82 98 15 23 13 16
82 98 15 23 16 19
82 98 15 23 19 21
82 98 15 23 21 24
82 98 15 23 24 26
82 98 15 23 26 29
82 98 15 23 29 32
82 98 15 23 32 34
82 98 15 23 34 37
82 98 15 23 37 39
82 98 15 23 39 42
82 98 15 23 42 45
82 98 15 23 45 47
82 98 15 23 47 50
82 98 15 23 50 52
82 98 15 23 52 55
82 98 15 23 55 58
82 98 15 23 58 60
82 98 15 23 60 63
82 98 15 23 63 65
82 98 15 23 65 68
82 98 15 23 68 71
82 98 15 23 71 73
82 98 15 23 73 76
82 98 15 23 76 78
82 98 15 23 78 81
82 98 15 23 81 84
82 98 23 30 0 3
82 98 23 30 3 6
82 98 23 30 6 8
82 98 23 30 8 11
82 98 23 30 11 13
82 98 23 30 13 16
82 98 23 30 16 19
82 98 23 30 19 21
82 98 23 30 21 24
82 98 23 30 24 26
82 98 23 30 26 29
82 98 23 30 29 32
82 98 23 30 32 34
82 98 23 30 34 37
82 98 23 30 37 39
82 98 23 30 39 42
82 98 23 30 42 45
82 98 23 30 45 47
82 98 23 30 47 50
82 98 23 30 50 52
82 98 23 30 52 55
82 98 23 30 55 58
82 98 23 30 58 60
82 98 23 30 60 63
82 98 23 30 63 65
82 98 23 30 65 68
82 98 23 30 68 71
82 98 23 30 71 73
82 98 23 30 73 76
82 98 23 30 76 78
82 98 23 30 78 81
82 98 23 30 81 84
82 98 30 38 0 3
82 98 30 38 3 6
82 98 30 38 6 8
82 98 30 38 8 11
82 98 30 38 11 13
82 98 30 38 13 16
82 98 30 38 16 19
82 98 30 38 19 21
82 98 30 38 21 24
82 98 30 38 24 26
82 98 30 38 26 29
82 98 30 38 29 32
82 98 30 38 32 34
82 98 30 38 34 37
82 98 30 38 37 39
82 98 30 38 39 42
82 98 30 38 42 45
82 98 30 38 45 47
82 98 30 38 47 50
82 98 30 38 50 52
82 98 30 38 52 55
82 98 30 38 55 58
82 98 30 38 58 60
82 98 30 38 60 63
82 98 30 38 63 65
82 98 30 38 65 68
82 98 30 38 68 71
82 98 30 38 71 73
82 98 30 38 73 76
82 98 30 38 76 78
82 98 30 38 78 81
82 98 30 38 81 84
82 98 38 45 0 3
82 98 38 45 3 6
82 98 38 45 6 8
82 98 38 45 8 11
82 98 38 45 11 13
82 98 38 45 13 16
82 98 38 45 16 19
82 98 38 45 19 21
82 98 38 45 21 24
82 98 38 45 24 26
82 98 38 45 26 29
82 98 38 45 29 32
82 98 38 45 32 34
82 98 38 45 34 37
82 98 38 45 37 39
82 98 38 45 39 42
82 98 38 45 42 45
82 98 38 45 45 47
82 98 38 45 47 50
82 98 38 45 50 52
82 98 38 45 52 55
82 98 38 45 55 58
82 98 38 45 58 60
82 98 38 45 60 63
82 98 38 45 63 65
82 98 38 45 65 68
82 98 38 45 68 71
82 98 38 45 71 73
82 98 38 45 73 76
82 98 38 45 76 78
82 98 38 45 78 81
82 98 38 45 81 84
82 98 45 53 0 3
82 98 45 53 3 6
82 98 45 53 6 8
82 98 45 53 8 11
82 98 45 53 11 13
82 98 45 53 13 16
82 98 45 53 16 19
82 98 45 53 19 21
82 98 45 53 21 24
82 98 45 53 24 26
82 98 45 53 26 29
82 98 45 53 29 32
82 98 45 53 32 34
82 98 45 53 34 37
82 98 45 53 37 39
82 98 45 53 39 42
82 98 45 53 42 45
82 98 45 53 45 47
82 98 45 53 47 50
82 98 45 53 50 52
82 98 45 53 52 55
82 98 45 53 55 58
82 98 45 53 58 60
82 98 45 53 60 63
82 98 45 53 63 65
82 98 45 53 65 68
82 98 45 53 68 71
82 98 45 53 71 73
82 98 45 53 73 76
82 98 45 53 76 78
82 98 45 53 78 81
82 98 45 53 81 84
82 98 53 61 0 3
82 98 53 61 3 6
82 98 53 61 6 8
82 98 53 61 8 11
82 98 53 61 11 13
82 98 53 61 13 16
82 98 53 61 16 19
82 98 53 61 19 21
82 98 53 61 21 24
82 98 53 61 24 26
82 98 53 61 26 29
82 98 53 61 29 32
82 98 53 61 32 34
82 98 53 61 34 37
82 98 53 61 37 39
82 98 53 61 39 42
82 98 53 61 42 45
82 98 53 61 45 47
82 98 53 61 47 50
82 98 53 61 50 52
82 98 53 61 52 55
82 98 53 61 55 58
82 98 53 61 58 60
82 98 53 61 60 63
82 98 53 61 63 65
82 98 53 61 65 68
82 98 53 61 68 71
82 98 53 61 71 73
82 98 53 61 73 76
82 98 53 61 76 78
82 98 53 61 78 81
82 98 53 61 81 84
98 114 0 8 0 3
98 114 0 8 3 6
98 114 0 8 6 8
98 114 0 8 8 11
98 114 0 8 11 13
98 114 0 8 13 16
98 114 0 8 16 19
98 114 0 8 19 21
98 114 0 8 21 24
98 114 0 8 24 26
98 114 0 8 26 29
98 114 0 8 29 32
98 114 0 8 32 34
98 114 0 8 34 37
98 114 0 8 37 39
98 114 0 8 39 42
98 114 0 8 42 45
98 114 0 8 45 47
98 114 0 8 47 50
98 114 0 8 50 52
98 114 0 8 52 55
98 114 0 8 55 58
98 114 0 8 58 60
98 114 0 8 60 63
98 114 0 8 63 65
98 114 0 8 65 68
98 114 0 8 68 71
98 114 0 8 71 73
98 114 0 8 73 76
98 114 0 8 76 78
98 114 0 8 78 81
98 114 0 8 81 84
98 114 8 15 0 3
98 114 8 15 3 6
98 114 8 15 6 8
98 114 8 15 8 11
98 114 8 15 11 13
98 114 8 15 13 16
98 114 8 15 16 19
98 114 8 15 19 21
98 114 8 15 21 24
98 114 8 15 24 26
98 114 8 15 26 29
98 114 8 15 29 32
98 114 8 15 32 34
98 114 8 15 34 37
98 114 8 15 37 39
98 114 8 15 39 42
98 114 8 15 42 45
98 114 8 15 45 47
98 114 8 15 47 50
98 114 8 15 50 52
98 114 8 15 52 55
98 114 8 15 55 58
98 114 8 15 58 60
98 114 8 15 60 63
98 114 8 15 63 65
98 114 8 15 65 68
98 114 8 15 68 71
98 114 8 15 71 73
98 114 8 15 73 76
98 114 8 15 76 78
98 114 8 15 78 81
98 114 8 15 81 84
98 114 15 23 0 3
98 114 15 23 3 6
98 114 15 23 6 8
98 114 15 23 8 11
98 114 15 23 11 13
98 114 15 23 13 16
98 114 15 23 16 19
98 114 15 23 19 21
98 114 15 23 21 24
98 114 15 23 24 26
98 114 15 23 26 29
98 114 15 23 29 32
98 114 15 23 32 34
98 114 15 23 34 37
98 114 15 23 37 39
98 114 15 23 39 42
98 114 15 23 42 45
98 114 15 23 45 47
98 114 15 23 47 50
98 114 15 23 50 52
98 114 15 23 52 55
98 114 15 23 55 58
98 114 15 23 58 60
98 114 15 23 60 63
98 114 15 23 63 65
98 114 15 23 65 68
98 114 15 23 68 71
98 114 15 23 71 73
98 114 15 23 73 76
98 114 15 23 76 78
98 114 15 23 78 81
98 114 15 23 81 84
98 114 23 30 0 3
98 114 23 30 3 6
98 114 23 30 6 8
98 114 23 30 8 11
98 114 23 30 11 13
98 114 23 30 13 16
98 114 23 30 16 19
98 114 23 30 19 21
98 114 23 30 21 24
98 114 23 30 24 26
98 114 23 30 26 29
98 114 23 30 29 32
98 114 23 30 32 34
98 114 23 30 34 37
98 114 23 30 37 39
98 114 23 30 39 42
98 114 23 30 42 45
98 114 23 30 45 47
98 114 23 30 47 50
98 114 23 30 50 52
98 114 23 30 52 55
98 114 23 30 55 58
98 114 23 30 58 60
98 114 23 30 60 63
98 114 23 30 63 65
98 114 23 30 65 68
98 114 23 30 68 71
98 114 23 30 71 73
98 114 23 30 73 76
98 114 23 30 76 78
98 114 23 30 78 81
98 114 23 30 81 84
98 114 30 38 0 3
98 114 30 38 3 6
98 114 30 38 6 8
98 114 30 38 8 11
98 114 30 38 11 13
98 114 30 38 13 16
98 114 30 38 16 19
98 114 30 38 19 21
98 114 30 38 21 24
98 114 30 38 24 26
98 114 30 38 26 29
98 114 30 38 29 32
98 114 30 38 32 34
98 114 30 38 34 37
98 114 30 38 37 39
98 114 30 38 39 42
98 114 30 38 42 45
98 114 30 38 45 47
98 114 30 38 47 50
98 114 30 38 50 52
98 114 30 38 52 55
98 114 30 38 55 58
98 114 30 38 58 60
98 114 30 38 60 63
98 114 30 38 63 65
98 114 30 38 65 68
98 114 30 38 68 71
98 114 30 38 71 73
98 114 30 38 73 76
98 114 30 38 76 78
98 114 30 38 78 81
98 114 30 38 81 84
98 114 38 45 0 3
98 114 38 45 3 6
98 114 38 45 6 8
98 114 38 45 8 11
98 114 38 45 11 13
98 114 38 45 13 16
98 114 38 45 16 19
98 114 38 45 19 21
98 114 38 45 21 24
98 114 38 45 24 26
98 114 38 45 26 29
98 114 38 45 29 32
98 114 38 45 32 34
98 114 38 45 34 37
98 114 38 45 37 39
98 114 38 45 39 42
98 114 38 45 42 45
98 114 38 45 45 47
98 114 38 45 47 50
98 114 38 45 50 52
98 114 38 45 52 55
98 114 38 45 55 58
98 114 38 45 58 60
98 114 38 45 60 63
98 114 38 45 63 65
98 114 38 45 65 68
98 114 38 45 68 71
98 114 38 45 71 73
98 114 38 45 73 76
98 114 38 45 76 78
98 114 38 45 78 81
98 114 38 45 81 84
98 114 45 53 0 3
98 114 45 53 3 6
98 114 45 53 6 8
98 114 45 53 8 11
98 114 45 53 11 13
98 114 45 53 13 16
98 114 45 53 16 19
98 114 45 53 19 21
98 114 45 53 21 24
98 114 45 53 24 26
98 114 45 53 26 29
98 114 45 53 29 32
98 114 45 53 32 34
98 114 45 53 34 37
98 114 45 53 37 39
98 114 45 53 39 42
98 114 45 53 42 45
98 114 45 53 45 47
98 114 45 53 47 50
98 114 45 53 50 52
98 114 45 53 52 55
98 114 45 53 55 58
98 114 45 53 58 60
98 114 45 53 60 63
98 114 45 53 63 65
98 114 45 53 65 68
98 114 45 53 68 71
98 114 45 53 71 73
98 114 45 53 73 76
98 114 45 53 76 78
98 114 45 53 78 81
98 114 45 53 81 84
98 114 53 61 0 3
98 114 53 61 3 6
98 114 53 61 6 8
98 114 53 61 8 11
98 114 53 61 11 13
98 114 53 61 13 16
98 114 53 61 16 19
98 114 53 61 19 21
98 114 53 61 21 24
98 114 53 61 24 26
98 114 53 61 26 29
98 114 53 61 29 32
98 114 53 61 32 34
98 114 53 61 34 37
98 114 53 61 37 39
98 114 53 61 39 42
98 114 53 61 42 45
98 114 53 61 45 47
98 114 53 61 47 50
98 114 53 61 50 52
98 114 53 61 52 55
98 114 53 61 55 58
98 114 53 61 58 60
98 114 53 61 60 63
98 114 53 61 63 65
98 114 53 61 65 68
98 114 53 61 68 71
98 114 53 61 71 73
98 114 53 61 73 76
98 114 53 61 76 78
98 114 53 61 78 81
98 114 53 61 81 84
114 131 0 8 0 3
114 131 0 8 3 6
114 131 0 8 6 8
114 131 0 8 8 11
114 131 0 8 11 13
114 131 0 8 13 16
114 131 0 8 16 19
114 131 0 8 19 21
114 131 0 8 21 24
114 131 0 8 24 26
114 131 0 8 26 29
114 131 0 8 29 32
114 131 0 8 32 34
114 131 0 8 34 37
114 131 0 8 37 39
114 131 0 8 39 42
114 131 0 8 42 45
114 131 0 8 45 47
114 131 0 8 47 50
114 131 0 8 50 52
114 131 0 8 52 55
114 131 0 8 55 58
114 131 0 8 58 60
114 131 0 8 60 63
114 131 0 8 63 65
114 131 0 8 65 68
114 131 0 8 68 71
114 131 0 8 71 73
114 131 0 8 73 76
114 131 0 8 76 78
114 131 0 8 78 81
114 131 0 8 81 84
114 131 8 15 0 3
114 131 8 15 3 6
114 131 8 15 6 8
114 131 8 15 8 11
114 131 8 15 11 13
114 131 8 15 13 16
114 131 8 15 16 19
114 131 8 15 19 21
114 131 8 15 21 24
114 131 8 15 24 26
114 131 8 15 26 29
114 131 8 15 29 32
114 131 8 15 32 34
114 131 8 15 34 37
114 131 8 15 37 39
114 131 8 15 39 42
114 131 8 15 42 45
114 131 8 15 45 47
114 131 8 15 47 50
114 131 8 15 50 52
114 131 8 15 52 55
114 131 8 15 55 58
114 131 8 15 58 60
114 131 8 15 60 63
114 131 8 15 63 65
114 131 8 15 65 68
114 131 8 15 68 71
114 131 8 15 71 73
114 131 8 15 73 76
114 131 8 15 76 78
114 131 8 15 78 81
114 131 8 15 81 84
114 131 15 23 0 3
114 131 15 23 3 6
114 131 15 23 6 8
114 131 15 23 8 11
114 131 15 23 11 13
114 131 15 23 13 16
114 131 15 23 16 19
114 131 15 23 19 21
114 131 15 23 21 24
114 131 15 23 24 26
114 131 15 23 26 29
114 131 15 23 29 32
114 131 15 23 32 34
114 131 15 23 34 37
114 131 15 23 37 39
114 131 15 23 39 42
114 131 15 23 42 45
114 131 15 23 45 47
114 131 15 23 47 50
114 131 15 23 50 52
114 131 15 23 52 55
114 131 15 23 55 58
114 131 15 23 58 60
114 131 15 23 60 63
114 131 15 23 63 65
114 131 15 23 65 68
114 131 15 23 68 71
114 131 15 23 71 73
114 131 15 23 73 76
114 131 15 23 76 78
114 131 15 23 78 81
114 131 15 23 81 84
114 131 23 30 0 3
114 131 23 30 3 6
114 131 23 30 6 8
114 131 23 30 8 11
114 131 23 30 11 13
114 131 23 30 13 16
114 131 23 30 16 19
114 131 23 30 19 21
114 131 23 30 21 24
114 131 23 30 24 26
114 131 23 30 26 29
114 131 23 30 29 32
114 131 23 30 32 34
114 131 23 30 34 37
114 131 23 30 37 39
114 131 23 30 39 42
114 131 23 30 42 45
114 131 23 30 45 47
114 131 23 30 47 50
114 131 23 30 50 52
114 131 23 30 52 55
114 131 23 30 55 58
114 131 23 30 58 60
114 131 23 30 60 63
114 131 23 30 63 65
114 131 23 30 65 68
114 131 23 30 68 71
114 131 23 30 71 73
114 131 23 30 73 76
114 131 23 30 76 78
114 131 23 30 78 81
114 131 23 30 81 84
114 131 30 38 0 3
114 131 30 38 3 6
114 131 30 38 6 8
114 131 30 38 8 11
114 131 30 38 11 13
114 131 30 38 13 16
114 131 30 38 16 19
114 131 30 38 19 21
114 131 30 38 21 24
114 131 30 38 24 26
114 131 30 38 26 29
114 131 30 38 29 32
114 131 30 38 32 34
114 131 30 38 34 37
114 131 30 38 37 39
114 131 30 38 39 42
114 131 30 38 42 45
114 131 30 38 45 47
114 131 30 38 47 50
114 131 30 38 50 52
114 131 30 38 52 55
114 131 30 38 55 58
114 131 30 38 58 60
114 131 30 38 60 63
114 131 30 38 63 65
114 131 30 38 65 68
114 131 30 38 68 71
114 131 30 38 71 73
114 131 30 38 73 76
114 131 30 38 76 78
114 131 30 38 78 81
114 131 30 38 81 84
114 131 38 45 0 3
114 131 38 45 3 6
114 131 38 45 6 8
114 131 38 45 8 11
114 131 38 45 11 13
114 131 38 45 13 16
114 131 38 45 16 19
114 131 38 45 19 21
114 131 38 45 21 24
114 131 38 45 24 26
114 131 38 45 26 29
114 131 38 45 29 32
114 131 38 45 32 34
114 131 38 45 34 37
114 131 38 45 37 39
114 131 38 45 39 42
114 131 38 45 42 45
114 131 38 45 45 47
114 131 38 45 47 50
114 131 38 45 50 52
114 131 38 45 52 55
114 131 38 45 55 58
114 131 38 45 58 60
114 131 38 45 60 63
114 131 38 45 63 65
114 131 38 45 65 68
114 131 38 45 68 71
114 131 38 45 71 73
114 131 38 45 73 76
114 131 38 45 76 78
114 131 38 45 78 81
114 131 38 45 81 84
114 131 45 53 0 3
114 131 45 53 3 6
114 131 45 53 6 8
114 131 45 53 8 11
114 131 45 53 11 13
114 131 45 53 13 16
114 131 45 53 16 19
114 131 45 53 19 21
114 131 45 53 21 24
114 131 45 53 24 26
114 131 45 53 26 29
114 131 45 53 29 32
114 131 45 53 32 34
114 131 45 53 34 37
114 131 45 53 37 39
114 131 45 53 39 42
114 131 45 53 42 45
114 131 45 53 45 47
114 131 45 53 47 50
114 131 45 53 50 52
114 131 45 53 52 55
114 131 45 53 55 58
114 131 45 53 58 60
114 131 45 53 60 63
114 131 45 53 63 65
114 131 45 53 65 68
114 131 45 53 68 71
114 131 45 53 71 73
114 131 45 53 73 76
114 131 45 53 76 78
114 131 45 53 78 81
114 131 45 53 81 84
114 131 53 61 0 3
114 131 53 61 3 6
114 131 53 61 6 8
114 131 53 61 8 11
114 131 53 61 11 13
114 131 53 61 13 16
114 131 53 61 16 19
114 131 53 61 19 21
114 131 53 61 21 24
114 131 53 61 24 26
114 131 53 61 26 29
114 131 53 61 29 32
114 131 53 61 32 34
114 131 53 61 34 37
114 131 53 61 37 39
114 131 53 61 39 42
114 131 53 61 42 45
114 131 53 61 45 47
114 131 53 61 47 50
114 131 53 61 50 52
114 131 53 61 52 55
114 131 53 61 55 58
114 131 53 61 58 60
114 131 53 61 60 63
114 131 53 61 63 65
114 131 53 61 65 68
114 131 53 61 68 71
114 131 53 61 71 73
114 131 53 61 73 76
114 131 53 61 76 78
114 131 53 61 78 81
114 131 53 61 81 84
voxsize: 131x61x84 size:2.56059265MB
voxBW: 2 3
Decomp size:2048
Initialization time: 0.002474
compute: 0.631518 seconds
evaluations: 101443144
time: 0.667194 seconds
