hostname : cph-c54.uncc.edu
bounding: [-130;-65]x[20;50]x[5875;5958]
read 588189 observations
res: 0.1 0.1 1 bw: 5 5 14
96 224 0 160 0 84
224 352 128 301 0 84
416 480 128 192 0 84
0 96 0 301 0 84
416 480 192 301 0 84
352 416 160 301 0 84
96 224 160 301 0 84
352 416 0 160 0 84
224 352 0 128 0 84
512 651 224 301 0 84
512 651 192 224 0 84
512 651 160 192 0 84
480 512 160 301 0 84
416 480 0 128 0 84
480 512 0 160 0 84
512 651 0 160 0 84
voxsize: 651x301x84 size:62.7894745MB
voxBW: 50 14
Decomp size:16
Initialization time: 0.011678
compute: 38.183419 seconds
evaluations: 163279561815
time: 38.208720 seconds
