hostname : cph-gpu1.uncc.edu
bounding: [-130;-65]x[20;50]x[5875;5958]
read 588189 observations
res: 0.5 0.5 1 bw: 1 1 3
0 33 0 15 0 21
0 33 0 15 21 42
0 33 0 15 42 63
0 33 0 15 63 84
0 33 15 30 0 21
0 33 15 30 21 42
0 33 15 30 42 63
0 33 15 30 63 84
0 33 30 45 0 21
0 33 30 45 21 42
0 33 30 45 42 63
0 33 30 45 63 84
0 33 45 61 0 21
0 33 45 61 21 42
0 33 45 61 42 63
0 33 45 61 63 84
33 65 0 15 0 21
33 65 0 15 21 42
33 65 0 15 42 63
33 65 0 15 63 84
33 65 15 30 0 21
33 65 15 30 21 42
33 65 15 30 42 63
33 65 15 30 63 84
33 65 30 45 0 21
33 65 30 45 21 42
33 65 30 45 42 63
33 65 30 45 63 84
33 65 45 61 0 21
33 65 45 61 21 42
33 65 45 61 42 63
33 65 45 61 63 84
65 98 0 15 0 21
65 98 0 15 21 42
65 98 0 15 42 63
65 98 0 15 63 84
65 98 15 30 0 21
65 98 15 30 21 42
65 98 15 30 42 63
65 98 15 30 63 84
65 98 30 45 0 21
65 98 30 45 21 42
65 98 30 45 42 63
65 98 30 45 63 84
65 98 45 61 0 21
65 98 45 61 21 42
65 98 45 61 42 63
65 98 45 61 63 84
98 131 0 15 0 21
98 131 0 15 21 42
98 131 0 15 42 63
98 131 0 15 63 84
98 131 15 30 0 21
98 131 15 30 21 42
98 131 15 30 42 63
98 131 15 30 63 84
98 131 30 45 0 21
98 131 30 45 21 42
98 131 30 45 42 63
98 131 30 45 63 84
98 131 45 61 0 21
98 131 45 61 21 42
98 131 45 61 42 63
98 131 45 61 63 84
voxsize: 131x61x84 size:2.56059265MB
voxBW: 2 3
Decomp size:64
Initialization time: 0.00386
compute: 0.063469 seconds
evaluations: 101443144
time: 0.069076 seconds
