hostname : cph-c53.uncc.edu
bounding: [-130;-65]x[20;50]x[5875;5958]
read 588189 observations
res: 0.1 0.1 1 bw: 1 1 3
384 448 128 301 0 84
512 576 192 256 32 84
0 128 0 192 0 84
256 384 0 128 0 84
256 384 128 301 0 84
448 512 128 192 0 84
128 256 0 301 0 84
448 512 0 128 0 84
448 512 192 301 0 84
512 576 0 192 0 84
0 128 192 301 0 84
512 576 192 256 0 32
384 448 0 128 0 84
576 651 0 301 0 84
512 576 256 301 0 84
voxsize: 651x301x84 size:62.7894745MB
voxBW: 10 3
Decomp size:15
Initialization time: 0.009543
compute: 0.649997 seconds
evaluations: 1789439001
time: 0.660571 seconds
