hostname : cph-gpu2.uncc.edu
bounding: [-130;-65]x[20;50]x[5875;5958]
read 588189 observations
res: 0.1 0.1 1 bw: 2.5 2.5 7
384 448 0 192 0 84
192 320 0 301 0 84
480 544 0 160 0 84
480 544 192 301 0 84
544 651 192 224 0 84
320 384 0 128 0 84
384 448 192 301 0 84
0 96 0 301 0 84
128 192 0 301 0 84
320 384 128 301 0 84
96 128 0 301 0 84
448 480 0 160 0 84
448 480 160 301 0 84
480 544 160 192 0 84
544 651 224 301 0 84
544 651 0 192 0 84
voxsize: 651x301x84 size:62.7894745MB
voxBW: 25 7
Decomp size:16
Initialization time: 0.011074
compute: 5.538913 seconds
evaluations: 22258534021
time: 5.562172 seconds
