hostname : cph-c54.uncc.edu
bounding: [-130;-65]x[20;50]x[5875;5958]
read 588189 observations
res: 0.1 0.1 1 bw: 5 5 14
512 544 160 192 0 84
384 416 160 224 0 84
480 512 160 192 0 84
96 128 64 160 0 84
512 544 192 224 0 84
384 480 64 96 0 84
480 651 96 128 0 84
320 352 64 128 0 84
352 384 128 192 0 84
288 320 128 301 0 84
32 64 0 301 0 84
352 384 64 128 0 84
512 651 128 160 0 84
448 480 160 192 0 84
544 576 192 224 0 84
544 576 224 301 0 84
512 544 224 301 0 84
544 576 160 192 0 84
480 512 192 224 0 84
288 320 64 128 0 84
256 288 64 301 0 84
384 416 96 160 0 84
64 96 64 160 0 84
416 448 160 192 0 84
192 224 64 301 0 84
64 448 32 64 0 84
128 160 160 301 0 84
448 480 192 224 0 84
320 352 160 301 0 84
448 651 32 64 0 84
352 384 192 301 0 84
480 512 128 160 0 84
416 448 224 301 0 84
448 480 224 301 0 84
448 480 128 160 0 84
416 448 192 224 0 84
480 512 224 301 0 84
96 128 192 301 0 84
448 480 96 128 0 84
64 96 192 301 0 84
160 192 64 160 0 84
480 651 64 96 0 84
576 651 160 192 0 84
416 448 128 160 0 84
384 416 224 301 0 84
576 608 192 224 0 84
128 160 64 128 0 84
576 608 224 256 0 84
96 128 160 192 0 84
128 160 128 160 0 84
224 256 64 301 0 84
416 448 96 128 0 84
320 352 128 160 0 84
64 96 160 192 0 84
160 192 160 301 0 84
64 651 0 32 0 84
0 32 0 301 0 84
608 651 192 224 0 84
608 640 224 256 0 84
576 608 256 301 0 84
608 640 256 301 0 84
640 651 224 256 0 84
640 651 256 288 0 84
640 651 288 301 0 84
voxsize: 651x301x84 size:62.7894745MB
voxBW: 50 14
Decomp size:64
Initialization time: 0.011674
compute: 27.40889 seconds
evaluations: 163279561815
time: 27.422111 seconds
