hostname : cph-c12.uncc.edu
bounding: [1053872.965;1068485.726]x[860186.8419;879395.9741]x[3;730]
read 11056 observations
res: 50 50 1 bw: 2500 2500 1
box size: 294 x 386 x 728
nbparts: 16
mem: 0.120493412 GB (this is an order of magnitude)
14314 states processed
solution: 0.1493760947 in 16 boxes.
naive: 2.038316503 speedup:13.64553349
sumload:2.065038252 overhead:1.013109716
0 256 0 128 0 128 cost 0.1493760947
0 256 192 256 64 128 cost 0.148740296
0 256 192 256 0 64 cost 0.1455401892
0 256 256 386 0 64 cost 0.144391122
0 256 128 192 64 128 cost 0.1408909825
0 256 128 192 0 64 cost 0.1403626093
256 294 0 386 0 728 cost 0.1363959446
0 256 128 192 128 256 cost 0.1334376544
0 256 256 386 128 256 cost 0.1276862438
0 256 256 386 256 728 cost 0.1269350758
0 256 128 192 256 728 cost 0.124458187
0 256 256 386 64 128 cost 0.121341718
0 256 192 256 320 728 cost 0.1119457586
0 256 192 256 192 320 cost 0.111564199
0 256 0 128 128 728 cost 0.1014434397
0 256 192 256 128 192 cost 0.1005287377
partitioning time: 8.558546 seconds
