hostname : cph-c35.uncc.edu
bounding: [-130;-65]x[20;50]x[5875;5958]
read 588189 observations
res: 0.01 0.01 1 bw: 1 1 3
box size: 6501 x 3001 x 84
nbparts: 16
max states: 150064
mem: 0.01341676712 GB (this is an order of magnitude)
189247 states processed
solution: 45.11107129 in 16 boxes.
naive: 643.6159509 speedup:14.26736126
sumload:643.6325769 overhead:1.000025832
4352 4608 1024 2304 0 84 cost 45.11107129
1280 4096 1280 1536 0 84 cost 44.56841177
0 4608 2304 3001 0 84 cost 44.56638449
2304 4096 1536 2304 0 84 cost 44.50011087
0 2304 1536 2304 0 84 cost 44.10521126
4608 5120 1024 1792 0 84 cost 42.33767069
0 4096 1024 1280 0 84 cost 41.96297285
4352 6501 0 1024 0 84 cost 41.60225865
4608 5120 1792 3001 0 84 cost 40.86411779
4096 4352 1024 2304 0 84 cost 38.85402779
0 4352 0 1024 0 84 cost 38.0234739
0 1280 1280 1536 0 84 cost 37.16935936
5120 5376 1024 2048 0 84 cost 36.43972362
5376 6501 1024 2048 0 84 cost 36.28912481
5120 5632 2048 3001 0 84 cost 33.94020959
5632 6501 2048 3001 0 84 cost 33.29844814
partitioning time: 1430.556340 seconds
