hostname : cph-gpu1.uncc.edu
bounding: [1053872.965;1068485.726]x[860186.8419;879395.9741]x[3;730]
read 11056 observations
res: 100 100 1 bw: 250 250 1
box size: 148 x 194 x 728
nbparts: 32
mem: 0.9772996902 GB (this is an order of magnitude)
65274 states processed
solution: 0.0004206057 in 32 boxes.
naive: 0.0102500115 speedup:24.36964478
sumload:0.0104332114 overhead:1.017873141
96 148 96 160 352 728 cost 0.0004206057
0 64 96 194 64 160 cost 0.0004061799
96 148 96 160 96 160 cost 0.0004031378
96 148 96 160 224 352 cost 0.0003960548
96 148 96 160 32 64 cost 0.0003932033
0 64 64 96 64 160 cost 0.0003896604
0 64 96 194 160 728 cost 0.0003856729
64 96 0 64 0 728 cost 0.0003783285
0 64 0 64 0 96 cost 0.0003765281
0 64 0 64 96 728 cost 0.0003644368
96 148 0 96 0 160 cost 0.0003629516
64 96 128 194 64 192 cost 0.0003520997
96 148 0 96 160 728 cost 0.000336772
96 148 96 160 64 96 cost 0.0003290379
64 96 64 96 0 64 cost 0.0003278082
0 64 64 96 160 728 cost 0.0003205879
64 96 96 128 64 128 cost 0.0003191803
0 64 96 194 0 64 cost 0.0003065651
64 96 64 96 128 256 cost 0.000303572
64 96 96 128 288 728 cost 0.0003027945
64 96 64 96 64 128 cost 0.0002987202
64 96 128 194 192 728 cost 0.000294952
64 96 96 128 0 64 cost 0.0002947682
96 148 160 194 0 128 cost 0.0002927466
96 148 96 160 160 224 cost 0.000290032
64 96 96 128 128 192 cost 0.0002877886
64 96 64 96 256 728 cost 0.0002859073
96 148 160 194 128 728 cost 0.0002732848
0 64 64 96 0 64 cost 0.0002648855
64 96 128 194 0 64 cost 0.000248535
64 96 96 128 192 288 cost 0.0002241968
96 148 96 160 0 32 cost 0.000202217
partitioning time: 46.796734 seconds
