hostname : cph-gpu3.uncc.edu
bounding: [1053872.965;1068485.726]x[860186.8419;879395.9741]x[3;730]
read 11056 observations
res: 50 50 1 bw: 100 100 1
box size: 294 x 386 x 728
nbparts: 16
max states: 8000
mem: 0.0007152557373 GB (this is an order of magnitude)
9260 states processed
solution: 0.000654049 in 16 boxes.
naive: 0.0053159259 speedup:8.127718107
sumload:0.0054641486 overhead:1.027882763
0 256 0 256 32 64 cost 0.000654049
0 256 0 256 64 96 cost 0.0005633651
0 294 0 386 0 32 cost 0.0004500969
0 294 0 256 192 256 cost 0.0004143789
0 294 0 256 96 128 cost 0.0004098
0 294 0 386 512 728 cost 0.0004031118
0 294 0 386 352 512 cost 0.0003792432
0 294 0 386 160 192 cost 0.0003681615
0 294 0 256 256 352 cost 0.0003591633
0 294 0 256 128 160 cost 0.000350142
0 256 256 386 32 64 cost 0.000288438
0 294 256 386 192 352 cost 0.0002834701
0 294 256 386 96 160 cost 0.000252807
0 256 256 386 64 96 cost 0.0001962181
256 294 0 386 64 96 cost 4.7188e-05
256 294 0 386 32 64 cost 4.45157e-05
partitioning time: 0.809039 seconds
