hostname : cph-c4.uncc.edu
bounding: [-130;-65]x[20;50]x[5875;5958]
read 588189 observations
res: 0.1 0.1 1 bw: 5 5 14
box size: 651 x 301 x 84
nbparts: 64
max states: 247424
mem: 0.02212142944 GB (this is an order of magnitude)
653257 states processed
solution: 13.39317132 in 39 boxes.
naive: 430.2508241 speedup:32.12464127
sumload:430.8443738 overhead:1.001379543
256 352 0 96 0 84 cost 13.39317132
416 480 128 160 0 84 cost 13.27773906
384 448 160 192 0 84 cost 13.11660644
416 480 0 96 0 84 cost 13.09031785
480 544 224 256 0 84 cost 13.0616885
192 256 0 301 0 84 cost 12.91400329
544 608 224 256 0 84 cost 12.88718214
448 480 192 256 0 84 cost 12.82970265
256 320 128 224 0 84 cost 12.7895327
480 651 0 96 0 84 cost 12.72024329
480 544 128 160 0 84 cost 12.63393868
320 384 160 224 0 84 cost 12.48735124
64 96 0 192 0 84 cost 12.4186364
576 608 96 224 0 84 cost 12.21626116
384 651 256 301 0 84 cost 12.16820756
256 352 96 128 0 84 cost 12.11265906
416 448 192 256 0 84 cost 12.0108852
416 480 96 128 0 84 cost 11.84529951
544 576 128 192 0 84 cost 11.66868856
384 416 0 160 0 84 cost 11.46828867
64 160 192 256 0 84 cost 11.22790342
96 128 128 192 0 84 cost 11.02235138
0 64 0 301 0 84 cost 10.97030545
352 384 0 128 0 84 cost 10.95074616
160 192 0 301 0 84 cost 10.76118555
512 544 160 192 0 84 cost 10.74814702
320 384 128 160 0 84 cost 10.53089044
96 160 0 128 0 84 cost 10.38273226
128 160 128 192 0 84 cost 10.19390551
480 512 160 192 0 84 cost 10.14755908
512 544 192 224 0 84 cost 10.08514927
480 576 96 128 0 84 cost 9.70316893
384 416 192 256 0 84 cost 9.222214036
448 480 160 192 0 84 cost 9.187466093
544 576 192 224 0 84 cost 9.132485913
480 512 192 224 0 84 cost 8.499450989
256 384 224 301 0 84 cost 8.179377397
64 160 256 301 0 84 cost 4.651773974
608 651 96 256 0 84 cost 4.137157689
partitioning time: 5413.212234 seconds
