hostname : cph-gpu2.uncc.edu
bounding: [1053872.965;1068485.726]x[860186.8419;879395.9741]x[3;730]
read 11056 observations
res: 50 50 1 bw: 2500 2500 1
box size: 294 x 386 x 728
nbparts: 16
mem: 2.207988739 GB (this is an order of magnitude)
87997 states processed
solution: 0.1483397487 in 16 boxes.
naive: 2.038316503 speedup:13.74086528
sumload:2.057198873 overhead:1.009263709
128 256 160 256 0 64 cost 0.1483397487
128 256 256 320 128 728 cost 0.1467702131
128 256 160 256 64 128 cost 0.1444999157
128 256 256 320 0 128 cost 0.1435063478
256 294 0 386 0 728 cost 0.1363959446
0 128 0 128 0 728 cost 0.1361906599
0 128 128 386 64 128 cost 0.1353903551
128 256 0 160 0 128 cost 0.1328228367
128 256 320 386 0 728 cost 0.1319332932
0 128 128 386 0 64 cost 0.126078397
128 256 160 256 320 728 cost 0.1252252956
128 256 160 256 192 320 cost 0.1222149016
128 256 0 160 128 728 cost 0.1178716662
0 128 128 386 128 256 cost 0.1078178755
128 256 160 256 128 192 cost 0.1073358216
0 128 128 386 256 728 cost 0.0948056012
partitioning time: 53.561516 seconds
