hostname : cph-c18.uncc.edu
bounding: [1053872.965;1068485.726]x[860186.8419;879395.9741]x[3;730]
read 11056 observations
res: 50 50 1 bw: 2500 2500 1
box size: 294 x 386 x 728
nbparts: 1024
solution: 0.0066555896 in 1030 boxes.
naive: 2.038316503 speedup:306.2563387
sumload:2.086730719 overhead:1.02375206
147 165 168 193 45 91 cost 0.0066555896
183 220 144 193 273 364 cost 0.0066440426
110 128 144 168 45 91 cost 0.0066094837
147 165 193 217 45 91 cost 0.0065288205
110 128 168 193 45 91 cost 0.0064974779
220 257 289 337 182 273 cost 0.0064672372
165 183 193 217 45 91 cost 0.0064668663
128 147 193 217 45 91 cost 0.0064181297
165 183 168 193 45 91 cost 0.006254377
128 147 120 144 45 91 cost 0.0061945834
36 73 241 289 0 91 cost 0.006192505
147 183 289 337 182 273 cost 0.0061899849
257 294 193 241 182 273 cost 0.006117111
91 110 144 168 45 91 cost 0.0060898637
73 110 96 144 182 273 cost 0.0060605533
257 294 144 193 91 182 cost 0.0059773079
183 220 193 241 364 455 cost 0.005928785
165 183 217 241 45 91 cost 0.0059088514
110 128 120 144 45 91 cost 0.0058758411
73 110 241 289 182 273 cost 0.0058625298
220 257 241 289 273 364 cost 0.0057749786
91 110 168 193 45 91 cost 0.0057591808
147 165 144 168 45 91 cost 0.0057589695
147 165 217 241 45 91 cost 0.0057442627
147 183 193 241 364 455 cost 0.0057317658
73 110 289 337 0 91 cost 0.0055862735
110 128 193 217 45 91 cost 0.0055753636
183 201 193 217 45 91 cost 0.0055628248
220 257 337 386 91 182 cost 0.0055354436
128 147 217 241 45 91 cost 0.0054206246
183 201 217 241 45 91 cost 0.0053399278
91 110 120 144 45 91 cost 0.0053245937
201 220 193 217 45 91 cost 0.0051425317
201 220 217 241 45 91 cost 0.0051223663
165 183 241 265 45 91 cost 0.0051032768
183 201 168 193 45 91 cost 0.0050532046
165 183 144 168 45 91 cost 0.0050320643
201 220 241 265 45 91 cost 0.0049903285
257 294 289 337 91 182 cost 0.0049715083
183 201 241 265 45 91 cost 0.0049438069
91 110 193 217 45 91 cost 0.0049155239
147 183 144 193 364 455 cost 0.0048694486
147 183 193 241 546 637 cost 0.00486419
220 257 144 193 273 364 cost 0.0048578814
220 257 193 241 364 455 cost 0.0048312791
201 220 265 289 45 91 cost 0.0048214388
110 147 241 289 273 364 cost 0.0048079595
147 165 241 265 45 91 cost 0.0048005251
110 128 217 241 45 91 cost 0.004779404
183 220 193 241 546 637 cost 0.0047232432
257 294 241 289 182 273 cost 0.0046834792
183 220 289 337 273 364 cost 0.0046443959
73 110 144 193 273 364 cost 0.0046340037
147 165 120 144 45 91 cost 0.0046329447
183 201 265 289 45 91 cost 0.0046202621
183 220 96 144 182 273 cost 0.00461427
147 183 337 386 91 182 cost 0.0046023135
128 147 96 120 45 91 cost 0.0045538242
183 220 144 193 364 455 cost 0.0045537023
73 91 144 168 45 91 cost 0.0045135494
165 183 265 289 45 91 cost 0.0044902717
110 147 193 241 364 455 cost 0.0044708106
110 128 96 120 45 91 cost 0.0044596783
201 220 168 193 45 91 cost 0.0044511405
257 294 144 193 182 273 cost 0.0044476181
110 147 96 144 273 364 cost 0.0043811581
91 110 217 241 45 91 cost 0.0043808434
220 238 193 217 45 91 cost 0.0043806424
257 294 337 386 0 91 cost 0.0043602918
220 238 217 241 45 91 cost 0.0043535339
147 183 144 193 546 637 cost 0.0043439853
73 110 193 241 273 364 cost 0.0043379749
128 147 241 265 45 91 cost 0.0043121061
220 257 96 144 0 91 cost 0.0043105076
36 73 48 96 91 182 cost 0.0042455598
110 147 144 193 364 455 cost 0.004222861
183 220 241 289 364 455 cost 0.0042188121
220 238 241 265 45 91 cost 0.0041541456
128 147 168 193 0 45 cost 0.0041267886
128 147 144 168 0 45 cost 0.0041121571
73 91 168 193 45 91 cost 0.0040865158
91 110 96 120 45 91 cost 0.0040603119
73 91 120 144 45 91 cost 0.0040507743
165 183 193 217 136 182 cost 0.004048605
147 165 168 193 0 45 cost 0.0040095244
201 220 289 313 45 91 cost 0.0039930219
73 147 289 386 364 546 cost 0.0039856867
165 183 193 217 0 45 cost 0.0039834393
183 220 337 386 182 273 cost 0.003979738
147 165 193 217 0 45 cost 0.0039628159
147 165 193 217 136 182 cost 0.0039538723
147 165 265 289 45 91 cost 0.00394405
147 183 48 96 91 182 cost 0.0039190192
220 238 265 289 45 91 cost 0.0039169006
128 147 120 144 0 45 cost 0.0039037814
147 220 0 96 182 364 cost 0.0038923762
165 183 217 241 136 182 cost 0.003863654
147 183 241 289 364 455 cost 0.0038483233
165 183 168 193 0 45 cost 0.0038444291
110 147 289 337 182 273 cost 0.0038412464
183 201 289 313 45 91 cost 0.0038323428
165 183 120 144 45 91 cost 0.003830774
183 220 144 193 546 637 cost 0.0038288868
110 128 144 168 0 45 cost 0.0038118306
257 294 193 241 273 364 cost 0.0038107306
165 183 217 241 0 45 cost 0.0038095441
110 128 144 168 91 136 cost 0.0037896733
147 165 217 241 136 182 cost 0.0037755687
165 183 193 217 91 136 cost 0.0037718917
128 147 168 193 91 136 cost 0.0037470241
147 165 193 217 91 136 cost 0.00372378
128 147 144 168 91 136 cost 0.0037204075
128 147 193 217 0 45 cost 0.0037192656
220 257 289 337 273 364 cost 0.0037171876
183 201 144 168 45 91 cost 0.0037065851
147 165 217 241 0 45 cost 0.0036999497
0 73 96 193 546 728 cost 0.0036992896
128 147 193 217 136 182 cost 0.003682426
220 257 241 289 364 455 cost 0.0036691876
183 201 193 217 136 182 cost 0.0036688043
73 110 289 337 91 182 cost 0.0036651232
110 128 120 144 0 45 cost 0.0036608122
110 147 144 193 546 637 cost 0.0036571397
128 147 193 217 91 136 cost 0.0036317637
110 128 168 193 0 45 cost 0.0036136635
220 238 168 193 45 91 cost 0.0036060982
147 183 193 241 455 546 cost 0.0036001131
110 147 337 386 0 91 cost 0.0035948624
183 201 217 241 136 182 cost 0.0035874956
165 183 289 313 45 91 cost 0.0035810517
36 73 241 289 91 182 cost 0.0035618294
110 147 193 241 546 637 cost 0.0035583253
147 165 144 168 0 45 cost 0.0035459114
183 220 193 241 455 546 cost 0.0035451846
238 257 217 241 45 91 cost 0.0035438939
110 128 168 193 91 136 cost 0.0035240684
128 147 217 241 136 182 cost 0.0035104131
183 201 193 217 0 45 cost 0.0035100782
147 183 96 144 273 364 cost 0.0035091888
91 110 144 168 0 45 cost 0.0035031954
220 257 193 241 546 637 cost 0.0034994989
147 165 168 193 91 136 cost 0.0034971272
220 257 337 386 182 273 cost 0.0034860988
147 183 289 337 273 364 cost 0.0034782532
183 201 217 241 0 45 cost 0.0034691534
165 183 168 193 136 182 cost 0.0034665176
0 73 96 193 364 546 cost 0.0034632404
128 147 217 241 0 45 cost 0.0034539611
238 257 193 217 45 91 cost 0.0034511783
91 110 144 168 91 136 cost 0.0034355762
147 183 144 193 455 546 cost 0.0034314571
36 73 144 193 182 273 cost 0.0034281917
165 183 168 193 91 136 cost 0.0034180893
54 73 144 168 45 91 cost 0.0034090678
147 165 168 193 136 182 cost 0.0034052776
183 201 193 217 91 136 cost 0.0033935834
73 91 193 217 45 91 cost 0.0033870402
165 183 217 241 91 136 cost 0.0033868388
110 128 241 265 45 91 cost 0.0033845734
201 220 193 217 136 182 cost 0.003363594
238 257 241 265 45 91 cost 0.0033600076
201 220 313 337 45 91 cost 0.0033570503
201 220 217 241 136 182 cost 0.0033552449
128 147 168 193 136 182 cost 0.00334999
147 165 217 241 91 136 cost 0.0033494117
165 183 241 265 136 182 cost 0.0033452058
165 183 241 265 0 45 cost 0.0033335611
201 220 217 241 0 45 cost 0.003333518
91 110 120 144 0 45 cost 0.0033284014
128 147 120 144 91 136 cost 0.0033263051
220 257 96 144 91 182 cost 0.0033191498
110 128 120 144 91 136 cost 0.0033176228
128 147 265 289 45 91 cost 0.0033029191
201 220 265 289 0 45 cost 0.0032885969
183 201 241 265 0 45 cost 0.0032785966
147 165 241 265 136 182 cost 0.0032744751
201 220 241 265 0 45 cost 0.0032634997
183 201 241 265 136 182 cost 0.0032345641
128 147 217 241 91 136 cost 0.003228416
110 128 193 217 91 136 cost 0.0032204763
73 91 96 120 45 91 cost 0.0032166408
201 220 193 217 0 45 cost 0.0031973771
183 201 265 289 0 45 cost 0.0031892385
220 257 144 193 364 455 cost 0.0031841394
183 201 168 193 0 45 cost 0.0031823638
91 110 168 193 0 45 cost 0.0031821243
183 220 241 289 546 637 cost 0.0031785034
238 257 265 289 45 91 cost 0.0031731871
91 110 168 193 91 136 cost 0.0031720141
201 220 241 265 136 182 cost 0.0031695377
201 220 193 217 91 136 cost 0.0031641588
73 147 289 386 546 728 cost 0.0031611951
110 128 193 217 0 45 cost 0.0031518152
110 147 48 96 182 273 cost 0.0031501559
220 238 289 313 45 91 cost 0.0031475178
183 201 313 337 45 91 cost 0.0031420914
183 201 168 193 136 182 cost 0.0031397171
73 91 217 241 45 91 cost 0.003127792
165 183 144 168 0 45 cost 0.003117714
147 165 241 265 0 45 cost 0.0031143368
147 183 193 241 637 728 cost 0.0031120521
257 294 289 337 182 273 cost 0.0030969597
36 73 96 144 182 273 cost 0.0030946929
183 201 217 241 91 136 cost 0.0030926846
110 147 241 289 364 455 cost 0.0030922189
147 165 96 120 45 91 cost 0.0030862465
147 165 144 168 91 136 cost 0.0030693352
73 110 96 144 273 364 cost 0.0030650899
54 73 120 144 45 91 cost 0.0030613169
128 147 96 120 0 45 cost 0.0030579205
183 220 193 241 637 728 cost 0.0030398651
73 147 0 96 364 546 cost 0.0030312485
165 183 265 289 0 45 cost 0.0030265909
110 128 217 241 0 45 cost 0.0030251549
201 220 289 313 0 45 cost 0.003023383
54 73 168 193 45 91 cost 0.0030010377
183 220 144 193 455 546 cost 0.0029865106
201 220 144 168 45 91 cost 0.0029843784
110 128 96 120 0 45 cost 0.0029802137
147 165 120 144 0 45 cost 0.0029694314
91 110 120 144 91 136 cost 0.0029693086
201 220 217 241 91 136 cost 0.0029670675
257 294 241 289 273 364 cost 0.0029517309
91 110 241 265 45 91 cost 0.0029469093
147 165 289 313 45 91 cost 0.0029459075
183 201 168 193 91 136 cost 0.0029431392
110 128 72 96 45 91 cost 0.0029349439
183 201 289 313 0 45 cost 0.0029261983
110 128 217 241 91 136 cost 0.0029258147
128 147 241 265 136 182 cost 0.0029249992
220 238 217 241 0 45 cost 0.0029141841
147 183 241 289 546 637 cost 0.0028925892
201 220 168 193 136 182 cost 0.0028731374
91 110 217 241 0 45 cost 0.0028701016
165 183 241 265 91 136 cost 0.0028590742
91 110 193 217 91 136 cost 0.0028440402
165 183 144 168 91 136 cost 0.0028402875
36 73 193 241 182 273 cost 0.0028349767
220 238 241 265 0 45 cost 0.0028342787
201 220 168 193 0 45 cost 0.0028157768
128 147 72 96 45 91 cost 0.0028108857
220 257 193 241 455 546 cost 0.0028077643
147 165 241 265 91 136 cost 0.0027986352
220 238 193 217 91 136 cost 0.0027952268
201 220 241 265 91 136 cost 0.0027835646
73 110 48 96 182 273 cost 0.0027821913
73 110 241 289 273 364 cost 0.0027814014
220 238 193 217 0 45 cost 0.0027790317
128 147 144 168 136 182 cost 0.0027712878
220 238 265 289 0 45 cost 0.002767732
73 147 0 96 546 728 cost 0.0027671342
91 110 193 217 0 45 cost 0.0027666822
36 73 289 337 0 91 cost 0.0027593518
238 257 168 193 45 91 cost 0.0027558074
128 147 241 265 0 45 cost 0.0027473563
91 110 96 120 0 45 cost 0.0027455735
183 220 289 337 364 455 cost 0.0027397877
110 128 193 217 136 182 cost 0.0027256785
183 201 241 265 91 136 cost 0.0027154448
91 110 72 96 45 91 cost 0.0027138985
91 110 217 241 91 136 cost 0.0027118377
220 238 313 337 45 91 cost 0.0027108212
110 128 217 241 136 182 cost 0.0026977433
165 183 289 313 0 45 cost 0.0026816617
183 201 120 144 45 91 cost 0.0026746663
201 220 168 193 91 136 cost 0.0026412439
73 91 144 168 91 136 cost 0.0026223054
147 165 265 289 0 45 cost 0.0026184374
220 238 193 217 136 182 cost 0.0026173039
238 257 289 313 45 91 cost 0.0026168342
165 183 313 337 45 91 cost 0.0026095864
73 110 193 241 364 455 cost 0.0025994019
110 147 144 193 455 546 cost 0.0025992203
220 238 217 241 136 182 cost 0.0025922385
73 91 144 168 0 45 cost 0.0025852852
257 294 144 193 273 364 cost 0.0025801096
73 110 144 193 364 455 cost 0.002574235
0 36 193 241 0 91 cost 0.002572105
201 220 265 289 136 182 cost 0.0025688651
220 238 217 241 91 136 cost 0.0025658565
183 201 265 289 136 182 cost 0.0025635725
201 220 265 289 91 136 cost 0.0025607818
165 183 265 289 136 182 cost 0.0025435787
201 220 337 361 45 91 cost 0.0025334712
73 91 120 144 0 45 cost 0.0025321896
201 220 313 337 0 45 cost 0.0025296268
128 147 241 265 91 136 cost 0.0025289508
220 257 144 193 546 637 cost 0.0025268376
110 128 168 193 136 182 cost 0.0025266761
110 147 96 144 364 455 cost 0.0025238482
110 128 96 120 91 136 cost 0.00251625
257 294 193 241 364 455 cost 0.0025118024
165 183 120 144 0 45 cost 0.0024950563
147 165 144 168 136 182 cost 0.0024938906
0 36 241 289 0 91 cost 0.0024857989
165 183 193 217 227 273 cost 0.0024794161
0 73 193 289 364 546 cost 0.002478804
165 183 193 217 182 227 cost 0.0024761043
220 257 241 289 546 637 cost 0.0024726659
220 238 241 265 136 182 cost 0.0024714229
183 220 241 289 455 546 cost 0.0024690189
220 238 289 313 0 45 cost 0.00246101
54 73 96 120 45 91 cost 0.0024610026
147 165 120 144 91 136 cost 0.0024600495
147 165 265 289 136 182 cost 0.0024580617
165 183 265 289 91 136 cost 0.0024480667
183 220 241 289 637 728 cost 0.0024388991
183 201 313 337 0 45 cost 0.0024363125
128 147 96 120 91 136 cost 0.0024281683
128 147 289 313 45 91 cost 0.0024209297
183 201 265 289 91 136 cost 0.0024196196
238 257 193 217 91 136 cost 0.0024192771
220 257 96 144 182 273 cost 0.0024129575
110 128 265 289 45 91 cost 0.0024079616
183 201 337 361 45 91 cost 0.0024050605
238 257 217 241 0 45 cost 0.0023971977
147 183 241 289 455 546 cost 0.0023927871
183 201 193 217 182 227 cost 0.0023914268
165 183 144 168 136 182 cost 0.002389634
147 183 144 193 637 728 cost 0.0023851278
110 147 193 241 455 546 cost 0.0023806307
220 238 241 265 91 136 cost 0.0023771305
110 128 144 168 136 182 cost 0.002375277
257 294 337 386 91 182 cost 0.0023723461
147 183 241 289 637 728 cost 0.0023607894
183 201 144 168 0 45 cost 0.0023560861
73 110 289 337 182 273 cost 0.0023430567
257 275 217 241 45 91 cost 0.0023400057
220 257 289 337 364 455 cost 0.0023359095
238 257 313 337 45 91 cost 0.0023344663
147 165 265 289 91 136 cost 0.0023311335
238 257 241 265 0 45 cost 0.0023284708
238 257 265 289 0 45 cost 0.0023200775
73 91 120 144 91 136 cost 0.0023173673
73 91 168 193 91 136 cost 0.0023120302
54 73 193 217 45 91 cost 0.0023088089
183 201 144 168 91 136 cost 0.0023048181
220 257 193 241 637 728 cost 0.0023006075
0 73 0 96 182 364 cost 0.0022990569
165 183 168 193 182 227 cost 0.0022942754
128 147 120 144 136 182 cost 0.0022936268
0 73 193 289 546 728 cost 0.0022914637
220 238 168 193 91 136 cost 0.0022877466
220 238 168 193 0 45 cost 0.0022862551
110 147 289 337 273 364 cost 0.0022816413
110 147 193 241 637 728 cost 0.0022803939
165 183 217 241 227 273 cost 0.0022790153
201 220 193 217 182 227 cost 0.0022740696
0 73 289 386 182 364 cost 0.0022736089
238 257 217 241 91 136 cost 0.0022726415
147 165 193 217 227 273 cost 0.0022669831
73 91 72 96 45 91 cost 0.0022641471
257 275 193 217 45 91 cost 0.0022619569
183 220 48 96 0 91 cost 0.0022602155
165 183 96 120 45 91 cost 0.0022568303
165 183 168 193 227 273 cost 0.0022567584
73 110 144 193 546 637 cost 0.0022549567
147 165 193 217 182 227 cost 0.0022489372
183 220 96 144 273 364 cost 0.0022430278
110 128 241 265 0 45 cost 0.0022365965
257 275 241 265 45 91 cost 0.0022355534
183 201 193 217 227 273 cost 0.0022307836
183 220 337 386 273 364 cost 0.002225592
91 110 96 120 91 136 cost 0.0022229016
147 183 337 386 182 273 cost 0.0022198316
165 183 217 241 182 227 cost 0.0022145091
183 220 289 337 546 637 cost 0.0022139614
54 73 217 241 45 91 cost 0.0022136947
36 73 144 193 273 364 cost 0.002212267
73 91 168 193 0 45 cost 0.0022035822
220 238 144 168 45 91 cost 0.002202594
220 238 168 193 136 182 cost 0.0021965814
128 147 265 289 0 45 cost 0.0021822784
73 91 96 120 0 45 cost 0.0021810485
110 147 96 144 546 637 cost 0.0021787198
238 257 193 217 0 45 cost 0.0021744396
183 201 168 193 182 227 cost 0.0021737705
165 183 120 144 91 136 cost 0.0021630193
183 201 217 241 182 227 cost 0.0021547012
110 128 72 96 0 45 cost 0.0021514259
54 73 144 168 91 136 cost 0.002149637
91 110 193 217 136 182 cost 0.0021388688
128 147 265 289 136 182 cost 0.0021338675
147 165 217 241 227 273 cost 0.0021325271
183 220 144 193 637 728 cost 0.0021282561
110 128 241 265 136 182 cost 0.0021276724
91 110 265 289 45 91 cost 0.0021247365
220 238 265 289 91 136 cost 0.0021204789
183 201 144 168 136 182 cost 0.0021174321
91 110 217 241 136 182 cost 0.0021139608
257 294 241 289 364 455 cost 0.0021129699
147 165 168 193 182 227 cost 0.0021109058
201 220 193 217 227 273 cost 0.0021091537
238 257 217 241 136 182 cost 0.0021074465
238 257 289 313 0 45 cost 0.0021069642
147 165 168 193 227 273 cost 0.0021005176
147 165 289 313 0 45 cost 0.0020845885
220 257 144 193 455 546 cost 0.0020820146
220 238 313 337 0 45 cost 0.002078402
110 147 337 386 91 182 cost 0.0020724622
91 110 241 265 0 45 cost 0.0020711307
220 238 337 361 45 91 cost 0.002070643
201 220 289 313 91 136 cost 0.0020634896
201 220 168 193 182 227 cost 0.0020620611
128 147 72 96 0 45 cost 0.0020557949
73 91 217 241 0 45 cost 0.0020535747
110 128 120 144 136 182 cost 0.0020516681
110 147 144 193 637 728 cost 0.0020512345
73 110 193 241 546 637 cost 0.0020478037
183 201 217 241 227 273 cost 0.0020469339
238 257 241 265 91 136 cost 0.0020464939
147 183 96 144 364 455 cost 0.002045839
147 165 96 120 0 45 cost 0.0020429368
128 147 193 217 227 273 cost 0.0020405477
110 147 241 289 546 637 cost 0.0020390448
91 110 72 96 0 45 cost 0.0020368185
128 147 193 217 182 227 cost 0.0020362049
147 165 217 241 182 227 cost 0.0020335278
36 54 144 168 45 91 cost 0.00202876
110 128 241 265 91 136 cost 0.0020264692
201 220 217 241 182 227 cost 0.0020215076
128 147 168 193 182 227 cost 0.0020171905
91 110 168 193 136 182 cost 0.0020171388
36 73 241 289 182 273 cost 0.0020150788
73 91 241 265 45 91 cost 0.002013557
238 257 193 217 136 182 cost 0.002011999
110 147 96 144 455 546 cost 0.0020118913
238 257 241 265 136 182 cost 0.0020118526
201 220 337 361 0 45 cost 0.002010472
183 201 168 193 227 273 cost 0.0020082519
128 147 265 289 91 136 cost 0.0020050824
257 275 265 289 45 91 cost 0.0020006823
165 183 313 337 0 45 cost 0.0019862909
128 147 168 193 227 273 cost 0.0019853157
201 220 120 144 45 91 cost 0.0019807505
183 201 289 313 91 136 cost 0.0019748908
201 220 144 168 0 45 cost 0.0019741773
201 220 217 241 227 273 cost 0.0019726841
73 91 193 217 91 136 cost 0.0019718766
91 110 144 168 136 182 cost 0.0019716141
220 238 265 289 136 182 cost 0.0019640077
54 73 120 144 0 45 cost 0.0019596727
257 294 289 337 273 364 cost 0.0019583673
183 201 337 361 0 45 cost 0.0019580743
165 183 241 265 227 273 cost 0.0019575865
73 91 217 241 91 136 cost 0.0019573168
165 183 289 313 91 136 cost 0.0019410581
238 257 168 193 91 136 cost 0.0019379565
201 220 289 313 136 182 cost 0.0019356598
147 183 289 337 364 455 cost 0.0019297946
165 183 337 361 45 91 cost 0.0019289925
54 73 144 168 0 45 cost 0.0019266595
54 73 120 144 91 136 cost 0.001921359
220 257 241 289 455 546 cost 0.0019196807
73 110 241 289 364 455 cost 0.001914052
128 147 217 241 227 273 cost 0.0019092802
220 238 193 217 227 273 cost 0.0019018916
201 220 168 193 227 273 cost 0.0018965233
147 165 313 337 45 91 cost 0.0018920215
183 220 289 337 637 728 cost 0.0018904818
165 183 241 265 182 227 cost 0.001888659
183 220 289 337 455 546 cost 0.0018862623
201 220 144 168 91 136 cost 0.0018860417
128 147 217 241 182 227 cost 0.0018842597
238 257 313 337 0 45 cost 0.0018645237
183 201 289 313 136 182 cost 0.0018615421
36 54 168 193 45 91 cost 0.0018610782
220 257 337 386 273 364 cost 0.0018432627
147 183 96 144 546 637 cost 0.0018377546
147 165 120 144 136 182 cost 0.0018374988
147 165 241 265 227 273 cost 0.0018359034
183 201 241 265 182 227 cost 0.0018358341
91 110 241 265 91 136 cost 0.0018343593
257 275 168 193 45 91 cost 0.0018312132
73 91 193 217 0 45 cost 0.0018200238
36 73 193 241 273 364 cost 0.0018182579
73 91 96 120 91 136 cost 0.0018165854
238 257 337 361 45 91 cost 0.0018164733
110 128 72 96 91 136 cost 0.0018145081
54 73 168 193 91 136 cost 0.0018102969
0 36 144 193 0 91 cost 0.0018052256
201 220 144 168 136 182 cost 0.0017944982
220 257 289 337 546 637 cost 0.001793605
201 220 241 265 227 273 cost 0.0017924927
147 165 241 265 182 227 cost 0.0017868685
73 110 96 144 364 455 cost 0.0017868118
183 201 120 144 0 45 cost 0.0017852962
183 201 241 265 227 273 cost 0.00178023
54 73 72 96 45 91 cost 0.0017773258
110 147 0 48 0 91 cost 0.0017724242
220 238 193 217 182 227 cost 0.0017708963
110 128 289 313 45 91 cost 0.0017692575
238 257 265 289 91 136 cost 0.0017602674
147 165 289 313 91 136 cost 0.0017601324
275 294 193 217 45 91 cost 0.0017599463
183 220 48 96 91 182 cost 0.00175959
220 257 241 289 637 728 cost 0.0017560845
91 110 120 144 136 182 cost 0.0017507257
201 220 241 265 182 227 cost 0.0017341066
128 147 144 168 227 273 cost 0.0017338711
220 238 168 193 227 273 cost 0.0017264475
110 147 241 289 455 546 cost 0.0017253748
54 73 96 120 0 45 cost 0.0017219443
201 220 313 337 91 136 cost 0.001720154
110 147 48 96 273 364 cost 0.0017154525
220 238 217 241 227 273 cost 0.0017110199
128 147 289 313 0 45 cost 0.0017094928
275 294 217 241 45 91 cost 0.0017060278
147 183 96 144 455 546 cost 0.0017038314
165 183 289 313 136 182 cost 0.0016961225
147 165 144 168 227 273 cost 0.0016896595
183 201 120 144 91 136 cost 0.0016846899
165 183 144 168 227 273 cost 0.001683218
36 73 289 337 91 182 cost 0.0016781206
128 147 72 96 91 136 cost 0.0016745653
147 165 72 96 45 91 cost 0.0016720104
73 91 72 96 0 45 cost 0.0016644463
220 238 337 361 0 45 cost 0.0016571953
238 257 168 193 0 45 cost 0.0016514685
128 147 96 120 136 182 cost 0.0016496618
220 238 289 313 91 136 cost 0.001649141
257 275 289 313 45 91 cost 0.0016432589
110 128 265 289 0 45 cost 0.0016411813
238 257 193 217 227 273 cost 0.0016381183
238 257 265 289 136 182 cost 0.0016349234
128 147 144 168 182 227 cost 0.0016343459
128 147 241 265 227 273 cost 0.001634225
165 183 120 144 136 182 cost 0.0016271394
128 147 241 265 182 227 cost 0.0016208076
54 73 168 193 0 45 cost 0.0016184106
36 54 120 144 45 91 cost 0.0016152764
165 183 144 168 182 227 cost 0.0016128588
183 201 313 337 91 136 cost 0.0016084379
91 110 241 265 136 182 cost 0.0016077647
238 257 144 168 45 91 cost 0.0016035793
147 183 289 337 546 637 cost 0.0016021196
165 183 337 361 0 45 cost 0.0016004186
238 257 168 193 136 182 cost 0.0015968116
110 147 241 289 637 728 cost 0.0015942456
275 294 168 193 45 91 cost 0.0015934432
220 257 289 337 637 728 cost 0.0015933396
0 36 289 337 0 91 cost 0.0015928555
36 54 217 241 45 91 cost 0.0015923198
257 275 193 217 91 136 cost 0.0015895179
110 128 265 289 136 182 cost 0.0015867503
220 257 144 193 637 728 cost 0.0015846613
165 183 96 120 0 45 cost 0.0015831602
110 128 168 193 227 273 cost 0.0015814743
257 275 217 241 91 136 cost 0.0015806831
110 128 96 120 136 182 cost 0.0015803541
110 128 193 217 227 273 cost 0.0015788062
220 238 217 241 182 227 cost 0.0015751044
91 110 72 96 91 136 cost 0.0015725436
165 183 265 289 227 273 cost 0.0015653925
54 73 96 120 91 136 cost 0.0015554753
201 220 265 289 227 273 cost 0.0015526297
73 110 144 193 455 546 cost 0.0015500622
147 165 144 168 182 227 cost 0.0015487705
73 110 96 144 546 637 cost 0.0015458149
110 128 217 241 227 273 cost 0.0015430588
147 165 96 120 91 136 cost 0.0015379875
257 275 313 337 45 91 cost 0.0015356728
91 110 265 289 0 45 cost 0.0015330663
220 238 168 193 182 227 cost 0.0015313369
110 128 265 289 91 136 cost 0.0015305431
73 110 144 193 637 728 cost 0.0015277303
147 165 289 313 136 182 cost 0.0015252429
275 294 241 265 45 91 cost 0.001524623
183 220 337 386 546 637 cost 0.001522622
238 257 337 361 0 45 cost 0.001520867
0 36 241 289 91 182 cost 0.0015160202
257 294 144 193 364 455 cost 0.0015118515
220 238 241 265 227 273 cost 0.00151058
0 36 193 241 91 182 cost 0.0015080421
110 128 217 241 182 227 cost 0.0015039049
110 128 193 217 182 227 cost 0.0015022923
220 257 289 337 455 546 cost 0.001501224
183 201 144 168 182 227 cost 0.0014976312
110 128 48 72 45 91 cost 0.0014943841
110 128 144 168 227 273 cost 0.0014918838
128 147 289 313 91 136 cost 0.0014882638
36 54 193 217 45 91 cost 0.0014830293
73 110 193 241 637 728 cost 0.0014821317
73 110 0 48 0 91 cost 0.0014792947
238 257 168 193 227 273 cost 0.0014781218
220 238 289 313 136 182 cost 0.0014754003
220 238 144 168 91 136 cost 0.0014740243
147 165 265 289 227 273 cost 0.0014703082
238 257 217 241 227 273 cost 0.0014687122
183 201 265 289 227 273 cost 0.0014680553
183 201 96 120 45 91 cost 0.001464843
73 91 241 265 0 45 cost 0.001458974
183 220 337 386 364 455 cost 0.0014585435
220 238 144 168 0 45 cost 0.0014567108
110 128 168 193 182 227 cost 0.0014536309
73 91 144 168 136 182 cost 0.001451514
257 275 217 241 0 45 cost 0.0014482728
257 275 241 265 91 136 cost 0.0014403089
73 91 265 289 45 91 cost 0.0014368849
183 201 144 168 227 273 cost 0.0014364747
257 275 241 265 0 45 cost 0.0014349792
73 110 96 144 455 546 cost 0.0014325784
201 220 313 337 136 182 cost 0.0014319695
257 275 217 241 136 182 cost 0.0014315586
128 147 48 72 45 91 cost 0.0014298765
183 201 265 289 182 227 cost 0.0014212288
257 294 193 241 546 637 cost 0.0014193697
165 183 193 217 273 318 cost 0.0014168975
257 294 337 386 182 273 cost 0.0014152561
147 183 289 337 455 546 cost 0.0014128021
36 73 96 144 273 364 cost 0.0014116406
147 183 289 337 637 728 cost 0.001411238
220 238 313 337 91 136 cost 0.0014111801
183 201 120 144 136 182 cost 0.0014047685
165 183 265 289 182 227 cost 0.0014046282
147 220 0 96 364 546 cost 0.0014045097
91 110 265 289 91 136 cost 0.0014026915
257 275 265 289 0 45 cost 0.0014013088
147 220 0 96 546 728 cost 0.0013967854
128 147 313 337 45 91 cost 0.0013929464
201 220 144 168 182 227 cost 0.0013914379
54 73 193 217 91 136 cost 0.0013886697
257 275 241 265 136 182 cost 0.0013884207
54 73 217 241 0 45 cost 0.0013871552
128 147 120 144 227 273 cost 0.0013816821
238 257 193 217 182 227 cost 0.0013798165
201 220 265 289 182 227 cost 0.0013781059
147 183 337 386 273 364 cost 0.0013769416
183 201 193 217 273 318 cost 0.0013768264
54 73 217 241 91 136 cost 0.0013690214
201 220 120 144 0 45 cost 0.0013679262
183 201 361 386 45 91 cost 0.001366701
238 257 289 313 91 136 cost 0.0013647083
73 110 193 241 455 546 cost 0.0013641263
73 91 120 144 136 182 cost 0.0013636413
73 91 217 241 136 182 cost 0.0013628241
36 54 144 168 91 136 cost 0.0013606654
91 110 48 72 45 91 cost 0.0013570646
165 183 217 241 273 318 cost 0.0013513349
128 147 120 144 182 227 cost 0.0013504731
73 91 168 193 136 182 cost 0.0013454853
183 220 337 386 637 728 cost 0.0013430077
201 220 361 386 45 91 cost 0.0013372508
183 220 96 144 546 637 cost 0.0013370833
183 201 217 241 273 318 cost 0.0013354481
110 147 96 144 637 728 cost 0.0013352155
91 110 96 120 136 182 cost 0.0013349759
73 91 193 217 136 182 cost 0.0013337066
220 238 241 265 182 227 cost 0.0013301611
165 183 168 193 273 318 cost 0.0013205499
147 165 193 217 273 318 cost 0.0013195075
110 128 144 168 182 227 cost 0.0013194294
54 73 72 96 0 45 cost 0.0013149627
201 220 337 361 91 136 cost 0.0013080899
183 220 96 144 364 455 cost 0.0013071693
91 110 217 241 182 227 cost 0.0013068478
165 183 313 337 91 136 cost 0.0013041757
183 201 313 337 136 182 cost 0.0013035261
201 220 144 168 227 273 cost 0.0013031674
201 220 289 313 227 273 cost 0.0013025507
73 91 72 96 91 136 cost 0.0013016603
201 220 217 241 273 318 cost 0.0013012237
238 257 217 241 182 227 cost 0.0012986023
257 294 289 337 364 455 cost 0.0012981197
73 110 289 337 273 364 cost 0.001292376
128 147 289 313 136 182 cost 0.0012923035
257 275 193 217 136 182 cost 0.0012903315
201 220 120 144 91 136 cost 0.0012901505
147 165 265 289 182 227 cost 0.0012871471
73 91 241 265 91 136 cost 0.0012793462
183 201 361 386 0 45 cost 0.001279338
257 294 96 144 0 91 cost 0.0012769926
128 147 265 289 227 273 cost 0.001275475
110 128 241 265 227 273 cost 0.0012754719
220 238 265 289 227 273 cost 0.0012741442
147 165 217 241 273 318 cost 0.0012722542
183 220 337 386 455 546 cost 0.0012711935
91 110 144 168 227 273 cost 0.0012696833
238 257 241 265 227 273 cost 0.001268743
183 201 337 361 91 136 cost 0.001265248
201 220 193 217 273 318 cost 0.0012613185
147 165 168 193 273 318 cost 0.0012596815
257 275 289 313 0 45 cost 0.0012577425
147 165 337 361 45 91 cost 0.0012567355
73 110 48 96 273 364 cost 0.0012566499
257 275 193 217 0 45 cost 0.0012548496
91 110 168 193 227 273 cost 0.0012536492
110 128 241 265 182 227 cost 0.0012523802
201 220 361 386 0 45 cost 0.0012508609
147 165 313 337 0 45 cost 0.0012472032
110 128 289 313 0 45 cost 0.0012462752
91 110 217 241 227 273 cost 0.0012418849
110 128 120 144 227 273 cost 0.0012382803
238 257 289 313 136 182 cost 0.0012358343
220 257 337 386 364 455 cost 0.0012348666
220 238 144 168 136 182 cost 0.0012344
220 257 337 386 546 637 cost 0.0012199311
128 147 168 193 273 318 cost 0.0012190817
36 54 96 120 45 91 cost 0.0012129141
91 110 193 217 227 273 cost 0.0012109662
275 294 193 217 91 136 cost 0.0012083454
238 257 144 168 91 136 cost 0.0012069252
91 110 193 217 182 227 cost 0.0012061797
238 257 313 337 91 136 cost 0.0012035293
220 257 337 386 637 728 cost 0.0011969317
147 165 120 144 227 273 cost 0.0011936124
91 110 265 289 136 182 cost 0.0011902563
183 201 289 313 227 273 cost 0.0011868012
257 294 241 289 546 637 cost 0.001186747
128 147 193 217 273 318 cost 0.0011788047
165 183 96 120 91 136 cost 0.0011770263
275 294 265 289 45 91 cost 0.0011763389
257 275 265 289 91 136 cost 0.0011752725
257 275 313 337 0 45 cost 0.0011745504
54 73 193 217 0 45 cost 0.0011725685
110 128 48 72 0 45 cost 0.0011712593
257 294 193 241 455 546 cost 0.0011669444
147 165 72 96 0 45 cost 0.0011662146
275 294 217 241 91 136 cost 0.0011600596
110 128 72 96 136 182 cost 0.0011571918
147 165 120 144 182 227 cost 0.0011524171
110 128 120 144 182 227 cost 0.0011513766
220 238 144 168 227 273 cost 0.0011507504
128 147 48 72 0 45 cost 0.0011465721
110 128 289 313 91 136 cost 0.0011465066
36 54 168 193 91 136 cost 0.001145308
73 91 48 72 45 91 cost 0.0011445256
0 36 144 193 91 182 cost 0.0011425205
220 238 361 386 45 91 cost 0.0011377235
147 165 96 120 136 182 cost 0.0011322489
220 238 313 337 136 182 cost 0.0011314877
201 220 120 144 136 182 cost 0.0011267956
165 183 217 241 318 364 cost 0.0011241465
91 110 168 193 182 227 cost 0.0011217376
128 147 217 241 273 318 cost 0.0011204442
165 183 193 217 318 364 cost 0.0011200527
238 257 168 193 182 227 cost 0.0011181915
54 73 144 168 136 182 cost 0.0011175015
147 183 96 144 637 728 cost 0.0011123273
73 110 241 289 546 637 cost 0.0011115903
220 238 193 217 273 318 cost 0.0011102479
220 238 217 241 273 318 cost 0.0011081515
183 201 217 241 318 364 cost 0.001106536
54 73 120 144 136 182 cost 0.00110579
128 147 265 289 182 227 cost 0.0011044872
201 220 313 337 227 273 cost 0.0011040964
73 91 265 289 0 45 cost 0.0011002947
220 238 265 289 182 227 cost 0.0010987602
165 183 120 144 227 273 cost 0.00109856
137 147 180 193 45 68 cost 0.0010984921
183 220 96 144 455 546 cost 0.0010971899
165 183 120 144 182 227 cost 0.0010930793
165 183 361 386 45 91 cost 0.0010912776
91 110 48 72 0 45 cost 0.0010904849
36 54 120 144 91 136 cost 0.0010903994
257 275 265 289 136 182 cost 0.0010883066
238 257 241 265 182 227 cost 0.0010803603
220 257 337 386 455 546 cost 0.0010768626
73 91 96 120 136 182 cost 0.0010768508
91 110 144 168 182 227 cost 0.0010751444
201 220 217 241 318 364 cost 0.0010717605
73 110 241 289 455 546 cost 0.0010711851
183 201 193 217 318 364 cost 0.0010704108
128 147 72 96 136 182 cost 0.0010694654
128 147 144 168 273 318 cost 0.0010684237
220 238 361 386 0 45 cost 0.0010677626
147 165 193 217 318 364 cost 0.0010631025
183 201 241 265 273 318 cost 0.0010607932
147 183 0 48 0 91 cost 0.0010582054
201 220 241 265 273 318 cost 0.0010557043
165 183 313 337 136 182 cost 0.0010552672
238 257 265 289 227 273 cost 0.001053089
165 183 361 386 0 45 cost 0.0010499434
0 36 289 337 91 182 cost 0.0010469705
165 183 72 96 45 91 cost 0.0010448531
147 165 217 241 318 364 cost 0.0010445289
36 54 144 168 0 45 cost 0.0010443275
275 294 241 265 91 136 cost 0.0010422308
201 220 289 313 182 227 cost 0.0010339764
165 183 241 265 273 318 cost 0.00103084
238 257 361 386 45 91 cost 0.0010295821
183 201 96 120 0 45 cost 0.0010274338
137 147 156 168 45 68 cost 0.0010271025
183 201 289 313 182 227 cost 0.0010250216
257 294 193 241 637 728 cost 0.0010242952
220 257 96 144 273 364 cost 0.0010230138
147 165 313 337 91 136 cost 0.001022756
137 147 168 180 45 68 cost 0.0010225675
165 183 144 168 273 318 cost 0.0010212502
238 257 361 386 0 45 cost 0.001020545
147 165 144 168 273 318 cost 0.0010173442
257 294 96 144 91 182 cost 0.0010140471
257 275 144 168 45 91 cost 0.0010134357
220 238 144 168 182 227 cost 0.001012076
73 91 241 265 136 182 cost 0.0010062116
137 147 144 156 45 68 cost 0.0009968918
91 110 72 96 136 182 cost 0.0009956837
201 220 193 217 318 364 cost 0.0009945834
147 165 241 265 273 318 cost 0.0009891204
110 128 265 289 227 273 cost 0.000987667
36 54 120 144 0 45 cost 0.0009833665
73 91 265 289 91 136 cost 0.000979432
238 257 144 168 0 45 cost 0.0009775119
201 220 337 361 136 182 cost 0.0009754216
128 137 156 168 45 68 cost 0.0009734089
201 220 241 265 318 364 cost 0.000971191
165 183 241 265 318 364 cost 0.0009708617
128 137 180 193 45 68 cost 0.0009688849
183 201 241 265 318 364 cost 0.0009687027
36 54 217 241 91 136 cost 0.0009681438
110 128 168 193 273 318 cost 0.0009675047
183 201 313 337 227 273 cost 0.000964249
201 220 96 120 45 91 cost 0.0009610965
275 294 241 265 136 182 cost 0.0009562189
238 257 144 168 227 273 cost 0.0009555815
73 110 96 144 637 728 cost 0.0009542445
238 257 217 241 273 318 cost 0.0009538321
257 294 144 193 546 637 cost 0.0009536482
128 137 144 156 45 68 cost 0.0009514025
275 294 217 241 136 182 cost 0.0009508665
110 128 289 313 136 182 cost 0.00094924
275 294 289 313 45 91 cost 0.0009482107
257 294 337 386 273 364 cost 0.0009466783
238 257 313 337 136 182 cost 0.0009466525
238 257 193 217 273 318 cost 0.0009457205
128 137 168 180 45 68 cost 0.0009427442
128 147 313 337 0 45 cost 0.0009398627
54 73 96 120 136 182 cost 0.0009397176
238 257 265 289 182 227 cost 0.0009394372
201 220 265 289 273 318 cost 0.0009372591
165 183 168 193 318 364 cost 0.0009365748
275 294 217 241 0 45 cost 0.0009355447
183 201 337 361 136 182 cost 0.0009318952
147 165 168 193 318 364 cost 0.000930955
128 147 96 120 227 273 cost 0.0009220375
137 147 180 193 68 91 cost 0.0009203839
220 238 217 241 318 364 cost 0.0009190127
36 73 241 289 273 364 cost 0.0009187797
128 147 193 217 318 364 cost 0.0009174457
128 147 96 120 182 227 cost 0.0009114638
54 73 168 193 136 182 cost 0.0009108316
110 128 265 289 182 227 cost 0.0009095962
257 275 168 193 0 45 cost 0.0009091631
257 294 289 337 546 637 cost 0.0009081732
110 128 144 168 273 318 cost 0.0009052475
36 54 168 193 0 45 cost 0.0009014433
275 294 144 168 45 91 cost 0.0008981059
147 165 241 265 318 364 cost 0.0008981042
110 128 193 217 273 318 cost 0.0008975894
147 165 337 361 0 45 cost 0.0008911052
147 183 337 386 546 637 cost 0.0008872574
165 183 96 120 136 182 cost 0.0008851787
54 73 48 72 45 91 cost 0.0008836873
128 147 217 241 318 364 cost 0.0008834914
183 201 265 289 273 318 cost 0.0008828995
36 54 96 120 91 136 cost 0.0008776751
275 294 241 265 0 45 cost 0.0008774952
183 201 96 120 91 136 cost 0.0008773905
36 54 72 96 45 91 cost 0.0008771923
275 294 193 217 0 45 cost 0.0008735307
110 128 48 72 91 136 cost 0.0008708649
36 54 96 120 0 45 cost 0.0008699146
73 91 48 72 0 45 cost 0.0008690515
110 128 96 120 227 273 cost 0.0008682254
257 294 96 144 182 273 cost 0.0008665156
110 128 217 241 273 318 cost 0.0008653094
257 294 241 289 455 546 cost 0.0008629697
128 147 168 193 318 364 cost 0.0008628796
137 147 168 180 68 91 cost 0.0008617637
220 238 193 217 318 364 cost 0.0008603779
275 294 193 217 136 182 cost 0.0008602934
110 128 313 337 45 91 cost 0.0008599794
73 91 144 168 227 273 cost 0.0008583202
36 54 193 217 91 136 cost 0.0008581418
36 54 217 241 0 45 cost 0.0008579807
201 220 313 337 182 227 cost 0.0008517964
110 128 96 120 182 227 cost 0.0008474437
0 36 241 289 182 273 cost 0.0008461434
238 257 144 168 136 182 cost 0.0008412805
201 220 265 289 318 364 cost 0.0008411114
73 110 241 289 637 728 cost 0.0008391535
147 165 48 72 45 91 cost 0.0008384048
128 147 48 72 91 136 cost 0.0008382087
73 91 217 241 182 227 cost 0.0008366375
165 183 265 289 273 318 cost 0.0008304446
137 147 156 168 68 91 cost 0.0008278741
147 183 337 386 637 728 cost 0.0008276091
128 137 180 193 68 91 cost 0.000822317
147 183 337 386 364 455 cost 0.0008196518
73 91 144 168 182 227 cost 0.0008101472
128 137 168 180 68 91 cost 0.0008074612
128 137 156 168 68 91 cost 0.0008072082
110 147 0 48 91 182 cost 0.0008070437
73 91 72 96 136 182 cost 0.00080385
147 165 313 337 136 182 cost 0.0008036022
275 294 313 337 45 91 cost 0.0008017584
183 201 265 289 318 364 cost 0.0007951381
183 201 361 386 91 136 cost 0.0007922166
137 147 144 156 68 91 cost 0.000786827
147 165 265 289 273 318 cost 0.0007819897
91 110 48 72 91 136 cost 0.0007816779
73 91 217 241 227 273 cost 0.0007814866
73 91 168 193 227 273 cost 0.0007810715
183 201 313 337 182 227 cost 0.0007808693
275 294 265 289 91 136 cost 0.0007768506
238 257 217 241 318 364 cost 0.0007752025
183 220 96 144 637 728 cost 0.0007701704
165 183 265 289 318 364 cost 0.0007695652
128 137 144 156 68 91 cost 0.000768477
0 73 0 96 364 546 cost 0.0007666934
165 183 72 96 0 45 cost 0.0007659832
128 147 313 337 91 136 cost 0.0007640321
201 220 361 386 91 136 cost 0.0007614817
73 91 265 289 136 182 cost 0.0007593304
73 91 168 193 182 227 cost 0.00075401
257 294 144 193 455 546 cost 0.0007493878
73 91 193 217 182 227 cost 0.0007493182
275 294 265 289 0 45 cost 0.0007450657
275 294 168 193 0 45 cost 0.0007440631
257 294 144 193 637 728 cost 0.0007426189
54 73 217 241 136 182 cost 0.0007407284
201 220 96 120 0 45 cost 0.0007403995
183 201 96 120 136 182 cost 0.0007397363
0 73 0 96 546 728 cost 0.0007378711
110 147 337 386 273 364 cost 0.0007376344
110 128 193 217 318 364 cost 0.0007373864
110 128 168 193 318 364 cost 0.0007293777
128 147 144 168 318 364 cost 0.0007256705
238 257 193 217 318 364 cost 0.0007237941
238 257 144 168 182 227 cost 0.0007233038
0 36 193 241 182 273 cost 0.0007225403
54 73 193 217 136 182 cost 0.0007183609
147 165 144 168 318 364 cost 0.0007161828
147 183 337 386 455 546 cost 0.0007070264
110 128 217 241 318 364 cost 0.0007057919
257 294 289 337 455 546 cost 0.0007052512
73 91 193 217 227 273 cost 0.0007043837
147 165 265 289 318 364 cost 0.000701585
275 294 265 289 136 182 cost 0.0006923371
257 294 241 289 637 728 cost 0.0006898596
147 165 96 120 227 273 cost 0.0006881163
54 73 48 72 0 45 cost 0.0006789499
110 128 144 168 318 364 cost 0.0006720218
165 183 144 168 318 364 cost 0.0006597642
36 54 144 168 136 182 cost 0.0006576863
73 110 337 386 0 91 cost 0.0006571202
110 147 337 386 182 273 cost 0.0006490331
36 54 72 96 0 45 cost 0.0006478505
147 165 361 386 45 91 cost 0.0006465908
147 165 96 120 182 227 cost 0.0006444133
147 165 48 72 0 45 cost 0.0006444036
73 91 48 72 91 136 cost 0.0006377349
257 294 289 337 637 728 cost 0.0006293326
275 294 289 313 0 45 cost 0.0006184151
36 54 193 217 0 45 cost 0.0006131354
110 128 48 72 136 182 cost 0.0006040796
128 147 313 337 136 182 cost 0.0005965991
73 110 0 48 91 182 cost 0.0005934711
36 54 120 144 136 182 cost 0.0005903648
201 220 96 120 91 136 cost 0.0005826015
201 220 361 386 136 182 cost 0.0005825364
128 147 48 72 136 182 cost 0.0005772524
147 183 0 48 91 182 cost 0.000569001
110 128 313 337 0 45 cost 0.0005647419
257 294 337 386 364 455 cost 0.0005631143
183 201 361 386 136 182 cost 0.000556488
165 183 96 120 227 273 cost 0.0005561453
36 54 168 193 136 182 cost 0.0005351531
165 183 96 120 182 227 cost 0.0005350635
91 110 48 72 136 182 cost 0.0005296261
0 36 193 241 273 364 cost 0.0005202366
165 183 48 72 45 91 cost 0.0005170577
257 294 337 386 546 637 cost 0.0005120502
220 257 96 144 546 637 cost 0.0005095864
201 220 96 120 136 182 cost 0.0005083575
147 165 361 386 0 45 cost 0.0005038334
257 275 144 168 0 45 cost 0.0005003884
275 294 313 337 0 45 cost 0.0004978904
36 54 96 120 136 182 cost 0.0004902387
220 257 96 144 364 455 cost 0.0004861668
110 128 313 337 91 136 cost 0.000483629
257 294 337 386 455 546 cost 0.0004750027
257 294 337 386 637 728 cost 0.0004685971
36 54 48 72 45 91 cost 0.0004584892
257 294 96 144 273 364 cost 0.0004546133
36 54 217 241 136 182 cost 0.0004503567
0 73 289 386 364 546 cost 0.0004478568
0 36 96 144 0 91 cost 0.0004439938
36 73 0 48 0 91 cost 0.0004416199
73 110 337 386 91 182 cost 0.0004401688
0 36 144 193 182 273 cost 0.000435159
165 183 48 72 0 45 cost 0.0004321089
275 294 144 168 0 45 cost 0.0004239802
220 257 96 144 455 546 cost 0.0004182515
73 91 48 72 136 182 cost 0.0004078208
0 36 241 289 273 364 cost 0.0004003521
0 36 144 193 273 364 cost 0.0003968108
36 54 193 217 136 182 cost 0.0003957201
110 147 0 48 182 273 cost 0.000363783
110 147 0 48 273 364 cost 0.0003386148
110 128 313 337 136 182 cost 0.0003357502
36 54 48 72 0 45 cost 0.0003268753
220 257 96 144 637 728 cost 0.0003200779
0 36 96 144 91 182 cost 0.0003012342
73 110 0 48 182 273 cost 0.0002776119
0 73 289 386 546 728 cost 0.0002662507
73 110 0 48 273 364 cost 0.0002447115
183 220 0 48 0 91 cost 0.0002079733
36 73 0 48 91 182 cost 0.0001630706
257 294 96 144 364 455 cost 0.0001529574
73 110 337 386 273 364 cost 0.0001524454
183 220 0 48 91 182 cost 0.0001434261
257 294 96 144 546 637 cost 0.0001206074
73 110 337 386 182 273 cost 0.0001149099
257 294 96 144 637 728 cost 0.0001039735
0 36 96 144 182 273 cost 8.69745e-05
220 294 0 96 0 182 cost 8.5288e-05
0 36 48 96 0 91 cost 8.47392e-05
0 36 48 96 91 182 cost 7.83042e-05
0 36 96 144 273 364 cost 7.58825e-05
257 294 96 144 455 546 cost 4.76076e-05
220 294 0 96 546 728 cost 2.76133e-05
0 36 337 386 91 182 cost 1.8106e-05
220 294 0 96 182 364 cost 1.53239e-05
36 73 337 386 91 182 cost 1.17624e-05
0 36 337 386 0 91 cost 9.9227e-06
220 294 0 96 364 546 cost 6.6e-06
36 73 337 386 0 91 cost 6.2751e-06
0 36 0 48 0 91 cost 1.0839e-06
0 36 0 48 91 182 cost 2.922e-07
partitioning time: 5.844187 seconds
