hostname : cph-c22.uncc.edu
bounding: [-130;-65]x[20;50]x[5875;5958]
read 588189 observations
res: 0.1 0.1 1 bw: 5 5 14
box size: 651 x 301 x 84
nbparts: 16
solution: 65.89048454 in 22 boxes.
naive: 430.2508241 speedup:6.52978692
sumload:488.6729487 overhead:1.1357862
325 651 0 150 42 84 cost 65.89048454
325 651 0 150 0 42 cost 47.2110466
0 325 150 301 42 84 cost 46.39236821
0 325 0 150 42 84 cost 35.97755101
488 651 150 225 42 63 cost 32.58491813
325 488 150 225 42 63 cost 30.59196901
0 325 150 301 0 42 cost 28.47034106
0 325 0 150 0 42 cost 26.65333654
488 651 150 225 21 42 cost 24.33403684
325 488 150 225 21 42 cost 23.48728161
488 651 150 225 63 84 cost 21.008965
325 488 150 225 63 84 cost 17.33650271
488 651 225 301 42 63 cost 13.38436696
325 488 225 301 42 63 cost 12.0744416
488 651 225 301 21 42 cost 10.1504854
488 651 150 225 0 21 cost 9.943072559
325 488 150 225 0 21 cost 9.347821631
325 488 225 301 21 42 cost 9.311401313
488 651 225 301 63 84 cost 8.900618968
325 488 225 301 63 84 cost 7.379775349
488 651 225 301 0 21 cost 4.275561298
325 488 225 301 0 21 cost 3.966602319
partitioning time: 3.499687 seconds
