hostname : cph-gpu1.uncc.edu
bounding: [1053872.965;1068485.726]x[860186.8419;879395.9741]x[3;730]
read 11056 observations
res: 50 50 1 bw: 2500 2500 14
box size: 294 x 386 x 728
nbparts: 64
max states: 32000
mem: 0.002861022949 GB (this is an order of magnitude)
40128 states processed
solution: 1.104822187 in 63 boxes.
naive: 8.268027147 speedup:7.483581742
sumload:9.381525577 overhead:1.134675227
0 256 0 256 32 64 cost 1.104822187
0 256 0 256 64 96 cost 0.9687919143
0 294 0 386 0 32 cost 0.7891336062
0 256 0 256 96 128 cost 0.6538774068
0 256 0 256 128 160 cost 0.541837639
0 256 256 386 32 64 cost 0.4270558019
0 256 0 256 160 192 cost 0.4240479032
0 256 0 256 224 256 cost 0.3479545335
0 294 0 256 192 224 cost 0.3450128487
0 256 256 386 64 96 cost 0.3244476268
0 256 0 256 256 288 cost 0.2445407882
0 256 256 386 96 128 cost 0.223334523
0 256 256 386 128 160 cost 0.1877368914
0 256 0 256 288 320 cost 0.1867673565
0 256 256 386 160 192 cost 0.1575873449
0 256 0 256 320 352 cost 0.1532008914
0 256 256 386 224 256 cost 0.1258904711
0 294 256 386 192 224 cost 0.123422886
0 256 0 256 384 416 cost 0.1146748634
0 256 0 256 352 384 cost 0.1131396408
256 294 0 386 32 64 cost 0.0983515744
0 256 256 386 256 288 cost 0.0973559776
0 256 0 256 576 608 cost 0.093905068
0 256 0 256 416 448 cost 0.0918149986
0 256 0 256 544 576 cost 0.0888788122
0 294 0 256 512 544 cost 0.0854792715
0 294 0 386 448 480 cost 0.0851443189
256 294 0 386 64 96 cost 0.0815300455
0 294 0 256 480 512 cost 0.0720932453
0 256 256 386 288 320 cost 0.069001002
0 256 0 256 608 640 cost 0.0672931625
256 294 0 386 96 128 cost 0.0624326441
0 256 256 386 320 352 cost 0.0607692344
0 256 0 256 640 672 cost 0.0554136019
0 256 0 256 672 704 cost 0.054521916
256 294 0 386 128 160 cost 0.0528571334
0 256 256 386 352 384 cost 0.0452943133
0 256 256 386 384 416 cost 0.0414197125
256 294 0 386 224 256 cost 0.0396229855
0 256 256 386 416 448 cost 0.0394647388
0 256 256 386 672 728 cost 0.0388217539
256 294 0 386 160 192 cost 0.0356989473
0 256 0 256 704 728 cost 0.0347872813
256 294 0 386 256 288 cost 0.0331932476
0 294 256 386 512 544 cost 0.0324332278
0 256 256 386 544 576 cost 0.0309846084
0 256 256 386 576 608 cost 0.0303709545
0 294 256 386 480 512 cost 0.027526082
0 256 256 386 608 640 cost 0.0254479965
0 256 256 386 640 672 cost 0.0242946457
256 294 0 386 288 320 cost 0.023909234
256 294 0 386 320 352 cost 0.0196374161
256 294 0 386 384 416 cost 0.0159535585
256 294 0 386 352 384 cost 0.0141152066
256 294 0 386 416 448 cost 0.0130033776
256 294 0 386 544 576 cost 0.0088539645
256 294 0 386 576 608 cost 0.0079466132
256 294 0 386 608 640 cost 0.0079067166
256 294 0 386 640 672 cost 0.0067573244
256 294 0 256 672 704 cost 0.0035937788
256 294 256 386 672 704 cost 0.002972011
256 294 256 386 704 728 cost 0.0017092847
256 294 0 256 704 728 cost 0.0016874658
partitioning time: 5.903197 seconds
