hostname : cph-c14.uncc.edu
bounding: [-130;-65]x[20;50]x[5875;5958]
read 588189 observations
res: 0.1 0.1 1 bw: 5 5 14
box size: 651 x 301 x 84
nbparts: 64
max states: 246080
mem: 0.02200126648 GB (this is an order of magnitude)
70936 states processed
solution: 27.79098862 in 32 boxes.
naive: 430.2508241 speedup:15.48166674
sumload:440.3569636 overhead:1.023488948
448 512 128 192 0 64 cost 27.79098862
512 576 192 256 0 64 cost 27.25309526
448 651 64 128 0 84 cost 27.23910076
256 320 64 301 0 84 cost 26.26739358
384 448 192 301 0 84 cost 25.4452736
448 512 192 301 0 64 cost 24.47621658
384 448 128 192 0 84 cost 23.89636612
512 576 128 192 0 64 cost 22.38864296
128 192 128 301 0 84 cost 20.11116631
64 128 128 192 0 84 cost 19.98951426
320 384 64 128 0 84 cost 18.99261915
64 651 0 64 0 84 cost 18.6773195
320 384 128 192 0 84 cost 17.65281442
448 512 128 301 64 84 cost 15.91996002
384 448 64 128 0 84 cost 14.19400534
64 128 192 301 0 84 cost 13.30851378
192 256 64 301 0 84 cost 12.75655845
320 384 192 301 0 84 cost 11.75597477
576 640 192 256 0 64 cost 11.53796067
0 64 0 301 0 84 cost 10.97030545
128 192 64 128 0 84 cost 9.195787467
512 576 192 256 64 84 cost 9.152962363
64 128 64 128 0 84 cost 8.034041665
512 576 128 192 64 84 cost 7.223122567
576 651 128 192 0 84 cost 7.222399121
576 640 192 256 64 84 cost 4.035874362
512 576 256 301 0 84 cost 2.727893836
576 640 256 301 0 84 cost 2.00586496
640 651 192 256 0 64 cost 0.0688452936
640 651 256 301 0 64 cost 0.0328957841
640 651 192 256 64 84 cost 0.0230225222
640 651 256 301 64 84 cost 0.0104640105
partitioning time: 577.415873 seconds
