hostname : cph-c54.uncc.edu
bounding: [1053872.965;1068485.726]x[860186.8419;879395.9741]x[3;730]
read 11056 observations
res: 50 50 1 bw: 100 100 1
box size: 294 x 386 x 728
nbparts: 32
max load allowed: 0.0006644907375
max states: 49391872
mem: 4.415977478 GB (this is an order of magnitude)
949499 states processed
solution: 0.0006616324 in 22 boxes.
naive: 0.0053159259 speedup:8.034561034
sumload:0.0053314789 overhead:1.002925737
0 160 224 320 0 640 cost 0.0006616324
160 256 0 224 0 192 cost 0.0006614773
0 160 0 160 0 192 cost 0.0006516132
0 160 160 224 0 256 cost 0.0006445647
160 256 224 288 0 320 cost 0.0006375183
160 256 288 386 0 512 cost 0.0006296232
160 256 0 224 192 728 cost 0.0004692365
0 160 0 160 192 728 cost 0.0002138544
256 294 0 256 0 192 cost 0.0001783734
160 256 224 288 320 728 cost 0.0001369659
0 160 160 224 384 728 cost 9.95703e-05
256 294 0 256 192 448 cost 9.2553e-05
0 160 160 224 256 384 cost 8.46012e-05
160 256 288 386 512 728 cost 6.22413e-05
0 160 320 386 0 728 cost 5.48662e-05
256 294 0 256 512 728 cost 1.72512e-05
0 160 224 320 640 728 cost 1.60754e-05
256 294 256 386 64 384 cost 8.5839e-06
256 294 0 256 448 512 cost 5.8797e-06
256 294 256 386 0 64 cost 2.2503e-06
256 294 256 386 384 576 cost 1.5516e-06
256 294 256 386 576 728 cost 1.1955e-06
partitioning time: 1326.143186 seconds
