hostname : cph-c25.uncc.edu
bounding: [-130;-65]x[20;50]x[5875;5958]
read 588189 observations
res: 0.01 0.01 1 bw: 1 1 3
box size: 6501 x 3001 x 84
nbparts: 64
max states: 600256
mem: 0.05366706848 GB (this is an order of magnitude)
759444 states processed
solution: 35.69531175 in 47 boxes.
naive: 643.6159509 speedup:18.03082588
sumload:643.6429126 overhead:1.000041891
1024 1280 1280 1536 0 84 cost 35.69531175
1024 3584 1024 1280 0 84 cost 35.35594497
768 1024 0 3001 0 84 cost 28.40688277
5376 5632 1792 2048 0 84 cost 27.34105513
5376 5632 2048 3001 0 84 cost 26.73476817
1024 3584 768 1024 0 84 cost 26.12751191
4608 4864 1792 3001 0 84 cost 26.02660438
1024 6501 512 768 0 84 cost 25.62427864
3584 6501 768 1024 0 84 cost 25.58797782
4608 6501 1536 1792 0 84 cost 25.21798856
5120 5376 1792 2048 0 84 cost 25.16098363
4352 4608 1792 3001 0 84 cost 24.40829383
3584 6501 1024 1280 0 84 cost 24.12481249
4096 4352 2048 3001 0 84 cost 24.04540406
4608 6501 1280 1536 0 84 cost 23.05152549
5632 5888 2048 2304 0 84 cost 22.58389919
512 768 0 3001 0 84 cost 20.50815202
4352 4608 1280 1792 0 84 cost 18.88705556
3328 3584 1280 3001 0 84 cost 17.75898586
3840 4096 1280 3001 0 84 cost 16.42201976
3072 3328 1280 3001 0 84 cost 15.75374124
4096 4352 1280 2048 0 84 cost 15.14234881
3584 3840 1280 3001 0 84 cost 15.09240418
4864 5120 1792 3001 0 84 cost 14.83795856
1280 1536 1280 3001 0 84 cost 14.67413913
1792 2048 1280 3001 0 84 cost 10.14062477
1536 1792 1280 3001 0 84 cost 9.98564156
2304 2560 1280 3001 0 84 cost 7.909180263
5120 5376 2048 3001 0 84 cost 7.205833296
5632 6501 1792 2048 0 84 cost 6.046846128
1024 1280 1536 3001 0 84 cost 5.730858426
5888 6144 2048 2304 0 84 cost 5.519435446
2560 2816 1280 3001 0 84 cost 3.93882621
2816 3072 1280 3001 0 84 cost 3.086117556
5632 5888 2304 3001 0 84 cost 2.823977065
1024 6501 256 512 0 84 cost 2.281105367
5888 6144 2304 3001 0 84 cost 2.101139602
2048 2304 1280 3001 0 84 cost 1.902154244
6144 6400 2304 2560 0 84 cost 0.1828443977
256 512 0 3001 0 84 cost 0.1229080296
6144 6400 2560 3001 0 84 cost 0.0804699498
6144 6501 2048 2304 0 84 cost 0.007330171
1024 6501 0 256 0 84 cost 0.0035890754
0 256 0 3001 0 84 cost 0.0032550589
6400 6501 2304 2560 0 84 cost 0.0006456747
6400 6501 2560 2816 0 84 cost 8.0403e-05
6400 6501 2816 3001 0 84 cost 2.0099e-06
partitioning time: 5912.650560 seconds
