hostname : cph-c70.uncc.edu
bounding: [1053872.965;1068485.726]x[860186.8419;879395.9741]x[3;730]
read 11056 observations
res: 100 100 1 bw: 250 250 1
box size: 148 x 194 x 728
nbparts: 128
solution: 0.000265852 in 134 boxes.
naive: 0.0102500115 speedup:38.55532966
sumload:0.0104229827 overhead:1.01687522
55 74 72 97 0 91 cost 0.000265852
111 148 97 145 182 364 cost 0.0002581791
0 74 0 97 364 728 cost 0.000249438
74 92 72 97 0 91 cost 0.0002309377
92 111 97 121 0 91 cost 0.0002296181
0 74 97 194 364 728 cost 0.0002084202
37 74 0 48 0 182 cost 0.0001959423
74 92 97 121 0 91 cost 0.0001890605
37 55 48 72 91 182 cost 0.0001879024
55 74 48 72 0 91 cost 0.0001807591
74 92 97 121 91 182 cost 0.0001785317
55 74 121 145 0 91 cost 0.0001783416
111 148 48 97 0 182 cost 0.0001768747
74 111 97 145 364 546 cost 0.0001756839
37 55 72 97 0 91 cost 0.000174744
92 111 72 97 0 91 cost 0.0001734901
55 74 97 121 0 91 cost 0.0001733902
92 111 121 145 0 91 cost 0.0001728516
92 111 145 169 0 91 cost 0.0001705245
74 111 145 194 182 364 cost 0.0001662425
0 37 97 145 0 182 cost 0.0001644225
92 111 97 121 91 182 cost 0.0001622737
74 111 97 145 546 728 cost 0.0001540263
55 74 121 145 91 182 cost 0.0001473207
55 74 72 97 91 182 cost 0.0001467258
74 92 72 97 91 182 cost 0.0001443571
92 111 72 97 91 182 cost 0.0001412631
37 55 97 121 0 91 cost 0.0001315658
111 129 121 145 0 91 cost 0.0001285469
111 129 145 169 0 91 cost 0.0001270464
74 92 121 145 0 91 cost 0.0001215036
55 74 97 121 91 182 cost 0.0001199525
74 111 48 97 364 546 cost 0.0001169702
92 111 97 121 182 273 cost 0.0001159259
74 92 97 121 182 273 cost 0.0001134077
111 148 145 194 182 364 cost 0.0001133426
37 55 72 97 91 182 cost 0.0001116564
111 129 97 121 0 91 cost 0.0001099137
74 92 121 145 91 182 cost 0.0001061301
111 148 97 145 364 546 cost 0.0001040604
74 92 145 169 0 91 cost 0.0001039498
111 148 48 97 182 364 cost 0.0001031951
129 148 97 121 0 91 cost 0.0001030447
92 111 72 97 182 273 cost 0.0001008161
129 148 97 121 91 182 cost 9.93911e-05
74 111 48 97 546 728 cost 9.74679e-05
74 92 72 97 182 273 cost 9.54964e-05
111 129 121 145 91 182 cost 9.2632e-05
92 111 121 145 91 182 cost 9.23336e-05
92 111 169 194 0 91 cost 9.01452e-05
74 92 48 72 0 91 cost 8.77914e-05
55 74 121 145 182 273 cost 8.60739e-05
111 129 97 121 91 182 cost 8.49315e-05
55 74 72 97 182 273 cost 7.88216e-05
74 92 48 72 91 182 cost 7.78223e-05
92 111 145 169 91 182 cost 7.56181e-05
111 129 145 169 91 182 cost 7.35147e-05
55 74 97 121 182 273 cost 7.34003e-05
111 129 169 194 0 91 cost 7.11796e-05
37 55 48 72 182 273 cost 6.92008e-05
37 55 97 121 91 182 cost 6.77008e-05
0 37 48 97 0 182 cost 6.74478e-05
55 74 48 72 91 182 cost 6.64841e-05
46 55 60 72 45 91 cost 6.64354e-05
74 111 145 194 546 728 cost 6.60843e-05
74 111 145 194 364 546 cost 6.59575e-05
74 92 97 121 273 364 cost 6.44979e-05
92 111 97 121 273 364 cost 6.13927e-05
74 92 145 169 91 182 cost 6.13555e-05
37 74 145 194 0 182 cost 6.12921e-05
111 148 97 145 546 728 cost 5.93373e-05
74 92 121 145 182 273 cost 5.69824e-05
0 37 97 145 182 364 cost 5.17443e-05
37 55 121 145 0 91 cost 4.84625e-05
111 148 145 194 364 546 cost 4.76502e-05
55 74 72 97 273 364 cost 4.6956e-05
37 46 60 72 45 91 cost 4.49135e-05
92 111 72 97 273 364 cost 4.47174e-05
92 111 121 145 182 273 cost 4.45622e-05
46 55 60 72 0 45 cost 4.42648e-05
111 148 145 194 546 728 cost 4.32342e-05
55 74 121 145 273 364 cost 4.3209e-05
37 55 72 97 182 273 cost 4.26948e-05
74 92 72 97 273 364 cost 4.1064e-05
111 129 169 194 91 182 cost 4.09061e-05
92 111 169 194 91 182 cost 4.0492e-05
74 111 0 48 0 182 cost 3.95041e-05
37 74 0 48 182 364 cost 3.78939e-05
46 55 48 60 45 91 cost 3.77745e-05
92 111 121 145 273 364 cost 3.75869e-05
55 74 48 72 182 273 cost 3.51357e-05
37 46 60 72 0 45 cost 3.48033e-05
46 55 48 60 0 45 cost 3.16738e-05
37 55 48 72 273 364 cost 3.15624e-05
74 92 121 145 273 364 cost 3.09752e-05
74 92 169 194 0 91 cost 2.98363e-05
37 46 48 60 45 91 cost 2.86587e-05
55 74 97 121 273 364 cost 2.8058e-05
37 55 72 97 273 364 cost 2.79141e-05
37 55 121 145 91 182 cost 2.71006e-05
111 148 48 97 364 546 cost 2.34703e-05
111 148 48 97 546 728 cost 2.29118e-05
37 55 97 121 182 273 cost 2.26585e-05
74 92 48 72 182 273 cost 2.24053e-05
37 74 145 194 182 364 cost 2.04111e-05
0 37 48 97 182 364 cost 1.96557e-05
37 55 121 145 182 273 cost 1.95732e-05
74 92 48 72 273 364 cost 1.82427e-05
37 46 48 60 0 45 cost 1.76286e-05
55 74 48 72 273 364 cost 1.66962e-05
92 111 48 72 0 91 cost 1.51623e-05
74 92 169 194 91 182 cost 1.36557e-05
37 55 97 121 273 364 cost 1.24769e-05
37 55 121 145 273 364 cost 7.4757e-06
74 111 0 48 182 364 cost 7.4526e-06
74 111 0 48 546 728 cost 5.5595e-06
0 37 145 194 0 182 cost 5.5131e-06
92 111 48 72 91 182 cost 5.1761e-06
129 148 121 145 91 182 cost 4.7699e-06
129 148 145 169 91 182 cost 3.6871e-06
74 111 0 48 364 546 cost 3.5841e-06
129 148 121 145 0 91 cost 3.4612e-06
92 111 48 72 182 273 cost 3.3307e-06
129 148 145 169 0 91 cost 3.0935e-06
92 111 48 72 273 364 cost 1.9101e-06
0 37 145 194 182 364 cost 6.828e-07
111 148 0 48 0 182 cost 0
129 148 169 194 91 182 cost 0
0 37 0 48 182 364 cost 0
129 148 169 194 0 91 cost 0
111 148 0 48 546 728 cost 0
0 37 0 48 0 182 cost 0
111 148 0 48 182 364 cost 0
111 148 0 48 364 546 cost 0
partitioning time: 0.250122 seconds
