hostname : cph-c71.uncc.edu
bounding: [1053872.965;1068485.726]x[860186.8419;879395.9741]x[3;730]
read 11056 observations
res: 100 100 1 bw: 500 500 7
box size: 148 x 194 x 728
nbparts: 128
solution: 0.0015838534 in 134 boxes.
naive: 0.0609225435 speedup:38.46476164
sumload:0.0633321304 overhead:1.039551646
111 148 97 145 182 364 cost 0.0015838534
55 74 72 97 0 91 cost 0.0015622603
0 74 0 97 364 728 cost 0.0014971533
74 92 72 97 0 91 cost 0.0013596608
92 111 97 121 0 91 cost 0.0013143019
0 74 97 194 364 728 cost 0.0012566614
37 74 0 48 0 182 cost 0.0012075535
74 92 97 121 0 91 cost 0.0011867358
55 74 48 72 0 91 cost 0.0011248726
74 92 97 121 91 182 cost 0.0011036241
74 111 97 145 364 546 cost 0.0011033947
37 55 48 72 91 182 cost 0.0010867772
111 148 48 97 0 182 cost 0.0010859821
92 111 121 145 0 91 cost 0.0010770968
37 55 72 97 0 91 cost 0.001070986
55 74 97 121 0 91 cost 0.0010531515
55 74 121 145 0 91 cost 0.0010363211
92 111 72 97 0 91 cost 0.0010357461
0 37 97 145 0 182 cost 0.001013889
92 111 145 169 0 91 cost 0.0009920547
74 111 145 194 182 364 cost 0.0009898695
92 111 97 121 91 182 cost 0.0009492762
74 111 97 145 546 728 cost 0.0009028383
55 74 72 97 91 182 cost 0.000893201
74 92 72 97 91 182 cost 0.0008647341
55 74 121 145 91 182 cost 0.0008494075
92 111 72 97 91 182 cost 0.000838119
111 129 121 145 0 91 cost 0.0007920518
111 129 145 169 0 91 cost 0.0007688832
55 74 97 121 91 182 cost 0.0007582785
37 55 97 121 0 91 cost 0.0007556529
74 92 121 145 0 91 cost 0.0007417509
74 111 48 97 364 546 cost 0.0007061646
74 92 97 121 182 273 cost 0.0007058927
92 111 97 121 182 273 cost 0.0006911085
111 148 145 194 182 364 cost 0.0006883325
37 55 72 97 91 182 cost 0.0006594666
111 129 97 121 0 91 cost 0.0006543988
111 148 97 145 364 546 cost 0.0006359767
129 148 97 121 0 91 cost 0.0006333734
111 148 48 97 182 364 cost 0.0006300914
92 111 72 97 182 273 cost 0.0006257642
74 92 121 145 91 182 cost 0.0006223862
74 92 145 169 0 91 cost 0.0006176812
74 92 72 97 182 273 cost 0.000595638
92 111 121 145 91 182 cost 0.0005853185
74 111 48 97 546 728 cost 0.0005762165
74 92 48 72 0 91 cost 0.0005753497
111 129 121 145 91 182 cost 0.0005655183
129 148 97 121 91 182 cost 0.0005624828
92 111 169 194 0 91 cost 0.0005388003
55 74 121 145 182 273 cost 0.0005078573
111 129 97 121 91 182 cost 0.0005060864
92 111 145 169 91 182 cost 0.0004777086
55 74 72 97 182 273 cost 0.0004772125
0 37 48 97 0 182 cost 0.0004771259
74 92 48 72 91 182 cost 0.0004642545
55 74 48 72 91 182 cost 0.0004555735
55 74 97 121 182 273 cost 0.0004470895
111 129 145 169 91 182 cost 0.0004417396
111 129 169 194 0 91 cost 0.0004333249
37 55 97 121 91 182 cost 0.0004229955
74 111 145 194 364 546 cost 0.0004066329
37 55 48 72 182 273 cost 0.0003983161
74 111 145 194 546 728 cost 0.0003836216
37 74 145 194 0 182 cost 0.000381502
46 55 60 72 45 91 cost 0.0003800799
74 92 97 121 273 364 cost 0.0003745887
74 92 145 169 91 182 cost 0.0003731947
92 111 97 121 273 364 cost 0.0003599477
111 148 97 145 546 728 cost 0.0003578317
74 92 121 145 182 273 cost 0.0003565607
37 55 121 145 0 91 cost 0.0003260601
0 37 97 145 182 364 cost 0.0003131325
92 111 121 145 182 273 cost 0.0002966872
111 148 145 194 364 546 cost 0.0002853719
92 111 72 97 273 364 cost 0.0002775284
55 74 121 145 273 364 cost 0.0002740484
55 74 72 97 273 364 cost 0.0002710411
37 46 60 72 45 91 cost 0.0002682211
111 148 145 194 546 728 cost 0.0002610123
37 55 72 97 182 273 cost 0.0002570045
74 92 72 97 273 364 cost 0.0002539252
37 74 0 48 182 364 cost 0.0002478786
46 55 48 60 45 91 cost 0.0002477508
92 111 121 145 273 364 cost 0.0002448398
46 55 60 72 0 45 cost 0.0002446713
92 111 169 194 91 182 cost 0.0002441913
74 111 0 48 0 182 cost 0.0002366265
111 129 169 194 91 182 cost 0.0002354825
55 74 48 72 182 273 cost 0.0002200286
37 46 60 72 0 45 cost 0.000206617
46 55 48 60 0 45 cost 0.0002054481
74 92 121 145 273 364 cost 0.0001964705
37 55 121 145 91 182 cost 0.0001961333
37 46 48 60 45 91 cost 0.0001808811
74 92 169 194 0 91 cost 0.0001795647
55 74 97 121 273 364 cost 0.0001787007
37 55 48 72 273 364 cost 0.0001757072
37 55 72 97 273 364 cost 0.0001567401
74 92 48 72 182 273 cost 0.0001515253
111 148 48 97 364 546 cost 0.0001498037
37 55 97 121 182 273 cost 0.0001380935
111 148 48 97 546 728 cost 0.0001342606
0 37 48 97 182 364 cost 0.0001335432
37 46 48 60 0 45 cost 0.0001307564
37 74 145 194 182 364 cost 0.0001264305
37 55 121 145 182 273 cost 0.0001248039
55 74 48 72 273 364 cost 0.0001159004
92 111 48 72 0 91 cost 0.0001108958
74 92 48 72 273 364 cost 0.0001102074
37 55 97 121 273 364 cost 8.26152e-05
74 92 169 194 91 182 cost 8.0593e-05
129 148 121 145 91 182 cost 5.52037e-05
37 55 121 145 273 364 cost 5.27466e-05
74 111 0 48 182 364 cost 5.20769e-05
129 148 121 145 0 91 cost 4.93946e-05
92 111 48 72 91 182 cost 4.09976e-05
129 148 145 169 0 91 cost 3.47351e-05
92 111 48 72 182 273 cost 3.3399e-05
74 111 0 48 546 728 cost 3.24458e-05
0 37 145 194 0 182 cost 2.94945e-05
129 148 145 169 91 182 cost 2.85712e-05
74 111 0 48 364 546 cost 2.2239e-05
92 111 48 72 273 364 cost 1.50654e-05
0 37 145 194 182 364 cost 4.614e-06
0 37 0 48 0 182 cost 6.09e-07
0 37 0 48 182 364 cost 0
111 148 0 48 0 182 cost 0
111 148 0 48 182 364 cost 0
129 148 169 194 91 182 cost 0
111 148 0 48 546 728 cost 0
129 148 169 194 0 91 cost 0
111 148 0 48 364 546 cost 0
partitioning time: 0.256530 seconds
