hostname : cph-gpu2.uncc.edu
bounding: [1053872.965;1068485.726]x[860186.8419;879395.9741]x[3;730]
read 11056 observations
res: 100 100 1 bw: 2500 2500 1
box size: 148 x 194 x 728
nbparts: 16
max states: 298112
mem: 0.02665328979 GB (this is an order of magnitude)
58540 states processed
solution: 0.0369561345 in 16 boxes.
naive: 0.5210794803 speedup:14.09994544
sumload:0.530233295 overhead:1.017567022
64 128 0 128 128 192 cost 0.0369561345
0 128 128 194 0 64 cost 0.0369156982
0 128 0 128 288 448 cost 0.0364405784
128 148 0 194 0 728 cost 0.035963486
0 64 64 128 32 96 cost 0.0351118858
64 128 0 128 192 288 cost 0.0347751347
0 64 0 128 128 288 cost 0.0331225573
64 128 64 128 32 64 cost 0.0330878384
0 128 0 128 448 728 cost 0.0330122707
0 128 128 194 128 256 cost 0.0326788532
0 128 128 194 256 728 cost 0.0325034566
0 128 0 64 32 128 cost 0.0317060192
0 128 128 194 64 128 cost 0.031042379
0 128 64 128 96 128 cost 0.0300837328
0 128 0 128 0 32 cost 0.029517807
64 128 64 128 64 96 cost 0.0273154632
partitioning time: 8.500315 seconds
