hostname : cph-c41.uncc.edu
bounding: [-130;-65]x[20;50]x[5875;5958]
read 588189 observations
res: 0.1 0.1 1 bw: 1 1 3
box size: 651 x 301 x 84
nbparts: 32
mem: 0.0006866455078 GB (this is an order of magnitude)
16866 states processed
solution: 0.9666060039 in 15 boxes.
naive: 7.046724289 speedup:7.290172273
sumload:7.056890754 overhead:1.001442722
512 576 192 256 0 84 cost 0.9666060039
128 320 0 301 0 84 cost 0.8450509034
0 128 0 192 0 84 cost 0.7223637874
320 448 0 128 0 84 cost 0.7140121494
320 448 192 301 0 84 cost 0.6755846302
320 448 128 192 0 84 cost 0.6417141492
448 512 128 192 0 84 cost 0.586471283
448 512 0 128 0 84 cost 0.5543357813
448 512 192 301 0 84 cost 0.4975693778
512 576 0 192 0 84 cost 0.3707661293
0 128 192 301 0 84 cost 0.2849883603
576 651 192 256 0 84 cost 0.194401031
576 651 256 301 0 84 cost 0.0024411155
512 576 256 301 0 84 cost 0.000532153
576 651 0 192 0 84 cost 5.38992e-05
partitioning time: 238.333971 seconds
