hostname : cph-c28.uncc.edu
bounding: [1053872.965;1068485.726]x[860186.8419;879395.9741]x[3;730]
read 11056 observations
res: 100 100 1 bw: 500 500 7
box size: 148 x 194 x 728
nbparts: 32
max states: 2732544
mem: 0.2443084717 GB (this is an order of magnitude)
652329 states processed
solution: 0.0037855665 in 24 boxes.
naive: 0.0609225435 speedup:16.09337559
sumload:0.0617997887 overhead:1.014399353
64 96 96 128 128 384 cost 0.0037855665
64 148 64 160 448 728 cost 0.0037510535
0 64 0 64 0 256 cost 0.0037168601
0 64 96 128 0 448 cost 0.0037145742
64 96 64 96 0 128 cost 0.0036767367
64 96 128 160 0 448 cost 0.0036441409
64 96 96 128 0 128 cost 0.0036134542
0 64 64 96 0 128 cost 0.0035332009
96 148 128 160 0 192 cost 0.0034341644
96 148 160 194 0 728 cost 0.0033605137
128 148 64 128 0 448 cost 0.0030858414
96 128 96 128 128 448 cost 0.0029759861
96 128 96 128 0 128 cost 0.0028890788
64 96 64 96 128 448 cost 0.0027854808
96 128 64 96 0 448 cost 0.0026865004
0 64 128 160 0 728 cost 0.0024763376
0 64 64 96 128 728 cost 0.0023764666
64 148 0 64 0 728 cost 0.0022049284
96 148 128 160 192 448 cost 0.0014046695
32 96 160 194 0 728 cost 0.0013789175
0 64 0 64 256 728 cost 0.0006700388
64 96 96 128 384 448 cost 0.0003211889
0 64 96 128 448 728 cost 0.0003140888
0 32 160 194 0 728 cost 0
partitioning time: 104.460596 seconds
