hostname : cph-c49.uncc.edu
bounding: [1053872.965;1068485.726]x[860186.8419;879395.9741]x[3;730]
read 11056 observations
res: 50 50 1 bw: 100 100 1
box size: 294 x 386 x 728
nbparts: 32
max load allowed: 0.0006644907375
max states: 197567552
mem: 17.66391563 GB (this is an order of magnitude)
1836941 states processed
solution: 0.0006614773 in 30 boxes.
naive: 0.0053159259 speedup:8.036444939
sumload:0.0053302663 overhead:1.00269763
160 256 0 224 0 192 cost 0.0006614773
0 160 224 320 0 608 cost 0.0006566439
0 160 160 224 0 256 cost 0.0006445647
160 256 288 386 0 512 cost 0.0006296232
0 160 96 160 0 288 cost 0.0006233619
160 256 224 288 0 288 cost 0.0006086073
160 256 0 224 192 704 cost 0.0004608107
256 294 0 256 0 192 cost 0.0001783734
0 160 0 96 0 160 cost 0.0001049523
160 256 224 288 288 448 cost 9.84723e-05
256 294 0 256 192 448 cost 9.2553e-05
0 160 160 224 256 384 cost 8.46012e-05
0 160 160 224 480 728 cost 7.04322e-05
160 256 288 386 512 728 cost 6.22413e-05
160 256 224 288 480 728 cost 6.21765e-05
0 160 96 160 288 480 cost 5.56326e-05
0 160 320 386 0 728 cost 5.48662e-05
0 160 96 160 480 728 cost 4.71624e-05
0 160 0 96 160 728 cost 3.42258e-05
0 160 160 224 384 480 cost 2.91381e-05
256 294 0 256 512 728 cost 1.72512e-05
0 160 224 320 608 672 cost 1.06275e-05
0 160 224 320 672 728 cost 1.02564e-05
160 256 0 224 704 728 cost 8.4258e-06
256 294 256 386 0 224 cost 8.0871e-06
256 294 0 256 448 512 cost 5.8797e-06
160 256 224 288 448 480 cost 4.3281e-06
256 294 256 386 320 728 cost 3.042e-06
256 294 256 386 224 288 cost 2.1573e-06
256 294 256 386 288 320 cost 2.949e-07
partitioning time: 5229.882141 seconds
