hostname : cph-c7.uncc.edu
bounding: [1053872.965;1068485.726]x[860186.8419;879395.9741]x[3;730]
read 11056 observations
res: 50 50 1 bw: 2500 2500 14
box size: 294 x 386 x 728
nbparts: 16
mem: 0.007528781891 GB (this is an order of magnitude)
8805 states processed
solution: 0.7919340743 in 16 boxes.
naive: 8.268027147 speedup:10.44029726
sumload:8.293715716 overhead:1.003106977
128 192 256 386 0 728 cost 0.7919340743
192 294 256 320 0 728 cost 0.7411192687
128 192 192 256 0 256 cost 0.7389119986
192 294 192 256 0 256 cost 0.7254220271
192 294 0 192 0 728 cost 0.6958350735
64 128 128 192 0 728 cost 0.664136896
128 192 128 192 0 256 cost 0.6513532231
64 128 192 256 0 728 cost 0.5643914492
64 128 0 128 0 728 cost 0.4610812243
0 64 0 386 0 728 cost 0.4213535404
192 294 320 386 0 728 cost 0.3971114006
128 192 0 128 0 728 cost 0.3756178184
64 128 256 386 0 728 cost 0.3026512124
192 294 192 256 256 728 cost 0.2960848321
128 192 192 256 256 728 cost 0.257811674
128 192 128 192 256 728 cost 0.2089000031
partitioning time: 2.873278 seconds
