hostname : cph-c54.uncc.edu
bounding: [1053872.965;1068485.726]x[860186.8419;879395.9741]x[3;730]
read 11056 observations
res: 50 50 1 bw: 100 100 1
box size: 294 x 386 x 728
nbparts: 16
mem: 0.4819779396 GB (this is an order of magnitude)
23810 states processed
solution: 0.0003950153 in 16 boxes.
naive: 0.0053159259 speedup:13.45751899
sumload:0.0053927667 overhead:1.014454829
0 192 128 256 32 64 cost 0.0003950153
192 294 192 256 0 160 cost 0.0003928445
192 294 256 386 0 128 cost 0.0003904813
192 294 192 256 160 728 cost 0.0003794461
0 192 128 256 64 96 cost 0.0003748395
192 294 256 386 128 728 cost 0.0003718481
0 192 128 256 192 320 cost 0.0003645048
192 294 0 192 0 728 cost 0.00036285
0 192 128 256 128 192 cost 0.0003567294
0 192 256 386 0 128 cost 0.000353409
0 192 128 256 320 728 cost 0.0003497287
0 192 256 386 128 728 cost 0.000329448
0 192 0 128 96 728 cost 0.0002928233
0 192 0 128 0 96 cost 0.000281659
0 192 128 256 96 128 cost 0.0002286325
0 192 128 256 0 32 cost 0.0001685072
partitioning time: 15.927307 seconds
