hostname : cph-c43.uncc.edu
bounding: [1053872.965;1068485.726]x[860186.8419;879395.9741]x[3;730]
read 11056 observations
res: 50 50 1 bw: 2500 2500 14
box size: 294 x 386 x 728
nbparts: 64
max states: 5390784
mem: 0.4819736481 GB (this is an order of magnitude)
590807 states processed
solution: 0.239364188 in 64 boxes.
naive: 8.268027147 speedup:34.54162135
sumload:8.637773906 overhead:1.044720071
128 192 192 256 64 128 cost 0.239364188
128 192 192 256 0 64 cost 0.2374324539
64 128 192 386 0 64 cost 0.2323617542
192 294 192 256 0 64 cost 0.2316634204
128 192 128 192 0 64 cost 0.2310639012
128 192 128 192 128 256 cost 0.2276999477
0 64 64 192 0 728 cost 0.2246034592
128 192 128 192 64 128 cost 0.2244543662
128 192 256 386 0 64 cost 0.2237458853
192 256 256 386 64 128 cost 0.2180999728
64 128 128 192 64 128 cost 0.2139047733
128 294 64 128 64 256 cost 0.2123514977
64 128 64 128 64 256 cost 0.2118118924
64 128 128 192 128 384 cost 0.2102534454
128 192 128 192 256 728 cost 0.2089000031
192 294 256 320 0 64 cost 0.206931029
64 128 192 256 128 384 cost 0.205460666
64 128 128 192 0 64 cost 0.1974387213
128 192 256 386 64 128 cost 0.1972183502
64 128 256 386 64 384 cost 0.1916168801
0 64 192 386 0 728 cost 0.1875555173
192 256 192 256 64 128 cost 0.1849490363
192 294 128 192 256 728 cost 0.1822860966
128 192 192 256 128 192 cost 0.1795793672
192 294 128 192 128 256 cost 0.1784968745
64 128 128 386 384 728 cost 0.1736299239
192 294 192 256 128 192 cost 0.1672031353
192 294 256 386 128 192 cost 0.1669042866
64 128 192 256 64 128 cost 0.1633481799
64 294 64 128 256 728 cost 0.1515491911
192 294 128 192 64 128 cost 0.1391392903
64 128 64 128 0 64 cost 0.1380101086
192 294 128 192 0 64 cost 0.1365160968
128 294 64 128 0 64 cost 0.1302380368
128 192 256 386 128 192 cost 0.1292818232
192 294 320 386 0 64 cost 0.1233219298
128 192 192 256 192 256 cost 0.1223433375
0 294 0 64 0 728 cost 0.1146798545
256 294 192 386 64 128 cost 0.1054802452
192 256 192 256 192 256 cost 0.1015085449
192 256 256 386 192 256 cost 0.0942745466
128 192 256 386 192 256 cost 0.0834774342
128 192 192 256 256 320 cost 0.0771042557
192 256 256 386 256 320 cost 0.0709127496
192 256 192 256 256 320 cost 0.0686668774
128 192 256 386 256 320 cost 0.0580767815
128 192 256 320 448 728 cost 0.0537689488
128 192 192 256 576 728 cost 0.0535994293
192 256 192 256 384 512 cost 0.0534087568
192 256 256 320 320 448 cost 0.052863501
192 256 320 386 320 640 cost 0.0520086857
128 192 192 256 320 384 cost 0.0519372126
192 256 192 386 640 728 cost 0.0517308969
192 256 192 256 512 640 cost 0.0517161973
256 294 192 386 192 256 cost 0.0501856372
128 192 192 256 448 576 cost 0.0486169832
128 192 256 320 320 448 cost 0.0478996047
192 256 192 256 320 384 cost 0.0472691097
256 294 192 386 320 448 cost 0.0452138532
256 294 192 386 448 728 cost 0.0438314586
192 256 256 320 448 640 cost 0.0405795048
128 192 320 386 320 728 cost 0.0400732806
256 294 192 386 256 320 cost 0.0399478674
128 192 192 256 384 448 cost 0.0382128492
partitioning time: 100.766033 seconds
