hostname : cph-c76.uncc.edu
bounding: [1053872.965;1068485.726]x[860186.8419;879395.9741]x[3;730]
read 11056 observations
res: 100 100 1 bw: 250 250 1
box size: 148 x 194 x 728
nbparts: 256
solution: 0.0001705245 in 260 boxes.
naive: 0.0102500115 speedup:60.10873218
sumload:0.0105048659 overhead:1.024863816
92 111 145 169 0 91 cost 0.0001705245
74 111 145 194 182 364 cost 0.0001662425
0 37 97 145 0 182 cost 0.0001644225
92 111 97 121 91 182 cost 0.0001622737
74 111 97 145 546 728 cost 0.0001540263
55 74 121 145 91 182 cost 0.0001473207
55 74 72 97 91 182 cost 0.0001467258
74 92 72 97 91 182 cost 0.0001443571
92 111 72 97 91 182 cost 0.0001412631
37 55 97 121 0 91 cost 0.0001315658
111 129 121 145 0 91 cost 0.0001285469
111 129 145 169 0 91 cost 0.0001270464
74 92 121 145 0 91 cost 0.0001215036
55 74 97 121 91 182 cost 0.0001199525
37 74 48 97 364 546 cost 0.0001197374
74 111 48 97 364 546 cost 0.0001169702
92 111 97 121 182 273 cost 0.0001159259
74 92 97 121 182 273 cost 0.0001134077
111 148 145 194 182 364 cost 0.0001133426
37 55 72 97 91 182 cost 0.0001116564
111 129 97 121 0 91 cost 0.0001099137
74 92 121 145 91 182 cost 0.0001061301
37 74 97 145 364 546 cost 0.0001042605
111 148 97 145 364 546 cost 0.0001040604
74 92 145 169 0 91 cost 0.0001039498
111 148 48 97 182 364 cost 0.0001031951
129 148 97 121 0 91 cost 0.0001030447
92 111 72 97 182 273 cost 0.0001008161
129 148 97 121 91 182 cost 9.93911e-05
74 111 48 97 546 728 cost 9.74679e-05
74 92 72 97 182 273 cost 9.54964e-05
37 74 48 97 546 728 cost 9.44077e-05
111 129 121 145 91 182 cost 9.2632e-05
92 111 121 145 91 182 cost 9.23336e-05
92 111 169 194 0 91 cost 9.01452e-05
74 92 48 72 0 91 cost 8.77914e-05
55 74 121 145 182 273 cost 8.60739e-05
111 129 97 121 91 182 cost 8.49315e-05
55 74 72 97 182 273 cost 7.88216e-05
37 74 97 145 546 728 cost 7.85922e-05
74 92 48 72 91 182 cost 7.78223e-05
92 111 145 169 91 182 cost 7.56181e-05
129 148 72 97 0 91 cost 7.55409e-05
111 129 145 169 91 182 cost 7.35147e-05
55 74 97 121 182 273 cost 7.34003e-05
37 55 24 48 0 91 cost 7.22602e-05
111 129 169 194 0 91 cost 7.11796e-05
37 55 48 72 182 273 cost 6.92008e-05
37 55 97 121 91 182 cost 6.77008e-05
0 37 48 97 0 182 cost 6.74478e-05
55 74 48 72 91 182 cost 6.64841e-05
46 55 60 72 45 91 cost 6.64354e-05
74 111 145 194 546 728 cost 6.60843e-05
74 111 145 194 364 546 cost 6.59575e-05
74 92 97 121 273 364 cost 6.44979e-05
64 74 84 97 45 91 cost 6.15232e-05
92 111 97 121 273 364 cost 6.13927e-05
74 92 145 169 91 182 cost 6.13555e-05
37 74 145 194 0 182 cost 6.12921e-05
111 148 97 145 546 728 cost 5.93373e-05
111 129 97 121 182 273 cost 5.7601e-05
74 92 121 145 182 273 cost 5.69824e-05
92 101 109 121 45 91 cost 5.27688e-05
0 37 97 145 182 364 cost 5.17443e-05
64 74 72 84 45 91 cost 5.15977e-05
111 129 121 145 182 273 cost 5.12733e-05
129 148 72 97 91 182 cost 4.91382e-05
37 55 121 145 0 91 cost 4.84625e-05
111 148 145 194 364 546 cost 4.76502e-05
55 74 24 48 0 91 cost 4.70823e-05
55 74 72 97 273 364 cost 4.6956e-05
129 148 97 121 182 273 cost 4.62087e-05
101 111 121 133 45 91 cost 4.51277e-05
92 111 97 121 364 455 cost 4.50966e-05
37 46 60 72 45 91 cost 4.49135e-05
92 111 72 97 273 364 cost 4.47174e-05
92 111 121 145 182 273 cost 4.45622e-05
46 55 60 72 0 45 cost 4.42648e-05
37 46 84 97 45 91 cost 4.34885e-05
111 148 145 194 546 728 cost 4.32342e-05
55 74 121 145 273 364 cost 4.3209e-05
37 55 72 97 182 273 cost 4.26948e-05
101 111 121 133 0 45 cost 4.12746e-05
74 92 72 97 273 364 cost 4.1064e-05
83 92 72 84 45 91 cost 4.09865e-05
111 129 169 194 91 182 cost 4.09061e-05
92 111 169 194 91 182 cost 4.0492e-05
74 83 97 109 45 91 cost 4.04108e-05
92 101 84 97 45 91 cost 3.99965e-05
129 148 97 121 273 364 cost 3.9828e-05
74 111 0 48 0 182 cost 3.95041e-05
83 92 84 97 45 91 cost 3.88922e-05
74 83 84 97 45 91 cost 3.88274e-05
37 46 60 72 91 136 cost 3.86678e-05
111 129 121 145 273 364 cost 3.84813e-05
55 64 121 133 45 91 cost 3.82249e-05
37 74 0 48 182 364 cost 3.78939e-05
46 55 48 60 45 91 cost 3.77745e-05
92 111 121 145 273 364 cost 3.75869e-05
37 55 24 48 91 182 cost 3.68252e-05
101 111 109 121 45 91 cost 3.64861e-05
55 64 72 84 45 91 cost 3.61408e-05
46 55 72 84 45 91 cost 3.59824e-05
64 74 121 133 45 91 cost 3.54581e-05
64 74 84 97 0 45 cost 3.54038e-05
55 74 48 72 182 273 cost 3.51357e-05
92 101 97 109 45 91 cost 3.50799e-05
37 46 60 72 0 45 cost 3.48033e-05
74 92 97 121 364 455 cost 3.46548e-05
74 83 72 84 45 91 cost 3.42282e-05
55 64 60 72 45 91 cost 3.36612e-05
92 111 97 121 455 546 cost 3.35922e-05
55 64 121 133 0 45 cost 3.29739e-05
64 74 109 121 45 91 cost 3.22275e-05
83 92 97 109 136 182 cost 3.20121e-05
83 92 109 121 45 91 cost 3.19355e-05
46 55 48 60 0 45 cost 3.16738e-05
37 55 48 72 273 364 cost 3.15624e-05
64 74 97 109 45 91 cost 3.14378e-05
101 111 109 121 0 45 cost 3.12181e-05
83 92 97 109 45 91 cost 3.10573e-05
74 92 121 145 273 364 cost 3.09752e-05
46 55 60 72 91 136 cost 3.06921e-05
74 92 169 194 0 91 cost 2.98363e-05
55 64 84 97 45 91 cost 2.95528e-05
92 101 72 84 45 91 cost 2.95174e-05
83 92 109 121 136 182 cost 2.94781e-05
92 101 121 133 45 91 cost 2.90837e-05
46 55 48 60 91 136 cost 2.87057e-05
37 46 48 60 45 91 cost 2.86587e-05
55 74 97 121 273 364 cost 2.8058e-05
37 55 72 97 273 364 cost 2.79141e-05
83 92 72 84 0 45 cost 2.77287e-05
92 101 72 84 0 45 cost 2.76131e-05
37 55 121 145 91 182 cost 2.71006e-05
64 74 121 133 0 45 cost 2.70342e-05
111 129 72 97 91 182 cost 2.68978e-05
74 83 97 109 136 182 cost 2.66523e-05
64 74 72 84 0 45 cost 2.63698e-05
37 46 72 84 45 91 cost 2.62484e-05
111 129 72 97 0 91 cost 2.5902e-05
55 64 48 60 45 91 cost 2.58774e-05
64 74 48 60 45 91 cost 2.55725e-05
92 101 121 133 0 45 cost 2.54607e-05
92 101 97 109 0 45 cost 2.52445e-05
74 83 109 121 45 91 cost 2.52234e-05
92 101 109 121 0 45 cost 2.49487e-05
111 129 97 121 273 364 cost 2.42981e-05
101 111 84 97 45 91 cost 2.42354e-05
55 64 109 121 45 91 cost 2.39269e-05
92 101 84 97 0 45 cost 2.38633e-05
64 74 60 72 45 91 cost 2.36557e-05
64 74 97 109 0 45 cost 2.34774e-05
111 148 48 97 364 546 cost 2.34703e-05
74 83 97 109 91 136 cost 2.31706e-05
64 74 48 60 0 45 cost 2.30324e-05
111 148 48 97 546 728 cost 2.29118e-05
37 55 97 121 182 273 cost 2.26585e-05
55 64 48 60 0 45 cost 2.26456e-05
55 74 24 48 91 182 cost 2.25444e-05
74 92 48 72 182 273 cost 2.24053e-05
37 46 48 60 91 136 cost 2.21797e-05
64 74 133 145 45 91 cost 2.21536e-05
83 92 97 109 91 136 cost 2.17325e-05
37 46 60 72 136 182 cost 2.0682e-05
37 74 145 194 182 364 cost 2.04111e-05
74 83 97 109 0 45 cost 2.03754e-05
74 83 72 84 0 45 cost 2.03501e-05
46 55 60 72 136 182 cost 2.03025e-05
74 83 109 121 136 182 cost 2.02999e-05
46 55 48 60 136 182 cost 1.98853e-05
55 64 97 109 45 91 cost 1.96697e-05
0 37 48 97 182 364 cost 1.96557e-05
37 55 121 145 182 273 cost 1.95732e-05
55 64 84 97 0 45 cost 1.92682e-05
64 74 109 121 0 45 cost 1.91547e-05
83 92 84 97 0 45 cost 1.89474e-05
55 64 60 72 0 45 cost 1.89349e-05
74 83 84 97 0 45 cost 1.89143e-05
74 92 48 72 273 364 cost 1.82427e-05
74 83 109 121 0 45 cost 1.77485e-05
37 46 48 60 0 45 cost 1.76286e-05
83 92 97 109 0 45 cost 1.74617e-05
55 64 109 121 0 45 cost 1.73964e-05
37 46 84 97 0 45 cost 1.72035e-05
46 55 84 97 45 91 cost 1.69619e-05
74 83 109 121 91 136 cost 1.67272e-05
55 74 48 72 273 364 cost 1.66962e-05
101 111 97 109 45 91 cost 1.64696e-05
101 111 84 97 0 45 cost 1.61437e-05
92 111 121 145 364 455 cost 1.61145e-05
92 111 48 72 0 91 cost 1.51623e-05
46 55 72 84 0 45 cost 1.49031e-05
55 64 72 84 0 45 cost 1.47529e-05
74 92 169 194 91 182 cost 1.36557e-05
46 55 84 97 0 45 cost 1.36374e-05
83 92 109 121 91 136 cost 1.36049e-05
101 111 97 109 0 45 cost 1.35449e-05
64 74 60 72 0 45 cost 1.32005e-05
74 92 121 145 364 455 cost 1.29207e-05
64 74 133 145 0 45 cost 1.28996e-05
74 92 97 121 455 546 cost 1.27836e-05
37 55 97 121 273 364 cost 1.24769e-05
55 64 97 109 0 45 cost 1.19068e-05
0 37 48 97 546 728 cost 1.18287e-05
37 46 48 60 136 182 cost 1.15808e-05
92 101 133 145 45 91 cost 1.1306e-05
55 74 0 24 0 91 cost 1.11594e-05
92 111 121 145 455 546 cost 1.09631e-05
37 74 0 48 546 728 cost 1.09116e-05
101 111 72 84 45 91 cost 1.08339e-05
101 111 72 84 0 45 cost 1.07505e-05
83 92 109 121 0 45 cost 1.05365e-05
74 92 121 145 455 546 cost 1.04541e-05
37 46 72 84 0 45 cost 1.01358e-05
92 101 133 145 0 45 cost 9.3329e-06
55 64 133 145 0 45 cost 8.9692e-06
101 111 133 145 45 91 cost 8.9623e-06
37 74 0 48 364 546 cost 8.7882e-06
55 64 133 145 45 91 cost 8.7407e-06
37 74 145 194 546 728 cost 7.7025e-06
37 55 121 145 273 364 cost 7.4757e-06
74 111 0 48 182 364 cost 7.4526e-06
37 74 145 194 364 546 cost 6.567e-06
101 111 133 145 0 45 cost 6.4716e-06
0 37 97 145 364 546 cost 6.3687e-06
74 111 0 48 546 728 cost 5.5595e-06
0 37 145 194 0 182 cost 5.5131e-06
0 37 48 97 364 546 cost 5.3085e-06
0 37 97 145 546 728 cost 5.2314e-06
92 111 48 72 91 182 cost 5.1761e-06
129 148 121 145 91 182 cost 4.7699e-06
55 74 0 24 91 182 cost 4.1343e-06
129 148 145 169 91 182 cost 3.6871e-06
74 111 0 48 364 546 cost 3.5841e-06
129 148 121 145 0 91 cost 3.4612e-06
92 111 48 72 182 273 cost 3.3307e-06
129 148 145 169 0 91 cost 3.0935e-06
37 55 0 24 0 91 cost 2.9757e-06
92 111 48 72 273 364 cost 1.9101e-06
129 148 121 145 182 273 cost 1.7082e-06
0 37 145 194 182 364 cost 6.828e-07
129 148 121 145 273 364 cost 4.782e-07
37 55 0 24 91 182 cost 1.461e-07
129 148 48 72 0 91 cost 0
0 37 145 194 546 728 cost 0
129 148 169 194 91 182 cost 0
0 37 0 48 364 546 cost 0
0 37 0 48 0 182 cost 0
111 148 0 48 0 182 cost 0
0 37 145 194 364 546 cost 0
129 148 169 194 0 91 cost 0
0 37 0 48 182 364 cost 0
111 129 48 72 91 182 cost 0
111 148 0 48 546 728 cost 0
129 148 48 72 91 182 cost 0
0 37 0 48 546 728 cost 0
111 148 0 48 182 364 cost 0
111 148 0 48 364 546 cost 0
111 129 48 72 0 91 cost 0
partitioning time: 0.550800 seconds
