hostname : cph-c53.uncc.edu
bounding: [1053872.965;1068485.726]x[860186.8419;879395.9741]x[3;730]
read 11056 observations
res: 50 50 1 bw: 2500 2500 14
box size: 294 x 386 x 728
nbparts: 64
max load allowed: 0.5167516967
max states: 6173952
mem: 0.5519943237 GB (this is an order of magnitude)
609078 states processed
solution: 0.5153604005 in 21 boxes.
naive: 8.268027147 speedup:16.04319451
sumload:8.278180076 overhead:1.001227975
160 224 192 224 0 728 cost 0.5153604005
96 160 0 128 0 728 cost 0.5055688449
224 294 224 288 0 728 cost 0.5017759495
0 96 192 386 0 728 cost 0.4981361069
224 294 160 224 0 728 cost 0.497808102
96 160 256 352 0 728 cost 0.4880915382
160 224 288 352 0 728 cost 0.4866512981
160 224 0 160 0 728 cost 0.4792267519
160 224 224 256 0 728 cost 0.4627882531
96 160 192 224 0 728 cost 0.4470625108
96 160 160 192 0 728 cost 0.4446273472
160 224 160 192 0 728 cost 0.4250970394
96 160 128 160 0 728 cost 0.4064132365
0 96 128 192 0 728 cost 0.4044654785
224 294 288 386 0 728 cost 0.3951864154
160 224 256 288 0 728 cost 0.3807644668
96 160 224 256 0 728 cost 0.3766671376
0 96 0 128 0 728 cost 0.2875519345
224 294 0 160 0 728 cost 0.1223051279
160 224 352 386 0 728 cost 0.1192847485
96 160 352 386 0 728 cost 0.0333473883
partitioning time: 353.674369 seconds
