hostname : cph-c78.uncc.edu
bounding: [-130;-65]x[20;50]x[5875;5958]
read 588189 observations
res: 0.01 0.01 1 bw: 0.5 0.5 3
box size: 6501 x 3001 x 84
nbparts: 256
solution: 2.857827792 in 260 boxes.
naive: 162.5264313 speedup:56.87061753
sumload:205.5479986 overhead:1.264705051
0 1625 2250 3001 42 63 cost 2.857827792
0 1625 750 1500 63 84 cost 2.816751148
3250 4062 750 1125 42 52 cost 2.681493442
0 1625 750 1500 21 42 cost 2.594080846
1625 3250 1500 2250 42 63 cost 2.557928962
4062 4875 1125 1500 42 52 cost 2.36888879
4062 4875 1875 2250 63 73 cost 2.295850796
4875 5688 1500 1875 52 63 cost 2.252549673
0 1625 1500 2250 21 42 cost 2.247490402
0 1625 1500 2250 63 84 cost 2.24014611
4062 4875 1125 1500 52 63 cost 2.229840455
3250 4875 2250 3001 21 42 cost 2.223903883
4062 4875 750 1125 42 52 cost 2.163882439
3250 4062 1125 1500 42 52 cost 2.157850912
4875 6501 750 1500 42 63 cost 2.141956322
3250 4062 750 1125 31 42 cost 2.13263122
3250 4062 1125 1500 31 42 cost 2.116809443
4875 5688 1500 1875 42 52 cost 2.038059456
4875 5688 1875 2250 10 21 cost 1.982430268
0 1625 2250 3001 63 84 cost 1.972037767
3250 4875 2250 3001 63 84 cost 1.890310146
4062 4875 1875 2250 21 31 cost 1.84848336
5281 5688 1875 2062 52 57 cost 1.842415598
4875 6501 0 750 42 63 cost 1.82282558
5281 5688 1875 2062 47 52 cost 1.82067202
4062 4875 1500 1875 42 52 cost 1.808852382
4062 4875 1500 1875 52 63 cost 1.80424553
4062 4875 1875 2250 73 84 cost 1.774704456
4875 5688 1500 1875 31 42 cost 1.756778904
5281 5688 1875 2062 36 42 cost 1.731851931
4062 4875 1125 1500 31 42 cost 1.706970103
4062 4875 750 1125 52 63 cost 1.67847987
4062 4875 750 1125 31 42 cost 1.638769298
3250 4062 750 1125 52 63 cost 1.623689006
4875 6501 2250 3001 42 63 cost 1.607908127
5281 5688 1875 2062 57 63 cost 1.590994913
812 1625 1500 1875 52 63 cost 1.576318879
1625 3250 1500 2250 21 42 cost 1.564924759
5281 5688 1875 2062 42 47 cost 1.51760064
812 1218 1312 1500 52 57 cost 1.502939569
812 1625 1500 1875 42 52 cost 1.490224376
4062 4875 1500 1875 31 42 cost 1.486147054
812 1218 1312 1500 47 52 cost 1.451378912
4875 5688 1875 2250 0 10 cost 1.430551639
1625 2437 1125 1500 31 42 cost 1.379652689
4062 4875 1125 1500 63 73 cost 1.365161811
1625 3250 750 1500 63 84 cost 1.361698854
1625 2437 1125 1500 42 52 cost 1.348723924
0 1625 750 1500 0 21 cost 1.345386821
2437 3250 750 1125 42 52 cost 1.340918182
812 1218 1312 1500 57 63 cost 1.326149116
1625 3250 750 1500 0 21 cost 1.318878183
0 1625 2250 3001 21 42 cost 1.318045553
0 1625 1500 2250 0 21 cost 1.274180915
4062 4875 1875 2250 10 21 cost 1.262851547
5281 5688 2062 2250 47 52 cost 1.260186184
4875 6501 750 1500 21 42 cost 1.252983464
4875 5688 1500 1875 63 73 cost 1.24515695
3250 4062 1500 1875 42 52 cost 1.241610954
5281 5688 1875 2062 31 36 cost 1.22421891
5281 5688 2062 2250 52 57 cost 1.209535664
1625 3250 1500 2250 63 84 cost 1.161195244
3250 4062 1125 1500 52 63 cost 1.152891347
3250 4062 1875 2250 42 52 cost 1.146062947
5281 5688 1875 2062 73 78 cost 1.139391343
5281 5688 2062 2250 36 42 cost 1.138635007
3250 4875 0 750 42 63 cost 1.137865596
4875 6501 2250 3001 21 42 cost 1.136997077
5281 5688 1875 2062 63 68 cost 1.136236049
4875 6501 0 750 21 42 cost 1.126248197
5281 5688 2062 2250 57 63 cost 1.119280328
2437 3250 750 1125 31 42 cost 1.116335019
4062 4875 1500 1875 63 73 cost 1.094629508
4875 5688 1500 1875 21 31 cost 1.055010313
5281 5688 2062 2250 42 47 cost 1.054324401
4062 4875 2250 2625 52 63 cost 1.044514508
5281 5688 1875 2062 78 84 cost 1.042169074
812 1218 1312 1500 42 47 cost 1.00385131
4875 6501 2250 3001 63 84 cost 0.98807219
3250 4062 750 1125 63 73 cost 0.9803375529
0 812 1500 1875 52 63 cost 0.9768008824
3250 4062 750 1125 21 31 cost 0.9758257757
3250 4062 1875 2250 31 42 cost 0.970685987
3250 4062 1500 1875 31 42 cost 0.9683046299
3250 4875 2250 3001 0 21 cost 0.9645029354
5281 5688 1875 2062 68 73 cost 0.9581581095
5688 6501 1875 2250 42 52 cost 0.951959737
5281 5688 2062 2250 73 78 cost 0.9446929261
3250 4062 1125 1500 21 31 cost 0.923960885
4062 4875 750 1125 63 73 cost 0.922652801
4875 5688 1500 1875 73 84 cost 0.8883779026
4062 4875 1875 2250 0 10 cost 0.8880858419
5281 5688 2062 2250 78 84 cost 0.8793315596
5281 5688 2062 2250 63 68 cost 0.8641804588
4062 4875 2250 2625 42 52 cost 0.8631063349
5281 5688 1875 2062 26 31 cost 0.85905359
4062 4875 1125 1500 21 31 cost 0.8582741538
3250 4062 750 1125 73 84 cost 0.8570872905
3250 4062 1500 1875 52 63 cost 0.8492951999
4062 4875 1500 1875 73 84 cost 0.8452734695
3250 4062 1875 2250 52 63 cost 0.8392322903
1625 2437 1125 1500 52 63 cost 0.8352667092
5688 6501 1875 2250 52 63 cost 0.8263252697
4062 4468 2062 2250 47 52 cost 0.8236913872
5281 5688 2062 2250 31 36 cost 0.8199413715
4875 6501 750 1500 63 84 cost 0.796471204
4062 4875 1500 1875 21 31 cost 0.7851629585
1218 1625 1312 1500 52 57 cost 0.7784298366
4062 4468 2062 2250 52 57 cost 0.7760097071
1218 1625 1312 1500 47 52 cost 0.7690786807
3250 4062 750 1125 10 21 cost 0.7687473086
5688 6501 1875 2250 31 42 cost 0.7684147276
0 812 1500 1875 42 52 cost 0.7600501626
4062 4875 1125 1500 73 84 cost 0.7590526125
1218 1625 1312 1500 57 63 cost 0.7471635406
5281 5688 2062 2250 68 73 cost 0.7447731021
4062 4468 2062 2250 57 63 cost 0.7268478695
4062 4875 750 1125 21 31 cost 0.7231253098
3250 4062 1125 1500 63 73 cost 0.714735264
3250 4875 0 750 21 42 cost 0.7107458713
1625 2437 1125 1500 21 31 cost 0.7081302867
4062 4468 2062 2250 42 47 cost 0.6963104446
4062 4468 2062 2250 36 42 cost 0.6855821672
2437 3250 1125 1500 42 52 cost 0.6732075066
5281 5688 1875 2062 21 26 cost 0.6655537138
0 1625 2250 3001 0 21 cost 0.6604900288
2437 3250 1125 1500 31 42 cost 0.6603733625
4468 4875 2062 2250 47 52 cost 0.6428802143
3250 4062 1125 1500 10 21 cost 0.6408557569
4875 5688 1500 1875 10 21 cost 0.6397270878
2437 3250 750 1125 52 63 cost 0.6216442575
4468 4875 2062 2250 52 57 cost 0.6216264336
5688 6501 1875 2250 63 73 cost 0.6134493561
3250 4062 1125 1500 73 84 cost 0.6033693165
3250 4062 2250 2625 42 52 cost 0.5981833775
4468 4875 2062 2250 57 63 cost 0.5978199381
1625 3250 1500 2250 0 21 cost 0.5908644118
5281 5688 2062 2250 26 31 cost 0.5873185403
5688 6501 1875 2250 73 84 cost 0.5797204553
4468 4875 1875 2062 47 52 cost 0.5672662276
1218 1625 1312 1500 42 47 cost 0.5569079445
4468 4875 1875 2062 52 57 cost 0.5566943286
4062 4875 1125 1500 10 21 cost 0.554142393
4468 4875 2062 2250 36 42 cost 0.548866399
3250 4062 2250 2625 52 63 cost 0.5415853683
4468 4875 2062 2250 42 47 cost 0.5332756134
4875 6501 0 750 63 84 cost 0.5279234202
4062 4875 1500 1875 10 21 cost 0.5272928988
4875 6501 2250 3001 0 21 cost 0.5066960123
4062 4468 2062 2250 31 36 cost 0.5039239314
4875 5281 1875 2062 47 52 cost 0.5008349261
4468 4875 1875 2062 57 63 cost 0.4880664911
4875 5281 1875 2062 52 57 cost 0.4846749478
3250 4062 1875 2250 21 31 cost 0.484131775
4062 4875 750 1125 73 84 cost 0.4840003117
3250 4062 750 1125 0 10 cost 0.476188588
4468 4875 1875 2062 42 47 cost 0.4742073673
4468 4875 1875 2062 36 42 cost 0.4733914851
4468 4875 2062 2250 31 36 cost 0.4633617947
5688 6501 1875 2250 21 31 cost 0.4600529835
3250 4062 1500 1875 21 31 cost 0.4462697105
4875 5281 1875 2062 36 42 cost 0.4446262094
3250 4062 1875 2250 63 73 cost 0.4434432648
5281 5688 2062 2250 21 26 cost 0.4416743998
3250 4062 1875 2250 73 84 cost 0.440289534
4062 4875 750 1125 10 21 cost 0.4305661819
4875 5281 1875 2062 42 47 cost 0.4288037257
3250 4062 1500 1875 63 73 cost 0.4260082078
2437 3250 750 1125 21 31 cost 0.4093924198
4875 5281 1875 2062 57 63 cost 0.4034080731
4875 5688 1500 1875 0 10 cost 0.3988962604
4062 4875 1125 1500 0 10 cost 0.3917710876
3250 4062 1125 1500 0 10 cost 0.3836296507
4875 6501 750 1500 0 21 cost 0.3796756555
1625 3250 0 750 42 63 cost 0.3785425887
4062 4875 1500 1875 0 10 cost 0.3647867115
4062 4468 1875 2062 47 52 cost 0.3615146326
4875 5281 1875 2062 31 36 cost 0.3597562061
4468 4875 1875 2062 31 36 cost 0.3564318934
4062 4468 1875 2062 36 42 cost 0.3476148898
812 1625 1875 2250 52 63 cost 0.3407007264
4062 4468 1875 2062 42 47 cost 0.3398240209
3250 4062 1875 2250 10 21 cost 0.3343828048
3250 4875 0 750 63 84 cost 0.3343661051
3250 4062 1500 1875 73 84 cost 0.3335091841
812 1625 1875 2250 42 52 cost 0.3224903012
3250 4062 1500 1875 10 21 cost 0.3147277864
4062 4468 1875 2062 52 57 cost 0.3124075275
5688 6501 1875 2250 10 21 cost 0.3109741756
2437 3250 1125 1500 52 63 cost 0.300221588
4875 6501 0 750 0 21 cost 0.2996280117
1218 1625 1125 1312 47 52 cost 0.2957087053
4875 5281 1875 2062 73 78 cost 0.2913893858
1218 1625 1125 1312 52 57 cost 0.2900009219
1625 3250 0 750 21 42 cost 0.2894070309
4875 5281 2062 2250 47 52 cost 0.2838243384
4062 4468 1875 2062 57 63 cost 0.2825124965
4875 5281 1875 2062 63 68 cost 0.2797984638
4875 5281 1875 2062 26 31 cost 0.2743986397
4062 4875 750 1125 0 10 cost 0.2688190581
4875 5281 2062 2250 36 42 cost 0.2666850418
2437 3250 1125 1500 21 31 cost 0.2583755509
4875 5281 2062 2250 52 57 cost 0.2582959635
4875 5281 1875 2062 68 73 cost 0.2547800633
4875 5281 2062 2250 31 36 cost 0.2527705164
4062 4468 1875 2062 31 36 cost 0.2499790125
1218 1625 1125 1312 57 63 cost 0.246213384
4875 5281 2062 2250 42 47 cost 0.2458536301
4875 5281 1875 2062 78 84 cost 0.23525457
5688 6501 1875 2250 0 10 cost 0.2341064961
1625 3250 2250 3001 42 63 cost 0.2275470876
3250 4062 1875 2250 0 10 cost 0.2224573693
3250 4062 1500 1875 0 10 cost 0.213336091
1218 1625 1125 1312 42 47 cost 0.2110980621
4875 5281 1875 2062 21 26 cost 0.2069649431
4875 5281 2062 2250 26 31 cost 0.199071082
4875 5281 2062 2250 57 63 cost 0.1979847148
3250 4875 0 750 0 21 cost 0.1734692709
4875 5281 2062 2250 73 78 cost 0.158960132
1625 3250 2250 3001 21 42 cost 0.1472700998
4875 5281 2062 2250 63 68 cost 0.1429440834
4875 5281 2062 2250 78 84 cost 0.1356789406
4875 5281 2062 2250 68 73 cost 0.1326975014
1625 3250 2250 3001 63 84 cost 0.1286737028
4875 5281 2062 2250 21 26 cost 0.1280235316
3250 4062 2625 3001 42 52 cost 0.1197688725
0 812 1875 2250 52 63 cost 0.1117327729
3250 4062 2625 3001 52 63 cost 0.1043256313
0 812 1875 2250 42 52 cost 0.1008376993
1625 3250 0 750 0 21 cost 0.0858890122
4062 4875 2625 3001 52 63 cost 0.0784838867
4062 4875 2625 3001 42 52 cost 0.0623227343
1625 3250 0 750 63 84 cost 0.0621515235
1625 3250 2250 3001 0 21 cost 0.0601757029
1625 2437 750 1125 42 52 cost 0.02637386
1625 2437 750 1125 31 42 cost 0.0225569624
0 812 1125 1500 52 63 cost 0.0187159787
0 812 1125 1500 42 52 cost 0.0132687383
1625 2437 750 1125 52 63 cost 0.0104131184
1625 2437 750 1125 21 31 cost 0.009164469
812 1218 1125 1312 52 57 cost 0.005983461
812 1218 1125 1312 47 52 cost 0.0054884798
812 1218 1125 1312 57 63 cost 0.0053719958
812 1218 1125 1312 42 47 cost 0.0043962358
812 1625 750 1125 42 52 cost 0.0007331547
812 1625 750 1125 52 63 cost 0.0004087059
0 1625 0 750 42 63 cost 0.0002795445
0 1625 0 750 63 84 cost 0.0002795445
0 1625 0 750 0 21 cost 0.000257097
0 1625 0 750 21 42 cost 0.0002470755
5688 6501 1500 1875 63 73 cost 0.0002075921
5688 6501 1500 1875 42 52 cost 0.0001799181
5688 6501 1500 1875 73 84 cost 0
5688 6501 1500 1875 10 21 cost 0
5688 6501 1500 1875 31 42 cost 0
0 812 750 1125 52 63 cost 0
5688 6501 1500 1875 0 10 cost 0
5688 6501 1500 1875 52 63 cost 0
5688 6501 1500 1875 21 31 cost 0
0 812 750 1125 42 52 cost 0
partitioning time: 29.716081 seconds
