hostname : cph-bm1.uncc.edu
bounding: [1053872.965;1068485.726]x[860186.8419;879395.9741]x[3;730]
read 11056 observations
res: 50 50 1 bw: 2500 2500 14
box size: 294 x 386 x 728
nbparts: 16
max states: 98783776
mem: 8.831957817 GB (this is an order of magnitude)
2566660 states processed
solution: 0.551029999 in 16 boxes.
naive: 8.268027147 speedup:15.00467699
sumload:8.34860273 overhead:1.009745442
0 160 224 386 96 320 cost 0.551029999
160 294 256 320 128 728 cost 0.5474272157
0 160 160 192 0 320 cost 0.5444321408
160 294 320 386 0 728 cost 0.541535083
160 294 128 192 0 160 cost 0.5394702066
0 294 0 128 96 728 cost 0.5340098531
160 294 256 320 0 128 cost 0.5319433206
0 160 128 160 0 320 cost 0.5288273767
160 192 192 256 0 728 cost 0.5230030063
192 294 192 224 0 728 cost 0.5219986243
0 160 192 224 0 320 cost 0.5161461678
0 160 224 386 0 96 cost 0.5024091602
0 294 0 128 0 96 cost 0.4980559099
192 294 224 256 0 728 cost 0.4928407898
160 294 128 192 160 728 cost 0.4878099285
0 160 128 386 320 728 cost 0.4876639475
partitioning time: 413.099051 seconds
