hostname : cph-c48.uncc.edu
bounding: [-130;-65]x[20;50]x[5875;5958]
read 588189 observations
res: 0.1 0.1 1 bw: 5 5 14
box size: 651 x 301 x 84
nbparts: 32
solution: 46.39236821 in 36 boxes.
naive: 430.2508241 speedup:9.274172472
sumload:499.1215982 overhead:1.160071219
0 325 150 301 42 84 cost 46.39236821
0 325 0 150 42 84 cost 35.97755101
488 651 150 225 42 63 cost 32.58491813
325 488 150 225 42 63 cost 30.59196901
325 488 75 150 42 63 cost 28.67569001
0 325 150 301 0 42 cost 28.47034106
0 325 0 150 0 42 cost 26.65333654
488 651 150 225 21 42 cost 24.33403684
325 488 150 225 21 42 cost 23.48728161
325 488 75 150 21 42 cost 22.49562956
488 651 150 225 63 84 cost 21.008965
325 488 150 225 63 84 cost 17.33650271
325 488 75 150 63 84 cost 13.85844181
488 651 225 301 42 63 cost 13.38436696
325 488 225 301 42 63 cost 12.0744416
488 651 225 301 21 42 cost 10.1504854
488 651 150 225 0 21 cost 9.943072559
488 651 75 150 42 63 cost 9.556091174
325 488 150 225 0 21 cost 9.347821631
325 488 225 301 21 42 cost 9.311401313
488 651 225 301 63 84 cost 8.900618968
325 488 75 150 0 21 cost 7.761274004
325 488 0 75 42 63 cost 7.537925116
325 488 225 301 63 84 cost 7.379775349
488 651 75 150 21 42 cost 6.950721402
325 488 0 75 21 42 cost 5.94184062
488 651 75 150 63 84 cost 4.904667387
488 651 225 301 0 21 cost 4.275561298
325 488 225 301 0 21 cost 3.966602319
488 651 0 75 42 63 cost 3.5317976
325 488 0 75 63 84 cost 3.217414904
488 651 0 75 21 42 cost 2.67398388
488 651 75 150 0 21 cost 2.364209776
325 488 0 75 0 21 cost 1.839567769
488 651 0 75 63 84 cost 1.478522854
488 651 0 75 0 21 cost 0.7624027905
partitioning time: 6.417403 seconds
