hostname : cph-c23.uncc.edu
bounding: [1053872.965;1068485.726]x[860186.8419;879395.9741]x[3;730]
read 11056 observations
res: 100 100 1 bw: 250 250 1
box size: 148 x 194 x 728
nbparts: 32
solution: 0.0014108951 in 36 boxes.
naive: 0.0102500115 speedup:7.264899779
sumload:0.0103108171 overhead:1.005932247
37 74 48 97 0 182 cost 0.0014108951
74 111 97 145 0 182 cost 0.0012341195
37 74 97 145 0 182 cost 0.0008834783
74 111 48 97 0 182 cost 0.0008641515
74 148 97 194 364 728 cost 0.0007116604
111 148 97 145 0 182 cost 0.0006201195
74 111 145 194 0 182 cost 0.000577099
74 111 97 145 182 364 cost 0.0005197606
37 74 48 97 182 364 cost 0.0003425575
74 111 48 97 182 364 cost 0.000323943
111 148 145 194 0 182 cost 0.0003171135
37 74 97 145 182 364 cost 0.000289801
74 148 0 97 364 728 cost 0.0002684637
111 148 97 145 182 364 cost 0.0002581791
0 74 0 97 364 728 cost 0.000249438
0 74 97 194 364 728 cost 0.0002084202
37 74 0 48 0 182 cost 0.0001959423
111 148 48 97 0 182 cost 0.0001768747
74 111 145 194 182 364 cost 0.0001662425
0 37 97 145 0 182 cost 0.0001644225
111 148 145 194 182 364 cost 0.0001133426
111 148 48 97 182 364 cost 0.0001031951
0 37 48 97 0 182 cost 6.74478e-05
37 74 145 194 0 182 cost 6.12921e-05
0 37 97 145 182 364 cost 5.17443e-05
74 111 0 48 0 182 cost 3.95041e-05
37 74 0 48 182 364 cost 3.78939e-05
37 74 145 194 182 364 cost 2.04111e-05
0 37 48 97 182 364 cost 1.96557e-05
74 111 0 48 182 364 cost 7.4526e-06
0 37 145 194 0 182 cost 5.5131e-06
0 37 145 194 182 364 cost 6.828e-07
111 148 0 48 182 364 cost 0
0 37 0 48 182 364 cost 0
111 148 0 48 0 182 cost 0
0 37 0 48 0 182 cost 0
partitioning time: 0.098792 seconds
