hostname : cph-c76.uncc.edu
bounding: [1053872.965;1068485.726]x[860186.8419;879395.9741]x[3;730]
read 11056 observations
res: 50 50 1 bw: 2500 2500 14
box size: 294 x 386 x 728
nbparts: 32
max load allowed: 0.7751275451
max states: 168416
mem: 0.01505756378 GB (this is an order of magnitude)
23422 states processed
solution: 0.7389119986 in 18 boxes.
naive: 8.268027147 speedup:11.18946121
sumload:8.288509479 overhead:1.002477294
128 192 192 256 0 256 cost 0.7389119986
192 256 192 256 0 512 cost 0.7321510476
64 128 128 192 0 728 cost 0.664136896
128 192 128 192 0 256 cost 0.6513532231
192 256 256 320 0 728 cost 0.5922341681
128 192 256 320 0 728 cost 0.5788529746
192 256 0 192 0 728 cost 0.5786954219
64 128 192 256 0 728 cost 0.5643914492
256 294 0 386 0 728 cost 0.5538812322
64 128 0 128 0 728 cost 0.4610812243
0 64 0 386 0 728 cost 0.4213535404
128 192 0 128 0 728 cost 0.3756178184
192 256 320 386 0 728 cost 0.320640415
64 128 256 386 0 728 cost 0.3026512124
128 192 192 256 256 728 cost 0.257811674
128 192 320 386 0 728 cost 0.2133518873
128 192 128 192 256 728 cost 0.2089000031
192 256 192 256 512 728 cost 0.0724932926
partitioning time: 6.428383 seconds
