hostname : cph-c17.uncc.edu
bounding: [1053872.965;1068485.726]x[860186.8419;879395.9741]x[3;730]
read 11056 observations
res: 50 50 1 bw: 2500 2500 14
box size: 294 x 386 x 728
nbparts: 16
solution: 1.290893077 in 22 boxes.
naive: 8.268027147 speedup:6.404889218
sumload:8.334373661 overhead:1.008024467
147 294 0 193 0 364 cost 1.290893077
0 147 193 386 0 364 cost 1.290517975
147 220 193 289 0 182 cost 0.9406857328
73 147 96 193 0 182 cost 0.8521599907
147 294 193 386 364 728 cost 0.5451931087
220 294 193 289 0 182 cost 0.5083945895
147 220 289 386 0 182 cost 0.4104436272
147 220 193 289 182 364 cost 0.3932513855
220 294 289 386 0 182 cost 0.2641788441
147 294 0 193 364 728 cost 0.2349000928
73 147 96 193 182 364 cost 0.2237040306
220 294 193 289 182 364 cost 0.2213297165
0 73 96 193 0 182 cost 0.2057599632
0 147 0 193 364 728 cost 0.1984854897
73 147 0 96 0 182 cost 0.1937913031
0 147 193 386 364 728 cost 0.1879486079
147 220 289 386 182 364 cost 0.1328597751
220 294 289 386 182 364 cost 0.0948272531
0 73 0 96 0 182 cost 0.0481137985
0 73 96 193 182 364 cost 0.0456574885
73 147 0 96 182 364 cost 0.0417364583
0 73 0 96 182 364 cost 0.0095413534
partitioning time: 0.060725 seconds
