hostname : cph-c77.uncc.edu
bounding: [1053872.965;1068485.726]x[860186.8419;879395.9741]x[3;730]
read 11056 observations
res: 50 50 1 bw: 2500 2500 14
box size: 294 x 386 x 728
nbparts: 256
solution: 0.1218711358 in 260 boxes.
naive: 8.268027147 speedup:67.84237378
sumload:8.644794323 overhead:1.045569175
147 183 241 289 0 91 cost 0.1218711358
73 110 96 144 0 91 cost 0.1104658111
220 294 96 193 182 364 cost 0.1094771243
183 220 193 241 91 182 cost 0.1093591659
110 147 144 193 91 182 cost 0.1084773904
110 147 193 241 91 182 cost 0.1067317181
183 220 144 193 0 91 cost 0.1054931868
147 220 193 289 546 728 cost 0.105248519
220 257 193 241 0 91 cost 0.1041749991
147 183 144 193 91 182 cost 0.1019534924
73 110 193 241 0 91 cost 0.1016724391
183 220 289 337 0 91 cost 0.0997945099
220 257 241 289 0 91 cost 0.0994162492
220 294 289 386 182 364 cost 0.0948272531
147 220 96 193 364 546 cost 0.0921734101
147 183 96 144 0 91 cost 0.0912778629
147 183 241 289 91 182 cost 0.0909249467
183 220 241 289 91 182 cost 0.0909195645
110 147 241 289 0 91 cost 0.0890982821
220 294 193 289 364 546 cost 0.0833161649
183 220 144 193 91 182 cost 0.0807719693
110 147 96 144 91 182 cost 0.0804145154
73 147 193 289 364 546 cost 0.0790220314
220 257 193 241 91 182 cost 0.0790164739
73 147 96 193 364 546 cost 0.0789782009
73 110 144 193 91 182 cost 0.0780207083
147 183 193 241 182 273 cost 0.0769394513
220 257 289 337 0 91 cost 0.0769019014
147 183 289 337 0 91 cost 0.075238145
183 220 193 241 182 273 cost 0.0734500767
147 220 96 193 546 728 cost 0.0709505601
110 147 241 289 91 182 cost 0.0698844188
73 110 193 241 91 182 cost 0.069420075
147 220 0 96 0 182 cost 0.0678667034
220 257 241 289 91 182 cost 0.0672330035
220 257 144 193 0 91 cost 0.0657435462
147 183 144 193 182 273 cost 0.0647314072
36 73 144 193 0 91 cost 0.0638401515
73 110 96 144 91 182 cost 0.0628016176
73 147 96 193 546 728 cost 0.0626011136
110 147 48 96 0 91 cost 0.0611866488
73 110 241 289 0 91 cost 0.0589617952
73 147 193 289 546 728 cost 0.0588916109
110 147 193 241 182 273 cost 0.0588452954
183 220 144 193 182 273 cost 0.0587413583
183 220 289 337 91 182 cost 0.0579488157
220 294 193 289 546 728 cost 0.0573078828
183 220 337 386 0 91 cost 0.0564233131
36 73 96 144 0 91 cost 0.0562380528
147 183 241 289 182 273 cost 0.0557208532
110 147 144 193 182 273 cost 0.0553911989
183 220 241 289 182 273 cost 0.0549645518
220 257 193 241 182 273 cost 0.0539929789
147 183 96 144 91 182 cost 0.0529561153
73 110 48 96 0 91 cost 0.0528616951
147 220 289 386 364 546 cost 0.0521321698
220 257 144 193 91 182 cost 0.0520959258
257 294 193 241 0 91 cost 0.0505842322
0 73 0 96 0 182 cost 0.0481137985
183 220 96 144 0 91 cost 0.0477260269
73 147 289 386 182 364 cost 0.047348446
36 73 193 241 0 91 cost 0.0469192958
147 183 289 337 91 182 cost 0.0464648544
147 220 289 386 546 728 cost 0.0463760447
257 294 241 289 0 91 cost 0.0457561879
0 73 96 193 182 364 cost 0.0456574885
220 257 337 386 0 91 cost 0.0454096156
220 257 289 337 91 182 cost 0.0432250265
110 147 289 337 0 91 cost 0.0429754629
73 110 241 289 91 182 cost 0.0419857545
110 147 241 289 182 273 cost 0.0419240145
73 147 0 96 182 364 cost 0.0417364583
36 73 144 193 91 182 cost 0.0416068731
257 294 193 241 91 182 cost 0.0410078857
0 73 193 289 182 364 cost 0.0409365446
147 183 193 241 273 364 cost 0.0404657272
220 257 241 289 182 273 cost 0.040420128
183 220 193 241 273 364 cost 0.0397408824
220 294 289 386 364 546 cost 0.0384702765
110 147 96 144 182 273 cost 0.0362955718
220 294 96 193 364 546 cost 0.0361796227
36 73 96 144 91 182 cost 0.0360627408
110 147 48 96 91 182 cost 0.0360588347
147 183 337 386 0 91 cost 0.0355602038
257 294 241 289 91 182 cost 0.0348529783
183 220 289 337 182 273 cost 0.0340325957
257 294 289 337 0 91 cost 0.0337296117
73 110 193 241 182 273 cost 0.0333011127
220 294 289 386 546 728 cost 0.0332960101
183 220 96 144 91 182 cost 0.0331815802
73 110 144 193 182 273 cost 0.0330465842
147 183 144 193 273 364 cost 0.0325968542
183 220 241 289 273 364 cost 0.0316076697
220 257 193 241 273 364 cost 0.0315682238
257 294 144 193 0 91 cost 0.031449394
110 147 193 241 273 364 cost 0.0305775403
128 147 168 193 45 91 cost 0.0304556895
36 73 193 241 91 182 cost 0.0300538607
147 183 96 144 182 273 cost 0.0296931326
73 110 48 96 91 182 cost 0.0296890142
183 220 337 386 91 182 cost 0.0296248596
110 147 289 337 91 182 cost 0.0295597078
147 183 241 289 273 364 cost 0.0295330323
128 147 144 168 45 91 cost 0.0292309393
110 147 144 193 273 364 cost 0.0292225679
0 73 289 386 0 182 cost 0.0288942262
183 220 144 193 273 364 cost 0.0285014673
147 165 168 193 45 91 cost 0.0282948581
147 165 193 217 45 91 cost 0.028094877
110 128 144 168 45 91 cost 0.0280440238
165 183 193 217 45 91 cost 0.0277878058
110 128 168 193 45 91 cost 0.0275513108
128 147 193 217 45 91 cost 0.0274792589
220 294 96 193 546 728 cost 0.0271507192
165 183 168 193 45 91 cost 0.0265603377
128 147 120 144 45 91 cost 0.0264173398
147 183 289 337 182 273 cost 0.0263145627
257 294 193 241 182 273 cost 0.0262358128
91 110 144 168 45 91 cost 0.0258374406
73 110 96 144 182 273 cost 0.0256787389
165 183 217 241 45 91 cost 0.0254920955
36 73 241 289 0 91 cost 0.0253126891
183 220 193 241 364 455 cost 0.0251966517
257 294 144 193 91 182 cost 0.0251404011
110 128 120 144 45 91 cost 0.0250623894
147 165 217 241 45 91 cost 0.0248921638
220 257 241 289 273 364 cost 0.0247340251
73 110 241 289 182 273 cost 0.0245889797
147 165 144 168 45 91 cost 0.0245025794
147 183 193 241 364 455 cost 0.024471272
91 110 168 193 45 91 cost 0.0244501179
183 201 193 217 45 91 cost 0.0241022618
110 128 193 217 45 91 cost 0.0238358798
128 147 217 241 45 91 cost 0.023465036
220 257 337 386 91 182 cost 0.0231918674
183 201 217 241 45 91 cost 0.0231662889
73 110 289 337 0 91 cost 0.022912247
201 220 193 217 45 91 cost 0.0221718689
201 220 217 241 45 91 cost 0.0221402122
201 220 241 265 45 91 cost 0.0214720189
165 183 144 168 45 91 cost 0.0214118802
183 201 241 265 45 91 cost 0.0213584442
110 147 241 289 273 364 cost 0.0209953557
110 128 217 241 45 91 cost 0.0206775196
257 294 289 337 91 182 cost 0.0206644999
201 220 265 289 45 91 cost 0.0205792238
183 220 96 144 182 273 cost 0.0205173211
257 294 241 289 182 273 cost 0.0200772102
183 220 289 337 273 364 cost 0.0198718186
183 201 265 289 45 91 cost 0.0197360317
128 147 96 120 45 91 cost 0.0195133142
147 183 337 386 91 182 cost 0.0193473761
73 91 144 168 45 91 cost 0.0191753932
73 110 144 193 273 364 cost 0.0191460047
110 128 96 120 45 91 cost 0.0191007627
183 220 241 289 364 455 cost 0.0184759162
73 110 193 241 273 364 cost 0.0183166405
110 147 96 144 273 364 cost 0.0180967472
257 294 337 386 0 91 cost 0.0180577379
220 257 96 144 0 91 cost 0.0176807581
128 147 144 168 0 45 cost 0.0176693244
128 147 168 193 0 45 cost 0.017647996
73 91 168 193 45 91 cost 0.0173579148
73 147 289 386 364 546 cost 0.0170167758
147 165 168 193 0 45 cost 0.0170150769
183 220 337 386 182 273 cost 0.0169638689
257 294 193 241 273 364 cost 0.0168829449
165 183 193 217 136 182 cost 0.0168807479
147 183 241 289 364 455 cost 0.0168646284
165 183 193 217 91 136 cost 0.0168531975
147 165 193 217 0 45 cost 0.0167709685
165 183 193 217 0 45 cost 0.016755719
147 165 193 217 91 136 cost 0.0166662513
128 147 120 144 0 45 cost 0.0166491071
110 128 144 168 0 45 cost 0.0165003663
147 165 193 217 136 182 cost 0.0163767384
165 183 168 193 0 45 cost 0.0162667987
147 220 0 96 182 364 cost 0.016240031
165 183 217 241 0 45 cost 0.0160821861
165 183 217 241 136 182 cost 0.0159825847
128 147 193 217 0 45 cost 0.0158852191
147 183 193 241 455 546 cost 0.015840191
110 128 120 144 0 45 cost 0.015793514
147 165 217 241 0 45 cost 0.0156914419
73 110 289 337 91 182 cost 0.0156813697
183 220 193 241 455 546 cost 0.0156512965
147 165 217 241 136 182 cost 0.0155695098
110 128 168 193 0 45 cost 0.0155085744
36 73 241 289 91 182 cost 0.0153899923
165 183 217 241 91 136 cost 0.0152501919
91 110 144 168 0 45 cost 0.015163736
147 165 144 168 0 45 cost 0.0151630624
147 165 217 241 91 136 cost 0.0149879677
147 183 289 337 273 364 cost 0.0149071186
0 73 96 193 546 728 cost 0.0148555985
0 73 96 193 364 546 cost 0.0148041961
128 147 217 241 0 45 cost 0.0147239089
147 183 96 144 273 364 cost 0.0146998342
183 201 193 217 0 45 cost 0.0146787729
110 147 337 386 0 91 cost 0.0146064249
183 201 217 241 0 45 cost 0.0145533848
201 220 217 241 0 45 cost 0.01410363
201 220 265 289 0 45 cost 0.013931738
201 220 241 265 0 45 cost 0.0137821961
220 257 96 144 91 182 cost 0.0137542738
183 201 241 265 0 45 cost 0.013710988
91 110 168 193 0 45 cost 0.0136354677
201 220 193 217 0 45 cost 0.0135858054
110 128 193 217 0 45 cost 0.013436365
183 201 265 289 0 45 cost 0.0134132378
165 183 144 168 0 45 cost 0.0132950053
128 147 96 120 0 45 cost 0.0130431678
257 294 241 289 273 364 cost 0.0129788693
73 147 0 96 364 546 cost 0.0129358399
110 128 96 120 0 45 cost 0.0128787784
110 128 217 241 0 45 cost 0.012817851
73 147 289 386 546 728 cost 0.0126977109
73 110 96 144 273 364 cost 0.0126664725
73 110 241 289 273 364 cost 0.0122697036
73 91 144 168 0 45 cost 0.0112705728
73 147 0 96 546 728 cost 0.0111797128
0 73 193 289 364 546 cost 0.0106855522
183 220 241 289 455 546 cost 0.0105814492
0 36 193 241 0 91 cost 0.0103713814
147 183 241 289 455 546 cost 0.0103311062
0 36 241 289 0 91 cost 0.010229116
257 294 337 386 91 182 cost 0.0097283772
147 183 337 386 182 273 cost 0.0095962598
73 91 168 193 0 45 cost 0.0095772991
0 73 0 96 182 364 cost 0.0095413534
0 73 289 386 182 364 cost 0.0094590278
183 220 96 144 273 364 cost 0.009455955
183 220 337 386 273 364 cost 0.0094139696
0 73 193 289 546 728 cost 0.0091134723
110 147 337 386 91 182 cost 0.0086322469
110 147 0 48 0 91 cost 0.0073298054
0 36 144 193 0 91 cost 0.0072464529
0 36 193 241 91 182 cost 0.0068628866
0 36 241 289 91 182 cost 0.0064692548
73 110 0 48 0 91 cost 0.0061446345
147 220 0 96 364 546 cost 0.0060379014
147 183 337 386 273 364 cost 0.0056515306
147 220 0 96 546 728 cost 0.0056096537
0 36 144 193 91 182 cost 0.0052621956
257 294 96 144 0 91 cost 0.00512004
257 294 96 144 91 182 cost 0.0043872407
110 147 0 48 91 182 cost 0.0034134115
0 73 0 96 364 546 cost 0.0031783827
0 73 0 96 546 728 cost 0.002947332
73 110 337 386 0 91 cost 0.0026892193
73 110 0 48 91 182 cost 0.0024947736
0 73 289 386 364 546 cost 0.0019609939
73 110 337 386 91 182 cost 0.0018859643
0 36 96 144 0 91 cost 0.0018538217
0 36 96 144 91 182 cost 0.0012887653
0 73 289 386 546 728 cost 0.0010428437
220 294 0 96 0 182 cost 0.0003464805
220 294 0 96 546 728 cost 0.0001028288
220 294 0 96 182 364 cost 7.13848e-05
220 294 0 96 364 546 cost 2.97443e-05
partitioning time: 0.753835 seconds
