hostname : cph-c35.uncc.edu
bounding: [-130;-65]x[20;50]x[5875;5958]
read 588189 observations
res: 0.01 0.01 1 bw: 0.5 0.5 3
box size: 6501 x 3001 x 84
nbparts: 32
max states: 300128
mem: 0.02683353424 GB (this is an order of magnitude)
715374 states processed
solution: 14.63518512 in 18 boxes.
naive: 162.5264313 speedup:11.10518453
sumload:162.5308891 overhead:1.000027428
3840 4608 256 1792 0 84 cost 14.63518512
5376 5632 1792 3001 0 84 cost 14.46490358
3072 3840 0 1280 0 84 cost 14.20561256
4608 5632 1024 1792 0 84 cost 13.85355165
4352 4864 1792 3001 0 84 cost 13.37229266
3072 3840 1280 3001 0 84 cost 12.42268044
4864 5376 1792 3001 0 84 cost 12.25079082
0 1536 768 1536 0 84 cost 12.23935361
0 2048 1536 2304 0 84 cost 10.84774796
3840 4352 1792 3001 0 84 cost 9.911237182
4608 5632 256 1024 0 84 cost 9.513320046
5632 6400 0 3001 0 84 cost 8.659483806
0 2048 2304 3001 0 84 cost 6.305780279
2048 3072 0 3001 0 84 cost 5.677163017
1536 2048 768 1536 0 84 cost 4.169766207
0 2048 0 768 0 84 cost 0.001375275
6400 6501 0 3001 0 84 cost 0.000365371
3840 5632 0 256 0 84 cost 0.0002795445
partitioning time: 5385.189602 seconds
