hostname : cph-c28.uncc.edu
bounding: [1053872.965;1068485.726]x[860186.8419;879395.9741]x[3;730]
read 11056 observations
res: 100 100 1 bw: 500 500 7
box size: 148 x 194 x 728
nbparts: 1024
solution: 0.0002184798 in 1030 boxes.
naive: 0.0609225435 speedup:278.8474884
sumload:0.0678332781 overhead:1.113434768
129 148 72 97 182 273 cost 0.0002184798
74 83 72 84 45 91 cost 0.0002181306
46 55 72 84 45 91 cost 0.0002177875
74 92 97 121 364 455 cost 0.0002166422
83 92 109 121 45 91 cost 0.000214739
55 64 121 133 45 91 cost 0.0002139354
83 92 97 109 45 91 cost 0.0002138757
92 101 97 109 45 91 cost 0.0002133819
37 46 60 72 0 45 cost 0.000206617
92 111 97 121 455 546 cost 0.0002060283
64 74 97 109 45 91 cost 0.0002054584
46 55 48 60 0 45 cost 0.0002054481
37 46 60 72 91 136 cost 0.0002052268
92 101 121 133 45 91 cost 0.0002044431
64 74 84 97 0 45 cost 0.000203325
64 74 109 121 45 91 cost 0.000201899
111 129 72 97 182 273 cost 0.0001988775
74 92 121 145 273 364 cost 0.0001964705
55 64 84 97 45 91 cost 0.000196191
37 55 121 145 91 182 cost 0.0001961333
64 74 84 97 91 136 cost 0.0001956883
83 92 97 109 136 182 cost 0.0001930552
111 129 72 97 91 182 cost 0.0001925967
92 101 109 121 136 182 cost 0.0001867552
101 111 157 169 0 45 cost 0.0001852624
101 111 157 169 45 91 cost 0.000184333
101 111 169 181 0 45 cost 0.0001839801
46 55 60 72 91 136 cost 0.0001833975
92 101 72 84 45 91 cost 0.000183282
55 64 121 133 0 45 cost 0.0001817612
83 92 109 121 136 182 cost 0.0001809626
37 46 48 60 45 91 cost 0.0001808811
111 129 72 97 0 91 cost 0.0001800754
55 64 121 133 136 182 cost 0.0001800723
74 92 169 194 0 91 cost 0.0001795647
55 74 97 121 273 364 cost 0.0001787007
55 74 72 97 364 455 cost 0.0001779795
111 129 97 121 364 455 cost 0.000177172
111 120 121 133 45 91 cost 0.0001769157
37 55 48 72 273 364 cost 0.0001757072
111 129 145 169 273 364 cost 0.0001752336
101 111 109 121 0 45 cost 0.0001739485
64 74 60 72 45 91 cost 0.0001728206
83 92 121 133 45 91 cost 0.000171388
64 74 121 133 91 136 cost 0.0001705469
74 83 109 121 45 91 cost 0.0001700478
74 92 72 97 364 455 cost 0.0001699476
27 37 84 97 45 91 cost 0.0001698753
55 74 121 145 364 455 cost 0.0001694295
74 92 72 97 546 637 cost 0.0001682283
55 64 48 60 45 91 cost 0.0001681659
83 92 72 84 0 45 cost 0.000167894
111 129 97 121 273 364 cost 0.0001678703
37 46 72 84 45 91 cost 0.000166862
46 55 48 60 91 136 cost 0.0001665395
111 120 145 157 45 91 cost 0.0001659046
92 111 145 169 273 364 cost 0.0001658652
18 37 72 97 91 182 cost 0.0001641604
64 74 121 133 0 45 cost 0.0001629574
92 101 145 157 45 91 cost 0.0001627502
74 83 97 109 136 182 cost 0.000161986
55 64 121 133 91 136 cost 0.0001618524
46 55 97 109 45 91 cost 0.0001614051
92 111 72 97 455 546 cost 0.0001612695
92 101 72 84 0 45 cost 0.0001607663
101 111 145 157 45 91 cost 0.0001601492
37 46 84 97 91 136 cost 0.0001596355
37 46 97 109 91 136 cost 0.0001579631
55 74 145 169 0 91 cost 0.0001568589
37 55 72 97 273 364 cost 0.0001567401
92 111 72 97 546 637 cost 0.0001562986
55 64 109 121 45 91 cost 0.0001558934
101 111 84 97 45 91 cost 0.0001547395
92 101 109 121 91 136 cost 0.0001539104
64 74 121 133 136 182 cost 0.0001539061
64 74 72 84 91 136 cost 0.0001538104
92 101 109 121 0 45 cost 0.000151813
74 92 48 72 182 273 cost 0.0001515253
55 74 72 97 546 637 cost 0.0001512539
64 74 72 84 0 45 cost 0.0001511162
92 101 97 109 0 45 cost 0.0001509921
74 83 97 109 91 136 cost 0.0001509601
64 74 48 60 45 91 cost 0.0001501077
111 148 48 97 364 546 cost 0.0001498037
64 74 97 109 0 45 cost 0.000149698
101 111 169 181 45 91 cost 0.0001491867
92 101 84 97 0 45 cost 0.0001489744
120 129 145 157 45 91 cost 0.0001488452
101 111 84 97 91 136 cost 0.0001485354
83 92 97 109 182 227 cost 0.0001485014
92 101 121 133 0 45 cost 0.00014739
74 92 145 169 182 273 cost 0.0001470019
55 64 48 60 0 45 cost 0.0001469654
18 37 97 121 0 91 cost 0.0001468971
111 129 121 145 364 455 cost 0.0001468883
74 92 24 48 0 91 cost 0.0001457699
129 138 84 97 45 91 cost 0.0001446448
64 74 133 145 45 91 cost 0.0001445124
46 55 36 48 45 91 cost 0.0001444679
18 37 121 145 182 273 cost 0.000143734
92 111 169 194 182 273 cost 0.0001424015
64 74 109 121 136 182 cost 0.0001422414
92 111 72 97 364 455 cost 0.0001415736
111 120 109 121 45 91 cost 0.0001414955
83 92 145 157 45 91 cost 0.0001411017
74 92 97 121 546 637 cost 0.0001402644
83 92 72 84 136 182 cost 0.0001401911
37 46 48 60 91 136 cost 0.0001396755
83 92 97 109 91 136 cost 0.0001396686
74 83 121 133 136 182 cost 0.0001396378
101 111 121 133 91 136 cost 0.0001389731
46 55 84 97 45 91 cost 0.0001386612
37 55 97 121 182 273 cost 0.0001380935
92 101 84 97 91 136 cost 0.0001373378
101 111 121 133 136 182 cost 0.0001370746
111 120 169 181 45 91 cost 0.0001367687
74 83 84 97 91 136 cost 0.0001360203
64 74 48 60 0 45 cost 0.0001356045
111 120 121 133 0 45 cost 0.0001356019
64 74 84 97 136 182 cost 0.0001352968
55 74 24 48 91 182 cost 0.0001351027
83 92 84 97 136 182 cost 0.0001350584
129 148 72 97 273 364 cost 0.0001348996
111 148 48 97 546 728 cost 0.0001342606
74 83 72 84 0 45 cost 0.0001342078
55 74 97 121 364 455 cost 0.0001336528
0 37 48 97 182 364 cost 0.0001335432
83 92 72 84 182 227 cost 0.0001333576
55 64 84 97 0 45 cost 0.0001330641
120 129 133 145 45 91 cost 0.0001324245
74 83 121 133 45 91 cost 0.0001313219
92 111 97 121 637 728 cost 0.0001310597
129 138 97 109 45 91 cost 0.0001308545
37 46 48 60 0 45 cost 0.0001307564
55 64 97 109 45 91 cost 0.0001302863
74 83 97 109 0 45 cost 0.0001298186
46 55 36 48 0 45 cost 0.0001297129
37 46 97 109 0 45 cost 0.0001288076
120 129 97 109 45 91 cost 0.0001287381
74 83 48 60 91 136 cost 0.0001284779
138 148 97 109 45 91 cost 0.0001283004
111 129 169 194 182 273 cost 0.0001280626
101 111 84 97 136 182 cost 0.0001272036
64 74 97 109 136 182 cost 0.0001271816
46 55 60 72 136 182 cost 0.0001271417
37 74 145 194 182 364 cost 0.0001264305
101 111 109 121 136 182 cost 0.0001252031
83 92 84 97 0 45 cost 0.0001251928
64 74 97 109 91 136 cost 0.0001250112
37 55 121 145 182 273 cost 0.0001248039
46 55 72 84 91 136 cost 0.0001247926
55 64 60 72 0 45 cost 0.000124718
46 55 48 60 136 182 cost 0.0001246509
92 101 72 84 91 136 cost 0.0001242821
74 83 109 121 136 182 cost 0.000124155
111 120 169 181 0 45 cost 0.0001239965
101 111 109 121 91 136 cost 0.0001237719
111 120 133 145 45 91 cost 0.0001223063
55 74 72 97 455 546 cost 0.0001211602
92 101 97 109 136 182 cost 0.0001206987
129 138 109 121 45 91 cost 0.000120609
74 83 48 60 45 91 cost 0.0001200294
101 111 84 97 227 273 cost 0.0001200285
83 92 121 133 136 182 cost 0.0001191054
101 111 84 97 182 227 cost 0.0001188672
37 46 36 48 45 91 cost 0.0001182622
55 64 84 97 91 136 cost 0.0001175295
129 148 97 121 364 455 cost 0.000117505
74 83 84 97 0 45 cost 0.0001171253
120 129 109 121 45 91 cost 0.0001170176
101 111 97 109 45 91 cost 0.0001164897
64 74 109 121 0 45 cost 0.0001159825
55 74 48 72 273 364 cost 0.0001159004
37 46 60 72 136 182 cost 0.0001153983
83 92 72 84 91 136 cost 0.0001151184
92 101 72 84 136 182 cost 0.0001147502
27 37 133 145 45 91 cost 0.0001138021
64 74 109 121 182 227 cost 0.0001126467
46 55 97 109 0 45 cost 0.0001119445
83 92 97 109 0 45 cost 0.0001116952
92 111 48 72 0 91 cost 0.0001108958
92 111 121 145 364 455 cost 0.0001107711
101 111 145 157 0 45 cost 0.0001103357
74 92 48 72 273 364 cost 0.0001102074
74 92 72 97 455 546 cost 0.0001099606
92 101 97 109 91 136 cost 0.0001095948
111 120 145 157 0 45 cost 0.0001092517
83 92 84 97 91 136 cost 0.0001091629
74 83 84 97 136 182 cost 0.0001088145
111 129 72 97 273 364 cost 0.0001085091
111 120 133 145 0 45 cost 0.0001083587
55 64 72 84 91 136 cost 0.0001083163
74 83 133 145 45 91 cost 0.0001082826
37 55 48 72 364 455 cost 0.0001082451
92 101 157 169 45 91 cost 0.0001080673
83 92 109 121 91 136 cost 0.0001078215
74 83 60 72 45 91 cost 0.0001075744
92 101 121 133 91 136 cost 0.0001075681
37 55 48 72 546 637 cost 0.0001069231
83 92 157 169 45 91 cost 0.0001068865
18 37 97 121 91 182 cost 0.0001068426
111 120 121 133 91 136 cost 0.0001064784
101 111 109 121 182 227 cost 0.0001063238
74 92 97 121 637 728 cost 0.000106246
92 101 109 121 182 227 cost 0.0001062206
55 64 109 121 136 182 cost 0.0001060261
111 129 145 169 364 455 cost 0.0001050429
74 83 97 109 227 273 cost 0.0001043856
138 148 84 97 45 91 cost 0.0001042813
83 92 133 145 45 91 cost 0.0001037682
64 74 84 97 227 273 cost 0.0001026917
74 83 109 121 0 45 cost 0.0001026367
83 92 97 109 227 273 cost 0.000102315
64 74 60 72 0 45 cost 0.0001021898
55 74 121 145 546 637 cost 0.0001021762
111 120 121 133 136 182 cost 0.0001014583
55 64 109 121 0 45 cost 0.0001012919
37 55 48 72 455 546 cost 0.0001011933
92 101 84 97 136 182 cost 0.0001009813
101 111 84 97 0 45 cost 0.000100539
55 74 121 145 455 546 cost 0.0001004931
37 46 84 97 0 45 cost 0.0001004324
111 129 97 121 546 637 cost 0.0001003891
55 74 145 169 91 182 cost 0.0001001536
111 120 157 169 45 91 cost 0.0001000724
101 111 97 109 136 182 cost 9.93826e-05
46 55 72 84 0 45 cost 9.87523e-05
64 74 121 133 182 227 cost 9.87006e-05
92 111 121 145 546 637 cost 9.84745e-05
101 111 97 109 227 273 cost 9.81792e-05
46 55 84 97 91 136 cost 9.73535e-05
83 92 121 133 91 136 cost 9.71474e-05
64 74 72 84 227 273 cost 9.69624e-05
83 92 121 133 0 45 cost 9.69046e-05
74 83 109 121 91 136 cost 9.67783e-05
46 55 84 97 0 45 cost 9.62541e-05
111 120 181 194 45 91 cost 9.5409e-05
74 83 72 84 91 136 cost 9.49373e-05
64 74 121 133 227 273 cost 9.43878e-05
111 120 157 169 0 45 cost 9.42202e-05
92 101 145 157 0 45 cost 9.39582e-05
37 46 36 48 0 45 cost 9.39225e-05
55 64 72 84 0 45 cost 9.3844e-05
74 83 97 109 182 227 cost 9.32955e-05
37 46 72 84 91 136 cost 9.32064e-05
55 74 97 121 546 637 cost 9.29173e-05
64 74 109 121 91 136 cost 9.24955e-05
64 74 133 145 91 136 cost 9.23361e-05
55 64 84 97 136 182 cost 9.18521e-05
92 101 72 84 182 227 cost 9.18109e-05
46 55 97 109 91 136 cost 9.17073e-05
120 129 145 157 0 45 cost 9.15172e-05
55 64 60 72 91 136 cost 9.12965e-05
83 92 60 72 45 91 cost 9.05179e-05
74 92 97 121 455 546 cost 9.02891e-05
111 120 109 121 91 136 cost 8.97589e-05
111 129 97 121 455 546 cost 8.96863e-05
101 111 97 109 0 45 cost 8.92632e-05
92 111 145 169 637 728 cost 8.92067e-05
92 101 109 121 227 273 cost 8.90972e-05
64 74 109 121 227 273 cost 8.88617e-05
74 92 24 48 91 182 cost 8.87581e-05
101 111 109 121 227 273 cost 8.86222e-05
92 111 72 97 637 728 cost 8.83502e-05
111 120 169 181 91 136 cost 8.80247e-05
92 101 84 97 182 227 cost 8.79094e-05
83 92 109 121 182 227 cost 8.78521e-05
83 92 84 97 182 227 cost 8.78243e-05
74 92 145 169 273 364 cost 8.77298e-05
111 129 145 169 546 637 cost 8.75495e-05
83 92 145 157 0 45 cost 8.72419e-05
92 111 121 145 637 728 cost 8.72146e-05
74 92 121 145 364 455 cost 8.68983e-05
46 55 36 48 91 136 cost 8.68526e-05
120 129 133 145 136 182 cost 8.68475e-05
92 101 97 109 227 273 cost 8.6739e-05
120 129 157 169 45 91 cost 8.67265e-05
138 148 97 109 91 136 cost 8.66326e-05
129 138 84 97 91 136 cost 8.65964e-05
55 74 97 121 637 728 cost 8.6533e-05
129 138 109 121 91 136 cost 8.64798e-05
55 64 36 48 45 91 cost 8.64171e-05
55 64 109 121 91 136 cost 8.61067e-05
92 111 145 169 364 455 cost 8.57505e-05
92 101 121 133 136 182 cost 8.54977e-05
37 55 24 48 182 273 cost 8.54146e-05
55 64 121 133 227 273 cost 8.5071e-05
83 92 109 121 0 45 cost 8.49512e-05
111 120 145 157 91 136 cost 8.46639e-05
37 46 48 60 136 182 cost 8.46187e-05
120 129 97 109 0 45 cost 8.45956e-05
101 111 133 145 45 91 cost 8.43487e-05
138 148 109 121 136 182 cost 8.33199e-05
101 111 72 84 45 91 cost 8.32921e-05
92 101 133 145 45 91 cost 8.3126e-05
55 64 121 133 182 227 cost 8.30823e-05
37 55 97 121 273 364 cost 8.26152e-05
92 101 97 109 182 227 cost 8.21177e-05
120 129 133 145 0 45 cost 8.20764e-05
92 101 72 84 227 273 cost 8.2031e-05
74 83 72 84 182 227 cost 8.16034e-05
64 74 133 145 0 45 cost 8.13686e-05
111 120 133 145 136 182 cost 8.11776e-05
111 129 169 194 273 364 cost 8.11573e-05
138 148 109 121 91 136 cost 8.10233e-05
74 83 48 60 136 182 cost 8.10034e-05
83 92 72 84 227 273 cost 8.08557e-05
27 37 121 133 45 91 cost 8.07399e-05
74 92 169 194 91 182 cost 8.0593e-05
74 83 121 133 91 136 cost 8.03157e-05
120 129 109 121 91 136 cost 8.0245e-05
101 111 72 84 91 136 cost 8.02126e-05
55 64 97 109 0 45 cost 8.01814e-05
74 83 48 60 0 45 cost 8.00268e-05
83 92 157 169 0 45 cost 7.95136e-05
74 83 121 133 182 227 cost 7.93725e-05
101 111 121 133 182 227 cost 7.92605e-05
55 74 169 194 0 91 cost 7.91564e-05
111 120 109 121 0 45 cost 7.91144e-05
101 111 181 194 45 91 cost 7.90242e-05
37 55 72 97 364 455 cost 7.89996e-05
18 37 121 145 273 364 cost 7.87901e-05
74 83 72 84 136 182 cost 7.8466e-05
92 101 84 97 227 273 cost 7.81982e-05
120 129 145 157 91 136 cost 7.78477e-05
101 111 97 109 91 136 cost 7.76279e-05
46 55 121 133 45 91 cost 7.72835e-05
129 138 109 121 136 182 cost 7.72596e-05
120 129 133 145 91 136 cost 7.70373e-05
74 83 157 169 45 91 cost 7.69096e-05
27 37 133 145 0 45 cost 7.68815e-05
129 138 97 109 91 136 cost 7.6677e-05
101 111 157 169 91 136 cost 7.64762e-05
74 92 121 145 546 637 cost 7.63267e-05
37 55 72 97 546 637 cost 7.62332e-05
37 46 84 97 136 182 cost 7.60913e-05
74 83 121 133 0 45 cost 7.54859e-05
64 74 133 145 227 273 cost 7.54112e-05
83 92 157 169 91 136 cost 7.52578e-05
101 111 97 109 182 227 cost 7.52117e-05
55 74 72 97 637 728 cost 7.51135e-05
129 138 97 109 0 45 cost 7.49105e-05
92 101 145 157 91 136 cost 7.44232e-05
74 92 145 169 364 455 cost 7.4139e-05
83 92 109 121 227 273 cost 7.40856e-05
55 64 72 84 136 182 cost 7.39522e-05
74 83 60 72 91 136 cost 7.38827e-05
27 37 133 145 91 136 cost 7.33372e-05
111 120 121 133 182 227 cost 7.3331e-05
74 83 145 157 45 91 cost 7.31522e-05
37 46 72 84 0 45 cost 7.30845e-05
74 83 109 121 182 227 cost 7.27759e-05
55 64 84 97 227 273 cost 7.22318e-05
55 64 48 60 91 136 cost 7.21857e-05
101 111 84 97 273 318 cost 7.19251e-05
101 111 169 181 91 136 cost 7.10265e-05
111 120 109 121 136 182 cost 7.10005e-05
111 120 97 109 45 91 cost 7.09895e-05
111 120 145 157 227 273 cost 7.09681e-05
83 92 48 60 45 91 cost 7.09395e-05
46 55 109 121 45 91 cost 7.08989e-05
92 111 169 194 546 637 cost 7.05331e-05
111 129 145 169 455 546 cost 7.04228e-05
37 46 36 48 91 136 cost 7.04007e-05
111 120 97 109 136 182 cost 6.99674e-05
64 74 60 72 91 136 cost 6.97883e-05
92 111 121 145 455 546 cost 6.95751e-05
120 129 145 157 227 273 cost 6.95735e-05
92 101 84 97 273 318 cost 6.92949e-05
120 129 97 109 91 136 cost 6.89879e-05
138 148 109 121 45 91 cost 6.89466e-05
64 74 84 97 273 318 cost 6.86925e-05
74 83 109 121 227 273 cost 6.86857e-05
74 92 72 97 637 728 cost 6.83201e-05
0 37 48 97 546 728 cost 6.82711e-05
37 46 121 133 45 91 cost 6.81334e-05
64 74 72 84 136 182 cost 6.79874e-05
74 83 84 97 182 227 cost 6.79168e-05
129 138 72 84 45 91 cost 6.76358e-05
41 46 60 66 45 68 cost 6.74388e-05
0 18 121 145 0 91 cost 6.74388e-05
37 74 0 48 546 728 cost 6.733e-05
55 64 133 145 45 91 cost 6.70276e-05
92 101 157 169 91 136 cost 6.6882e-05
92 111 169 194 455 546 cost 6.68068e-05
27 37 84 97 0 45 cost 6.66795e-05
55 64 97 109 91 136 cost 6.6666e-05
120 129 121 133 45 91 cost 6.65006e-05
92 101 169 181 45 91 cost 6.64914e-05
101 111 133 145 0 45 cost 6.64758e-05
101 111 72 84 0 45 cost 6.64564e-05
83 92 97 109 273 318 cost 6.64e-05
101 111 145 157 91 136 cost 6.63128e-05
101 111 157 169 227 273 cost 6.60502e-05
92 101 157 169 0 45 cost 6.5969e-05
74 92 48 72 364 455 cost 6.58579e-05
46 55 48 60 182 227 cost 6.58215e-05
37 55 97 121 364 455 cost 6.55118e-05
37 46 97 109 136 182 cost 6.5461e-05
74 83 84 97 227 273 cost 6.51341e-05
64 74 48 60 91 136 cost 6.51164e-05
101 111 157 169 182 227 cost 6.48731e-05
111 129 121 145 546 637 cost 6.47988e-05
92 111 145 169 546 637 cost 6.46623e-05
55 74 97 121 455 546 cost 6.45927e-05
101 111 72 84 136 182 cost 6.45373e-05
92 101 133 145 0 45 cost 6.4125e-05
111 129 145 169 637 728 cost 6.3574e-05
92 101 145 157 136 182 cost 6.33169e-05
138 148 84 97 91 136 cost 6.30246e-05
50 55 60 66 45 68 cost 6.30168e-05
64 74 97 109 182 227 cost 6.29596e-05
74 92 121 145 455 546 cost 6.2892e-05
111 120 109 121 182 227 cost 6.2759e-05
74 83 97 109 318 364 cost 6.25242e-05
101 111 145 157 136 182 cost 6.21688e-05
92 111 169 194 364 455 cost 6.20997e-05
92 101 109 121 273 318 cost 6.20003e-05
74 83 72 84 227 273 cost 6.18908e-05
92 101 121 133 227 273 cost 6.18243e-05
129 138 109 121 0 45 cost 6.18074e-05
83 92 145 157 91 136 cost 6.1694e-05
46 55 48 60 227 273 cost 6.14683e-05
92 111 145 169 455 546 cost 6.12993e-05
111 120 181 194 0 45 cost 6.12385e-05
55 74 0 24 0 91 cost 6.1068e-05
111 120 145 157 136 182 cost 6.08621e-05
83 92 133 145 0 45 cost 6.08212e-05
120 129 109 121 136 182 cost 6.0789e-05
111 120 157 169 91 136 cost 6.07316e-05
74 83 121 133 227 273 cost 6.07174e-05
46 55 60 72 227 273 cost 6.05592e-05
83 92 48 60 91 136 cost 6.04123e-05
55 64 133 145 0 45 cost 6.02781e-05
46 50 60 66 45 68 cost 6.02079e-05
41 46 97 103 68 91 cost 5.99222e-05
129 148 97 121 546 637 cost 5.98435e-05
74 83 60 72 0 45 cost 5.96529e-05
37 55 97 121 546 637 cost 5.92255e-05
37 74 0 48 364 546 cost 5.9144e-05
83 92 133 145 136 182 cost 5.90783e-05
74 83 97 109 273 318 cost 5.88811e-05
46 50 60 66 22 45 cost 5.88377e-05
111 120 97 109 227 273 cost 5.87268e-05
37 55 48 72 637 728 cost 5.85895e-05
92 111 169 194 637 728 cost 5.83939e-05
41 46 66 72 45 68 cost 5.83662e-05
46 55 121 133 0 45 cost 5.83636e-05
101 111 157 169 136 182 cost 5.83251e-05
64 74 97 109 227 273 cost 5.81531e-05
46 55 109 121 0 45 cost 5.80594e-05
55 64 72 84 227 273 cost 5.80519e-05
111 129 97 121 637 728 cost 5.80328e-05
64 69 90 97 45 68 cost 5.7876e-05
101 111 181 194 0 45 cost 5.78387e-05
64 74 84 97 182 227 cost 5.76374e-05
129 138 109 121 227 273 cost 5.73831e-05
55 74 48 72 364 455 cost 5.72372e-05
111 120 97 109 182 227 cost 5.70471e-05
46 55 72 84 136 182 cost 5.69075e-05
46 55 36 48 136 182 cost 5.68996e-05
55 74 169 194 91 182 cost 5.67976e-05
74 92 48 72 546 637 cost 5.6731e-05
55 64 48 60 136 182 cost 5.66335e-05
120 129 145 157 136 182 cost 5.6321e-05
55 64 121 133 273 318 cost 5.62099e-05
55 64 97 109 136 182 cost 5.61968e-05
37 55 121 145 364 455 cost 5.61527e-05
129 138 97 109 136 182 cost 5.60755e-05
92 111 169 194 273 364 cost 5.604e-05
83 92 133 145 91 136 cost 5.5909e-05
50 55 60 66 22 45 cost 5.57113e-05
129 148 97 121 455 546 cost 5.57019e-05
101 111 169 181 136 182 cost 5.56908e-05
37 41 97 103 68 91 cost 5.56886e-05
120 129 97 109 227 273 cost 5.54946e-05
83 92 60 72 0 45 cost 5.54455e-05
74 92 48 72 455 546 cost 5.52536e-05
37 41 90 97 68 91 cost 5.52462e-05
64 74 133 145 136 182 cost 5.52061e-05
129 148 121 145 91 182 cost 5.52037e-05
64 69 84 90 68 91 cost 5.50681e-05
129 138 84 97 0 45 cost 5.50163e-05
101 111 145 157 227 273 cost 5.49592e-05
74 83 157 169 0 45 cost 5.47794e-05
120 129 121 133 0 45 cost 5.47599e-05
101 111 121 133 273 318 cost 5.4635e-05
46 55 60 72 182 227 cost 5.44217e-05
92 101 97 109 273 318 cost 5.42868e-05
83 92 84 97 227 273 cost 5.4253e-05
111 129 169 194 364 455 cost 5.39011e-05
111 120 97 109 91 136 cost 5.38681e-05
55 64 60 72 136 182 cost 5.37198e-05
18 27 133 145 45 91 cost 5.3711e-05
74 83 60 72 136 182 cost 5.36334e-05
46 50 66 72 22 45 cost 5.3562e-05
64 69 78 84 68 91 cost 5.33516e-05
111 120 133 145 91 136 cost 5.33191e-05
50 55 60 66 68 91 cost 5.32321e-05
101 111 97 109 409 455 cost 5.30508e-05
111 129 169 194 455 546 cost 5.30246e-05
64 69 84 90 45 68 cost 5.30168e-05
87 92 78 84 45 68 cost 5.2999e-05
138 148 97 109 0 45 cost 5.28734e-05
92 101 121 133 182 227 cost 5.28478e-05
37 55 121 145 273 364 cost 5.27466e-05
55 74 121 145 637 728 cost 5.27326e-05
129 138 84 97 136 182 cost 5.27313e-05
111 129 169 194 546 637 cost 5.27233e-05
129 138 97 109 227 273 cost 5.27162e-05
111 120 157 169 136 182 cost 5.26762e-05
74 83 157 169 91 136 cost 5.26236e-05
74 83 133 145 0 45 cost 5.26227e-05
46 50 66 72 45 68 cost 5.25347e-05
74 83 133 145 136 182 cost 5.253e-05
55 74 48 72 455 546 cost 5.21817e-05
50 55 66 72 68 91 cost 5.21349e-05
74 111 0 48 182 364 cost 5.20769e-05
138 148 97 109 136 182 cost 5.20642e-05
46 50 60 66 68 91 cost 5.20513e-05
55 64 133 145 91 136 cost 5.20189e-05
37 46 48 60 182 227 cost 5.16625e-05
41 46 60 66 68 91 cost 5.16096e-05
120 129 121 133 91 136 cost 5.1588e-05
92 101 121 133 273 318 cost 5.14975e-05
96 101 115 121 45 68 cost 5.14908e-05
74 83 145 157 0 45 cost 5.13747e-05
74 83 133 145 91 136 cost 5.13119e-05
46 50 48 54 45 68 cost 5.12602e-05
74 92 121 145 637 728 cost 5.11479e-05
64 74 72 84 273 318 cost 5.09066e-05
37 46 133 145 45 91 cost 5.08401e-05
111 120 181 194 91 136 cost 5.08037e-05
41 46 97 103 45 68 cost 5.0463e-05
37 46 60 72 182 227 cost 5.04036e-05
83 92 121 133 227 273 cost 5.02854e-05
37 46 84 97 182 227 cost 5.02771e-05
18 27 133 145 0 45 cost 5.01476e-05
55 64 109 121 182 227 cost 5.01332e-05
96 101 90 97 45 68 cost 5.01286e-05
46 50 66 72 68 91 cost 4.99998e-05
83 92 145 157 136 182 cost 4.99668e-05
69 74 90 97 45 68 cost 4.98589e-05
64 74 36 48 0 45 cost 4.98373e-05
101 111 97 109 546 591 cost 4.97559e-05
55 64 24 36 45 91 cost 4.95557e-05
101 106 127 133 22 45 cost 4.95353e-05
46 55 72 84 227 273 cost 4.9473e-05
129 148 121 145 0 91 cost 4.93946e-05
92 101 97 109 364 409 cost 4.93369e-05
92 101 109 121 318 364 cost 4.92355e-05
83 92 157 169 136 182 cost 4.92025e-05
83 92 109 121 273 318 cost 4.89734e-05
27 37 121 133 0 45 cost 4.89557e-05
120 129 157 169 0 45 cost 4.87322e-05
92 101 121 133 318 364 cost 4.86256e-05
120 129 109 121 0 45 cost 4.85164e-05
37 46 36 48 136 182 cost 4.84663e-05
87 92 84 90 45 68 cost 4.84028e-05
74 83 109 121 273 318 cost 4.82218e-05
106 111 127 133 45 68 cost 4.82094e-05
87 92 72 78 45 68 cost 4.8049e-05
111 129 121 145 455 546 cost 4.80203e-05
83 92 133 145 227 273 cost 4.80115e-05
64 69 78 84 45 68 cost 4.79935e-05
55 74 24 48 182 273 cost 4.79847e-05
101 111 121 133 318 364 cost 4.77451e-05
111 129 169 194 637 728 cost 4.7744e-05
74 92 145 169 546 637 cost 4.77184e-05
55 64 84 97 182 227 cost 4.74974e-05
59 64 78 84 68 91 cost 4.72422e-05
50 55 66 72 45 68 cost 4.72366e-05
78 83 103 109 68 91 cost 4.71893e-05
120 129 133 145 227 273 cost 4.71453e-05
37 74 145 194 546 728 cost 4.71297e-05
101 111 97 109 364 409 cost 4.70393e-05
83 92 121 133 182 227 cost 4.68927e-05
0 18 121 145 91 182 cost 4.67832e-05
101 111 121 133 227 273 cost 4.67722e-05
92 101 97 109 318 364 cost 4.67576e-05
101 111 97 109 591 637 cost 4.66492e-05
59 64 78 84 45 68 cost 4.65106e-05
120 129 97 109 136 182 cost 4.6442e-05
111 120 169 181 136 182 cost 4.62973e-05
92 96 90 97 45 68 cost 4.61955e-05
41 46 90 97 68 91 cost 4.61832e-05
101 111 145 157 182 227 cost 4.61758e-05
111 120 121 133 273 318 cost 4.61494e-05
96 101 115 121 68 91 cost 4.61387e-05
83 92 97 109 318 364 cost 4.61323e-05
64 69 72 78 68 91 cost 4.60394e-05
138 148 84 97 0 45 cost 4.59681e-05
37 46 60 72 227 273 cost 4.59496e-05
83 92 84 97 273 318 cost 4.57569e-05
92 101 169 181 0 45 cost 4.56874e-05
138 148 109 121 0 45 cost 4.55955e-05
64 74 121 133 318 364 cost 4.55493e-05
92 101 133 145 91 136 cost 4.5495e-05
129 138 72 84 91 136 cost 4.54114e-05
55 64 36 48 0 45 cost 4.53473e-05
111 120 121 133 227 273 cost 4.51725e-05
83 87 78 84 45 68 cost 4.51483e-05
138 148 97 109 273 318 cost 4.50458e-05
101 111 109 121 318 364 cost 4.49988e-05
41 46 90 97 45 68 cost 4.49106e-05
46 55 84 97 136 182 cost 4.4886e-05
120 129 157 169 91 136 cost 4.48676e-05
64 69 127 133 45 68 cost 4.48136e-05
106 111 127 133 22 45 cost 4.48021e-05
64 74 133 145 182 227 cost 4.47403e-05
111 129 121 145 637 728 cost 4.46974e-05
41 46 66 72 68 91 cost 4.46126e-05
69 74 78 84 68 91 cost 4.45285e-05
83 92 72 84 273 318 cost 4.44424e-05
69 74 90 97 68 91 cost 4.43398e-05
64 69 72 78 45 68 cost 4.43196e-05
37 46 48 60 227 273 cost 4.4303e-05
69 74 84 90 68 91 cost 4.42602e-05
83 87 72 78 45 68 cost 4.40328e-05
101 111 97 109 318 364 cost 4.39044e-05
74 83 145 157 136 182 cost 4.38833e-05
120 129 97 109 182 227 cost 4.37793e-05
27 37 121 133 91 136 cost 4.36642e-05
96 101 84 90 45 68 cost 4.35764e-05
87 92 90 97 45 68 cost 4.35725e-05
101 106 121 127 45 68 cost 4.34176e-05
78 83 90 97 45 68 cost 4.3246e-05
37 55 72 97 637 728 cost 4.315e-05
101 106 115 121 45 68 cost 4.3127e-05
101 111 97 109 273 318 cost 4.31157e-05
96 101 109 115 68 91 cost 4.30741e-05
55 64 133 145 227 273 cost 4.30158e-05
101 106 121 127 22 45 cost 4.30021e-05
46 50 48 54 68 91 cost 4.27686e-05
55 64 72 84 182 227 cost 4.2714e-05
69 74 72 78 68 91 cost 4.26005e-05
64 74 121 133 273 318 cost 4.25145e-05
64 74 36 48 45 91 cost 4.24732e-05
129 138 97 109 273 318 cost 4.24569e-05
0 37 97 145 364 546 cost 4.24243e-05
101 111 72 84 227 273 cost 4.23169e-05
96 101 109 115 45 68 cost 4.22996e-05
106 111 121 127 45 68 cost 4.22424e-05
46 55 97 109 136 182 cost 4.21972e-05
50 55 66 72 22 45 cost 4.21296e-05
37 55 72 97 455 546 cost 4.20523e-05
64 69 90 97 68 91 cost 4.20517e-05
92 101 133 145 136 182 cost 4.20345e-05
78 83 84 90 45 68 cost 4.19901e-05
111 120 109 121 227 273 cost 4.18395e-05
138 148 109 121 273 318 cost 4.17571e-05
64 74 48 60 136 182 cost 4.14894e-05
37 74 145 194 364 546 cost 4.1431e-05
37 41 90 97 45 68 cost 4.11967e-05
92 96 115 121 45 68 cost 4.11244e-05
83 92 60 72 91 136 cost 4.10804e-05
101 106 127 133 45 68 cost 4.10605e-05
69 74 84 90 45 68 cost 4.10297e-05
92 111 48 72 91 182 cost 4.09976e-05
101 111 72 84 182 227 cost 4.09354e-05
106 111 121 127 22 45 cost 4.09113e-05
74 92 169 194 273 364 cost 4.06078e-05
74 83 84 97 273 318 cost 4.04786e-05
92 101 145 157 182 227 cost 4.0322e-05
46 55 109 121 91 136 cost 4.02692e-05
74 92 169 194 182 273 cost 4.02144e-05
92 96 115 121 68 91 cost 4.01118e-05
83 92 109 121 318 364 cost 4.00551e-05
101 111 84 97 318 364 cost 3.99559e-05
37 55 97 121 637 728 cost 3.98831e-05
138 148 97 109 227 273 cost 3.96466e-05
37 46 84 97 227 273 cost 3.95358e-05
92 101 157 169 136 182 cost 3.9459e-05
92 96 109 115 68 91 cost 3.94523e-05
78 83 97 103 68 91 cost 3.94302e-05
120 129 133 145 182 227 cost 3.93936e-05
64 74 84 97 318 364 cost 3.92891e-05
92 101 84 97 318 364 cost 3.9286e-05
55 59 60 66 45 68 cost 3.92759e-05
101 106 109 115 45 68 cost 3.90731e-05
92 101 97 109 591 637 cost 3.89468e-05
69 74 72 78 45 68 cost 3.88846e-05
83 92 60 72 136 182 cost 3.86937e-05
59 64 66 72 68 91 cost 3.85958e-05
129 138 109 121 273 318 cost 3.85617e-05
55 64 133 145 273 318 cost 3.85556e-05
78 83 103 109 45 68 cost 3.85277e-05
50 55 54 60 45 68 cost 3.83585e-05
129 138 97 109 182 227 cost 3.83475e-05
55 64 109 121 227 273 cost 3.83094e-05
59 64 72 78 68 91 cost 3.82872e-05
50 55 48 54 45 68 cost 3.81495e-05
83 87 84 90 45 68 cost 3.8079e-05
18 37 97 121 182 273 cost 3.79276e-05
120 129 109 121 227 273 cost 3.78644e-05
0 37 97 145 546 728 cost 3.78038e-05
74 78 103 109 68 91 cost 3.77902e-05
64 69 121 127 45 68 cost 3.74215e-05
0 37 48 97 364 546 cost 3.72809e-05
74 83 145 157 91 136 cost 3.72776e-05
46 55 72 84 182 227 cost 3.72659e-05
111 120 133 145 227 273 cost 3.72131e-05
74 83 72 84 273 318 cost 3.72122e-05
55 64 121 133 318 364 cost 3.71703e-05
69 74 78 84 45 68 cost 3.71691e-05
92 96 109 115 45 68 cost 3.70698e-05
59 64 72 78 45 68 cost 3.69023e-05
18 27 133 145 91 136 cost 3.68913e-05
101 111 109 121 273 318 cost 3.68424e-05
92 96 84 90 45 68 cost 3.67514e-05
55 74 48 72 546 637 cost 3.67328e-05
138 148 109 121 227 273 cost 3.66962e-05
55 74 0 24 273 364 cost 3.66915e-05
83 92 48 60 0 45 cost 3.64477e-05
83 87 90 97 45 68 cost 3.64446e-05
64 74 72 84 182 227 cost 3.63496e-05
101 106 127 133 68 91 cost 3.63342e-05
111 120 133 145 182 227 cost 3.63078e-05
106 111 115 121 45 68 cost 3.62948e-05
18 37 48 72 0 91 cost 3.62898e-05
111 120 121 133 318 364 cost 3.61334e-05
64 74 133 145 273 318 cost 3.5986e-05
78 83 90 97 68 91 cost 3.59691e-05
120 129 121 133 136 182 cost 3.59077e-05
55 64 97 109 227 273 cost 3.58883e-05
27 37 133 145 136 182 cost 3.58253e-05
46 55 109 121 136 182 cost 3.56408e-05
37 46 72 84 136 182 cost 3.55533e-05
106 111 121 127 68 91 cost 3.55388e-05
92 101 145 157 227 273 cost 3.5534e-05
83 92 133 145 182 227 cost 3.54809e-05
55 64 60 72 227 273 cost 3.51921e-05
74 83 133 145 227 273 cost 3.50834e-05
101 106 121 127 68 91 cost 3.50508e-05
46 55 84 97 227 273 cost 3.5016e-05
111 120 145 157 182 227 cost 3.48764e-05
92 101 97 109 409 455 cost 3.48737e-05
41 46 84 90 68 91 cost 3.48424e-05
129 148 145 169 0 91 cost 3.47351e-05
106 111 109 115 45 68 cost 3.4683e-05
18 37 48 72 91 182 cost 3.46443e-05
111 120 157 169 227 273 cost 3.45826e-05
92 101 97 109 546 591 cost 3.45211e-05
111 120 181 194 136 182 cost 3.43777e-05
92 101 169 181 91 136 cost 3.43655e-05
106 111 127 133 68 91 cost 3.42818e-05
74 78 90 97 45 68 cost 3.42664e-05
111 120 97 109 0 45 cost 3.41993e-05
37 46 121 133 0 45 cost 3.40219e-05
74 83 84 97 318 364 cost 3.39447e-05
92 101 169 181 136 182 cost 3.3865e-05
59 64 66 72 45 68 cost 3.37152e-05
37 55 121 145 455 546 cost 3.35951e-05
74 92 48 72 637 728 cost 3.33995e-05
92 111 48 72 182 273 cost 3.3399e-05
120 129 121 133 182 227 cost 3.29925e-05
83 92 72 84 318 364 cost 3.29395e-05
74 78 90 97 68 91 cost 3.2902e-05
92 101 133 145 227 273 cost 3.28581e-05
55 64 84 97 273 318 cost 3.27741e-05
64 74 60 72 227 273 cost 3.26536e-05
55 74 24 48 273 364 cost 3.2644e-05
55 64 48 60 182 227 cost 3.25757e-05
59 64 60 66 45 68 cost 3.25349e-05
78 83 84 90 68 91 cost 3.25064e-05
111 120 133 145 273 318 cost 3.24994e-05
78 83 97 103 45 68 cost 3.24496e-05
74 111 0 48 546 728 cost 3.24458e-05
120 129 109 121 182 227 cost 3.22577e-05
37 41 97 103 45 68 cost 3.21629e-05
37 46 133 145 0 45 cost 3.21324e-05
74 78 97 103 68 91 cost 3.20566e-05
69 74 127 133 45 68 cost 3.20216e-05
55 64 48 60 227 273 cost 3.1971e-05
92 101 109 121 364 409 cost 3.19125e-05
101 111 133 145 91 136 cost 3.18204e-05
74 83 133 145 182 227 cost 3.17589e-05
18 37 97 121 273 364 cost 3.17318e-05
96 101 90 97 68 91 cost 3.17203e-05
120 129 157 169 136 182 cost 3.16206e-05
55 64 133 145 136 182 cost 3.15757e-05
64 74 60 72 136 182 cost 3.14751e-05
120 129 145 157 182 227 cost 3.09578e-05
129 148 97 121 637 728 cost 3.0957e-05
111 120 133 145 318 364 cost 3.08019e-05
74 92 145 169 455 546 cost 3.07016e-05
101 111 109 121 409 455 cost 3.06133e-05
101 106 115 121 68 91 cost 3.06059e-05
74 83 109 121 318 364 cost 3.04026e-05
92 101 72 84 273 318 cost 3.02911e-05
101 111 181 194 91 136 cost 3.01098e-05
64 69 121 127 68 91 cost 3.00624e-05
101 111 109 121 364 409 cost 2.98899e-05
55 64 133 145 182 227 cost 2.98007e-05
92 101 157 169 227 273 cost 2.96018e-05
129 138 72 84 0 45 cost 2.95633e-05
64 69 127 133 68 91 cost 2.95531e-05
101 111 133 145 136 182 cost 2.95406e-05
64 74 48 60 182 227 cost 2.95329e-05
87 92 84 90 68 91 cost 2.94995e-05
0 37 145 194 0 182 cost 2.94945e-05
64 74 60 72 182 227 cost 2.94841e-05
111 120 157 169 182 227 cost 2.92609e-05
41 46 103 109 68 91 cost 2.90694e-05
46 50 54 60 45 68 cost 2.90532e-05
69 74 121 127 45 68 cost 2.89399e-05
101 111 181 194 136 182 cost 2.89022e-05
74 78 84 90 68 91 cost 2.88306e-05
55 59 60 66 68 91 cost 2.87072e-05
74 78 84 90 45 68 cost 2.85857e-05
129 148 145 169 91 182 cost 2.85712e-05
92 101 109 121 591 637 cost 2.85561e-05
41 46 84 90 45 68 cost 2.85544e-05
129 138 109 121 318 364 cost 2.78191e-05
50 55 48 54 68 91 cost 2.77351e-05
129 138 97 109 318 364 cost 2.76115e-05
55 59 66 72 68 91 cost 2.75718e-05
74 83 157 169 136 182 cost 2.75084e-05
138 148 109 121 182 227 cost 2.74735e-05
55 64 72 84 273 318 cost 2.73207e-05
138 148 97 109 182 227 cost 2.72923e-05
46 50 54 60 68 91 cost 2.72061e-05
59 64 60 66 68 91 cost 2.70386e-05
87 92 78 84 68 91 cost 2.69148e-05
55 59 78 84 45 68 cost 2.68716e-05
87 92 90 97 68 91 cost 2.68477e-05
106 111 115 121 68 91 cost 2.66604e-05
0 18 121 145 182 273 cost 2.65453e-05
129 138 109 121 182 227 cost 2.63783e-05
74 78 97 103 45 68 cost 2.62761e-05
120 129 133 145 318 364 cost 2.62657e-05
64 74 48 60 227 273 cost 2.60874e-05
37 55 24 48 273 364 cost 2.59544e-05
55 64 97 109 182 227 cost 2.59323e-05
87 92 72 78 68 91 cost 2.59152e-05
50 55 54 60 68 91 cost 2.57717e-05
37 41 60 66 45 68 cost 2.56789e-05
120 129 157 169 227 273 cost 2.56054e-05
138 148 109 121 318 364 cost 2.55667e-05
74 78 103 109 45 68 cost 2.5448e-05
69 74 121 127 68 91 cost 2.53496e-05
92 96 90 97 68 91 cost 2.52822e-05
27 37 121 133 136 182 cost 2.51593e-05
74 92 169 194 455 546 cost 2.50098e-05
55 59 78 84 68 91 cost 2.46423e-05
55 64 84 97 318 364 cost 2.45569e-05
101 111 109 121 591 637 cost 2.43786e-05
37 55 97 121 455 546 cost 2.43623e-05
18 27 121 133 45 91 cost 2.4167e-05
74 92 169 194 546 637 cost 2.39487e-05
55 74 0 24 91 182 cost 2.38515e-05
41 46 103 109 45 68 cost 2.38329e-05
37 46 72 84 182 227 cost 2.3665e-05
120 129 169 181 0 45 cost 2.35639e-05
83 87 84 90 68 91 cost 2.3331e-05
83 92 48 60 136 182 cost 2.32386e-05
46 50 60 66 0 22 cost 2.31989e-05
92 101 72 84 318 364 cost 2.31946e-05
37 55 121 145 546 637 cost 2.31745e-05
101 106 109 115 68 91 cost 2.30631e-05
55 74 0 24 182 273 cost 2.29575e-05
138 148 84 97 136 182 cost 2.29438e-05
55 59 72 78 68 91 cost 2.29423e-05
92 101 157 169 182 227 cost 2.28391e-05
120 129 121 133 273 318 cost 2.26212e-05
46 55 84 97 182 227 cost 2.25694e-05
74 111 0 48 364 546 cost 2.2239e-05
55 74 48 72 637 728 cost 2.20721e-05
120 129 133 145 273 318 cost 2.20708e-05
83 87 90 97 68 91 cost 2.20424e-05
120 129 121 133 227 273 cost 2.1817e-05
46 55 133 145 0 45 cost 2.18009e-05
69 74 127 133 68 91 cost 2.1799e-05
50 55 60 66 0 22 cost 2.17191e-05
37 55 121 145 637 728 cost 2.16688e-05
55 59 72 78 45 68 cost 2.15778e-05
55 59 66 72 45 68 cost 2.15131e-05
18 27 121 133 0 45 cost 2.13977e-05
64 74 72 84 318 364 cost 2.13003e-05
55 64 60 72 182 227 cost 2.11663e-05
120 129 169 181 45 91 cost 2.09129e-05
37 41 84 90 68 91 cost 2.08824e-05
129 138 72 84 136 182 cost 2.08161e-05
101 106 127 133 0 22 cost 2.08127e-05
92 101 133 145 182 227 cost 2.08097e-05
27 37 72 84 45 91 cost 2.08022e-05
92 101 133 145 273 318 cost 2.06398e-05
37 55 0 24 0 91 cost 2.03145e-05
37 41 84 90 45 68 cost 2.01571e-05
74 92 145 169 637 728 cost 2.01534e-05
18 27 121 133 91 136 cost 2.01033e-05
96 101 84 90 68 91 cost 2.00893e-05
37 46 72 84 227 273 cost 2.0079e-05
120 129 157 169 182 227 cost 2.00169e-05
129 148 145 169 182 273 cost 1.97983e-05
37 41 103 109 68 91 cost 1.97979e-05
106 111 121 127 0 22 cost 1.97662e-05
138 148 72 84 45 91 cost 1.96904e-05
101 106 121 127 0 22 cost 1.96016e-05
120 129 169 181 91 136 cost 1.95321e-05
55 64 72 84 318 364 cost 1.91701e-05
37 41 60 66 68 91 cost 1.89732e-05
83 92 84 97 318 364 cost 1.89729e-05
74 83 72 84 318 364 cost 1.89005e-05
83 87 72 78 68 91 cost 1.87617e-05
92 96 84 90 68 91 cost 1.8639e-05
138 148 97 109 318 364 cost 1.86387e-05
46 50 66 72 0 22 cost 1.8573e-05
83 87 78 84 68 91 cost 1.84653e-05
129 148 121 145 182 273 cost 1.81674e-05
64 74 133 145 318 364 cost 1.80123e-05
37 41 66 72 45 68 cost 1.79385e-05
101 111 109 121 546 591 cost 1.76966e-05
138 148 72 84 91 136 cost 1.76816e-05
106 111 109 115 68 91 cost 1.71505e-05
92 101 133 145 318 364 cost 1.7049e-05
106 111 127 133 0 22 cost 1.69762e-05
55 64 24 36 0 45 cost 1.67658e-05
92 101 109 121 409 455 cost 1.63464e-05
120 129 121 133 318 364 cost 1.60875e-05
101 111 133 145 273 318 cost 1.57744e-05
92 111 48 72 273 364 cost 1.50654e-05
55 64 133 145 318 364 cost 1.48846e-05
50 55 66 72 0 22 cost 1.47262e-05
101 111 133 145 227 273 cost 1.45343e-05
18 27 133 145 136 182 cost 1.41884e-05
92 111 48 72 546 637 cost 1.39636e-05
74 92 169 194 637 728 cost 1.39498e-05
37 46 109 121 45 91 cost 1.34437e-05
92 101 109 121 546 591 cost 1.33506e-05
46 55 24 36 45 91 cost 1.33279e-05
129 148 121 145 273 364 cost 1.29561e-05
129 148 121 145 364 455 cost 1.24872e-05
46 55 133 145 45 91 cost 1.20822e-05
101 111 133 145 182 227 cost 1.18878e-05
129 148 145 169 546 637 cost 1.16652e-05
64 74 24 36 0 45 cost 1.12132e-05
92 111 48 72 364 455 cost 1.11105e-05
101 111 72 84 273 318 cost 1.10701e-05
37 41 66 72 68 91 cost 1.10148e-05
37 41 103 109 45 68 cost 1.08149e-05
27 37 72 84 0 45 cost 1.02867e-05
64 74 24 36 45 91 cost 1.02326e-05
138 148 72 84 0 45 cost 9.7456e-06
37 46 109 121 0 45 cost 9.7313e-06
0 18 121 145 273 364 cost 9.0332e-06
129 148 145 169 364 455 cost 8.8815e-06
101 111 133 145 318 364 cost 8.6204e-06
74 92 169 194 364 455 cost 7.7572e-06
101 111 72 84 318 364 cost 6.8446e-06
18 27 84 97 45 91 cost 6.6787e-06
92 111 48 72 637 728 cost 6.4689e-06
129 148 121 145 546 637 cost 5.9514e-06
92 111 48 72 455 546 cost 5.877e-06
120 129 169 181 136 182 cost 5.3613e-06
37 46 109 121 91 136 cost 5.3131e-06
37 46 109 121 136 182 cost 5.1449e-06
18 27 121 133 136 182 cost 4.9508e-06
120 129 181 194 45 91 cost 4.9278e-06
92 101 181 194 45 91 cost 4.9178e-06
0 37 145 194 182 364 cost 4.614e-06
129 148 145 169 273 364 cost 4.3919e-06
138 148 72 84 136 182 cost 4.3696e-06
120 129 181 194 0 45 cost 4.227e-06
129 148 145 169 637 728 cost 3.8883e-06
37 55 0 24 182 273 cost 3.849e-06
74 92 0 24 0 91 cost 3.8319e-06
92 101 181 194 0 45 cost 3.7492e-06
129 148 121 145 637 728 cost 3.7011e-06
46 55 24 36 91 136 cost 3.112e-06
92 101 181 194 136 182 cost 3.024e-06
92 101 181 194 91 136 cost 2.8695e-06
18 27 84 97 0 45 cost 2.7905e-06
120 129 181 194 91 136 cost 2.7833e-06
46 55 24 36 0 45 cost 2.5103e-06
120 129 181 194 136 182 cost 2.1285e-06
74 92 0 24 91 182 cost 1.8261e-06
37 55 0 24 91 182 cost 1.734e-06
46 55 24 36 136 182 cost 1.3148e-06
129 148 145 169 455 546 cost 1.149e-06
129 148 121 145 455 546 cost 9.24e-07
0 37 0 48 0 182 cost 6.09e-07
37 46 24 36 45 91 cost 9.45e-08
37 46 24 36 0 45 cost 4.2e-08
0 37 0 48 182 364 cost 0
18 27 72 84 45 91 cost 0
0 18 97 121 0 91 cost 0
0 18 97 121 91 182 cost 0
0 18 97 121 273 364 cost 0
92 111 24 48 91 182 cost 0
129 148 169 194 0 91 cost 0
0 18 72 97 91 182 cost 0
0 18 48 72 91 182 cost 0
0 37 0 48 364 546 cost 0
129 148 169 194 364 455 cost 0
0 37 145 194 364 546 cost 0
0 37 0 48 546 728 cost 0
37 55 0 24 273 364 cost 0
129 148 169 194 637 728 cost 0
37 55 169 194 91 182 cost 0
129 148 169 194 455 546 cost 0
129 148 169 194 273 364 cost 0
37 55 169 194 0 91 cost 0
111 148 0 48 0 182 cost 0
111 148 0 48 182 364 cost 0
111 129 48 72 0 91 cost 0
111 129 48 72 91 182 cost 0
92 111 0 24 0 91 cost 0
111 129 48 72 273 364 cost 0
111 148 0 48 546 728 cost 0
92 111 24 48 0 91 cost 0
129 148 48 72 0 91 cost 0
129 148 48 72 273 364 cost 0
111 129 48 72 182 273 cost 0
37 55 145 169 91 182 cost 0
111 148 0 48 364 546 cost 0
0 18 97 121 182 273 cost 0
37 46 24 36 91 136 cost 0
129 148 48 72 91 182 cost 0
0 18 72 97 0 91 cost 0
92 111 0 24 91 182 cost 0
129 148 169 194 182 273 cost 0
129 148 169 194 546 637 cost 0
37 55 145 169 0 91 cost 0
18 27 72 84 0 45 cost 0
129 148 48 72 182 273 cost 0
0 18 48 72 0 91 cost 0
0 37 145 194 546 728 cost 0
37 46 24 36 136 182 cost 0
129 148 169 194 91 182 cost 0
partitioning time: 4.610627 seconds
