hostname : cph-gpu1.uncc.edu
bounding: [1053872.965;1068485.726]x[860186.8419;879395.9741]x[3;730]
read 11056 observations
res: 50 50 1 bw: 2500 2500 1
box size: 294 x 386 x 728
nbparts: 64
max load allowed: 0.1273947814
max states: 6173952
mem: 0.5519943237 GB (this is an order of magnitude)
611767 states processed
solution: 0.1268693599 in 22 boxes.
naive: 2.038316503 speedup:16.066263
sumload:2.039372422 overhead:1.000518035
160 224 192 224 0 728 cost 0.1268693599
96 160 0 128 0 728 cost 0.1246051615
224 294 224 288 0 728 cost 0.1236126042
0 96 192 386 0 728 cost 0.122581129
224 294 160 224 0 728 cost 0.1225003405
96 160 256 352 0 728 cost 0.1203516166
160 224 288 352 0 728 cost 0.1201883575
160 224 0 160 0 728 cost 0.1182675223
160 224 224 256 0 728 cost 0.1139488755
96 160 192 224 0 728 cost 0.1100668254
96 160 160 192 0 728 cost 0.1094828434
160 224 160 192 0 728 cost 0.1046815883
96 160 128 160 0 728 cost 0.1000943664
0 96 128 192 0 728 cost 0.0995036415
160 224 256 288 0 728 cost 0.093866677
96 160 224 256 0 728 cost 0.0927251998
224 294 288 386 0 512 cost 0.0887672157
0 96 0 128 0 728 cost 0.0706951905
224 294 0 160 0 728 cost 0.0300775019
160 224 352 386 0 728 cost 0.0294711765
224 294 288 386 512 728 cost 0.0087893216
96 160 352 386 0 728 cost 0.0082259067
partitioning time: 355.567566 seconds
