hostname : cph-gpu2.uncc.edu
bounding: [1053872.965;1068485.726]x[860186.8419;879395.9741]x[3;730]
read 11056 observations
res: 100 100 1 bw: 2500 2500 1
box size: 148 x 194 x 728
nbparts: 16
mem: 0.1221542358 GB (this is an order of magnitude)
14709 states processed
solution: 0.0381633449 in 16 boxes.
naive: 0.5210794803 speedup:13.65392582
sumload:0.5280909419 overhead:1.013455647
0 128 0 64 0 128 cost 0.0381633449
0 128 96 128 64 128 cost 0.0379039024
0 128 96 128 0 64 cost 0.0371177696
0 128 128 194 0 64 cost 0.0369156982
128 148 0 194 0 728 cost 0.035963486
0 128 64 96 64 128 cost 0.0358948455
0 128 64 96 0 64 cost 0.0357539443
0 128 64 96 128 256 cost 0.0339991486
0 128 128 194 128 256 cost 0.0326788532
0 128 128 194 256 728 cost 0.0325034566
0 128 64 96 256 728 cost 0.0317121208
0 128 128 194 64 128 cost 0.031042379
0 128 96 128 320 728 cost 0.0284805594
0 128 96 128 192 320 cost 0.0284081494
0 128 0 64 128 728 cost 0.0259751171
0 128 96 128 128 192 cost 0.0255781669
partitioning time: 8.507668 seconds
