hostname : cph-c22.uncc.edu
bounding: [1053872.965;1068485.726]x[860186.8419;879395.9741]x[3;730]
read 11056 observations
res: 50 50 1 bw: 2500 2500 14
box size: 294 x 386 x 728
nbparts: 64
max states: 21563328
mem: 1.927911758 GB (this is an order of magnitude)
5758694 states processed
solution: 0.3875043387 in 30 boxes.
naive: 8.268027147 speedup:21.33660535
sumload:8.348000676 overhead:1.009672625
128 192 128 192 96 352 cost 0.3875043387
128 192 192 256 96 256 cost 0.385926232
64 128 192 256 0 192 cost 0.3847210951
192 256 256 320 0 192 cost 0.3833483753
192 256 128 192 0 288 cost 0.3806332878
128 192 256 320 0 192 cost 0.3784580832
192 256 192 256 128 480 cost 0.3781696646
64 128 64 128 0 480 cost 0.3773030811
0 128 256 386 0 728 cost 0.3735558314
128 192 192 256 0 96 cost 0.3677679666
64 128 128 192 96 728 cost 0.3592681348
128 192 128 192 0 96 cost 0.3534689975
192 256 192 256 0 128 cost 0.3533069569
0 64 64 256 0 728 cost 0.3411121585
128 192 64 128 0 728 cost 0.3322099463
256 294 128 256 0 728 cost 0.3233650269
192 256 320 386 0 728 cost 0.320640415
64 128 128 192 0 96 cost 0.3182576892
128 192 192 256 256 728 cost 0.257811674
256 294 256 386 0 728 cost 0.2257038192
128 192 320 386 0 728 cost 0.2133518873
192 256 256 320 192 728 cost 0.2123080128
128 192 256 320 192 728 cost 0.2039947954
64 128 192 256 192 728 cost 0.1826039461
128 192 128 192 352 728 cost 0.12878233
192 256 128 192 288 728 cost 0.120520315
0 294 0 64 0 728 cost 0.1146798545
192 294 64 128 0 728 cost 0.081967371
192 256 192 256 480 728 cost 0.0814127867
64 128 64 128 480 728 cost 0.0258466033
partitioning time: 1422.196158 seconds
