hostname : cph-c19.uncc.edu
bounding: [-130;-65]x[20;50]x[5875;5958]
read 588189 observations
res: 0.1 0.1 1 bw: 1 1 3
box size: 651 x 301 x 84
nbparts: 16
solution: 1.110737055 in 22 boxes.
naive: 7.046724289 speedup:6.344187633
sumload:7.620106042 overhead:1.081368552
325 651 0 150 42 84 cost 1.110737055
325 651 0 150 0 42 cost 0.7240236444
0 325 150 301 42 84 cost 0.6729158359
488 651 150 225 42 63 cost 0.6713377099
0 325 0 150 42 84 cost 0.6481793683
325 488 150 225 42 63 cost 0.5586114109
488 651 150 225 21 42 cost 0.4651267237
488 651 150 225 63 84 cost 0.4252058965
0 325 0 150 0 42 cost 0.4120221237
325 488 150 225 21 42 cost 0.3811319113
0 325 150 301 0 42 cost 0.3313295362
325 488 150 225 63 84 cost 0.2940109707
488 651 150 225 0 21 cost 0.1953171414
325 488 150 225 0 21 cost 0.1584698129
325 488 225 301 42 63 cost 0.1406095843
325 488 225 301 21 42 cost 0.1034656844
325 488 225 301 63 84 cost 0.0883820321
488 651 225 301 42 63 cost 0.0733270472
488 651 225 301 21 42 cost 0.0521604498
488 651 225 301 63 84 cost 0.0455378248
325 488 225 301 0 21 cost 0.0449086902
488 651 225 301 0 21 cost 0.0232955885
partitioning time: 2.931933 seconds
