hostname : cph-c76.uncc.edu
bounding: [1053872.965;1068485.726]x[860186.8419;879395.9741]x[3;730]
read 11056 observations
res: 100 100 1 bw: 500 500 7
box size: 148 x 194 x 728
nbparts: 256
solution: 0.001013889 in 260 boxes.
naive: 0.0609225435 speedup:60.08798152
sumload:0.0645338637 overhead:1.059277239
0 37 97 145 0 182 cost 0.001013889
92 111 145 169 0 91 cost 0.0009920547
74 111 145 194 182 364 cost 0.0009898695
92 111 97 121 91 182 cost 0.0009492762
74 111 97 145 546 728 cost 0.0009028383
55 74 72 97 91 182 cost 0.000893201
74 92 72 97 91 182 cost 0.0008647341
55 74 121 145 91 182 cost 0.0008494075
92 111 72 97 91 182 cost 0.000838119
111 129 121 145 0 91 cost 0.0007920518
111 129 145 169 0 91 cost 0.0007688832
55 74 97 121 91 182 cost 0.0007582785
37 55 97 121 0 91 cost 0.0007556529
74 92 121 145 0 91 cost 0.0007417509
37 74 48 97 364 546 cost 0.0007264347
74 111 48 97 364 546 cost 0.0007061646
74 92 97 121 182 273 cost 0.0007058927
92 111 97 121 182 273 cost 0.0006911085
111 148 145 194 182 364 cost 0.0006883325
37 55 72 97 91 182 cost 0.0006594666
111 129 97 121 0 91 cost 0.0006543988
37 74 97 145 364 546 cost 0.0006380974
111 148 97 145 364 546 cost 0.0006359767
129 148 97 121 0 91 cost 0.0006333734
111 148 48 97 182 364 cost 0.0006300914
92 111 72 97 182 273 cost 0.0006257642
74 92 121 145 91 182 cost 0.0006223862
74 92 145 169 0 91 cost 0.0006176812
74 92 72 97 182 273 cost 0.000595638
92 111 121 145 91 182 cost 0.0005853185
74 111 48 97 546 728 cost 0.0005762165
74 92 48 72 0 91 cost 0.0005753497
111 129 121 145 91 182 cost 0.0005655183
129 148 97 121 91 182 cost 0.0005624828
37 74 48 97 546 728 cost 0.0005593131
92 111 169 194 0 91 cost 0.0005388003
55 74 121 145 182 273 cost 0.0005078573
111 129 97 121 91 182 cost 0.0005060864
92 111 145 169 91 182 cost 0.0004777086
55 74 72 97 182 273 cost 0.0004772125
0 37 48 97 0 182 cost 0.0004771259
74 92 48 72 91 182 cost 0.0004642545
37 74 97 145 546 728 cost 0.0004622672
55 74 48 72 91 182 cost 0.0004555735
37 55 24 48 0 91 cost 0.0004529635
55 74 97 121 182 273 cost 0.0004470895
111 129 145 169 91 182 cost 0.0004417396
129 148 72 97 0 91 cost 0.0004377471
111 129 169 194 0 91 cost 0.0004333249
37 55 97 121 91 182 cost 0.0004229955
74 111 145 194 364 546 cost 0.0004066329
37 55 48 72 182 273 cost 0.0003983161
74 111 145 194 546 728 cost 0.0003836216
37 74 145 194 0 182 cost 0.000381502
46 55 60 72 45 91 cost 0.0003800799
74 92 97 121 273 364 cost 0.0003745887
74 92 145 169 91 182 cost 0.0003731947
111 129 97 121 182 273 cost 0.0003659424
92 111 97 121 273 364 cost 0.0003599477
111 148 97 145 546 728 cost 0.0003578317
74 92 121 145 182 273 cost 0.0003565607
64 74 84 97 45 91 cost 0.0003428461
37 55 121 145 0 91 cost 0.0003260601
0 37 97 145 182 364 cost 0.0003131325
64 74 72 84 45 91 cost 0.0003107985
111 129 121 145 182 273 cost 0.0003082487
92 101 109 121 45 91 cost 0.0002979499
92 111 121 145 182 273 cost 0.0002966872
129 148 72 97 91 182 cost 0.0002919653
55 74 24 48 0 91 cost 0.0002889156
111 148 145 194 364 546 cost 0.0002853719
129 148 97 121 182 273 cost 0.000285164
92 111 97 121 364 455 cost 0.0002788666
92 111 72 97 273 364 cost 0.0002775284
101 111 121 133 45 91 cost 0.0002757445
55 74 121 145 273 364 cost 0.0002740484
55 74 72 97 273 364 cost 0.0002710411
37 46 60 72 45 91 cost 0.0002682211
37 46 84 97 45 91 cost 0.0002611212
111 148 145 194 546 728 cost 0.0002610123
37 55 72 97 182 273 cost 0.0002570045
74 92 72 97 273 364 cost 0.0002539252
37 55 24 48 91 182 cost 0.0002516855
129 148 97 121 273 364 cost 0.0002501183
37 74 0 48 182 364 cost 0.0002478786
46 55 48 60 45 91 cost 0.0002477508
83 92 72 84 45 91 cost 0.00024723
74 83 97 109 45 91 cost 0.0002467566
92 111 121 145 273 364 cost 0.0002448398
46 55 60 72 0 45 cost 0.0002446713
92 111 169 194 91 182 cost 0.0002441913
74 83 84 97 45 91 cost 0.0002408042
92 101 84 97 45 91 cost 0.0002368688
74 111 0 48 0 182 cost 0.0002366265
111 129 169 194 91 182 cost 0.0002354825
83 92 84 97 45 91 cost 0.0002350707
101 111 121 133 0 45 cost 0.0002297851
55 64 72 84 45 91 cost 0.0002285451
111 129 121 145 273 364 cost 0.0002222225
64 74 121 133 45 91 cost 0.0002201174
55 74 48 72 182 273 cost 0.0002200286
101 111 109 121 45 91 cost 0.0002194665
55 64 60 72 45 91 cost 0.0002184865
74 83 72 84 45 91 cost 0.0002181306
46 55 72 84 45 91 cost 0.0002177875
74 92 97 121 364 455 cost 0.0002166422
83 92 109 121 45 91 cost 0.000214739
55 64 121 133 45 91 cost 0.0002139354
83 92 97 109 45 91 cost 0.0002138757
92 101 97 109 45 91 cost 0.0002133819
37 46 60 72 0 45 cost 0.000206617
92 111 97 121 455 546 cost 0.0002060283
64 74 97 109 45 91 cost 0.0002054584
46 55 48 60 0 45 cost 0.0002054481
37 46 60 72 91 136 cost 0.0002052268
92 101 121 133 45 91 cost 0.0002044431
64 74 84 97 0 45 cost 0.000203325
64 74 109 121 45 91 cost 0.000201899
74 92 121 145 273 364 cost 0.0001964705
55 64 84 97 45 91 cost 0.000196191
37 55 121 145 91 182 cost 0.0001961333
83 92 97 109 136 182 cost 0.0001930552
111 129 72 97 91 182 cost 0.0001925967
46 55 60 72 91 136 cost 0.0001833975
92 101 72 84 45 91 cost 0.000183282
55 64 121 133 0 45 cost 0.0001817612
83 92 109 121 136 182 cost 0.0001809626
37 46 48 60 45 91 cost 0.0001808811
111 129 72 97 0 91 cost 0.0001800754
74 92 169 194 0 91 cost 0.0001795647
55 74 97 121 273 364 cost 0.0001787007
37 55 48 72 273 364 cost 0.0001757072
101 111 109 121 0 45 cost 0.0001739485
64 74 60 72 45 91 cost 0.0001728206
74 83 109 121 45 91 cost 0.0001700478
55 64 48 60 45 91 cost 0.0001681659
83 92 72 84 0 45 cost 0.000167894
111 129 97 121 273 364 cost 0.0001678703
37 46 72 84 45 91 cost 0.000166862
46 55 48 60 91 136 cost 0.0001665395
64 74 121 133 0 45 cost 0.0001629574
74 83 97 109 136 182 cost 0.000161986
92 101 72 84 0 45 cost 0.0001607663
37 55 72 97 273 364 cost 0.0001567401
55 64 109 121 45 91 cost 0.0001558934
101 111 84 97 45 91 cost 0.0001547395
92 101 109 121 0 45 cost 0.000151813
74 92 48 72 182 273 cost 0.0001515253
64 74 72 84 0 45 cost 0.0001511162
92 101 97 109 0 45 cost 0.0001509921
74 83 97 109 91 136 cost 0.0001509601
64 74 48 60 45 91 cost 0.0001501077
111 148 48 97 364 546 cost 0.0001498037
64 74 97 109 0 45 cost 0.000149698
92 101 84 97 0 45 cost 0.0001489744
92 101 121 133 0 45 cost 0.00014739
55 64 48 60 0 45 cost 0.0001469654
64 74 133 145 45 91 cost 0.0001445124
37 46 48 60 91 136 cost 0.0001396755
83 92 97 109 91 136 cost 0.0001396686
46 55 84 97 45 91 cost 0.0001386612
37 55 97 121 182 273 cost 0.0001380935
64 74 48 60 0 45 cost 0.0001356045
55 74 24 48 91 182 cost 0.0001351027
111 148 48 97 546 728 cost 0.0001342606
74 83 72 84 0 45 cost 0.0001342078
0 37 48 97 182 364 cost 0.0001335432
55 64 84 97 0 45 cost 0.0001330641
37 46 48 60 0 45 cost 0.0001307564
55 64 97 109 45 91 cost 0.0001302863
74 83 97 109 0 45 cost 0.0001298186
46 55 60 72 136 182 cost 0.0001271417
37 74 145 194 182 364 cost 0.0001264305
83 92 84 97 0 45 cost 0.0001251928
37 55 121 145 182 273 cost 0.0001248039
55 64 60 72 0 45 cost 0.000124718
46 55 48 60 136 182 cost 0.0001246509
74 83 109 121 136 182 cost 0.000124155
74 83 84 97 0 45 cost 0.0001171253
101 111 97 109 45 91 cost 0.0001164897
64 74 109 121 0 45 cost 0.0001159825
55 74 48 72 273 364 cost 0.0001159004
37 46 60 72 136 182 cost 0.0001153983
83 92 97 109 0 45 cost 0.0001116952
92 111 48 72 0 91 cost 0.0001108958
92 111 121 145 364 455 cost 0.0001107711
74 92 48 72 273 364 cost 0.0001102074
83 92 109 121 91 136 cost 0.0001078215
74 83 109 121 0 45 cost 0.0001026367
64 74 60 72 0 45 cost 0.0001021898
55 64 109 121 0 45 cost 0.0001012919
101 111 84 97 0 45 cost 0.000100539
37 46 84 97 0 45 cost 0.0001004324
46 55 72 84 0 45 cost 9.87523e-05
74 83 109 121 91 136 cost 9.67783e-05
46 55 84 97 0 45 cost 9.62541e-05
55 64 72 84 0 45 cost 9.3844e-05
74 92 97 121 455 546 cost 9.02891e-05
101 111 97 109 0 45 cost 8.92632e-05
74 92 121 145 364 455 cost 8.68983e-05
83 92 109 121 0 45 cost 8.49512e-05
37 46 48 60 136 182 cost 8.46187e-05
101 111 133 145 45 91 cost 8.43487e-05
101 111 72 84 45 91 cost 8.32921e-05
92 101 133 145 45 91 cost 8.3126e-05
37 55 97 121 273 364 cost 8.26152e-05
64 74 133 145 0 45 cost 8.13686e-05
74 92 169 194 91 182 cost 8.0593e-05
55 64 97 109 0 45 cost 8.01814e-05
37 46 72 84 0 45 cost 7.30845e-05
92 111 121 145 455 546 cost 6.95751e-05
0 37 48 97 546 728 cost 6.82711e-05
37 74 0 48 546 728 cost 6.733e-05
55 64 133 145 45 91 cost 6.70276e-05
101 111 133 145 0 45 cost 6.64758e-05
101 111 72 84 0 45 cost 6.64564e-05
92 101 133 145 0 45 cost 6.4125e-05
74 92 121 145 455 546 cost 6.2892e-05
55 74 0 24 0 91 cost 6.1068e-05
55 64 133 145 0 45 cost 6.02781e-05
37 74 0 48 364 546 cost 5.9144e-05
129 148 121 145 91 182 cost 5.52037e-05
37 55 121 145 273 364 cost 5.27466e-05
74 111 0 48 182 364 cost 5.20769e-05
129 148 121 145 0 91 cost 4.93946e-05
37 74 145 194 546 728 cost 4.71297e-05
0 37 97 145 364 546 cost 4.24243e-05
37 74 145 194 364 546 cost 4.1431e-05
92 111 48 72 91 182 cost 4.09976e-05
0 37 97 145 546 728 cost 3.78038e-05
0 37 48 97 364 546 cost 3.72809e-05
129 148 145 169 0 91 cost 3.47351e-05
92 111 48 72 182 273 cost 3.3399e-05
74 111 0 48 546 728 cost 3.24458e-05
0 37 145 194 0 182 cost 2.94945e-05
129 148 145 169 91 182 cost 2.85712e-05
55 74 0 24 91 182 cost 2.38515e-05
74 111 0 48 364 546 cost 2.2239e-05
37 55 0 24 0 91 cost 2.03145e-05
129 148 121 145 182 273 cost 1.81674e-05
92 111 48 72 273 364 cost 1.50654e-05
129 148 121 145 273 364 cost 1.29561e-05
0 37 145 194 182 364 cost 4.614e-06
37 55 0 24 91 182 cost 1.734e-06
0 37 0 48 0 182 cost 6.09e-07
0 37 0 48 364 546 cost 0
111 148 0 48 546 728 cost 0
129 148 169 194 0 91 cost 0
0 37 145 194 364 546 cost 0
111 129 48 72 0 91 cost 0
129 148 169 194 91 182 cost 0
111 129 48 72 91 182 cost 0
0 37 0 48 546 728 cost 0
111 148 0 48 182 364 cost 0
129 148 48 72 91 182 cost 0
111 148 0 48 364 546 cost 0
129 148 48 72 0 91 cost 0
0 37 0 48 182 364 cost 0
111 148 0 48 0 182 cost 0
0 37 145 194 546 728 cost 0
partitioning time: 0.567285 seconds
