hostname : cph-c1.uncc.edu
bounding: [1053872.965;1068485.726]x[860186.8419;879395.9741]x[3;730]
read 11056 observations
res: 50 50 1 bw: 100 100 1
box size: 294 x 386 x 728
nbparts: 64
max load allowed: 0.0001661226844
max states: 21563328
mem: 1.927911758 GB (this is an order of magnitude)
156058 states processed
solution: 0.000164992 in 63 boxes.
naive: 0.0053159259 speedup:32.21929487
sumload:0.0053833759 overhead:1.012688288
128 192 192 256 64 128 cost 0.000164992
0 128 192 256 96 480 cost 0.0001623461
0 128 128 192 96 256 cost 0.0001600621
0 128 192 256 0 96 cost 0.0001599013
128 192 0 128 0 256 cost 0.0001585824
192 256 192 256 32 96 cost 0.0001541484
128 192 192 256 0 64 cost 0.0001507139
128 192 192 256 128 192 cost 0.0001484517
192 256 320 386 0 128 cost 0.0001478142
128 192 128 192 256 728 cost 0.0001473927
128 192 128 192 96 192 cost 0.0001461915
192 256 0 192 0 192 cost 0.0001446057
128 192 256 320 0 96 cost 0.0001415664
128 192 256 320 96 288 cost 0.0001413081
192 256 256 320 0 64 cost 0.0001399659
0 128 128 192 0 64 cost 0.000137501
0 128 64 128 64 160 cost 0.0001369857
192 256 192 256 96 192 cost 0.000133145
0 128 64 128 0 64 cost 0.0001261756
128 192 128 192 32 64 cost 0.0001221687
128 192 192 256 192 288 cost 0.0001146272
256 294 192 256 0 192 cost 0.000112365
0 128 128 192 64 96 cost 0.0001117682
0 128 256 386 96 320 cost 0.0001019127
192 256 256 320 64 128 cost 0.0001016092
128 192 128 192 64 96 cost 9.94864e-05
192 256 192 256 192 288 cost 9.8125e-05
128 192 192 256 288 448 cost 9.36946e-05
192 256 256 320 128 224 cost 8.53112e-05
0 128 256 386 0 96 cost 8.51607e-05
192 256 192 256 288 480 cost 8.35101e-05
192 256 256 320 224 384 cost 8.1234e-05
192 256 320 386 256 728 cost 7.81782e-05
192 256 192 256 480 728 cost 7.44114e-05
256 294 0 192 0 192 cost 6.62628e-05
128 192 128 192 192 256 cost 6.59413e-05
128 192 256 320 288 728 cost 6.48783e-05
128 192 320 386 96 728 cost 6.21021e-05
0 128 128 192 352 728 cost 6.19077e-05
128 192 192 256 448 728 cost 6.1557e-05
192 256 320 386 128 256 cost 6.02877e-05
192 256 256 320 384 728 cost 5.93083e-05
192 256 0 192 288 728 cost 5.74839e-05
256 294 192 256 192 448 cost 5.74764e-05
0 128 64 128 256 728 cost 5.42799e-05
128 192 320 386 0 96 cost 5.34387e-05
192 256 0 192 192 288 cost 5.11074e-05
128 192 128 192 0 32 cost 4.80787e-05
0 128 64 128 160 256 cost 4.71527e-05
192 256 192 256 0 32 cost 4.69716e-05
256 294 0 192 192 728 cost 4.3581e-05
128 192 0 128 256 728 cost 4.00188e-05
0 128 128 192 256 352 cost 3.94825e-05
0 128 192 256 480 728 cost 2.41119e-05
256 294 192 256 448 728 cost 1.47537e-05
0 128 0 64 0 728 cost 1.24422e-05
0 128 256 386 352 448 cost 1.15734e-05
0 128 256 386 512 728 cost 1.1313e-05
256 294 256 386 0 224 cost 8.0871e-06
256 294 256 386 224 728 cost 5.4942e-06
0 128 256 386 320 352 cost 4.8249e-06
0 128 256 386 448 480 cost 2.0325e-06
0 128 256 386 480 512 cost 2.0139e-06
partitioning time: 316.364964 seconds
