hostname : cph-gpu1.uncc.edu
bounding: [1053872.965;1068485.726]x[860186.8419;879395.9741]x[3;730]
read 11056 observations
res: 100 100 1 bw: 500 500 7
box size: 148 x 194 x 728
nbparts: 16
mem: 0.02665328979 GB (this is an order of magnitude)
5689 states processed
solution: 0.0050045076 in 16 boxes.
naive: 0.0609225435 speedup:12.17353402
sumload:0.0638201047 overhead:1.047561396
64 128 0 128 96 160 cost 0.0050045076
64 128 0 128 32 64 cost 0.0048530142
0 64 64 194 64 160 cost 0.0048526756
64 128 0 128 224 352 cost 0.0044917338
64 128 0 128 352 728 cost 0.0044296068
0 64 0 64 0 728 cost 0.0043739269
0 64 64 194 160 728 cost 0.0042751539
64 128 128 194 0 64 cost 0.0041004771
64 128 0 128 64 96 cost 0.0040719836
64 128 0 128 160 224 cost 0.0039602037
128 148 0 194 0 728 cost 0.0036340626
0 64 64 194 0 64 cost 0.0035536667
64 128 128 194 256 728 cost 0.0035334771
64 128 128 194 128 256 cost 0.0032668233
64 128 128 194 64 128 cost 0.003199859
64 128 0 128 0 32 cost 0.0022189328
partitioning time: 3.798598 seconds
