hostname : cph-c75.uncc.edu
bounding: [-130;-65]x[20;50]x[5875;5958]
read 588189 observations
res: 0.1 0.1 1 bw: 1 1 3
box size: 651 x 301 x 84
nbparts: 128
solution: 0.2501244536 in 134 boxes.
naive: 7.046724289 speedup:28.17287229
sumload:8.371776172 overhead:1.188037992
488 569 187 225 52 63 cost 0.2501244536
488 569 187 225 42 52 cost 0.2466780705
0 162 150 225 42 63 cost 0.2258684228
488 569 187 225 31 42 cost 0.2174510608
162 325 75 150 42 63 cost 0.2064326909
488 651 150 225 0 21 cost 0.1953171414
162 325 75 150 21 42 cost 0.1890944242
81 162 112 150 52 63 cost 0.1705982813
325 488 150 225 0 21 cost 0.1584698129
488 569 187 225 73 84 cost 0.157350828
488 569 187 225 63 73 cost 0.1568621862
406 488 187 225 52 63 cost 0.1559043549
406 488 187 225 42 52 cost 0.1528871894
325 488 75 150 0 21 cost 0.1497105513
81 162 112 150 42 52 cost 0.1475276593
325 488 225 301 42 63 cost 0.1406095843
406 488 187 225 31 42 cost 0.1271333231
0 162 225 301 42 63 cost 0.1237139016
488 569 187 225 21 31 cost 0.1198549451
0 162 75 150 63 84 cost 0.1170778798
325 406 75 112 42 52 cost 0.1154038379
162 325 150 225 42 63 cost 0.1110513313
406 488 112 150 42 52 cost 0.1082509959
0 162 75 150 21 42 cost 0.1079436287
325 488 225 301 21 42 cost 0.1034656844
0 162 150 225 63 84 cost 0.1019335703
0 162 150 225 21 42 cost 0.1016370865
406 488 112 150 52 63 cost 0.1010917853
488 569 150 187 52 63 cost 0.0995456093
406 488 187 225 63 73 cost 0.0966010157
488 651 75 150 42 63 cost 0.0964105584
325 406 75 112 31 42 cost 0.092657023
488 569 150 187 42 52 cost 0.0904450745
325 488 225 301 63 84 cost 0.0883820321
325 406 112 150 42 52 cost 0.0874791228
406 488 75 112 42 52 cost 0.0870409361
0 162 225 301 63 84 cost 0.08527028
325 406 112 150 31 42 cost 0.0851195382
406 488 150 187 42 52 cost 0.0806261804
406 488 150 187 52 63 cost 0.0801035691
406 488 112 150 31 42 cost 0.0778513113
488 569 150 187 31 42 cost 0.0778114607
488 651 0 75 42 63 cost 0.0774941415
406 488 187 225 21 31 cost 0.0767533159
406 488 187 225 73 84 cost 0.0743306335
488 651 225 301 42 63 cost 0.0733270472
325 406 75 112 52 63 cost 0.0690446743
406 488 75 112 52 63 cost 0.0678955169
162 325 150 225 21 42 cost 0.0676067251
406 488 150 187 31 42 cost 0.0661980214
406 488 75 112 31 42 cost 0.0650046607
162 325 75 150 63 84 cost 0.062933459
406 488 112 150 63 73 cost 0.0615940412
162 325 75 150 0 21 cost 0.0606650858
325 488 0 75 42 63 cost 0.0583943874
0 162 150 225 0 21 cost 0.057355302
0 162 225 301 21 42 cost 0.0570204777
488 651 75 150 21 42 cost 0.056967206
0 162 75 150 0 21 cost 0.0561879041
488 569 150 187 63 73 cost 0.0552005549
488 651 225 301 21 42 cost 0.0521604498
325 406 150 187 42 52 cost 0.0514203407
162 325 150 225 63 84 cost 0.0506413314
406 488 150 187 63 73 cost 0.0484525259
488 651 0 75 21 42 cost 0.0481690103
325 406 187 225 42 52 cost 0.0479092838
325 406 112 150 52 63 cost 0.0476533968
488 569 150 187 21 31 cost 0.0465186042
569 651 187 225 42 52 cost 0.0455426084
488 651 225 301 63 84 cost 0.0455378248
325 488 225 301 0 21 cost 0.0449086902
325 406 75 112 21 31 cost 0.0418954225
325 406 75 112 63 73 cost 0.0417531316
569 651 187 225 52 63 cost 0.0411081117
325 406 187 225 31 42 cost 0.0403423305
488 569 150 187 73 84 cost 0.0402774115
325 406 150 187 31 42 cost 0.039804515
406 488 112 150 21 31 cost 0.0391955565
325 406 112 150 21 31 cost 0.0374460038
325 488 0 75 21 42 cost 0.0374428191
406 488 75 112 63 73 cost 0.0370673782
406 488 150 187 73 84 cost 0.036942408
325 406 75 112 73 84 cost 0.0366754974
488 651 75 150 63 84 cost 0.0366614979
569 651 187 225 31 42 cost 0.0366492211
406 488 150 187 21 31 cost 0.035408484
325 406 187 225 52 63 cost 0.035338682
325 406 150 187 52 63 cost 0.0350944468
406 488 112 150 73 84 cost 0.0344477951
569 651 187 225 63 73 cost 0.0298164834
325 406 112 150 63 73 cost 0.0296791593
569 651 187 225 73 84 cost 0.0293195156
406 488 75 112 21 31 cost 0.0287261122
0 162 225 301 0 21 cost 0.028593552
162 325 150 225 0 21 cost 0.0255567436
325 406 112 150 73 84 cost 0.0246570619
488 651 225 301 0 21 cost 0.0232955885
488 651 0 75 63 84 cost 0.0228033158
569 651 187 225 21 31 cost 0.021382701
325 406 187 225 21 31 cost 0.0201860117
406 488 75 112 73 84 cost 0.01923017
325 406 187 225 63 73 cost 0.0185394705
325 406 150 187 21 31 cost 0.0183187934
325 406 187 225 73 84 cost 0.0181702064
325 406 150 187 63 73 cost 0.0175363267
488 651 75 150 0 21 cost 0.0175048711
162 325 0 75 42 63 cost 0.0169399773
325 488 0 75 63 84 cost 0.0168696114
325 406 150 187 73 84 cost 0.0135858137
488 651 0 75 0 21 cost 0.0126250878
162 325 0 75 21 42 cost 0.0124331466
162 325 225 301 42 63 cost 0.0108315056
325 488 0 75 0 21 cost 0.0096047101
162 325 225 301 21 42 cost 0.0074000753
162 325 225 301 63 84 cost 0.006345361
162 325 0 75 0 21 cost 0.0035309139
162 325 225 301 0 21 cost 0.0029445854
162 325 0 75 63 84 cost 0.0025913578
0 81 112 150 52 63 cost 0.0008027782
0 81 112 150 42 52 cost 0.0005752502
81 162 75 112 42 52 cost 5.42455e-05
81 162 75 112 52 63 cost 2.86503e-05
0 162 0 75 42 63 cost 1.21205e-05
0 162 0 75 63 84 cost 1.21205e-05
569 651 150 187 63 73 cost 1.13163e-05
0 162 0 75 0 21 cost 1.1145e-05
569 651 150 187 42 52 cost 1.00738e-05
0 162 0 75 21 42 cost 5.7911e-06
569 651 150 187 52 63 cost 3.6471e-06
569 651 150 187 31 42 cost 2.9509e-06
569 651 150 187 21 31 cost 8.401e-07
569 651 150 187 73 84 cost 6.865e-07
0 81 75 112 42 52 cost 0
0 81 75 112 52 63 cost 0
partitioning time: 13.598361 seconds
