hostname : cph-c37.uncc.edu
bounding: [1053872.965;1068485.726]x[860186.8419;879395.9741]x[3;730]
read 11056 observations
res: 50 50 1 bw: 100 100 1
box size: 294 x 386 x 728
nbparts: 32
max load allowed: 0.0003322453687
max states: 2695392
mem: 0.240986824 GB (this is an order of magnitude)
49028 states processed
solution: 0.000331445 in 32 boxes.
naive: 0.0053159259 speedup:16.03863658
sumload:0.0053531863 overhead:1.007009202
192 256 192 256 0 192 cost 0.000331445
128 192 192 256 128 384 cost 0.0003265926
128 192 128 192 0 128 cost 0.0003192909
128 192 192 256 0 128 cost 0.0003118659
0 128 64 128 0 256 cost 0.000307674
128 192 256 320 0 384 cost 0.0003073665
128 192 128 192 128 728 cost 0.0003035484
192 256 256 320 0 192 cost 0.0003034274
0 128 128 192 0 128 cost 0.0003016527
0 128 192 256 0 256 cost 0.000286032
192 256 192 256 192 728 cost 0.0002559265
192 256 320 386 0 256 cost 0.0002063019
0 128 128 192 128 728 cost 0.0002054688
128 192 0 128 0 728 cost 0.0001986012
0 128 256 386 0 320 cost 0.0001870734
256 294 0 256 0 192 cost 0.0001783734
192 256 0 192 0 192 cost 0.0001446057
256 294 0 256 192 728 cost 0.0001156839
128 192 320 386 0 728 cost 0.0001155408
192 256 0 192 192 728 cost 0.0001085913
192 256 256 320 192 384 cost 0.0001000849
128 192 192 256 384 728 cost 8.95179e-05
192 256 320 386 256 728 cost 7.81782e-05
0 128 192 256 256 728 cost 5.97873e-05
192 256 256 320 384 728 cost 5.93083e-05
0 128 64 128 256 728 cost 5.42799e-05
128 192 256 320 384 728 cost 3.91863e-05
0 128 256 386 448 728 cost 1.53594e-05
256 294 256 386 0 728 cost 1.35813e-05
0 128 0 64 0 728 cost 1.24422e-05
0 128 256 386 384 448 cost 8.5791e-06
0 128 256 386 320 384 cost 7.8192e-06
partitioning time: 58.764370 seconds
