hostname : cph-gpu1.uncc.edu
bounding: [1053872.965;1068485.726]x[860186.8419;879395.9741]x[3;730]
read 11056 observations
res: 100 100 1 bw: 500 500 7
box size: 148 x 194 x 728
nbparts: 64
mem: 0.1066131592 GB (this is an order of magnitude)
29457 states processed
solution: 0.0043783762 in 34 boxes.
naive: 0.0609225435 speedup:13.91441501
sumload:0.0642646086 overhead:1.054857609
64 128 64 128 32 64 cost 0.0043783762
0 64 0 64 0 728 cost 0.0043739269
64 128 64 128 224 352 cost 0.0042224026
64 128 64 128 352 728 cost 0.0041712825
64 128 128 194 0 64 cost 0.0041004771
64 128 64 128 160 224 cost 0.0037759472
64 128 64 128 64 96 cost 0.0036769424
0 64 64 194 192 728 cost 0.0035986451
0 64 64 194 0 64 cost 0.0035536667
64 128 128 194 256 728 cost 0.0035334771
64 128 128 194 128 256 cost 0.0032668233
0 64 64 194 96 192 cost 0.003235053
64 128 128 194 64 128 cost 0.003199859
64 128 64 128 96 128 cost 0.002454413
0 64 64 194 64 96 cost 0.0024463754
64 128 64 128 128 160 cost 0.0022532487
64 128 0 64 0 728 cost 0.0022049284
64 128 64 128 0 32 cost 0.0019537509
128 148 0 128 32 64 cost 0.0005403618
128 148 0 128 64 96 cost 0.0005365596
128 148 0 128 128 192 cost 0.00050556
128 148 0 128 256 352 cost 0.0004993878
128 148 0 128 352 728 cost 0.0004677934
128 148 0 128 96 128 cost 0.0004240608
128 148 0 128 192 256 cost 0.000384761
128 148 0 128 0 32 cost 0.0002001492
128 148 128 194 32 64 cost 5.45768e-05
128 148 128 194 384 728 cost 5.38631e-05
128 148 128 194 160 256 cost 4.96958e-05
128 148 128 194 64 96 cost 3.74134e-05
128 148 128 194 96 128 cost 3.69803e-05
128 148 128 194 256 384 cost 3.63311e-05
128 148 128 194 128 160 cost 2.74449e-05
128 148 128 194 0 32 cost 1.00741e-05
partitioning time: 23.754218 seconds
