hostname : cph-c54.uncc.edu
bounding: [1053872.965;1068485.726]x[860186.8419;879395.9741]x[3;730]
read 11056 observations
res: 50 50 1 bw: 2500 2500 14
box size: 294 x 386 x 728
nbparts: 64
mem: 35.32783127 GB (this is an order of magnitude)
1264103 states processed
solution: 0.1597395218 in 64 boxes.
naive: 8.268027147 speedup:51.75943345
sumload:8.511571242 overhead:1.029456131
32 96 192 224 0 728 cost 0.1597395218
96 128 128 192 64 160 cost 0.1589263976
224 256 224 386 0 64 cost 0.1575729272
32 96 128 192 128 728 cost 0.1570032616
224 256 224 386 256 728 cost 0.156389684
160 224 192 224 128 256 cost 0.1540944324
160 224 256 288 0 96 cost 0.1532358178
96 128 192 386 128 256 cost 0.152273464
128 160 224 386 128 256 cost 0.1521890297
160 224 160 192 0 96 cost 0.1518364995
96 128 192 386 64 128 cost 0.1506478955
256 294 0 288 224 728 cost 0.1487548496
32 96 256 386 0 728 cost 0.1482502676
224 256 0 224 224 728 cost 0.1475846863
160 224 160 192 224 728 cost 0.1472037754
160 224 288 320 0 128 cost 0.1469671073
32 96 0 128 0 96 cost 0.1468477734
96 128 192 386 0 64 cost 0.1456342359
32 96 0 128 96 728 cost 0.1452186255
256 294 0 288 0 96 cost 0.1451801141
160 224 192 224 256 728 cost 0.1432754966
32 96 224 256 0 728 cost 0.1429853697
224 256 224 386 128 256 cost 0.1417092098
256 294 288 386 0 728 cost 0.1409447731
160 224 288 320 128 728 cost 0.1398586631
96 128 128 192 160 728 cost 0.1394623973
128 160 224 386 0 64 cost 0.1384524275
160 224 224 256 128 256 cost 0.1363833751
160 224 160 192 96 224 cost 0.1361525085
160 224 256 288 192 728 cost 0.1356777421
96 128 0 128 96 728 cost 0.1356272224
96 128 0 128 0 96 cost 0.1354506389
128 160 192 224 128 728 cost 0.1353789139
224 256 0 224 0 96 cost 0.1337858749
32 96 128 192 64 128 cost 0.1335923047
160 224 0 160 0 64 cost 0.1335870005
224 256 224 386 64 128 cost 0.1334948767
128 160 224 386 256 728 cost 0.1332352379
128 160 224 386 64 128 cost 0.1327912565
96 128 192 386 256 728 cost 0.1305277354
256 294 0 288 96 224 cost 0.1303885169
160 224 224 256 256 728 cost 0.1278461829
160 224 0 160 128 256 cost 0.1269316258
224 256 0 224 96 224 cost 0.1250402759
128 160 0 128 96 728 cost 0.1248990776
128 160 160 192 0 128 cost 0.124069529
160 224 0 160 64 128 cost 0.1232994003
128 160 192 224 0 128 cost 0.1215180659
128 160 160 192 128 728 cost 0.1211898418
160 224 192 224 64 128 cost 0.1197889802
128 160 0 128 0 96 cost 0.1191015832
160 224 192 224 0 64 cost 0.1183132993
96 128 128 192 0 64 cost 0.1181567791
160 224 320 386 64 192 cost 0.1176840031
32 96 128 192 0 64 cost 0.117119896
160 224 0 160 256 728 cost 0.1167223573
128 160 128 160 0 128 cost 0.1153757758
160 224 320 386 192 728 cost 0.1114085113
160 224 224 256 0 64 cost 0.1091181774
160 224 224 256 64 128 cost 0.1070355777
160 224 320 386 0 64 cost 0.1028108318
160 224 256 288 96 192 cost 0.1002877949
128 160 128 160 128 728 cost 0.0948032569
0 32 0 386 0 728 cost 0.0607385111
partitioning time: 1309.451692 seconds
