hostname : cph-c36.uncc.edu
bounding: [1053872.965;1068485.726]x[860186.8419;879395.9741]x[3;730]
read 11056 observations
res: 100 100 1 bw: 500 500 7
box size: 148 x 194 x 728
nbparts: 64
max states: 21861824
mem: 1.95459938 GB (this is an order of magnitude)
4899873 states processed
solution: 0.0018730388 in 45 boxes.
naive: 0.0609225435 speedup:32.52604458
sumload:0.063175103 overhead:1.036974154
32 64 32 96 192 480 cost 0.0018730388
96 148 128 160 192 728 cost 0.0018728222
64 96 128 160 96 352 cost 0.0018697513
96 128 128 160 64 192 cost 0.0018674469
32 64 32 64 64 192 cost 0.0018559092
64 96 64 96 64 128 cost 0.0018524605
32 64 96 128 96 480 cost 0.0018507651
64 96 64 96 128 256 cost 0.0018158971
96 128 96 128 128 256 cost 0.0018156008
32 64 96 128 0 96 cost 0.0018139582
64 96 96 128 0 64 cost 0.0018111135
32 128 96 128 480 728 cost 0.0017849717
64 128 32 64 0 288 cost 0.0017678479
96 148 160 194 0 128 cost 0.0017575662
64 96 96 128 128 192 cost 0.0017360616
96 128 64 96 0 192 cost 0.0017321337
64 96 64 96 256 728 cost 0.0017309092
32 64 64 96 0 64 cost 0.0016450261
96 148 160 194 128 728 cost 0.0016327795
64 96 128 160 0 96 cost 0.0016143166
96 148 128 160 0 64 cost 0.0015544453
96 128 96 128 0 64 cost 0.001547705
64 96 64 96 32 64 cost 0.0015116561
32 64 32 64 0 64 cost 0.0014943765
32 64 128 160 0 352 cost 0.0014860685
32 64 64 96 96 192 cost 0.0014556995
96 128 96 128 64 128 cost 0.0014526978
64 96 96 128 192 288 cost 0.0013845311
32 96 160 194 0 728 cost 0.0013789175
128 148 96 128 0 192 cost 0.0013373087
96 128 64 96 192 728 cost 0.0013202859
128 148 32 128 192 728 cost 0.0013132182
64 96 96 128 64 96 cost 0.0012686956
96 128 96 128 256 480 cost 0.0012671166
32 64 64 96 64 96 cost 0.0012599525
64 96 96 128 288 480 cost 0.0011016347
0 32 32 194 0 728 cost 0.00108564
32 96 128 160 352 728 cost 0.0007990061
64 96 96 128 96 128 cost 0.0007888971
128 148 32 96 0 192 cost 0.0007100393
32 64 32 96 480 728 cost 0.0006596725
64 96 64 96 0 32 cost 0.0005910201
64 128 32 64 288 728 cost 0.000334662
0 148 0 32 0 728 cost 0.00026475
128 148 128 160 64 192 cost 0.0001067303
partitioning time: 1136.833936 seconds
