hostname : cph-c14.uncc.edu
bounding: [1053872.965;1068485.726]x[860186.8419;879395.9741]x[3;730]
read 11056 observations
res: 100 100 1 bw: 500 500 7
box size: 148 x 194 x 728
nbparts: 32
max states: 10930912
mem: 0.9772996902 GB (this is an order of magnitude)
1245858 states processed
solution: 0.0022123191 in 32 boxes.
naive: 0.0609225435 speedup:27.53786445
sumload:0.06400859 overhead:1.050655247
96 128 128 194 96 224 cost 0.0022123191
64 128 64 194 576 728 cost 0.0022109253
64 148 0 64 0 728 cost 0.0022049284
64 96 96 194 288 576 cost 0.0021894549
96 128 64 96 0 256 cost 0.0021815849
96 128 128 194 224 576 cost 0.0021522052
64 96 128 194 64 192 cost 0.0021345555
96 128 96 160 32 64 cost 0.0021212525
64 96 96 194 192 288 cost 0.0021189088
64 96 96 160 32 64 cost 0.0021148076
0 64 64 128 96 160 cost 0.0021111574
0 64 64 128 160 352 cost 0.0021065856
96 128 96 194 64 96 cost 0.0020951517
0 64 64 128 32 64 cost 0.0020920266
0 64 64 128 64 96 cost 0.0020869213
64 128 64 96 256 576 cost 0.0020606283
96 128 96 128 224 576 cost 0.0020351811
64 128 96 160 0 32 cost 0.0020109132
0 64 128 194 32 352 cost 0.0020008485
64 96 64 96 0 64 cost 0.0019952402
96 128 96 128 96 224 cost 0.0019869045
128 148 64 194 128 728 cost 0.001972765
64 96 96 128 64 128 cost 0.0019556647
0 64 0 194 352 728 cost 0.0019160061
64 96 64 96 64 128 cost 0.0018524605
0 64 0 64 32 96 cost 0.001831422
64 96 64 96 128 256 cost 0.0018158971
0 64 0 64 96 352 cost 0.0017653465
64 96 96 128 128 192 cost 0.0017360616
0 64 0 194 0 32 cost 0.0017099343
128 148 64 194 0 128 cost 0.0017068376
64 128 160 194 0 64 cost 0.001523694
partitioning time: 225.430502 seconds
