hostname : cph-c44.uncc.edu
bounding: [1053872.965;1068485.726]x[860186.8419;879395.9741]x[3;730]
read 11056 observations
res: 50 50 1 bw: 2500 2500 1
box size: 294 x 386 x 728
nbparts: 32
mem: 0.240986824 GB (this is an order of magnitude)
39841 states processed
solution: 0.0820604589 in 32 boxes.
naive: 2.038316503 speedup:24.83920429
sumload:2.058693095 overhead:1.009996776
128 192 64 192 0 64 cost 0.0820604589
192 256 320 386 0 728 cost 0.0792247882
192 256 0 256 0 64 cost 0.0775817188
128 192 256 386 64 192 cost 0.0767021377
128 192 64 192 64 128 cost 0.0747980206
64 128 256 386 0 728 cost 0.0745388887
256 294 0 386 128 728 cost 0.074260437
64 128 192 256 0 128 cost 0.0741256857
192 256 0 256 64 128 cost 0.0738724997
128 192 64 192 128 256 cost 0.0737992204
192 256 256 320 128 728 cost 0.0736024038
192 256 256 320 0 128 cost 0.0732476118
128 192 192 256 128 256 cost 0.0709933838
64 128 0 128 0 128 cost 0.0708993524
192 256 0 256 320 728 cost 0.0700705823
192 256 0 256 192 320 cost 0.0686508241
64 128 128 192 128 728 cost 0.0677959926
128 192 256 386 192 728 cost 0.0666953272
128 192 64 192 256 728 cost 0.0663522011
64 128 192 256 128 728 cost 0.0656227303
256 294 0 386 0 128 cost 0.0627832916
128 192 192 256 256 728 cost 0.0624818853
0 64 0 192 0 728 cost 0.0574960315
128 192 192 256 0 64 cost 0.0569146514
128 192 192 256 64 128 cost 0.0563868492
192 256 0 256 128 192 cost 0.0550786181
128 192 256 386 0 64 cost 0.0541818266
64 128 128 192 64 128 cost 0.0507505172
64 128 128 192 0 64 cost 0.0473612223
0 64 192 386 0 728 cost 0.0460973584
64 128 0 128 128 728 cost 0.0435323587
128 192 0 64 0 728 cost 0.0107342199
partitioning time: 23.413592 seconds
