hostname : cph-gpu2.uncc.edu
bounding: [-130;-65]x[20;50]x[5875;5958]
read 588189 observations
res: 0.1 0.1 1 bw: 5 5 14
box size: 651 x 301 x 84
nbparts: 16
max states: 989824
mem: 0.08849716187 GB (this is an order of magnitude)
178132 states processed
solution: 29.33689405 in 16 boxes.
naive: 430.2508241 speedup:14.66586147
sumload:430.5762214 overhead:1.000756297
0 96 96 301 0 84 cost 29.33689405
416 480 192 301 0 84 cost 28.80437371
224 448 128 160 0 84 cost 28.79004908
224 416 192 301 0 84 cost 28.61796516
96 224 160 301 0 84 cost 27.88545354
96 224 96 160 0 84 cost 27.88412781
224 448 96 128 0 84 cost 27.1201785
0 416 0 96 0 84 cost 26.80922269
512 651 224 301 0 84 cost 26.74202356
512 651 192 224 0 84 cost 26.70583467
480 651 96 160 0 84 cost 26.34663463
416 651 0 96 0 84 cost 25.79952568
224 448 160 192 0 84 cost 25.66844105
512 651 160 192 0 84 cost 25.63428168
480 512 160 301 0 84 cost 25.42684425
448 480 96 192 0 84 cost 23.00437136
partitioning time: 1463.657326 seconds
