hostname : cph-c54.uncc.edu
bounding: [1053872.965;1068485.726]x[860186.8419;879395.9741]x[3;730]
read 11056 observations
res: 100 100 1 bw: 250 250 1
box size: 148 x 194 x 728
nbparts: 32
max load allowed: 0.0009609385781
max states: 2732544
mem: 0.2443084717 GB (this is an order of magnitude)
71395 states processed
solution: 0.0009598203 in 20 boxes.
naive: 0.0102500115 speedup:10.67909431
sumload:0.0103198134 overhead:1.006809934
0 64 64 96 0 704 cost 0.0009598203
96 128 128 194 0 192 cost 0.0009233491
96 128 0 128 0 192 cost 0.0009218339
64 96 96 128 0 192 cost 0.0008890771
64 96 128 194 0 728 cost 0.0008861787
0 64 96 194 0 256 cost 0.0008677257
64 96 64 96 0 192 cost 0.0007831354
0 64 0 64 0 728 cost 0.0007385289
96 128 0 128 192 728 cost 0.0006960883
128 148 0 194 0 728 cost 0.000601062
64 96 96 128 192 728 cost 0.0005260673
64 96 64 96 192 640 cost 0.0003866222
64 96 0 64 0 256 cost 0.0003030627
96 128 128 194 192 384 cost 0.0002952593
0 64 96 194 256 728 cost 0.0002225442
96 128 128 194 512 728 cost 0.0001215321
96 128 128 194 384 512 cost 9.03168e-05
64 96 0 64 256 728 cost 7.52658e-05
64 96 64 96 640 728 cost 2.56941e-05
0 64 64 96 704 728 cost 6.6495e-06
partitioning time: 93.683819 seconds
