hostname : cph-c74.uncc.edu
bounding: [-130;-65]x[20;50]x[5875;5958]
read 588189 observations
res: 0.5 0.5 1 bw: 1 1 3
box size: 131 x 61 x 84
nbparts: 2048
solution: 0.0011367092 in 2052 boxes.
naive: 0.4197653131 speedup:369.2811786
sumload:0.7151267409 overhead:1.703634671
65 81 37 45 63 73 cost 0.0011367092
81 98 15 22 73 84 cost 0.0011353732
110 114 41 43 52 54 cost 0.0011346596
81 89 41 45 73 78 cost 0.0011342398
65 81 15 22 0 10 cost 0.001132423
81 98 45 53 10 21 cost 0.0011305635
110 114 41 43 39 42 cost 0.0011283829
65 73 18 22 26 31 cost 0.0011150341
110 114 39 41 52 54 cost 0.0011112634
98 114 45 53 31 42 cost 0.0011048422
65 81 37 45 73 84 cost 0.001102453
89 98 11 15 47 52 cost 0.0011014711
89 98 11 15 42 47 cost 0.0010999292
89 98 11 15 36 42 cost 0.0010985956
110 114 39 41 39 42 cost 0.0010965964
0 16 53 61 63 73 cost 0.0010956644
89 98 26 30 31 36 cost 0.0010940045
114 122 41 45 63 68 cost 0.001090791
110 114 41 43 54 57 cost 0.0010870395
114 122 41 45 73 78 cost 0.0010857977
48 65 30 37 31 42 cost 0.0010851074
32 40 26 30 47 52 cost 0.0010850322
98 114 15 22 42 52 cost 0.001084782
24 28 26 28 49 52 cost 0.0010828644
110 114 39 41 54 57 cost 0.001081763
98 106 30 33 52 57 cost 0.0010803198
32 65 0 15 42 63 cost 0.0010745847
56 65 18 22 47 52 cost 0.0010741455
89 98 18 22 47 52 cost 0.0010728694
98 106 33 37 42 47 cost 0.0010703462
32 48 22 30 10 21 cost 0.0010697492
0 16 30 37 63 73 cost 0.0010616741
110 114 41 43 36 39 cost 0.0010601301
110 114 41 43 47 49 cost 0.0010578136
65 81 22 30 0 10 cost 0.0010570469
110 114 41 43 44 47 cost 0.0010565785
89 98 41 45 26 31 cost 0.001055598
89 98 26 30 68 73 cost 0.0010539497
32 48 37 45 52 63 cost 0.0010504424
98 106 30 33 47 52 cost 0.0010484964
89 98 22 26 42 47 cost 0.0010476416
98 106 11 15 36 42 cost 0.0010471601
89 98 15 18 52 57 cost 0.0010460399
89 98 37 41 31 36 cost 0.0010413725
65 73 18 22 57 63 cost 0.0010407624
89 98 22 26 52 57 cost 0.0010396314
110 114 39 41 36 39 cost 0.0010367172
89 98 18 22 42 47 cost 0.0010351046
110 114 41 43 78 81 cost 0.0010345662
110 114 41 43 57 60 cost 0.0010293177
98 131 15 30 0 21 cost 0.0010284437
110 114 41 43 75 78 cost 0.0010251071
16 32 53 61 63 73 cost 0.0010237359
89 98 37 41 63 68 cost 0.0010234535
110 114 41 43 60 63 cost 0.0010229391
81 98 15 22 10 21 cost 0.0010165913
110 114 39 41 57 60 cost 0.0010164558
110 114 39 41 44 47 cost 0.0010160611
65 81 30 37 21 31 cost 0.0010147739
98 114 30 37 0 10 cost 0.0010143242
110 114 39 41 47 49 cost 0.0010106488
56 65 22 26 36 42 cost 0.0010104792
32 40 26 30 31 36 cost 0.0010083433
81 89 45 49 47 52 cost 0.0010082393
20 24 28 30 49 52 cost 0.0010034436
65 73 26 30 47 52 cost 0.0010016953
110 114 39 41 60 63 cost 0.0009971637
32 48 37 45 42 52 cost 0.0009953683
81 89 41 45 68 73 cost 0.0009953289
110 114 39 41 78 81 cost 0.0009930287
114 122 41 45 31 36 cost 0.0009896482
114 122 41 45 78 84 cost 0.0009892074
81 98 30 37 0 10 cost 0.0009882355
20 24 26 28 49 52 cost 0.0009846808
98 106 37 41 73 78 cost 0.0009843854
98 106 26 30 47 52 cost 0.0009839158
110 114 39 41 75 78 cost 0.0009798253
24 28 26 28 54 57 cost 0.0009797436
65 81 30 37 63 73 cost 0.0009789883
98 106 30 33 57 63 cost 0.0009788895
65 81 45 53 63 73 cost 0.0009786911
106 114 37 41 5 10 cost 0.0009768552
8 16 33 37 52 57 cost 0.0009747425
89 98 30 33 47 52 cost 0.000971133
89 98 18 22 36 42 cost 0.000969712
98 106 37 41 63 68 cost 0.000966999
89 98 22 26 57 63 cost 0.000966926
56 65 22 26 42 47 cost 0.0009627976
89 98 11 15 52 57 cost 0.0009603215
16 32 45 53 52 63 cost 0.0009590855
8 16 33 37 57 63 cost 0.0009590592
81 89 45 49 52 57 cost 0.000958896
106 114 33 37 52 57 cost 0.0009584698
81 89 37 41 47 52 cost 0.0009512964
114 131 45 53 63 73 cost 0.0009453275
48 65 37 45 31 42 cost 0.0009451595
98 106 11 15 52 57 cost 0.0009410447
16 24 33 37 42 47 cost 0.0009368224
114 131 37 45 10 21 cost 0.0009363639
16 24 30 33 52 57 cost 0.0009352028
89 98 41 45 73 78 cost 0.0009333874
81 89 45 49 57 63 cost 0.0009323921
89 98 41 45 68 73 cost 0.0009307754
106 114 37 41 10 15 cost 0.0009260308
89 98 30 33 52 57 cost 0.0009247637
20 24 28 30 54 57 cost 0.0009244804
81 89 41 45 26 31 cost 0.0009239116
65 73 18 22 63 68 cost 0.0009230493
65 73 22 26 52 57 cost 0.000922014
16 24 30 33 47 52 cost 0.0009193545
98 106 26 30 52 57 cost 0.0009193524
16 24 26 30 68 73 cost 0.0009186247
32 48 22 30 63 73 cost 0.0009179432
98 106 33 37 31 36 cost 0.0009176542
0 16 45 53 63 73 cost 0.0009161706
89 98 22 26 36 42 cost 0.0009147358
81 98 7 15 63 73 cost 0.0009114806
106 114 33 37 47 52 cost 0.0009084613
89 98 18 22 52 57 cost 0.0009067306
16 32 30 37 0 10 cost 0.0009062871
81 89 41 45 78 84 cost 0.0009053999
98 106 41 45 47 52 cost 0.0009042509
65 73 18 22 73 78 cost 0.0009031811
98 106 30 33 36 42 cost 0.0009025538
20 24 26 28 54 57 cost 0.0009022548
24 32 26 30 68 73 cost 0.000900044
8 16 33 37 47 52 cost 0.0008984098
24 28 28 30 49 52 cost 0.0008976175
56 65 26 30 36 42 cost 0.0008963208
106 114 33 37 57 63 cost 0.0008959126
98 106 26 30 42 47 cost 0.0008913381
81 89 37 41 36 42 cost 0.0008905583
98 106 26 30 57 63 cost 0.0008884404
48 65 15 22 21 31 cost 0.00088813
89 98 45 49 57 63 cost 0.0008864322
114 122 41 45 68 73 cost 0.000885632
110 114 41 43 33 36 cost 0.0008836197
0 16 53 61 42 52 cost 0.0008830998
98 106 37 41 26 31 cost 0.0008823226
89 98 37 41 73 78 cost 0.0008817338
65 81 45 53 73 84 cost 0.0008806011
16 24 26 30 31 36 cost 0.0008803468
24 28 26 28 52 54 cost 0.0008756048
65 73 22 26 26 31 cost 0.0008733851
48 65 22 30 63 73 cost 0.0008723757
65 73 26 30 31 36 cost 0.0008711658
110 114 39 41 33 36 cost 0.0008711208
98 106 30 33 42 47 cost 0.000869887
106 114 41 45 5 10 cost 0.000869387
65 73 18 22 68 73 cost 0.0008693319
114 122 45 49 47 52 cost 0.0008690376
81 89 45 49 36 42 cost 0.0008678901
65 73 18 22 78 84 cost 0.0008672318
81 89 37 41 42 47 cost 0.0008665628
65 73 18 22 15 21 cost 0.0008586773
24 28 26 28 57 60 cost 0.0008586655
24 32 26 30 31 36 cost 0.0008569606
65 81 37 45 10 21 cost 0.0008567084
98 106 37 41 68 73 cost 0.0008542001
16 32 53 61 42 52 cost 0.0008527151
98 114 15 22 31 42 cost 0.0008510841
24 32 22 26 52 57 cost 0.000848813
106 110 39 41 49 52 cost 0.0008486555
89 98 37 41 26 31 cost 0.0008471518
81 89 37 41 52 57 cost 0.0008452115
16 24 33 37 63 68 cost 0.0008450082
65 81 45 53 21 31 cost 0.0008444418
48 65 22 30 10 21 cost 0.0008426556
32 40 26 30 52 57 cost 0.000840951
24 32 22 26 47 52 cost 0.0008387475
89 98 30 33 42 47 cost 0.0008384658
65 73 18 22 21 26 cost 0.0008380212
81 98 7 15 21 31 cost 0.0008369381
81 89 45 49 42 47 cost 0.0008368428
89 98 26 30 73 78 cost 0.0008363344
32 40 22 26 36 42 cost 0.0008358905
89 98 30 33 36 42 cost 0.0008344947
114 131 45 53 73 84 cost 0.0008343228
110 114 41 43 65 68 cost 0.0008341862
98 106 41 45 36 42 cost 0.0008340931
89 98 30 33 57 63 cost 0.0008305915
81 89 18 22 47 52 cost 0.0008303624
89 98 26 30 26 31 cost 0.0008296036
89 98 15 18 31 36 cost 0.0008288309
98 106 26 30 36 42 cost 0.0008278738
110 114 41 43 42 44 cost 0.0008277606
106 114 41 45 10 15 cost 0.000825553
98 106 33 37 63 68 cost 0.0008238637
24 28 28 30 54 57 cost 0.0008213306
106 114 33 37 36 42 cost 0.0008202556
98 106 37 41 78 84 cost 0.0008180705
0 16 30 37 31 42 cost 0.0008167434
81 98 45 53 0 10 cost 0.0008163852
56 65 26 30 42 47 cost 0.0008163543
98 114 15 22 52 63 cost 0.0008147711
98 106 41 45 52 57 cost 0.0008108482
24 32 30 33 47 52 cost 0.0008107227
20 24 28 30 52 54 cost 0.000806992
110 114 39 41 65 68 cost 0.0008066094
16 32 45 53 42 52 cost 0.0008016731
114 122 45 49 36 42 cost 0.0008013604
110 114 39 41 42 44 cost 0.00080015
89 98 33 37 47 52 cost 0.000800079
20 24 28 30 57 60 cost 0.0007980751
89 98 33 37 52 57 cost 0.0007968176
16 24 26 30 73 78 cost 0.0007967115
20 24 26 28 52 54 cost 0.0007964119
24 28 26 28 60 63 cost 0.0007955332
24 28 26 28 47 49 cost 0.0007907125
65 98 0 15 0 21 cost 0.0007893195
106 114 37 41 0 5 cost 0.00078818
16 24 30 33 57 63 cost 0.0007843269
89 98 15 18 57 63 cost 0.000782764
20 24 26 28 57 60 cost 0.0007803549
81 89 37 41 57 63 cost 0.0007800582
24 28 26 28 44 47 cost 0.0007795847
98 114 7 15 21 31 cost 0.0007790472
106 110 37 39 49 52 cost 0.0007776236
81 89 18 22 42 47 cost 0.0007743163
89 98 11 15 57 63 cost 0.0007732718
24 32 26 30 73 78 cost 0.0007732396
98 114 22 30 21 31 cost 0.0007725752
98 106 41 45 42 47 cost 0.0007719745
24 32 30 33 52 57 cost 0.000771731
89 98 33 37 57 63 cost 0.0007696551
32 65 0 15 21 42 cost 0.0007693154
56 65 22 26 47 52 cost 0.0007692968
24 32 22 26 57 63 cost 0.0007691593
81 89 26 30 47 52 cost 0.0007684252
89 98 41 45 21 26 cost 0.0007677783
81 89 33 37 47 52 cost 0.0007643629
110 114 41 43 63 65 cost 0.0007642031
89 98 37 41 68 73 cost 0.0007633637
114 122 41 45 26 31 cost 0.0007625977
89 98 33 37 36 42 cost 0.000762016
98 114 7 15 63 73 cost 0.0007603249
110 114 43 45 49 52 cost 0.0007578935
65 81 30 37 73 84 cost 0.000757485
81 89 41 45 21 26 cost 0.0007543863
98 106 41 45 31 36 cost 0.0007518384
89 98 18 22 57 63 cost 0.0007502178
0 16 37 45 52 63 cost 0.0007500757
106 114 33 37 42 47 cost 0.000749555
110 114 41 43 70 73 cost 0.0007470804
32 40 22 26 42 47 cost 0.0007454262
48 65 22 30 73 84 cost 0.0007445543
81 89 41 45 15 21 cost 0.0007423644
106 110 39 41 54 57 cost 0.0007419754
110 114 39 41 63 65 cost 0.0007401004
32 40 26 30 26 31 cost 0.000736932
8 16 49 53 57 63 cost 0.0007361272
106 110 39 41 39 42 cost 0.0007343116
106 114 41 45 0 5 cost 0.0007275579
98 106 33 37 26 31 cost 0.000727435
24 28 28 30 57 60 cost 0.0007262107
89 98 22 26 63 68 cost 0.0007250418
98 114 45 53 63 73 cost 0.0007250101
48 65 37 45 63 73 cost 0.0007249665
20 24 28 30 47 49 cost 0.0007247093
24 28 28 30 52 54 cost 0.0007246734
65 81 30 37 10 21 cost 0.000724257
110 114 39 41 70 73 cost 0.0007216308
114 122 45 49 42 47 cost 0.0007203047
81 89 45 49 63 68 cost 0.000720002
65 73 15 18 42 47 cost 0.000718981
89 98 11 15 31 36 cost 0.000718394
20 24 28 30 44 47 cost 0.0007178122
98 106 30 33 31 36 cost 0.0007171754
89 98 45 49 63 68 cost 0.0007162757
20 24 28 30 60 63 cost 0.0007156846
20 24 26 28 60 63 cost 0.0007111897
114 122 45 49 52 57 cost 0.0007108865
114 131 37 45 0 10 cost 0.0007099585
89 98 45 49 52 57 cost 0.0007092166
89 98 37 41 78 84 cost 0.0007089912
89 98 41 45 15 21 cost 0.000707876
73 81 18 22 47 52 cost 0.0007073497
106 110 37 39 54 57 cost 0.0007063499
20 24 26 28 47 49 cost 0.0007058169
89 98 33 37 42 47 cost 0.0007035145
8 16 53 57 57 63 cost 0.0007034352
81 89 33 37 52 57 cost 0.0007022441
106 110 39 41 36 39 cost 0.0007013754
89 98 41 45 78 84 cost 0.0006996387
16 24 26 30 26 31 cost 0.0006987676
110 114 41 43 73 75 cost 0.0006982409
20 24 26 28 44 47 cost 0.000695708
106 110 39 41 52 54 cost 0.0006945534
98 114 45 53 73 84 cost 0.0006937747
98 106 11 15 57 63 cost 0.0006937632
81 89 22 26 47 52 cost 0.000693674
89 98 45 49 36 42 cost 0.0006930198
98 106 33 37 73 78 cost 0.0006919639
81 89 26 30 42 47 cost 0.0006918625
32 48 37 45 63 73 cost 0.0006914254
81 89 30 33 47 52 cost 0.0006900335
98 106 30 33 63 68 cost 0.0006875789
32 65 45 61 42 63 cost 0.0006861592
16 32 37 45 63 73 cost 0.000681442
65 69 24 26 39 42 cost 0.0006811281
114 131 45 53 21 31 cost 0.0006806383
81 89 33 37 42 47 cost 0.0006798695
81 89 26 30 36 42 cost 0.0006796304
48 56 37 41 47 52 cost 0.0006791848
81 89 33 37 36 42 cost 0.0006785577
24 28 28 30 60 63 cost 0.0006761364
0 16 45 53 31 42 cost 0.0006760995
65 73 15 18 36 42 cost 0.0006759127
0 16 53 61 73 84 cost 0.0006748827
98 106 37 41 21 26 cost 0.0006747148
81 89 33 37 57 63 cost 0.0006735351
16 24 37 41 47 52 cost 0.0006702587
89 98 45 49 47 52 cost 0.0006675961
110 114 39 41 73 75 cost 0.0006671552
24 32 26 30 26 31 cost 0.0006665045
81 89 26 30 52 57 cost 0.0006663216
0 16 30 37 73 84 cost 0.0006655835
48 65 15 22 63 73 cost 0.0006649218
48 65 30 37 52 63 cost 0.0006644498
16 24 37 41 52 57 cost 0.0006638966
106 110 39 41 44 47 cost 0.0006633967
81 89 18 22 52 57 cost 0.0006627977
32 40 22 26 47 52 cost 0.0006621489
0 16 37 45 42 52 cost 0.0006609569
56 65 26 30 47 52 cost 0.0006593923
89 98 37 41 21 26 cost 0.0006569858
81 89 45 49 31 36 cost 0.0006566896
106 110 37 39 39 42 cost 0.0006564509
81 89 22 26 42 47 cost 0.0006550622
8 16 49 53 52 57 cost 0.0006527815
24 28 28 30 47 49 cost 0.0006524667
98 106 41 45 57 63 cost 0.0006513722
89 98 18 22 31 36 cost 0.0006507231
48 65 37 45 73 84 cost 0.000650587
65 73 18 22 10 15 cost 0.0006497507
24 32 30 33 42 47 cost 0.0006493928
106 110 37 39 52 54 cost 0.0006493574
16 24 30 33 42 47 cost 0.0006486987
98 106 11 15 31 36 cost 0.0006467867
16 24 33 37 36 42 cost 0.0006463706
98 131 0 15 0 21 cost 0.000646244
56 65 18 22 52 57 cost 0.0006455344
24 28 28 30 44 47 cost 0.0006454329
8 16 33 37 42 47 cost 0.0006453187
65 69 20 22 39 42 cost 0.0006443984
65 73 22 26 57 63 cost 0.000644189
65 69 26 28 39 42 cost 0.0006430624
89 98 45 49 31 36 cost 0.0006423067
114 122 45 49 57 63 cost 0.0006409729
110 114 41 43 81 84 cost 0.0006407097
98 106 37 41 15 21 cost 0.0006398635
81 98 15 22 0 10 cost 0.0006374181
65 81 7 15 42 52 cost 0.0006353529
81 89 30 33 52 57 cost 0.0006345434
32 48 37 45 31 42 cost 0.0006344406
106 110 39 41 57 60 cost 0.0006341844
0 16 30 37 21 31 cost 0.0006328408
98 106 33 37 68 73 cost 0.000631447
48 65 15 22 10 21 cost 0.0006298484
73 81 18 22 52 57 cost 0.0006291204
8 16 49 53 47 52 cost 0.0006288849
110 114 41 43 28 31 cost 0.0006285995
16 32 37 45 31 42 cost 0.0006280374
114 122 41 45 21 26 cost 0.0006278203
16 32 45 53 63 73 cost 0.0006266667
81 89 37 41 31 36 cost 0.0006264358
65 73 15 18 47 52 cost 0.0006253729
24 32 30 33 57 63 cost 0.0006233273
98 114 45 53 21 31 cost 0.0006217787
110 114 43 45 39 42 cost 0.0006205725
89 98 22 26 31 36 cost 0.0006205448
110 114 39 41 81 84 cost 0.0006198462
32 48 22 30 73 84 cost 0.0006195038
106 110 37 39 36 39 cost 0.000619045
65 73 26 30 52 57 cost 0.000618836
16 24 37 41 57 63 cost 0.0006167912
98 106 26 30 63 68 cost 0.0006154907
110 114 39 41 28 31 cost 0.0006153601
32 40 26 30 57 63 cost 0.0006131958
106 110 39 41 33 36 cost 0.0006121797
16 32 53 61 73 84 cost 0.0006081604
56 65 18 22 31 36 cost 0.0006078181
110 114 43 45 52 54 cost 0.000607354
89 98 37 41 15 21 cost 0.000605288
65 69 24 26 44 47 cost 0.0006051611
81 89 30 33 42 47 cost 0.0006043248
106 110 39 41 47 49 cost 0.0006019669
32 40 22 26 31 36 cost 0.0006012731
48 56 37 41 52 57 cost 0.0005992629
65 73 22 26 15 21 cost 0.0005989601
56 65 22 26 31 36 cost 0.0005982808
106 110 37 39 44 47 cost 0.0005975094
65 73 33 37 36 42 cost 0.0005972245
16 32 53 61 31 42 cost 0.0005969783
32 48 30 37 42 52 cost 0.0005958176
89 98 30 33 31 36 cost 0.0005951924
89 98 30 33 63 68 cost 0.0005948976
0 16 30 37 10 21 cost 0.0005939897
106 114 33 37 31 36 cost 0.0005931712
110 114 43 45 44 47 cost 0.0005929212
65 69 18 20 39 42 cost 0.0005924514
106 114 33 37 63 68 cost 0.0005922212
98 106 33 37 78 84 cost 0.0005918442
110 114 43 45 47 49 cost 0.0005913854
110 114 43 45 78 81 cost 0.0005906689
65 81 45 53 10 21 cost 0.0005889016
110 114 41 43 68 70 cost 0.0005879777
98 106 41 45 26 31 cost 0.0005878696
24 32 22 26 42 47 cost 0.0005877824
106 110 37 39 57 60 cost 0.0005875815
65 73 37 41 42 47 cost 0.0005869336
106 110 39 41 60 63 cost 0.0005868198
110 114 43 45 75 78 cost 0.0005864635
65 69 24 26 36 39 cost 0.0005862844
16 24 53 57 57 63 cost 0.0005850104
0 16 53 61 31 42 cost 0.0005840695
48 65 22 30 0 10 cost 0.0005836646
65 69 20 22 44 47 cost 0.0005827694
0 16 45 53 73 84 cost 0.0005822523
81 89 45 49 73 78 cost 0.0005814235
24 32 26 30 78 84 cost 0.0005809204
16 24 26 30 78 84 cost 0.000579062
16 24 26 30 15 21 cost 0.000578464
98 106 30 33 26 31 cost 0.0005778119
65 69 26 28 44 47 cost 0.0005776509
65 73 37 41 47 52 cost 0.0005766603
65 73 33 37 42 47 cost 0.0005761533
65 73 22 26 63 68 cost 0.000576148
65 81 37 45 0 10 cost 0.0005761134
81 89 22 26 36 42 cost 0.0005760253
110 114 41 43 31 33 cost 0.0005758315
114 118 43 45 49 52 cost 0.0005746445
110 114 43 45 36 39 cost 0.0005742303
81 89 18 22 36 42 cost 0.000573442
24 32 26 30 15 21 cost 0.0005730507
98 106 26 30 31 36 cost 0.0005728905
102 106 37 39 49 52 cost 0.000572608
89 98 45 49 42 47 cost 0.0005713607
110 114 43 45 54 57 cost 0.0005713593
110 114 39 41 68 70 cost 0.0005704983
65 73 22 26 21 26 cost 0.0005684137
81 89 26 30 57 63 cost 0.0005677272
110 114 39 41 31 33 cost 0.0005676144
93 98 16 18 44 47 cost 0.0005667821
110 114 43 45 60 63 cost 0.0005656883
81 89 30 33 36 42 cost 0.000565601
32 48 22 30 0 10 cost 0.0005642396
24 28 26 28 65 68 cost 0.000561805
65 73 37 41 36 42 cost 0.0005602185
81 89 18 22 57 63 cost 0.0005581208
81 89 22 26 52 57 cost 0.0005568951
89 98 26 30 78 84 cost 0.0005566355
89 98 33 37 63 68 cost 0.0005562437
65 73 22 26 68 73 cost 0.0005559281
93 98 16 18 49 52 cost 0.000555527
65 73 26 30 26 31 cost 0.0005554281
81 89 37 41 63 68 cost 0.0005539326
73 81 18 22 42 47 cost 0.0005535154
81 89 30 33 57 63 cost 0.000552973
110 114 43 45 57 60 cost 0.0005528976
65 69 18 20 44 47 cost 0.0005526564
89 98 26 30 21 26 cost 0.0005525622
65 69 26 28 36 39 cost 0.0005522456
16 24 26 30 21 26 cost 0.000550945
89 98 22 26 68 73 cost 0.0005500931
98 114 22 30 73 84 cost 0.000548735
89 98 33 37 31 36 cost 0.0005458544
65 69 20 22 36 39 cost 0.000545784
89 98 18 22 63 68 cost 0.000544633
65 69 24 26 42 44 cost 0.0005446238
24 28 26 28 63 65 cost 0.0005442674
48 65 15 22 73 84 cost 0.0005431264
106 110 37 39 47 49 cost 0.0005422727
65 73 33 37 47 52 cost 0.0005390187
56 65 15 18 42 47 cost 0.0005380921
65 73 22 26 73 78 cost 0.0005360232
24 32 26 30 21 26 cost 0.0005343412
8 16 53 57 52 57 cost 0.0005335386
98 106 33 37 21 26 cost 0.0005333864
16 24 26 30 10 15 cost 0.0005329478
65 69 20 22 49 52 cost 0.0005322705
81 89 45 49 68 73 cost 0.0005297273
56 65 26 30 31 36 cost 0.0005291359
106 110 39 41 42 44 cost 0.000528694
89 98 15 18 26 31 cost 0.0005279106
102 106 37 39 54 57 cost 0.0005271045
16 24 33 37 68 73 cost 0.0005264423
98 114 7 15 73 84 cost 0.0005249596
56 65 15 18 36 42 cost 0.0005248373
65 69 22 24 39 42 cost 0.0005233746
106 110 37 39 60 63 cost 0.000520785
102 106 35 37 49 52 cost 0.0005181327
106 110 37 39 33 36 cost 0.0005179916
65 69 26 28 42 44 cost 0.0005169807
16 24 37 41 42 47 cost 0.0005164882
65 69 20 22 42 44 cost 0.0005162749
89 98 26 30 15 21 cost 0.0005159748
24 32 30 33 36 42 cost 0.0005156546
89 98 45 49 68 73 cost 0.0005154827
89 98 15 18 63 68 cost 0.0005133841
32 40 22 26 52 57 cost 0.0005102473
106 110 39 41 75 78 cost 0.0005084871
65 69 18 20 49 52 cost 0.0005083623
114 118 41 43 49 52 cost 0.0005070281
93 98 41 43 49 52 cost 0.0005057005
16 20 35 37 49 52 cost 0.000504973
69 73 20 22 39 42 cost 0.000502096
20 24 26 28 65 68 cost 0.0005019236
16 24 26 30 5 10 cost 0.0005012277
93 98 16 18 39 42 cost 0.0005011875
89 98 45 49 26 31 cost 0.0005006836
114 122 45 49 31 36 cost 0.0005005485
98 106 41 45 73 78 cost 0.0005003909
24 28 26 28 39 42 cost 0.000500058
81 89 37 41 73 78 cost 0.0004983999
73 81 37 41 47 52 cost 0.0004979632
32 40 26 30 21 26 cost 0.0004977643
81 89 33 37 63 68 cost 0.0004976537
16 20 35 37 54 57 cost 0.0004972033
65 69 18 20 36 39 cost 0.0004970992
81 89 33 37 31 36 cost 0.0004965816
65 81 30 37 0 10 cost 0.0004963883
81 89 41 45 5 10 cost 0.0004959065
65 73 30 33 42 47 cost 0.0004959025
65 69 20 22 47 49 cost 0.0004958571
65 73 30 33 36 42 cost 0.0004952602
24 32 26 30 10 15 cost 0.0004945264
106 110 39 41 78 81 cost 0.0004943123
20 24 28 30 65 68 cost 0.0004942188
102 106 35 37 54 57 cost 0.0004939908
89 98 41 45 5 10 cost 0.0004935982
16 24 33 37 31 36 cost 0.0004918743
65 69 24 26 33 36 cost 0.0004917496
73 81 18 22 57 63 cost 0.0004912022
32 48 30 37 31 42 cost 0.0004895087
69 73 18 20 39 42 cost 0.0004886799
24 28 26 28 42 44 cost 0.000488464
98 102 11 13 44 47 cost 0.0004877348
98 106 33 37 15 21 cost 0.0004873084
48 65 37 45 21 31 cost 0.0004850836
106 110 37 39 42 44 cost 0.0004819198
81 89 45 49 26 31 cost 0.000481464
81 85 43 45 49 52 cost 0.000481343
69 73 18 20 44 47 cost 0.0004812725
65 69 18 20 42 44 cost 0.0004812437
114 131 45 53 10 21 cost 0.0004810373
24 28 28 30 65 68 cost 0.0004802627
81 98 7 15 73 84 cost 0.0004799829
32 65 45 61 21 42 cost 0.0004796423
69 73 20 22 44 47 cost 0.0004775081
89 98 45 49 73 78 cost 0.0004770928
24 32 22 26 63 68 cost 0.000476733
98 106 41 45 63 68 cost 0.0004761988
102 106 37 39 52 54 cost 0.0004757318
20 24 26 28 63 65 cost 0.0004757294
98 106 7 11 47 52 cost 0.0004754701
110 114 43 45 33 36 cost 0.0004753184
106 114 33 37 73 78 cost 0.0004748424
48 65 15 22 0 10 cost 0.0004746595
8 16 49 53 42 47 cost 0.0004727295
81 89 41 45 10 15 cost 0.0004726815
65 69 18 20 47 49 cost 0.000472377
110 114 43 45 65 68 cost 0.0004714456
98 106 7 11 42 47 cost 0.000470598
114 118 43 45 39 42 cost 0.000469401
0 16 45 53 21 31 cost 0.0004692111
20 24 28 30 63 65 cost 0.0004688998
114 118 43 45 47 49 cost 0.0004685765
32 48 37 45 73 84 cost 0.0004678953
98 102 11 13 49 52 cost 0.0004674999
106 110 39 41 65 68 cost 0.0004671408
48 56 37 41 42 47 cost 0.0004667691
65 69 22 24 44 47 cost 0.0004665922
65 73 30 33 47 52 cost 0.0004659852
16 24 33 37 73 78 cost 0.0004645376
93 98 16 18 47 49 cost 0.0004644322
20 24 28 30 39 42 cost 0.0004633254
24 28 28 30 63 65 cost 0.0004624204
81 89 22 26 57 63 cost 0.0004624044
73 81 41 45 36 42 cost 0.0004619091
73 81 18 22 36 42 cost 0.000460719
16 32 45 53 31 42 cost 0.0004601913
106 110 41 43 49 52 cost 0.0004598192
81 89 37 41 68 73 cost 0.0004594286
89 98 22 26 26 31 cost 0.000459236
60 65 18 20 39 42 cost 0.0004590486
24 32 26 30 5 10 cost 0.0004578998
65 73 22 26 78 84 cost 0.0004560272
20 24 26 28 39 42 cost 0.000455672
110 114 41 43 23 26 cost 0.0004554599
110 114 43 45 42 44 cost 0.000455289
56 65 15 18 47 52 cost 0.0004548056
89 98 18 22 26 31 cost 0.0004547489
98 106 37 41 5 10 cost 0.0004540488
56 65 22 26 52 57 cost 0.000453914
102 106 37 39 44 47 cost 0.0004536531
89 98 41 45 10 15 cost 0.0004529524
32 48 30 37 52 63 cost 0.0004528645
81 89 37 41 26 31 cost 0.0004525357
16 24 33 37 26 31 cost 0.0004519769
102 106 37 39 39 42 cost 0.0004516618
65 69 24 26 49 52 cost 0.000451555
93 98 43 45 49 52 cost 0.0004513671
73 81 37 41 52 57 cost 0.0004513302
16 24 22 26 52 57 cost 0.0004497085
81 89 45 49 78 84 cost 0.0004496758
93 98 16 18 36 39 cost 0.0004484712
106 114 33 37 68 73 cost 0.000446863
102 106 37 39 57 60 cost 0.0004454572
65 69 22 24 36 39 cost 0.0004450999
65 69 24 26 47 49 cost 0.0004437656
20 24 28 30 42 44 cost 0.0004427737
106 110 39 41 28 31 cost 0.000442235
106 114 33 37 26 31 cost 0.0004409904
89 93 28 30 49 52 cost 0.0004397876
16 24 30 33 36 42 cost 0.0004394777
65 73 37 41 52 57 cost 0.0004393442
110 114 39 41 23 26 cost 0.0004378932
102 106 35 37 52 54 cost 0.0004375559
73 81 33 37 47 52 cost 0.0004371059
81 89 33 37 73 78 cost 0.0004368101
114 118 43 45 52 54 cost 0.0004365877
93 98 28 30 49 52 cost 0.0004350614
102 106 39 41 49 52 cost 0.0004350565
48 65 30 37 21 31 cost 0.0004350018
81 89 18 22 63 68 cost 0.000434982
0 16 53 61 21 31 cost 0.0004347135
114 118 43 45 44 47 cost 0.0004346973
16 24 22 26 47 52 cost 0.0004346612
81 89 26 30 31 36 cost 0.0004345353
98 114 45 53 10 21 cost 0.0004340007
89 98 33 37 73 78 cost 0.0004332905
98 102 13 15 44 47 cost 0.0004332904
20 24 26 28 42 44 cost 0.0004331717
60 65 18 20 44 47 cost 0.0004324811
0 16 37 45 63 73 cost 0.0004319373
89 98 30 33 68 73 cost 0.000431831
60 65 20 22 39 42 cost 0.0004316469
98 106 30 33 68 73 cost 0.0004310531
69 73 20 22 49 52 cost 0.000430624
16 20 33 35 54 57 cost 0.0004303614
16 20 35 37 57 60 cost 0.0004301598
89 93 26 28 49 52 cost 0.0004296797
114 118 43 45 36 39 cost 0.0004292703
89 98 30 33 26 31 cost 0.0004289022
69 73 18 20 49 52 cost 0.0004279549
106 110 37 39 75 78 cost 0.000426467
16 32 53 61 21 31 cost 0.0004261086
98 106 41 45 78 84 cost 0.0004259688
110 114 43 45 63 65 cost 0.0004259488
16 24 53 57 52 57 cost 0.0004257458
93 98 16 18 42 44 cost 0.0004257227
102 106 35 37 57 60 cost 0.0004241858
73 81 26 30 47 52 cost 0.0004240112
65 73 22 26 10 15 cost 0.0004238398
16 32 37 45 73 84 cost 0.0004238139
16 24 30 33 63 68 cost 0.0004237601
16 20 33 35 49 52 cost 0.0004232893
89 98 18 22 68 73 cost 0.000423157
32 40 22 26 26 31 cost 0.0004231558
73 81 37 41 42 47 cost 0.0004230989
69 73 20 22 36 39 cost 0.0004220548
24 32 22 26 36 42 cost 0.0004209987
110 114 43 45 70 73 cost 0.0004205503
81 89 41 45 0 5 cost 0.0004198027
110 114 41 43 26 28 cost 0.0004191714
98 106 41 45 68 73 cost 0.0004183358
69 73 20 22 42 44 cost 0.0004171452
24 28 28 30 39 42 cost 0.0004170861
89 98 33 37 68 73 cost 0.0004170138
89 98 37 41 5 10 cost 0.0004167778
73 81 26 30 42 47 cost 0.0004161835
81 89 30 33 31 36 cost 0.000416088
16 20 35 37 52 54 cost 0.0004151402
65 69 22 24 42 44 cost 0.0004145498
16 32 37 45 21 31 cost 0.0004142382
98 106 37 41 10 15 cost 0.0004138059
69 73 18 20 42 44 cost 0.0004134589
106 110 41 43 39 42 cost 0.0004133556
106 110 39 41 70 73 cost 0.0004126363
89 98 41 45 0 5 cost 0.0004125854
81 85 41 43 49 52 cost 0.000412567
65 73 26 30 57 63 cost 0.0004121674
106 110 39 41 63 65 cost 0.0004113771
102 106 37 39 36 39 cost 0.0004111623
93 98 41 43 54 57 cost 0.000410637
110 114 41 43 18 21 cost 0.0004105924
73 81 22 26 47 52 cost 0.0004089668
98 102 13 15 49 52 cost 0.0004089655
114 118 41 43 47 49 cost 0.000408325
60 65 20 22 44 47 cost 0.0004082185
106 110 41 43 36 39 cost 0.0004079408
102 106 37 39 47 49 cost 0.000407479
65 81 45 53 0 10 cost 0.0004068853
106 110 37 39 78 81 cost 0.000406713
65 73 41 45 36 42 cost 0.0004061925
110 114 39 41 26 28 cost 0.0004061888
32 65 45 61 63 84 cost 0.0004059305
73 81 45 49 36 42 cost 0.0004058564
69 73 18 20 36 39 cost 0.0004058544
24 28 26 28 36 39 cost 0.0004058134
16 24 22 26 57 63 cost 0.0004057121
106 110 37 39 65 68 cost 0.0004056009
89 98 30 33 73 78 cost 0.0004055827
102 106 35 37 39 42 cost 0.0004048694
98 106 30 33 21 26 cost 0.0004046548
93 98 41 43 44 47 cost 0.0004038923
89 98 15 18 68 73 cost 0.0004033955
89 98 37 41 10 15 cost 0.0004033874
81 89 33 37 68 73 cost 0.0004027975
98 106 7 11 36 42 cost 0.0004026862
98 102 11 13 47 49 cost 0.0004026279
69 73 18 20 47 49 cost 0.0004016209
24 28 28 30 42 44 cost 0.0004014337
106 110 39 41 31 33 cost 0.0004013737
81 85 43 45 54 57 cost 0.0004001014
69 73 20 22 47 49 cost 0.000399923
65 69 20 22 33 36 cost 0.0003995132
16 24 33 37 78 84 cost 0.0003990927
0 16 37 45 31 42 cost 0.0003990527
98 106 41 45 21 26 cost 0.0003987956
93 98 41 43 52 54 cost 0.0003987063
106 114 33 37 78 84 cost 0.0003979944
81 85 43 45 44 47 cost 0.0003979683
110 114 39 41 18 21 cost 0.0003977395
89 98 33 37 26 31 cost 0.0003976668
56 65 22 26 26 31 cost 0.0003968856
93 98 39 41 49 52 cost 0.0003965392
73 81 45 49 47 52 cost 0.0003962954
73 81 41 45 42 47 cost 0.0003960767
114 118 41 43 39 42 cost 0.0003948842
110 114 43 45 73 75 cost 0.000394728
16 24 33 37 15 21 cost 0.0003939382
65 73 26 30 15 21 cost 0.0003932186
89 93 26 28 44 47 cost 0.0003926563
98 106 7 11 52 57 cost 0.0003911807
114 118 41 43 52 54 cost 0.0003910911
16 20 35 37 60 63 cost 0.0003910232
98 106 30 33 73 78 cost 0.000390269
89 98 22 26 73 78 cost 0.0003896811
65 73 33 37 52 57 cost 0.0003896041
89 93 28 30 44 47 cost 0.0003888614
73 81 18 22 63 68 cost 0.0003886213
73 81 41 45 47 52 cost 0.0003880616
98 114 15 22 63 73 cost 0.0003879735
89 98 26 30 5 10 cost 0.0003876241
98 106 45 49 47 52 cost 0.0003855912
114 118 43 45 60 63 cost 0.0003854872
102 106 39 41 54 57 cost 0.000383768
93 98 28 30 44 47 cost 0.0003834764
81 89 26 30 63 68 cost 0.0003834276
20 24 28 30 36 39 cost 0.0003830064
65 73 41 45 42 47 cost 0.0003818335
56 65 26 30 52 57 cost 0.000380588
20 24 26 28 36 39 cost 0.0003804811
106 110 41 43 54 57 cost 0.0003804042
73 81 33 37 52 57 cost 0.0003802393
60 65 18 20 42 44 cost 0.0003798178
65 73 41 45 47 52 cost 0.0003798059
48 56 37 41 57 63 cost 0.0003798049
102 106 37 39 60 63 cost 0.0003791055
110 112 40 41 50 52 cost 0.000378508
65 69 22 24 49 52 cost 0.0003779686
16 32 45 53 73 84 cost 0.0003779483
81 85 43 45 52 54 cost 0.0003776814
114 118 41 43 44 47 cost 0.0003772012
93 98 43 45 54 57 cost 0.0003770373
81 89 45 49 21 26 cost 0.0003762241
110 112 41 42 50 52 cost 0.0003760821
65 81 7 15 31 42 cost 0.0003760559
93 98 43 45 60 63 cost 0.0003753579
98 106 41 45 15 21 cost 0.0003750192
85 89 41 43 49 52 cost 0.0003738846
81 89 30 33 63 68 cost 0.0003737028
114 131 45 53 0 10 cost 0.0003736015
106 110 41 43 33 36 cost 0.0003728917
98 106 22 26 47 52 cost 0.0003725897
81 89 33 37 26 31 cost 0.000372501
73 81 33 37 42 47 cost 0.0003724117
98 106 30 33 15 21 cost 0.0003716881
81 89 37 41 78 84 cost 0.0003715731
60 65 18 20 36 39 cost 0.0003708114
106 114 45 49 47 52 cost 0.000370674
114 122 37 41 47 52 cost 0.000370561
16 20 33 35 57 60 cost 0.0003702621
73 81 37 41 36 42 cost 0.0003702364
56 65 18 22 57 63 cost 0.0003695613
106 110 41 43 52 54 cost 0.0003695253
16 24 33 37 21 26 cost 0.0003689936
102 106 35 37 36 39 cost 0.0003689859
89 93 28 30 54 57 cost 0.0003688978
32 40 22 26 57 63 cost 0.0003678724
114 118 41 43 36 39 cost 0.000367853
73 81 30 33 47 52 cost 0.0003674117
89 98 26 30 10 15 cost 0.0003673632
98 106 37 41 0 5 cost 0.0003672455
106 110 37 39 28 31 cost 0.0003660029
93 98 43 45 44 47 cost 0.0003655319
106 110 41 43 44 47 cost 0.0003655013
93 98 41 43 47 49 cost 0.0003653382
98 106 26 30 68 73 cost 0.0003647802
73 81 22 26 42 47 cost 0.0003645546
102 106 35 37 60 63 cost 0.0003643681
106 110 37 39 63 65 cost 0.0003635129
93 98 41 43 39 42 cost 0.0003627871
110 114 41 43 15 18 cost 0.0003626317
65 69 22 24 33 36 cost 0.0003623946
110 114 43 45 81 84 cost 0.0003621545
93 98 28 30 54 57 cost 0.0003620044
93 98 43 45 52 54 cost 0.0003612614
102 106 35 37 47 49 cost 0.000360251
65 69 22 24 47 49 cost 0.000359654
24 32 30 33 63 68 cost 0.0003592654
73 81 45 49 42 47 cost 0.0003592237
65 73 26 30 21 26 cost 0.0003592089
98 102 11 13 42 44 cost 0.0003590149
89 98 45 49 21 26 cost 0.000358904
110 112 39 40 50 52 cost 0.000358867
32 48 37 45 21 31 cost 0.0003588144
16 20 35 37 47 49 cost 0.0003586879
93 98 43 45 57 60 cost 0.0003584156
81 85 43 45 47 49 cost 0.0003580636
0 16 30 37 0 10 cost 0.0003577104
65 69 18 20 33 36 cost 0.0003573258
89 93 26 28 54 57 cost 0.0003570053
106 110 37 39 70 73 cost 0.0003568321
110 114 41 43 21 23 cost 0.0003566719
89 98 33 37 78 84 cost 0.0003562454
0 16 45 53 10 21 cost 0.0003559815
106 110 39 41 73 75 cost 0.0003557918
16 20 33 35 52 54 cost 0.0003554105
60 65 20 22 42 44 cost 0.0003545061
89 93 28 30 60 63 cost 0.0003545025
102 106 39 41 39 42 cost 0.000353833
102 106 39 41 44 47 cost 0.0003527722
93 98 26 28 49 52 cost 0.0003524618
102 106 37 39 33 36 cost 0.0003522965
102 106 39 41 52 54 cost 0.0003520471
81 89 37 41 21 26 cost 0.0003519022
81 85 43 45 39 42 cost 0.0003514858
110 114 39 41 15 18 cost 0.0003513268
48 65 30 37 63 73 cost 0.0003511768
98 102 13 15 47 49 cost 0.0003510676
102 106 37 39 42 44 cost 0.0003500201
73 81 22 26 52 57 cost 0.0003499278
73 81 26 30 36 42 cost 0.0003494792
89 93 28 30 57 60 cost 0.000349131
24 32 30 33 31 36 cost 0.0003491008
60 65 20 22 36 39 cost 0.000348926
65 73 26 30 63 68 cost 0.0003485884
98 106 45 49 52 57 cost 0.0003484467
65 69 20 22 52 54 cost 0.0003482978
81 85 41 43 44 47 cost 0.0003481119
89 93 26 28 60 63 cost 0.0003479173
16 32 37 45 10 21 cost 0.00034758
98 114 15 22 21 31 cost 0.0003473957
81 85 43 45 60 63 cost 0.0003471647
48 65 37 45 10 21 cost 0.0003469738
85 89 43 45 49 52 cost 0.0003469677
65 73 37 41 31 36 cost 0.0003461584
89 93 37 39 49 52 cost 0.0003457853
73 81 45 49 52 57 cost 0.0003457495
114 118 43 45 42 44 cost 0.0003450356
81 89 33 37 78 84 cost 0.0003449624
89 93 26 28 47 49 cost 0.0003447774
89 98 37 41 0 5 cost 0.0003441045
110 114 43 45 28 31 cost 0.0003440893
65 73 26 30 68 73 cost 0.0003435861
110 114 39 41 21 23 cost 0.0003430982
81 89 22 26 31 36 cost 0.0003430889
24 32 33 37 47 52 cost 0.0003422814
81 85 43 45 57 60 cost 0.0003421815
89 93 28 30 47 49 cost 0.0003419584
89 93 26 28 57 60 cost 0.0003418768
81 89 37 41 15 21 cost 0.0003416079
114 118 41 43 60 63 cost 0.0003414328
89 98 15 18 21 26 cost 0.0003413805
114 118 43 45 54 57 cost 0.0003400835
81 89 22 26 63 68 cost 0.0003399947
85 89 41 43 44 47 cost 0.0003395358
24 28 28 30 36 39 cost 0.0003393808
93 98 41 43 57 60 cost 0.000338788
16 20 33 35 60 63 cost 0.0003385661
93 98 43 45 39 42 cost 0.0003381263
81 85 41 43 54 57 cost 0.0003373308
56 65 26 30 26 31 cost 0.0003364209
65 73 15 18 52 57 cost 0.0003358825
106 110 41 43 57 60 cost 0.0003354784
93 98 28 30 47 49 cost 0.000334768
106 110 37 39 31 33 cost 0.0003345892
65 73 26 30 73 78 cost 0.0003342547
73 81 49 53 47 52 cost 0.0003341047
106 110 41 43 47 49 cost 0.0003340303
98 106 22 26 42 47 cost 0.0003339022
89 98 18 22 21 26 cost 0.0003338542
65 73 15 18 31 36 cost 0.0003336792
98 106 22 26 52 57 cost 0.0003332202
56 65 30 33 42 47 cost 0.0003329997
93 98 41 43 60 63 cost 0.0003326445
89 93 28 30 52 54 cost 0.0003326261
114 122 37 41 52 57 cost 0.000332489
102 106 39 41 36 39 cost 0.0003324511
73 81 30 33 42 47 cost 0.000331252
65 69 18 20 52 54 cost 0.0003306101
110 112 42 43 50 52 cost 0.0003305612
65 69 24 26 31 33 cost 0.000330412
112 114 42 43 50 52 cost 0.0003300398
93 98 43 45 47 49 cost 0.0003292714
112 114 41 42 50 52 cost 0.0003284724
106 110 39 41 68 70 cost 0.0003283847
93 98 28 30 60 63 cost 0.0003282065
24 32 33 37 52 57 cost 0.0003281931
93 98 39 41 54 57 cost 0.0003276682
93 98 28 30 52 54 cost 0.0003272798
106 114 45 49 52 57 cost 0.0003270891
93 98 41 43 36 39 cost 0.0003268732
89 93 39 41 49 52 cost 0.0003267593
110 114 43 45 68 70 cost 0.0003261318
65 73 33 37 31 36 cost 0.0003260012
106 114 33 37 21 26 cost 0.0003257397
98 106 30 33 78 84 cost 0.0003254732
73 81 37 41 57 63 cost 0.0003253865
106 110 41 43 60 63 cost 0.0003250142
98 114 45 53 0 10 cost 0.0003249848
73 81 49 53 36 42 cost 0.0003249609
93 98 28 30 57 60 cost 0.0003232482
73 81 26 30 52 57 cost 0.0003232407
114 118 41 43 54 57 cost 0.0003229285
102 106 39 41 57 60 cost 0.0003226657
89 98 30 33 78 84 cost 0.0003223698
114 118 43 45 57 60 cost 0.000322268
65 73 37 41 57 63 cost 0.0003221543
73 81 22 26 36 42 cost 0.0003215987
0 16 53 61 10 21 cost 0.0003214741
89 93 26 28 52 54 cost 0.0003214067
16 24 33 37 10 15 cost 0.0003213274
73 81 33 37 36 42 cost 0.0003212031
93 98 26 28 44 47 cost 0.0003210191
106 110 39 41 23 26 cost 0.0003209408
98 102 13 15 42 44 cost 0.0003206287
93 98 41 43 33 36 cost 0.0003205613
106 114 45 49 42 47 cost 0.0003193145
89 98 22 26 21 26 cost 0.0003187507
73 81 41 45 52 57 cost 0.0003185127
89 98 45 49 78 84 cost 0.0003179262
81 85 41 43 52 54 cost 0.0003176595
81 89 30 33 73 78 cost 0.0003169515
93 98 39 41 44 47 cost 0.0003163907
81 89 30 33 26 31 cost 0.0003146518
16 32 53 61 10 21 cost 0.000314365
85 89 41 43 39 42 cost 0.0003142539
114 122 37 41 36 42 cost 0.0003142465
93 98 39 41 52 54 cost 0.0003140504
102 106 39 41 47 49 cost 0.0003139461
89 98 26 30 0 5 cost 0.0003135049
98 106 45 49 42 47 cost 0.0003127585
89 93 28 30 39 42 cost 0.0003126625
81 85 41 43 47 49 cost 0.0003124519
48 65 30 37 10 21 cost 0.0003123122
93 98 43 45 33 36 cost 0.0003122448
112 114 40 41 50 52 cost 0.000312002
73 81 49 53 52 57 cost 0.0003109251
93 98 43 45 36 39 cost 0.0003106899
93 98 15 16 49 52 cost 0.0003106341
93 98 15 16 44 47 cost 0.0003105942
89 93 26 28 39 42 cost 0.0003104802
110 114 43 45 31 33 cost 0.0003104042
81 85 43 45 36 39 cost 0.0003098319
69 73 20 22 33 36 cost 0.0003087966
36 40 26 28 39 42 cost 0.0003085708
81 85 41 43 39 42 cost 0.0003063775
102 106 39 41 33 36 cost 0.0003061643
89 93 37 39 54 57 cost 0.0003054536
85 89 43 45 60 63 cost 0.000305299
93 98 28 30 39 42 cost 0.0003050768
114 118 41 43 57 60 cost 0.0003050332
106 114 45 49 57 63 cost 0.000304967
106 114 33 37 15 21 cost 0.0003048886
98 106 22 26 57 63 cost 0.0003047429
81 89 18 22 31 36 cost 0.0003045866
81 89 18 22 68 73 cost 0.0003040321
16 24 30 33 31 36 cost 0.0003037863
106 110 37 39 73 75 cost 0.0003036556
85 89 41 43 54 57 cost 0.0003029596
114 122 37 41 57 63 cost 0.0003027021
89 93 37 39 44 47 cost 0.0003023273
85 89 43 45 44 47 cost 0.0003020142
65 73 41 45 52 57 cost 0.0003018209
65 73 30 33 52 57 cost 0.0003000692
73 81 30 33 52 57 cost 0.0002998645
73 81 49 53 42 47 cost 0.0002998143
106 110 41 43 75 78 cost 0.000299307
98 106 45 49 57 63 cost 0.0002992768
81 89 26 30 26 31 cost 0.0002985141
89 93 43 45 60 63 cost 0.0002976994
36 40 26 28 44 47 cost 0.0002976209
89 98 7 11 47 52 cost 0.0002968207
85 89 41 43 47 49 cost 0.0002967179
106 110 39 41 81 84 cost 0.0002963608
16 32 45 53 21 31 cost 0.0002961624
69 73 18 20 33 36 cost 0.0002951879
85 89 41 43 60 63 cost 0.0002950584
98 106 22 26 36 42 cost 0.0002950511
106 110 41 43 78 81 cost 0.0002949588
16 24 22 26 42 47 cost 0.0002945293
89 98 7 11 42 47 cost 0.0002944044
85 89 43 45 57 60 cost 0.0002940927
36 40 26 28 36 39 cost 0.0002937818
106 110 39 41 18 21 cost 0.0002933876
85 89 43 45 54 57 cost 0.0002923871
85 89 41 43 57 60 cost 0.0002906774
93 98 43 45 65 68 cost 0.0002905134
56 65 22 26 57 63 cost 0.0002899305
65 73 30 33 31 36 cost 0.000289482
81 85 41 43 57 60 cost 0.0002894605
106 110 39 41 26 28 cost 0.0002893727
81 85 41 43 60 63 cost 0.0002893264
24 32 33 37 42 47 cost 0.0002891943
114 118 41 43 42 44 cost 0.0002891505
106 110 41 43 42 44 cost 0.0002891408
89 93 39 41 44 47 cost 0.0002890338
93 98 39 41 39 42 cost 0.0002888651
89 93 37 39 60 63 cost 0.0002888635
73 81 22 26 57 63 cost 0.0002887598
106 110 37 39 68 70 cost 0.0002886561
98 106 33 37 10 15 cost 0.0002883722
89 93 37 39 57 60 cost 0.0002873764
89 98 33 37 21 26 cost 0.0002872678
16 20 33 35 47 49 cost 0.0002871407
93 98 39 41 47 49 cost 0.000286376
93 98 15 16 39 42 cost 0.0002858958
24 32 30 33 26 31 cost 0.0002854261
16 24 26 30 0 5 cost 0.0002853634
69 73 20 22 52 54 cost 0.0002849666
32 40 22 26 21 26 cost 0.0002846128
93 98 26 28 54 57 cost 0.0002845182
73 81 41 45 31 36 cost 0.000284355
89 98 22 26 15 21 cost 0.0002843388
93 98 26 28 47 49 cost 0.0002838079
85 89 41 43 52 54 cost 0.0002836206
85 89 43 45 39 42 cost 0.0002829021
114 122 37 41 73 78 cost 0.0002825245
114 122 37 41 42 47 cost 0.0002821986
81 89 30 33 68 73 cost 0.0002818524
56 65 30 33 47 52 cost 0.0002818489
93 98 41 43 42 44 cost 0.0002818387
65 73 41 45 31 36 cost 0.0002816982
89 93 39 41 54 57 cost 0.0002814124
81 85 43 45 33 36 cost 0.0002812884
16 24 30 33 68 73 cost 0.0002812563
81 85 43 45 42 44 cost 0.0002812348
98 106 41 45 5 10 cost 0.0002809771
89 93 26 28 42 44 cost 0.0002808131
69 73 18 20 52 54 cost 0.0002807433
89 98 33 37 15 21 cost 0.0002796801
114 122 37 41 78 84 cost 0.000279588
102 106 39 41 60 63 cost 0.0002793909
112 114 39 40 50 52 cost 0.0002792937
98 106 7 11 57 63 cost 0.0002792773
81 89 33 37 21 26 cost 0.0002785768
89 93 37 39 39 42 cost 0.0002785281
0 16 37 45 21 31 cost 0.0002777717
89 93 26 28 65 68 cost 0.0002770197
0 16 37 45 73 84 cost 0.0002767725
106 110 37 39 23 26 cost 0.0002766095
89 93 37 39 52 54 cost 0.000276543
81 89 26 30 68 73 cost 0.0002762809
81 85 43 45 65 68 cost 0.0002762736
89 98 30 33 21 26 cost 0.0002760582
85 89 41 43 36 39 cost 0.0002756998
89 93 28 30 42 44 cost 0.0002754406
89 93 28 30 65 68 cost 0.0002754087
89 93 24 26 49 52 cost 0.0002749331
89 93 43 45 57 60 cost 0.0002745365
24 32 22 26 31 36 cost 0.0002738118
65 73 26 30 10 15 cost 0.0002734003
93 98 37 39 49 52 cost 0.0002733623
106 110 41 43 28 31 cost 0.0002732247
73 81 33 37 57 63 cost 0.0002727512
65 73 26 30 78 84 cost 0.0002722723
93 98 28 30 42 44 cost 0.0002720418
93 98 43 45 63 65 cost 0.0002719474
32 36 26 28 44 47 cost 0.0002713464
89 93 41 43 49 52 cost 0.0002713357
24 32 26 30 0 5 cost 0.0002713298
73 81 45 49 31 36 cost 0.000271119
73 81 45 49 57 63 cost 0.0002709524
81 85 41 43 36 39 cost 0.0002708631
85 89 43 45 52 54 cost 0.0002699811
93 98 24 26 49 52 cost 0.0002698874
48 65 30 37 73 84 cost 0.0002694734
102 106 39 41 42 44 cost 0.0002685761
93 98 39 41 57 60 cost 0.0002684479
81 89 30 33 78 84 cost 0.0002682012
56 65 33 37 42 47 cost 0.0002677179
106 110 41 43 65 68 cost 0.0002671451
73 81 49 53 57 63 cost 0.000267033
93 98 26 28 60 63 cost 0.0002669876
89 98 7 11 36 42 cost 0.0002666248
32 36 26 28 39 42 cost 0.0002659806
89 93 37 39 47 49 cost 0.0002655317
93 98 26 28 57 60 cost 0.0002655222
93 98 41 43 65 68 cost 0.0002654209
85 89 43 45 47 49 cost 0.0002653407
73 81 18 22 31 36 cost 0.0002651791
93 98 28 30 65 68 cost 0.0002646694
110 112 40 41 49 50 cost 0.0002646051
110 112 41 42 49 50 cost 0.0002642109
81 89 33 37 15 21 cost 0.0002639394
89 98 30 33 15 21 cost 0.0002638878
81 89 26 30 73 78 cost 0.0002638607
73 81 30 33 36 42 cost 0.0002636663
24 32 30 33 68 73 cost 0.0002635275
65 73 33 37 57 63 cost 0.000262858
24 32 22 26 68 73 cost 0.0002623926
65 73 37 41 26 31 cost 0.0002621576
89 93 39 41 39 42 cost 0.0002607973
110 114 37 39 49 52 cost 0.0002600437
93 98 15 16 36 39 cost 0.00025951
93 98 26 28 52 54 cost 0.0002585783
93 98 43 45 42 44 cost 0.0002581084
93 98 39 41 36 39 cost 0.0002577679
16 24 30 33 26 31 cost 0.0002569737
89 93 28 30 36 39 cost 0.0002565515
89 93 39 41 52 54 cost 0.0002562526
56 65 15 18 31 36 cost 0.0002562066
110 114 43 45 23 26 cost 0.000256027
85 89 41 43 33 36 cost 0.0002552627
73 81 37 41 31 36 cost 0.000254996
85 89 43 45 36 39 cost 0.0002549846
106 110 37 39 18 21 cost 0.0002548764
16 24 30 33 73 78 cost 0.0002547778
93 98 28 30 36 39 cost 0.000254563
89 93 43 45 49 52 cost 0.0002541906
56 65 22 26 21 26 cost 0.0002541607
93 98 39 41 60 63 cost 0.0002540356
89 93 39 41 57 60 cost 0.0002530273
73 81 18 22 68 73 cost 0.0002519718
93 98 15 16 47 49 cost 0.0002517733
89 98 7 11 52 57 cost 0.0002515753
65 69 20 22 31 33 cost 0.000251561
85 89 43 45 65 68 cost 0.000251379
81 85 43 45 63 65 cost 0.000250723
98 106 41 45 10 15 cost 0.0002506373
85 89 43 45 33 36 cost 0.0002504658
81 85 41 43 33 36 cost 0.000249979
106 110 39 41 15 18 cost 0.0002499737
110 112 39 40 49 50 cost 0.0002493005
24 32 33 37 57 63 cost 0.0002491506
16 24 22 26 63 68 cost 0.0002489144
89 93 39 41 47 49 cost 0.0002489022
106 110 41 43 31 33 cost 0.0002489012
89 93 26 28 36 39 cost 0.0002485452
81 89 22 26 68 73 cost 0.0002480825
89 93 26 28 63 65 cost 0.000247988
89 93 39 41 60 63 cost 0.0002479394
36 40 26 28 42 44 cost 0.0002476868
32 36 26 28 36 39 cost 0.0002476805
89 93 28 30 63 65 cost 0.0002475708
65 69 20 22 54 57 cost 0.0002473922
106 110 39 41 21 23 cost 0.0002470194
106 110 37 39 26 28 cost 0.0002468797
85 89 41 43 42 44 cost 0.0002466422
65 73 45 49 36 42 cost 0.00024631
89 93 43 45 33 36 cost 0.0002462011
0 16 37 45 10 21 cost 0.0002457824
93 98 26 28 39 42 cost 0.0002457685
81 89 37 41 5 10 cost 0.0002455301
106 110 37 39 81 84 cost 0.0002455293
56 65 26 30 57 63 cost 0.0002453583
73 81 18 22 73 78 cost 0.0002450353
81 85 41 43 42 44 cost 0.0002448791
73 81 26 30 57 63 cost 0.0002448168
98 106 41 45 0 5 cost 0.0002442451
89 98 22 26 78 84 cost 0.0002437294
24 32 30 33 15 21 cost 0.0002426082
65 69 22 24 31 33 cost 0.000242101
56 65 15 18 52 57 cost 0.0002418551
93 98 37 39 54 57 cost 0.0002411569
0 16 45 53 0 10 cost 0.000240061
89 93 37 39 36 39 cost 0.000239639
24 32 30 33 73 78 cost 0.000239533
32 48 37 45 10 21 cost 0.0002393484
65 81 53 61 42 52 cost 0.0002382054
85 89 41 43 65 68 cost 0.0002381904
24 32 33 37 36 42 cost 0.0002381068
106 110 41 43 70 73 cost 0.0002379284
8 16 45 49 57 63 cost 0.0002378961
98 102 39 41 49 52 cost 0.0002375206
98 106 7 11 31 36 cost 0.000237422
112 114 42 43 49 50 cost 0.0002370676
102 106 37 39 31 33 cost 0.0002367571
89 93 41 43 54 57 cost 0.0002364813
81 89 37 41 10 15 cost 0.0002362841
106 114 30 33 57 63 cost 0.0002362447
24 32 30 33 21 26 cost 0.0002353913
65 69 18 20 54 57 cost 0.0002351229
112 114 41 42 49 50 cost 0.0002350058
89 93 43 45 54 57 cost 0.0002349924
93 98 15 16 42 44 cost 0.0002346792
48 65 37 45 0 10 cost 0.0002345845
110 112 42 43 49 50 cost 0.0002345701
56 65 33 37 47 52 cost 0.000234317
73 81 49 53 31 36 cost 0.0002340822
114 122 37 41 63 68 cost 0.0002340302
89 93 41 43 44 47 cost 0.0002337627
48 56 41 45 47 52 cost 0.0002335189
93 98 41 43 63 65 cost 0.000232587
81 89 30 33 21 26 cost 0.0002324009
89 93 43 45 39 42 cost 0.0002322444
65 73 49 53 36 42 cost 0.0002321813
110 114 43 45 26 28 cost 0.000232064
24 32 22 26 73 78 cost 0.0002317313
110 114 43 45 18 21 cost 0.000231259
89 93 41 43 60 63 cost 0.0002312403
106 110 41 43 63 65 cost 0.0002299896
32 48 30 37 21 31 cost 0.0002292772
110 114 37 39 39 42 cost 0.0002292002
89 93 41 43 39 42 cost 0.0002290551
48 56 26 30 36 42 cost 0.0002285449
93 98 28 30 63 65 cost 0.0002283463
93 98 26 28 42 44 cost 0.0002277281
81 85 41 43 65 68 cost 0.0002272353
89 93 43 45 65 68 cost 0.0002266363
110 114 37 39 36 39 cost 0.000226404
110 114 37 39 54 57 cost 0.0002263552
89 93 41 43 57 60 cost 0.0002258804
89 93 24 26 47 49 cost 0.0002257151
73 81 26 30 31 36 cost 0.0002255187
65 81 53 61 31 42 cost 0.0002253062
8 16 45 49 47 52 cost 0.0002250608
89 93 43 45 44 47 cost 0.0002247919
93 98 41 43 31 33 cost 0.0002246494
8 16 45 49 52 57 cost 0.0002245693
81 89 22 26 26 31 cost 0.0002244655
89 93 39 41 36 39 cost 0.0002241072
36 40 28 30 39 42 cost 0.0002239205
98 106 30 33 10 15 cost 0.0002237383
65 69 18 20 31 33 cost 0.0002236328
89 93 37 39 42 44 cost 0.0002234284
93 98 37 39 52 54 cost 0.000222974
85 89 43 45 63 65 cost 0.0002228324
65 73 41 45 57 63 cost 0.0002224597
98 114 15 22 73 84 cost 0.0002221891
112 114 40 41 49 50 cost 0.0002221326
93 98 39 41 42 44 cost 0.0002220904
81 89 26 30 21 26 cost 0.0002219488
89 93 43 45 36 39 cost 0.0002213462
32 36 26 28 42 44 cost 0.0002210509
106 114 30 33 52 57 cost 0.0002199655
56 65 26 30 21 26 cost 0.0002199344
16 32 37 45 0 10 cost 0.0002196899
16 32 45 53 10 21 cost 0.0002187604
73 81 33 37 31 36 cost 0.0002185357
73 81 22 26 63 68 cost 0.0002181062
93 98 43 45 31 33 cost 0.0002180013
32 36 28 30 39 42 cost 0.0002178954
81 89 26 30 15 21 cost 0.0002173301
73 81 30 33 57 63 cost 0.0002172627
110 114 37 39 52 54 cost 0.0002170945
85 89 43 45 42 44 cost 0.0002166797
89 93 43 45 63 65 cost 0.0002163135
32 36 28 30 44 47 cost 0.000216025
16 24 22 26 36 42 cost 0.0002152157
93 98 24 26 47 49 cost 0.0002149606
93 98 37 39 44 47 cost 0.0002148249
73 81 41 45 57 63 cost 0.0002145974
89 93 41 43 52 54 cost 0.0002144492
81 89 30 33 15 21 cost 0.0002143101
16 24 30 33 15 21 cost 0.0002141846
106 110 37 39 21 23 cost 0.0002140173
93 98 22 24 49 52 cost 0.0002136725
36 40 28 30 36 39 cost 0.0002136389
69 73 20 22 54 57 cost 0.0002131911
89 93 41 43 33 36 cost 0.0002130196
98 106 22 26 63 68 cost 0.0002130193
48 65 30 37 0 10 cost 0.0002128998
32 48 30 37 63 73 cost 0.000212459
102 106 33 35 49 52 cost 0.0002124056
32 65 0 15 0 21 cost 0.0002123837
65 73 15 18 26 31 cost 0.0002123444
102 106 39 41 31 33 cost 0.0002120177
24 32 22 26 26 31 cost 0.0002119481
85 89 41 43 63 65 cost 0.0002116059
114 122 37 41 68 73 cost 0.000211182
98 102 39 41 44 47 cost 0.0002109168
102 106 33 35 54 57 cost 0.0002108139
114 122 37 41 31 36 cost 0.000210658
81 89 26 30 78 84 cost 0.0002101415
89 93 39 41 42 44 cost 0.0002099281
118 122 43 45 49 52 cost 0.0002095341
48 56 41 45 52 57 cost 0.0002092646
36 40 28 30 44 47 cost 0.0002091221
89 93 43 45 52 54 cost 0.0002088119
65 69 28 30 39 42 cost 0.0002086648
69 73 18 20 54 57 cost 0.0002080569
93 98 26 28 65 68 cost 0.0002072155
106 110 37 39 15 18 cost 0.0002070005
65 81 53 61 52 63 cost 0.0002065406
106 110 41 43 73 75 cost 0.0002064671
89 93 41 43 36 39 cost 0.0002063584
16 24 30 33 21 26 cost 0.0002062743
93 98 37 39 39 42 cost 0.0002049479
81 85 41 43 63 65 cost 0.0002048906
32 36 28 30 36 39 cost 0.0002038759
110 114 43 45 15 18 cost 0.0002030786
93 98 37 39 57 60 cost 0.0002028238
16 32 53 61 0 10 cost 0.0002025861
73 81 22 26 31 36 cost 0.0002025787
65 73 45 49 47 52 cost 0.0002009389
110 114 43 45 21 23 cost 0.000200893
65 73 45 49 42 47 cost 0.0002008014
16 24 30 33 78 84 cost 0.0002006537
48 56 22 26 36 42 cost 0.0002005527
73 81 18 22 15 21 cost 0.0002004894
93 98 26 28 36 39 cost 0.0002001067
73 81 18 22 78 84 cost 0.0002000789
65 73 49 53 47 52 cost 0.000199689
89 93 41 43 47 49 cost 0.0001995979
65 81 7 15 52 63 cost 0.0001994649
0 16 53 61 0 10 cost 0.0001984171
48 56 26 30 42 47 cost 0.0001982819
106 110 43 45 49 52 cost 0.0001981981
73 81 18 22 26 31 cost 0.0001981732
89 98 7 11 57 63 cost 0.0001977269
65 73 41 45 26 31 cost 0.0001976823
65 73 30 33 57 63 cost 0.0001973877
89 98 33 37 10 15 cost 0.0001973834
81 89 37 41 0 5 cost 0.0001973072
81 89 22 26 73 78 cost 0.0001972408
106 114 30 33 47 52 cost 0.0001967742
112 114 39 40 49 50 cost 0.0001967344
93 98 37 39 47 49 cost 0.0001960992
73 81 41 45 26 31 cost 0.0001960655
98 102 33 35 49 52 cost 0.0001958639
69 73 20 22 31 33 cost 0.0001957347
65 73 49 53 42 47 cost 0.0001952115
98 106 22 26 31 36 cost 0.0001951046
89 98 22 26 5 10 cost 0.000194696
73 81 37 41 26 31 cost 0.0001939389
110 114 37 39 44 47 cost 0.0001937429
24 32 30 33 10 15 cost 0.0001935039
24 32 22 26 15 21 cost 0.0001921002
106 114 30 33 36 42 cost 0.0001916804
24 32 30 33 78 84 cost 0.0001915735
110 114 37 39 33 36 cost 0.0001908914
98 102 33 35 54 57 cost 0.0001908456
65 73 49 53 52 57 cost 0.0001908301
89 93 43 45 47 49 cost 0.0001907137
93 98 37 39 60 63 cost 0.0001904918
106 110 41 43 23 26 cost 0.0001901134
89 98 22 26 10 15 cost 0.0001900857
110 114 37 39 57 60 cost 0.0001900179
98 102 39 41 54 57 cost 0.0001892047
69 73 22 24 39 42 cost 0.0001885579
32 65 45 61 0 21 cost 0.0001883802
69 73 18 20 31 33 cost 0.0001872084
65 69 28 30 36 39 cost 0.0001868848
81 89 18 22 26 31 cost 0.0001861113
98 102 39 41 47 49 cost 0.0001857699
106 110 41 43 68 70 cost 0.0001857385
93 98 26 28 63 65 cost 0.0001851972
98 102 39 41 33 36 cost 0.0001847262
81 98 53 61 52 63 cost 0.0001846038
102 106 33 35 57 60 cost 0.0001840149
98 102 39 41 39 42 cost 0.0001838961
106 114 33 37 10 15 cost 0.0001838683
93 98 37 39 36 39 cost 0.0001835057
24 32 22 26 78 84 cost 0.0001834557
102 106 33 35 52 54 cost 0.0001818621
98 102 39 41 52 54 cost 0.0001817883
110 114 37 39 60 63 cost 0.0001816715
16 24 30 33 10 15 cost 0.0001811095
89 98 30 33 10 15 cost 0.0001806562
89 93 43 45 31 33 cost 0.0001805784
65 69 28 30 44 47 cost 0.0001793703
73 81 30 33 31 36 cost 0.0001791722
110 114 37 39 47 49 cost 0.0001790234
65 73 15 18 57 63 cost 0.0001788486
81 89 33 37 10 15 cost 0.000178814
65 73 37 41 21 26 cost 0.0001776588
8 16 45 49 42 47 cost 0.0001774528
32 36 28 30 42 44 cost 0.0001771692
98 102 39 41 36 39 cost 0.0001770633
89 93 41 43 65 68 cost 0.0001770537
36 40 28 30 42 44 cost 0.000176813
81 85 43 45 31 33 cost 0.0001762532
65 73 45 49 52 57 cost 0.0001759871
48 56 22 26 42 47 cost 0.0001756649
102 106 33 35 60 63 cost 0.0001754301
106 110 41 43 81 84 cost 0.0001753921
89 93 41 43 42 44 cost 0.0001745435
106 110 43 45 39 42 cost 0.00017412
106 110 41 43 26 28 cost 0.0001740927
48 56 26 30 47 52 cost 0.0001734137
106 110 41 43 18 21 cost 0.0001728277
118 122 43 45 47 49 cost 0.0001726729
65 73 45 49 31 36 cost 0.0001724502
73 81 18 22 21 26 cost 0.000172177
73 81 22 26 68 73 cost 0.0001720656
32 48 30 37 10 21 cost 0.0001713812
24 32 22 26 21 26 cost 0.0001707964
73 81 22 26 73 78 cost 0.0001706543
102 106 33 35 39 42 cost 0.0001705259
40 48 22 26 36 42 cost 0.0001704811
65 73 49 53 57 63 cost 0.0001698534
89 93 43 45 42 44 cost 0.0001696816
24 32 33 37 31 36 cost 0.0001696132
98 102 33 35 52 54 cost 0.0001695348
106 114 30 33 42 47 cost 0.0001694483
106 110 43 45 36 39 cost 0.0001685386
69 73 22 24 36 39 cost 0.0001685092
81 89 22 26 21 26 cost 0.000167317
85 89 41 43 31 33 cost 0.0001661102
118 122 43 45 39 42 cost 0.0001653379
85 89 43 45 31 33 cost 0.0001646279
48 56 41 45 42 47 cost 0.0001643642
93 98 22 24 47 49 cost 0.0001641168
98 102 33 35 39 42 cost 0.0001638256
89 93 22 24 49 52 cost 0.0001635718
65 69 28 30 42 44 cost 0.0001624863
65 73 49 53 31 36 cost 0.0001623998
106 110 43 45 33 36 cost 0.0001621739
89 93 41 43 63 65 cost 0.0001612533
81 89 49 53 52 57 cost 0.000161181
89 98 7 11 31 36 cost 0.0001606427
98 102 33 35 57 60 cost 0.0001603667
102 106 33 35 36 39 cost 0.0001601578
69 73 22 24 44 47 cost 0.0001600785
65 73 15 18 15 21 cost 0.0001595146
98 102 39 41 57 60 cost 0.0001592958
81 85 41 43 31 33 cost 0.0001588744
32 65 0 15 63 84 cost 0.0001584422
81 89 22 26 15 21 cost 0.0001581884
106 114 30 33 31 36 cost 0.0001577036
93 98 37 39 42 44 cost 0.0001576959
110 114 37 39 42 44 cost 0.0001576447
106 110 43 45 44 47 cost 0.000157366
118 122 43 45 52 54 cost 0.0001573013
56 65 37 41 42 47 cost 0.0001569613
98 102 33 35 60 63 cost 0.0001566764
81 89 49 53 47 52 cost 0.000156379
106 110 43 45 52 54 cost 0.0001562841
73 81 26 30 26 31 cost 0.0001555082
106 110 43 45 54 57 cost 0.0001552669
118 122 43 45 44 47 cost 0.0001551768
24 32 22 26 10 15 cost 0.000154711
106 114 30 33 63 68 cost 0.000153656
106 110 41 43 15 18 cost 0.000153384
73 81 22 26 26 31 cost 0.0001533509
89 93 41 43 31 33 cost 0.0001530175
89 98 22 26 0 5 cost 0.0001527481
65 73 15 18 73 78 cost 0.0001524206
114 122 37 41 26 31 cost 0.0001522806
40 48 22 26 42 47 cost 0.000152122
16 32 45 53 0 10 cost 0.0001520685
73 81 26 30 73 78 cost 0.0001519397
106 110 43 45 60 63 cost 0.0001516802
73 81 26 30 63 68 cost 0.0001514841
24 32 22 26 5 10 cost 0.0001511544
65 73 15 18 21 26 cost 0.0001508663
98 102 33 35 36 39 cost 0.0001504289
0 16 37 45 0 10 cost 0.0001502126
65 73 15 18 78 84 cost 0.0001481882
98 102 39 41 60 63 cost 0.0001480485
81 89 26 30 5 10 cost 0.000147773
73 81 18 22 10 15 cost 0.000147702
69 73 22 24 49 52 cost 0.0001473097
16 24 22 26 68 73 cost 0.0001472403
65 73 15 18 63 68 cost 0.0001470223
73 81 41 45 21 26 cost 0.0001464491
106 110 41 43 21 23 cost 0.0001463307
8 16 57 61 57 63 cost 0.0001462296
118 122 43 45 36 39 cost 0.0001460552
69 73 22 24 42 44 cost 0.0001458071
81 98 53 61 31 42 cost 0.0001456837
81 89 49 53 57 63 cost 0.0001454621
48 56 33 37 47 52 cost 0.0001452438
56 65 37 41 47 52 cost 0.0001452413
106 110 43 45 47 49 cost 0.0001451339
73 81 37 41 21 26 cost 0.0001451073
81 98 53 61 42 52 cost 0.0001449492
69 73 22 24 33 36 cost 0.0001444967
98 102 37 39 49 52 cost 0.0001442192
24 32 33 37 26 31 cost 0.000143718
73 81 26 30 68 73 cost 0.0001436569
81 89 26 30 10 15 cost 0.0001434743
106 110 43 45 57 60 cost 0.0001432807
98 102 39 41 42 44 cost 0.0001432464
32 48 37 45 0 10 cost 0.0001431076
81 89 22 26 78 84 cost 0.0001429802
102 106 33 35 47 49 cost 0.0001428799
65 73 45 49 57 63 cost 0.0001428474
65 73 15 18 68 73 cost 0.0001424477
118 122 43 45 60 63 cost 0.0001423352
16 24 22 26 31 36 cost 0.0001422875
65 81 53 61 63 73 cost 0.0001420114
65 73 41 45 21 26 cost 0.0001417801
98 106 22 26 68 73 cost 0.0001415116
81 89 30 33 10 15 cost 0.0001406733
110 114 37 39 65 68 cost 0.0001394114
48 56 22 26 47 52 cost 0.0001392077
89 93 22 24 47 49 cost 0.0001387795
106 110 43 45 75 78 cost 0.0001385355
32 48 30 37 73 84 cost 0.0001370762
48 56 41 45 57 63 cost 0.0001368219
106 110 43 45 78 81 cost 0.0001363293
24 32 33 37 63 68 cost 0.0001352885
81 89 49 53 36 42 cost 0.00013424
48 56 26 30 31 36 cost 0.0001335411
98 102 33 35 47 49 cost 0.0001323936
81 89 18 22 21 26 cost 0.0001312244
98 102 39 41 31 33 cost 0.0001311402
40 48 22 26 47 52 cost 0.0001304142
16 24 22 26 73 78 cost 0.0001295426
48 56 22 26 31 36 cost 0.0001274062
106 110 43 45 28 31 cost 0.0001271966
106 110 43 45 65 68 cost 0.0001268183
69 73 22 24 47 49 cost 0.0001266861
110 114 37 39 75 78 cost 0.0001259092
73 81 22 26 78 84 cost 0.0001253921
81 98 53 61 63 73 cost 0.0001253534
48 56 30 33 42 47 cost 0.0001250677
110 114 37 39 78 81 cost 0.0001249532
110 114 37 39 28 31 cost 0.0001248372
98 102 37 39 44 47 cost 0.0001241694
81 89 49 53 42 47 cost 0.0001239781
98 102 37 39 54 57 cost 0.0001235977
118 122 43 45 42 44 cost 0.0001233581
110 114 37 39 63 65 cost 0.0001233524
48 56 33 37 42 47 cost 0.0001230434
8 16 30 33 52 57 cost 0.0001211415
118 122 41 43 49 52 cost 0.0001211324
20 24 33 35 49 52 cost 0.0001209456
24 32 33 37 15 21 cost 0.000120236
106 110 43 45 42 44 cost 0.0001201104
65 81 53 61 21 31 cost 0.000119165
110 114 37 39 31 33 cost 0.00011907
114 122 37 41 21 26 cost 0.0001187468
65 73 15 18 10 15 cost 0.000118056
56 65 15 18 57 63 cost 0.0001179242
73 81 22 26 21 26 cost 0.0001172089
16 24 57 61 57 63 cost 0.0001172086
73 81 22 26 15 21 cost 0.0001170381
24 32 33 37 21 26 cost 0.0001167453
8 16 30 33 57 63 cost 0.0001160171
81 89 26 30 0 5 cost 0.0001156136
73 81 26 30 78 84 cost 0.0001133301
73 81 26 30 15 21 cost 0.0001132716
98 102 37 39 52 54 cost 0.0001131351
106 114 30 33 26 31 cost 0.0001129988
73 81 26 30 21 26 cost 0.0001126127
65 81 53 61 73 84 cost 0.0001116109
106 110 43 45 31 33 cost 0.000111438
40 48 26 30 36 42 cost 0.0001112578
98 102 37 39 39 42 cost 0.000111253
106 110 43 45 63 65 cost 0.0001111306
98 102 37 39 47 49 cost 0.0001109488
98 102 37 39 33 36 cost 0.0001106534
81 89 49 53 63 68 cost 0.0001095503
16 24 22 26 26 31 cost 0.0001092279
118 122 43 45 54 57 cost 0.0001087087
110 114 37 39 70 73 cost 0.0001085822
40 48 26 30 47 52 cost 0.0001084205
40 48 26 30 42 47 cost 0.0001080921
48 56 26 30 52 57 cost 0.0001080782
98 102 37 39 57 60 cost 0.0001078778
24 32 33 37 68 73 cost 0.0001077342
32 48 30 37 0 10 cost 0.0001075297
48 56 30 33 47 52 cost 0.0001073594
81 89 49 53 31 36 cost 0.000107208
48 56 18 22 36 42 cost 0.000106894
98 102 37 39 36 39 cost 0.0001068757
98 102 35 37 49 52 cost 0.0001049971
106 110 43 45 70 73 cost 0.0001049929
20 24 33 35 54 57 cost 0.0001036818
81 89 22 26 10 15 cost 0.0001035856
8 16 57 61 52 57 cost 0.0001034414
81 89 22 26 5 10 cost 0.0001029242
118 122 43 45 57 60 cost 0.0001026095
40 48 22 26 31 36 cost 0.0001025822
81 98 53 61 21 31 cost 0.0001023008
24 32 33 37 73 78 cost 0.0001022771
48 56 18 22 42 47 cost 0.000101759
56 65 37 41 52 57 cost 0.0001003039
98 102 37 39 60 63 cost 0.0001001255
24 32 53 57 57 63 cost 9.97444e-05
16 24 22 26 78 84 cost 9.91453e-05
69 73 22 24 31 33 cost 9.89791e-05
8 16 30 33 47 52 cost 9.892e-05
69 73 24 26 39 42 cost 9.87141e-05
81 89 15 18 47 52 cost 9.86261e-05
118 122 41 43 47 49 cost 9.81606e-05
24 32 22 26 0 5 cost 9.72996e-05
65 81 7 15 21 31 cost 9.72269e-05
16 24 22 26 15 21 cost 9.72171e-05
98 102 35 37 54 57 cost 9.60686e-05
81 89 11 15 47 52 cost 9.52264e-05
106 110 43 45 73 75 cost 9.48897e-05
48 56 22 26 52 57 cost 9.44836e-05
24 32 53 57 52 57 cost 9.42772e-05
81 89 11 15 42 47 cost 9.37366e-05
40 48 22 26 52 57 cost 9.29482e-05
24 32 33 37 10 15 cost 9.19722e-05
81 89 15 18 42 47 cost 9.18937e-05
69 73 24 26 36 39 cost 9.04368e-05
114 122 49 53 47 52 cost 9.03047e-05
20 24 33 35 47 49 cost 8.96684e-05
110 114 37 39 23 26 cost 8.94862e-05
24 32 33 37 78 84 cost 8.87368e-05
110 114 37 39 68 70 cost 8.80244e-05
16 24 22 26 21 26 cost 8.79644e-05
20 24 33 35 52 54 cost 8.77512e-05
118 122 41 43 52 54 cost 8.75254e-05
32 48 15 22 42 52 cost 8.72058e-05
98 102 35 37 52 54 cost 8.67951e-05
118 122 41 43 39 42 cost 8.67805e-05
110 114 37 39 73 75 cost 8.67518e-05
98 102 37 39 42 44 cost 8.65796e-05
118 122 41 43 44 47 cost 8.65255e-05
106 110 43 45 23 26 cost 8.59313e-05
16 24 41 45 47 52 cost 8.51288e-05
98 102 35 37 57 60 cost 8.48911e-05
81 89 15 18 52 57 cost 8.48419e-05
73 81 22 26 10 15 cost 8.48125e-05
48 56 22 26 26 31 cost 8.45674e-05
16 24 22 26 10 15 cost 8.38012e-05
106 114 30 33 68 73 cost 8.33174e-05
73 81 15 18 47 52 cost 8.30821e-05
73 81 26 30 10 15 cost 8.29715e-05
16 24 41 45 52 57 cost 8.26164e-05
81 89 49 53 68 73 cost 8.24947e-05
16 24 57 61 52 57 cost 8.24577e-05
114 122 49 53 52 57 cost 8.23637e-05
110 114 37 39 18 21 cost 8.22539e-05
16 24 22 26 5 10 cost 8.18552e-05
118 122 41 43 60 63 cost 8.16887e-05
69 73 24 26 44 47 cost 8.14592e-05
81 89 11 15 36 42 cost 8.14267e-05
40 48 26 30 52 57 cost 8.13897e-05
81 89 49 53 26 31 cost 8.13672e-05
110 114 37 39 26 28 cost 8.1235e-05
89 98 49 53 57 63 cost 8.10886e-05
81 89 11 15 52 57 cost 8.07294e-05
106 110 43 45 68 70 cost 8.05876e-05
69 73 24 26 33 36 cost 8.0574e-05
98 102 35 37 60 63 cost 8.05069e-05
106 114 30 33 73 78 cost 8.02845e-05
48 56 26 30 26 31 cost 8.01945e-05
106 110 43 45 81 84 cost 7.99294e-05
98 102 35 37 39 42 cost 7.98296e-05
106 110 43 45 26 28 cost 7.97949e-05
81 89 49 53 73 78 cost 7.94732e-05
118 122 41 43 36 39 cost 7.93033e-05
89 93 16 18 49 52 cost 7.88147e-05
20 24 33 35 57 60 cost 7.87955e-05
32 48 15 22 31 42 cost 7.86651e-05
98 102 35 37 36 39 cost 7.81079e-05
110 114 37 39 81 84 cost 7.73373e-05
89 93 16 18 44 47 cost 7.70726e-05
81 89 22 26 0 5 cost 7.67624e-05
98 102 37 39 31 33 cost 7.66116e-05
16 24 41 45 57 63 cost 7.62718e-05
65 81 53 61 10 21 cost 7.59716e-05
114 122 49 53 36 42 cost 7.55908e-05
69 73 26 28 44 47 cost 7.55482e-05
106 114 30 33 15 21 cost 7.54731e-05
106 110 43 45 18 21 cost 7.52704e-05
106 114 30 33 21 26 cost 7.47679e-05
81 89 15 18 36 42 cost 7.42379e-05
48 56 18 22 47 52 cost 7.39101e-05
69 73 24 26 42 44 cost 7.38912e-05
20 24 35 37 49 52 cost 7.35862e-05
114 122 49 53 42 47 cost 7.28717e-05
98 102 35 37 47 49 cost 7.24712e-05
69 73 24 26 49 52 cost 7.1995e-05
69 73 26 28 39 42 cost 7.09194e-05
89 98 49 53 52 57 cost 7.05473e-05
73 81 15 18 52 57 cost 7.0532e-05
48 56 26 30 57 63 cost 6.99973e-05
40 48 22 26 26 31 cost 6.99423e-05
16 20 28 30 54 57 cost 6.9371e-05
114 122 49 53 57 63 cost 6.93616e-05
106 114 26 30 57 63 cost 6.84546e-05
110 114 37 39 21 23 cost 6.84163e-05
110 114 37 39 15 18 cost 6.83391e-05
20 24 35 37 54 57 cost 6.79136e-05
89 93 16 18 39 42 cost 6.78878e-05
106 114 30 33 78 84 cost 6.76152e-05
106 114 26 30 52 57 cost 6.70371e-05
81 89 15 18 57 63 cost 6.70155e-05
69 73 28 30 44 47 cost 6.69474e-05
40 48 26 30 31 36 cost 6.59202e-05
106 110 43 45 15 18 cost 6.58618e-05
73 81 15 18 42 47 cost 6.57048e-05
89 98 49 53 31 36 cost 6.55479e-05
81 89 49 53 21 26 cost 6.55017e-05
16 24 41 45 42 47 cost 6.55004e-05
81 98 53 61 73 84 cost 6.53592e-05
106 114 26 30 47 52 cost 6.517e-05
89 98 49 53 36 42 cost 6.45931e-05
8 16 30 33 42 47 cost 6.45606e-05
106 110 43 45 21 23 cost 6.44628e-05
89 98 49 53 63 68 cost 6.44536e-05
69 73 24 26 47 49 cost 6.42056e-05
28 32 26 28 49 52 cost 6.36819e-05
81 89 11 15 57 63 cost 6.36814e-05
89 93 16 18 47 49 cost 6.35958e-05
118 122 41 43 42 44 cost 6.34553e-05
16 20 28 30 49 52 cost 6.2971e-05
89 98 49 53 47 52 cost 6.21368e-05
81 98 53 61 10 21 cost 6.20543e-05
48 56 18 22 31 36 cost 6.17211e-05
48 56 22 26 57 63 cost 6.16872e-05
40 48 26 30 57 63 cost 6.125e-05
69 73 26 28 36 39 cost 6.12467e-05
20 24 33 35 60 63 cost 6.12207e-05
118 122 41 43 54 57 cost 6.05696e-05
56 65 37 41 57 63 cost 6.01136e-05
69 73 26 28 42 44 cost 5.98855e-05
89 93 16 18 36 39 cost 5.9798e-05
24 32 37 41 52 57 cost 5.9413e-05
56 65 41 45 47 52 cost 5.93354e-05
28 32 26 28 54 57 cost 5.90029e-05
16 20 28 30 57 60 cost 5.83688e-05
106 114 26 30 36 42 cost 5.79888e-05
20 24 35 37 52 54 cost 5.7359e-05
106 114 26 30 42 47 cost 5.7228e-05
28 32 28 30 49 52 cost 5.72271e-05
40 48 22 26 57 63 cost 5.68816e-05
89 93 16 18 42 44 cost 5.67569e-05
118 122 41 43 57 60 cost 5.67156e-05
81 89 49 53 78 84 cost 5.62827e-05
48 56 15 18 36 42 cost 5.57506e-05
24 32 37 41 47 52 cost 5.54197e-05
20 24 35 37 57 60 cost 5.52115e-05
48 56 22 26 21 26 cost 5.50419e-05
56 65 41 45 42 47 cost 5.44177e-05
48 56 15 18 42 47 cost 5.43478e-05
69 73 28 30 39 42 cost 5.37302e-05
28 32 26 28 57 60 cost 5.34056e-05
16 20 28 30 52 54 cost 5.30813e-05
81 89 7 11 47 52 cost 5.30698e-05
20 24 35 37 47 49 cost 5.30067e-05
69 73 24 26 31 33 cost 5.22497e-05
28 32 26 28 60 63 cost 5.11185e-05
28 32 26 28 52 54 cost 5.10835e-05
48 56 26 30 21 26 cost 5.08932e-05
81 89 11 15 31 36 cost 5.07937e-05
81 89 7 11 42 47 cost 5.06031e-05
73 81 15 18 57 63 cost 5.05756e-05
40 48 22 26 21 26 cost 5.04465e-05
24 32 37 41 57 63 cost 4.95846e-05
114 122 49 53 31 36 cost 4.94468e-05
56 65 41 45 52 57 cost 4.94051e-05
28 32 26 28 44 47 cost 4.9144e-05
28 32 28 30 44 47 cost 4.91199e-05
65 81 7 15 63 73 cost 4.907e-05
28 32 28 30 54 57 cost 4.88356e-05
89 98 49 53 26 31 cost 4.87248e-05
89 98 49 53 42 47 cost 4.86526e-05
73 81 15 18 36 42 cost 4.8331e-05
16 24 22 26 0 5 cost 4.82807e-05
69 73 28 30 42 44 cost 4.77086e-05
89 93 15 16 49 52 cost 4.72683e-05
89 93 15 16 44 47 cost 4.71931e-05
28 32 26 28 47 49 cost 4.71917e-05
40 48 26 30 26 31 cost 4.68747e-05
0 16 22 30 52 63 cost 4.67526e-05
28 32 28 30 47 49 cost 4.67434e-05
89 98 49 53 68 73 cost 4.66773e-05
65 81 53 61 0 10 cost 4.64914e-05
106 114 49 53 47 52 cost 4.64737e-05
81 89 7 11 52 57 cost 4.6367e-05
16 20 28 30 60 63 cost 4.62165e-05
20 24 35 37 60 63 cost 4.56746e-05
81 89 15 18 31 36 cost 4.56261e-05
48 56 15 18 47 52 cost 4.50352e-05
28 32 28 30 57 60 cost 4.48667e-05
24 32 41 45 52 57 cost 4.47358e-05
81 98 53 61 0 10 cost 4.45742e-05
106 114 30 33 10 15 cost 4.4387e-05
65 81 7 15 73 84 cost 4.3881e-05
69 73 28 30 36 39 cost 4.35646e-05
28 32 28 30 52 54 cost 4.32442e-05
106 114 49 53 42 47 cost 4.32012e-05
106 114 26 30 63 68 cost 4.29904e-05
24 32 41 45 47 52 cost 4.24554e-05
16 20 28 30 47 49 cost 4.22865e-05
106 114 49 53 52 57 cost 4.22848e-05
81 89 7 11 36 42 cost 4.22056e-05
89 93 15 16 39 42 cost 4.2027e-05
48 56 18 22 52 57 cost 4.19696e-05
89 98 49 53 73 78 cost 4.16442e-05
81 89 15 18 63 68 cost 4.10429e-05
16 20 28 30 44 47 cost 4.06011e-05
32 48 15 22 52 63 cost 4.04701e-05
28 32 28 30 60 63 cost 4.03379e-05
24 32 41 45 57 63 cost 3.93152e-05
40 48 26 30 21 26 cost 3.87856e-05
106 114 26 30 31 36 cost 3.85755e-05
106 114 49 53 57 63 cost 3.79624e-05
81 89 15 18 26 31 cost 3.79537e-05
89 93 15 16 47 49 cost 3.73268e-05
89 93 15 16 36 39 cost 3.67747e-05
16 20 26 28 54 57 cost 3.66137e-05
73 81 15 18 63 68 cost 3.55015e-05
24 32 37 41 42 47 cost 3.5472e-05
28 32 26 28 39 42 cost 3.48359e-05
28 32 26 28 63 65 cost 3.47429e-05
28 32 26 28 65 68 cost 3.47332e-05
81 89 7 11 57 63 cost 3.46157e-05
89 98 49 53 21 26 cost 3.45532e-05
56 65 41 45 57 63 cost 3.42203e-05
0 16 22 30 42 52 cost 3.41392e-05
89 93 15 16 42 44 cost 3.35902e-05
28 32 28 30 39 42 cost 3.34812e-05
28 32 26 28 42 44 cost 3.31898e-05
16 20 26 28 49 52 cost 3.29417e-05
32 48 15 22 21 31 cost 3.26967e-05
48 56 15 18 31 36 cost 3.24506e-05
28 32 28 30 42 44 cost 3.23742e-05
16 20 26 28 57 60 cost 3.16516e-05
56 60 20 22 39 42 cost 3.15686e-05
81 89 7 11 31 36 cost 3.11269e-05
24 32 41 45 42 47 cost 3.06721e-05
81 89 15 18 68 73 cost 2.8874e-05
28 32 28 30 65 68 cost 2.81157e-05
48 56 18 22 57 63 cost 2.77655e-05
16 20 26 28 60 63 cost 2.76894e-05
16 20 26 28 52 54 cost 2.75466e-05
56 60 20 22 44 47 cost 2.73242e-05
48 56 15 18 52 57 cost 2.72807e-05
28 32 26 28 36 39 cost 2.72517e-05
28 32 28 30 36 39 cost 2.72364e-05
81 89 15 18 21 26 cost 2.67844e-05
28 32 28 30 63 65 cost 2.66663e-05
89 98 49 53 78 84 cost 2.66386e-05
56 60 20 22 42 44 cost 2.63525e-05
73 81 15 18 31 36 cost 2.58633e-05
16 20 28 30 65 68 cost 2.58436e-05
16 20 28 30 63 65 cost 2.49109e-05
0 16 22 30 63 73 cost 2.48328e-05
56 60 20 22 36 39 cost 2.4365e-05
122 131 49 53 47 52 cost 2.39784e-05
56 60 18 20 39 42 cost 2.38288e-05
16 20 28 30 42 44 cost 2.36374e-05
16 20 28 30 39 42 cost 2.35769e-05
0 16 22 30 31 42 cost 2.2926e-05
73 81 15 18 68 73 cost 2.28569e-05
122 131 49 53 52 57 cost 2.26408e-05
16 20 26 28 44 47 cost 2.24193e-05
73 81 15 18 73 78 cost 2.21653e-05
16 20 26 28 47 49 cost 2.19279e-05
73 81 15 18 15 21 cost 2.183e-05
56 60 18 20 44 47 cost 2.17482e-05
32 48 15 22 63 73 cost 2.1102e-05
32 48 15 22 10 21 cost 2.10412e-05
24 32 57 61 57 63 cost 2.04695e-05
16 20 28 30 36 39 cost 2.04243e-05
56 60 18 20 42 44 cost 2.00732e-05
106 114 26 30 68 73 cost 2.00025e-05
73 81 15 18 78 84 cost 1.97554e-05
73 81 15 18 26 31 cost 1.95584e-05
122 131 45 49 47 52 cost 1.95256e-05
24 32 57 61 52 57 cost 1.87007e-05
32 48 15 22 73 84 cost 1.82084e-05
56 60 18 20 36 39 cost 1.797e-05
16 20 26 28 65 68 cost 1.76641e-05
73 81 15 18 21 26 cost 1.75931e-05
122 131 49 53 31 36 cost 1.7245e-05
122 131 49 53 36 42 cost 1.68956e-05
122 131 45 49 52 57 cost 1.66249e-05
16 20 26 28 63 65 cost 1.65438e-05
122 131 49 53 57 63 cost 1.64214e-05
0 16 22 30 21 31 cost 1.60953e-05
0 16 22 30 73 84 cost 1.60158e-05
0 16 22 30 10 21 cost 1.60007e-05
114 131 53 61 52 63 cost 1.5853e-05
16 20 26 28 39 42 cost 1.54602e-05
73 81 15 18 10 15 cost 1.48485e-05
16 20 26 28 42 44 cost 1.44654e-05
114 131 53 61 31 42 cost 1.35447e-05
114 131 53 61 42 52 cost 1.35188e-05
48 56 15 18 57 63 cost 1.34808e-05
98 106 49 53 47 52 cost 1.34049e-05
16 20 26 28 36 39 cost 1.33798e-05
122 131 49 53 42 47 cost 1.33227e-05
122 131 45 49 57 63 cost 1.31488e-05
98 106 49 53 52 57 cost 1.28442e-05
98 106 49 53 42 47 cost 1.27155e-05
98 106 49 53 57 63 cost 1.25709e-05
122 131 45 49 31 36 cost 1.23417e-05
122 131 45 49 36 42 cost 1.14705e-05
122 131 45 49 42 47 cost 1.0636e-05
32 48 15 22 0 10 cost 9.4247e-06
0 16 22 30 0 10 cost 8.4068e-06
81 98 0 7 42 52 cost 7.599e-06
114 131 53 61 63 73 cost 7.5084e-06
114 131 53 61 21 31 cost 6.2285e-06
114 131 53 61 0 10 cost 6.1108e-06
114 131 53 61 73 84 cost 5.1926e-06
81 98 0 7 52 63 cost 5.1042e-06
81 98 0 7 31 42 cost 4.12e-06
114 131 53 61 10 21 cost 3.1606e-06
16 32 15 22 31 42 cost 2.9905e-06
16 32 15 22 42 52 cost 2.8943e-06
81 98 0 7 63 73 cost 2.3973e-06
106 114 22 26 42 47 cost 2.3081e-06
106 114 22 26 36 42 cost 2.1079e-06
106 114 22 26 57 63 cost 1.9891e-06
106 114 22 26 52 57 cost 1.9643e-06
81 98 0 7 21 31 cost 1.9541e-06
122 131 41 45 47 52 cost 1.9329e-06
106 114 22 26 47 52 cost 1.8715e-06
114 131 0 7 52 63 cost 1.7154e-06
106 114 22 26 63 68 cost 1.6844e-06
16 32 15 22 52 63 cost 1.5467e-06
81 98 0 7 73 84 cost 1.5416e-06
122 131 41 45 52 57 cost 1.4393e-06
122 131 41 45 73 78 cost 1.256e-06
98 114 0 7 42 52 cost 1.2029e-06
122 131 41 45 42 47 cost 1.1662e-06
98 114 53 61 42 52 cost 1.1478e-06
122 131 41 45 36 42 cost 1.1414e-06
122 131 41 45 63 68 cost 1.0723e-06
122 131 41 45 68 73 cost 1.046e-06
16 32 15 22 21 31 cost 1.0427e-06
16 32 15 22 10 21 cost 9.949e-07
122 131 41 45 57 63 cost 9.846e-07
114 131 30 37 63 73 cost 9.21e-07
122 131 41 45 78 84 cost 9.097e-07
106 114 22 26 68 73 cost 8.509e-07
114 131 30 37 42 52 cost 8.263e-07
0 32 0 15 63 84 cost 8.14e-07
0 32 0 15 42 63 cost 7.221e-07
98 114 0 7 31 42 cost 6.953e-07
122 131 41 45 31 36 cost 6.905e-07
0 32 0 15 0 21 cost 6.618e-07
98 114 0 7 52 63 cost 6.52e-07
122 131 41 45 26 31 cost 5.757e-07
114 131 15 22 52 63 cost 5.412e-07
98 114 53 61 31 42 cost 5.161e-07
106 114 22 26 31 36 cost 5.049e-07
114 131 15 22 42 52 cost 4.809e-07
0 16 15 22 21 31 cost 4.481e-07
0 8 45 49 57 63 cost 4.35e-07
114 131 30 37 52 63 cost 3.817e-07
98 114 53 61 52 63 cost 3.386e-07
114 131 30 37 31 42 cost 3.147e-07
114 131 22 30 42 52 cost 3.111e-07
16 32 15 22 0 10 cost 2.971e-07
122 131 41 45 21 26 cost 2.923e-07
0 32 0 15 21 42 cost 2.837e-07
106 114 11 15 52 57 cost 2.565e-07
114 131 0 7 42 52 cost 2.341e-07
0 8 45 49 52 57 cost 2.325e-07
102 106 13 15 44 47 cost 1.833e-07
114 131 7 15 52 63 cost 1.741e-07
114 131 0 7 63 73 cost 1.741e-07
98 114 0 7 73 84 cost 1.662e-07
0 8 33 37 52 57 cost 1.645e-07
102 106 11 13 44 47 cost 1.483e-07
106 114 11 15 47 52 cost 1.473e-07
106 114 11 15 57 63 cost 1.473e-07
122 131 37 41 68 73 cost 1.41e-07
102 106 13 15 49 52 cost 1.407e-07
102 106 13 15 47 49 cost 1.4e-07
0 8 49 53 57 63 cost 1.326e-07
102 106 11 13 42 44 cost 1.244e-07
16 32 15 22 73 84 cost 1.193e-07
0 8 30 33 52 57 cost 1.185e-07
102 106 13 15 42 44 cost 1.138e-07
16 32 15 22 63 73 cost 1.101e-07
0 8 33 37 47 52 cost 1.09e-07
102 106 11 13 47 49 cost 1.063e-07
102 106 11 13 49 52 cost 1.062e-07
0 8 57 61 52 57 cost 8.36e-08
0 8 30 33 47 52 cost 7.62e-08
0 8 57 61 57 63 cost 7.17e-08
122 131 37 41 63 68 cost 6.9e-08
0 8 49 53 52 57 cost 6.21e-08
122 131 37 41 73 78 cost 6.15e-08
98 114 0 7 63 73 cost 5.7e-08
114 131 30 37 0 10 cost 5.7e-08
98 114 0 7 21 31 cost 4.34e-08
122 131 37 41 36 42 cost 4.2e-08
122 131 37 41 26 31 cost 4.2e-08
122 131 37 41 21 26 cost 3.45e-08
122 131 37 41 57 63 cost 3.45e-08
122 131 37 41 31 36 cost 3.45e-08
114 131 30 37 73 84 cost 1.95e-08
114 131 30 37 21 31 cost 1.95e-08
98 114 53 61 63 73 cost 0
0 16 15 22 0 10 cost 0
65 81 0 7 31 42 cost 0
114 131 7 15 21 31 cost 0
114 131 7 15 42 52 cost 0
106 114 11 15 36 42 cost 0
65 81 0 7 52 63 cost 0
98 114 53 61 73 84 cost 0
0 16 15 22 42 52 cost 0
98 114 53 61 0 10 cost 0
0 8 53 57 52 57 cost 0
0 8 49 53 42 47 cost 0
114 131 30 37 10 21 cost 0
114 131 0 7 21 31 cost 0
0 16 15 22 10 21 cost 0
122 131 37 41 52 57 cost 0
65 81 0 7 42 52 cost 0
65 81 0 7 63 73 cost 0
0 8 45 49 42 47 cost 0
0 16 15 22 73 84 cost 0
114 131 15 22 63 73 cost 0
98 114 53 61 21 31 cost 0
0 16 15 22 31 42 cost 0
106 114 11 15 42 47 cost 0
114 131 7 15 73 84 cost 0
106 114 7 11 57 63 cost 0
0 8 33 37 57 63 cost 0
0 8 53 57 57 63 cost 0
106 114 7 11 52 57 cost 0
0 16 15 22 63 73 cost 0
114 131 22 30 31 42 cost 0
106 114 7 11 42 47 cost 0
114 131 0 7 73 84 cost 0
114 131 22 30 63 73 cost 0
106 114 7 11 31 36 cost 0
114 131 22 30 52 63 cost 0
106 114 7 11 47 52 cost 0
122 131 37 41 42 47 cost 0
122 131 37 41 78 84 cost 0
114 131 22 30 21 31 cost 0
0 8 49 53 47 52 cost 0
0 8 33 37 42 47 cost 0
0 8 30 33 57 63 cost 0
114 131 22 30 73 84 cost 0
0 16 15 22 52 63 cost 0
114 131 15 22 73 84 cost 0
0 8 45 49 47 52 cost 0
114 131 7 15 63 73 cost 0
114 131 0 7 31 42 cost 0
114 131 15 22 31 42 cost 0
65 81 0 7 21 31 cost 0
122 131 37 41 47 52 cost 0
98 114 53 61 10 21 cost 0
106 114 7 11 36 42 cost 0
0 8 30 33 42 47 cost 0
114 131 7 15 31 42 cost 0
106 114 11 15 31 36 cost 0
65 81 0 7 73 84 cost 0
114 131 15 22 21 31 cost 0
partitioning time: 298.019366 seconds
