hostname : cph-gpu1.uncc.edu
bounding: [1053872.965;1068485.726]x[860186.8419;879395.9741]x[3;730]
read 11056 observations
res: 50 50 1 bw: 100 100 1
box size: 294 x 386 x 728
nbparts: 32
mem: 0.2759971619 GB (this is an order of magnitude)
163868 states processed
solution: 0.0002295201 in 32 boxes.
naive: 0.0053159259 speedup:23.16104733
sumload:0.0053587871 overhead:1.008062791
160 192 192 224 0 728 cost 0.0002295201
224 294 192 224 0 728 cost 0.0002226597
96 128 224 386 0 728 cost 0.0002158314
96 128 160 224 0 728 cost 0.0002141037
128 160 256 386 0 728 cost 0.0002134177
192 224 0 192 0 728 cost 0.000213078
192 224 256 320 0 728 cost 0.000209833
192 224 224 256 0 728 cost 0.0002043477
160 192 0 160 0 728 cost 0.0001993236
128 160 160 192 0 728 cost 0.0001957821
96 128 0 128 0 728 cost 0.000195777
160 192 256 386 0 256 cost 0.0001909224
224 294 288 386 0 256 cost 0.0001821125
0 96 0 128 0 728 cost 0.0001806225
160 192 160 192 0 728 cost 0.0001766454
224 294 224 256 0 728 cost 0.0001743663
192 224 192 224 0 728 cost 0.0001717062
128 160 192 224 0 728 cost 0.0001715253
192 224 320 386 0 728 cost 0.0001690863
160 192 224 256 0 728 cost 0.0001641363
128 160 224 256 0 728 cost 0.0001633155
224 294 0 192 0 728 cost 0.0001501854
0 96 224 386 0 728 cost 0.0001427232
128 160 0 128 0 728 cost 0.0001348518
96 128 128 160 0 728 cost 0.0001308657
0 96 160 192 0 728 cost 0.0001296171
224 294 256 288 0 728 cost 0.000126624
0 96 192 224 0 728 cost 0.0001223211
0 96 128 160 0 728 cost 0.0001150383
128 160 128 160 0 728 cost 0.0001149849
224 294 288 386 256 728 cost 7.41859e-05
160 192 256 386 256 728 cost 5.9277e-05
partitioning time: 40.121252 seconds
