hostname : cph-gpu3.uncc.edu
bounding: [1053872.965;1068485.726]x[860186.8419;879395.9741]x[3;730]
read 11056 observations
res: 50 50 1 bw: 2500 2500 14
box size: 294 x 386 x 728
nbparts: 16
max states: 5390832
mem: 0.4819779396 GB (this is an order of magnitude)
307473 states processed
solution: 0.5664412051 in 16 boxes.
naive: 8.268027147 speedup:14.59644368
sumload:8.404178615 overhead:1.016467226
192 294 128 192 0 544 cost 0.5664412051
0 128 192 386 96 544 cost 0.5656174117
128 294 320 386 0 544 cost 0.5610667713
0 128 128 192 0 160 cost 0.5451048121
128 192 192 256 0 160 cost 0.5432714818
128 294 256 320 0 96 cost 0.5370705356
192 294 192 256 0 160 cost 0.534048815
0 294 0 128 96 728 cost 0.5340098531
0 192 128 192 160 544 cost 0.5338425023
128 294 192 320 288 544 cost 0.5291313806
128 294 256 320 96 288 cost 0.5274994315
128 192 128 192 0 160 cost 0.5026910765
0 294 0 128 0 96 cost 0.4980559099
128 294 192 256 160 288 cost 0.4963943788
0 294 128 386 544 728 cost 0.4761714045
0 128 192 386 0 96 cost 0.4537616451
partitioning time: 32.518433 seconds
