hostname : cph-c54.uncc.edu
bounding: [-130;-65]x[20;50]x[5875;5958]
read 588189 observations
res: 0.1 0.1 1 bw: 5 5 14
box size: 651 x 301 x 84
nbparts: 32
max states: 123712
mem: 0.01106071472 GB (this is an order of magnitude)
312462 states processed
solution: 26.74202356 in 19 boxes.
naive: 430.2508241 speedup:16.08894043
sumload:430.5454021 overhead:1.000684666
512 651 224 301 0 84 cost 26.74202356
512 651 192 224 0 84 cost 26.70583467
480 651 96 160 0 84 cost 26.34663463
352 384 0 256 0 84 cost 26.3263855
384 416 0 256 0 84 cost 25.99491747
416 651 0 96 0 84 cost 25.79952568
256 352 128 256 0 84 cost 25.67924241
512 651 160 192 0 84 cost 25.63428168
256 352 0 128 0 84 cost 25.49438949
480 512 160 301 0 84 cost 25.42684425
416 480 96 160 0 84 cost 25.10604384
128 192 0 192 0 84 cost 25.02569735
0 192 192 301 0 84 cost 24.41575327
448 480 160 301 0 84 cost 23.85269496
0 128 128 192 0 84 cost 23.85142473
416 448 160 301 0 84 cost 21.91708831
192 256 0 301 0 84 cost 12.91400329
0 128 0 128 0 84 cost 8.301541985
256 416 256 301 0 84 cost 5.011075052
partitioning time: 2560.839349 seconds
