hostname : cph-c59.uncc.edu
bounding: [1053872.965;1068485.726]x[860186.8419;879395.9741]x[3;730]
read 11056 observations
res: 50 50 1 bw: 2500 2500 1
box size: 294 x 386 x 728
nbparts: 64
solution: 0.1328906114 in 64 boxes.
naive: 2.038316503 speedup:15.33830329
sumload:2.048506926 overhead:1.004999431
147 294 193 386 364 728 cost 0.1328906114
220 294 193 289 0 182 cost 0.1256376871
147 220 289 386 0 182 cost 0.1013608971
147 220 193 289 182 364 cost 0.0930416025
220 294 289 386 0 182 cost 0.0653544348
147 220 96 193 182 364 cost 0.0595902901
147 294 0 193 364 728 cost 0.0576481826
73 147 193 289 182 364 cost 0.0557983955
73 147 96 193 182 364 cost 0.0536454648
220 294 193 289 182 364 cost 0.0522833635
220 294 96 193 0 182 cost 0.0519643158
0 73 96 193 0 182 cost 0.0504843776
0 147 0 193 364 728 cost 0.0483620796
73 147 0 96 0 182 cost 0.0475774114
0 147 193 386 364 728 cost 0.0459367315
110 147 144 193 0 91 cost 0.0421511863
147 183 193 241 0 91 cost 0.0393064711
147 183 144 193 0 91 cost 0.0373813139
0 73 193 289 0 182 cost 0.0358129906
110 147 193 241 0 91 cost 0.0349472102
110 147 96 144 0 91 cost 0.0341012112
183 220 193 241 0 91 cost 0.0339860065
73 147 289 386 0 182 cost 0.033318859
147 220 289 386 182 364 cost 0.0318820884
183 220 241 289 0 91 cost 0.0317611987
73 110 144 193 0 91 cost 0.0315310415
147 183 241 289 0 91 cost 0.0298009452
147 183 193 241 91 182 cost 0.0293929691
73 110 96 144 0 91 cost 0.0270341776
183 220 193 241 91 182 cost 0.0261835326
220 294 96 193 182 364 cost 0.0258684243
183 220 144 193 0 91 cost 0.0258384044
110 147 144 193 91 182 cost 0.0254214398
110 147 193 241 91 182 cost 0.0252239948
73 110 193 241 0 91 cost 0.0249626319
147 183 144 193 91 182 cost 0.0241847016
220 294 289 386 182 364 cost 0.022724209
147 183 96 144 0 91 cost 0.0224016653
110 147 241 289 0 91 cost 0.0217075876
147 183 241 289 91 182 cost 0.0216571635
183 220 241 289 91 182 cost 0.0216150734
183 220 144 193 91 182 cost 0.0193788833
110 147 96 144 91 182 cost 0.0188886381
73 110 144 193 91 182 cost 0.0180879678
147 220 0 96 0 182 cost 0.0167755341
110 147 241 289 91 182 cost 0.0165973373
73 110 193 241 91 182 cost 0.01616865
73 110 96 144 91 182 cost 0.0146688196
73 110 241 289 0 91 cost 0.0143935819
147 183 96 144 91 182 cost 0.0125809435
0 73 0 96 0 182 cost 0.011756433
183 220 96 144 0 91 cost 0.0116640561
73 147 289 386 182 364 cost 0.0113315052
0 73 96 193 182 364 cost 0.0109540614
73 147 0 96 182 364 cost 0.0101240722
73 110 241 289 91 182 cost 0.0098747775
0 73 193 289 182 364 cost 0.009818373
183 220 96 144 91 182 cost 0.008059015
0 73 289 386 0 182 cost 0.0070462802
147 220 0 96 182 364 cost 0.0038923762
0 73 0 96 182 364 cost 0.0022990569
0 73 289 386 182 364 cost 0.0022736089
220 294 0 96 0 182 cost 8.5288e-05
220 294 0 96 182 364 cost 1.53239e-05
partitioning time: 0.149380 seconds
