hostname : cph-c27.uncc.edu
bounding: [1053872.965;1068485.726]x[860186.8419;879395.9741]x[3;730]
read 11056 observations
res: 50 50 1 bw: 2500 2500 14
box size: 294 x 386 x 728
nbparts: 32
max states: 4000
mem: 0.0003576278687 GB (this is an order of magnitude)
6622 states processed
solution: 1.528204205 in 32 boxes.
naive: 8.268027147 speedup:5.410289489
sumload:8.769748025 overhead:1.060682055
0 256 0 256 64 128 cost 1.528204205
0 256 0 256 0 64 cost 1.523242284
0 256 0 256 128 192 cost 0.9001006662
0 256 0 256 192 256 cost 0.6200553154
0 256 256 386 0 64 cost 0.5952818831
0 256 256 386 64 128 cost 0.5150374978
0 256 0 256 256 320 cost 0.4080541007
0 256 256 386 128 192 cost 0.3219655283
0 256 0 256 320 384 cost 0.2532204522
0 256 256 386 192 256 cost 0.2210952189
0 256 0 256 384 448 cost 0.193712754
0 256 0 256 512 576 cost 0.1589546291
0 256 256 386 256 320 cost 0.1578563956
0 256 0 256 576 640 cost 0.1513359225
256 294 0 386 64 128 cost 0.1351290936
256 294 0 386 0 64 cost 0.1325516365
0 256 0 256 640 728 cost 0.1319077112
0 294 0 256 448 512 cost 0.1225493715
0 256 256 386 576 728 cost 0.1096995626
0 256 256 386 320 384 cost 0.0991716117
256 294 0 386 128 192 cost 0.0829842887
0 256 256 386 384 448 cost 0.0759393593
256 294 0 386 192 256 cost 0.0664654954
0 256 256 386 512 576 cost 0.0572736454
256 294 0 386 256 320 cost 0.0541648216
0 294 256 386 448 512 cost 0.0511070382
256 294 0 386 320 384 cost 0.0318831907
256 294 0 386 384 448 cost 0.0267684001
256 294 0 386 512 576 cost 0.0141726204
256 294 256 386 576 728 cost 0.0126570758
256 294 0 256 576 640 cost 0.0086144282
256 294 0 256 640 728 cost 0.0085918213
partitioning time: 1.036843 seconds
