hostname : cph-c75.uncc.edu
bounding: [-130;-65]x[20;50]x[5875;5958]
read 588189 observations
res: 0.1 0.1 1 bw: 1 1 3
box size: 651 x 301 x 84
nbparts: 2048
solution: 0.0193980178 in 2052 boxes.
naive: 7.046724289 speedup:363.270328
sumload:11.33586789 overhead:1.608671977
488 569 112 150 63 73 cost 0.0193980178
548 569 196 206 75 78 cost 0.0193718792
548 569 206 215 44 47 cost 0.0193346546
243 325 187 225 52 63 cost 0.0193239591
243 325 112 150 52 63 cost 0.0192475489
406 488 75 112 73 84 cost 0.01923017
488 528 187 206 57 63 cost 0.0191891721
548 569 206 215 36 39 cost 0.0191292631
406 447 206 225 73 78 cost 0.0191155221
488 569 225 263 42 52 cost 0.0191018494
548 569 206 215 78 81 cost 0.0190684354
40 81 168 187 52 57 cost 0.0190428393
101 121 140 150 49 52 cost 0.0190183986
548 569 206 215 57 60 cost 0.0190047201
528 569 206 225 21 26 cost 0.0189619871
548 569 206 215 75 78 cost 0.0189449187
548 569 206 215 60 63 cost 0.018848762
40 81 168 187 57 63 cost 0.0187778933
569 610 206 225 57 63 cost 0.0187761936
325 365 93 112 26 31 cost 0.0186504187
325 406 187 225 63 73 cost 0.0185394705
162 243 187 225 52 63 cost 0.0184368397
488 569 225 263 52 63 cost 0.0184099281
488 528 150 168 36 42 cost 0.0183743607
325 406 150 187 21 31 cost 0.0183187934
528 569 206 225 15 21 cost 0.0182888979
162 243 112 150 10 21 cost 0.0182455019
325 365 131 150 42 47 cost 0.0182321379
325 406 187 225 73 84 cost 0.0181702064
488 569 150 187 0 10 cost 0.017939798
528 569 187 206 5 10 cost 0.0178451853
488 528 56 75 52 57 cost 0.0178268485
406 488 112 150 0 10 cost 0.0177364095
81 121 131 150 68 73 cost 0.0177355294
243 325 150 187 31 42 cost 0.0177044541
488 528 150 168 42 47 cost 0.0177011122
284 325 93 112 47 52 cost 0.0176996403
528 569 168 187 52 57 cost 0.0176735078
40 81 168 187 47 52 cost 0.0176027584
162 202 131 150 47 52 cost 0.0175791395
162 243 187 225 42 52 cost 0.0175773339
81 162 263 301 52 63 cost 0.0175443071
325 406 150 187 63 73 cost 0.0175363267
488 651 75 150 0 21 cost 0.0175048711
101 121 140 150 54 57 cost 0.0174177634
548 569 196 206 33 36 cost 0.0174119044
406 488 225 263 10 21 cost 0.0172377236
406 488 75 112 10 21 cost 0.0171880534
101 121 131 140 49 52 cost 0.0171273592
325 365 93 112 57 63 cost 0.0171210704
488 528 168 187 52 57 cost 0.0171102048
488 569 225 263 31 42 cost 0.0170324986
0 81 263 301 42 52 cost 0.0169713568
162 325 0 75 42 63 cost 0.0169399773
406 447 206 225 68 73 cost 0.0168764388
325 488 0 75 63 84 cost 0.0168696114
528 569 168 187 47 52 cost 0.0168645661
528 569 187 206 10 15 cost 0.0168324775
569 610 206 225 63 68 cost 0.0168191812
81 121 131 150 31 36 cost 0.0168010602
162 202 131 150 31 36 cost 0.0167031216
488 528 187 206 31 36 cost 0.0166892738
569 610 206 225 73 78 cost 0.0165908936
447 488 131 150 31 36 cost 0.0165865719
447 488 131 150 68 73 cost 0.0165583971
0 81 150 187 31 42 cost 0.0165397443
243 325 112 150 21 31 cost 0.0164320763
488 528 168 187 47 52 cost 0.0164311461
488 569 75 112 31 42 cost 0.0163984747
406 488 150 187 0 10 cost 0.0162579486
528 569 168 187 57 63 cost 0.0162535904
447 488 112 131 47 52 cost 0.0161748571
548 569 196 206 42 44 cost 0.0161529726
121 141 131 140 49 52 cost 0.0161163485
548 569 196 206 65 68 cost 0.0160336672
548 569 206 215 33 36 cost 0.016025907
243 325 75 112 21 31 cost 0.0159890961
325 365 75 93 42 47 cost 0.0158978077
406 447 187 206 47 52 cost 0.0158228329
81 162 187 225 52 63 cost 0.0158215145
325 406 225 263 63 73 cost 0.0157621909
447 488 75 93 31 36 cost 0.0157406645
447 488 150 168 47 52 cost 0.0156957356
488 569 75 112 52 63 cost 0.015680128
101 121 140 150 52 54 cost 0.015657161
488 528 131 150 47 52 cost 0.0156203863
101 121 131 140 54 57 cost 0.0156185783
162 243 112 150 63 73 cost 0.0156160564
447 488 206 225 26 31 cost 0.0156128949
569 610 206 225 31 36 cost 0.0155631488
406 447 93 112 47 52 cost 0.0155449699
406 447 206 225 26 31 cost 0.0155435447
325 406 112 150 0 10 cost 0.0154661401
325 365 93 112 63 68 cost 0.0153986836
488 569 37 75 21 31 cost 0.0153839306
548 569 206 215 42 44 cost 0.0153464411
81 121 131 150 73 78 cost 0.015329344
548 569 206 215 65 68 cost 0.0153111286
488 528 168 187 57 63 cost 0.015239588
406 447 206 225 78 84 cost 0.0152012197
406 447 225 244 47 52 cost 0.0151485844
569 651 225 263 63 73 cost 0.0151024031
447 488 187 206 31 36 cost 0.015096988
81 162 263 301 63 73 cost 0.0150774674
101 121 140 150 57 60 cost 0.0150768866
325 365 93 112 73 78 cost 0.0150179696
548 569 196 206 63 65 cost 0.0150032955
0 81 225 263 63 73 cost 0.01495494
406 447 187 206 36 42 cost 0.0149540779
81 162 187 225 42 52 cost 0.0148507894
447 488 150 168 52 57 cost 0.0148487657
528 569 168 187 36 42 cost 0.0148215273
488 569 37 75 63 73 cost 0.0148073785
488 528 150 168 31 36 cost 0.0147285467
325 365 75 93 36 42 cost 0.0147262277
569 651 187 225 10 21 cost 0.0147225401
406 447 93 112 42 47 cost 0.0147155295
569 610 206 225 78 84 cost 0.014703025
406 447 187 206 42 47 cost 0.014684633
447 488 187 206 63 68 cost 0.0146324009
447 488 75 93 57 63 cost 0.0146057281
121 141 131 140 54 57 cost 0.0145721116
488 528 168 187 36 42 cost 0.0145427822
406 447 225 244 52 57 cost 0.0145388021
325 365 93 112 68 73 cost 0.0145332982
325 365 131 150 47 52 cost 0.0144628748
488 528 131 150 52 57 cost 0.014412135
548 569 206 215 63 65 cost 0.0143611297
488 528 131 150 42 47 cost 0.0143160494
548 569 196 206 70 73 cost 0.0143028396
325 365 93 112 78 84 cost 0.0142939008
81 121 168 187 42 47 cost 0.0142481641
325 365 93 112 15 21 cost 0.0142380757
447 488 112 131 52 57 cost 0.0142358488
101 121 131 140 52 54 cost 0.0142189581
406 447 225 244 57 63 cost 0.0142166691
447 488 112 131 42 47 cost 0.0141521579
81 121 150 168 52 57 cost 0.0141393205
162 202 112 131 36 42 cost 0.0141174888
528 569 187 206 0 5 cost 0.0141112039
488 528 206 225 47 52 cost 0.0140671657
488 528 131 150 57 63 cost 0.0140609196
101 121 140 150 47 49 cost 0.0140099156
488 528 150 168 63 68 cost 0.0139864632
325 406 187 225 10 21 cost 0.0139799199
325 365 93 112 21 26 cost 0.0139579319
406 447 187 206 52 57 cost 0.0139549441
447 488 150 168 36 42 cost 0.0139406556
528 569 168 187 42 47 cost 0.0139145941
325 406 225 263 73 84 cost 0.0138752265
406 447 150 168 47 52 cost 0.0138559201
447 488 150 168 42 47 cost 0.0138296544
548 569 206 215 70 73 cost 0.0138159181
325 365 75 93 47 52 cost 0.0138123616
81 121 150 168 47 52 cost 0.0138046058
569 610 225 244 47 52 cost 0.0137008387
162 202 131 150 52 57 cost 0.0136888637
569 610 206 225 68 73 cost 0.0136869328
447 488 206 225 68 73 cost 0.0136552504
528 569 206 225 5 10 cost 0.0136197289
325 365 112 131 52 57 cost 0.0135889026
325 406 150 187 73 84 cost 0.0135858137
101 121 140 150 44 47 cost 0.0135653532
81 162 150 187 0 10 cost 0.0135630144
488 528 168 187 42 47 cost 0.0135511963
101 121 140 150 60 63 cost 0.013548272
101 121 131 140 57 60 cost 0.0135412267
488 528 187 206 73 78 cost 0.0135260954
40 81 168 187 63 68 cost 0.01352301
121 162 131 150 68 73 cost 0.0134751662
548 569 196 206 73 75 cost 0.013447119
325 406 225 263 21 31 cost 0.013390365
0 81 150 187 73 84 cost 0.0133686506
325 345 121 131 39 42 cost 0.0133241893
81 121 131 150 26 31 cost 0.0133183436
243 325 187 225 31 42 cost 0.0133060995
447 488 112 131 57 63 cost 0.0132995184
121 141 131 140 52 54 cost 0.013290942
325 365 112 131 26 31 cost 0.0132901655
447 488 206 225 73 78 cost 0.0132492138
121 162 112 131 47 52 cost 0.0132105593
488 528 187 206 63 68 cost 0.0132042188
121 162 112 131 52 57 cost 0.0131906502
121 141 140 150 49 52 cost 0.0131814717
569 651 225 263 73 84 cost 0.0131706521
548 569 206 215 73 75 cost 0.0131614844
365 406 93 112 47 52 cost 0.0131539272
447 488 225 244 57 63 cost 0.013126424
488 528 56 75 57 63 cost 0.0131107996
406 447 225 244 36 42 cost 0.0131073501
447 488 187 206 73 78 cost 0.0131020086
447 488 131 150 73 78 cost 0.0131007928
528 548 187 196 49 52 cost 0.0130864457
488 528 131 150 36 42 cost 0.0130467026
121 162 131 150 31 36 cost 0.0129724021
325 406 150 187 10 21 cost 0.0129495992
81 121 168 187 63 68 cost 0.0129391885
0 81 150 187 21 31 cost 0.0129032005
447 488 150 168 57 63 cost 0.0129021077
0 81 263 301 73 84 cost 0.0128912627
121 141 131 140 57 60 cost 0.012860042
488 528 206 225 36 42 cost 0.0128349627
406 447 150 168 52 57 cost 0.0128349428
40 81 244 263 57 63 cost 0.0128230242
40 81 263 282 57 63 cost 0.0128047647
406 447 206 225 21 26 cost 0.0127982707
406 447 187 206 57 63 cost 0.0127929232
488 528 206 225 52 57 cost 0.0127903858
325 365 131 150 31 36 cost 0.0127791314
488 528 187 206 26 31 cost 0.0127742405
488 569 112 150 21 31 cost 0.0127686925
284 325 112 131 36 42 cost 0.0127654272
528 569 206 225 10 15 cost 0.0127589605
40 81 168 187 42 47 cost 0.0127033262
447 488 131 150 26 31 cost 0.0126977152
569 610 225 244 36 42 cost 0.0126768622
162 202 112 131 42 47 cost 0.0126668875
488 651 0 75 0 21 cost 0.0126250878
121 162 150 168 47 52 cost 0.0125958603
447 488 93 112 47 52 cost 0.0125953591
406 447 225 244 42 47 cost 0.0125775987
81 162 263 301 42 52 cost 0.0125735055
101 121 131 140 47 49 cost 0.0125497951
406 447 206 225 15 21 cost 0.0124901362
406 447 131 150 47 52 cost 0.0124332192
162 325 0 75 21 42 cost 0.0124331466
447 488 187 206 26 31 cost 0.0124022897
447 488 112 131 36 42 cost 0.0123936477
406 447 93 112 52 57 cost 0.0123466247
284 325 112 131 42 47 cost 0.0123460066
101 121 131 140 60 63 cost 0.0123336018
406 488 225 263 0 10 cost 0.0123305131
488 528 56 75 31 36 cost 0.0123262545
162 202 131 150 26 31 cost 0.0122923777
447 488 56 75 36 42 cost 0.012261734
548 569 196 206 81 84 cost 0.0122568613
162 243 187 225 63 73 cost 0.0121876574
406 447 150 168 42 47 cost 0.0121793847
243 325 75 112 63 73 cost 0.0121733554
569 610 206 225 26 31 cost 0.0121462205
548 569 196 206 28 31 cost 0.012133479
488 528 150 168 26 31 cost 0.0120924804
101 121 131 140 44 47 cost 0.0120921984
121 141 140 150 54 57 cost 0.0120851063
0 81 150 187 10 21 cost 0.012080594
447 488 56 75 47 52 cost 0.0120552995
121 141 131 140 47 49 cost 0.0120495652
447 488 93 112 42 47 cost 0.0120382071
488 528 206 225 42 47 cost 0.0120150988
121 141 131 140 60 63 cost 0.0119900968
528 548 187 196 54 57 cost 0.011944502
447 488 56 75 42 47 cost 0.0119065419
121 162 150 168 52 57 cost 0.0119056295
548 569 206 215 81 84 cost 0.0118953036
81 162 225 263 52 63 cost 0.0118882638
325 345 121 131 44 47 cost 0.0118718465
488 528 187 206 68 73 cost 0.011810533
40 81 244 263 52 57 cost 0.0117792608
121 162 112 131 57 63 cost 0.0117637965
365 406 93 112 52 57 cost 0.0117617363
488 528 168 187 31 36 cost 0.011751573
488 528 206 225 31 36 cost 0.0117365993
121 141 131 140 44 47 cost 0.0116777764
121 162 131 150 73 78 cost 0.0116270588
81 121 150 168 57 63 cost 0.0116001766
569 610 225 244 42 47 cost 0.0115390747
548 569 196 206 68 70 cost 0.0115086776
0 81 225 263 31 42 cost 0.0114816853
325 345 121 131 36 39 cost 0.0114700315
569 610 225 244 52 57 cost 0.0114517401
40 81 263 282 63 68 cost 0.0114349744
548 569 196 206 31 33 cost 0.0114283493
406 447 150 168 36 42 cost 0.0114198361
243 325 112 150 63 73 cost 0.0113908547
40 81 244 263 47 52 cost 0.0113640914
162 202 112 131 47 52 cost 0.011355524
548 569 206 215 28 31 cost 0.0113171952
447 488 206 225 21 26 cost 0.0113108958
243 325 75 112 10 21 cost 0.0112982722
447 488 93 112 36 42 cost 0.0112800621
243 325 112 150 10 21 cost 0.0112323462
528 548 187 196 52 54 cost 0.0112194125
528 569 206 225 0 5 cost 0.0112136692
488 569 225 263 63 73 cost 0.0112002685
406 447 131 150 42 47 cost 0.0111979066
406 447 150 168 57 63 cost 0.0111912376
406 447 168 187 47 52 cost 0.0111894454
284 325 75 93 42 47 cost 0.0111689753
243 284 187 206 47 52 cost 0.0111509124
0 81 263 301 31 42 cost 0.0111386399
406 447 225 244 63 68 cost 0.0111371771
162 243 187 225 31 42 cost 0.0110767579
488 528 187 206 78 84 cost 0.0110713512
528 548 196 206 49 52 cost 0.0110662622
548 569 206 215 68 70 cost 0.0110582903
447 488 168 187 52 57 cost 0.0110554748
569 651 187 225 0 10 cost 0.0110366796
447 488 56 75 52 57 cost 0.0110027028
447 488 168 187 47 52 cost 0.0109804312
406 447 93 112 36 42 cost 0.0109801027
81 121 131 150 78 84 cost 0.0109623372
284 325 93 112 52 57 cost 0.0109563823
406 447 131 150 52 57 cost 0.0109320631
447 488 187 206 68 73 cost 0.0109124133
447 488 168 187 57 63 cost 0.0109084783
121 141 140 150 52 54 cost 0.0108937619
447 488 93 112 52 57 cost 0.0108888366
243 325 150 187 52 63 cost 0.0108713806
81 121 131 150 15 21 cost 0.0108599752
528 569 168 187 31 36 cost 0.0108590216
325 345 121 131 42 44 cost 0.0108543906
325 365 93 112 10 15 cost 0.0108462837
162 325 225 301 42 63 cost 0.0108315056
528 548 187 196 39 42 cost 0.0107959998
528 569 168 187 63 68 cost 0.0107919049
406 447 131 150 36 42 cost 0.0107824938
447 488 225 244 63 68 cost 0.0107601164
569 651 225 263 21 31 cost 0.010757721
406 488 75 112 0 10 cost 0.01073957
121 141 140 150 57 60 cost 0.0107312723
284 325 75 93 36 42 cost 0.0107185105
406 447 187 206 31 36 cost 0.010666695
121 162 150 168 42 47 cost 0.0106527615
447 488 187 206 78 84 cost 0.0106116505
548 569 206 215 31 33 cost 0.010586078
162 243 112 150 73 84 cost 0.0105793168
406 447 93 112 57 63 cost 0.0105739271
488 569 225 263 73 84 cost 0.0105246543
243 325 187 225 63 73 cost 0.0105136332
447 488 225 244 52 57 cost 0.0104569114
81 121 131 150 21 26 cost 0.0104378734
406 447 168 187 52 57 cost 0.0103953877
325 365 93 112 5 10 cost 0.0103769308
406 447 225 244 31 36 cost 0.0103482879
81 162 225 263 42 52 cost 0.0103262002
162 243 150 187 42 52 cost 0.0103221885
406 447 168 187 57 63 cost 0.0102985673
284 325 131 150 36 42 cost 0.0102774347
488 569 37 75 73 84 cost 0.0102603677
447 488 206 225 15 21 cost 0.0102602008
488 528 168 187 63 68 cost 0.0102434293
365 406 93 112 42 47 cost 0.0102331416
406 447 168 187 36 42 cost 0.0102267567
447 488 225 244 36 42 cost 0.0102213051
325 345 131 140 39 42 cost 0.0102181279
569 610 225 244 57 63 cost 0.0102071789
447 488 168 187 36 42 cost 0.0102014522
81 121 131 150 10 15 cost 0.010156377
406 488 37 75 21 31 cost 0.0101480649
325 406 37 75 42 52 cost 0.0101353309
569 610 206 225 21 26 cost 0.0101259111
447 488 75 93 26 31 cost 0.0101023794
528 548 187 196 44 47 cost 0.0100990444
121 162 131 150 26 31 cost 0.010091977
406 447 168 187 42 47 cost 0.010075377
488 528 206 225 57 63 cost 0.0100727257
284 325 93 112 31 36 cost 0.0100554676
121 141 140 150 60 63 cost 0.0100520165
325 365 150 168 42 47 cost 0.0100407326
528 548 187 196 36 39 cost 0.0100277729
162 202 112 131 31 36 cost 0.0100188165
447 488 112 131 63 68 cost 0.0100096282
325 365 150 168 36 42 cost 0.0100072206
548 569 215 225 49 52 cost 0.0099596804
162 202 131 150 57 63 cost 0.009954502
528 548 187 196 57 60 cost 0.0099462295
447 488 206 225 78 84 cost 0.0098886091
243 325 75 112 73 84 cost 0.0098585923
81 121 150 168 42 47 cost 0.0098490491
40 81 263 282 52 57 cost 0.0098295017
81 121 168 187 36 42 cost 0.00980429
284 325 131 150 42 47 cost 0.0097769207
121 141 140 150 47 49 cost 0.0097705005
528 548 196 206 39 42 cost 0.0097572997
488 569 225 263 21 31 cost 0.0097470049
528 548 196 206 54 57 cost 0.0097383381
447 488 225 244 47 52 cost 0.0097262205
447 488 150 168 31 36 cost 0.0096942436
406 447 112 131 47 52 cost 0.009656962
284 325 112 131 47 52 cost 0.0096544385
243 325 112 150 73 84 cost 0.0096412309
447 488 168 187 42 47 cost 0.0096333351
447 488 187 206 21 26 cost 0.0096264051
325 345 121 131 33 36 cost 0.0096192937
488 528 187 206 21 26 cost 0.0096147747
325 488 0 75 0 21 cost 0.0096047101
81 121 131 150 5 10 cost 0.0095864424
0 81 225 263 73 84 cost 0.0095838958
447 488 75 93 63 68 cost 0.0095825371
162 243 112 150 0 10 cost 0.0095634889
488 508 56 65 44 47 cost 0.0094914809
447 488 225 244 31 36 cost 0.0094882269
121 141 140 150 44 47 cost 0.0094460438
528 548 196 206 36 39 cost 0.0094336274
101 121 140 150 65 68 cost 0.0094197489
447 488 93 112 57 63 cost 0.0093950018
528 548 196 206 52 54 cost 0.0093858544
121 162 112 131 42 47 cost 0.009384169
406 426 215 225 49 52 cost 0.0093385091
528 548 187 196 47 49 cost 0.009338149
284 325 75 93 47 52 cost 0.0093381269
406 447 131 150 57 63 cost 0.0093243817
325 365 150 168 47 52 cost 0.0093205742
325 406 225 263 10 21 cost 0.0093193164
325 406 187 225 0 10 cost 0.0093151008
243 325 187 225 73 84 cost 0.0093105355
325 345 93 102 39 42 cost 0.0092765602
488 528 168 187 26 31 cost 0.0092667386
40 81 168 187 68 73 cost 0.0092642235
447 488 150 168 63 68 cost 0.009256508
447 488 56 75 57 63 cost 0.0092340912
365 406 93 112 57 63 cost 0.0092108656
488 528 206 225 26 31 cost 0.0092082256
121 162 150 168 57 63 cost 0.0091979461
406 447 112 131 42 47 cost 0.0091731388
488 528 37 56 47 52 cost 0.0091591756
406 447 187 206 63 68 cost 0.0091553252
325 365 131 150 52 57 cost 0.0091325074
101 121 140 150 63 65 cost 0.0091003177
488 528 37 56 42 47 cost 0.0090931272
488 528 168 187 73 78 cost 0.0090532661
488 508 56 65 49 52 cost 0.0090424954
325 365 112 131 57 63 cost 0.0090262485
488 528 75 93 42 47 cost 0.0090200872
488 528 131 150 31 36 cost 0.0090120385
81 162 263 301 31 42 cost 0.0089808974
488 528 187 206 15 21 cost 0.0089713615
488 528 75 93 47 52 cost 0.008954564
406 447 225 244 73 78 cost 0.0089455246
488 528 150 168 68 73 cost 0.0089118432
325 345 102 112 39 42 cost 0.0088970325
325 365 187 206 42 47 cost 0.008879786
40 81 263 282 68 73 cost 0.0088512247
488 569 112 150 73 84 cost 0.008847452
325 406 150 187 0 10 cost 0.0088463675
528 569 168 187 73 78 cost 0.0088443032
325 345 131 140 36 39 cost 0.0088392185
101 121 140 150 39 42 cost 0.0088297421
325 365 168 187 36 42 cost 0.0088235419
325 365 187 206 47 52 cost 0.0088214321
162 202 112 131 52 57 cost 0.0088156266
81 162 263 301 73 84 cost 0.0088080141
325 345 121 131 47 49 cost 0.0088077561
325 365 112 131 15 21 cost 0.0087966123
325 345 121 131 49 52 cost 0.0087945518
528 548 196 206 44 47 cost 0.0087734522
101 121 131 140 65 68 cost 0.0087477752
447 488 187 206 15 21 cost 0.0087317937
121 162 131 150 78 84 cost 0.0087216587
528 548 187 196 60 63 cost 0.0086882134
121 162 131 150 15 21 cost 0.0086446093
548 569 196 206 23 26 cost 0.0086378304
325 365 168 187 42 47 cost 0.0085965543
101 121 140 150 42 44 cost 0.0085835745
325 345 93 102 44 47 cost 0.008575767
406 447 150 168 31 36 cost 0.0085435763
488 528 150 168 21 26 cost 0.0085360423
447 488 131 150 78 84 cost 0.0085289293
243 325 75 112 0 10 cost 0.0085248656
40 81 244 263 42 47 cost 0.0085084712
121 162 150 168 36 42 cost 0.0085039604
101 121 131 140 63 65 cost 0.0084560424
406 447 93 112 63 68 cost 0.0084519392
528 548 187 196 33 36 cost 0.008450328
447 488 225 244 42 47 cost 0.0084462381
569 589 215 225 49 52 cost 0.0084459286
365 406 93 112 36 42 cost 0.0084202377
447 488 131 150 21 26 cost 0.0084169968
406 447 206 225 5 10 cost 0.0084147478
447 488 112 131 31 36 cost 0.0084123123
528 548 196 206 33 36 cost 0.0084040548
467 488 75 84 44 47 cost 0.0083799378
121 141 131 140 65 68 cost 0.0083659969
325 365 187 206 36 42 cost 0.0083576646
121 141 131 140 63 65 cost 0.0083560487
162 243 187 225 73 84 cost 0.0083513597
162 243 150 187 31 42 cost 0.0083471632
0 81 263 301 21 31 cost 0.0082989316
406 447 112 131 36 42 cost 0.0082937159
528 569 168 187 68 73 cost 0.0082591241
325 365 112 131 21 26 cost 0.0082578391
528 548 187 196 42 44 cost 0.008249996
548 569 215 225 39 42 cost 0.0082435832
406 447 225 244 68 73 cost 0.0082427273
162 202 131 150 21 26 cost 0.0082346554
406 447 187 206 73 78 cost 0.0082274209
447 488 56 75 31 36 cost 0.0082225261
467 488 75 84 49 52 cost 0.0082197176
325 365 131 150 26 31 cost 0.0082156113
548 569 215 225 52 54 cost 0.0081975054
528 548 196 206 57 60 cost 0.0081830891
345 365 93 102 39 42 cost 0.0081748225
304 325 93 102 39 42 cost 0.0081512155
548 569 196 206 26 28 cost 0.008141723
345 365 93 102 44 47 cost 0.0081399957
488 528 150 168 73 78 cost 0.0081351358
488 528 168 187 68 73 cost 0.0081177367
121 162 131 150 21 26 cost 0.0080741865
548 569 215 225 44 47 cost 0.0080722464
528 548 196 206 47 49 cost 0.0080548422
528 569 168 187 26 31 cost 0.0080378869
365 406 206 225 36 42 cost 0.0080375803
548 569 215 225 47 49 cost 0.0080368976
447 488 168 187 63 68 cost 0.0080194142
325 365 75 93 52 57 cost 0.0080175712
569 610 225 244 31 36 cost 0.0079755078
0 81 225 263 21 31 cost 0.0079663557
81 121 168 187 68 73 cost 0.0079582332
101 121 131 140 39 42 cost 0.0079581788
325 365 168 187 47 52 cost 0.0079566525
243 325 112 150 0 10 cost 0.0079524874
325 365 112 131 63 68 cost 0.0079490491
406 447 206 225 10 15 cost 0.0079476655
488 508 56 65 47 49 cost 0.007944585
325 345 102 112 44 47 cost 0.0079134202
447 488 131 150 15 21 cost 0.0078969822
325 345 93 102 36 39 cost 0.0078839121
325 345 93 102 49 52 cost 0.0078680128
406 447 168 187 63 68 cost 0.0078581881
548 569 196 206 18 21 cost 0.0078471325
162 243 150 187 52 63 cost 0.007844906
284 325 131 150 47 52 cost 0.0078433627
325 365 112 131 68 73 cost 0.0078272281
0 81 187 225 52 63 cost 0.0078239169
406 447 112 131 52 57 cost 0.0078064233
406 426 215 225 54 57 cost 0.0077673409
447 488 93 112 31 36 cost 0.0077632885
447 488 225 244 68 73 cost 0.0077618821
488 528 150 168 15 21 cost 0.0077520001
488 508 56 65 39 42 cost 0.0077519581
406 447 187 206 26 31 cost 0.0077324154
325 345 93 102 42 44 cost 0.0077163082
325 365 75 93 31 36 cost 0.0077137745
365 406 168 187 47 52 cost 0.0077132233
101 121 131 140 42 44 cost 0.0077092729
81 162 187 225 63 73 cost 0.0077059203
406 426 215 225 44 47 cost 0.0076998603
488 528 206 225 73 78 cost 0.0076986545
488 528 168 187 78 84 cost 0.00768841
406 447 150 168 63 68 cost 0.0076822906
284 325 112 131 31 36 cost 0.0076760041
548 569 206 215 26 28 cost 0.0076739587
488 528 37 56 36 42 cost 0.0076716185
406 447 225 244 26 31 cost 0.0076638248
304 325 93 102 44 47 cost 0.0076537803
325 345 102 112 36 39 cost 0.0076468979
243 284 187 206 42 47 cost 0.0076447585
447 488 75 93 68 73 cost 0.0076368285
569 651 225 263 10 21 cost 0.0076345518
447 467 140 150 49 52 cost 0.0076246706
467 488 75 84 39 42 cost 0.0076006195
81 101 177 187 49 52 cost 0.007597844
447 488 112 131 68 73 cost 0.0075846184
548 569 215 225 36 39 cost 0.0075696079
325 365 112 131 73 78 cost 0.0075661363
548 569 215 225 75 78 cost 0.0075407385
406 447 187 206 68 73 cost 0.0075385774
548 569 215 225 54 57 cost 0.0075360692
488 528 37 56 52 57 cost 0.0075275684
81 162 225 263 63 73 cost 0.0075189555
365 406 187 206 47 52 cost 0.0075166485
325 345 93 102 47 49 cost 0.0075114673
548 569 215 225 78 81 cost 0.0075026385
406 447 168 187 31 36 cost 0.0074990279
406 426 215 225 52 54 cost 0.0074926243
548 569 215 225 60 63 cost 0.0074885492
121 141 131 140 42 44 cost 0.0074820211
467 488 84 93 44 47 cost 0.0074748772
121 162 131 150 10 15 cost 0.0074680504
81 121 168 187 31 36 cost 0.0074538866
447 467 131 140 49 52 cost 0.0074482537
488 569 75 112 63 73 cost 0.0074453493
121 141 131 140 39 42 cost 0.0074398822
447 488 225 244 26 31 cost 0.0074173759
81 162 187 225 31 42 cost 0.007414024
162 325 225 301 21 42 cost 0.0074000753
488 528 206 225 63 68 cost 0.0073887396
528 548 196 206 60 63 cost 0.007385054
81 101 177 187 54 57 cost 0.0073664884
101 121 140 150 36 39 cost 0.0073351444
467 488 84 93 49 52 cost 0.0073253001
0 81 150 187 0 10 cost 0.0073236749
528 548 187 196 75 78 cost 0.007311659
528 569 168 187 78 84 cost 0.00730123
447 488 206 225 5 10 cost 0.0072827255
447 488 168 187 31 36 cost 0.0072807527
365 406 93 112 63 68 cost 0.0072774913
548 569 215 225 57 60 cost 0.0072744236
508 528 187 196 49 52 cost 0.0072683346
325 345 102 112 42 44 cost 0.0072588417
447 488 225 244 73 78 cost 0.0072549003
569 589 215 225 47 49 cost 0.0072442682
121 162 112 131 63 68 cost 0.0072362161
528 548 196 206 42 44 cost 0.0072264469
325 345 102 112 49 52 cost 0.0072133934
345 365 93 102 49 52 cost 0.0071604873
0 81 187 225 42 52 cost 0.0071482077
488 508 65 75 44 47 cost 0.0071442065
325 365 93 112 0 5 cost 0.0071229355
345 365 93 102 42 44 cost 0.0071057382
488 508 56 65 42 44 cost 0.0071043792
243 325 150 187 21 31 cost 0.0070977941
162 202 112 131 26 31 cost 0.0070905001
406 426 215 225 47 49 cost 0.0070736295
406 447 206 225 0 5 cost 0.0070380928
569 589 215 225 39 42 cost 0.0070275958
121 141 140 150 65 68 cost 0.007020111
447 488 93 112 63 68 cost 0.0070158182
81 121 168 187 73 78 cost 0.0070045979
548 569 196 206 15 18 cost 0.0069989934
121 141 140 150 63 65 cost 0.0069838538
243 325 187 225 21 31 cost 0.0069190436
467 488 75 84 47 49 cost 0.0069136439
365 406 206 225 42 47 cost 0.006911239
406 447 131 150 31 36 cost 0.0069050807
345 365 93 102 47 49 cost 0.0069025667
467 488 75 84 36 39 cost 0.0068879411
365 406 187 206 52 57 cost 0.0068843728
528 548 187 196 78 81 cost 0.0068827742
548 569 196 206 21 23 cost 0.0068821629
488 528 112 131 47 52 cost 0.0068544997
325 345 102 112 47 49 cost 0.0068527314
121 162 131 150 5 10 cost 0.0068515755
447 488 150 168 26 31 cost 0.0068418826
304 325 93 102 42 44 cost 0.0068332846
406 447 225 244 78 84 cost 0.0068277094
325 365 187 206 52 57 cost 0.0068241618
447 488 150 168 68 73 cost 0.0068231079
406 426 215 225 60 63 cost 0.0068224144
406 447 168 187 73 78 cost 0.0068191405
365 406 168 187 52 57 cost 0.0068058586
81 121 168 187 26 31 cost 0.006803066
528 548 187 196 65 68 cost 0.0067915299
447 467 131 140 44 47 cost 0.006790911
345 365 102 112 39 42 cost 0.0067801081
406 426 215 225 39 42 cost 0.0067783921
325 365 206 225 36 42 cost 0.0067782425
345 365 93 102 36 39 cost 0.0067689961
447 467 140 150 44 47 cost 0.0067601207
488 569 225 263 10 21 cost 0.0067529102
488 528 150 168 78 84 cost 0.0067426268
406 426 215 225 57 60 cost 0.0067154928
365 406 206 225 47 52 cost 0.0067028223
365 406 131 150 47 52 cost 0.0066876832
488 508 65 75 49 52 cost 0.0066851181
467 488 215 225 49 52 cost 0.0066710448
101 121 131 140 36 39 cost 0.0066610797
488 569 75 112 21 31 cost 0.0066528219
508 528 187 196 54 57 cost 0.0066451209
406 447 150 168 73 78 cost 0.0066136697
447 488 75 93 21 26 cost 0.0066133273
488 528 168 187 21 26 cost 0.0066111658
447 488 150 168 73 78 cost 0.0066094556
365 406 150 168 47 52 cost 0.0066092585
365 406 168 187 42 47 cost 0.0066026399
447 488 206 225 10 15 cost 0.0066015109
121 162 112 131 36 42 cost 0.0065961571
569 589 215 225 52 54 cost 0.0065883362
304 325 93 102 36 39 cost 0.0065863985
325 345 121 131 31 33 cost 0.0065690055
365 406 131 150 42 47 cost 0.0065683983
569 589 215 225 44 47 cost 0.0065575972
406 447 150 168 26 31 cost 0.0065437722
528 548 196 206 75 78 cost 0.0065193504
488 528 187 206 5 10 cost 0.0065139975
488 528 206 225 68 73 cost 0.0065126896
488 528 206 225 78 84 cost 0.0065115344
81 101 168 177 54 57 cost 0.0064809371
467 488 75 84 42 44 cost 0.0064773655
447 467 140 150 54 57 cost 0.006475363
325 406 225 263 0 10 cost 0.0064651079
467 488 84 93 39 42 cost 0.0064629504
569 589 215 225 36 39 cost 0.0064106373
325 365 206 225 42 47 cost 0.0063961024
81 101 168 177 49 52 cost 0.0063944025
558 569 210 215 50 52 cost 0.0063932165
81 101 177 187 57 60 cost 0.0063855462
365 406 187 206 42 47 cost 0.0063711716
345 365 102 112 44 47 cost 0.006370282
81 101 177 187 52 54 cost 0.0063520979
162 325 225 301 63 84 cost 0.006345361
406 447 168 187 68 73 cost 0.0063437965
325 365 206 225 47 52 cost 0.006336561
406 447 131 150 63 68 cost 0.006334102
467 488 206 215 49 52 cost 0.006329681
406 447 112 131 57 63 cost 0.0063251311
81 162 263 301 21 31 cost 0.0063206853
558 569 201 206 50 52 cost 0.0063157951
447 467 140 150 60 63 cost 0.0063070772
488 508 56 65 36 39 cost 0.0063062075
81 121 150 168 36 42 cost 0.0062941688
548 569 215 225 33 36 cost 0.0062939404
528 548 196 206 78 81 cost 0.0062892651
162 243 187 225 21 31 cost 0.0062828834
548 569 215 225 42 44 cost 0.0062820205
284 325 93 112 57 63 cost 0.0062817486
569 589 206 215 49 52 cost 0.0062583548
467 488 84 93 47 49 cost 0.0062510321
447 488 112 131 26 31 cost 0.0062473296
528 548 187 196 63 65 cost 0.006232682
162 202 112 131 57 63 cost 0.0062287982
548 569 215 225 65 68 cost 0.0062224327
447 467 131 140 54 57 cost 0.0062213009
467 488 75 84 52 54 cost 0.0062026354
406 426 206 215 49 52 cost 0.006191343
447 467 140 150 57 60 cost 0.0061885777
325 365 150 168 52 57 cost 0.0061683448
488 528 206 225 21 26 cost 0.0061601947
508 528 187 196 52 54 cost 0.0061591496
121 141 140 150 39 42 cost 0.0061546028
488 528 112 131 52 57 cost 0.0061544485
325 365 112 131 10 15 cost 0.0061418472
467 488 75 84 54 57 cost 0.0061403421
0 81 263 301 10 21 cost 0.006137948
447 467 131 140 60 63 cost 0.0061113373
488 508 65 75 39 42 cost 0.0061107769
528 548 196 206 28 31 cost 0.0060933072
325 365 112 131 78 84 cost 0.0060825697
447 467 131 140 47 49 cost 0.0060817844
406 447 187 206 78 84 cost 0.0060811169
528 548 187 196 70 73 cost 0.0060797383
548 558 201 206 50 52 cost 0.0060775403
447 488 187 206 5 10 cost 0.0060722385
447 467 140 150 47 49 cost 0.0060530779
121 141 140 150 42 44 cost 0.0060459383
0 81 225 263 10 21 cost 0.0060423659
528 548 187 196 28 31 cost 0.0060352516
528 569 168 187 21 26 cost 0.0060135847
447 488 168 187 73 78 cost 0.0060036964
447 467 131 140 57 60 cost 0.0059862878
406 426 215 225 36 39 cost 0.0059859051
121 141 131 140 36 39 cost 0.005983238
81 121 168 187 78 84 cost 0.0059721057
488 528 112 131 42 47 cost 0.0059717616
325 365 168 187 52 57 cost 0.0059713571
365 406 244 263 47 52 cost 0.0059693482
284 325 150 168 42 47 cost 0.0059660303
365 406 150 168 42 47 cost 0.0059605795
284 325 131 150 31 36 cost 0.005947482
325 365 131 150 57 63 cost 0.0059414672
447 488 168 187 68 73 cost 0.0059320915
528 548 196 206 65 68 cost 0.0059301628
447 467 140 150 52 54 cost 0.0059249143
406 447 93 112 68 73 cost 0.0059245874
81 121 168 187 15 21 cost 0.005922335
447 488 206 225 0 5 cost 0.0059096791
488 528 168 187 15 21 cost 0.0059076676
304 325 102 112 39 42 cost 0.0059072264
406 447 187 206 21 26 cost 0.0058987754
325 345 112 121 39 42 cost 0.0058891734
569 651 225 263 0 10 cost 0.0058787872
488 508 65 75 47 49 cost 0.0058779046
81 101 177 187 60 63 cost 0.0058710129
325 365 150 168 31 36 cost 0.005866831
81 121 150 168 63 68 cost 0.0058540079
121 162 150 168 31 36 cost 0.0058460625
406 447 225 244 21 26 cost 0.005834146
488 528 187 206 10 15 cost 0.005829701
406 447 150 168 68 73 cost 0.0058105118
325 406 37 75 31 42 cost 0.0058099417
81 162 225 263 31 42 cost 0.0058009945
447 488 187 206 10 15 cost 0.0057978305
508 528 187 196 44 47 cost 0.0057955086
365 406 244 263 36 42 cost 0.0057941089
467 488 84 93 36 39 cost 0.0057890395
488 528 206 225 15 21 cost 0.0057845379
406 447 93 112 31 36 cost 0.0057707838
447 488 93 112 26 31 cost 0.0057675875
345 365 102 112 36 39 cost 0.0057670245
548 569 215 225 63 65 cost 0.0057592871
325 345 102 112 33 36 cost 0.0057540902
406 447 187 206 15 21 cost 0.005745985
345 365 102 112 42 44 cost 0.0057388839
345 365 102 112 49 52 cost 0.0057262872
325 345 93 102 33 36 cost 0.0057208078
508 528 187 196 39 42 cost 0.0057186516
81 121 112 131 52 57 cost 0.0057104083
325 365 131 150 15 21 cost 0.0057073588
447 488 131 150 10 15 cost 0.0057033651
447 467 131 140 52 54 cost 0.0056911461
528 548 196 206 31 33 cost 0.0056641981
467 488 84 93 42 44 cost 0.0056383236
243 325 150 187 63 73 cost 0.0056271887
528 569 168 187 15 21 cost 0.0056183621
365 406 244 263 52 57 cost 0.0056146675
304 325 102 112 44 47 cost 0.0055952277
467 488 215 225 54 57 cost 0.0055900029
365 406 168 187 36 42 cost 0.0055847978
365 406 187 206 36 42 cost 0.0055812302
81 101 168 177 57 60 cost 0.0055686917
528 548 187 196 31 33 cost 0.0055660527
467 488 215 225 60 63 cost 0.0055467262
81 121 112 131 47 52 cost 0.0055452672
406 447 168 187 26 31 cost 0.0055452187
406 447 150 168 78 84 cost 0.0055363115
365 406 112 131 47 52 cost 0.0055229834
81 101 177 187 47 49 cost 0.0055166077
467 488 215 225 52 54 cost 0.005514985
406 426 215 225 42 44 cost 0.0055112026
81 121 168 187 21 26 cost 0.005509741
548 569 215 225 70 73 cost 0.0055060177
81 101 168 177 52 54 cost 0.005502029
365 406 150 168 52 57 cost 0.0054961326
365 406 206 225 52 57 cost 0.0054906826
365 406 131 150 36 42 cost 0.0054741278
406 426 215 225 65 68 cost 0.0054439267
467 488 84 93 52 54 cost 0.0054335647
447 488 112 131 73 78 cost 0.0054253136
406 426 215 225 33 36 cost 0.0054248775
81 121 131 150 0 5 cost 0.0054178811
488 508 150 159 49 52 cost 0.0054093832
488 508 65 75 42 44 cost 0.005408154
345 365 102 112 47 49 cost 0.0053942615
365 406 244 263 42 47 cost 0.0053914253
447 488 93 112 68 73 cost 0.0053770832
569 589 215 225 42 44 cost 0.0053760651
528 548 187 196 73 75 cost 0.0053734256
365 406 225 244 47 52 cost 0.0053493415
488 528 37 56 57 63 cost 0.0053465498
447 488 168 187 26 31 cost 0.005343838
447 467 140 150 39 42 cost 0.0053389567
325 345 93 102 52 54 cost 0.0053376848
488 528 112 131 57 63 cost 0.0053357201
447 488 225 244 21 26 cost 0.0053297892
528 548 196 206 70 73 cost 0.0053198263
528 569 150 168 57 63 cost 0.0053091707
467 488 84 93 54 57 cost 0.0053082126
162 182 131 140 44 47 cost 0.0053076693
508 528 187 196 47 49 cost 0.0053049994
558 569 206 210 50 52 cost 0.0053009173
569 589 206 215 47 49 cost 0.0053007002
528 548 196 206 63 65 cost 0.0052980278
467 488 215 225 44 47 cost 0.0052975477
558 569 210 215 52 53 cost 0.0052913769
467 488 215 225 57 60 cost 0.0052894789
447 467 131 140 39 42 cost 0.0052800129
325 365 187 206 31 36 cost 0.005275539
325 345 112 121 44 47 cost 0.0052750448
467 488 140 150 49 52 cost 0.0052695529
558 569 201 206 52 53 cost 0.0052674837
284 325 75 93 31 36 cost 0.0052673514
447 488 150 168 78 84 cost 0.0052574327
365 406 225 244 36 42 cost 0.0052554429
325 365 131 150 21 26 cost 0.0052468817
548 569 215 225 73 75 cost 0.0052439719
406 426 206 215 44 47 cost 0.0052413214
548 558 196 201 50 52 cost 0.0052402092
406 447 168 187 78 84 cost 0.0052401776
162 182 131 140 39 42 cost 0.0052291184
488 528 187 206 0 5 cost 0.0052220805
508 528 187 196 36 39 cost 0.0052006025
284 325 75 93 52 57 cost 0.0051859107
467 488 196 206 49 52 cost 0.0051850059
365 406 112 131 42 47 cost 0.0051794731
325 365 75 93 26 31 cost 0.0051717595
488 528 112 131 36 42 cost 0.0051712652
467 488 206 215 44 47 cost 0.0051339375
447 467 215 225 60 63 cost 0.0051327299
488 508 65 75 36 39 cost 0.0051299921
406 447 112 131 31 36 cost 0.0051275359
81 101 168 177 60 63 cost 0.0051230457
365 406 131 150 52 57 cost 0.005118613
121 162 150 168 63 68 cost 0.0051053849
325 365 131 150 63 68 cost 0.0050964889
243 325 150 187 10 21 cost 0.0050914291
426 447 215 225 49 52 cost 0.0050911952
81 121 112 131 57 63 cost 0.0050885884
447 467 196 206 49 52 cost 0.0050863365
406 426 206 215 54 57 cost 0.0050765565
325 365 206 225 52 57 cost 0.0050704622
447 467 187 196 49 52 cost 0.0050667956
548 558 201 206 40 42 cost 0.0050618635
548 558 201 206 52 53 cost 0.0050541668
467 488 206 215 52 54 cost 0.005052145
406 426 215 225 63 65 cost 0.0050450219
558 569 210 215 40 42 cost 0.0050389614
325 365 131 150 68 73 cost 0.0050386778
467 488 206 215 54 57 cost 0.0050345251
528 548 187 196 68 70 cost 0.0050302792
558 569 210 215 49 50 cost 0.0050241639
325 365 187 206 57 63 cost 0.0050029466
284 325 150 168 47 52 cost 0.004989792
121 141 140 150 36 39 cost 0.0049892321
548 558 201 206 37 39 cost 0.004986663
488 508 150 159 54 57 cost 0.0049761135
325 345 112 121 36 39 cost 0.0049700892
488 569 225 263 0 10 cost 0.0049684918
569 589 206 215 52 54 cost 0.0049646605
528 569 150 168 52 57 cost 0.0049520497
325 345 102 112 52 54 cost 0.0049489902
447 467 140 150 65 68 cost 0.0049478182
365 406 206 225 31 36 cost 0.004946931
467 488 215 225 39 42 cost 0.0049462235
558 569 201 206 40 42 cost 0.0049450721
447 488 187 206 0 5 cost 0.0049437807
558 569 210 215 48 49 cost 0.0049388961
365 406 93 112 31 36 cost 0.0049315889
162 182 131 140 36 39 cost 0.0049301794
325 365 131 150 73 78 cost 0.0049248602
345 365 93 102 33 36 cost 0.004924556
304 325 102 112 42 44 cost 0.0049189547
558 569 201 206 49 50 cost 0.0049137488
467 488 215 225 47 49 cost 0.0049131071
558 569 201 206 55 57 cost 0.0048914964
406 426 206 215 52 54 cost 0.0048911177
365 406 187 206 57 63 cost 0.0048905023
447 467 131 140 42 44 cost 0.0048888292
243 325 187 225 10 21 cost 0.0048832227
121 162 150 168 26 31 cost 0.0048730614
548 558 201 206 55 57 cost 0.0048678323
325 365 168 187 31 36 cost 0.0048657477
447 467 140 150 42 44 cost 0.004863778
447 467 131 140 65 68 cost 0.0048631907
406 447 150 168 21 26 cost 0.0048516027
447 488 168 187 78 84 cost 0.0048504156
569 589 206 215 39 42 cost 0.0048452799
365 406 168 187 57 63 cost 0.0048347621
81 121 168 187 10 15 cost 0.004823321
325 345 112 121 42 44 cost 0.0048197429
558 569 196 201 50 52 cost 0.0048158706
365 406 244 263 57 63 cost 0.0048134066
558 569 210 215 55 57 cost 0.0048101119
569 589 206 215 44 47 cost 0.0048045605
345 365 93 102 52 54 cost 0.0048034884
558 569 201 206 48 49 cost 0.0048014367
162 202 112 131 21 26 cost 0.0048004675
548 569 187 196 49 52 cost 0.0047938517
558 569 201 206 45 47 cost 0.0047901582
558 569 201 206 79 81 cost 0.0047898831
406 447 131 150 26 31 cost 0.0047883694
365 406 225 244 42 47 cost 0.0047880989
81 162 187 225 73 84 cost 0.0047858518
406 426 206 215 47 49 cost 0.0047711799
304 325 102 112 36 39 cost 0.0047709602
447 467 215 225 57 60 cost 0.004767451
447 488 225 244 78 84 cost 0.0047598206
365 406 150 168 36 42 cost 0.0047589117
558 569 201 206 37 39 cost 0.0047579718
558 569 210 215 47 48 cost 0.0047488948
548 558 206 210 50 52 cost 0.0047362081
325 365 206 225 31 36 cost 0.0047339818
569 589 215 225 54 57 cost 0.0047315245
548 558 210 215 50 52 cost 0.0047307515
467 488 206 215 47 49 cost 0.0047256831
528 548 196 206 73 75 cost 0.0047164919
365 406 93 112 68 73 cost 0.00470679
81 162 187 225 21 31 cost 0.0047028405
365 406 225 244 52 57 cost 0.0047024714
528 548 187 196 23 26 cost 0.0047008028
558 569 201 206 58 60 cost 0.0046909302
508 528 196 206 49 52 cost 0.0046878626
558 569 201 206 61 63 cost 0.0046791132
467 488 140 150 44 47 cost 0.0046754784
426 447 215 225 60 63 cost 0.0046673728
365 406 112 131 52 57 cost 0.0046662291
548 558 201 206 45 47 cost 0.0046535337
488 508 150 159 52 54 cost 0.0046482212
81 162 263 301 10 21 cost 0.0046450006
488 528 150 168 10 15 cost 0.0046426682
325 365 75 93 57 63 cost 0.0046311766
548 558 201 206 49 50 cost 0.0046283156
548 569 215 225 81 84 cost 0.0046164253
365 406 112 131 36 42 cost 0.0046118695
406 426 206 215 39 42 cost 0.0046117142
558 569 201 206 47 48 cost 0.004610779
426 447 206 215 49 52 cost 0.0046032488
365 406 93 112 73 78 cost 0.0046014647
406 447 112 131 63 68 cost 0.0046001661
81 162 225 263 73 84 cost 0.004583342
426 447 215 225 44 47 cost 0.0045625073
406 447 131 150 68 73 cost 0.0045610658
558 569 201 206 53 54 cost 0.004557279
558 569 210 215 53 54 cost 0.0045456637
467 488 215 225 36 39 cost 0.0045422895
508 528 187 196 42 44 cost 0.0045375413
548 558 201 206 58 60 cost 0.0045351827
447 467 140 150 63 65 cost 0.0045204369
548 569 215 225 28 31 cost 0.0045137418
488 528 37 56 31 36 cost 0.0045135479
467 488 215 225 33 36 cost 0.0045033173
426 447 215 225 57 60 cost 0.0044982665
569 589 206 215 36 39 cost 0.0044971224
325 406 263 301 42 52 cost 0.0044945086
447 467 187 196 54 57 cost 0.0044916338
548 558 201 206 48 49 cost 0.0044877183
467 488 206 215 39 42 cost 0.0044617995
0 81 187 225 31 42 cost 0.0044584926
0 81 187 225 63 73 cost 0.0044491754
528 569 150 168 47 52 cost 0.0044470683
447 467 196 206 54 57 cost 0.0044438106
447 467 215 225 49 52 cost 0.0044386426
447 467 131 140 63 65 cost 0.004434893
528 548 196 206 23 26 cost 0.0044340476
467 488 140 150 54 57 cost 0.0044273831
548 558 201 206 61 63 cost 0.0044247864
162 182 131 140 42 44 cost 0.0044245434
406 447 150 168 15 21 cost 0.0043982104
558 569 206 210 52 53 cost 0.0043921273
548 569 215 225 68 70 cost 0.0043824984
488 528 206 225 5 10 cost 0.0043820004
548 558 201 206 53 54 cost 0.004374705
406 426 206 215 60 63 cost 0.004372317
447 488 93 112 21 26 cost 0.0043709952
447 467 140 150 36 39 cost 0.0043695894
406 426 206 215 57 60 cost 0.0043694028
81 121 150 168 31 36 cost 0.004367851
528 548 196 206 68 70 cost 0.0043671779
548 558 196 201 52 53 cost 0.004364696
81 101 168 177 47 49 cost 0.0043600373
467 488 215 225 65 68 cost 0.0043577981
447 488 150 168 21 26 cost 0.0043556872
528 548 187 196 18 21 cost 0.0043470609
447 467 196 206 44 47 cost 0.0043453122
447 467 187 196 44 47 cost 0.0043374235
548 558 196 201 40 42 cost 0.0043303893
426 447 215 225 39 42 cost 0.004326091
345 365 102 112 33 36 cost 0.0043187534
406 447 131 150 73 78 cost 0.0043126933
325 406 263 301 31 42 cost 0.0043090025
426 447 215 225 54 57 cost 0.004302555
548 558 196 201 37 39 cost 0.0043000337
548 558 201 206 47 48 cost 0.0042838202
243 325 150 187 73 84 cost 0.0042823902
447 488 112 131 21 26 cost 0.0042787884
528 569 150 168 36 42 cost 0.004278281
121 162 112 131 31 36 cost 0.0042746002
406 447 187 206 5 10 cost 0.0042620428
548 558 201 206 79 81 cost 0.0042552584
426 447 206 215 44 47 cost 0.0042518825
447 467 131 140 36 39 cost 0.0042484733
467 488 196 206 54 57 cost 0.0042458688
488 569 75 112 73 84 cost 0.0042332424
548 558 196 201 55 57 cost 0.004233089
467 488 196 206 44 47 cost 0.0042270002
447 488 150 168 15 21 cost 0.0042266052
528 548 187 196 26 28 cost 0.0042187151
488 508 196 206 49 52 cost 0.0042160062
548 558 201 206 39 40 cost 0.0042013058
447 467 215 225 33 36 cost 0.0041950805
162 243 187 225 10 21 cost 0.0041888824
548 569 215 225 31 33 cost 0.0041864348
467 488 196 206 52 54 cost 0.004170319
467 488 140 150 47 49 cost 0.0041648155
447 467 187 196 52 54 cost 0.0041619116
548 569 187 196 54 57 cost 0.0041605139
447 467 196 206 52 54 cost 0.0041563881
558 569 206 210 40 42 cost 0.0041527654
488 508 150 159 60 63 cost 0.0041513386
447 467 215 225 54 57 cost 0.0041496502
121 162 150 168 15 21 cost 0.0041480216
558 569 206 210 49 50 cost 0.0041442092
467 488 215 225 63 65 cost 0.0041324316
548 569 187 196 52 54 cost 0.0041294334
558 569 210 215 39 40 cost 0.0041269719
528 548 187 196 81 84 cost 0.0041258265
548 569 187 196 39 42 cost 0.004122837
406 447 168 187 21 26 cost 0.0041179828
365 406 244 263 31 36 cost 0.0041150644
0 81 225 263 0 10 cost 0.0041099237
528 548 196 206 26 28 cost 0.0041043162
426 447 215 225 52 54 cost 0.0040993966
467 488 206 215 57 60 cost 0.0040986908
406 447 187 206 10 15 cost 0.0040937933
447 467 187 196 57 60 cost 0.0040888504
467 488 140 150 52 54 cost 0.0040788824
325 345 112 121 33 36 cost 0.004077836
488 508 150 159 57 60 cost 0.0040740425
426 447 215 225 47 49 cost 0.0040704128
325 365 131 150 10 15 cost 0.0040674393
121 162 150 168 21 26 cost 0.0040660644
488 508 159 168 49 52 cost 0.0040621448
548 569 187 196 36 39 cost 0.0040606278
558 569 206 210 48 49 cost 0.0040587468
325 365 150 168 57 63 cost 0.0040584998
558 569 206 210 55 57 cost 0.0040501156
508 528 196 206 54 57 cost 0.0040482949
558 569 201 206 39 40 cost 0.0040454461
447 467 187 196 60 63 cost 0.0040447478
426 447 206 215 39 42 cost 0.0040431338
558 569 201 206 78 79 cost 0.0040368826
558 569 196 201 52 53 cost 0.0040342768
406 426 206 215 36 39 cost 0.004024678
325 345 112 121 47 49 cost 0.0040221896
528 548 196 206 18 21 cost 0.0040220647
467 488 206 215 60 63 cost 0.0040181676
243 284 131 150 36 42 cost 0.0040105172
325 365 75 93 73 78 cost 0.0040077116
447 488 168 187 21 26 cost 0.0040047372
325 365 75 93 15 21 cost 0.0039996394
325 365 187 206 26 31 cost 0.0039986568
121 162 150 168 68 73 cost 0.0039912677
569 610 187 206 47 52 cost 0.0039896194
162 243 150 187 21 31 cost 0.0039891359
548 558 206 210 40 42 cost 0.0039877439
121 162 131 150 0 5 cost 0.0039851002
589 610 215 225 49 52 cost 0.0039839171
467 488 140 150 60 63 cost 0.0039805971
325 365 131 150 78 84 cost 0.0039792508
467 488 206 215 36 39 cost 0.0039729331
325 365 168 187 57 63 cost 0.0039719246
406 447 168 187 15 21 cost 0.0039698476
447 467 215 225 39 42 cost 0.0039570989
365 406 150 168 57 63 cost 0.00395142
325 345 112 121 49 52 cost 0.0039488027
548 558 196 201 45 47 cost 0.0039455588
548 558 196 201 49 50 cost 0.0039400655
121 162 112 131 68 73 cost 0.0039397495
467 488 140 150 57 60 cost 0.0039328113
447 467 196 206 39 42 cost 0.0039298068
447 467 215 225 65 68 cost 0.0039216728
325 406 263 301 52 63 cost 0.0039208449
426 447 215 225 65 68 cost 0.0039202482
548 558 206 210 52 53 cost 0.0039199434
447 467 196 206 57 60 cost 0.0039182792
488 528 93 112 47 52 cost 0.0039177134
345 365 102 112 52 54 cost 0.0039164626
548 558 210 215 52 53 cost 0.0039144142
365 406 112 131 57 63 cost 0.003908451
325 365 75 93 63 68 cost 0.00390837
488 528 206 225 10 15 cost 0.0039037094
508 528 196 206 52 54 cost 0.0039027498
558 569 206 210 47 48 cost 0.0039025436
467 488 196 206 39 42 cost 0.0038993338
569 589 206 215 54 57 cost 0.0038949611
548 558 196 201 58 60 cost 0.0038945611
365 406 187 206 31 36 cost 0.0038932575
488 508 159 168 54 57 cost 0.0038930199
467 488 206 215 33 36 cost 0.0038926675
182 202 131 140 39 42 cost 0.0038888739
467 488 196 206 47 49 cost 0.0038871024
447 467 187 196 47 49 cost 0.0038859185
426 447 215 225 33 36 cost 0.0038847953
558 569 201 206 54 55 cost 0.003883145
325 365 75 93 78 84 cost 0.0038752163
447 467 196 206 47 49 cost 0.0038747946
548 558 201 206 54 55 cost 0.0038643255
447 467 215 225 44 47 cost 0.0038639073
447 467 187 196 39 42 cost 0.0038556248
81 121 150 168 68 73 cost 0.0038554384
426 447 215 225 36 39 cost 0.003849727
447 467 215 225 63 65 cost 0.0038493525
508 528 196 206 44 47 cost 0.0038430459
447 488 168 187 15 21 cost 0.0038419331
558 569 210 215 54 55 cost 0.0038363933
467 488 215 225 42 44 cost 0.0038361979
508 528 196 206 39 42 cost 0.0038345538
548 558 210 215 40 42 cost 0.0038290899
365 406 168 187 31 36 cost 0.0038204526
488 508 150 159 47 49 cost 0.0038170278
325 365 75 93 21 26 cost 0.0038166514
81 162 187 225 10 21 cost 0.0038164709
488 508 196 206 44 47 cost 0.0038127185
81 121 112 131 42 47 cost 0.0038068013
548 558 196 201 48 49 cost 0.0038062094
558 569 196 201 55 57 cost 0.0038056655
528 569 150 168 42 47 cost 0.0038028528
548 558 196 201 61 63 cost 0.0038019963
426 447 206 215 54 57 cost 0.003801291
365 406 93 112 78 84 cost 0.0037991949
558 569 206 210 53 54 cost 0.0037918083
81 121 150 168 26 31 cost 0.0037911824
365 406 131 150 57 63 cost 0.003790557
447 467 215 225 52 54 cost 0.0037882681
528 548 206 215 49 52 cost 0.0037844938
548 558 206 210 55 57 cost 0.0037841808
447 488 112 131 15 21 cost 0.0037827775
548 558 196 201 53 54 cost 0.0037826842
447 467 196 206 60 63 cost 0.0037805849
426 447 206 215 47 49 cost 0.0037802693
406 426 206 215 42 44 cost 0.0037770228
447 467 215 225 36 39 cost 0.0037740971
488 528 206 225 0 5 cost 0.0037707227
426 447 206 215 60 63 cost 0.0037662743
325 345 93 102 54 57 cost 0.0037662701
182 202 131 140 44 47 cost 0.0037649561
558 569 196 201 40 42 cost 0.0037582301
0 81 263 301 0 10 cost 0.0037581335
325 345 102 112 31 33 cost 0.0037581106
325 365 244 263 36 42 cost 0.0037540195
162 243 150 187 63 73 cost 0.0037507173
528 548 187 196 21 23 cost 0.0037494751
569 589 206 215 42 44 cost 0.0037481231
325 365 75 93 68 73 cost 0.0037436575
528 548 196 206 81 84 cost 0.0037383381
426 447 206 215 57 60 cost 0.0037304051
528 548 206 215 36 39 cost 0.0037302416
548 558 210 215 55 57 cost 0.0037280011
325 365 206 225 57 63 cost 0.0037273867
182 202 131 140 36 39 cost 0.0037240282
406 426 206 215 33 36 cost 0.0037215425
365 406 93 112 26 31 cost 0.0037193043
548 558 201 206 36 37 cost 0.0037178698
365 406 93 112 15 21 cost 0.0037115181
488 528 168 187 10 15 cost 0.0037081757
121 162 150 168 73 78 cost 0.0037078882
508 528 196 206 36 39 cost 0.0037025701
558 569 196 201 49 50 cost 0.0036977664
467 488 140 150 39 42 cost 0.0036976169
558 569 201 206 57 58 cost 0.0036845966
558 569 196 201 79 81 cost 0.0036781349
284 325 168 187 42 47 cost 0.0036710488
528 548 206 215 39 42 cost 0.0036644833
325 345 93 102 31 33 cost 0.0036623407
558 569 201 206 60 61 cost 0.0036599042
548 558 210 215 49 50 cost 0.0036539756
508 528 150 159 49 52 cost 0.0036531257
365 406 225 244 31 36 cost 0.0036525737
365 406 225 244 57 63 cost 0.003645672
426 447 206 215 52 54 cost 0.003645542
558 569 196 201 58 60 cost 0.0036420437
569 610 187 206 52 57 cost 0.0036392647
558 569 196 201 37 39 cost 0.0036302154
548 558 206 210 49 50 cost 0.0036279784
558 569 196 201 61 63 cost 0.0036279288
528 548 206 215 33 36 cost 0.0036268116
548 558 196 201 47 48 cost 0.0036170102
548 558 196 201 39 40 cost 0.0036152655
365 406 206 225 57 63 cost 0.0036038115
548 558 201 206 78 79 cost 0.0036019379
558 569 196 201 45 47 cost 0.0035937043
488 528 93 112 42 47 cost 0.0035931751
558 569 196 201 48 49 cost 0.0035929108
467 488 206 215 42 44 cost 0.0035906237
488 508 159 168 52 54 cost 0.0035882113
81 162 225 263 21 31 cost 0.0035811687
548 558 196 201 79 81 cost 0.0035773056
548 558 201 206 57 58 cost 0.0035744752
365 406 131 150 31 36 cost 0.0035697529
548 558 210 215 48 49 cost 0.0035638579
548 569 187 196 44 47 cost 0.0035629317
325 345 102 112 54 57 cost 0.0035557678
162 182 140 150 39 42 cost 0.0035468118
121 162 112 131 73 78 cost 0.0035422338
528 548 187 196 15 18 cost 0.0035385563
406 447 131 150 21 26 cost 0.0035365986
528 569 150 168 31 36 cost 0.003531695
162 325 0 75 0 21 cost 0.0035309139
548 558 201 206 60 61 cost 0.0035307507
548 558 206 210 48 49 cost 0.0035291253
426 447 215 225 63 65 cost 0.0035222293
508 528 159 168 49 52 cost 0.003516604
162 182 140 150 44 47 cost 0.0035153251
81 121 150 168 73 78 cost 0.0035136078
528 569 150 168 63 68 cost 0.0035132633
243 325 150 187 0 10 cost 0.0035103135
488 528 112 131 31 36 cost 0.0035068432
508 528 196 206 47 49 cost 0.0035009197
528 548 196 206 21 23 cost 0.0034980005
548 569 187 196 57 60 cost 0.003497867
558 569 196 201 53 54 cost 0.0034955667
558 569 201 206 36 37 cost 0.0034875637
467 488 196 206 57 60 cost 0.0034842265
426 447 206 215 36 39 cost 0.0034797303
548 569 187 196 33 36 cost 0.0034788081
467 488 131 140 49 52 cost 0.0034691247
508 528 159 168 54 57 cost 0.0034581576
528 569 168 187 10 15 cost 0.0034414611
467 488 196 206 36 39 cost 0.0034386461
508 528 150 159 54 57 cost 0.0034383565
558 569 196 201 47 48 cost 0.0034375132
406 426 215 225 31 33 cost 0.0034305655
345 365 93 102 54 57 cost 0.0034259258
406 447 131 150 15 21 cost 0.0034257693
548 558 210 215 47 48 cost 0.0034138173
406 447 112 131 26 31 cost 0.003406394
488 508 196 206 47 49 cost 0.0034007759
365 406 206 225 26 31 cost 0.0033969304
406 426 206 215 65 68 cost 0.0033967226
548 569 187 196 47 49 cost 0.0033960796
447 467 196 206 36 39 cost 0.0033946853
558 569 206 210 39 40 cost 0.0033924219
467 488 140 150 42 44 cost 0.0033920998
589 610 215 225 47 49 cost 0.0033914918
243 284 131 150 42 47 cost 0.0033909943
548 558 206 210 53 54 cost 0.0033891586
528 548 196 206 15 18 cost 0.0033832024
548 558 206 210 47 48 cost 0.0033770248
406 447 112 131 68 73 cost 0.00337638
406 447 93 112 26 31 cost 0.0033716897
426 447 215 225 42 44 cost 0.0033706167
447 467 215 225 47 49 cost 0.0033698375
406 488 263 301 52 63 cost 0.0033696456
548 558 210 215 53 54 cost 0.003367382
548 558 196 201 54 55 cost 0.0033657234
548 569 187 196 60 63 cost 0.003362746
406 447 187 206 0 5 cost 0.0033583897
488 508 196 206 54 57 cost 0.0033571227
121 162 112 131 26 31 cost 0.0033485481
406 447 131 150 78 84 cost 0.0033443674
162 182 140 150 36 39 cost 0.003342779
325 365 206 225 26 31 cost 0.0033330878
488 508 196 206 52 54 cost 0.0033319398
243 325 187 225 0 10 cost 0.0033188372
447 467 187 196 36 39 cost 0.003312309
467 488 187 196 49 52 cost 0.0033117163
488 508 196 206 39 42 cost 0.0033050923
548 558 206 210 39 40 cost 0.0032998439
447 488 112 131 78 84 cost 0.0032786996
365 406 150 168 31 36 cost 0.0032739175
569 610 187 206 36 42 cost 0.0032691858
558 569 201 206 44 45 cost 0.0032648217
325 365 244 263 47 52 cost 0.0032623274
467 488 206 215 65 68 cost 0.0032600398
467 488 131 140 44 47 cost 0.0032542789
467 488 196 206 60 63 cost 0.0032521399
426 447 206 215 42 44 cost 0.0032432914
426 447 206 215 33 36 cost 0.0032425234
40 81 282 301 57 63 cost 0.0032408341
548 558 201 206 44 45 cost 0.0032353875
325 406 37 75 52 63 cost 0.0032280839
467 488 140 150 65 68 cost 0.0032238905
528 548 206 215 44 47 cost 0.00322162
365 406 93 112 21 26 cost 0.0032215823
558 569 206 210 54 55 cost 0.0032175288
447 467 196 206 42 44 cost 0.0032146278
548 558 196 201 36 37 cost 0.0032134433
121 162 150 168 10 15 cost 0.0032116586
488 508 159 168 60 63 cost 0.0032106893
325 365 244 263 42 47 cost 0.0032075598
81 121 112 131 63 68 cost 0.0032027537
40 81 225 244 57 63 cost 0.0032024701
488 508 159 168 57 60 cost 0.0032021939
447 467 187 196 42 44 cost 0.0031970313
182 202 131 140 42 44 cost 0.0031950728
345 365 93 102 31 33 cost 0.003175643
488 508 196 206 36 39 cost 0.0031727937
467 488 215 225 31 33 cost 0.0031660827
528 548 206 215 52 54 cost 0.0031659858
548 569 215 225 26 28 cost 0.0031612741
447 467 215 225 31 33 cost 0.0031576235
406 426 206 215 63 65 cost 0.0031554014
284 325 168 187 47 52 cost 0.0031510211
243 284 112 131 36 42 cost 0.0031497272
569 610 187 206 57 63 cost 0.0031402638
325 365 244 263 52 57 cost 0.0031366125
569 610 187 206 42 47 cost 0.003134312
81 121 150 168 15 21 cost 0.0031315953
528 548 206 215 54 57 cost 0.0031291199
548 558 210 215 39 40 cost 0.0031287467
589 610 215 225 39 42 cost 0.003126633
121 162 168 187 47 52 cost 0.0031257779
447 467 206 215 49 52 cost 0.0031215236
589 610 215 225 52 54 cost 0.0031202147
467 488 140 150 36 39 cost 0.0030895358
558 569 196 201 78 79 cost 0.0030837843
121 162 168 187 52 57 cost 0.0030815447
558 569 196 201 39 40 cost 0.0030805798
508 528 150 159 52 54 cost 0.00307532
548 558 196 201 57 58 cost 0.0030742782
325 365 225 244 36 42 cost 0.0030659397
426 447 206 215 65 68 cost 0.0030618284
467 488 196 206 42 44 cost 0.0030582254
508 528 159 168 52 54 cost 0.0030439766
548 558 196 201 60 61 cost 0.003043385
121 162 112 131 15 21 cost 0.0030357677
81 121 150 168 21 26 cost 0.003031636
548 558 196 201 78 79 cost 0.0030214238
121 162 150 168 78 84 cost 0.003018217
558 569 196 201 54 55 cost 0.0030148087
325 365 75 93 10 15 cost 0.0030136873
365 406 112 131 31 36 cost 0.0030091765
589 610 215 225 44 47 cost 0.0030011585
81 162 263 301 0 10 cost 0.0029998353
548 558 206 210 54 55 cost 0.0029966457
508 528 196 206 42 44 cost 0.0029898788
40 81 282 301 63 68 cost 0.0029754279
40 81 225 244 52 57 cost 0.0029685982
162 182 140 150 42 44 cost 0.0029638646
447 467 215 225 42 44 cost 0.0029615414
365 406 187 206 26 31 cost 0.0029608226
162 243 150 187 10 21 cost 0.0029597429
569 610 187 206 73 78 cost 0.0029590297
467 488 131 140 47 49 cost 0.0029513941
548 558 210 215 54 55 cost 0.002950456
365 406 112 131 63 68 cost 0.0029479431
162 325 225 301 0 21 cost 0.0029445854
548 569 187 196 42 44 cost 0.0029335828
0 81 187 225 21 31 cost 0.0029321363
345 365 102 112 54 57 cost 0.0029212851
40 81 225 244 47 52 cost 0.0029187643
528 548 206 215 47 49 cost 0.0029024319
406 447 150 168 10 15 cost 0.0028936317
467 488 187 196 54 57 cost 0.0028774665
447 488 150 168 10 15 cost 0.0028759575
508 528 159 168 57 60 cost 0.0028736394
467 488 206 215 63 65 cost 0.0028536022
243 284 131 150 47 52 cost 0.0028501196
558 569 196 201 57 58 cost 0.0028492643
0 81 187 225 73 84 cost 0.0028475137
558 569 196 201 60 61 cost 0.0028436319
40 81 150 168 52 57 cost 0.0028435229
345 365 102 112 31 33 cost 0.0028366536
467 488 140 150 63 65 cost 0.0028319116
569 610 187 206 78 84 cost 0.0028255778
508 528 150 159 57 60 cost 0.0028141673
447 488 37 56 47 52 cost 0.0028065244
447 467 206 215 54 57 cost 0.0028005228
488 508 159 168 47 49 cost 0.0028002582
121 162 112 131 78 84 cost 0.0027968281
325 365 75 93 5 10 cost 0.0027883911
81 121 150 168 78 84 cost 0.0027878576
589 610 215 225 36 39 cost 0.0027859298
325 345 112 121 31 33 cost 0.0027831565
467 488 206 215 31 33 cost 0.0027770099
426 447 206 215 63 65 cost 0.0027721306
447 488 168 187 10 15 cost 0.0027669711
81 121 112 131 36 42 cost 0.0027668529
406 447 168 187 10 15 cost 0.0027624713
325 365 244 263 57 63 cost 0.0027503729
40 81 150 168 57 63 cost 0.0027495853
467 488 187 196 52 54 cost 0.0027495178
447 488 37 56 42 47 cost 0.0027441312
548 558 196 201 44 45 cost 0.002743827
467 488 131 140 54 57 cost 0.0027434217
528 548 206 215 57 60 cost 0.0027304645
528 548 206 215 28 31 cost 0.0027296825
406 447 112 131 73 78 cost 0.0027281617
202 243 112 131 36 42 cost 0.002726262
325 365 187 206 21 26 cost 0.0027256382
365 406 93 112 10 15 cost 0.0027226141
243 284 112 131 42 47 cost 0.0027138151
121 162 112 131 21 26 cost 0.0027136092
81 162 225 263 10 21 cost 0.0027013084
508 528 159 168 60 63 cost 0.0027010045
325 406 263 301 63 73 cost 0.0026941456
508 528 150 159 60 63 cost 0.0026782265
325 365 244 263 31 36 cost 0.0026781161
447 467 206 215 60 63 cost 0.0026678535
558 569 196 201 36 37 cost 0.0026663975
447 467 206 215 39 42 cost 0.0026650189
447 467 206 215 44 47 cost 0.002664858
467 488 131 140 60 63 cost 0.002660802
426 447 215 225 31 33 cost 0.0026582598
528 548 206 215 42 44 cost 0.0026419495
488 508 196 206 42 44 cost 0.0026390613
447 467 206 215 57 60 cost 0.0026390102
121 162 168 187 42 47 cost 0.0026362857
406 488 263 301 42 52 cost 0.0026307732
406 488 263 301 31 42 cost 0.0026125938
467 488 131 140 57 60 cost 0.0026104716
467 488 187 196 44 47 cost 0.0026102735
447 467 206 215 33 36 cost 0.0026046236
447 467 206 215 52 54 cost 0.0026017232
365 406 112 131 68 73 cost 0.0025914102
162 325 0 75 63 84 cost 0.0025913578
406 447 244 263 52 57 cost 0.0025909489
548 569 187 196 65 68 cost 0.0025895933
508 528 150 159 47 49 cost 0.0025870057
447 488 112 131 10 15 cost 0.0025829491
81 121 150 168 10 15 cost 0.0025790028
528 548 206 215 60 63 cost 0.0025645371
528 548 206 215 31 33 cost 0.0025615711
182 202 140 150 39 42 cost 0.0025613417
528 569 150 168 26 31 cost 0.0025537349
365 406 112 131 73 78 cost 0.002550097
365 406 206 225 21 26 cost 0.0025426585
467 488 187 196 39 42 cost 0.0025383049
467 488 131 140 52 54 cost 0.0025372379
406 447 112 131 21 26 cost 0.0025337843
284 325 75 93 57 63 cost 0.0025314097
528 548 206 215 75 78 cost 0.0025271233
406 447 244 263 47 52 cost 0.0025103094
162 243 187 225 0 10 cost 0.0025096673
325 365 225 244 42 47 cost 0.002491295
447 488 37 56 36 42 cost 0.0024905433
569 610 187 206 63 68 cost 0.0024845395
202 243 112 131 42 47 cost 0.0024838003
447 488 37 56 52 57 cost 0.0024810137
162 243 150 187 73 84 cost 0.0024639558
365 406 131 150 26 31 cost 0.0024615254
182 202 140 150 36 39 cost 0.0024593818
0 81 187 225 10 21 cost 0.0024492878
81 162 187 225 0 10 cost 0.0024464564
467 488 187 196 47 49 cost 0.0024434784
558 569 196 201 44 45 cost 0.002442328
528 548 206 215 78 81 cost 0.002441805
325 365 225 244 47 52 cost 0.0024384716
467 488 131 140 39 42 cost 0.0024325429
243 284 168 187 47 52 cost 0.0024272444
508 528 159 168 47 49 cost 0.0024212676
447 467 206 215 36 39 cost 0.0024201093
467 488 187 196 57 60 cost 0.0024162071
40 81 150 168 47 52 cost 0.0024156376
40 81 225 244 42 47 cost 0.0024093426
589 610 215 225 42 44 cost 0.0024073293
325 365 206 225 21 26 cost 0.0024024926
406 426 206 215 31 33 cost 0.0024001389
121 162 112 131 10 15 cost 0.0023989392
243 284 131 150 31 36 cost 0.0023693212
40 81 282 301 68 73 cost 0.0023614279
121 162 112 131 5 10 cost 0.0023613644
406 447 112 131 15 21 cost 0.0023556912
548 569 187 196 63 65 cost 0.0023453569
467 488 131 140 42 44 cost 0.0023398319
406 447 244 263 57 63 cost 0.0023396638
447 467 206 215 47 49 cost 0.002337497
182 202 140 150 44 47 cost 0.0023350161
365 406 131 150 63 68 cost 0.0023327995
121 162 168 187 57 63 cost 0.0023269616
548 569 187 196 75 78 cost 0.0023202535
406 447 93 112 21 26 cost 0.0023111907
40 81 282 301 52 57 cost 0.0023090556
569 610 187 206 31 36 cost 0.0023090178
548 569 187 196 78 81 cost 0.0023071746
325 345 140 150 39 42 cost 0.0023004204
548 569 187 196 28 31 cost 0.0022980757
406 447 131 150 10 15 cost 0.0022940245
365 406 131 150 73 78 cost 0.0022902439
365 406 112 131 26 31 cost 0.0022861654
406 488 263 301 63 73 cost 0.0022770144
243 284 206 225 47 52 cost 0.002272812
467 488 187 196 60 63 cost 0.0022693833
325 365 225 244 31 36 cost 0.002268192
569 610 187 206 68 73 cost 0.0022618966
325 406 263 301 21 31 cost 0.0022613587
467 488 187 196 36 39 cost 0.0022566361
243 284 150 168 42 47 cost 0.0022386325
548 569 187 196 31 33 cost 0.0022325036
528 548 206 215 65 68 cost 0.0022014389
243 284 112 131 47 52 cost 0.0021803319
325 365 225 244 52 57 cost 0.002179383
365 406 187 206 21 26 cost 0.0021785576
365 406 131 150 68 73 cost 0.0021737196
426 447 206 215 31 33 cost 0.002168997
121 162 168 187 36 42 cost 0.0021587533
406 447 244 263 36 42 cost 0.0021260902
589 610 215 225 54 57 cost 0.0021247072
325 406 263 301 73 84 cost 0.0021022816
447 467 206 215 65 68 cost 0.0020946457
243 284 112 131 31 36 cost 0.0020748077
528 548 206 215 70 73 cost 0.0020706696
365 406 93 112 5 10 cost 0.002061731
182 202 140 150 42 44 cost 0.0020555197
406 447 75 93 47 52 cost 0.0020546482
447 467 206 215 42 44 cost 0.0020512963
325 345 140 150 36 39 cost 0.0020405674
467 488 131 140 65 68 cost 0.0020224541
447 488 37 56 57 63 cost 0.0020167047
406 447 112 131 78 84 cost 0.0019986798
202 243 112 131 47 52 cost 0.0019946871
548 569 187 196 70 73 cost 0.0019907394
81 121 112 131 68 73 cost 0.001986878
406 447 244 263 42 47 cost 0.0019850542
406 447 75 93 42 47 cost 0.0019805434
467 488 187 196 42 44 cost 0.0019734445
243 284 168 187 42 47 cost 0.0019721228
488 508 187 196 49 52 cost 0.0019600783
467 488 131 140 36 39 cost 0.0019528675
447 467 206 215 31 33 cost 0.0019490455
528 548 215 225 49 52 cost 0.0019222114
528 569 150 168 68 73 cost 0.001915559
447 467 206 215 63 65 cost 0.0019115066
325 365 75 93 0 5 cost 0.0018910936
528 548 206 215 63 65 cost 0.0018819742
81 121 112 131 31 36 cost 0.0018819129
365 406 75 93 47 52 cost 0.001875289
467 488 131 140 63 65 cost 0.0018679035
528 548 206 215 73 75 cost 0.0018535692
406 488 263 301 21 31 cost 0.0018526662
40 81 150 168 63 68 cost 0.00185251
528 569 150 168 73 78 cost 0.0018510367
81 162 225 263 0 10 cost 0.0018407495
162 243 75 112 42 52 cost 0.0018295231
243 284 150 168 47 52 cost 0.0018003952
162 243 150 187 0 10 cost 0.0017979047
406 447 75 93 52 57 cost 0.0017778164
406 447 244 263 63 68 cost 0.0017579388
365 406 131 150 15 21 cost 0.0017569835
365 406 131 150 21 26 cost 0.0017562351
81 121 112 131 73 78 cost 0.0017552314
365 406 131 150 78 84 cost 0.0017535843
528 548 206 215 26 28 cost 0.0017527364
528 548 215 225 33 36 cost 0.0017434392
488 508 187 196 44 47 cost 0.0017409383
528 548 215 225 36 39 cost 0.0017331514
284 325 187 206 42 47 cost 0.0017288329
325 365 225 244 57 63 cost 0.0017223286
365 406 112 131 78 84 cost 0.001714936
202 243 131 150 42 47 cost 0.0017081757
569 610 187 206 26 31 cost 0.0017029125
528 548 215 225 39 42 cost 0.0017017086
202 243 131 150 47 52 cost 0.0016984979
243 284 93 112 36 42 cost 0.0016898682
202 243 131 150 36 42 cost 0.0016872146
243 284 206 225 42 47 cost 0.0016839222
162 243 75 112 31 42 cost 0.0016767192
488 508 187 196 54 57 cost 0.001672947
202 243 112 131 31 36 cost 0.0016701786
406 447 244 263 31 36 cost 0.0016679168
548 569 187 196 68 70 cost 0.0016636982
528 569 150 168 15 21 cost 0.0016633327
365 406 112 131 21 26 cost 0.0016627283
528 569 150 168 21 26 cost 0.0016620093
528 548 206 215 68 70 cost 0.001649682
528 548 215 225 52 54 cost 0.001644925
365 406 75 93 52 57 cost 0.0016437688
548 569 187 196 23 26 cost 0.0016377423
548 569 187 196 73 75 cost 0.0016367128
243 284 93 112 42 47 cost 0.0016302061
284 325 187 206 47 52 cost 0.0016254967
40 81 150 168 42 47 cost 0.0016208728
406 447 75 93 36 42 cost 0.001611139
365 406 112 131 15 21 cost 0.0015964525
488 508 187 196 39 42 cost 0.0015769926
406 447 56 75 47 52 cost 0.0015766803
488 508 187 196 47 49 cost 0.0015682905
488 508 187 196 52 54 cost 0.0015612301
447 488 37 56 31 36 cost 0.0015589553
406 447 56 75 42 47 cost 0.0015540026
406 447 112 131 10 15 cost 0.0015502001
548 569 187 196 26 28 cost 0.0015481154
121 162 168 187 31 36 cost 0.0015454149
101 121 168 177 49 52 cost 0.0015412072
121 162 112 131 0 5 cost 0.0015312095
528 569 150 168 78 84 cost 0.0015285451
0 81 187 225 0 10 cost 0.0014990375
548 569 187 196 18 21 cost 0.0014933013
345 365 112 121 39 42 cost 0.0014880841
569 610 244 263 47 52 cost 0.001483661
81 121 112 131 26 31 cost 0.0014832923
488 508 187 196 36 39 cost 0.0014820485
528 548 215 225 44 47 cost 0.0014764435
528 548 215 225 54 57 cost 0.0014602988
345 365 121 131 39 42 cost 0.0014590923
325 406 37 75 21 31 cost 0.0014562395
548 569 187 196 81 84 cost 0.0014462757
528 548 215 225 47 49 cost 0.0014429406
406 447 75 93 57 63 cost 0.0014400251
325 406 263 301 10 21 cost 0.0014258776
365 406 75 93 42 47 cost 0.0014227518
589 610 206 215 49 52 cost 0.0014194094
528 548 206 215 81 84 cost 0.0014030738
202 243 112 131 52 57 cost 0.0013896877
528 548 215 225 28 31 cost 0.0013877632
569 610 244 263 52 57 cost 0.0013665234
528 548 215 225 60 63 cost 0.001361227
406 447 56 75 36 42 cost 0.0013612113
365 406 93 112 0 5 cost 0.0013548815
569 610 187 206 21 26 cost 0.0013537232
345 365 112 121 36 39 cost 0.0013486461
406 447 244 263 68 73 cost 0.0013352576
406 447 56 75 52 57 cost 0.0013330223
365 406 131 150 10 15 cost 0.0013272626
345 365 121 131 36 39 cost 0.0013247578
121 162 168 187 26 31 cost 0.0013080803
81 121 112 131 78 84 cost 0.0013077986
202 243 131 150 52 57 cost 0.0012890598
101 121 168 177 54 57 cost 0.0012829953
548 569 187 196 21 23 cost 0.001280422
345 365 121 131 44 47 cost 0.0012687289
528 548 215 225 31 33 cost 0.0012651456
528 548 215 225 57 60 cost 0.0012641604
81 121 112 131 15 21 cost 0.0012601022
406 447 244 263 73 78 cost 0.001254487
548 569 187 196 15 18 cost 0.0012497147
121 162 168 187 63 68 cost 0.0012440138
569 610 244 263 42 47 cost 0.0012409788
406 447 244 263 26 31 cost 0.0012353909
569 610 244 263 36 42 cost 0.0012338076
345 365 112 121 33 36 cost 0.0012336206
488 508 187 196 42 44 cost 0.0012315498
528 548 215 225 75 78 cost 0.0012227666
589 610 206 215 47 49 cost 0.0012209226
345 365 121 131 33 36 cost 0.0012150055
101 121 168 177 47 49 cost 0.0012046655
447 467 75 84 44 47 cost 0.0011993615
528 569 131 150 57 63 cost 0.0011984038
528 548 215 225 65 68 cost 0.0011975765
202 243 112 131 26 31 cost 0.0011945266
528 548 215 225 42 44 cost 0.001190563
447 467 75 84 49 52 cost 0.0011896087
40 81 150 168 68 73 cost 0.0011830007
81 121 112 131 21 26 cost 0.0011796133
528 548 215 225 78 81 cost 0.001179608
365 406 75 93 57 63 cost 0.0011775186
406 488 263 301 73 84 cost 0.0011727976
528 569 131 150 52 57 cost 0.0011600933
365 406 112 131 10 15 cost 0.0011504675
345 365 121 131 42 44 cost 0.001146265
243 284 93 112 47 52 cost 0.0011424712
345 365 112 121 44 47 cost 0.0011422279
569 610 244 263 57 63 cost 0.0011413405
406 488 263 301 10 21 cost 0.0011374266
528 569 131 150 47 52 cost 0.0011357025
447 488 244 263 57 63 cost 0.001124675
81 101 140 150 54 57 cost 0.0011242259
101 121 168 177 52 54 cost 0.0011201733
345 365 112 121 42 44 cost 0.0011158345
81 121 112 131 10 15 cost 0.0011148454
243 284 75 93 36 42 cost 0.0011099991
345 365 121 131 49 52 cost 0.0011070822
447 467 75 84 39 42 cost 0.0010748709
365 406 75 93 36 42 cost 0.0010730414
528 548 215 225 63 65 cost 0.0010671021
121 162 168 187 15 21 cost 0.0010646657
81 121 112 131 5 10 cost 0.0010625231
589 610 206 215 52 54 cost 0.0010620075
589 610 206 215 44 47 cost 0.0010586758
243 284 75 93 42 47 cost 0.0010537767
406 447 56 75 57 63 cost 0.0010505783
202 243 131 150 31 36 cost 0.0010455563
447 467 84 93 49 52 cost 0.0010380777
121 162 168 187 21 26 cost 0.0010306467
447 467 84 93 44 47 cost 0.0010301744
406 447 37 56 47 52 cost 0.0010247432
345 365 121 131 47 49 cost 0.0010234974
528 569 131 150 36 42 cost 0.0010135628
447 467 75 84 47 49 cost 0.0010060486
528 569 150 168 10 15 cost 0.0010005317
406 447 244 263 21 26 cost 0.0009995888
345 365 112 121 49 52 cost 0.000997019
528 569 131 150 42 47 cost 0.000993136
81 101 140 150 49 52 cost 0.0009931094
202 243 131 150 57 63 cost 0.0009928854
101 121 168 177 57 60 cost 0.000990154
589 610 206 215 39 42 cost 0.0009887074
121 162 168 187 68 73 cost 0.0009710273
406 447 37 56 42 47 cost 0.000963675
447 467 75 84 54 57 cost 0.0009595861
406 447 75 93 31 36 cost 0.0009572889
447 488 244 263 52 57 cost 0.0009507806
528 548 215 225 70 73 cost 0.0009475275
81 101 140 150 57 60 cost 0.0009468684
447 467 75 84 36 39 cost 0.0009458146
406 447 75 93 63 68 cost 0.0009334379
447 467 75 84 42 44 cost 0.0009234565
528 548 215 225 26 28 cost 0.000918942
243 284 93 112 31 36 cost 0.0009167367
589 610 206 215 36 39 cost 0.0009156384
447 488 244 263 63 68 cost 0.0009128945
121 162 168 187 73 78 cost 0.0009071689
447 467 75 84 52 54 cost 0.0009038014
345 365 112 121 47 49 cost 0.0008968155
528 548 215 225 73 75 cost 0.0008958681
406 447 244 263 78 84 cost 0.0008946591
406 447 37 56 52 57 cost 0.0008905193
447 467 84 93 47 49 cost 0.0008849905
81 101 140 150 52 54 cost 0.0008844306
447 488 244 263 36 42 cost 0.000878205
447 467 84 93 39 42 cost 0.0008653395
345 365 112 121 31 33 cost 0.0008645019
325 406 263 301 0 10 cost 0.0008620196
162 243 75 112 52 63 cost 0.0008584567
243 284 75 93 47 52 cost 0.0008539542
406 447 56 75 31 36 cost 0.0008500707
447 488 244 263 47 52 cost 0.0008449852
365 406 75 93 63 68 cost 0.0008385483
447 488 244 263 31 36 cost 0.0008340251
345 365 121 131 31 33 cost 0.000830648
202 243 112 131 21 26 cost 0.0008289628
121 162 168 187 10 15 cost 0.0008223211
345 365 131 140 39 42 cost 0.0008174987
406 488 263 301 0 10 cost 0.0008121338
202 243 112 131 57 63 cost 0.0008116832
569 610 244 263 31 36 cost 0.0008050282
0 81 112 150 52 63 cost 0.0008027782
121 162 168 187 78 84 cost 0.000799978
406 447 37 56 36 42 cost 0.000782562
589 610 206 215 42 44 cost 0.0007721179
447 467 84 93 42 44 cost 0.0007696362
447 467 84 93 54 57 cost 0.0007678366
447 467 84 93 52 54 cost 0.000765075
406 447 75 93 26 31 cost 0.000763427
528 548 215 225 68 70 cost 0.0007561297
202 243 131 150 26 31 cost 0.0007548772
81 101 140 150 60 63 cost 0.0007544371
101 121 168 177 60 63 cost 0.0007529571
284 325 206 225 47 52 cost 0.000752251
447 467 84 93 36 39 cost 0.0007496161
141 162 140 150 49 52 cost 0.0007485741
345 365 131 140 36 39 cost 0.0007092327
589 610 206 215 54 57 cost 0.0007054768
162 243 75 112 21 31 cost 0.0006968567
101 121 177 187 49 52 cost 0.0006922799
141 162 131 140 49 52 cost 0.0006906304
345 365 140 150 39 42 cost 0.000690589
528 548 215 225 81 84 cost 0.0006770748
243 284 75 93 31 36 cost 0.0006754376
81 101 140 150 47 49 cost 0.0006653399
101 121 177 187 54 57 cost 0.0006641586
284 325 206 225 42 47 cost 0.000663691
528 569 131 150 31 36 cost 0.0006613005
141 162 140 150 44 47 cost 0.0006598343
406 447 37 56 57 63 cost 0.000658052
447 488 244 263 42 47 cost 0.0006529275
447 488 244 263 68 73 cost 0.0006484609
141 162 131 140 54 57 cost 0.0006426119
243 284 93 112 52 57 cost 0.0006420271
406 447 75 93 68 73 cost 0.000642023
141 162 140 150 47 49 cost 0.0006415345
202 243 131 150 21 26 cost 0.0006321808
81 121 112 131 0 5 cost 0.0006091192
141 162 140 150 54 57 cost 0.0006049341
365 406 75 93 31 36 cost 0.0006027149
447 488 244 263 26 31 cost 0.0005989694
81 101 140 150 44 47 cost 0.0005979399
406 447 37 56 31 36 cost 0.000587781
141 162 131 140 57 60 cost 0.000587479
101 121 177 187 52 54 cost 0.0005812752
101 121 177 187 57 60 cost 0.0005776987
141 162 131 140 52 54 cost 0.0005761138
0 81 112 150 42 52 cost 0.0005752502
141 162 131 140 60 63 cost 0.0005695867
141 162 140 150 52 54 cost 0.0005680533
284 304 102 112 39 42 cost 0.0005577579
141 162 140 150 57 60 cost 0.0005540014
345 365 140 150 36 39 cost 0.000550327
243 284 75 93 52 57 cost 0.0005463285
101 121 177 187 47 49 cost 0.0005321546
406 447 75 93 21 26 cost 0.0005237403
141 162 131 140 47 49 cost 0.000522197
141 162 131 140 44 47 cost 0.0005218497
447 488 244 263 73 78 cost 0.0005207066
141 162 140 150 60 63 cost 0.0005068927
365 406 75 93 68 73 cost 0.0005037964
365 406 75 93 15 21 cost 0.0004973381
101 121 177 187 60 63 cost 0.0004972366
284 304 102 112 44 47 cost 0.0004865677
365 406 75 93 73 78 cost 0.0004837629
284 304 102 112 42 44 cost 0.0004826588
162 243 75 112 63 73 cost 0.0004726129
141 162 140 150 39 42 cost 0.0004694515
141 162 140 150 42 44 cost 0.0004572093
284 304 93 102 39 42 cost 0.000452324
162 243 75 112 10 21 cost 0.0004472846
447 488 244 263 21 26 cost 0.0004425193
365 406 75 93 26 31 cost 0.0004382897
284 304 93 102 44 47 cost 0.0004366497
243 284 93 112 57 63 cost 0.0004322941
284 304 102 112 36 39 cost 0.0004313252
0 81 112 150 63 73 cost 0.000423587
81 101 131 140 54 57 cost 0.0004207394
81 101 140 150 65 68 cost 0.0004191849
81 101 140 150 63 65 cost 0.0004143777
365 406 75 93 21 26 cost 0.0004037567
365 406 75 93 78 84 cost 0.0004033774
610 651 244 263 47 52 cost 0.0004032987
284 304 93 102 42 44 cost 0.0004010176
141 162 131 140 63 65 cost 0.0003985793
141 162 140 150 36 39 cost 0.0003956331
162 243 75 112 73 84 cost 0.0003944284
0 81 112 150 31 42 cost 0.0003917674
610 651 244 263 52 57 cost 0.000382774
141 162 131 140 65 68 cost 0.0003827374
81 101 131 140 49 52 cost 0.0003805687
141 162 131 140 39 42 cost 0.0003788758
81 101 140 150 42 44 cost 0.000376275
81 101 140 150 39 42 cost 0.0003748822
141 162 131 140 42 44 cost 0.0003701079
81 101 131 140 57 60 cost 0.0003695394
284 304 93 102 36 39 cost 0.0003413098
141 162 140 150 65 68 cost 0.0003381689
365 406 75 93 10 15 cost 0.0003345752
141 162 140 150 63 65 cost 0.0003321112
447 488 244 263 78 84 cost 0.0003319801
81 101 140 150 36 39 cost 0.0003296624
81 101 131 140 60 63 cost 0.0003277829
81 101 131 140 52 54 cost 0.0003251019
569 651 263 301 52 63 cost 0.0003124616
141 162 131 140 36 39 cost 0.0003034252
610 651 244 263 31 36 cost 0.0002999007
610 651 244 263 36 42 cost 0.000284858
243 284 75 93 57 63 cost 0.0002785067
0 81 112 150 10 21 cost 0.0002782239
0 81 112 150 21 31 cost 0.0002768975
610 651 244 263 57 63 cost 0.0002734846
508 528 56 65 44 47 cost 0.0002716904
569 651 263 301 31 42 cost 0.0002689085
81 101 131 140 44 47 cost 0.0002660126
569 651 263 301 42 52 cost 0.0002651449
0 81 112 150 73 84 cost 0.0002645917
610 651 225 244 47 52 cost 0.0002633747
81 101 131 140 47 49 cost 0.0002630321
508 528 56 65 39 42 cost 0.0002519853
365 406 75 93 5 10 cost 0.0002491889
508 528 56 65 49 52 cost 0.0002422673
610 651 225 244 52 57 cost 0.0002332668
610 651 244 263 42 47 cost 0.0002320202
508 528 56 65 42 44 cost 0.0002194872
81 101 131 140 65 68 cost 0.000217404
162 243 75 112 0 10 cost 0.000217214
508 528 65 75 44 47 cost 0.0002167281
508 528 56 65 47 49 cost 0.0002134826
508 528 56 65 36 39 cost 0.0002095257
81 101 131 140 63 65 cost 0.0002044412
508 528 65 75 39 42 cost 0.0002013832
508 528 65 75 49 52 cost 0.0001982956
81 101 131 140 39 42 cost 0.0001922095
406 488 0 37 42 52 cost 0.0001863684
81 101 131 140 42 44 cost 0.0001853241
508 528 65 75 42 44 cost 0.000171858
508 528 65 75 47 49 cost 0.0001716226
610 651 225 244 57 63 cost 0.000167949
508 528 65 75 36 39 cost 0.0001679026
610 651 225 244 31 36 cost 0.0001616672
81 101 131 140 36 39 cost 0.0001583072
365 406 75 93 0 5 cost 0.0001535151
569 651 263 301 63 73 cost 0.0001493388
610 651 225 244 36 42 cost 0.0001489085
0 81 112 150 0 10 cost 0.0001468601
406 488 0 37 52 63 cost 0.0001397587
610 651 225 244 42 47 cost 0.0001364854
406 488 0 37 31 42 cost 0.000125373
569 651 263 301 21 31 cost 0.0001250016
569 651 263 301 0 10 cost 0.0001157726
569 651 263 301 73 84 cost 0.0001005703
569 651 263 301 10 21 cost 6.4811e-05
406 488 0 37 21 31 cost 5.45271e-05
81 162 75 112 42 52 cost 5.42455e-05
81 162 75 112 31 42 cost 5.22366e-05
488 569 0 37 42 52 cost 4.26928e-05
488 569 0 37 52 63 cost 3.11577e-05
81 162 75 112 52 63 cost 2.86503e-05
488 569 0 37 31 42 cost 2.86334e-05
528 569 112 131 57 63 cost 2.79631e-05
528 569 112 131 36 42 cost 2.75395e-05
528 569 112 131 52 57 cost 2.55793e-05
528 569 112 131 42 47 cost 2.55351e-05
569 651 0 37 52 63 cost 2.4241e-05
528 569 112 131 47 52 cost 2.22295e-05
488 569 263 301 42 52 cost 1.96603e-05
81 162 75 112 21 31 cost 1.77064e-05
81 162 75 112 10 21 cost 1.73811e-05
0 162 0 75 42 63 cost 1.21205e-05
0 162 0 75 63 84 cost 1.21205e-05
488 569 0 37 63 73 cost 1.18187e-05
528 569 112 131 31 36 cost 1.15676e-05
569 651 150 187 63 73 cost 1.13163e-05
0 162 0 75 0 21 cost 1.1145e-05
610 651 206 225 47 52 cost 1.03331e-05
569 651 150 187 42 52 cost 1.00738e-05
569 651 75 112 52 63 cost 9.194e-06
610 651 206 225 52 57 cost 8.3335e-06
569 651 75 112 42 52 cost 8.2185e-06
0 40 225 244 57 63 cost 8.1714e-06
488 569 263 301 31 42 cost 7.9391e-06
610 651 206 225 73 78 cost 7.5878e-06
0 81 75 112 21 31 cost 7.5173e-06
488 569 263 301 52 63 cost 6.9862e-06
488 569 0 37 21 31 cost 6.8478e-06
610 651 206 225 57 63 cost 6.4986e-06
610 651 206 225 68 73 cost 6.4892e-06
610 651 206 225 63 68 cost 6.4711e-06
610 651 206 225 42 47 cost 6.1848e-06
0 162 0 75 21 42 cost 5.7911e-06
488 569 0 37 73 84 cost 5.387e-06
610 651 206 225 36 42 cost 5.2752e-06
569 651 112 150 42 52 cost 5.2157e-06
81 162 75 112 0 10 cost 4.6175e-06
0 40 225 244 52 57 cost 4.5919e-06
528 569 75 93 47 52 cost 4.1801e-06
81 162 75 112 73 84 cost 4.1324e-06
610 651 206 225 78 84 cost 3.8613e-06
569 651 150 187 52 63 cost 3.6471e-06
528 569 56 75 52 57 cost 3.4075e-06
610 651 206 225 31 36 cost 3.0719e-06
569 651 150 187 31 42 cost 2.9509e-06
610 651 206 225 26 31 cost 2.3251e-06
81 162 75 112 63 73 cost 2.2842e-06
528 569 56 75 47 52 cost 2.0927e-06
528 569 56 75 57 63 cost 2.0927e-06
0 40 150 168 52 57 cost 1.4065e-06
0 40 168 187 52 57 cost 1.0615e-06
488 569 263 301 21 31 cost 1.0382e-06
610 651 206 225 21 26 cost 9.987e-07
0 40 150 168 47 52 cost 9.946e-07
0 40 244 263 57 63 cost 8.886e-07
488 569 263 301 10 21 cost 8.712e-07
569 651 150 187 10 21 cost 8.69e-07
569 651 150 187 21 31 cost 8.401e-07
0 40 168 187 47 52 cost 7.486e-07
569 651 150 187 73 84 cost 6.865e-07
569 651 150 187 0 10 cost 5.798e-07
0 40 244 263 52 57 cost 4.881e-07
610 651 187 206 68 73 cost 2.954e-07
488 569 263 301 63 73 cost 1.757e-07
610 651 187 206 73 78 cost 1.501e-07
610 651 187 206 63 68 cost 1.434e-07
488 569 263 301 0 10 cost 1.193e-07
610 651 187 206 26 31 cost 1.044e-07
610 651 187 206 21 26 cost 9.03e-08
610 651 187 206 36 42 cost 8.36e-08
610 651 187 206 57 63 cost 7.17e-08
610 651 187 206 31 36 cost 7.17e-08
569 651 112 150 21 31 cost 0
0 40 263 282 63 68 cost 0
0 40 244 263 42 47 cost 0
569 651 112 150 52 63 cost 0
569 651 37 75 21 31 cost 0
610 651 187 206 52 57 cost 0
569 651 75 112 31 42 cost 0
528 569 56 75 36 42 cost 0
528 569 37 56 57 63 cost 0
325 406 0 37 21 31 cost 0
528 569 37 56 42 47 cost 0
0 40 282 301 63 68 cost 0
569 651 0 37 63 73 cost 0
569 651 112 150 63 73 cost 0
0 40 150 168 63 68 cost 0
0 40 244 263 47 52 cost 0
569 651 112 150 73 84 cost 0
528 569 56 75 42 47 cost 0
610 651 187 206 47 52 cost 0
528 569 93 112 42 47 cost 0
569 651 37 75 42 52 cost 0
569 651 0 37 31 42 cost 0
0 40 282 301 52 57 cost 0
0 40 168 187 42 47 cost 0
528 569 37 56 31 36 cost 0
0 40 168 187 68 73 cost 0
528 569 37 56 47 52 cost 0
0 40 150 168 42 47 cost 0
0 81 75 112 10 21 cost 0
528 569 93 112 47 52 cost 0
569 651 37 75 31 42 cost 0
569 651 75 112 63 73 cost 0
569 651 37 75 52 63 cost 0
0 40 150 168 57 63 cost 0
569 651 0 37 21 31 cost 0
528 569 75 93 42 47 cost 0
0 81 75 112 63 73 cost 0
610 651 187 206 42 47 cost 0
0 81 75 112 73 84 cost 0
528 569 56 75 31 36 cost 0
569 651 112 150 31 42 cost 0
0 40 225 244 42 47 cost 0
0 40 263 282 57 63 cost 0
528 569 37 56 36 42 cost 0
0 40 168 187 63 68 cost 0
325 406 0 37 52 63 cost 0
569 651 0 37 42 52 cost 0
0 40 282 301 68 73 cost 0
569 651 37 75 63 73 cost 0
569 651 0 37 73 84 cost 0
0 40 263 282 68 73 cost 0
0 40 282 301 57 63 cost 0
569 651 37 75 73 84 cost 0
488 569 263 301 73 84 cost 0
569 651 75 112 73 84 cost 0
0 40 263 282 52 57 cost 0
0 40 168 187 57 63 cost 0
325 406 0 37 42 52 cost 0
0 81 75 112 42 52 cost 0
0 81 75 112 31 42 cost 0
0 81 75 112 52 63 cost 0
610 651 187 206 78 84 cost 0
0 40 150 168 68 73 cost 0
0 81 75 112 0 10 cost 0
325 406 0 37 31 42 cost 0
569 651 75 112 21 31 cost 0
528 569 37 56 52 57 cost 0
0 40 225 244 47 52 cost 0
partitioning time: 307.811329 seconds
