hostname : cph-c77.uncc.edu
bounding: [1053872.965;1068485.726]x[860186.8419;879395.9741]x[3;730]
read 11056 observations
res: 50 50 1 bw: 2500 2500 1
box size: 294 x 386 x 728
nbparts: 256
solution: 0.0293929691 in 260 boxes.
naive: 2.038316503 speedup:69.34707738
sumload:2.06191405 overhead:1.011576979
147 183 193 241 91 182 cost 0.0293929691
73 110 96 144 0 91 cost 0.0270341776
147 220 193 289 546 728 cost 0.0263944988
183 220 193 241 91 182 cost 0.0261835326
220 294 96 193 182 364 cost 0.0258684243
183 220 144 193 0 91 cost 0.0258384044
110 147 144 193 91 182 cost 0.0254214398
220 257 193 241 0 91 cost 0.0254021877
110 147 193 241 91 182 cost 0.0252239948
73 110 193 241 0 91 cost 0.0249626319
183 220 289 337 0 91 cost 0.0246718568
220 257 241 289 0 91 cost 0.024373966
147 183 144 193 91 182 cost 0.0241847016
220 294 289 386 182 364 cost 0.022724209
147 183 96 144 0 91 cost 0.0224016653
147 220 96 193 364 546 cost 0.0219730381
110 147 241 289 0 91 cost 0.0217075876
147 183 241 289 91 182 cost 0.0216571635
183 220 241 289 91 182 cost 0.0216150734
220 294 193 289 364 546 cost 0.0197448477
183 220 144 193 91 182 cost 0.0193788833
220 257 193 241 91 182 cost 0.0190267705
220 257 289 337 0 91 cost 0.0189281549
110 147 96 144 91 182 cost 0.0188886381
73 147 96 193 364 546 cost 0.0186409388
73 147 193 289 364 546 cost 0.0186078151
147 183 289 337 0 91 cost 0.0185784631
73 110 144 193 91 182 cost 0.0180879678
147 183 193 241 182 273 cost 0.0177470647
147 220 96 193 546 728 cost 0.0176667986
183 220 193 241 182 273 cost 0.0168876635
147 220 0 96 0 182 cost 0.0167755341
110 147 241 289 91 182 cost 0.0165973373
73 110 193 241 91 182 cost 0.01616865
220 257 241 289 91 182 cost 0.0160652911
220 257 144 193 0 91 cost 0.016051154
36 73 144 193 0 91 cost 0.0156465289
73 147 96 193 546 728 cost 0.015438988
147 183 144 193 182 273 cost 0.0150099993
110 147 48 96 0 91 cost 0.0149383319
73 147 193 289 546 728 cost 0.0147859918
73 110 96 144 91 182 cost 0.0146688196
73 110 241 289 0 91 cost 0.0143935819
220 294 193 289 546 728 cost 0.0142675375
183 220 337 386 0 91 cost 0.0138579186
110 147 193 241 182 273 cost 0.0136831011
36 73 96 144 0 91 cost 0.013678031
183 220 289 337 91 182 cost 0.0136441861
183 220 144 193 182 273 cost 0.0135324096
110 147 144 193 182 273 cost 0.0129535127
73 110 48 96 0 91 cost 0.0129119461
147 183 241 289 182 273 cost 0.0128985583
183 220 241 289 182 273 cost 0.0127187947
147 183 96 144 91 182 cost 0.0125809435
220 257 144 193 91 182 cost 0.012529535
220 257 193 241 182 273 cost 0.0125187652
257 294 193 241 0 91 cost 0.0122778682
147 220 289 386 364 546 cost 0.0121748861
0 73 0 96 0 182 cost 0.011756433
183 220 96 144 0 91 cost 0.0116640561
147 220 289 386 546 728 cost 0.0116509521
36 73 193 241 0 91 cost 0.0115580996
73 147 289 386 182 364 cost 0.0113315052
257 294 241 289 0 91 cost 0.0111154894
220 257 337 386 0 91 cost 0.0111003965
0 73 96 193 182 364 cost 0.0109540614
147 183 289 337 91 182 cost 0.0109294771
110 147 289 337 0 91 cost 0.0105583097
220 257 289 337 91 182 cost 0.0102100247
73 147 0 96 182 364 cost 0.0101240722
257 294 193 241 91 182 cost 0.0098778971
73 110 241 289 91 182 cost 0.0098747775
0 73 193 289 182 364 cost 0.009818373
110 147 241 289 182 273 cost 0.0097861526
36 73 144 193 91 182 cost 0.0095942101
147 183 193 241 273 364 cost 0.0095488585
220 257 241 289 182 273 cost 0.0094094431
183 220 193 241 273 364 cost 0.0093765116
220 294 289 386 364 546 cost 0.0091015587
147 183 337 386 0 91 cost 0.0087767801
220 294 96 193 364 546 cost 0.008584455
36 73 96 144 91 182 cost 0.0084997308
110 147 48 96 91 182 cost 0.0084808815
110 147 96 144 182 273 cost 0.0084505599
257 294 241 289 91 182 cost 0.0084173331
220 294 289 386 546 728 cost 0.0082731022
257 294 289 337 0 91 cost 0.0082277791
183 220 96 144 91 182 cost 0.008059015
183 220 289 337 182 273 cost 0.0080488021
73 110 193 241 182 273 cost 0.007884918
73 110 144 193 182 273 cost 0.0078073501
257 294 144 193 0 91 cost 0.0077024715
147 183 144 193 273 364 cost 0.0076725756
183 220 241 289 273 364 cost 0.0074574173
220 257 193 241 273 364 cost 0.0073249955
110 147 193 241 273 364 cost 0.0071880537
128 147 168 193 45 91 cost 0.0071827687
183 220 337 386 91 182 cost 0.0070755582
0 73 289 386 0 182 cost 0.0070462802
110 147 144 193 273 364 cost 0.0069848137
110 147 289 337 91 182 cost 0.0069770054
73 110 48 96 91 182 cost 0.0069316028
147 183 241 289 273 364 cost 0.0069104909
128 147 144 168 45 91 cost 0.0068902821
220 294 96 193 546 728 cost 0.0068070099
36 73 193 241 91 182 cost 0.0068058758
147 183 96 144 182 273 cost 0.0068048756
147 165 168 193 45 91 cost 0.0066555896
183 220 144 193 273 364 cost 0.0066440426
110 128 144 168 45 91 cost 0.0066094837
147 165 193 217 45 91 cost 0.0065288205
110 128 168 193 45 91 cost 0.0064974779
165 183 193 217 45 91 cost 0.0064668663
128 147 193 217 45 91 cost 0.0064181297
165 183 168 193 45 91 cost 0.006254377
128 147 120 144 45 91 cost 0.0061945834
36 73 241 289 0 91 cost 0.006192505
147 183 289 337 182 273 cost 0.0061899849
257 294 193 241 182 273 cost 0.006117111
91 110 144 168 45 91 cost 0.0060898637
73 110 96 144 182 273 cost 0.0060605533
257 294 144 193 91 182 cost 0.0059773079
183 220 193 241 364 455 cost 0.005928785
165 183 217 241 45 91 cost 0.0059088514
110 128 120 144 45 91 cost 0.0058758411
73 110 241 289 182 273 cost 0.0058625298
220 257 241 289 273 364 cost 0.0057749786
91 110 168 193 45 91 cost 0.0057591808
147 165 144 168 45 91 cost 0.0057589695
147 165 217 241 45 91 cost 0.0057442627
147 183 193 241 364 455 cost 0.0057317658
73 110 289 337 0 91 cost 0.0055862735
110 128 193 217 45 91 cost 0.0055753636
183 201 193 217 45 91 cost 0.0055628248
220 257 337 386 91 182 cost 0.0055354436
128 147 217 241 45 91 cost 0.0054206246
183 201 217 241 45 91 cost 0.0053399278
201 220 193 217 45 91 cost 0.0051425317
201 220 217 241 45 91 cost 0.0051223663
165 183 241 265 45 91 cost 0.0051032768
165 183 144 168 45 91 cost 0.0050320643
201 220 241 265 45 91 cost 0.0049903285
257 294 289 337 91 182 cost 0.0049715083
183 201 241 265 45 91 cost 0.0049438069
201 220 265 289 45 91 cost 0.0048214388
110 147 241 289 273 364 cost 0.0048079595
147 165 241 265 45 91 cost 0.0048005251
110 128 217 241 45 91 cost 0.004779404
257 294 241 289 182 273 cost 0.0046834792
183 220 289 337 273 364 cost 0.0046443959
73 110 144 193 273 364 cost 0.0046340037
183 201 265 289 45 91 cost 0.0046202621
183 220 96 144 182 273 cost 0.00461427
147 183 337 386 91 182 cost 0.0046023135
128 147 96 120 45 91 cost 0.0045538242
73 91 144 168 45 91 cost 0.0045135494
165 183 265 289 45 91 cost 0.0044902717
110 128 96 120 45 91 cost 0.0044596783
110 147 96 144 273 364 cost 0.0043811581
257 294 337 386 0 91 cost 0.0043602918
73 110 193 241 273 364 cost 0.0043379749
220 257 96 144 0 91 cost 0.0043105076
183 220 241 289 364 455 cost 0.0042188121
128 147 168 193 0 45 cost 0.0041267886
128 147 144 168 0 45 cost 0.0041121571
73 91 168 193 45 91 cost 0.0040865158
147 165 168 193 0 45 cost 0.0040095244
73 147 289 386 364 546 cost 0.0039856867
165 183 193 217 0 45 cost 0.0039834393
183 220 337 386 182 273 cost 0.003979738
147 165 193 217 0 45 cost 0.0039628159
147 165 265 289 45 91 cost 0.00394405
128 147 120 144 0 45 cost 0.0039037814
147 220 0 96 182 364 cost 0.0038923762
147 183 241 289 364 455 cost 0.0038483233
165 183 168 193 0 45 cost 0.0038444291
110 128 144 168 0 45 cost 0.0038118306
257 294 193 241 273 364 cost 0.0038107306
165 183 217 241 0 45 cost 0.0038095441
128 147 193 217 0 45 cost 0.0037192656
147 165 217 241 0 45 cost 0.0036999497
0 73 96 193 546 728 cost 0.0036992896
73 110 289 337 91 182 cost 0.0036651232
110 128 120 144 0 45 cost 0.0036608122
110 128 168 193 0 45 cost 0.0036136635
147 183 193 241 455 546 cost 0.0036001131
110 147 337 386 0 91 cost 0.0035948624
36 73 241 289 91 182 cost 0.0035618294
147 165 144 168 0 45 cost 0.0035459114
183 220 193 241 455 546 cost 0.0035451846
183 201 193 217 0 45 cost 0.0035100782
147 183 96 144 273 364 cost 0.0035091888
91 110 144 168 0 45 cost 0.0035031954
147 183 289 337 273 364 cost 0.0034782532
183 201 217 241 0 45 cost 0.0034691534
0 73 96 193 364 546 cost 0.0034632404
128 147 217 241 0 45 cost 0.0034539611
165 183 241 265 0 45 cost 0.0033335611
201 220 217 241 0 45 cost 0.003333518
220 257 96 144 91 182 cost 0.0033191498
201 220 265 289 0 45 cost 0.0032885969
183 201 241 265 0 45 cost 0.0032785966
201 220 241 265 0 45 cost 0.0032634997
201 220 193 217 0 45 cost 0.0031973771
183 201 265 289 0 45 cost 0.0031892385
91 110 168 193 0 45 cost 0.0031821243
73 147 289 386 546 728 cost 0.0031611951
110 128 193 217 0 45 cost 0.0031518152
165 183 144 168 0 45 cost 0.003117714
147 165 241 265 0 45 cost 0.0031143368
73 110 96 144 273 364 cost 0.0030650899
128 147 96 120 0 45 cost 0.0030579205
73 147 0 96 364 546 cost 0.0030312485
165 183 265 289 0 45 cost 0.0030265909
110 128 217 241 0 45 cost 0.0030251549
110 128 96 120 0 45 cost 0.0029802137
257 294 241 289 273 364 cost 0.0029517309
73 110 241 289 273 364 cost 0.0027814014
73 147 0 96 546 728 cost 0.0027671342
147 165 265 289 0 45 cost 0.0026184374
73 91 144 168 0 45 cost 0.0025852852
0 36 193 241 0 91 cost 0.002572105
0 36 241 289 0 91 cost 0.0024857989
0 73 193 289 364 546 cost 0.002478804
183 220 241 289 455 546 cost 0.0024690189
147 183 241 289 455 546 cost 0.0023927871
257 294 337 386 91 182 cost 0.0023723461
0 73 0 96 182 364 cost 0.0022990569
0 73 193 289 546 728 cost 0.0022914637
0 73 289 386 182 364 cost 0.0022736089
183 220 96 144 273 364 cost 0.0022430278
183 220 337 386 273 364 cost 0.002225592
147 183 337 386 182 273 cost 0.0022198316
73 91 168 193 0 45 cost 0.0022035822
110 147 337 386 91 182 cost 0.0020724622
0 36 144 193 0 91 cost 0.0018052256
110 147 0 48 0 91 cost 0.0017724242
0 36 241 289 91 182 cost 0.0015160202
0 36 193 241 91 182 cost 0.0015080421
73 110 0 48 0 91 cost 0.0014792947
147 220 0 96 364 546 cost 0.0014045097
147 220 0 96 546 728 cost 0.0013967854
147 183 337 386 273 364 cost 0.0013769416
257 294 96 144 0 91 cost 0.0012769926
0 36 144 193 91 182 cost 0.0011425205
257 294 96 144 91 182 cost 0.0010140471
110 147 0 48 91 182 cost 0.0008070437
0 73 0 96 364 546 cost 0.0007666934
0 73 0 96 546 728 cost 0.0007378711
73 110 337 386 0 91 cost 0.0006571202
73 110 0 48 91 182 cost 0.0005934711
0 73 289 386 364 546 cost 0.0004478568
0 36 96 144 0 91 cost 0.0004439938
73 110 337 386 91 182 cost 0.0004401688
0 36 96 144 91 182 cost 0.0003012342
0 73 289 386 546 728 cost 0.0002662507
220 294 0 96 0 182 cost 8.5288e-05
220 294 0 96 546 728 cost 2.76133e-05
220 294 0 96 182 364 cost 1.53239e-05
220 294 0 96 364 546 cost 6.6e-06
partitioning time: 0.755450 seconds
