hostname : cph-c12.uncc.edu
bounding: [1053872.965;1068485.726]x[860186.8419;879395.9741]x[3;730]
read 11056 observations
res: 50 50 1 bw: 100 100 1
box size: 294 x 386 x 728
nbparts: 16
max states: 1347696
mem: 0.120493412 GB (this is an order of magnitude)
263440 states processed
solution: 0.0006453126 in 16 boxes.
naive: 0.0053159259 speedup:8.237753145
sumload:0.0053339514 overhead:1.003390849
192 294 256 386 0 384 cost 0.0006453126
192 256 0 256 0 320 cost 0.0006432457
0 128 128 256 0 192 cost 0.0006176633
0 192 256 386 0 384 cost 0.00060069
0 192 0 256 256 728 cost 0.0005831773
128 192 192 256 0 256 cost 0.0005458688
0 192 0 128 0 256 cost 0.0004754244
128 192 128 192 0 256 cost 0.0004719666
192 256 0 256 320 728 cost 0.0001943318
0 294 256 386 384 704 cost 0.0001804965
256 294 0 256 0 192 cost 0.0001783734
256 294 0 256 192 728 cost 0.0001156839
0 128 128 256 192 256 cost 7.03129e-05
192 294 256 386 704 728 cost 6.3003e-06
128 192 256 386 704 728 cost 4.1421e-06
0 128 256 386 704 728 cost 9.618e-07
partitioning time: 38.581300 seconds
