hostname : cph-c54.uncc.edu
bounding: [1053872.965;1068485.726]x[860186.8419;879395.9741]x[3;730]
read 11056 observations
res: 100 100 1 bw: 2500 2500 1
box size: 148 x 194 x 728
nbparts: 16
mem: 0.007630348206 GB (this is an order of magnitude)
8805 states processed
solution: 0.0500971373 in 16 boxes.
naive: 0.5210794803 speedup:10.40138236
sumload:0.5219895327 overhead:1.001746475
64 96 128 194 0 728 cost 0.0500971373
96 148 128 160 0 728 cost 0.0468717432
64 96 96 128 0 256 cost 0.0462707062
96 148 96 128 0 256 cost 0.0458008447
96 148 0 96 0 728 cost 0.0441646045
32 64 64 96 0 728 cost 0.0416155693
64 96 64 96 0 256 cost 0.0407741489
32 64 96 128 0 728 cost 0.0354804316
32 64 0 64 0 728 cost 0.0288480533
0 32 0 194 0 728 cost 0.0266860298
96 148 160 194 0 728 cost 0.0253286996
64 96 0 64 0 728 cost 0.0237684395
32 64 128 194 0 728 cost 0.0191649377
96 148 96 128 256 728 cost 0.0183479858
64 96 96 128 256 728 cost 0.0159054323
64 96 64 96 256 728 cost 0.012864769
partitioning time: 2.698468 seconds
