hostname : cph-c35.uncc.edu
bounding: [-130;-65]x[20;50]x[5875;5958]
read 588189 observations
res: 0.01 0.01 1 bw: 0.5 0.5 3
box size: 6501 x 3001 x 84
nbparts: 16
mem: 0.01341676712 GB (this is an order of magnitude)
100796 states processed
solution: 12.29080287 in 16 boxes.
naive: 162.5264313 speedup:13.22341861
sumload:162.5339266 overhead:1.000046117
0 1024 0 3001 0 84 cost 12.29080287
2048 3840 1024 1536 0 84 cost 12.22703088
4608 5376 0 1280 0 84 cost 11.6204498
1024 1280 0 3001 0 84 cost 11.43647639
2048 3840 1536 3001 0 84 cost 11.1894817
4608 5376 1280 1792 0 84 cost 11.07566717
3840 4608 0 1536 0 84 cost 11.00675901
4608 5376 1792 2048 0 84 cost 10.7732205
3840 4608 2048 3001 0 84 cost 10.31970478
1280 2048 0 3001 0 84 cost 9.837279711
3840 4608 1536 2048 0 84 cost 9.721322797
2048 3840 0 1024 0 84 cost 8.889239438
5632 6501 0 3001 0 84 cost 8.659849177
4608 5376 2048 3001 0 84 cost 8.348963123
5376 5632 2048 3001 0 84 cost 7.903273797
5376 5632 0 2048 0 84 cost 7.234405477
partitioning time: 1097.680531 seconds
