hostname : cph-c4.uncc.edu
bounding: [1053872.965;1068485.726]x[860186.8419;879395.9741]x[3;730]
read 11056 observations
res: 50 50 1 bw: 2500 2500 1
box size: 294 x 386 x 728
nbparts: 16
mem: 0.007528781891 GB (this is an order of magnitude)
8805 states processed
solution: 0.1954617355 in 16 boxes.
naive: 2.038316503 speedup:10.42821245
sumload:2.039903595 overhead:1.000778629
128 192 256 386 0 728 cost 0.1954617355
192 294 256 320 0 728 cost 0.182837873
128 192 192 256 0 256 cost 0.1817076844
192 294 192 256 0 256 cost 0.1786495229
192 294 0 192 0 728 cost 0.1713978369
64 128 128 192 0 728 cost 0.1635235721
128 192 128 192 0 256 cost 0.1601869711
64 128 192 256 0 728 cost 0.139021072
64 128 0 128 0 728 cost 0.1134942111
0 64 0 386 0 728 cost 0.1035784492
192 294 320 386 0 728 cost 0.0981092426
128 192 0 128 0 728 cost 0.0927100361
64 128 256 386 0 728 cost 0.0745388887
192 294 192 256 256 728 cost 0.071650194
128 192 192 256 256 728 cost 0.0624818853
128 192 128 192 256 728 cost 0.0505544202
partitioning time: 2.880258 seconds
