hostname : cph-gpu1.uncc.edu
bounding: [-130;-65]x[20;50]x[5875;5958]
read 588189 observations
res: 0.01 0.01 1 bw: 1 1 3
box size: 6501 x 3001 x 84
nbparts: 16
mem: 0.8587703705 GB (this is an order of magnitude)
149039 states processed
solution: 48.63030677 in 16 boxes.
naive: 643.6159509 speedup:13.23487335
sumload:646.011963 overhead:1.003722736
768 1536 0 1536 0 84 cost 48.63030677
4352 5120 1536 2048 0 84 cost 48.52992249
2816 3328 0 3001 0 84 cost 46.13418521
5376 6501 2048 3001 0 64 cost 45.93154914
4352 5120 1024 1536 0 84 cost 45.39867085
3328 4352 0 1280 0 84 cost 45.25878606
3328 4352 1280 2048 0 84 cost 45.17347265
5120 5376 0 3001 0 84 cost 43.64523542
3328 4352 2048 3001 0 84 cost 43.28649091
4352 5120 0 1024 0 84 cost 41.59772041
1536 2816 0 3001 0 84 cost 41.50129432
768 1536 1536 3001 0 84 cost 39.48140758
4352 5120 2048 3001 0 84 cost 38.03206667
5376 6501 0 2048 0 84 cost 36.29355291
0 768 0 3001 0 84 cost 20.63428767
5376 6501 2048 3001 64 84 cost 16.48301395
partitioning time: 1829.503354 seconds
