hostname : cph-bm1.uncc.edu
bounding: [1053872.965;1068485.726]x[860186.8419;879395.9741]x[3;730]
read 11056 observations
res: 50 50 1 bw: 2500 2500 14
box size: 294 x 386 x 728
nbparts: 16
max states: 24695936
mem: 2.207988739 GB (this is an order of magnitude)
847513 states processed
solution: 0.5613185305 in 16 boxes.
naive: 8.268027147 speedup:14.72965295
sumload:8.358750033 overhead:1.010972737
96 294 192 256 0 64 cost 0.5613185305
96 160 192 256 64 448 cost 0.5611599095
0 96 96 192 0 728 cost 0.5603059457
160 294 192 224 64 448 cost 0.5507802538
160 294 256 320 128 728 cost 0.5474272157
160 294 320 386 0 728 cost 0.541535083
160 294 96 192 0 128 cost 0.5404532975
128 160 96 192 0 448 cost 0.5369934081
160 294 256 320 0 128 cost 0.5319433206
96 160 256 386 0 728 cost 0.5213450052
160 294 96 192 128 448 cost 0.521048416
96 128 96 192 0 448 cost 0.504082364
160 294 224 256 64 448 cost 0.5023201908
0 96 192 386 0 728 cost 0.4981361069
96 294 96 256 448 728 cost 0.4640221633
0 294 0 96 0 728 cost 0.4158788225
partitioning time: 143.509104 seconds
