hostname : cph-gpu3.uncc.edu
bounding: [1053872.965;1068485.726]x[860186.8419;879395.9741]x[3;730]
read 11056 observations
res: 100 100 1 bw: 500 500 7
box size: 148 x 194 x 728
nbparts: 64
max load allowed: 0.002855744227
max states: 5465088
mem: 0.4886169434 GB (this is an order of magnitude)
125376 states processed
solution: 0.0028514158 in 32 boxes.
naive: 0.0609225435 speedup:21.36571716
sumload:0.0624611082 overhead:1.02525444
64 96 64 96 64 192 cost 0.0028514158
96 128 96 128 192 704 cost 0.0028441178
64 96 96 128 128 256 cost 0.0027557495
0 64 0 64 0 128 cost 0.002750202
96 128 160 194 0 384 cost 0.0027396773
0 64 64 96 64 192 cost 0.0026932026
96 128 0 96 0 448 cost 0.0026865004
64 96 128 160 0 192 cost 0.0026232661
96 128 128 160 0 128 cost 0.0025697317
96 128 128 160 128 728 cost 0.0024988269
64 96 64 96 192 728 cost 0.002494595
0 64 128 194 0 728 cost 0.0024906386
96 128 96 128 64 192 cost 0.0024006338
0 64 96 128 0 128 cost 0.002317011
128 148 32 194 0 192 cost 0.0022138407
64 96 0 64 0 728 cost 0.0022048834
64 96 96 128 256 728 cost 0.0021173703
64 96 64 96 0 64 cost 0.0019952402
64 96 96 128 64 128 cost 0.0019556647
64 96 96 128 0 64 cost 0.0018111135
0 64 96 128 128 728 cost 0.001739276
0 64 64 96 0 64 cost 0.0016923961
0 64 0 64 128 728 cost 0.0016760209
0 64 64 96 192 728 cost 0.0016273408
96 128 96 128 0 64 cost 0.001547705
128 148 32 194 192 728 cost 0.0014288019
64 96 128 160 192 728 cost 0.0013702931
64 96 160 194 0 728 cost 0.0013660475
96 128 160 194 384 728 cost 0.0006082934
96 128 0 96 448 728 cost 0.0003479162
96 128 96 128 704 728 cost 4.3336e-05
128 148 0 32 0 728 cost 0
partitioning time: 97.995590 seconds
