hostname : cph-c3.uncc.edu
bounding: [1053872.965;1068485.726]x[860186.8419;879395.9741]x[3;730]
read 11056 observations
res: 50 50 1 bw: 100 100 1
box size: 294 x 386 x 728
nbparts: 64
max load allowed: 0.0002491840266
max states: 21563328
mem: 1.927911758 GB (this is an order of magnitude)
223023 states processed
solution: 0.0002454892 in 51 boxes.
naive: 0.0053159259 speedup:21.65441861
sumload:0.0053584921 overhead:1.008007297
0 128 128 192 0 96 cost 0.0002454892
0 128 192 386 0 96 cost 0.0002446486
192 256 256 320 0 128 cost 0.0002382151
128 192 192 256 128 256 cost 0.0002365709
192 256 192 256 96 288 cost 0.00022941
128 192 128 192 32 96 cost 0.0002147551
128 192 128 192 192 728 cost 0.000213034
192 256 320 386 0 256 cost 0.0002063019
0 128 192 386 96 256 cost 0.0002059541
128 192 256 320 0 160 cost 0.0002039508
0 128 128 192 96 352 cost 0.0001993646
192 256 192 256 0 96 cost 0.00019932
0 128 64 128 0 96 cost 0.0001834882
256 294 0 256 0 192 cost 0.0001783734
128 192 192 256 64 128 cost 0.000164992
128 192 0 128 0 256 cost 0.0001585824
128 192 192 256 0 64 cost 0.0001507139
128 192 128 192 96 192 cost 0.0001461915
192 256 0 192 0 192 cost 0.0001446057
0 128 64 128 96 256 cost 0.0001252658
128 192 192 256 256 448 cost 0.0001182226
256 294 0 256 192 448 cost 9.2553e-05
192 256 256 320 128 224 cost 8.53112e-05
192 256 192 256 288 480 cost 8.35101e-05
192 256 256 320 224 384 cost 8.1234e-05
128 192 256 320 160 288 cost 7.84437e-05
0 128 192 386 256 480 cost 7.67262e-05
192 256 192 256 480 704 cost 7.03623e-05
128 192 320 386 96 728 cost 6.21021e-05
0 128 128 192 352 728 cost 6.19077e-05
128 192 192 256 448 728 cost 6.1557e-05
128 192 256 320 288 640 cost 5.94795e-05
192 256 256 320 384 728 cost 5.93083e-05
192 256 0 192 288 728 cost 5.74839e-05
0 128 64 128 256 728 cost 5.42799e-05
192 256 320 386 352 728 cost 5.42556e-05
128 192 320 386 0 96 cost 5.34387e-05
192 256 0 192 192 288 cost 5.11074e-05
128 192 128 192 0 32 cost 4.80787e-05
128 192 0 128 256 728 cost 4.00188e-05
0 128 192 386 480 728 cost 3.73593e-05
192 256 320 386 256 352 cost 2.39226e-05
256 294 0 256 512 728 cost 1.72512e-05
0 128 0 64 0 728 cost 1.24422e-05
256 294 256 386 0 224 cost 8.0871e-06
256 294 0 256 448 512 cost 5.8797e-06
128 192 256 320 640 728 cost 5.3988e-06
192 256 192 256 704 728 cost 4.0491e-06
256 294 256 386 320 728 cost 3.042e-06
256 294 256 386 224 288 cost 2.1573e-06
256 294 256 386 288 320 cost 2.949e-07
partitioning time: 516.336789 seconds
