hostname : cph-c34.uncc.edu
bounding: [1053872.965;1068485.726]x[860186.8419;879395.9741]x[3;730]
read 11056 observations
res: 100 100 1 bw: 250 250 1
box size: 148 x 194 x 728
nbparts: 64
max states: 5465088
mem: 0.4886169434 GB (this is an order of magnitude)
1582291 states processed
solution: 0.0004790127 in 37 boxes.
naive: 0.0102500115 speedup:21.39820406
sumload:0.010375556 overhead:1.01224823
0 96 64 96 256 728 cost 0.0004790127
32 64 96 128 0 192 cost 0.0004788078
0 96 96 128 256 728 cost 0.0004712191
64 96 64 96 64 192 cost 0.0004685752
64 96 96 128 128 256 cost 0.0004597862
96 148 128 160 0 128 cost 0.0004585728
64 96 128 160 0 192 cost 0.0004375616
32 64 64 96 64 192 cost 0.0004291252
96 148 160 194 0 256 cost 0.0004079634
96 128 96 128 64 192 cost 0.0003973657
0 64 0 64 64 256 cost 0.0003719295
0 64 128 194 0 320 cost 0.0003600603
96 128 64 128 320 704 cost 0.0003569156
0 148 128 194 384 704 cost 0.0003475128
128 148 64 128 0 192 cost 0.0003437895
96 148 128 160 128 384 cost 0.0003297909
96 128 64 128 192 320 cost 0.0003290903
64 96 64 96 0 64 cost 0.0003278082
64 96 96 128 64 128 cost 0.0003191803
64 148 0 64 0 256 cost 0.0003030627
64 96 96 128 0 64 cost 0.0002947682
96 128 64 96 0 192 cost 0.0002818134
0 64 0 64 0 64 cost 0.0002599035
32 64 64 96 0 64 cost 0.0002581767
96 128 96 128 0 64 cost 0.0002535637
32 96 64 96 192 256 cost 0.0002007035
64 96 128 194 192 384 cost 0.0001873501
0 148 0 64 256 728 cost 0.0001865196
128 148 64 128 192 448 cost 0.0001790634
64 96 160 194 0 192 cost 0.0001573026
32 64 96 128 192 256 cost 5.66195e-05
96 148 160 194 256 384 cost 5.3424e-05
128 148 64 128 448 704 cost 4.11888e-05
0 32 64 128 0 256 cost 3.70473e-05
0 148 128 194 704 728 cost 2.26904e-05
0 64 128 194 320 384 cost 1.49853e-05
96 148 64 128 704 728 cost 1.33062e-05
partitioning time: 323.273548 seconds
