hostname : cph-c78.uncc.edu
bounding: [1053872.965;1068485.726]x[860186.8419;879395.9741]x[3;730]
read 11056 observations
res: 50 50 1 bw: 2500 2500 14
box size: 294 x 386 x 728
nbparts: 16
max states: 84208
mem: 0.007528781891 GB (this is an order of magnitude)
11386 states processed
solution: 0.7389119986 in 16 boxes.
naive: 8.268027147 speedup:11.18946121
sumload:8.304021043 overhead:1.004353384
128 192 192 256 0 256 cost 0.7389119986
192 256 256 386 0 256 cost 0.6791946332
64 128 128 192 0 728 cost 0.664136896
128 192 128 386 256 728 cost 0.6623432609
128 192 128 192 0 256 cost 0.6513532231
192 294 128 192 0 728 cost 0.6105615342
128 192 256 386 0 256 cost 0.6014321769
192 256 192 256 0 256 cost 0.5749523437
64 128 192 256 0 728 cost 0.5643914492
192 256 192 386 256 728 cost 0.4738924137
256 294 192 386 0 728 cost 0.4367415806
0 64 0 386 0 728 cost 0.4213535404
128 294 64 128 0 728 cost 0.413974481
64 128 64 128 0 728 cost 0.4027883044
64 128 256 386 0 728 cost 0.3026512124
64 294 0 64 0 728 cost 0.1053419945
partitioning time: 1.218048 seconds
