hostname : cph-c24.uncc.edu
bounding: [-130;-65]x[20;50]x[5875;5958]
read 588189 observations
res: 0.1 0.1 1 bw: 5 5 14
box size: 651 x 301 x 84
nbparts: 512
solution: 4.295408976 in 512 boxes.
naive: 430.2508241 speedup:100.1652757
sumload:641.7219921 overhead:1.491506712
162 325 150 225 63 84 cost 4.295408976
488 651 225 301 0 21 cost 4.275561298
81 162 112 150 42 52 cost 4.213772114
0 162 150 225 0 21 cost 4.115307085
325 406 112 150 52 63 cost 4.084310118
488 569 150 187 21 31 cost 4.07110698
406 488 75 112 42 52 cost 4.043970966
325 488 225 301 0 21 cost 3.966602319
406 488 75 112 52 63 cost 3.939989736
162 325 75 150 0 21 cost 3.884591461
406 488 225 263 52 63 cost 3.804325848
488 569 225 263 63 73 cost 3.772771536
406 488 225 263 42 52 cost 3.757065202
325 406 75 112 42 52 cost 3.672555785
488 569 187 225 73 84 cost 3.669730849
325 406 75 112 31 42 cost 3.661878931
406 488 112 150 63 73 cost 3.619356934
0 162 225 301 21 42 cost 3.615260857
81 162 150 187 31 42 cost 3.598577036
406 488 150 187 21 31 cost 3.572616472
406 488 75 112 31 42 cost 3.566250068
488 651 0 75 42 63 cost 3.5317976
406 488 187 225 21 31 cost 3.42308398
406 488 225 263 31 42 cost 3.405866067
325 406 150 187 42 52 cost 3.39315534
81 162 112 150 31 42 cost 3.350035817
488 569 150 187 73 84 cost 3.346058278
81 162 150 187 63 73 cost 3.331111281
488 569 112 150 42 52 cost 3.329910798
488 569 112 150 52 63 cost 3.299420216
325 406 150 187 31 42 cost 3.287265654
0 162 75 150 0 21 cost 3.223913006
325 488 0 75 63 84 cost 3.217414904
325 406 75 112 52 63 cost 3.21327158
325 406 150 187 52 63 cost 3.067576304
81 162 112 150 63 73 cost 3.042677757
488 569 187 225 10 21 cost 3.002587028
488 569 112 150 31 42 cost 2.917202638
569 651 187 225 52 63 cost 2.901954613
406 488 225 263 63 73 cost 2.892808073
243 325 112 150 31 42 cost 2.85699133
569 651 187 225 42 52 cost 2.83652281
325 406 112 150 21 31 cost 2.832711537
488 569 225 263 21 31 cost 2.830772438
325 406 187 225 42 52 cost 2.783090835
406 488 112 150 21 31 cost 2.764787031
243 325 112 150 42 52 cost 2.758892567
406 488 150 187 73 84 cost 2.752673308
488 569 150 187 10 21 cost 2.752643266
488 651 0 75 21 42 cost 2.67398388
406 488 187 225 73 84 cost 2.666531515
325 406 187 225 52 63 cost 2.647570068
325 406 187 225 31 42 cost 2.606960723
162 325 150 225 0 21 cost 2.585561514
569 651 187 225 31 42 cost 2.549235964
243 325 75 112 31 42 cost 2.500886951
406 488 75 112 63 73 cost 2.481802284
569 651 225 263 52 63 cost 2.450984734
488 569 225 263 73 84 cost 2.448397909
325 406 112 150 63 73 cost 2.416041654
406 488 150 187 10 21 cost 2.413997037
243 325 75 112 42 52 cost 2.406566101
406 488 187 225 10 21 cost 2.39459114
569 651 225 263 42 52 cost 2.3897789
488 651 75 150 0 21 cost 2.364209776
569 651 187 225 63 73 cost 2.336030428
488 569 75 112 42 52 cost 2.289985579
488 569 112 150 63 73 cost 2.285678997
243 325 112 150 52 63 cost 2.280452762
406 488 225 263 21 31 cost 2.279302124
325 406 75 112 21 31 cost 2.268442086
406 488 37 75 42 52 cost 2.201730783
81 162 75 112 52 63 cost 2.199051663
488 569 75 112 52 63 cost 2.165356151
569 651 225 263 31 42 cost 2.158183536
81 162 187 225 52 63 cost 2.120360874
81 162 75 112 42 52 cost 2.089613472
162 325 0 75 42 63 cost 2.080109836
325 406 150 187 21 31 cost 2.073951496
406 488 37 75 52 63 cost 2.056555578
488 569 75 112 31 42 cost 2.03489919
81 162 150 187 21 31 cost 2.032651463
406 488 112 150 73 84 cost 2.032334418
406 488 75 112 21 31 cost 2.031659457
569 651 225 263 63 73 cost 1.978458188
406 488 37 75 31 42 cost 1.97813872
569 651 150 187 52 63 cost 1.973399229
243 325 75 112 52 63 cost 1.966284158
162 325 225 301 42 63 cost 1.954731181
81 162 187 225 42 52 cost 1.945662007
569 651 150 187 42 52 cost 1.932109989
325 406 150 187 63 73 cost 1.915361207
325 406 225 263 42 52 cost 1.912903555
243 325 150 187 31 42 cost 1.894852567
162 325 0 75 21 42 cost 1.89329006
243 325 150 187 42 52 cost 1.889063214
81 162 112 150 21 31 cost 1.88621123
162 243 150 187 42 52 cost 1.87455597
325 406 225 263 52 63 cost 1.853194155
325 488 0 75 0 21 cost 1.839567769
325 406 75 112 63 73 cost 1.835095686
243 325 112 150 21 31 cost 1.821202463
325 406 187 225 63 73 cost 1.810399095
325 406 225 263 31 42 cost 1.787381515
488 569 112 150 21 31 cost 1.782758251
406 488 225 263 73 84 cost 1.77428347
162 243 150 187 52 63 cost 1.751375028
325 406 37 75 42 52 cost 1.743160891
406 488 112 150 10 21 cost 1.741338825
162 243 150 187 31 42 cost 1.73666541
569 651 150 187 31 42 cost 1.722558578
325 406 37 75 31 42 cost 1.718147618
325 406 112 150 10 21 cost 1.714437014
162 243 112 150 42 52 cost 1.685147051
81 162 150 187 73 84 cost 1.670020531
81 162 75 112 31 42 cost 1.659236869
325 406 187 225 21 31 cost 1.652401191
569 651 187 225 21 31 cost 1.639258787
243 325 150 187 52 63 cost 1.635859702
162 243 112 150 31 42 cost 1.613170205
569 651 150 187 63 73 cost 1.597645816
0 162 225 301 0 21 cost 1.57316965
243 325 75 112 21 31 cost 1.571597132
488 569 187 225 0 10 cost 1.568556162
569 651 187 225 73 84 cost 1.556793081
325 406 37 75 52 63 cost 1.541379761
81 162 187 225 31 42 cost 1.540804541
81 162 187 225 63 73 cost 1.517259576
81 162 112 150 73 84 cost 1.506775069
162 243 112 150 52 63 cost 1.492746832
81 162 75 112 63 73 cost 1.491095722
488 651 0 75 63 84 cost 1.478522854
0 81 150 187 52 63 cost 1.46742585
325 406 112 150 73 84 cost 1.435264112
488 528 168 187 47 52 cost 1.420054447
488 569 150 187 0 10 cost 1.418872526
162 325 225 301 21 42 cost 1.405676393
488 528 168 187 57 63 cost 1.404973095
488 528 168 187 36 42 cost 1.392849894
569 651 225 263 21 31 cost 1.388283866
488 528 168 187 42 47 cost 1.386736868
0 81 187 225 52 63 cost 1.373824126
488 528 168 187 52 57 cost 1.368218656
325 406 75 112 10 21 cost 1.346068754
325 406 225 263 63 73 cost 1.339455001
569 651 225 263 73 84 cost 1.331809526
488 569 75 112 63 73 cost 1.323164289
0 81 150 187 42 52 cost 1.321982309
447 488 168 187 47 52 cost 1.320494684
406 488 75 112 73 84 cost 1.319257369
447 488 168 187 57 63 cost 1.318956926
488 528 187 206 47 52 cost 1.317711146
528 569 187 206 47 52 cost 1.303331628
488 528 187 206 57 63 cost 1.302552776
488 528 187 206 36 42 cost 1.301551717
325 406 150 187 10 21 cost 1.291722067
488 528 187 206 42 47 cost 1.290400672
528 569 187 206 57 63 cost 1.289880696
447 488 168 187 36 42 cost 1.289126059
528 569 187 206 36 42 cost 1.286461735
447 488 168 187 52 57 cost 1.28152223
447 488 168 187 42 47 cost 1.28135435
528 569 168 187 47 52 cost 1.275866263
528 569 187 206 42 47 cost 1.271887067
488 569 112 150 73 84 cost 1.265368644
488 528 187 206 52 57 cost 1.264816102
528 569 168 187 57 63 cost 1.262538656
528 569 168 187 36 42 cost 1.254413292
406 488 187 225 0 10 cost 1.251871312
528 569 187 206 52 57 cost 1.251446854
406 488 150 187 0 10 cost 1.24563058
528 569 168 187 42 47 cost 1.244144761
81 162 225 263 52 63 cost 1.230435158
528 569 168 187 52 57 cost 1.225676968
0 81 187 225 42 52 cost 1.223472769
243 325 112 150 63 73 cost 1.216324093
528 569 206 225 47 52 cost 1.206010909
528 569 206 225 57 63 cost 1.195575173
406 488 75 112 10 21 cost 1.194295351
528 569 206 225 36 42 cost 1.193226263
243 325 150 187 21 31 cost 1.188343669
162 325 225 301 63 84 cost 1.178679849
528 569 206 225 42 47 cost 1.177747982
488 528 168 187 63 68 cost 1.175836092
325 406 225 263 21 31 cost 1.164046968
488 569 75 112 21 31 cost 1.160861157
488 528 150 168 47 52 cost 1.160645351
528 569 206 225 52 57 cost 1.157172496
447 488 187 206 57 63 cost 1.15317617
447 488 187 206 47 52 cost 1.152756111
488 528 150 168 57 63 cost 1.14632613
447 488 187 206 36 42 cost 1.135608469
488 528 150 168 42 47 cost 1.131349679
488 528 150 168 36 42 cost 1.1300555
569 651 187 225 10 21 cost 1.122780558
447 488 187 206 42 47 cost 1.121814803
528 569 187 206 63 68 cost 1.121039104
488 528 150 168 52 57 cost 1.12067135
406 488 37 75 21 31 cost 1.119985378
325 406 150 187 73 84 cost 1.119768624
447 488 187 206 52 57 cost 1.113378918
488 528 206 225 47 52 cost 1.112814587
569 651 150 187 21 31 cost 1.107254514
488 528 187 206 63 68 cost 1.104586373
488 528 206 225 36 42 cost 1.104125714
488 528 206 225 57 63 cost 1.102126582
325 406 75 112 73 84 cost 1.096235313
528 569 168 187 63 68 cost 1.092614368
488 528 206 225 42 47 cost 1.091917219
325 406 187 225 10 21 cost 1.081476697
447 488 150 168 47 52 cost 1.077012017
325 406 187 225 73 84 cost 1.076020651
447 488 168 187 63 68 cost 1.075117211
528 569 225 244 47 52 cost 1.074657203
162 243 150 187 21 31 cost 1.074538646
0 81 150 187 63 73 cost 1.073719955
447 488 150 168 57 63 cost 1.068756406
406 447 168 187 47 52 cost 1.067795326
528 569 225 244 36 42 cost 1.066057925
528 569 225 244 57 63 cost 1.065713355
488 528 206 225 52 57 cost 1.065498377
406 447 168 187 57 63 cost 1.060995154
569 651 150 187 73 84 cost 1.057203113
0 81 112 150 52 63 cost 1.057069703
81 162 225 263 42 52 cost 1.052799472
528 569 225 244 42 47 cost 1.049305561
488 528 168 187 31 36 cost 1.048663686
447 488 150 168 52 57 cost 1.047305197
447 488 150 168 36 42 cost 1.046229177
447 488 150 168 42 47 cost 1.045737498
528 569 206 225 63 68 cost 1.045367325
162 243 75 112 42 52 cost 1.04023541
406 447 168 187 36 42 cost 1.03939668
406 447 168 187 42 47 cost 1.033951319
406 447 168 187 52 57 cost 1.033592385
0 81 225 263 52 63 cost 1.032746268
528 569 225 244 52 57 cost 1.031064743
162 243 112 150 21 31 cost 1.029966373
0 81 150 187 31 42 cost 1.02867088
0 81 187 225 63 73 cost 1.026416634
325 406 37 75 21 31 cost 1.021582756
162 243 75 112 31 42 cost 1.013801563
243 325 75 112 63 73 cost 1.009242663
243 325 187 225 42 52 cost 1.003574474
447 488 112 131 47 52 cost 0.9987711738
447 488 131 150 47 52 cost 0.9978600772
488 528 187 206 31 36 cost 0.9850345055
447 488 131 150 57 63 cost 0.9845266179
447 488 112 131 42 47 cost 0.9772661032
447 488 168 187 31 36 cost 0.9756222046
447 488 131 150 52 57 cost 0.975391984
447 488 112 131 36 42 cost 0.9753206809
81 162 225 263 63 73 cost 0.9691898771
528 569 187 206 31 36 cost 0.9678604091
447 488 112 131 52 57 cost 0.9672270515
406 447 187 206 47 52 cost 0.9646104262
447 488 131 150 42 47 cost 0.9640594189
406 447 187 206 57 63 cost 0.9612524305
447 488 131 150 36 42 cost 0.9584228073
447 488 187 206 63 68 cost 0.9573080308
447 488 112 131 57 63 cost 0.9557108632
0 81 187 225 31 42 cost 0.9545249551
0 81 112 150 42 52 cost 0.9528632862
488 528 150 168 63 68 cost 0.9490183969
243 325 187 225 31 42 cost 0.9467347938
243 325 187 225 52 63 cost 0.9449791378
488 528 206 225 63 68 cost 0.9438083809
406 447 187 206 36 42 cost 0.9433896805
528 569 168 187 31 36 cost 0.9426893142
488 528 225 244 47 52 cost 0.9386146192
406 447 187 206 42 47 cost 0.9346585259
488 528 225 244 36 42 cost 0.9345358953
488 528 225 244 57 63 cost 0.9304017632
406 447 187 206 52 57 cost 0.9300801233
488 528 168 187 68 73 cost 0.9286682117
81 162 75 112 21 31 cost 0.9243179551
488 528 225 244 42 47 cost 0.9213127552
447 488 206 225 57 63 cost 0.9208945193
325 365 131 150 36 42 cost 0.9183540458
447 488 206 225 47 52 cost 0.9151026001
325 365 112 131 36 42 cost 0.9097091744
528 569 187 206 68 73 cost 0.9083604898
447 488 206 225 36 42 cost 0.9043985641
162 243 75 112 52 63 cost 0.9015107547
528 569 206 225 31 36 cost 0.8991489828
488 528 225 244 52 57 cost 0.8981630719
528 569 150 168 47 52 cost 0.8967728281
325 406 112 150 0 10 cost 0.8967190638
81 162 263 301 52 63 cost 0.8938883396
447 488 206 225 42 47 cost 0.8904280472
81 162 187 225 21 31 cost 0.8902131128
528 569 168 187 68 73 cost 0.8838843565
528 569 150 168 57 63 cost 0.8832796281
447 488 206 225 52 57 cost 0.8824966835
488 528 187 206 68 73 cost 0.8770280497
528 569 150 168 42 47 cost 0.8748132557
162 243 112 150 63 73 cost 0.873741717
528 569 150 168 36 42 cost 0.8735672922
406 488 112 150 0 10 cost 0.870335134
447 488 187 206 31 36 cost 0.868300055
0 81 225 263 42 52 cost 0.867200667
528 569 150 168 52 57 cost 0.8606530115
406 447 168 187 63 68 cost 0.859620758
447 488 150 168 63 68 cost 0.8557872667
528 569 206 225 68 73 cost 0.8517313577
0 81 263 301 52 63 cost 0.8512545582
325 365 131 150 42 47 cost 0.8497539981
488 528 150 168 31 36 cost 0.8454331612
81 121 168 187 57 63 cost 0.8410153476
447 488 168 187 68 73 cost 0.8403923878
488 528 206 225 31 36 cost 0.8401630135
325 365 112 131 42 47 cost 0.8380216725
488 528 187 206 26 31 cost 0.8362098393
406 447 150 168 47 52 cost 0.8305608305
406 447 131 150 47 52 cost 0.8301873949
406 447 206 225 57 63 cost 0.8301192142
406 447 206 225 47 52 cost 0.8281286588
0 81 225 263 63 73 cost 0.8280650641
162 243 187 225 52 63 cost 0.8263348143
81 121 131 150 57 63 cost 0.825308311
325 406 225 263 73 84 cost 0.8235217851
528 569 187 206 26 31 cost 0.8221489865
406 488 263 301 52 63 cost 0.8190648265
406 447 131 150 57 63 cost 0.8187006754
406 447 150 168 57 63 cost 0.8181823381
81 121 150 168 57 63 cost 0.8154991382
325 365 131 150 47 52 cost 0.8141133599
406 447 131 150 52 57 cost 0.8121343748
406 447 206 225 36 42 cost 0.8104323154
406 447 150 168 36 42 cost 0.8075284553
406 447 150 168 42 47 cost 0.807410568
406 447 150 168 52 57 cost 0.8053870808
528 569 225 244 31 36 cost 0.8034411087
406 447 131 150 42 47 cost 0.802068402
81 121 168 187 52 57 cost 0.8014679447
325 365 112 131 47 52 cost 0.8007817049
406 447 206 225 42 47 cost 0.8006055051
81 162 187 225 73 84 cost 0.7987970434
406 447 206 225 52 57 cost 0.7984546164
406 447 131 150 36 42 cost 0.7977866286
406 488 263 301 42 52 cost 0.7944121781
406 447 187 206 63 68 cost 0.7921478168
121 162 168 187 57 63 cost 0.7893955628
162 243 187 225 42 52 cost 0.7887972073
81 121 131 150 52 57 cost 0.7868054754
406 447 168 187 31 36 cost 0.7864704124
81 121 168 187 47 52 cost 0.7857303833
447 488 150 168 31 36 cost 0.783515628
121 162 168 187 47 52 cost 0.7809186291
121 162 131 150 57 63 cost 0.7806056115
365 406 131 150 36 42 cost 0.7790125013
81 121 150 168 52 57 cost 0.7780324671
121 162 150 168 57 63 cost 0.7755431021
121 162 168 187 52 57 cost 0.7736089897
121 162 150 168 47 52 cost 0.7723313165
447 488 206 225 63 68 cost 0.7714933694
0 81 112 150 63 73 cost 0.7700053561
121 162 131 150 52 57 cost 0.7696776284
528 569 206 225 26 31 cost 0.764038133
81 121 150 168 47 52 cost 0.7631385821
121 162 150 168 52 57 cost 0.7629246856
488 651 0 75 0 21 cost 0.7624027905
528 569 150 168 63 68 cost 0.7571571845
488 528 206 225 68 73 cost 0.7559976369
447 488 187 206 68 73 cost 0.7541717659
406 447 112 131 47 52 cost 0.7540009801
569 651 150 187 10 21 cost 0.7511374314
365 406 131 150 42 47 cost 0.7471464724
488 528 150 168 68 73 cost 0.7439693744
81 162 263 301 42 52 cost 0.7424497642
121 162 168 187 42 47 cost 0.7400639932
365 406 131 150 47 52 cost 0.7395437861
81 162 75 112 73 84 cost 0.7353332911
406 447 112 131 52 57 cost 0.7348878386
0 81 112 150 31 42 cost 0.7345748444
406 447 112 131 42 47 cost 0.7342431851
121 162 150 168 42 47 cost 0.7332541573
406 447 112 131 36 42 cost 0.7316203832
243 325 112 150 73 84 cost 0.7307723793
81 162 263 301 63 73 cost 0.730580297
406 447 112 131 57 63 cost 0.7300159928
325 365 131 150 31 36 cost 0.7289302666
325 365 112 131 31 36 cost 0.723384544
81 121 168 187 42 47 cost 0.7229480687
447 488 112 131 31 36 cost 0.7226950879
406 447 187 206 31 36 cost 0.7196364243
121 162 112 131 57 63 cost 0.7195094294
488 528 206 225 26 31 cost 0.7157864783
406 488 263 301 31 42 cost 0.7140820641
488 528 225 244 31 36 cost 0.7123412058
121 162 112 131 52 57 cost 0.7111420514
447 488 131 150 31 36 cost 0.7102210684
162 325 0 75 63 84 cost 0.7073305255
325 406 75 112 0 10 cost 0.7053479128
81 121 150 168 42 47 cost 0.7018286895
0 81 263 301 63 73 cost 0.7011976541
325 406 263 301 42 52 cost 0.6999724844
447 488 206 225 31 36 cost 0.6981516703
0 81 263 301 42 52 cost 0.6968897809
365 406 112 131 36 42 cost 0.6966742451
325 406 263 301 52 63 cost 0.6918446483
406 447 206 225 63 68 cost 0.690623676
488 528 187 206 21 26 cost 0.6899287719
488 569 75 112 73 84 cost 0.6755588697
162 243 187 225 31 42 cost 0.675284852
528 569 187 206 21 26 cost 0.6723786295
406 447 168 187 68 73 cost 0.6711065713
325 406 150 187 0 10 cost 0.6697955204
365 406 112 131 42 47 cost 0.6646034489
447 488 150 168 68 73 cost 0.6623048468
365 406 112 131 47 52 cost 0.6554952773
528 569 150 168 31 36 cost 0.6542116873
162 243 75 112 21 31 cost 0.6537157491
325 406 263 301 31 42 cost 0.6521044792
406 447 150 168 63 68 cost 0.6465535324
406 488 263 301 63 73 cost 0.6409679684
406 488 0 37 42 52 cost 0.6409137724
528 569 244 263 36 42 cost 0.6393083261
81 121 112 131 57 63 cost 0.6392102292
528 569 244 263 47 52 cost 0.6377356616
528 569 244 263 57 63 cost 0.6352762074
528 569 206 225 21 26 cost 0.6253632636
406 447 187 206 68 73 cost 0.6222530228
406 447 206 225 31 36 cost 0.6220233527
528 569 244 263 42 47 cost 0.6218705386
447 488 206 225 68 73 cost 0.6134114918
528 569 244 263 52 57 cost 0.61319031
81 121 112 131 52 57 cost 0.6120085411
528 569 150 168 68 73 cost 0.606799045
569 651 187 225 0 10 cost 0.6054134241
406 447 150 168 31 36 cost 0.604626155
0 81 150 187 21 31 cost 0.6046119382
243 325 75 112 73 84 cost 0.6015429078
365 406 131 150 31 36 cost 0.5990665085
488 528 206 225 21 26 cost 0.5939160009
162 325 0 75 0 21 cost 0.5915960166
406 447 131 150 31 36 cost 0.5897930725
81 162 225 263 73 84 cost 0.588559344
406 488 0 37 52 63 cost 0.582974158
406 488 75 112 0 10 cost 0.5767747735
406 488 0 37 31 42 cost 0.5762376495
0 81 187 225 21 31 cost 0.5726090755
325 406 187 225 0 10 cost 0.570911794
0 81 150 187 73 84 cost 0.5685154452
243 325 187 225 21 31 cost 0.5625018656
0 81 187 225 73 84 cost 0.56245539
406 447 206 225 68 73 cost 0.5454204052
406 447 112 131 31 36 cost 0.540079155
365 406 112 131 31 36 cost 0.5371727176
162 325 225 301 0 21 cost 0.5272538952
325 406 263 301 63 73 cost 0.5197475281
162 243 75 112 63 73 cost 0.5153946949
0 81 225 263 73 84 cost 0.5089000038
488 528 244 263 36 42 cost 0.5021319395
488 528 244 263 47 52 cost 0.4993245722
406 447 150 168 68 73 cost 0.49871444
488 528 244 263 57 63 cost 0.4971367201
406 488 263 301 21 31 cost 0.4922155558
488 528 244 263 42 47 cost 0.4902634184
528 569 244 263 31 36 cost 0.4837388302
488 528 244 263 52 57 cost 0.4780215254
81 162 263 301 73 84 cost 0.46155379
488 569 263 301 52 63 cost 0.4586796034
488 569 263 301 42 52 cost 0.4577001616
0 81 263 301 73 84 cost 0.4429920165
325 406 263 301 21 31 cost 0.4345273761
162 243 112 150 73 84 cost 0.4329844537
0 81 112 150 21 31 cost 0.4253916441
488 569 263 301 31 42 cost 0.4185463676
569 651 150 187 0 10 cost 0.401672954
0 81 112 150 73 84 cost 0.4010681744
406 488 263 301 73 84 cost 0.3981665992
488 528 244 263 31 36 cost 0.3861012942
162 243 187 225 21 31 cost 0.3835496455
488 569 263 301 63 73 cost 0.3542250233
569 651 263 301 52 63 cost 0.3400384776
569 651 263 301 42 52 cost 0.3361345886
325 406 263 301 73 84 cost 0.3268503163
406 488 0 37 21 31 cost 0.3244795369
569 651 263 301 31 42 cost 0.3091287338
488 569 263 301 21 31 cost 0.2802926371
0 81 75 112 52 63 cost 0.2658674928
569 651 263 301 63 73 cost 0.2601483626
162 243 75 112 73 84 cost 0.2565044338
0 81 75 112 42 52 cost 0.2425921135
488 569 263 301 73 84 cost 0.2270137636
569 651 263 301 21 31 cost 0.1992531297
0 81 75 112 63 73 cost 0.1878617101
0 81 75 112 31 42 cost 0.1837994374
569 651 263 301 73 84 cost 0.1704670917
569 651 112 150 52 63 cost 0.1554320368
569 651 112 150 42 52 cost 0.1551936452
325 406 0 37 42 52 cost 0.1402001216
325 406 0 37 31 42 cost 0.1384703147
569 651 112 150 31 42 cost 0.1333602466
569 651 112 150 63 73 cost 0.1161357106
325 406 0 37 52 63 cost 0.1142927999
0 81 75 112 21 31 cost 0.1001637141
0 81 75 112 73 84 cost 0.0940708499
569 651 112 150 21 31 cost 0.084821167
325 406 0 37 21 31 cost 0.0685413882
569 651 112 150 73 84 cost 0.0665440067
0 162 0 75 42 63 cost 0.0080894611
0 162 0 75 21 42 cost 0.0066207771
569 651 75 112 52 63 cost 0.0061860374
569 651 75 112 42 52 cost 0.0061336239
569 651 75 112 31 42 cost 0.0049407412
569 651 75 112 63 73 cost 0.004241774
0 162 0 75 63 84 cost 0.0036397967
569 651 75 112 21 31 cost 0.0029428901
0 162 0 75 0 21 cost 0.0025122181
569 651 75 112 73 84 cost 0.002126912
partitioning time: 131.131837 seconds
