hostname : cph-gpu4.uncc.edu
bounding: [-130;-65]x[20;50]x[5875;5958]
read 588189 observations
res: 0.1 0.1 1 bw: 5 5 14
box size: 651 x 301 x 84
nbparts: 16
mem: 0.005530357361 GB (this is an order of magnitude)
52072 states processed
solution: 31.37862215 in 16 boxes.
naive: 430.2508241 speedup:13.71159072
sumload:430.5486039 overhead:1.000692107
96 224 0 160 0 84 cost 31.37862215
224 352 128 301 0 84 cost 30.95459774
416 480 128 192 0 84 cost 30.22525113
0 96 0 301 0 84 cost 29.95028026
416 480 192 301 0 84 cost 28.80437371
352 416 160 301 0 84 cost 28.07872289
96 224 160 301 0 84 cost 27.88545354
352 416 0 160 0 84 cost 27.85834865
224 352 0 128 0 84 cost 26.90030907
512 651 224 301 0 84 cost 26.74202356
512 651 192 224 0 84 cost 26.70583467
512 651 160 192 0 84 cost 25.63428168
480 512 160 301 0 84 cost 25.42684425
416 480 0 128 0 84 cost 24.92219615
480 512 0 160 0 84 cost 20.38697149
512 651 0 160 0 84 cost 18.69449295
partitioning time: 477.379519 seconds
