hostname : cph-c53.uncc.edu
bounding: [1053872.965;1068485.726]x[860186.8419;879395.9741]x[3;730]
read 11056 observations
res: 100 100 1 bw: 500 500 7
box size: 148 x 194 x 728
nbparts: 64
max states: 341376
mem: 0.03052139282 GB (this is an order of magnitude)
36587 states processed
solution: 0.0063003837 in 22 boxes.
naive: 0.0609225435 speedup:9.669656072
sumload:0.0616482606 overhead:1.011912127
64 96 96 128 0 256 cost 0.0063003837
32 148 32 64 0 728 cost 0.006298395
32 64 64 96 0 728 cost 0.0056615135
32 64 96 194 0 728 cost 0.0056118848
64 96 64 96 0 256 cost 0.0054335938
64 96 128 194 0 728 cost 0.005324648
96 128 96 128 0 256 cost 0.0046564396
96 148 64 96 0 728 cost 0.0041950066
96 128 128 160 0 256 cost 0.0037583488
96 128 160 194 0 728 cost 0.0033405787
128 148 96 128 0 728 cost 0.0021859113
64 96 96 128 256 728 cost 0.0021173703
96 128 96 128 256 728 cost 0.002070093
64 96 64 96 256 728 cost 0.0017309092
96 128 128 160 256 728 cost 0.0013166658
0 32 0 194 0 728 cost 0.00108564
32 148 0 32 0 728 cost 0.00026475
128 148 128 160 0 256 cost 0.0001895675
128 148 128 160 256 728 cost 8.2933e-05
128 148 160 194 0 256 cost 1.55067e-05
128 148 160 194 256 512 cost 5.1033e-06
128 148 160 194 512 728 cost 3.018e-06
partitioning time: 5.524688 seconds
