hostname : cph-c37.uncc.edu
bounding: [-130;-65]x[20;50]x[5875;5958]
read 588189 observations
res: 0.01 0.01 1 bw: 0.5 0.5 3
box size: 6501 x 3001 x 84
nbparts: 64
max states: 600256
mem: 0.05366706848 GB (this is an order of magnitude)
742429 states processed
solution: 9.710239339 in 45 boxes.
naive: 162.5264313 speedup:16.73763392
sumload:162.540469 overhead:1.000086372
1024 1280 1280 1536 0 84 cost 9.710239339
5376 5632 2048 2304 0 84 cost 7.612893395
1024 3584 1024 1280 0 84 cost 7.539744432
1024 3584 768 1024 0 84 cost 7.373416642
768 1024 0 3001 0 84 cost 7.131977843
5376 6501 1792 2048 0 84 cost 7.122600519
5120 5376 1792 2048 0 84 cost 6.919808893
4608 4864 1792 3001 0 84 cost 6.871200084
3584 6501 768 1024 0 84 cost 6.632898813
4352 4608 1792 3001 0 84 cost 6.501439844
4608 6501 1536 1792 0 84 cost 6.459560242
1024 6501 512 768 0 84 cost 6.409560353
3584 6501 1024 1280 0 84 cost 6.146187813
4096 4352 2048 3001 0 84 cost 5.992740057
5632 5888 2048 2304 0 84 cost 5.669598447
4608 6501 1280 1536 0 84 cost 5.287527467
512 768 0 3001 0 84 cost 5.153542842
4352 4608 1280 1792 0 84 cost 4.856693053
3072 3328 1280 3001 0 84 cost 4.392227847
3328 3584 1280 3001 0 84 cost 4.208759677
3840 4096 1280 3001 0 84 cost 4.021744019
4096 4352 1280 2048 0 84 cost 3.924860908
3584 3840 1280 3001 0 84 cost 3.822612232
4864 5120 1792 3001 0 84 cost 3.562864696
1280 1536 1280 3001 0 84 cost 3.537558888
1792 2048 1280 3001 0 84 cost 2.980822135
2304 2560 1280 3001 0 84 cost 2.319712581
1536 1792 1280 3001 0 84 cost 2.238579841
5120 5376 2048 3001 0 84 cost 1.768463127
5888 6144 2048 2304 0 84 cost 1.44578373
1024 1280 1536 3001 0 84 cost 1.44038514
2560 2816 1280 3001 0 84 cost 0.7488428839
2816 3072 1280 3001 0 84 cost 0.7413179102
5632 5888 2304 3001 0 84 cost 0.5152667901
5888 6144 2304 3001 0 84 cost 0.4074844259
2048 2304 1280 3001 0 84 cost 0.4067636476
1024 6501 256 512 0 84 cost 0.3053388567
5376 5632 2304 3001 0 84 cost 0.2904627111
6144 6400 2304 2560 0 84 cost 0.0431331768
6144 6400 2560 3001 0 84 cost 0.0174198805
256 512 0 3001 0 84 cost 0.005494432
1024 6501 0 256 0 84 cost 0.0010453282
6144 6501 2048 2304 0 84 cost 0.0009502485
0 256 0 3001 0 84 cost 0.0007860529
6400 6501 2304 3001 0 84 cost 0.0001577789
partitioning time: 5346.447893 seconds
