hostname : cph-gpu3.uncc.edu
bounding: [1053872.965;1068485.726]x[860186.8419;879395.9741]x[3;730]
read 11056 observations
res: 50 50 1 bw: 2500 2500 1
box size: 294 x 386 x 728
nbparts: 32
mem: 0.9639558792 GB (this is an order of magnitude)
67324 states processed
solution: 0.0782042354 in 32 boxes.
naive: 2.038316503 speedup:26.06401677
sumload:2.061612846 overhead:1.011429208
0 128 128 192 64 160 cost 0.0782042354
128 192 0 192 64 128 cost 0.0776119048
128 192 256 386 64 192 cost 0.0767021377
128 192 0 192 128 256 cost 0.0761417178
192 256 0 192 0 160 cost 0.0743581529
256 294 0 386 0 160 cost 0.0740949235
0 128 192 386 64 128 cost 0.0725178867
128 192 192 256 128 256 cost 0.0709933838
0 128 192 386 224 728 cost 0.0700848034
0 128 0 128 0 96 cost 0.0691181942
192 256 0 192 160 728 cost 0.0690243024
192 256 192 256 0 96 cost 0.0690172896
0 128 192 386 0 64 cost 0.0689048426
192 256 192 256 224 728 cost 0.0688291272
128 192 0 192 256 728 cost 0.0685724968
0 128 0 128 96 728 cost 0.0675733697
128 192 256 386 192 728 cost 0.0666953272
192 256 256 386 0 64 cost 0.0653985752
0 128 128 192 160 728 cost 0.064728644
256 294 0 386 160 728 cost 0.0628093051
128 192 192 256 256 728 cost 0.0624818853
192 256 192 256 96 224 cost 0.0611328745
128 192 0 192 32 64 cost 0.059741026
192 256 256 386 256 728 cost 0.0582168752
0 128 128 192 0 64 cost 0.0571859405
128 192 192 256 0 64 cost 0.0569146514
128 192 192 256 64 128 cost 0.0563868492
128 192 256 386 0 64 cost 0.0541818266
192 256 256 386 128 256 cost 0.0539144565
0 128 192 386 128 224 cost 0.051908268
192 256 256 386 64 128 cost 0.051171647
128 192 0 192 0 32 cost 0.0269959259
partitioning time: 43.787720 seconds
