hostname : cph-gpu1.uncc.edu
bounding: [-130;-65]x[20;50]x[5875;5958]
read 588189 observations
res: 0.1 0.1 1 bw: 2.5 2.5 7
box size: 651 x 301 x 84
nbparts: 64
max states: 984640
mem: 0.08803367615 GB (this is an order of magnitude)
242242 states processed
solution: 4.373505506 in 33 boxes.
naive: 67.21899211 speedup:15.36959129
sumload:71.26345464 overhead:1.060168449
512 576 192 256 32 64 cost 4.373505506
128 192 64 301 0 84 cost 4.351153465
384 448 64 192 32 84 cost 4.212175514
384 448 192 301 32 84 cost 3.701895774
512 651 128 192 32 84 cost 3.669398548
448 651 64 128 32 84 cost 3.635127872
320 384 64 128 32 84 cost 3.564252877
64 128 64 192 32 64 cost 3.543706775
448 512 128 192 32 64 cost 3.466963885
512 651 128 301 0 32 cost 3.458272037
320 384 128 301 32 84 cost 3.423904359
256 320 64 301 0 84 cost 3.284381873
448 512 192 301 32 64 cost 2.700023779
448 512 128 301 0 32 cost 2.485969855
448 512 128 301 64 84 cost 2.360218406
320 384 64 301 0 32 cost 2.353077886
384 448 64 301 0 32 cost 2.320051049
512 576 192 256 64 84 cost 1.987205372
64 128 192 301 32 84 cost 1.972395108
192 256 64 301 0 84 cost 1.768839291
64 651 0 64 0 84 cost 1.683839818
64 128 64 301 0 32 cost 1.619297663
576 640 192 256 32 64 cost 1.319925494
64 128 64 192 64 84 cost 1.251520277
0 64 0 301 0 84 cost 1.09043881
448 651 64 128 0 32 cost 0.9614332899
576 640 192 256 64 84 cost 0.6224011932
576 640 256 301 32 84 cost 0.044983333
512 576 256 301 32 84 cost 0.0350510316
640 651 192 256 32 64 cost 0.0008883157
640 651 256 301 32 64 cost 0.0006588822
640 651 192 256 64 84 cost 0.0003015282
640 651 256 301 64 84 cost 0.0001957719
partitioning time: 1927.697743 seconds
