hostname : cph-gpu2.uncc.edu
bounding: [-130;-65]x[20;50]x[5875;5958]
read 588189 observations
res: 0.1 0.1 1 bw: 2.5 2.5 7
box size: 651 x 301 x 84
nbparts: 16
max states: 61856
mem: 0.005530357361 GB (this is an order of magnitude)
84399 states processed
solution: 4.730721681 in 16 boxes.
naive: 67.21899211 speedup:14.20903546
sumload:67.30333599 overhead:1.001254763
544 651 192 224 0 84 cost 4.730721681
160 352 128 192 0 84 cost 4.675527865
320 384 0 128 0 84 cost 4.665226746
384 448 192 301 0 84 cost 4.658777235
96 160 128 192 0 84 cost 4.649474792
0 96 0 301 0 84 cost 4.555696188
512 651 128 192 0 84 cost 4.53159123
448 480 128 224 0 84 cost 4.526410433
384 651 0 96 0 84 cost 4.282752561
352 448 128 192 0 84 cost 4.166410904
448 651 224 301 0 84 cost 4.057441839
480 512 128 224 0 84 cost 4.049817049
96 320 0 128 0 84 cost 4.008990438
96 384 192 301 0 84 cost 3.947007853
384 651 96 128 0 84 cost 3.377211692
512 544 192 224 0 84 cost 2.420277486
partitioning time: 692.531420 seconds
