hostname : cph-c41.uncc.edu
bounding: [-130;-65]x[20;50]x[5875;5958]
read 588189 observations
res: 0.1 0.1 1 bw: 5 5 14
box size: 651 x 301 x 84
nbparts: 32
mem: 0.0006866455078 GB (this is an order of magnitude)
19485 states processed
solution: 34.04844684 in 20 boxes.
naive: 430.2508241 speedup:12.63643026
sumload:430.5690143 overhead:1.000739546
512 576 192 256 0 84 cost 34.04844684
448 512 128 192 0 84 cost 33.77601365
0 128 0 192 0 84 cost 32.14279529
448 512 192 301 0 84 cost 29.97685356
320 384 128 301 0 84 cost 29.39845723
128 192 0 301 0 84 cost 29.29853367
448 512 0 128 0 84 cost 27.99667638
512 576 128 192 0 84 cost 27.67323377
384 448 192 301 0 84 cost 25.4452736
192 320 128 301 0 84 cost 23.96310386
384 448 128 192 0 84 cost 23.89636612
320 384 0 128 0 84 cost 22.40927635
0 128 192 301 0 84 cost 20.14257011
192 320 0 128 0 84 cost 17.55398741
384 448 0 128 0 84 cost 16.77186847
576 651 192 256 0 84 cost 14.64180593
512 576 0 128 0 84 cost 9.243829391
576 651 0 192 0 84 cost 7.416204586
512 576 256 301 0 84 cost 2.727893836
576 651 256 301 0 84 cost 2.045824234
partitioning time: 306.399805 seconds
