hostname : cph-c22.uncc.edu
bounding: [1053872.965;1068485.726]x[860186.8419;879395.9741]x[3;730]
read 11056 observations
res: 100 100 1 bw: 500 500 7
box size: 148 x 194 x 728
nbparts: 64
max states: 5465088
mem: 0.4886169434 GB (this is an order of magnitude)
1577221 states processed
solution: 0.0028514158 in 31 boxes.
naive: 0.0609225435 speedup:21.36571716
sumload:0.0624280783 overhead:1.024712277
64 96 64 96 64 192 cost 0.0028514158
96 128 96 128 192 704 cost 0.0028441178
32 64 96 128 0 192 cost 0.0028121743
64 96 96 128 128 256 cost 0.0027557495
96 148 160 194 0 384 cost 0.0027552473
0 64 0 64 0 128 cost 0.002750202
0 64 64 128 192 728 cost 0.0027495268
96 128 64 96 0 448 cost 0.0026865004
96 148 128 160 0 128 cost 0.0026827859
96 148 128 160 128 728 cost 0.0026431007
64 96 128 160 0 192 cost 0.0026232661
32 64 64 96 64 192 cost 0.002612296
64 96 64 96 192 728 cost 0.002494595
0 64 128 194 0 728 cost 0.0024906386
96 128 96 128 64 192 cost 0.0024006338
64 148 0 64 0 728 cost 0.0022049284
64 96 96 128 256 728 cost 0.0021173703
128 148 64 128 0 192 cost 0.0020400234
64 96 64 96 0 64 cost 0.0019952402
64 96 96 128 64 128 cost 0.0019556647
64 96 96 128 0 64 cost 0.0018111135
64 96 128 194 192 728 cost 0.0017861376
0 64 0 64 128 728 cost 0.0016760209
32 64 64 96 0 64 cost 0.0016450261
96 128 96 128 0 64 cost 0.001547705
128 148 64 128 192 728 cost 0.0013132182
64 96 160 194 0 192 cost 0.0009484538
96 148 160 194 384 728 cost 0.0006126584
96 128 64 96 448 728 cost 0.0003478712
0 32 64 128 0 192 cost 0.0002310606
96 128 96 128 704 728 cost 4.3336e-05
partitioning time: 319.452674 seconds
