hostname : cph-c39.uncc.edu
bounding: [1053872.965;1068485.726]x[860186.8419;879395.9741]x[3;730]
read 11056 observations
res: 50 50 1 bw: 2500 2500 14
box size: 294 x 386 x 728
nbparts: 32
max load allowed: 0.5167516967
max states: 2695392
mem: 0.240986824 GB (this is an order of magnitude)
53444 states processed
solution: 0.514405571 in 25 boxes.
naive: 8.268027147 speedup:16.07297357
sumload:8.310576533 overhead:1.005146256
192 256 256 320 0 384 cost 0.514405571
128 192 256 320 0 384 cost 0.5070105789
64 128 192 256 0 384 cost 0.4999650762
192 256 128 192 0 728 cost 0.4984745548
192 256 192 256 0 192 cost 0.4785185508
64 128 128 192 0 192 cost 0.4783084916
256 294 0 320 0 728 cost 0.4774079411
64 128 0 128 0 728 cost 0.4610812243
128 192 192 256 0 128 cost 0.4545634139
128 192 192 256 128 448 cost 0.4477059502
128 192 128 192 0 128 cost 0.4337199674
128 192 128 192 128 728 cost 0.4311568588
0 64 0 386 0 728 cost 0.4213535404
128 192 0 128 0 728 cost 0.3756178184
192 256 192 256 192 728 cost 0.3298660934
192 256 320 386 0 728 cost 0.320640415
64 128 256 386 0 728 cost 0.3026512124
128 192 320 386 0 728 cost 0.2133518873
64 128 128 192 192 728 cost 0.1886451044
128 192 192 256 448 728 cost 0.0999525645
192 256 0 128 0 728 cost 0.0804411669
192 256 256 320 384 728 cost 0.0796690371
256 294 320 386 0 728 cost 0.0766359852
128 192 256 320 384 728 cost 0.0734506237
64 128 192 256 384 728 cost 0.065982905
partitioning time: 69.490074 seconds
