hostname : cph-c9.uncc.edu
bounding: [-130;-65]x[20;50]x[5875;5958]
read 588189 observations
res: 0.1 0.1 1 bw: 5 5 14
box size: 651 x 301 x 84
nbparts: 64
max states: 247424
mem: 0.02212142944 GB (this is an order of magnitude)
483855 states processed
solution: 10.74814702 in 64 boxes.
naive: 430.2508241 speedup:40.03023251
sumload:431.1127907 overhead:1.002003405
512 544 160 192 0 84 cost 10.74814702
384 416 160 224 0 84 cost 10.54286469
480 512 160 192 0 84 cost 10.14755908
96 128 64 160 0 84 cost 10.13942635
512 544 192 224 0 84 cost 10.08514927
384 480 64 96 0 84 cost 9.906575041
480 651 96 128 0 84 cost 9.758831218
320 352 64 128 0 84 cost 9.636520834
352 384 128 192 0 84 cost 9.543560582
288 320 128 301 0 84 cost 9.511953937
32 64 0 301 0 84 cost 9.399233826
352 384 64 128 0 84 cost 9.368535647
512 651 128 160 0 84 cost 9.266316114
448 480 160 192 0 84 cost 9.187466093
544 576 192 224 0 84 cost 9.132485913
544 576 224 301 0 84 cost 8.825967106
512 544 224 301 0 84 cost 8.780337493
544 576 160 192 0 84 cost 8.631466772
480 512 192 224 0 84 cost 8.499450989
288 320 64 128 0 84 cost 8.455653327
256 288 64 301 0 84 cost 8.320206519
384 416 96 160 0 84 cost 8.295237821
64 96 64 160 0 84 cost 7.916139473
416 448 160 192 0 84 cost 7.801166289
192 224 64 301 0 84 cost 7.57770175
64 448 32 64 0 84 cost 7.576302871
128 160 160 301 0 84 cost 7.545502693
448 480 192 224 0 84 cost 7.520276749
320 352 160 301 0 84 cost 7.440146896
448 651 32 64 0 84 cost 7.422812728
352 384 192 301 0 84 cost 7.369211263
480 512 128 160 0 84 cost 7.358622297
416 448 224 301 0 84 cost 7.270820976
448 480 224 301 0 84 cost 7.183787742
448 480 128 160 0 84 cost 7.153602181
416 448 192 224 0 84 cost 6.877156167
480 512 224 301 0 84 cost 6.830166517
96 128 192 301 0 84 cost 6.742430432
448 480 96 128 0 84 cost 6.698199907
64 96 192 301 0 84 cost 6.574472328
160 192 64 160 0 84 cost 6.324430896
480 651 64 96 0 84 cost 6.319864617
576 651 160 192 0 84 cost 6.291525552
416 448 128 160 0 84 cost 6.142152691
384 416 224 301 0 84 cost 6.111249138
576 608 192 224 0 84 cost 5.985874927
128 160 64 128 0 84 cost 5.79745935
576 608 224 256 0 84 cost 5.57424902
96 128 160 192 0 84 cost 5.47874028
128 160 128 160 0 84 cost 5.22879043
224 256 64 301 0 84 cost 5.183695699
416 448 96 128 0 84 cost 5.162255337
320 352 128 160 0 84 cost 5.079983643
64 96 160 192 0 84 cost 4.512652717
160 192 160 301 0 84 cost 4.444391003
64 651 0 32 0 84 cost 3.689543151
0 32 0 301 0 84 cost 1.575778892
608 651 192 224 0 84 cost 1.547273514
608 640 224 256 0 84 cost 1.521910363
576 608 256 301 0 84 cost 1.260243039
608 640 256 301 0 84 cost 0.7535430679
640 651 224 256 0 84 cost 0.0450925663
640 651 256 288 0 84 cost 0.0356196468
640 651 288 301 0 84 cost 0.0050062399
partitioning time: 4005.923794 seconds
