hostname : cph-c21.uncc.edu
bounding: [1053872.965;1068485.726]x[860186.8419;879395.9741]x[3;730]
read 11056 observations
res: 100 100 1 bw: 2500 2500 1
box size: 148 x 194 x 728
nbparts: 2048
solution: 0.0008927383 in 2052 boxes.
naive: 0.5210794803 speedup:583.686709
sumload:0.5435251664 overhead:1.04307536
37 46 97 109 45 91 cost 0.0008927383
74 92 72 97 455 546 cost 0.00089268
64 74 60 72 91 136 cost 0.0008902351
74 92 48 72 273 364 cost 0.0008898444
111 129 121 145 364 455 cost 0.0008893071
64 74 133 145 45 91 cost 0.0008889196
101 111 109 121 136 182 cost 0.0008882294
101 111 109 121 0 45 cost 0.0008859453
101 111 157 169 45 91 cost 0.0008842404
74 92 145 169 273 364 cost 0.0008831974
92 101 109 121 0 45 cost 0.0008800946
101 111 133 145 0 45 cost 0.0008738716
101 111 121 133 0 45 cost 0.0008735334
92 101 97 109 91 136 cost 0.0008668759
64 74 109 121 91 136 cost 0.0008644206
101 111 97 109 0 45 cost 0.0008613466
55 64 121 133 45 91 cost 0.0008570456
83 92 109 121 91 136 cost 0.0008563372
74 83 109 121 91 136 cost 0.0008528908
46 55 72 84 0 45 cost 0.000852869
83 92 121 133 0 45 cost 0.0008524869
101 111 97 109 91 136 cost 0.0008493787
83 92 121 133 136 182 cost 0.0008482237
111 129 97 121 546 637 cost 0.0008480728
55 64 60 72 91 136 cost 0.000845832
27 37 84 97 45 91 cost 0.0008455467
111 129 169 194 182 273 cost 0.0008414823
92 101 121 133 0 45 cost 0.0008410119
92 101 84 97 0 45 cost 0.0008407399
101 111 121 133 136 182 cost 0.0008385502
46 55 72 84 91 136 cost 0.0008354006
74 83 121 133 136 182 cost 0.000832965
92 101 84 97 136 182 cost 0.0008319666
27 37 60 72 45 91 cost 0.0008314252
37 46 48 60 45 91 cost 0.0008310209
120 129 109 121 45 91 cost 0.0008302698
55 64 97 109 91 136 cost 0.0008258185
18 37 48 72 182 273 cost 0.0008221051
92 101 121 133 136 182 cost 0.0008218063
92 111 121 145 546 637 cost 0.0008211064
37 74 145 194 546 728 cost 0.0008198653
92 101 133 145 0 45 cost 0.0008184233
64 74 48 60 0 45 cost 0.0008182719
55 74 24 48 182 273 cost 0.0008182218
120 129 97 109 45 91 cost 0.00081569
37 46 109 121 45 91 cost 0.0008147539
111 129 48 72 91 182 cost 0.0008124224
55 64 97 109 0 45 cost 0.000809764
46 55 60 72 0 45 cost 0.0008063156
46 55 84 97 0 45 cost 0.0008036339
55 74 121 145 364 455 cost 0.0008019941
74 83 121 133 0 45 cost 0.0008015601
92 101 157 169 45 91 cost 0.000800854
101 111 84 97 136 182 cost 0.0008003312
101 111 145 157 0 45 cost 0.0007998644
46 55 84 97 91 136 cost 0.00079886
111 129 72 97 364 455 cost 0.000796621
120 129 121 133 45 91 cost 0.0007958056
74 92 97 121 637 728 cost 0.0007932663
92 111 72 97 455 546 cost 0.0007907487
83 92 72 84 0 45 cost 0.0007896663
101 111 72 84 45 91 cost 0.0007891868
92 111 97 121 637 728 cost 0.0007879301
101 111 109 121 91 136 cost 0.0007864067
74 83 72 84 91 136 cost 0.0007848647
92 101 109 121 91 136 cost 0.0007830719
74 83 48 60 45 91 cost 0.000782513
64 74 121 133 136 182 cost 0.0007824518
101 111 84 97 0 45 cost 0.0007819024
111 120 145 157 45 91 cost 0.0007800829
92 101 84 97 91 136 cost 0.0007794557
37 74 0 48 364 546 cost 0.0007785715
83 92 133 145 0 45 cost 0.0007764714
129 148 145 169 182 273 cost 0.0007715615
55 64 109 121 0 45 cost 0.0007664796
37 55 48 72 273 364 cost 0.0007658687
18 37 97 121 182 273 cost 0.0007612381
74 83 145 157 45 91 cost 0.0007577265
55 64 48 60 0 45 cost 0.0007576081
74 83 60 72 0 45 cost 0.0007541523
64 74 36 48 45 91 cost 0.0007512043
64 74 72 84 136 182 cost 0.0007507886
92 101 145 157 0 45 cost 0.0007503479
55 64 36 48 45 91 cost 0.0007482375
120 129 133 145 45 91 cost 0.0007477301
55 64 109 121 91 136 cost 0.0007436829
101 111 121 133 91 136 cost 0.0007425071
129 148 121 145 273 364 cost 0.0007419194
64 74 121 133 0 45 cost 0.000738171
101 111 84 97 91 136 cost 0.0007371289
74 92 121 145 546 637 cost 0.0007331637
111 120 109 121 0 45 cost 0.0007322902
83 92 121 133 91 136 cost 0.000725823
46 55 60 72 91 136 cost 0.000720919
83 92 72 84 91 136 cost 0.0007192198
111 120 97 109 91 136 cost 0.0007173712
92 111 145 169 364 455 cost 0.0007148743
111 120 121 133 0 45 cost 0.0007144015
74 83 121 133 91 136 cost 0.0007137137
46 55 121 133 45 91 cost 0.0007094195
37 74 0 48 546 728 cost 0.0007091778
18 37 145 169 0 91 cost 0.0007082226
111 120 97 109 0 45 cost 0.0007077591
55 64 97 109 136 182 cost 0.0007050067
55 74 72 97 455 546 cost 0.0007007916
46 55 97 109 91 136 cost 0.0006943295
46 55 109 121 0 45 cost 0.0006941073
92 101 121 133 91 136 cost 0.000693779
111 120 133 145 0 45 cost 0.000691784
37 55 24 48 182 273 cost 0.0006916987
37 55 121 145 273 364 cost 0.0006884572
83 92 145 157 0 45 cost 0.0006872972
55 64 109 121 136 182 cost 0.0006864374
0 18 97 121 0 91 cost 0.000685351
37 46 72 84 91 136 cost 0.0006829609
46 55 97 109 0 45 cost 0.0006795922
129 148 72 97 273 364 cost 0.0006793938
111 129 97 121 455 546 cost 0.000679354
101 111 133 145 91 136 cost 0.0006790493
74 83 133 145 0 45 cost 0.0006783031
37 46 72 84 0 45 cost 0.0006776176
120 129 84 97 45 91 cost 0.0006772628
64 74 121 133 91 136 cost 0.0006768173
101 111 133 145 136 182 cost 0.0006760352
92 101 60 72 45 91 cost 0.0006752967
55 64 84 97 136 182 cost 0.0006746828
111 120 157 169 45 91 cost 0.000672297
83 92 157 169 45 91 cost 0.0006705328
27 37 48 60 45 91 cost 0.0006697117
0 37 97 145 364 546 cost 0.0006659469
101 111 157 169 0 45 cost 0.0006655968
46 55 48 60 0 45 cost 0.0006617685
55 74 48 72 364 455 cost 0.0006617089
101 111 169 181 45 91 cost 0.0006614653
37 46 60 72 0 45 cost 0.0006583498
46 55 36 48 45 91 cost 0.0006581191
111 120 97 109 136 182 cost 0.0006576747
37 55 72 97 364 455 cost 0.0006569767
46 55 109 121 91 136 cost 0.0006564988
92 101 133 145 136 182 cost 0.000651794
37 55 97 121 364 455 cost 0.0006510015
64 74 48 60 91 136 cost 0.0006501087
111 120 109 121 91 136 cost 0.0006497058
111 120 109 121 136 182 cost 0.0006485412
64 74 145 157 45 91 cost 0.0006466624
83 92 133 145 136 182 cost 0.0006437261
55 64 48 60 91 136 cost 0.000641443
92 111 121 145 455 546 cost 0.0006403125
74 83 72 84 136 182 cost 0.0006375189
129 148 97 121 364 455 cost 0.0006363565
83 92 97 109 227 273 cost 0.0006351748
83 92 97 109 182 227 cost 0.0006346808
0 18 121 145 0 91 cost 0.0006331654
92 111 121 145 637 728 cost 0.0006320317
83 92 60 72 0 45 cost 0.000631586
27 37 97 109 45 91 cost 0.0006299423
111 129 72 97 546 637 cost 0.0006297051
55 74 97 121 455 546 cost 0.0006294782
74 83 60 72 91 136 cost 0.0006281336
74 83 133 145 136 182 cost 0.0006253822
37 46 84 97 91 136 cost 0.0006253407
74 92 72 97 637 728 cost 0.0006231741
83 92 133 145 91 136 cost 0.0006222831
92 101 157 169 0 45 cost 0.0006214137
92 101 133 145 91 136 cost 0.0006196432
111 120 121 133 136 182 cost 0.0006181204
120 129 145 157 45 91 cost 0.0006177946
64 74 60 72 136 182 cost 0.0006175811
0 37 0 48 182 364 cost 0.0006174147
111 120 145 157 0 45 cost 0.0006129021
55 64 133 145 45 91 cost 0.0006128647
111 120 84 97 91 136 cost 0.0006128185
83 92 84 97 182 227 cost 0.0006119906
83 92 72 84 136 182 cost 0.0006112904
55 64 72 84 136 182 cost 0.0006107722
0 37 97 145 546 728 cost 0.0006082425
74 92 121 145 455 546 cost 0.0006071781
92 101 169 181 45 91 cost 0.000606854
92 101 97 109 182 227 cost 0.000606814
101 111 97 109 182 227 cost 0.0006040988
111 120 121 133 91 136 cost 0.0006013905
37 46 60 72 91 136 cost 0.0006008133
74 92 121 145 637 728 cost 0.0006005877
83 92 84 97 227 273 cost 0.000600508
27 37 109 121 45 91 cost 0.0006004611
111 120 84 97 0 45 cost 0.0006000814
37 46 84 97 0 45 cost 0.0005999823
55 74 97 121 637 728 cost 0.0005988503
18 37 72 97 273 364 cost 0.000598238
111 129 121 145 546 637 cost 0.0005979862
74 83 133 145 91 136 cost 0.0005966969
92 101 72 84 0 45 cost 0.000595493
111 129 48 72 182 273 cost 0.0005909701
55 74 145 169 273 364 cost 0.0005905232
64 74 133 145 0 45 cost 0.0005871053
74 83 97 109 227 273 cost 0.0005862871
129 138 109 121 45 91 cost 0.0005858093
129 148 169 194 91 182 cost 0.0005850327
37 46 36 48 45 91 cost 0.0005845683
92 101 72 84 91 136 cost 0.0005831979
27 37 72 84 91 136 cost 0.0005828634
0 37 145 194 182 364 cost 0.0005826664
74 92 169 194 182 273 cost 0.000582168
74 83 97 109 182 227 cost 0.0005799988
37 55 72 97 546 637 cost 0.0005781366
83 92 109 121 227 273 cost 0.0005780997
92 111 48 72 273 364 cost 0.0005775698
92 111 145 169 546 637 cost 0.0005770433
92 101 84 97 182 227 cost 0.0005767359
37 55 145 169 182 273 cost 0.0005762708
92 111 169 194 273 364 cost 0.0005749104
120 129 97 109 91 136 cost 0.0005744551
111 120 84 97 136 182 cost 0.0005740351
101 111 84 97 182 227 cost 0.0005738964
55 74 48 72 546 637 cost 0.0005725995
129 138 97 109 45 91 cost 0.0005705241
64 74 133 145 136 182 cost 0.0005701654
83 92 48 60 45 91 cost 0.0005701337
64 74 84 97 182 227 cost 0.0005689412
92 111 72 97 637 728 cost 0.0005673761
92 101 97 109 227 273 cost 0.0005672259
74 83 84 97 182 227 cost 0.000565721
55 64 121 133 0 45 cost 0.0005650346
101 111 97 109 227 273 cost 0.0005643891
120 129 109 121 0 45 cost 0.0005641009
111 129 145 169 364 455 cost 0.0005640344
129 138 121 133 45 91 cost 0.0005632971
92 111 24 48 0 91 cost 0.0005630047
37 46 48 60 0 45 cost 0.0005629723
74 83 84 97 227 273 cost 0.0005623608
83 92 109 121 182 227 cost 0.0005622855
111 129 97 121 637 728 cost 0.0005594333
64 74 84 97 227 273 cost 0.0005586718
111 120 72 84 45 91 cost 0.0005549806
64 74 97 109 227 273 cost 0.0005544352
64 74 97 109 182 227 cost 0.0005532142
55 74 72 97 637 728 cost 0.0005514454
64 74 36 48 0 45 cost 0.0005514391
120 129 121 133 0 45 cost 0.0005514018
120 129 157 169 45 91 cost 0.0005497845
120 129 133 145 0 45 cost 0.0005493835
55 64 36 48 0 45 cost 0.0005493587
83 92 60 72 91 136 cost 0.0005483641
55 74 169 194 91 182 cost 0.0005456899
74 83 109 121 227 273 cost 0.000545406
101 111 145 157 91 136 cost 0.0005453662
92 101 109 121 182 227 cost 0.0005435564
55 64 121 133 136 182 cost 0.0005402507
74 83 145 157 0 45 cost 0.0005394538
46 55 48 60 91 136 cost 0.0005392018
64 74 133 145 91 136 cost 0.0005375325
92 101 72 84 136 182 cost 0.0005374413
37 46 109 121 0 45 cost 0.0005361473
120 129 109 121 91 136 cost 0.0005347254
101 111 109 121 182 227 cost 0.0005332889
92 101 84 97 227 273 cost 0.0005309877
111 120 133 145 91 136 cost 0.0005304986
18 37 121 145 182 273 cost 0.0005304017
55 74 121 145 546 637 cost 0.0005298739
101 111 84 97 227 273 cost 0.0005298169
27 37 60 72 0 45 cost 0.0005295902
129 148 121 145 364 455 cost 0.0005293271
18 27 72 84 45 91 cost 0.00052826
46 55 97 109 136 182 cost 0.0005277332
101 111 169 181 0 45 cost 0.0005258396
55 74 48 72 455 546 cost 0.0005258312
27 37 72 84 0 45 cost 0.0005248103
55 64 60 72 136 182 cost 0.0005242043
101 111 109 121 227 273 cost 0.0005240811
101 111 72 84 0 45 cost 0.0005223256
101 111 60 72 45 91 cost 0.0005218123
37 46 121 133 45 91 cost 0.0005211438
37 46 97 109 91 136 cost 0.0005195382
92 101 109 121 227 273 cost 0.0005193117
74 83 109 121 182 227 cost 0.0005189379
27 37 60 72 91 136 cost 0.00051879
111 129 72 97 455 546 cost 0.0005186292
74 92 48 72 364 455 cost 0.0005181781
120 129 97 109 0 45 cost 0.0005179182
74 83 48 60 0 45 cost 0.0005177684
46 55 133 145 45 91 cost 0.0005156698
111 120 157 169 0 45 cost 0.0005155569
37 55 97 121 546 637 cost 0.0005143438
64 74 109 121 227 273 cost 0.0005131349
83 92 157 169 0 45 cost 0.0005121071
46 55 109 121 136 182 cost 0.0005114898
46 55 84 97 136 182 cost 0.0005113877
55 64 121 133 91 136 cost 0.0005109587
101 111 145 157 136 182 cost 0.0005104003
37 46 109 121 91 136 cost 0.0005101228
111 120 169 181 45 91 cost 0.0005096396
27 37 84 97 91 136 cost 0.0005078332
92 101 145 157 91 136 cost 0.0005056268
64 74 109 121 182 227 cost 0.0005049935
120 129 145 157 0 45 cost 0.0004997418
18 27 84 97 45 91 cost 0.0004993474
129 138 133 145 45 91 cost 0.0004993081
101 111 72 84 91 136 cost 0.0004981821
46 55 121 133 0 45 cost 0.0004976322
120 129 109 121 136 182 cost 0.0004974178
83 92 121 133 227 273 cost 0.0004961414
83 92 169 181 45 91 cost 0.0004957615
92 101 169 181 0 45 cost 0.0004951228
46 55 36 48 0 45 cost 0.0004936787
74 92 145 169 364 455 cost 0.0004935011
83 92 145 157 91 136 cost 0.0004923745
92 111 145 169 637 728 cost 0.0004908589
92 111 145 169 455 546 cost 0.0004897125
129 148 145 169 273 364 cost 0.000489333
74 83 157 169 45 91 cost 0.0004882933
111 120 133 145 136 182 cost 0.00048745
27 37 36 48 45 91 cost 0.0004869318
0 18 72 97 0 91 cost 0.0004864788
111 120 97 109 227 273 cost 0.0004846107
18 37 97 121 273 364 cost 0.0004845818
37 46 97 109 0 45 cost 0.0004844189
120 129 121 133 91 136 cost 0.0004835261
46 55 72 84 136 182 cost 0.0004822517
129 138 84 97 45 91 cost 0.0004819031
120 129 84 97 91 136 cost 0.0004807426
83 92 121 133 182 227 cost 0.000479582
101 111 121 133 227 273 cost 0.0004790125
120 129 97 109 136 182 cost 0.0004774324
101 111 72 84 136 182 cost 0.0004761915
92 101 145 157 136 182 cost 0.0004745503
120 129 121 133 136 182 cost 0.000474486
37 55 121 145 364 455 cost 0.000474071
55 74 0 24 0 91 cost 0.0004708684
64 74 72 84 227 273 cost 0.0004690778
74 83 121 133 227 273 cost 0.0004682684
74 83 60 72 136 182 cost 0.0004677501
37 46 48 60 91 136 cost 0.0004672537
74 92 48 72 546 637 cost 0.0004661445
92 101 121 133 182 227 cost 0.0004653395
111 129 121 145 455 546 cost 0.0004639909
55 64 36 48 91 136 cost 0.0004636247
27 37 48 60 0 45 cost 0.0004636014
138 148 97 109 45 91 cost 0.0004610996
111 120 84 97 227 273 cost 0.0004584287
101 111 121 133 182 227 cost 0.000457405
64 74 145 157 0 45 cost 0.0004567709
74 83 121 133 182 227 cost 0.0004560324
27 37 84 97 0 45 cost 0.0004555331
92 101 121 133 227 273 cost 0.0004543419
101 111 157 169 91 136 cost 0.0004539293
55 74 121 145 455 546 cost 0.0004508612
74 83 145 157 91 136 cost 0.0004504291
55 74 24 48 273 364 cost 0.0004501662
92 101 60 72 0 45 cost 0.0004497627
55 64 145 157 45 91 cost 0.000449062
111 129 169 194 273 364 cost 0.0004475021
64 74 36 48 91 136 cost 0.0004471653
37 55 48 72 364 455 cost 0.0004462348
138 148 109 121 45 91 cost 0.0004441716
64 74 72 84 182 227 cost 0.0004437962
64 74 48 60 136 182 cost 0.0004434499
111 120 97 109 182 227 cost 0.0004411418
120 129 157 169 0 45 cost 0.0004404144
46 55 121 133 91 136 cost 0.0004393646
138 148 84 97 45 91 cost 0.0004385261
92 111 24 48 91 182 cost 0.0004379198
64 74 121 133 227 273 cost 0.0004375464
111 129 145 169 546 637 cost 0.0004359254
74 83 72 84 227 273 cost 0.0004330971
64 74 121 133 182 227 cost 0.0004326478
37 46 36 48 0 45 cost 0.0004324627
111 120 109 121 227 273 cost 0.0004321197
18 37 145 169 91 182 cost 0.0004312814
74 92 48 72 455 546 cost 0.0004312451
83 92 145 157 136 182 cost 0.0004306838
83 92 72 84 227 273 cost 0.0004296342
111 129 121 145 637 728 cost 0.0004271585
46 55 60 72 136 182 cost 0.0004266267
92 101 60 72 91 136 cost 0.0004264211
18 27 60 72 45 91 cost 0.0004261128
120 129 169 181 45 91 cost 0.000424214
74 83 36 48 45 91 cost 0.0004213386
55 64 84 97 227 273 cost 0.0004207452
27 37 48 60 91 136 cost 0.0004190156
55 64 133 145 0 45 cost 0.0004175516
83 92 60 72 136 182 cost 0.0004151749
55 74 121 145 637 728 cost 0.0004150468
101 111 133 145 227 273 cost 0.0004133919
120 129 133 145 91 136 cost 0.0004133574
83 92 72 84 182 227 cost 0.0004120377
83 92 169 181 0 45 cost 0.0004119232
74 92 145 169 546 637 cost 0.0004105379
92 101 157 169 91 136 cost 0.0004104471
111 120 145 157 91 136 cost 0.0004097766
129 138 145 157 45 91 cost 0.0004095809
111 120 169 181 0 45 cost 0.0004089562
18 27 109 121 45 91 cost 0.0004082474
55 64 97 109 227 273 cost 0.0004066759
120 129 84 97 0 45 cost 0.0004048931
55 64 133 145 136 182 cost 0.0004032253
55 64 48 60 136 182 cost 0.0004028889
83 92 48 60 0 45 cost 0.0004018907
0 18 97 121 91 182 cost 0.0004009245
129 138 97 109 91 136 cost 0.0004003759
0 18 145 169 0 91 cost 0.0003990985
83 92 133 145 227 273 cost 0.0003978868
74 83 72 84 182 227 cost 0.0003976344
111 129 72 97 637 728 cost 0.0003975651
129 148 72 97 364 455 cost 0.0003970494
37 55 72 97 455 546 cost 0.0003969742
111 120 84 97 182 227 cost 0.0003962532
64 74 145 157 91 136 cost 0.00039592
129 138 109 121 91 136 cost 0.0003958586
92 111 169 194 546 637 cost 0.0003948527
120 129 84 97 136 182 cost 0.0003947458
138 148 121 133 45 91 cost 0.0003946337
55 64 109 121 227 273 cost 0.0003930771
74 83 48 60 91 136 cost 0.000391172
37 55 72 97 637 728 cost 0.0003907701
55 64 84 97 182 227 cost 0.0003900755
111 120 109 121 182 227 cost 0.0003898669
55 64 97 109 182 227 cost 0.0003895947
55 64 133 145 91 136 cost 0.0003884906
46 55 121 133 136 182 cost 0.00038809
74 83 145 157 136 182 cost 0.0003877168
120 129 97 109 227 273 cost 0.0003867341
111 129 145 169 637 728 cost 0.0003861336
37 55 48 72 546 637 cost 0.0003855039
55 64 109 121 182 227 cost 0.0003851057
64 74 24 36 45 91 cost 0.0003850225
0 18 121 145 91 182 cost 0.0003849179
18 27 97 109 45 91 cost 0.0003844907
120 129 133 145 136 182 cost 0.0003841709
55 64 24 36 45 91 cost 0.0003838829
111 120 121 133 227 273 cost 0.0003831519
46 55 36 48 91 136 cost 0.0003827996
55 64 72 84 227 273 cost 0.0003823864
129 138 157 169 45 91 cost 0.0003819277
27 37 109 121 0 45 cost 0.000380497
92 101 72 84 182 227 cost 0.0003804607
18 37 48 72 273 364 cost 0.0003790846
92 111 169 194 364 455 cost 0.000378638
37 55 0 24 0 91 cost 0.0003778833
27 37 97 109 91 136 cost 0.000377817
37 46 72 84 136 182 cost 0.0003777939
92 101 133 145 227 273 cost 0.0003769306
111 120 72 84 91 136 cost 0.0003768857
74 83 133 145 227 273 cost 0.0003761937
101 111 157 169 136 182 cost 0.0003761429
37 46 121 133 0 45 cost 0.000375683
120 129 72 84 45 91 cost 0.0003754621
37 46 133 145 45 91 cost 0.0003744137
27 37 109 121 91 136 cost 0.0003732555
64 74 157 169 45 91 cost 0.0003729383
37 55 97 121 637 728 cost 0.0003714078
64 74 60 72 227 273 cost 0.0003710739
46 55 133 145 0 45 cost 0.0003708628
92 101 48 60 45 91 cost 0.0003708086
101 111 72 84 182 227 cost 0.0003705742
46 55 145 157 45 91 cost 0.0003671657
37 46 84 97 136 182 cost 0.0003661625
111 120 145 157 136 182 cost 0.0003651024
92 101 72 84 227 273 cost 0.0003648256
111 129 145 169 455 546 cost 0.0003647466
120 129 84 97 227 273 cost 0.0003645579
74 92 145 169 637 728 cost 0.0003644015
74 92 145 169 455 546 cost 0.0003636574
64 74 60 72 182 227 cost 0.0003636285
83 92 97 109 273 318 cost 0.0003633463
111 120 72 84 0 45 cost 0.0003632519
129 138 121 133 91 136 cost 0.0003625237
101 111 133 145 182 227 cost 0.0003623693
129 138 109 121 0 45 cost 0.0003618362
92 101 133 145 182 227 cost 0.0003606539
129 138 121 133 0 45 cost 0.0003597417
129 138 109 121 136 182 cost 0.0003592328
101 111 60 72 0 45 cost 0.0003588889
37 55 48 72 455 546 cost 0.0003588434
27 37 36 48 0 45 cost 0.0003584612
129 148 97 121 546 637 cost 0.000358198
120 129 169 181 0 45 cost 0.0003578838
101 111 181 194 45 91 cost 0.0003569848
37 46 97 109 136 182 cost 0.0003568377
37 46 109 121 136 182 cost 0.0003568303
83 92 133 145 182 227 cost 0.000356443
92 101 60 72 136 182 cost 0.0003559133
74 92 169 194 273 364 cost 0.0003550201
18 27 72 84 91 136 cost 0.0003537348
74 111 0 48 364 546 cost 0.0003528657
74 111 0 48 546 728 cost 0.000352483
92 101 181 194 45 91 cost 0.000351787
83 92 84 97 273 318 cost 0.0003516204
37 46 60 72 136 182 cost 0.00035154
92 101 97 109 273 318 cost 0.0003506052
111 120 157 169 91 136 cost 0.0003501917
129 138 133 145 0 45 cost 0.0003498863
55 74 48 72 637 728 cost 0.000349723
101 111 72 84 227 273 cost 0.0003489476
92 111 169 194 637 728 cost 0.000347589
129 138 121 133 136 182 cost 0.0003470795
129 148 169 194 182 273 cost 0.000345373
92 111 48 72 546 637 cost 0.0003453307
101 111 109 121 273 318 cost 0.0003451283
101 111 145 157 227 273 cost 0.0003449731
64 74 84 97 273 318 cost 0.0003448398
120 129 109 121 227 273 cost 0.0003442145
27 37 121 133 45 91 cost 0.0003435039
83 92 109 121 273 318 cost 0.0003431953
37 55 97 121 455 546 cost 0.0003424175
64 74 145 157 136 182 cost 0.0003423478
74 92 24 48 182 273 cost 0.0003422314
101 111 169 181 91 136 cost 0.0003415281
64 74 133 145 227 273 cost 0.0003412285
55 64 72 84 182 227 cost 0.0003406976
101 111 97 109 273 318 cost 0.00033986
74 83 97 109 273 318 cost 0.0003397989
46 55 133 145 91 136 cost 0.0003393873
101 111 60 72 91 136 cost 0.0003385856
92 101 109 121 273 318 cost 0.0003374825
74 83 84 97 273 318 cost 0.0003369849
92 111 48 72 364 455 cost 0.0003364752
129 148 48 72 0 91 cost 0.0003358833
37 46 36 48 91 136 cost 0.0003353183
83 92 157 169 91 136 cost 0.0003346196
101 111 181 194 0 45 cost 0.0003344156
55 74 145 169 364 455 cost 0.0003323619
46 55 24 36 45 91 cost 0.0003318562
92 101 157 169 136 182 cost 0.000331429
111 120 121 133 182 227 cost 0.0003307825
74 83 133 145 182 227 cost 0.0003302013
37 46 121 133 91 136 cost 0.0003298646
92 111 169 194 455 546 cost 0.0003298223
92 101 181 194 0 45 cost 0.0003292115
129 138 84 97 91 136 cost 0.0003289165
120 129 97 109 182 227 cost 0.0003262165
74 83 169 181 45 91 cost 0.0003256925
74 83 157 169 0 45 cost 0.0003253098
74 83 109 121 273 318 cost 0.0003249513
129 138 97 109 136 182 cost 0.0003249054
46 55 48 60 136 182 cost 0.0003239885
27 37 97 109 0 45 cost 0.0003234257
55 64 121 133 227 273 cost 0.0003226121
92 101 84 97 273 318 cost 0.0003222028
120 129 145 157 91 136 cost 0.0003216667
64 74 97 109 273 318 cost 0.0003207523
129 148 145 169 364 455 cost 0.00032016
92 101 169 181 91 136 cost 0.0003197666
18 27 48 60 45 91 cost 0.0003193629
37 55 145 169 273 364 cost 0.000319171
111 120 133 145 227 273 cost 0.0003187688
46 55 84 97 227 273 cost 0.0003186466
55 64 121 133 182 227 cost 0.0003184589
46 55 109 121 182 227 cost 0.0003181736
129 138 97 109 0 45 cost 0.0003174047
55 64 145 157 0 45 cost 0.0003165421
138 148 97 109 91 136 cost 0.0003162493
55 64 60 72 227 273 cost 0.0003150713
78 83 90 97 45 68 cost 0.0003148479
129 138 145 157 0 45 cost 0.000314628
37 55 24 48 273 364 cost 0.0003141321
111 120 60 72 45 91 cost 0.00031269
46 55 72 84 227 273 cost 0.0003102881
27 37 36 48 91 136 cost 0.000308437
69 74 90 97 45 68 cost 0.0003083978
64 74 24 36 0 45 cost 0.0003078359
0 18 72 97 91 182 cost 0.0003064057
18 27 84 97 91 136 cost 0.0003061532
111 120 72 84 136 182 cost 0.0003060577
27 37 72 84 136 182 cost 0.0003059565
101 111 84 97 273 318 cost 0.0003053613
120 129 109 121 182 227 cost 0.0003047295
92 101 145 157 227 273 cost 0.0003046636
74 83 60 72 227 273 cost 0.0003043466
138 148 109 121 91 136 cost 0.0003023547
64 74 109 121 273 318 cost 0.0003021582
46 55 109 121 227 273 cost 0.0003020518
27 37 60 72 136 182 cost 0.0003009452
138 148 133 145 45 91 cost 0.0003007652
120 129 121 133 227 273 cost 0.000300608
64 69 90 97 45 68 cost 0.0003002276
46 55 97 109 227 273 cost 0.0003000171
55 64 24 36 0 45 cost 0.0002999541
129 148 121 145 546 637 cost 0.000299794
83 92 48 60 91 136 cost 0.0002995215
111 129 169 194 364 455 cost 0.0002990008
46 55 97 109 182 227 cost 0.0002982595
101 111 60 72 136 182 cost 0.0002971891
37 46 24 36 45 91 cost 0.0002964141
55 64 36 48 136 182 cost 0.0002957928
111 129 169 194 546 637 cost 0.0002957132
83 92 145 157 227 273 cost 0.0002950955
129 148 97 121 455 546 cost 0.0002949576
87 92 90 97 45 68 cost 0.0002946705
74 83 60 72 182 227 cost 0.0002943703
64 74 133 145 182 227 cost 0.0002943328
129 138 133 145 91 136 cost 0.0002943227
74 83 36 48 0 45 cost 0.0002936906
55 64 60 72 182 227 cost 0.000293472
129 138 157 169 0 45 cost 0.0002921801
101 111 157 169 227 273 cost 0.0002919792
111 120 72 84 227 273 cost 0.0002916907
120 129 145 157 136 182 cost 0.0002915323
18 37 72 97 364 455 cost 0.0002907879
55 64 145 157 91 136 cost 0.0002906294
111 129 169 194 637 728 cost 0.0002904182
64 74 72 84 273 318 cost 0.0002896479
83 92 181 194 45 91 cost 0.0002892534
74 83 48 60 136 182 cost 0.0002885438
111 120 181 194 45 91 cost 0.0002884017
83 92 97 109 318 364 cost 0.0002879671
46 55 133 145 136 182 cost 0.0002878014
18 27 60 72 91 136 cost 0.000285766
120 129 72 84 91 136 cost 0.0002857475
64 74 36 48 136 182 cost 0.000285529
46 55 84 97 182 227 cost 0.0002852321
83 92 109 121 318 364 cost 0.0002851662
111 120 97 109 273 318 cost 0.000284902
101 111 109 121 318 364 cost 0.000284093
37 46 133 145 0 45 cost 0.0002839184
138 148 84 97 91 136 cost 0.0002838343
120 129 157 169 91 136 cost 0.0002829141
74 92 48 72 637 728 cost 0.0002825021
129 138 169 181 45 91 cost 0.0002821232
92 101 109 121 318 364 cost 0.0002809357
92 111 48 72 455 546 cost 0.0002808982
64 69 78 84 45 68 cost 0.0002800095
83 92 60 72 227 273 cost 0.0002799705
59 64 90 97 45 68 cost 0.0002799674
101 111 121 133 273 318 cost 0.0002794104
111 120 109 121 273 318 cost 0.0002792336
83 92 181 194 0 45 cost 0.0002790692
111 120 157 169 136 182 cost 0.0002781691
83 92 60 72 182 227 cost 0.0002778686
120 129 84 97 182 227 cost 0.0002768042
74 83 97 109 318 364 cost 0.0002761342
37 46 48 60 136 182 cost 0.000275519
37 55 121 145 546 637 cost 0.0002755084
64 69 72 78 45 68 cost 0.0002744663
46 55 145 157 0 45 cost 0.0002741229
111 120 133 145 182 227 cost 0.0002740397
92 101 97 109 318 364 cost 0.0002738965
18 27 72 84 0 45 cost 0.0002735997
101 111 145 157 182 227 cost 0.0002730373
64 69 84 90 45 68 cost 0.0002726624
78 83 97 103 45 68 cost 0.0002722959
59 64 78 84 45 68 cost 0.0002721647
18 37 72 97 546 637 cost 0.0002717334
129 138 133 145 136 182 cost 0.0002711565
129 138 97 109 227 273 cost 0.0002711398
83 92 157 169 136 182 cost 0.0002710107
138 148 121 133 91 136 cost 0.0002709014
111 120 181 194 0 45 cost 0.0002705846
78 83 103 109 45 68 cost 0.0002690646
129 138 84 97 136 182 cost 0.0002690262
92 101 121 133 273 318 cost 0.0002689598
59 64 72 78 45 68 cost 0.0002688169
74 83 109 121 318 364 cost 0.0002679195
64 69 66 72 45 68 cost 0.000266561
101 111 97 109 318 364 cost 0.0002664789
69 74 84 90 45 68 cost 0.0002662648
46 55 60 72 227 273 cost 0.0002661357
69 74 78 84 45 68 cost 0.0002660356
37 55 121 145 455 546 cost 0.0002659911
74 92 0 24 0 91 cost 0.00026599
111 120 169 181 91 136 cost 0.0002653171
46 55 24 36 0 45 cost 0.0002649445
46 55 72 84 182 227 cost 0.0002638762
129 148 48 72 91 182 cost 0.0002637806
111 120 145 157 227 273 cost 0.0002634266
74 83 157 169 91 136 cost 0.0002626802
37 46 121 133 136 182 cost 0.0002625876
111 129 169 194 455 546 cost 0.0002625515
0 18 145 169 91 182 cost 0.0002625203
74 83 145 157 227 273 cost 0.0002623446
87 92 103 109 45 68 cost 0.0002623278
83 92 36 48 45 91 cost 0.0002620538
83 92 121 133 273 318 cost 0.0002618644
92 101 145 157 182 227 cost 0.0002616502
59 64 84 90 45 68 cost 0.0002603532
92 101 48 60 0 45 cost 0.0002602914
83 92 72 84 273 318 cost 0.0002601426
59 64 66 72 45 68 cost 0.0002599518
74 83 72 84 273 318 cost 0.0002595207
74 92 24 48 273 364 cost 0.0002591187
69 74 97 103 45 68 cost 0.0002587549
18 27 60 72 0 45 cost 0.0002586979
46 55 121 133 182 227 cost 0.0002582567
69 74 72 78 45 68 cost 0.0002581745
101 111 121 133 318 364 cost 0.0002580787
46 55 145 157 91 136 cost 0.0002579655
27 37 84 97 136 182 cost 0.000257949
129 148 97 121 637 728 cost 0.0002577859
69 74 90 97 68 91 cost 0.0002575617
55 64 84 97 273 318 cost 0.0002572817
87 92 97 103 45 68 cost 0.0002572372
111 120 84 97 273 318 cost 0.0002567447
129 138 72 84 45 91 cost 0.0002559804
37 46 133 145 91 136 cost 0.0002555386
78 83 90 97 68 91 cost 0.0002552979
129 138 84 97 227 273 cost 0.0002552349
27 37 121 133 0 45 cost 0.0002551533
64 69 90 97 68 91 cost 0.0002550305
83 87 90 97 45 68 cost 0.0002548548
37 46 145 157 45 91 cost 0.0002546659
101 111 169 181 136 182 cost 0.0002544466
120 129 121 133 182 227 cost 0.0002543565
74 78 90 97 45 68 cost 0.0002541039
27 37 48 60 136 182 cost 0.0002535432
59 64 90 97 68 91 cost 0.00025338
111 129 48 72 273 364 cost 0.0002522592
64 74 157 169 0 45 cost 0.0002513863
74 83 121 133 273 318 cost 0.0002513465
64 74 97 109 318 364 cost 0.0002510621
83 92 169 181 91 136 cost 0.0002510343
55 64 133 145 227 273 cost 0.0002503936
129 148 72 97 546 637 cost 0.0002502536
138 148 109 121 136 182 cost 0.0002501457
18 27 109 121 91 136 cost 0.0002501196
78 83 84 90 45 68 cost 0.0002501021
111 120 72 84 182 227 cost 0.0002498606
101 111 48 60 45 91 cost 0.0002495559
83 92 84 97 318 364 cost 0.0002492352
64 74 48 60 227 273 cost 0.0002490984
69 74 103 109 45 68 cost 0.0002488657
78 83 109 115 45 68 cost 0.0002488174
74 83 84 97 318 364 cost 0.0002487227
101 111 133 145 273 318 cost 0.0002486996
64 69 60 66 45 68 cost 0.0002485608
120 129 133 145 227 273 cost 0.0002484862
138 148 121 133 136 182 cost 0.0002481895
92 101 157 169 227 273 cost 0.0002478018
92 101 121 133 318 364 cost 0.0002476776
87 92 109 115 45 68 cost 0.0002474968
83 92 121 133 318 364 cost 0.0002469074
120 129 181 194 45 91 cost 0.0002466219
120 129 181 194 0 45 cost 0.0002464903
64 69 97 103 45 68 cost 0.0002463609
64 74 48 60 182 227 cost 0.0002461842
129 138 109 121 227 273 cost 0.0002461104
46 55 121 133 227 273 cost 0.0002457485
78 83 90 97 22 45 cost 0.0002452203
96 101 90 97 45 68 cost 0.0002443799
64 74 84 97 318 364 cost 0.0002437793
27 37 24 36 45 91 cost 0.000243383
18 27 84 97 0 45 cost 0.00024331
138 148 109 121 0 45 cost 0.000242978
46 55 36 48 136 182 cost 0.0002428877
18 37 121 145 273 364 cost 0.0002427452
78 83 78 84 45 68 cost 0.0002420989
59 64 60 66 45 68 cost 0.0002419591
69 74 66 72 45 68 cost 0.0002415672
83 92 145 157 182 227 cost 0.0002406824
129 138 84 97 0 45 cost 0.0002400903
138 148 145 157 45 91 cost 0.0002398315
37 55 48 72 637 728 cost 0.0002395343
55 64 145 157 136 182 cost 0.00023944
138 148 72 84 45 91 cost 0.000239369
64 74 109 121 318 364 cost 0.0002390607
74 83 36 48 91 136 cost 0.0002385845
92 101 60 72 182 227 cost 0.000238535
59 64 78 84 68 91 cost 0.0002362167
59 64 84 90 68 91 cost 0.0002359883
101 106 90 97 45 68 cost 0.0002353846
50 55 78 84 45 68 cost 0.000235332
27 37 133 145 45 91 cost 0.0002351254
92 101 84 97 318 364 cost 0.0002348867
129 148 169 194 273 364 cost 0.000234803
64 69 103 109 45 68 cost 0.0002344887
74 83 169 181 0 45 cost 0.0002341493
50 55 72 78 45 68 cost 0.0002335654
92 101 169 181 136 182 cost 0.0002334981
64 74 169 181 45 91 cost 0.0002331505
64 69 84 90 68 91 cost 0.0002330944
18 37 48 72 364 455 cost 0.0002327803
18 27 36 48 45 91 cost 0.0002326841
74 92 169 194 546 637 cost 0.0002322693
46 55 60 72 182 227 cost 0.0002320566
78 83 72 78 45 68 cost 0.0002318565
111 120 109 121 318 364 cost 0.0002317369
55 64 72 84 273 318 cost 0.0002314777
64 74 60 72 273 318 cost 0.0002314026
64 69 78 84 68 91 cost 0.0002312873
55 64 133 145 182 227 cost 0.0002310556
111 120 157 169 227 273 cost 0.0002304977
50 55 90 97 45 68 cost 0.0002303996
64 74 145 157 227 273 cost 0.0002303977
74 83 121 133 318 364 cost 0.0002302751
64 74 121 133 273 318 cost 0.0002300396
55 74 145 169 455 546 cost 0.0002299657
87 92 90 97 68 91 cost 0.0002298103
55 64 97 109 273 318 cost 0.0002297737
87 92 90 97 22 45 cost 0.0002292457
18 27 48 60 91 136 cost 0.0002291963
138 148 97 109 0 45 cost 0.0002290976
18 37 48 72 546 637 cost 0.0002289757
59 64 97 103 45 68 cost 0.0002285584
129 148 145 169 546 637 cost 0.00022846
129 148 48 72 182 273 cost 0.0002282335
69 74 109 115 45 68 cost 0.0002276634
18 27 48 60 0 45 cost 0.000227437
120 129 72 84 0 45 cost 0.0002274159
69 74 90 97 22 45 cost 0.0002274077
83 92 48 60 136 182 cost 0.000227405
64 74 24 36 91 136 cost 0.0002268833
37 46 72 84 227 273 cost 0.0002267789
138 148 121 133 0 45 cost 0.0002266986
37 46 24 36 0 45 cost 0.0002265883
120 129 72 84 227 273 cost 0.0002265824
92 101 72 84 273 318 cost 0.0002265279
92 101 133 145 273 318 cost 0.0002264748
138 148 97 109 136 182 cost 0.0002259332
18 37 72 97 637 728 cost 0.000225765
129 138 169 181 0 45 cost 0.0002254313
87 92 84 90 45 68 cost 0.0002253768
55 64 24 36 91 136 cost 0.0002253589
96 101 103 109 45 68 cost 0.0002252863
87 92 115 121 45 68 cost 0.0002252551
78 83 115 121 45 68 cost 0.0002251388
101 111 84 97 318 364 cost 0.0002245281
101 111 157 169 182 227 cost 0.0002243606
111 120 121 133 273 318 cost 0.0002243038
120 129 97 109 273 318 cost 0.0002242533
59 64 72 78 68 91 cost 0.0002241611
50 55 90 97 68 91 cost 0.0002236484
69 74 84 90 68 91 cost 0.0002236462
129 138 121 133 227 273 cost 0.0002235548
92 101 48 60 91 136 cost 0.0002234544
120 129 109 121 273 318 cost 0.0002232629
18 27 109 121 0 45 cost 0.0002231765
78 83 97 103 68 91 cost 0.0002222712
101 111 133 145 318 364 cost 0.0002221951
78 83 103 109 68 91 cost 0.0002221915
83 87 103 109 45 68 cost 0.0002219206
55 64 48 60 227 273 cost 0.0002216784
120 129 169 181 91 136 cost 0.0002215733
50 55 66 72 45 68 cost 0.0002214855
120 129 157 169 136 182 cost 0.000221405
64 69 72 78 68 91 cost 0.0002213205
120 129 133 145 182 227 cost 0.0002211561
18 27 97 109 91 136 cost 0.000221078
69 74 60 66 45 68 cost 0.000220888
101 111 60 72 182 227 cost 0.0002206249
83 87 97 103 45 68 cost 0.0002206124
55 64 109 121 273 318 cost 0.0002205977
111 120 97 109 318 364 cost 0.0002202672
50 55 84 90 45 68 cost 0.0002200629
78 83 103 109 22 45 cost 0.0002200446
101 106 103 109 45 68 cost 0.0002193433
37 46 109 121 182 227 cost 0.0002191803
129 138 145 157 91 136 cost 0.000218816
111 120 60 72 0 45 cost 0.0002184674
96 101 97 103 45 68 cost 0.0002184553
129 138 97 109 182 227 cost 0.0002183078
74 92 169 194 637 728 cost 0.0002175364
55 64 157 169 45 91 cost 0.0002174007
64 69 90 97 22 45 cost 0.0002168712
64 69 66 72 22 45 cost 0.0002168221
101 111 109 121 364 409 cost 0.0002166424
55 64 48 60 182 227 cost 0.0002166101
96 101 109 115 45 68 cost 0.0002165719
64 69 54 60 45 68 cost 0.0002165707
59 64 103 109 45 68 cost 0.0002164501
18 27 121 133 45 91 cost 0.000216383
129 148 121 145 455 546 cost 0.0002162886
64 69 78 84 22 45 cost 0.0002160248
74 78 97 103 45 68 cost 0.0002158894
106 111 90 97 45 68 cost 0.0002156699
37 46 84 97 227 273 cost 0.000215361
129 138 109 121 182 227 cost 0.0002153546
69 74 97 103 68 91 cost 0.0002152354
55 74 0 24 91 182 cost 0.0002148741
0 18 121 145 182 273 cost 0.0002145588
101 111 97 109 364 409 cost 0.0002143871
120 129 145 157 227 273 cost 0.0002143713
74 83 24 36 45 91 cost 0.0002142819
50 55 78 84 68 91 cost 0.000214253
78 83 97 103 22 45 cost 0.0002142142
64 69 72 78 22 45 cost 0.0002138439
59 64 54 60 45 68 cost 0.0002136387
92 96 90 97 45 68 cost 0.0002134801
83 92 133 145 273 318 cost 0.0002132973
74 92 169 194 364 455 cost 0.0002132171
92 101 60 72 227 273 cost 0.0002130562
69 74 78 84 68 91 cost 0.0002130104
64 69 109 115 45 68 cost 0.0002128996
64 69 66 72 68 91 cost 0.0002127257
37 46 72 84 182 227 cost 0.0002126942
64 74 84 97 364 409 cost 0.0002123499
50 55 84 90 68 91 cost 0.0002121256
101 106 109 115 45 68 cost 0.0002118621
46 55 84 97 273 318 cost 0.0002114143
87 92 103 109 68 91 cost 0.0002112676
78 83 109 115 22 45 cost 0.000211149
101 111 72 84 273 318 cost 0.000211094
101 106 97 103 45 68 cost 0.0002110015
59 64 78 84 22 45 cost 0.0002108029
59 64 66 72 22 45 cost 0.0002106145
27 37 121 133 91 136 cost 0.0002096591
74 78 103 109 45 68 cost 0.0002096184
87 92 121 127 45 68 cost 0.0002095619
37 46 109 121 227 273 cost 0.0002092806
129 138 145 157 136 182 cost 0.0002092463
87 92 78 84 45 68 cost 0.0002091678
59 64 72 78 22 45 cost 0.000208741
59 64 66 72 68 91 cost 0.0002086984
74 78 84 90 45 68 cost 0.0002085394
50 55 72 78 68 91 cost 0.0002085239
64 69 97 103 68 91 cost 0.0002085122
37 55 121 145 637 728 cost 0.0002078418
87 92 103 109 22 45 cost 0.0002078323
83 87 109 115 45 68 cost 0.0002077295
69 74 103 109 68 91 cost 0.0002075144
37 46 36 48 136 182 cost 0.000207363
55 59 78 84 45 68 cost 0.0002073385
74 83 84 97 364 409 cost 0.000207321
55 59 90 97 45 68 cost 0.0002073129
87 92 97 103 68 91 cost 0.0002072979
74 78 90 97 68 91 cost 0.0002072284
0 37 0 48 364 546 cost 0.0002070447
69 74 115 121 45 68 cost 0.0002070234
101 111 84 97 364 409 cost 0.0002068479
78 83 109 115 68 91 cost 0.0002066775
83 92 97 109 364 409 cost 0.0002064198
74 78 78 84 45 68 cost 0.0002062095
59 64 97 103 68 91 cost 0.0002061682
106 111 103 109 45 68 cost 0.0002061211
27 37 109 121 136 182 cost 0.0002060277
74 83 157 169 136 182 cost 0.0002060072
87 92 127 133 45 68 cost 0.000205881
74 83 145 157 182 227 cost 0.0002058015
37 46 84 97 182 227 cost 0.0002057449
74 83 97 109 364 409 cost 0.0002056329
78 83 121 127 45 68 cost 0.0002054984
96 101 115 121 45 68 cost 0.0002054963
111 120 121 133 318 364 cost 0.0002054408
138 148 97 109 227 273 cost 0.0002053662
64 69 84 90 22 45 cost 0.0002053658
111 120 145 157 182 227 cost 0.0002052078
129 138 157 169 91 136 cost 0.000205206
83 92 84 97 364 409 cost 0.000205116
78 83 66 72 45 68 cost 0.0002048171
55 59 72 78 45 68 cost 0.0002047877
69 74 78 84 22 45 cost 0.0002047185
138 148 84 97 0 45 cost 0.0002046509
138 148 84 97 227 273 cost 0.0002045493
101 111 145 157 273 318 cost 0.000204265
46 55 133 145 227 273 cost 0.0002041277
96 101 133 139 45 68 cost 0.0002039323
96 101 127 133 45 68 cost 0.0002037616
64 74 121 133 318 364 cost 0.0002037448
92 101 181 194 91 136 cost 0.0002036609
64 74 157 169 91 136 cost 0.0002035764
92 101 133 145 318 364 cost 0.0002035602
101 106 133 139 45 68 cost 0.0002035308
50 55 60 66 45 68 cost 0.0002035003
83 92 157 169 227 273 cost 0.0002033997
78 83 84 90 68 91 cost 0.0002032515
59 64 90 97 22 45 cost 0.0002031717
101 111 181 194 91 136 cost 0.0002031135
64 74 97 109 364 409 cost 0.0002030748
37 46 145 157 0 45 cost 0.0002029102
101 106 115 121 45 68 cost 0.0002029023
64 69 60 66 22 45 cost 0.0002028678
46 55 72 84 273 318 cost 0.0002028376
37 46 60 72 227 273 cost 0.0002026659
69 74 72 78 68 91 cost 0.0002026556
101 106 127 133 45 68 cost 0.0002022775
27 37 97 109 136 182 cost 0.0002017
69 74 84 90 22 45 cost 0.0002015473
120 129 84 97 273 318 cost 0.0002013935
138 148 84 97 136 182 cost 0.0002011897
138 148 157 169 45 91 cost 0.0002011197
87 92 133 139 45 68 cost 0.0002010628
74 83 133 145 273 318 cost 0.0002005439
64 69 103 109 68 91 cost 0.000200399
78 83 84 90 22 45 cost 0.000200396
83 87 90 97 68 91 cost 0.000200322
87 92 109 115 68 91 cost 0.000200292
69 74 72 78 22 45 cost 0.0002002209
92 101 97 109 364 409 cost 0.0002001551
87 92 109 115 22 45 cost 0.0001999418
37 46 97 109 182 227 cost 0.0001998898
59 64 109 115 45 68 cost 0.0001996522
87 92 97 103 22 45 cost 0.0001995539
120 129 72 84 136 182 cost 0.0001993821
0 37 0 48 546 728 cost 0.0001991706
92 101 157 169 182 227 cost 0.0001991003
96 101 121 127 45 68 cost 0.0001990902
101 106 121 127 45 68 cost 0.0001989306
138 148 133 145 91 136 cost 0.0001987207
101 111 169 181 227 273 cost 0.0001987118
74 78 72 78 45 68 cost 0.0001987066
83 87 84 90 45 68 cost 0.000198601
106 111 109 115 45 68 cost 0.0001979661
59 64 84 90 22 45 cost 0.0001978849
120 129 157 169 227 273 cost 0.0001976377
37 46 133 145 136 182 cost 0.0001976368
59 64 103 109 68 91 cost 0.0001974156
92 111 48 72 637 728 cost 0.000197412
106 111 97 103 45 68 cost 0.000197137
55 59 90 97 68 91 cost 0.000197043
92 101 109 121 364 409 cost 0.0001970419
27 37 36 48 136 182 cost 0.0001969957
129 148 72 97 455 546 cost 0.0001969911
41 46 78 84 45 68 cost 0.0001969479
64 74 72 84 318 364 cost 0.0001969383
46 55 133 145 182 227 cost 0.0001965731
59 64 60 66 22 45 cost 0.0001965303
41 46 72 78 45 68 cost 0.0001959934
111 120 133 145 273 318 cost 0.0001959142
83 92 133 145 318 364 cost 0.0001959105
55 59 66 72 45 68 cost 0.0001958534
83 92 169 181 136 182 cost 0.0001957316
55 59 84 90 45 68 cost 0.0001956925
37 46 60 72 182 227 cost 0.0001956413
69 74 66 72 22 45 cost 0.0001954959
87 92 72 78 45 68 cost 0.0001951915
78 83 127 133 45 68 cost 0.000195166
83 87 90 97 22 45 cost 0.0001947788
92 101 84 97 364 409 cost 0.0001944448
129 148 72 97 637 728 cost 0.0001944148
55 64 84 97 318 364 cost 0.0001943985
64 69 115 121 45 68 cost 0.0001936892
101 111 48 60 0 45 cost 0.0001936608
83 92 36 48 0 45 cost 0.0001935571
111 120 169 181 136 182 cost 0.0001934794
92 96 103 109 45 68 cost 0.0001934271
106 111 133 139 45 68 cost 0.0001933911
55 64 60 72 273 318 cost 0.0001933471
74 78 109 115 45 68 cost 0.0001931922
83 92 109 121 364 409 cost 0.0001927173
69 74 103 109 22 45 cost 0.0001926904
37 46 97 109 227 273 cost 0.0001925816
78 83 78 84 22 45 cost 0.0001925275
78 83 115 121 22 45 cost 0.0001923421
69 74 97 103 22 45 cost 0.0001918783
106 111 127 133 45 68 cost 0.0001917953
46 55 24 36 91 136 cost 0.0001917923
64 69 60 66 68 91 cost 0.000191674
55 74 169 194 273 364 cost 0.0001916418
101 111 97 109 409 455 cost 0.0001915655
0 18 97 121 182 273 cost 0.0001912895
74 78 90 97 22 45 cost 0.0001904208
50 55 97 103 45 68 cost 0.0001903927
101 111 109 121 409 455 cost 0.0001903387
55 64 97 109 318 364 cost 0.000190337
69 74 66 72 68 91 cost 0.0001902038
92 96 97 103 45 68 cost 0.0001899755
92 101 48 60 136 182 cost 0.0001899493
18 37 48 72 455 546 cost 0.0001898929
106 111 115 121 45 68 cost 0.0001897964
46 55 48 60 227 273 cost 0.0001896656
74 83 109 121 364 409 cost 0.0001896429
138 148 133 145 0 45 cost 0.000188667
69 74 54 60 45 68 cost 0.0001885315
78 83 115 121 68 91 cost 0.0001884347
101 111 60 72 227 273 cost 0.0001884318
37 46 145 157 91 136 cost 0.0001882919
50 55 66 72 68 91 cost 0.0001881815
96 101 139 145 45 68 cost 0.0001878949
83 87 115 121 45 68 cost 0.0001877059
41 46 66 72 45 68 cost 0.000187463
83 87 78 84 45 68 cost 0.0001873213
106 111 121 127 45 68 cost 0.000187188
120 129 60 72 45 91 cost 0.0001868108
59 64 60 66 68 91 cost 0.0001866672
74 92 169 194 455 546 cost 0.0001866512
78 83 78 84 68 91 cost 0.0001865742
69 74 109 115 22 45 cost 0.0001865147
64 74 84 97 546 591 cost 0.0001859104
55 59 78 84 68 91 cost 0.0001856291
27 37 24 36 0 45 cost 0.0001853666
55 59 84 90 68 91 cost 0.0001852186
50 55 103 109 45 68 cost 0.0001851883
92 96 109 115 45 68 cost 0.0001849773
69 74 109 115 68 91 cost 0.0001846239
87 92 115 121 22 45 cost 0.0001843094
46 55 109 121 273 318 cost 0.0001841628
64 74 109 121 364 409 cost 0.0001838802
78 83 133 139 45 68 cost 0.0001837545
96 101 84 90 45 68 cost 0.0001837378
27 37 133 145 0 45 cost 0.0001835707
69 74 121 127 45 68 cost 0.0001834434
138 148 109 121 227 273 cost 0.0001833038
74 83 72 84 318 364 cost 0.0001832766
101 106 139 145 45 68 cost 0.0001832608
129 138 84 97 182 227 cost 0.0001832249
96 101 103 109 68 91 cost 0.0001831738
96 101 90 97 68 91 cost 0.0001830662
87 92 115 121 68 91 cost 0.0001829477
111 120 84 97 318 364 cost 0.0001828352
41 46 90 97 45 68 cost 0.0001826402
92 101 145 157 273 318 cost 0.0001820364
96 101 103 109 22 45 cost 0.0001818125
41 46 84 90 45 68 cost 0.0001817942
83 92 97 109 409 455 cost 0.0001816344
120 129 109 121 318 364 cost 0.0001815637
50 55 97 103 68 91 cost 0.0001815322
115 120 103 109 45 68 cost 0.0001814799
59 64 115 121 45 68 cost 0.0001814239
74 83 169 181 91 136 cost 0.0001812113
78 83 60 66 45 68 cost 0.0001811729
50 55 109 115 45 68 cost 0.0001811052
129 138 121 133 182 227 cost 0.0001806553
78 83 72 78 22 45 cost 0.0001804403
50 55 54 60 45 68 cost 0.0001803905
74 83 133 145 318 364 cost 0.0001803773
115 120 90 97 45 68 cost 0.0001802831
69 74 60 66 22 45 cost 0.0001802571
55 59 60 66 45 68 cost 0.0001802151
59 64 48 54 45 68 cost 0.0001801363
64 69 48 54 45 68 cost 0.0001800831
129 138 133 145 227 273 cost 0.0001798738
64 74 145 157 182 227 cost 0.0001798538
46 55 97 109 273 318 cost 0.0001797299
83 87 103 109 68 91 cost 0.0001796039
96 101 109 115 68 91 cost 0.0001793602
55 64 109 121 318 364 cost 0.0001793279
87 92 139 145 45 68 cost 0.0001793074
101 111 84 97 409 455 cost 0.0001789254
37 55 145 169 364 455 cost 0.0001783797
64 74 97 109 546 591 cost 0.0001783211
87 92 84 90 22 45 cost 0.0001783127
129 138 72 84 91 136 cost 0.0001782899
96 101 145 151 45 68 cost 0.0001780698
74 78 97 103 68 91 cost 0.0001776044
64 69 97 103 22 45 cost 0.0001775691
83 87 72 78 45 68 cost 0.0001775561
83 92 84 97 409 455 cost 0.0001774581
64 69 103 109 22 45 cost 0.0001774438
115 120 109 115 45 68 cost 0.0001771634
83 92 84 97 546 591 cost 0.0001771351
101 111 121 133 364 409 cost 0.0001770574
74 78 66 72 45 68 cost 0.000177048
138 148 133 145 136 182 cost 0.0001770259
55 59 72 78 68 91 cost 0.000176771
74 83 48 60 227 273 cost 0.0001767358
83 87 97 103 68 91 cost 0.0001766267
83 92 97 109 546 591 cost 0.0001764914
120 129 121 133 273 318 cost 0.0001764017
92 101 97 109 409 455 cost 0.0001760608
83 87 103 109 22 45 cost 0.000176007
78 83 121 127 68 91 cost 0.0001757594
101 106 84 90 45 68 cost 0.0001750642
64 69 109 115 22 45 cost 0.0001747919
87 92 84 90 68 91 cost 0.0001747546
46 50 78 84 45 68 cost 0.0001746778
64 74 133 145 273 318 cost 0.0001746586
64 69 109 115 68 91 cost 0.0001745427
59 64 109 115 68 91 cost 0.0001745345
74 78 115 121 45 68 cost 0.0001744778
129 148 145 169 455 546 cost 0.0001744212
83 92 97 109 591 637 cost 0.0001742976
87 92 121 127 68 91 cost 0.0001742208
41 46 78 84 68 91 cost 0.0001741036
41 46 60 66 45 68 cost 0.0001740007
111 120 157 169 182 227 cost 0.0001738578
46 50 72 78 45 68 cost 0.0001737305
37 55 169 194 0 91 cost 0.0001736683
83 92 109 121 409 455 cost 0.0001734453
101 106 145 151 45 68 cost 0.0001733692
106 111 139 145 45 68 cost 0.0001732442
129 148 121 145 637 728 cost 0.0001732049
111 120 133 145 318 364 cost 0.0001731305
74 78 103 109 68 91 cost 0.0001731189
96 101 97 103 68 91 cost 0.0001729971
55 64 72 84 318 364 cost 0.000172908
64 74 169 181 0 45 cost 0.0001726176
41 46 72 78 68 91 cost 0.0001725125
83 87 121 127 45 68 cost 0.0001723901
74 83 84 97 546 591 cost 0.0001723887
120 129 145 157 182 227 cost 0.0001723022
50 55 103 109 68 91 cost 0.0001722369
83 92 36 48 91 136 cost 0.0001719996
46 55 48 60 182 227 cost 0.0001719148
55 64 145 157 227 273 cost 0.0001718449
96 101 115 121 68 91 cost 0.0001717857
92 101 169 181 227 273 cost 0.0001716612
74 83 181 194 45 91 cost 0.0001716386
92 96 115 121 45 68 cost 0.0001716125
27 37 72 84 182 227 cost 0.0001714994
18 27 72 84 136 182 cost 0.0001714375
120 129 97 109 318 364 cost 0.0001714212
18 27 36 48 0 45 cost 0.0001712633
83 92 84 97 591 637 cost 0.0001712423
120 129 72 84 182 227 cost 0.0001710353
69 74 115 121 22 45 cost 0.0001709094
41 46 90 97 68 91 cost 0.0001707076
101 111 97 109 591 637 cost 0.0001705524
18 27 36 48 91 136 cost 0.0001705084
101 111 145 157 318 364 cost 0.0001704308
74 78 84 90 68 91 cost 0.0001704187
74 83 97 109 546 591 cost 0.0001702808
55 74 169 194 182 273 cost 0.0001701113
69 74 60 66 68 91 cost 0.0001700097
92 101 109 121 409 455 cost 0.0001699443
55 59 97 103 45 68 cost 0.0001698375
83 87 109 115 22 45 cost 0.0001697995
78 83 72 78 68 91 cost 0.000169795
115 120 97 103 45 68 cost 0.0001697585
46 55 145 157 136 182 cost 0.0001697148
87 92 66 72 45 68 cost 0.0001694383
83 92 72 84 318 364 cost 0.0001689906
64 69 121 127 45 68 cost 0.0001688079
111 120 109 121 364 409 cost 0.0001687521
96 101 97 103 22 45 cost 0.0001687419
83 87 97 103 22 45 cost 0.0001685501
96 101 121 127 68 91 cost 0.0001685379
101 106 103 109 68 91 cost 0.0001681402
83 87 109 115 68 91 cost 0.0001681153
74 83 97 109 409 455 cost 0.0001680729
41 46 84 90 68 91 cost 0.0001679887
37 46 121 133 227 273 cost 0.0001675782
46 50 90 97 45 68 cost 0.000167181
59 64 90 97 91 113 cost 0.0001671385
69 74 115 121 68 91 cost 0.0001669976
59 64 72 78 91 113 cost 0.0001669831
92 101 84 97 409 455 cost 0.000166919
138 148 121 133 227 273 cost 0.0001668602
111 120 181 194 91 136 cost 0.0001667872
87 92 145 151 45 68 cost 0.0001666249
69 74 127 133 45 68 cost 0.0001665596
101 106 109 115 68 91 cost 0.0001664175
111 120 72 84 273 318 cost 0.0001662005
74 83 84 97 409 455 cost 0.0001662003
96 101 151 157 45 68 cost 0.0001661253
50 55 60 66 68 91 cost 0.0001660008
115 120 115 121 45 68 cost 0.0001659626
83 87 127 133 45 68 cost 0.0001659568
64 69 90 97 91 113 cost 0.0001659079
59 64 78 84 91 113 cost 0.0001658925
74 78 103 109 22 45 cost 0.000165842
74 83 48 60 182 227 cost 0.0001656943
37 46 121 133 182 227 cost 0.0001655596
64 74 72 84 364 409 cost 0.0001652618
78 83 90 97 91 113 cost 0.0001651701
37 46 24 36 91 136 cost 0.0001650667
46 50 66 72 45 68 cost 0.0001642962
83 92 157 169 182 227 cost 0.0001642788
111 120 109 121 409 455 cost 0.0001642043
92 101 97 109 591 637 cost 0.0001641017
129 138 181 194 45 91 cost 0.0001640765
92 96 90 97 68 91 cost 0.0001638863
50 55 115 121 45 68 cost 0.0001637614
55 59 103 109 45 68 cost 0.0001637217
101 106 151 157 45 68 cost 0.0001634306
92 96 121 127 45 68 cost 0.0001633522
74 78 97 103 22 45 cost 0.0001633311
69 74 90 97 91 113 cost 0.0001632605
92 96 127 133 45 68 cost 0.0001632216
74 83 24 36 0 45 cost 0.000162944
106 111 145 151 45 68 cost 0.0001628149
96 101 127 133 68 91 cost 0.0001627506
111 120 97 109 364 409 cost 0.000162608
46 50 84 90 45 68 cost 0.0001624167
78 83 139 145 45 68 cost 0.0001623305
101 111 121 133 409 455 cost 0.0001623104
129 138 157 169 136 182 cost 0.000162233
129 138 109 121 273 318 cost 0.000162209
101 106 115 121 68 91 cost 0.0001621486
101 106 90 97 68 91 cost 0.000162057
92 101 97 109 546 591 cost 0.0001620011
55 59 66 72 68 91 cost 0.0001616585
92 96 84 90 45 68 cost 0.0001616446
87 92 127 133 68 91 cost 0.0001615086
87 92 103 109 159 182 cost 0.0001614511
129 138 97 109 273 318 cost 0.0001613359
92 96 133 139 45 68 cost 0.000161188
101 106 121 127 68 91 cost 0.0001611144
55 59 66 72 22 45 cost 0.0001610095
55 59 78 84 22 45 cost 0.0001608498
111 120 97 109 409 455 cost 0.0001608024
111 115 90 97 45 68 cost 0.0001607063
55 59 54 60 45 68 cost 0.0001605118
18 37 72 97 455 546 cost 0.0001605093
64 69 54 60 68 91 cost 0.0001602982
18 27 97 109 0 45 cost 0.0001602291
74 78 84 90 22 45 cost 0.0001601569
101 111 169 181 182 227 cost 0.0001601417
78 83 103 109 91 113 cost 0.0001601063
55 59 97 103 68 91 cost 0.0001600541
74 78 78 84 22 45 cost 0.0001600212
74 78 109 115 22 45 cost 0.0001599223
101 111 84 97 591 637 cost 0.0001598884
74 78 78 84 68 91 cost 0.0001598225
83 87 133 139 45 68 cost 0.0001597912
64 74 157 169 136 182 cost 0.0001597638
87 92 90 97 159 182 cost 0.0001596864
55 59 72 78 22 45 cost 0.0001596778
111 120 145 157 273 318 cost 0.0001596515
115 120 121 127 45 68 cost 0.0001594635
83 92 109 121 546 591 cost 0.0001593609
96 101 78 84 45 68 cost 0.000159239
120 129 121 133 318 364 cost 0.0001590382
111 115 103 109 45 68 cost 0.0001589953
92 101 84 97 546 591 cost 0.0001588816
96 101 133 139 68 91 cost 0.000158807
115 120 127 133 45 68 cost 0.0001584884
78 83 127 133 68 91 cost 0.0001584471
64 69 72 78 91 113 cost 0.0001583855
64 69 115 121 22 45 cost 0.0001582981
115 120 133 139 45 68 cost 0.0001582704
78 83 103 109 136 159 cost 0.0001582566
64 74 84 97 409 455 cost 0.0001580877
74 78 109 115 68 91 cost 0.0001580615
92 101 121 133 364 409 cost 0.0001580258
101 106 133 139 68 91 cost 0.0001579694
106 111 84 90 45 68 cost 0.0001578032
87 92 103 109 91 113 cost 0.0001578026
46 50 90 97 68 91 cost 0.000157719
74 78 60 66 45 68 cost 0.0001576691
64 69 78 84 91 113 cost 0.0001576479
83 87 84 90 68 91 cost 0.0001576071
87 92 90 97 91 113 cost 0.0001575671
101 106 127 133 68 91 cost 0.0001574137
64 74 48 60 273 318 cost 0.0001573605
92 101 145 157 318 364 cost 0.0001572305
59 64 84 90 91 113 cost 0.0001571567
18 27 133 145 45 91 cost 0.0001571567
129 148 145 169 637 728 cost 0.0001571262
92 96 103 109 68 91 cost 0.0001568286
87 92 78 84 68 91 cost 0.0001568189
50 55 109 115 68 91 cost 0.0001568142
101 111 181 194 136 182 cost 0.0001566978
78 83 103 109 159 182 cost 0.0001566848
55 64 121 133 273 318 cost 0.0001566541
78 83 90 97 159 182 cost 0.0001564611
46 50 78 84 68 91 cost 0.0001564278
74 83 109 121 409 455 cost 0.0001563978
59 64 54 60 68 91 cost 0.0001562916
55 64 24 36 136 182 cost 0.0001562204
78 83 90 97 136 159 cost 0.0001561919
92 96 103 109 22 45 cost 0.0001561275
101 111 97 109 546 591 cost 0.0001559909
55 59 109 115 45 68 cost 0.0001558913
92 101 84 97 591 637 cost 0.000155885
83 92 181 194 91 136 cost 0.0001558832
64 69 115 121 68 91 cost 0.0001558765
129 138 181 194 0 45 cost 0.0001558435
64 74 24 36 136 182 cost 0.0001558432
83 87 66 72 45 68 cost 0.0001558199
74 78 121 127 45 68 cost 0.0001557389
59 64 115 121 68 91 cost 0.000155627
83 92 121 133 364 409 cost 0.000155619
41 46 66 72 68 91 cost 0.0001555699
18 27 60 72 136 182 cost 0.000155456
27 37 72 84 227 273 cost 0.000155442
83 87 115 121 22 45 cost 0.0001552374
50 55 48 54 45 68 cost 0.0001551274
83 87 84 90 22 45 cost 0.000155081
138 148 145 157 0 45 cost 0.0001550123
101 106 97 103 68 91 cost 0.0001546526
74 83 36 48 136 182 cost 0.0001546403
120 129 169 181 136 182 cost 0.0001544835
46 50 72 78 68 91 cost 0.0001543926
69 74 121 127 68 91 cost 0.0001543233
111 115 109 115 45 68 cost 0.0001539535
64 74 97 109 409 455 cost 0.0001538658
27 37 133 145 91 136 cost 0.0001536818
87 92 109 115 159 182 cost 0.0001536479
106 111 103 109 68 91 cost 0.0001535038
129 138 72 84 227 273 cost 0.0001534273
138 148 72 84 91 136 cost 0.0001534186
106 111 151 157 45 68 cost 0.0001533561
74 83 121 133 364 409 cost 0.0001533339
87 92 133 139 68 91 cost 0.0001533248
37 46 72 84 273 318 cost 0.0001532641
74 83 109 121 546 591 cost 0.0001532169
78 83 97 103 91 113 cost 0.0001531235
55 59 90 97 22 45 cost 0.0001531035
55 59 103 109 68 91 cost 0.0001531032
37 55 0 24 91 182 cost 0.0001530811
83 87 115 121 68 91 cost 0.0001530729
64 74 109 121 546 591 cost 0.0001530531
64 69 84 90 91 113 cost 0.0001529633
87 92 90 97 136 159 cost 0.0001526579
74 78 72 78 22 45 cost 0.0001525851
74 83 84 97 591 637 cost 0.0001525415
69 74 48 54 45 68 cost 0.0001524837
46 50 84 90 68 91 cost 0.0001520906
27 37 84 97 182 227 cost 0.0001519401
92 96 109 115 68 91 cost 0.0001519242
64 74 133 145 318 364 cost 0.0001518777
27 37 24 36 91 136 cost 0.0001518718
92 96 97 103 68 91 cost 0.0001518525
87 92 97 103 159 182 cost 0.0001516961
46 50 60 66 45 68 cost 0.0001516411
92 101 72 84 318 364 cost 0.0001515885
74 83 97 109 591 637 cost 0.0001515597
106 111 133 139 68 91 cost 0.0001513807
64 74 60 72 318 364 cost 0.0001509635
83 92 97 109 500 546 cost 0.0001504306
101 111 48 60 91 136 cost 0.0001501744
106 111 109 115 68 91 cost 0.0001500433
55 59 60 66 22 45 cost 0.0001499721
55 59 84 90 22 45 cost 0.0001499649
37 46 109 121 273 318 cost 0.0001498554
78 83 109 115 159 182 cost 0.0001497902
87 92 151 157 45 68 cost 0.0001497663
111 115 97 103 45 68 cost 0.0001496264
106 111 127 133 68 91 cost 0.0001493938
87 92 103 109 136 159 cost 0.0001493937
37 46 84 97 273 318 cost 0.0001492709
37 46 48 60 227 273 cost 0.0001491445
78 83 97 103 159 182 cost 0.0001490956
87 92 97 103 91 113 cost 0.0001490694
92 96 97 103 22 45 cost 0.0001489836
83 92 109 121 591 637 cost 0.0001489832
92 101 109 121 546 591 cost 0.0001489167
78 83 97 103 136 159 cost 0.0001486838
55 64 84 97 364 409 cost 0.0001486004
74 78 72 78 68 91 cost 0.0001482001
69 74 103 109 91 113 cost 0.000148144
120 129 133 145 273 318 cost 0.0001480166
120 129 157 169 182 227 cost 0.0001480016
64 69 127 133 45 68 cost 0.0001479978
78 83 109 115 136 159 cost 0.0001479787
18 27 121 133 0 45 cost 0.0001477118
69 74 97 103 91 113 cost 0.0001476449
74 83 72 84 364 409 cost 0.0001475977
78 83 133 139 68 91 cost 0.0001474824
78 83 66 72 68 91 cost 0.0001473635
101 111 84 97 546 591 cost 0.0001472943
101 111 97 109 500 546 cost 0.0001472176
106 111 115 121 68 91 cost 0.0001471328
106 111 121 127 68 91 cost 0.0001470462
92 101 97 109 500 546 cost 0.0001470421
101 111 109 121 546 591 cost 0.0001469874
55 64 84 97 546 591 cost 0.0001469512
37 46 48 60 182 227 cost 0.0001467525
64 74 72 84 546 591 cost 0.0001466503
101 111 109 121 591 637 cost 0.000146266
120 129 181 194 91 136 cost 0.0001462658
96 101 103 109 159 182 cost 0.0001460787
18 37 48 72 637 728 cost 0.0001459341
64 69 97 103 91 113 cost 0.0001458373
106 111 90 97 68 91 cost 0.0001457582
129 138 133 145 182 227 cost 0.0001456455
74 83 157 169 227 273 cost 0.000145511
92 96 139 145 45 68 cost 0.0001453603
74 78 127 133 45 68 cost 0.000145314
69 74 90 97 159 182 cost 0.0001451521
69 74 90 97 136 159 cost 0.0001450788
74 78 115 121 22 45 cost 0.0001450309
111 115 115 121 45 68 cost 0.0001444968
64 69 103 109 91 113 cost 0.0001444429
92 96 78 84 45 68 cost 0.0001441427
46 55 84 97 318 364 cost 0.0001441388
74 92 0 24 91 182 cost 0.0001439805
83 87 121 127 68 91 cost 0.0001439792
74 83 97 109 500 546 cost 0.0001439564
55 64 157 169 0 45 cost 0.0001438104
74 78 115 121 68 91 cost 0.0001436723
87 92 115 121 159 182 cost 0.0001432481
18 27 84 97 136 182 cost 0.0001432479
101 111 157 169 273 318 cost 0.0001432018
83 87 78 84 68 91 cost 0.0001431516
55 59 60 66 68 91 cost 0.0001430451
83 92 48 60 227 273 cost 0.0001429551
69 74 103 109 136 159 cost 0.0001428556
92 101 181 194 136 182 cost 0.0001428529
115 120 103 109 68 91 cost 0.0001426736
96 101 139 145 68 91 cost 0.0001426412
120 129 84 97 318 364 cost 0.0001425672
96 101 72 78 45 68 cost 0.0001425551
55 64 97 109 364 409 cost 0.0001425195
96 101 109 115 159 182 cost 0.0001424448
37 46 133 145 227 273 cost 0.0001423144
87 92 60 66 45 68 cost 0.0001422968
92 101 169 181 182 227 cost 0.0001420947
55 64 145 157 182 227 cost 0.0001419022
87 92 97 103 136 159 cost 0.0001417851
106 111 97 103 68 91 cost 0.0001417516
111 115 133 139 45 68 cost 0.0001416385
83 87 139 145 45 68 cost 0.0001415812
111 115 127 133 45 68 cost 0.0001415782
69 74 84 90 91 113 cost 0.0001413302
120 129 109 121 409 455 cost 0.0001411622
87 92 109 115 136 159 cost 0.0001410733
92 101 109 121 591 637 cost 0.000140628
92 96 115 121 68 91 cost 0.0001406116
111 115 121 127 45 68 cost 0.0001404326
101 106 139 145 68 91 cost 0.000140416
41 46 60 66 68 91 cost 0.0001403973
50 55 115 121 68 91 cost 0.0001403142
101 111 109 121 500 546 cost 0.0001402712
69 74 103 109 159 182 cost 0.0001402701
69 74 54 60 68 91 cost 0.0001401899
64 69 90 97 136 159 cost 0.0001401133
50 55 54 60 68 91 cost 0.0001400848
78 83 115 121 136 159 cost 0.0001399297
92 101 121 133 409 455 cost 0.0001398569
55 59 115 121 45 68 cost 0.0001398317
78 83 115 121 159 182 cost 0.0001397001
46 55 97 109 318 364 cost 0.0001396935
138 148 145 157 91 136 cost 0.0001394244
46 50 66 72 68 91 cost 0.0001393982
55 59 109 115 68 91 cost 0.0001391082
64 74 109 121 409 455 cost 0.0001390686
115 120 109 115 68 91 cost 0.0001390447
64 69 121 127 68 91 cost 0.0001389701
115 120 139 145 45 68 cost 0.0001386839
69 74 78 84 91 113 cost 0.0001386199
69 74 72 78 91 113 cost 0.0001386056
92 101 109 121 500 546 cost 0.0001385914
96 101 97 103 159 182 cost 0.0001383686
55 64 121 133 318 364 cost 0.0001382884
46 50 97 103 45 68 cost 0.0001380685
83 92 72 84 364 409 cost 0.0001380585
87 92 72 78 68 91 cost 0.0001378966
32 37 78 84 45 68 cost 0.000137862
0 18 97 121 273 364 cost 0.0001377252
18 27 121 133 91 136 cost 0.0001377237
64 69 103 109 136 159 cost 0.0001376648
101 106 103 109 159 182 cost 0.000137604
129 148 169 194 364 455 cost 0.0001374132
55 59 48 54 45 68 cost 0.0001372755
92 96 121 127 68 91 cost 0.0001372073
101 111 72 84 318 364 cost 0.0001371516
83 92 109 121 500 546 cost 0.0001370625
83 92 48 60 182 227 cost 0.0001368629
83 92 121 133 409 455 cost 0.0001365966
92 96 145 151 45 68 cost 0.0001364091
46 55 72 84 318 364 cost 0.0001362859
74 83 181 194 0 45 cost 0.0001360695
69 74 97 103 136 159 cost 0.0001355682
46 50 54 60 45 68 cost 0.0001355546
78 83 90 97 113 136 cost 0.0001355377
32 37 72 78 45 68 cost 0.0001354808
96 101 115 121 159 182 cost 0.000135479
120 129 109 121 364 409 cost 0.000135366
115 120 90 97 68 91 cost 0.0001352586
46 55 109 121 318 364 cost 0.0001350227
69 74 97 103 159 182 cost 0.0001349767
46 50 103 109 45 68 cost 0.0001349528
69 74 127 133 68 91 cost 0.0001348474
87 92 139 145 68 91 cost 0.0001347057
55 64 109 121 364 409 cost 0.0001345725
55 64 97 109 546 591 cost 0.0001345367
83 87 60 66 45 68 cost 0.0001342412
69 74 109 115 159 182 cost 0.0001340941
74 78 121 127 68 91 cost 0.0001340877
115 120 115 121 68 91 cost 0.0001338615
96 101 84 90 68 91 cost 0.0001338585
69 74 109 115 136 159 cost 0.0001337189
64 74 84 97 591 637 cost 0.0001336967
27 37 121 133 136 182 cost 0.0001336184
46 55 157 169 45 91 cost 0.0001334884
101 111 48 60 136 182 cost 0.0001334515
106 111 139 145 68 91 cost 0.0001334503
115 120 97 103 68 91 cost 0.0001333931
120 129 97 109 409 455 cost 0.0001331397
74 83 169 181 136 182 cost 0.0001330515
46 50 109 115 45 68 cost 0.0001329852
87 92 115 121 136 159 cost 0.0001328052
83 87 127 133 68 91 cost 0.0001322938
37 41 78 84 45 68 cost 0.0001320824
18 37 0 24 0 91 cost 0.0001320316
115 120 121 127 68 91 cost 0.0001320187
101 106 97 103 159 182 cost 0.0001319429
55 64 48 60 273 318 cost 0.0001319151
101 111 72 84 364 409 cost 0.0001318023
83 92 24 36 45 91 cost 0.0001316282
74 78 66 72 68 91 cost 0.0001316022
92 96 72 78 45 68 cost 0.0001315174
115 120 127 133 68 91 cost 0.0001314508
111 120 145 157 318 364 cost 0.0001314191
74 78 133 139 45 68 cost 0.00013124
101 111 133 145 364 409 cost 0.0001312399
83 87 90 97 91 113 cost 0.0001311893
120 129 133 145 318 364 cost 0.0001311008
74 78 90 97 91 113 cost 0.0001309585
37 41 72 78 45 68 cost 0.000130921
27 37 84 97 227 273 cost 0.0001307744
83 87 103 109 159 182 cost 0.0001305836
74 83 109 121 591 637 cost 0.0001304834
92 96 127 133 68 91 cost 0.0001303022
55 64 60 72 318 364 cost 0.0001302592
37 46 133 145 182 227 cost 0.0001302049
64 69 48 54 68 91 cost 0.0001299413
83 87 145 151 45 68 cost 0.0001298092
46 55 24 36 136 182 cost 0.0001297735
64 69 97 103 136 159 cost 0.0001297523
83 87 72 78 68 91 cost 0.0001297508
78 83 84 90 91 113 cost 0.0001295375
92 101 72 84 364 409 cost 0.0001294624
78 83 103 109 113 136 cost 0.0001292642
115 120 133 139 68 91 cost 0.0001291553
83 87 90 97 159 182 cost 0.0001290938
55 59 72 78 91 113 cost 0.0001289543
87 92 90 97 113 136 cost 0.0001288445
55 59 90 97 91 113 cost 0.0001287833
96 101 103 109 136 159 cost 0.0001287576
83 87 103 109 91 113 cost 0.0001286698
18 27 48 60 136 182 cost 0.0001285539
115 120 84 90 45 68 cost 0.0001284701
55 59 78 84 91 113 cost 0.0001283655
74 83 109 121 500 546 cost 0.0001283165
37 41 66 72 45 68 cost 0.0001283001
74 83 72 84 546 591 cost 0.000128049
83 87 90 97 136 159 cost 0.0001280365
64 69 109 115 136 159 cost 0.0001278531
69 74 115 121 136 159 cost 0.000127653
59 64 48 54 68 91 cost 0.0001274465
120 129 145 157 273 318 cost 0.0001272582
46 50 97 103 68 91 cost 0.0001268444
129 138 72 84 0 45 cost 0.0001266858
83 87 103 109 136 159 cost 0.0001263798
138 148 109 121 182 227 cost 0.0001263153
92 101 157 169 273 318 cost 0.0001261798
92 96 151 157 45 68 cost 0.0001260951
64 74 72 84 409 455 cost 0.000126033
129 148 169 194 546 637 cost 0.00012601
120 129 97 109 364 409 cost 0.000125951
138 148 97 109 182 227 cost 0.0001258182
55 64 72 84 364 409 cost 0.0001256743
96 101 145 151 68 91 cost 0.0001256369
138 148 145 157 136 182 cost 0.0001256289
92 96 133 139 68 91 cost 0.0001255614
37 46 97 109 273 318 cost 0.000125351
101 111 133 145 409 455 cost 0.0001252992
78 83 60 66 68 91 cost 0.0001252421
69 74 90 97 113 136 cost 0.0001252376
111 115 139 145 45 68 cost 0.0001251835
78 83 139 145 68 91 cost 0.0001250858
64 74 181 194 45 91 cost 0.0001249954
96 101 109 115 136 159 cost 0.0001249595
92 96 103 109 159 182 cost 0.0001248437
32 37 78 84 68 91 cost 0.0001247835
55 59 115 121 68 91 cost 0.000124758
69 74 115 121 159 182 cost 0.000124747
83 87 109 115 159 182 cost 0.0001243041
129 138 72 84 136 182 cost 0.000124249
106 111 103 109 159 182 cost 0.0001241569
78 83 97 103 113 136 cost 0.0001241384
46 50 60 66 68 91 cost 0.0001241383
64 69 90 97 159 182 cost 0.0001239275
74 83 121 133 409 455 cost 0.0001239201
55 64 72 84 546 591 cost 0.0001239031
74 83 72 84 409 455 cost 0.0001237959
138 148 133 145 227 273 cost 0.0001237661
138 148 169 181 45 91 cost 0.0001237601
83 87 133 139 68 91 cost 0.0001236595
138 148 97 109 273 318 cost 0.0001235698
138 148 157 169 0 45 cost 0.0001233204
83 87 97 103 159 182 cost 0.0001233143
74 78 90 97 159 182 cost 0.0001231189
64 69 103 109 159 182 cost 0.0001230349
64 74 97 109 591 637 cost 0.0001230107
74 78 103 109 91 113 cost 0.0001229317
96 101 115 121 136 159 cost 0.0001229191
129 138 109 121 318 364 cost 0.000122902
37 41 84 90 45 68 cost 0.0001228833
0 18 48 72 0 91 cost 0.0001226228
32 37 72 78 68 91 cost 0.0001226014
83 87 97 103 91 113 cost 0.0001223353
59 64 72 78 113 136 cost 0.0001222845
111 129 48 72 546 637 cost 0.0001222599
18 27 24 36 45 91 cost 0.0001222386
87 92 103 109 113 136 cost 0.0001222026
101 106 145 151 68 91 cost 0.0001221087
83 92 72 84 546 591 cost 0.0001220755
83 92 72 84 591 637 cost 0.0001220517
55 59 84 90 91 113 cost 0.0001218766
120 129 72 84 273 318 cost 0.0001218642
92 96 84 90 68 91 cost 0.0001217628
64 69 115 121 136 159 cost 0.0001217305
64 69 90 97 113 136 cost 0.0001217141
138 148 72 84 227 273 cost 0.0001216389
55 64 157 169 91 136 cost 0.0001214418
111 120 181 194 136 182 cost 0.0001213082
111 115 103 109 68 91 cost 0.0001213081
101 111 157 169 318 364 cost 0.0001212708
46 50 103 109 68 91 cost 0.0001212521
96 101 97 103 136 159 cost 0.00012121
59 64 78 84 113 136 cost 0.0001211606
74 78 103 109 159 182 cost 0.0001210058
64 69 72 78 113 136 cost 0.000120791
55 59 54 60 68 91 cost 0.0001206833
106 111 97 103 159 182 cost 0.0001202267
74 78 97 103 91 113 cost 0.0001201681
64 69 78 84 113 136 cost 0.0001200499
87 92 97 103 113 136 cost 0.0001199025
92 96 109 115 159 182 cost 0.0001198934
37 41 78 84 68 91 cost 0.000119852
46 50 115 121 45 68 cost 0.0001197924
74 78 127 133 68 91 cost 0.0001197915
55 64 169 181 45 91 cost 0.0001197714
83 87 97 103 136 159 cost 0.0001197005
55 64 133 145 273 318 cost 0.0001196793
129 148 48 72 273 364 cost 0.0001196265
87 92 84 90 91 113 cost 0.0001196206
138 148 109 121 273 318 cost 0.0001196127
83 87 109 115 136 159 cost 0.0001193885
37 41 60 66 45 68 cost 0.0001193478
37 41 72 78 68 91 cost 0.0001192633
83 92 181 194 136 182 cost 0.0001192322
74 78 90 97 136 159 cost 0.0001191632
27 32 78 84 45 68 cost 0.0001190061
138 148 84 97 182 227 cost 0.0001189386
87 92 145 151 68 91 cost 0.0001187323
74 78 103 109 136 159 cost 0.0001186671
92 111 24 48 273 364 cost 0.0001181217
111 115 109 115 68 91 cost 0.0001181173
55 64 109 121 546 591 cost 0.0001181004
120 129 60 72 0 45 cost 0.0001180858
92 96 97 103 159 182 cost 0.0001179573
64 69 109 115 159 182 cost 0.0001177635
37 46 145 157 136 182 cost 0.0001176713
37 41 90 97 45 68 cost 0.0001176013
46 50 48 54 45 68 cost 0.0001175151
83 92 72 84 409 455 cost 0.0001175004
78 83 84 90 136 159 cost 0.0001174327
64 69 84 90 136 159 cost 0.000117411
129 148 169 194 455 546 cost 0.0001173507
101 106 103 109 136 159 cost 0.0001173412
0 37 145 194 364 546 cost 0.0001171515
92 101 133 145 364 409 cost 0.0001170186
111 129 48 72 364 455 cost 0.0001167444
59 64 90 97 113 136 cost 0.0001167078
0 18 72 97 182 273 cost 0.0001166538
37 55 169 194 91 182 cost 0.0001166404
111 115 84 90 45 68 cost 0.0001165344
87 92 66 72 68 91 cost 0.0001165223
64 69 84 90 113 136 cost 0.0001163966
74 83 24 36 91 136 cost 0.0001163947
18 27 109 121 136 182 cost 0.0001162914
74 78 109 115 159 182 cost 0.0001161819
74 78 139 145 45 68 cost 0.0001158664
27 32 72 78 45 68 cost 0.000115853
83 87 115 121 159 182 cost 0.0001158476
64 69 97 103 159 182 cost 0.0001157838
138 148 157 169 91 136 cost 0.0001157641
74 78 97 103 159 182 cost 0.0001156345
111 115 127 133 68 91 cost 0.0001155869
64 74 72 84 591 637 cost 0.0001154803
129 148 169 194 637 728 cost 0.0001153967
111 115 133 139 68 91 cost 0.0001152778
69 74 84 90 136 159 cost 0.0001152378
37 41 84 90 68 91 cost 0.0001150661
111 115 90 97 68 91 cost 0.0001150563
111 115 115 121 68 91 cost 0.0001149237
111 120 157 169 273 318 cost 0.000114795
106 111 145 151 68 91 cost 0.0001147375
69 74 103 109 113 136 cost 0.0001145845
74 78 60 66 68 91 cost 0.0001145157
111 115 121 127 68 91 cost 0.0001144921
55 64 84 97 409 455 cost 0.000114313
101 106 84 90 68 91 cost 0.0001142628
83 87 151 157 45 68 cost 0.0001141172
96 101 78 84 68 91 cost 0.0001140165
64 69 127 133 68 91 cost 0.0001140121
59 64 84 90 113 136 cost 0.0001139831
50 55 48 54 68 91 cost 0.0001137786
92 101 157 169 318 364 cost 0.0001137491
37 41 90 97 68 91 cost 0.000113498
69 74 97 103 113 136 cost 0.0001134974
96 101 151 157 68 91 cost 0.0001133503
74 83 72 84 591 637 cost 0.00011335
111 115 97 103 68 91 cost 0.0001132118
129 138 97 109 318 364 cost 0.000113052
55 64 97 109 409 455 cost 0.0001130262
78 83 84 90 113 136 cost 0.0001128068
87 92 84 90 159 182 cost 0.0001125227
92 96 115 121 159 182 cost 0.0001125082
74 78 97 103 136 159 cost 0.0001124216
115 120 139 145 68 91 cost 0.0001123989
129 138 72 84 182 227 cost 0.0001123355
83 87 115 121 136 159 cost 0.0001122115
87 92 84 90 136 159 cost 0.0001121898
37 55 145 169 455 546 cost 0.000112146
83 87 66 72 68 91 cost 0.0001121405
74 83 157 169 182 227 cost 0.0001120837
138 148 72 84 0 45 cost 0.0001119015
64 74 157 169 227 273 cost 0.0001115202
92 96 103 109 136 159 cost 0.0001114678
74 78 109 115 136 159 cost 0.0001114614
92 96 139 145 68 91 cost 0.0001114324
18 27 133 145 0 45 cost 0.0001113018
78 83 84 90 159 182 cost 0.0001112532
101 111 72 84 409 455 cost 0.0001111255
69 74 84 90 113 136 cost 0.0001109861
101 106 151 157 68 91 cost 0.0001107023
69 74 48 54 68 91 cost 0.0001105508
69 74 78 84 113 136 cost 0.00010999
46 50 109 115 68 91 cost 0.0001098912
83 92 24 36 0 45 cost 0.0001097965
101 106 97 103 136 159 cost 0.0001094007
83 92 133 145 364 409 cost 0.0001092694
69 74 84 90 159 182 cost 0.000109185
106 111 103 109 136 159 cost 0.0001090145
27 32 78 84 68 91 cost 0.0001089508
55 64 109 121 409 455 cost 0.0001088175
138 148 121 133 182 227 cost 0.0001086567
74 78 115 121 159 182 cost 0.0001086104
101 111 181 194 227 273 cost 0.0001085602
74 83 133 145 364 409 cost 0.0001084087
37 46 72 84 318 364 cost 0.0001083834
74 78 133 139 68 91 cost 0.0001082504
64 69 115 121 159 182 cost 0.0001082367
37 41 66 72 68 91 cost 0.0001081191
69 74 72 78 113 136 cost 0.0001080862
64 69 103 109 113 136 cost 0.0001080783
83 87 139 145 68 91 cost 0.0001080029
83 92 36 48 136 182 cost 0.0001078826
83 87 90 97 113 136 cost 0.0001073858
64 69 97 103 113 136 cost 0.0001073794
27 32 72 78 68 91 cost 0.000107348
92 101 48 60 182 227 cost 0.0001068127
92 96 109 115 136 159 cost 0.0001065527
92 96 78 84 68 91 cost 0.0001064726
74 78 84 90 91 113 cost 0.0001063814
0 18 72 97 273 364 cost 0.0001063112
18 27 133 145 91 136 cost 0.0001061386
74 78 115 121 136 159 cost 0.0001060754
18 27 72 84 182 227 cost 0.0001060091
37 46 24 36 136 182 cost 0.0001059932
37 46 84 97 318 364 cost 0.000105948
92 101 72 84 409 455 cost 0.0001059221
92 101 72 84 591 637 cost 0.0001054929
92 96 97 103 136 159 cost 0.0001054796
101 111 72 84 591 637 cost 0.0001051521
64 74 181 194 0 45 cost 0.0001051054
46 50 54 60 68 91 cost 0.0001050068
74 78 90 97 113 136 cost 0.000104845
106 111 151 157 68 91 cost 0.0001039043
120 129 145 157 318 364 cost 0.0001038359
83 87 103 109 113 136 cost 0.0001036001
87 92 84 90 113 136 cost 0.0001035343
18 27 36 48 136 182 cost 0.0001032918
87 92 151 157 68 91 cost 0.0001031403
69 74 90 97 0 22 cost 0.0001031362
106 111 97 103 136 159 cost 0.0001031119
92 101 72 84 546 591 cost 0.000102777
64 74 109 121 591 637 cost 0.0001027153
92 101 133 145 409 455 cost 0.000102655
0 18 121 145 273 364 cost 0.0001026351
18 27 97 109 136 182 cost 0.000102606
92 96 115 121 136 159 cost 0.0001024015
111 120 72 84 318 364 cost 0.0001022627
83 87 84 90 91 113 cost 0.0001021316
111 129 48 72 455 546 cost 0.0001021301
92 101 48 60 227 273 cost 0.0001017765
92 101 181 194 227 273 cost 0.0001016403
111 115 139 145 68 91 cost 0.0001015643
78 83 90 97 0 22 cost 0.0001015468
74 83 181 194 91 136 cost 0.0001014928
92 111 24 48 182 273 cost 0.0001014451
83 92 97 109 455 500 cost 0.0001006535
64 69 84 90 159 182 cost 0.000100374
64 74 48 60 318 364 cost 0.0001001187
64 69 90 97 0 22 cost 9.97705e-05
55 64 133 145 318 364 cost 9.9455e-05
83 92 133 145 409 455 cost 9.91083e-05
83 87 97 103 113 136 cost 9.89582e-05
37 41 60 66 68 91 cost 9.89484e-05
27 37 24 36 136 182 cost 9.89295e-05
106 111 84 90 68 91 cost 9.85744e-05
46 50 115 121 68 91 cost 9.8426e-05
55 59 48 54 68 91 cost 9.82844e-05
27 37 133 145 136 182 cost 9.80356e-05
92 96 145 151 68 91 cost 9.78534e-05
55 64 72 84 409 455 cost 9.76572e-05
74 78 103 109 113 136 cost 9.76124e-05
37 46 97 109 318 364 cost 9.74928e-05
101 111 181 194 182 227 cost 9.71748e-05
74 83 133 145 409 455 cost 9.71265e-05
111 120 157 169 318 364 cost 9.67658e-05
18 27 84 97 182 227 cost 9.64304e-05
74 83 97 109 455 500 cost 9.63679e-05
55 59 72 78 113 136 cost 9.63384e-05
37 46 109 121 318 364 cost 9.631e-05
74 78 97 103 113 136 cost 9.59121e-05
87 92 90 97 0 22 cost 9.58532e-05
96 101 72 78 68 91 cost 9.57941e-05
83 87 145 151 68 91 cost 9.56184e-05
101 111 97 109 455 500 cost 9.55488e-05
120 129 181 194 136 182 cost 9.55105e-05
59 64 90 97 0 22 cost 9.53298e-05
55 74 0 24 182 273 cost 9.5292e-05
83 87 84 90 136 159 cost 9.50494e-05
111 120 48 60 45 91 cost 9.47342e-05
55 59 78 84 113 136 cost 9.4479e-05
87 92 60 66 68 91 cost 9.39851e-05
83 87 60 66 68 91 cost 9.34694e-05
101 111 72 84 546 591 cost 9.30482e-05
120 129 157 169 273 318 cost 9.30066e-05
92 101 97 109 455 500 cost 9.22185e-05
83 87 84 90 159 182 cost 9.19452e-05
74 78 84 90 136 159 cost 9.16817e-05
92 96 72 78 68 91 cost 9.15883e-05
138 148 157 169 136 182 cost 9.07448e-05
138 148 109 121 318 364 cost 9.0048e-05
87 92 103 109 0 22 cost 8.97274e-05
55 64 169 181 0 45 cost 8.94917e-05
55 59 90 97 113 136 cost 8.94406e-05
115 120 84 90 68 91 cost 8.94353e-05
74 78 139 145 68 91 cost 8.9247e-05
74 78 84 90 159 182 cost 8.88059e-05
111 120 48 60 0 45 cost 8.87478e-05
78 83 103 109 0 22 cost 8.84663e-05
87 92 109 115 0 22 cost 8.84251e-05
83 87 84 90 113 136 cost 8.84123e-05
55 64 48 60 318 364 cost 8.83544e-05
55 74 0 24 273 364 cost 8.82588e-05
83 92 109 121 455 500 cost 8.82321e-05
55 59 84 90 113 136 cost 8.8145e-05
74 78 84 90 113 136 cost 8.78347e-05
101 111 109 121 455 500 cost 8.76981e-05
46 55 157 169 0 45 cost 8.75894e-05
78 83 97 103 0 22 cost 8.7497e-05
92 101 181 194 182 227 cost 8.73377e-05
92 96 151 157 68 91 cost 8.72049e-05
64 69 78 84 0 22 cost 8.70275e-05
46 50 48 54 68 91 cost 8.70148e-05
18 27 24 36 0 45 cost 8.65417e-05
78 83 109 115 0 22 cost 8.63566e-05
55 64 157 169 136 182 cost 8.60406e-05
87 92 97 103 0 22 cost 8.59962e-05
138 148 97 109 318 364 cost 8.57384e-05
69 74 97 103 0 22 cost 8.52782e-05
55 64 84 97 591 637 cost 8.51835e-05
64 69 72 78 0 22 cost 8.47738e-05
64 69 84 90 0 22 cost 8.46103e-05
59 64 78 84 0 22 cost 8.45913e-05
74 83 24 36 136 182 cost 8.43905e-05
74 78 90 97 0 22 cost 8.42492e-05
69 74 78 84 0 22 cost 8.40494e-05
0 18 48 72 91 182 cost 8.38466e-05
69 74 84 90 0 22 cost 8.34923e-05
74 83 109 121 455 500 cost 8.34361e-05
101 111 48 60 182 227 cost 8.31068e-05
59 64 72 78 0 22 cost 8.24402e-05
69 74 103 109 0 22 cost 8.22972e-05
64 69 66 72 0 22 cost 8.21754e-05
120 129 157 169 318 364 cost 8.19101e-05
59 64 84 90 0 22 cost 8.18089e-05
55 64 72 84 591 637 cost 8.1764e-05
138 148 72 84 136 182 cost 8.14748e-05
64 69 97 103 0 22 cost 8.09465e-05
69 74 72 78 0 22 cost 8.09347e-05
83 87 151 157 68 91 cost 8.08085e-05
87 92 115 121 0 22 cost 8.03835e-05
92 101 109 121 455 500 cost 8.03675e-05
83 87 90 97 0 22 cost 7.98758e-05
46 55 157 169 91 136 cost 7.98602e-05
59 64 66 72 0 22 cost 7.9576e-05
138 148 133 145 182 227 cost 7.9502e-05
64 74 157 169 182 227 cost 7.91126e-05
83 92 24 36 91 136 cost 7.87638e-05
69 74 109 115 0 22 cost 7.86035e-05
111 129 48 72 637 728 cost 7.8485e-05
78 83 115 121 0 22 cost 7.8289e-05
64 69 103 109 0 22 cost 7.81513e-05
96 101 103 109 0 22 cost 7.81373e-05
55 74 169 194 364 455 cost 7.78863e-05
55 64 97 109 591 637 cost 7.73191e-05
138 148 169 181 0 45 cost 7.71185e-05
55 64 181 194 45 91 cost 7.70166e-05
111 115 84 90 68 91 cost 7.69184e-05
101 111 48 60 227 273 cost 7.68068e-05
69 74 66 72 0 22 cost 7.6761e-05
18 27 24 36 91 136 cost 7.65743e-05
78 83 84 90 0 22 cost 7.63354e-05
64 69 60 66 0 22 cost 7.55155e-05
64 69 109 115 0 22 cost 7.53085e-05
120 129 72 84 318 364 cost 7.51224e-05
18 27 72 84 227 273 cost 7.38898e-05
96 101 97 103 0 22 cost 7.37745e-05
78 83 78 84 0 22 cost 7.30618e-05
83 87 103 109 0 22 cost 7.27742e-05
55 59 90 97 0 22 cost 7.24727e-05
59 64 60 66 0 22 cost 7.22705e-05
138 148 72 84 182 227 cost 7.16338e-05
83 87 109 115 0 22 cost 7.15072e-05
55 74 169 194 455 546 cost 7.12416e-05
74 83 181 194 136 182 cost 7.12173e-05
55 64 109 121 591 637 cost 7.09923e-05
74 78 97 103 0 22 cost 7.08336e-05
69 74 60 66 0 22 cost 7.05097e-05
74 92 0 24 273 364 cost 7.04826e-05
37 55 0 24 182 273 cost 7.03707e-05
83 87 97 103 0 22 cost 7.03381e-05
87 92 84 90 0 22 cost 7.0146e-05
0 37 145 194 546 728 cost 7.00493e-05
74 78 103 109 0 22 cost 6.98563e-05
18 27 121 133 136 182 cost 6.98123e-05
69 74 115 121 0 22 cost 6.9435e-05
78 83 72 78 0 22 cost 6.91112e-05
92 96 103 109 0 22 cost 6.76244e-05
74 78 109 115 0 22 cost 6.75395e-05
55 64 157 169 227 273 cost 6.73486e-05
64 69 115 121 0 22 cost 6.5298e-05
74 78 84 90 0 22 cost 6.50997e-05
83 87 115 121 0 22 cost 6.50207e-05
74 92 0 24 182 273 cost 6.44376e-05
55 59 78 84 0 22 cost 6.4372e-05
92 96 97 103 0 22 cost 6.40999e-05
74 78 78 84 0 22 cost 6.39707e-05
55 59 72 78 0 22 cost 6.34034e-05
55 64 181 194 0 45 cost 6.31365e-05
55 59 84 90 0 22 cost 6.20505e-05
37 55 0 24 273 364 cost 6.19107e-05
74 78 72 78 0 22 cost 6.09998e-05
83 87 84 90 0 22 cost 6.02456e-05
18 27 84 97 227 273 cost 6.01619e-05
55 59 66 72 0 22 cost 6.01582e-05
74 78 115 121 0 22 cost 6.00715e-05
37 46 157 169 45 91 cost 5.94514e-05
83 92 24 36 136 182 cost 5.88058e-05
0 18 72 97 637 728 cost 5.45796e-05
55 59 60 66 0 22 cost 5.4086e-05
18 27 133 145 136 182 cost 5.18124e-05
92 111 0 24 0 91 cost 5.18077e-05
18 37 0 24 91 182 cost 4.98926e-05
55 64 157 169 182 227 cost 4.85724e-05
18 27 24 36 136 182 cost 4.84454e-05
138 148 181 194 45 91 cost 4.8053e-05
46 55 157 169 136 182 cost 4.71712e-05
37 46 157 169 0 45 cost 4.12642e-05
37 46 157 169 91 136 cost 4.12057e-05
37 55 169 194 273 364 cost 4.06812e-05
129 148 48 72 364 455 cost 4.02627e-05
120 129 48 60 0 45 cost 3.65588e-05
92 111 0 24 91 182 cost 3.61041e-05
120 129 48 60 45 91 cost 3.54232e-05
138 148 181 194 0 45 cost 3.43963e-05
129 148 48 72 546 637 cost 3.21749e-05
37 55 169 194 182 273 cost 3.05085e-05
0 18 72 97 546 637 cost 3.00069e-05
0 18 72 97 364 455 cost 2.73096e-05
129 148 48 72 637 728 cost 2.70598e-05
0 18 48 72 182 273 cost 2.48137e-05
0 18 24 48 0 91 cost 2.45682e-05
0 18 24 48 91 182 cost 2.2374e-05
0 18 48 72 273 364 cost 2.12491e-05
37 46 157 169 136 182 cost 2.12485e-05
111 148 0 48 0 182 cost 2.0151e-05
0 18 48 72 546 637 cost 1.87618e-05
0 18 48 72 637 728 cost 1.8594e-05
0 18 72 97 455 546 cost 1.46226e-05
0 18 48 72 455 546 cost 1.37588e-05
92 111 0 24 182 273 cost 1.36308e-05
129 148 48 72 455 546 cost 1.27512e-05
92 111 0 24 273 364 cost 1.2435e-05
0 18 48 72 364 455 cost 1.15209e-05
37 55 169 194 455 546 cost 1.14387e-05
37 55 169 194 364 455 cost 1.05306e-05
111 148 0 48 546 728 cost 4.9585e-06
0 18 169 194 91 182 cost 4.0812e-06
111 148 0 48 182 364 cost 3.8958e-06
18 37 169 194 91 182 cost 2.649e-06
0 18 169 194 0 91 cost 2.3754e-06
18 37 169 194 0 91 cost 1.5198e-06
111 148 0 48 364 546 cost 1.509e-06
0 18 0 24 0 91 cost 4.329e-07
0 18 0 24 91 182 cost 1.806e-07
partitioning time: 12.963953 seconds
