hostname : cph-c52.uncc.edu
bounding: [1053872.965;1068485.726]x[860186.8419;879395.9741]x[3;730]
read 11056 observations
res: 100 100 1 bw: 500 500 7
box size: 148 x 194 x 728
nbparts: 64
solution: 0.0042728436 in 64 boxes.
naive: 0.0609225435 speedup:14.25807944
sumload:0.0625866582 overhead:1.027315253
74 148 97 194 364 728 cost 0.0042728436
111 148 97 145 0 182 cost 0.0037073554
74 111 145 194 0 182 cost 0.0034148677
74 111 97 145 182 364 cost 0.0031326531
37 74 48 97 182 364 cost 0.0020097307
74 111 48 97 182 364 cost 0.0020011101
111 148 145 194 0 182 cost 0.0018864879
37 74 97 145 182 364 cost 0.0017678024
37 55 48 72 0 91 cost 0.0017202132
74 148 0 97 364 728 cost 0.0015957888
111 148 97 145 182 364 cost 0.0015838534
55 74 72 97 0 91 cost 0.0015622603
0 74 0 97 364 728 cost 0.0014971533
74 92 72 97 0 91 cost 0.0013596608
92 111 97 121 0 91 cost 0.0013143019
0 74 97 194 364 728 cost 0.0012566614
37 74 0 48 0 182 cost 0.0012075535
74 92 97 121 0 91 cost 0.0011867358
55 74 48 72 0 91 cost 0.0011248726
74 92 97 121 91 182 cost 0.0011036241
37 55 48 72 91 182 cost 0.0010867772
111 148 48 97 0 182 cost 0.0010859821
92 111 121 145 0 91 cost 0.0010770968
37 55 72 97 0 91 cost 0.001070986
55 74 97 121 0 91 cost 0.0010531515
55 74 121 145 0 91 cost 0.0010363211
92 111 72 97 0 91 cost 0.0010357461
0 37 97 145 0 182 cost 0.001013889
74 111 145 194 182 364 cost 0.0009898695
92 111 97 121 91 182 cost 0.0009492762
55 74 72 97 91 182 cost 0.000893201
74 92 72 97 91 182 cost 0.0008647341
55 74 121 145 91 182 cost 0.0008494075
92 111 72 97 91 182 cost 0.000838119
55 74 97 121 91 182 cost 0.0007582785
37 55 97 121 0 91 cost 0.0007556529
74 92 121 145 0 91 cost 0.0007417509
111 148 145 194 182 364 cost 0.0006883325
37 55 72 97 91 182 cost 0.0006594666
111 148 48 97 182 364 cost 0.0006300914
74 92 121 145 91 182 cost 0.0006223862
92 111 121 145 91 182 cost 0.0005853185
74 92 48 72 0 91 cost 0.0005753497
0 37 48 97 0 182 cost 0.0004771259
74 92 48 72 91 182 cost 0.0004642545
55 74 48 72 91 182 cost 0.0004555735
37 55 97 121 91 182 cost 0.0004229955
37 74 145 194 0 182 cost 0.000381502
37 55 121 145 0 91 cost 0.0003260601
0 37 97 145 182 364 cost 0.0003131325
37 74 0 48 182 364 cost 0.0002478786
74 111 0 48 0 182 cost 0.0002366265
37 55 121 145 91 182 cost 0.0001961333
0 37 48 97 182 364 cost 0.0001335432
37 74 145 194 182 364 cost 0.0001264305
92 111 48 72 0 91 cost 0.0001108958
74 111 0 48 182 364 cost 5.20769e-05
92 111 48 72 91 182 cost 4.09976e-05
0 37 145 194 0 182 cost 2.94945e-05
0 37 145 194 182 364 cost 4.614e-06
0 37 0 48 0 182 cost 6.09e-07
0 37 0 48 182 364 cost 0
111 148 0 48 0 182 cost 0
111 148 0 48 182 364 cost 0
partitioning time: 0.190351 seconds
