hostname : cph-c53.uncc.edu
bounding: [1053872.965;1068485.726]x[860186.8419;879395.9741]x[3;730]
read 11056 observations
res: 100 100 1 bw: 2500 2500 1
box size: 148 x 194 x 728
nbparts: 64
max load allowed: 0.01628373376
max states: 21861824
mem: 1.95459938 GB (this is an order of magnitude)
190663 states processed
solution: 0.0162687813 in 53 boxes.
naive: 0.5210794803 speedup:32.02941085
sumload:0.5251681468 overhead:1.007846531
96 128 64 96 32 192 cost 0.0162687813
32 64 64 96 64 160 cost 0.0161287942
128 148 64 128 0 288 cost 0.0160366766
32 64 128 194 0 320 cost 0.0159176605
96 128 128 160 0 96 cost 0.0153953604
96 128 96 128 192 480 cost 0.0152998048
64 96 32 64 0 192 cost 0.0152362104
32 64 96 128 0 96 cost 0.0149423852
32 64 0 64 0 96 cost 0.0147317928
64 96 128 160 96 288 cost 0.0146891532
128 148 128 194 0 704 cost 0.0145553514
64 96 128 160 0 96 cost 0.0145348875
64 96 96 128 0 64 cost 0.014523079
64 96 96 128 64 128 cost 0.0143610606
32 64 0 64 96 728 cost 0.0142212485
64 96 64 96 0 64 cost 0.0141832557
96 128 96 128 32 96 cost 0.0140641187
96 128 128 160 96 288 cost 0.0140001084
96 128 160 194 0 224 cost 0.01396545
64 96 64 96 192 480 cost 0.0136891766
64 96 160 194 0 728 cost 0.0136305072
64 96 96 128 288 728 cost 0.0135005151
64 96 64 96 96 192 cost 0.0133016275
0 32 0 96 0 352 cost 0.0133001927
96 128 64 96 192 728 cost 0.0131372384
32 64 96 128 96 256 cost 0.0129412129
96 128 96 128 96 192 cost 0.0126890593
32 64 64 96 0 64 cost 0.0120504973
0 32 96 194 0 448 cost 0.0112147162
64 96 96 128 128 192 cost 0.0110218036
32 64 64 96 160 480 cost 0.010782303
64 96 96 128 192 288 cost 0.0095501602
64 96 64 96 64 96 cost 0.0083587873
96 128 128 160 288 728 cost 0.0080305416
32 64 96 128 256 728 cost 0.0077544415
64 96 128 160 288 728 cost 0.0074143785
96 128 160 194 224 728 cost 0.0064026034
64 96 32 64 192 728 cost 0.005810134
96 128 0 64 0 728 cost 0.0051862137
96 128 96 128 480 728 cost 0.005094209
128 148 64 128 288 728 cost 0.0049619211
64 96 64 96 480 728 cost 0.0048364868
96 128 96 128 0 32 cost 0.0036984541
32 64 128 194 320 728 cost 0.0032557492
32 64 64 96 480 728 cost 0.0030395108
64 96 0 32 0 728 cost 0.0027781407
96 128 64 96 0 32 cost 0.0020471993
0 32 0 96 352 728 cost 0.0015574386
128 148 0 64 0 728 cost 0.0003478251
0 32 96 194 608 728 cost 0.0003108444
0 32 96 194 512 608 cost 0.0002382165
128 148 128 194 704 728 cost 0.0001012999
0 32 96 194 448 512 cost 7.95621e-05
partitioning time: 460.587709 seconds
