hostname : cph-gpu4.uncc.edu
bounding: [1053872.965;1068485.726]x[860186.8419;879395.9741]x[3;730]
read 11056 observations
res: 50 50 1 bw: 100 100 1
box size: 294 x 386 x 728
nbparts: 32
max states: 49391872
mem: 4.415977478 GB (this is an order of magnitude)
3758453 states processed
solution: 0.0001823562 in 32 boxes.
naive: 0.0053159259 speedup:29.15133075
sumload:0.0053793047 overhead:1.011922439
128 256 0 128 0 448 cost 0.0001823562
96 128 0 128 0 448 cost 0.0001822005
96 256 224 256 64 128 cost 0.000180748
192 256 320 386 0 192 cost 0.0001802253
0 256 288 386 192 448 cost 0.0001794824
128 256 128 160 64 448 cost 0.0001792937
224 256 160 288 128 448 cost 0.0001781555
96 256 224 256 0 64 cost 0.0001779318
160 224 192 288 192 320 cost 0.0001769013
0 256 0 192 448 728 cost 0.000175026
0 192 288 386 0 192 cost 0.0001735234
0 256 128 160 0 64 cost 0.0001715157
0 160 256 288 0 128 cost 0.0001712756
96 160 160 192 0 128 cost 0.0001698109
0 128 192 288 128 320 cost 0.0001697658
0 96 160 256 0 128 cost 0.0001693038
128 160 192 288 128 320 cost 0.0001690831
160 224 192 288 128 192 cost 0.0001684245
0 96 0 128 0 448 cost 0.0001678377
96 256 192 224 0 64 cost 0.0001677389
256 294 0 386 128 728 cost 0.0001668309
192 256 288 320 0 192 cost 0.0001666572
0 224 192 288 320 448 cost 0.0001660499
192 256 192 386 448 728 cost 0.0001635184
0 160 160 192 128 448 cost 0.0001611689
160 256 160 192 0 128 cost 0.0001603229
96 256 192 224 64 128 cost 0.0001575899
160 224 160 192 128 448 cost 0.0001575274
0 128 128 160 64 448 cost 0.0001542514
160 256 256 288 0 128 cost 0.0001491391
0 192 192 386 448 728 cost 0.0001433409
256 294 0 386 0 128 cost 0.0001423077
partitioning time: 483.045869 seconds
