hostname : cph-c14.uncc.edu
bounding: [1053872.965;1068485.726]x[860186.8419;879395.9741]x[3;730]
read 11056 observations
res: 100 100 1 bw: 250 250 1
box size: 148 x 194 x 728
nbparts: 64
max states: 21861824
mem: 1.95459938 GB (this is an order of magnitude)
5992057 states processed
solution: 0.0006304757 in 26 boxes.
naive: 0.0102500115 speedup:16.25758376
sumload:0.0103245962 overhead:1.007276548
32 64 64 96 0 160 cost 0.0006304757
0 64 0 64 0 256 cost 0.000626973
96 148 128 160 0 224 cost 0.0006240468
0 96 128 194 96 384 cost 0.0006157739
0 128 0 128 480 728 cost 0.0006073727
64 96 96 128 0 128 cost 0.0006062925
128 148 0 128 0 728 cost 0.0005666934
64 128 0 128 288 480 cost 0.000563508
0 64 96 128 0 256 cost 0.0005512331
0 96 128 194 0 96 cost 0.0005378698
64 96 96 128 128 288 cost 0.0005076174
64 96 64 96 0 96 cost 0.0005061845
96 128 96 128 96 288 cost 0.0004390864
96 148 160 194 0 256 cost 0.0004079634
96 128 96 128 0 96 cost 0.000387583
0 148 128 194 384 704 cost 0.0003475128
64 128 0 64 0 288 cost 0.0003162015
96 128 64 96 0 192 cost 0.0002818134
64 96 64 96 96 192 cost 0.0002804789
64 128 64 96 192 288 cost 0.0002782349
0 64 0 128 256 480 cost 0.0002608084
96 148 128 160 224 384 cost 0.0001605969
0 64 64 96 160 256 cost 0.0001266297
96 148 160 194 256 384 cost 5.3424e-05
0 148 128 194 704 728 cost 2.26904e-05
0 32 64 96 0 160 cost 1.75317e-05
partitioning time: 1778.903799 seconds
