hostname : cph-gpu2.uncc.edu
bounding: [1053872.965;1068485.726]x[860186.8419;879395.9741]x[3;730]
read 11056 observations
res: 100 100 1 bw: 500 500 7
box size: 148 x 194 x 728
nbparts: 32
mem: 0.2443084717 GB (this is an order of magnitude)
38883 states processed
solution: 0.0026809419 in 32 boxes.
naive: 0.0609225435 speedup:22.72430577
sumload:0.0631594743 overhead:1.03671762
96 148 96 128 256 728 cost 0.0026809419
96 148 128 194 0 64 cost 0.0026373834
0 64 128 194 0 728 cost 0.0024906386
96 148 0 96 128 728 cost 0.0024099123
96 148 96 128 128 256 cost 0.0024090129
0 64 64 96 128 728 cost 0.0023764666
96 148 128 194 256 728 cost 0.002332247
0 64 96 128 0 128 cost 0.002317011
64 96 0 64 0 728 cost 0.0022048834
64 96 128 194 64 192 cost 0.0021345555
96 148 96 128 64 128 cost 0.0020370857
64 96 64 96 0 64 cost 0.0019952402
96 148 128 194 128 256 cost 0.0019915005
0 64 64 96 64 128 cost 0.0019890288
96 148 96 128 0 64 cost 0.001987486
64 96 96 128 64 128 cost 0.0019556647
96 148 128 194 64 128 cost 0.0019433049
64 96 64 96 64 128 cost 0.0018524605
96 148 0 96 0 128 cost 0.0018473233
64 96 64 96 128 256 cost 0.0018158971
64 96 96 128 0 64 cost 0.0018111135
64 96 128 194 192 728 cost 0.0017861376
0 64 96 128 128 728 cost 0.001739276
64 96 96 128 128 192 cost 0.0017360616
64 96 64 96 256 728 cost 0.0017309092
0 64 64 96 0 64 cost 0.0016923961
64 96 96 128 192 320 cost 0.0016868327
0 64 0 64 128 728 cost 0.0016760209
0 64 0 64 0 64 cost 0.0015613924
64 96 128 194 0 64 cost 0.0015320189
64 96 96 128 320 728 cost 0.0015109335
0 64 0 64 64 128 cost 0.0012883376
partitioning time: 16.796947 seconds
