hostname : cph-bm1.uncc.edu
bounding: [-130;-65]x[20;50]x[5875;5958]
read 588189 observations
res: 0.1 0.1 1 bw: 1 1 3
box size: 651 x 301 x 84
nbparts: 32
max states: 1979648
mem: 0.1769943237 GB (this is an order of magnitude)
453345 states processed
solution: 0.4924927228 in 32 boxes.
naive: 7.046724289 speedup:14.30828104
sumload:7.121514219 overhead:1.010613432
544 576 192 224 0 64 cost 0.4924927228
64 96 0 301 0 84 cost 0.4762091967
320 651 64 96 0 84 cost 0.4585089634
448 651 128 160 0 84 cost 0.4342069045
448 480 160 301 0 84 cost 0.4291111959
96 128 64 301 0 64 cost 0.4233291836
384 416 96 301 0 84 cost 0.3382024223
416 448 192 301 0 84 cost 0.3247740624
512 651 160 192 0 84 cost 0.3090605168
320 352 96 128 0 84 cost 0.2912201697
320 352 128 301 0 84 cost 0.2898212525
480 512 160 301 0 84 cost 0.2817680464
352 384 96 301 0 84 cost 0.2774020431
512 544 192 301 0 84 cost 0.2766689039
416 651 96 128 0 84 cost 0.2342298658
416 448 128 192 0 84 cost 0.2328353736
160 192 64 301 0 84 cost 0.2213250229
128 160 64 301 0 84 cost 0.2067062194
544 576 192 224 64 84 cost 0.1833326388
288 320 64 301 0 84 cost 0.1830891502
96 651 32 64 0 84 cost 0.153796044
224 256 64 301 0 84 cost 0.114752296
96 128 64 301 64 84 cost 0.1070544535
576 651 192 224 0 64 cost 0.0814786919
256 288 64 301 0 84 cost 0.0754119968
576 651 224 301 0 64 cost 0.0731148938
576 651 192 301 64 84 cost 0.0510299592
544 576 224 301 0 84 cost 0.0408226944
192 224 64 301 0 84 cost 0.0350154563
32 64 0 301 0 84 cost 0.0246446423
96 651 0 32 0 84 cost 5.47074e-05
0 32 0 301 0 84 cost 4.45284e-05
partitioning time: 3606.438020 seconds
