hostname : cph-gpu3.uncc.edu
bounding: [1053872.965;1068485.726]x[860186.8419;879395.9741]x[3;730]
read 11056 observations
res: 50 50 1 bw: 100 100 1
box size: 294 x 386 x 728
nbparts: 16
max load allowed: 0.0006644907375
max states: 24695936
mem: 2.207988739 GB (this is an order of magnitude)
154849 states processed
solution: 0.0006616324 in 16 boxes.
naive: 0.0053159259 speedup:8.034561034
sumload:0.0053314789 overhead:1.002925737
0 160 224 320 0 640 cost 0.0006616324
160 256 0 224 0 192 cost 0.0006614773
0 160 0 160 0 192 cost 0.0006516132
0 160 160 224 0 256 cost 0.0006445647
160 256 224 288 0 320 cost 0.0006375183
160 256 288 386 0 512 cost 0.0006296232
160 256 0 224 192 728 cost 0.0004692365
256 294 0 386 0 448 cost 0.0002830173
0 160 0 160 192 728 cost 0.0002138544
160 256 224 288 320 728 cost 0.0001369659
0 160 160 224 384 728 cost 9.95703e-05
0 160 160 224 256 384 cost 8.46012e-05
160 256 288 386 512 728 cost 6.22413e-05
0 160 320 386 0 728 cost 5.48662e-05
256 294 0 386 448 728 cost 2.46213e-05
0 160 224 320 640 728 cost 1.60754e-05
partitioning time: 110.955173 seconds
