hostname : cph-c45.uncc.edu
bounding: [-130;-65]x[20;50]x[5875;5958]
read 588189 observations
res: 0.1 0.1 1 bw: 5 5 14
box size: 651 x 301 x 84
nbparts: 32
mem: 0.01100063324 GB (this is an order of magnitude)
37831 states processed
solution: 27.79098862 in 29 boxes.
naive: 430.2508241 speedup:15.48166674
sumload:438.5701484 overhead:1.019335987
448 512 128 192 0 64 cost 27.79098862
512 576 128 192 0 84 cost 27.67323377
512 576 192 256 0 64 cost 27.25309526
384 448 192 301 0 84 cost 25.4452736
448 512 192 301 0 64 cost 24.47621658
192 320 128 301 0 84 cost 23.96310386
384 448 128 192 0 84 cost 23.89636612
0 128 128 192 0 84 cost 23.85142473
320 384 0 128 0 84 cost 22.40927635
448 512 64 128 0 84 cost 20.71882078
0 128 192 301 0 84 cost 20.14257011
128 192 128 301 0 84 cost 20.11116631
320 384 128 192 0 84 cost 17.65281442
192 320 0 128 0 84 cost 17.55398741
384 448 0 128 0 84 cost 16.77186847
320 384 192 301 0 84 cost 11.75597477
576 651 192 256 0 64 cost 11.60637269
512 576 0 128 0 84 cost 9.243829391
128 192 0 128 0 84 cost 9.199127764
512 576 192 256 64 84 cost 9.152962363
448 512 128 192 64 84 cost 8.353830263
0 128 0 128 0 84 cost 8.301541985
448 512 192 301 64 84 cost 7.573143561
576 651 0 192 0 84 cost 7.416204586
448 512 0 64 0 84 cost 7.285377564
576 651 192 256 64 84 cost 4.058781927
512 576 256 301 0 84 cost 2.727893836
576 651 256 301 0 64 cost 1.64622126
576 651 256 301 64 84 cost 0.5386800338
partitioning time: 605.140623 seconds
