hostname : cph-c53.uncc.edu
bounding: [1053872.965;1068485.726]x[860186.8419;879395.9741]x[3;730]
read 11056 observations
res: 50 50 1 bw: 2500 2500 1
box size: 294 x 386 x 728
nbparts: 64
mem: 1.927911758 GB (this is an order of magnitude)
168180 states processed
solution: 0.0414885962 in 64 boxes.
naive: 2.038316503 speedup:49.12956064
sumload:2.073263199 overhead:1.017144882
192 256 320 386 0 128 cost 0.0414885962
192 256 0 192 128 256 cost 0.0409017379
192 256 256 320 0 64 cost 0.0407827946
192 256 0 192 256 728 cost 0.0402998002
0 64 0 386 128 728 cost 0.0402235294
128 192 192 256 32 64 cost 0.0398859331
128 192 192 256 224 352 cost 0.0397318195
128 192 128 192 32 64 cost 0.0395343119
256 294 0 386 256 728 cost 0.0393091456
64 128 192 256 64 128 cost 0.038783634
128 192 256 320 128 256 cost 0.0386738386
128 192 192 256 352 728 cost 0.0384596326
192 256 320 386 128 728 cost 0.038158976
64 128 192 256 224 728 cost 0.0378488122
64 128 64 128 64 160 cost 0.0377397151
128 192 256 320 0 64 cost 0.0376177866
64 128 256 386 128 728 cost 0.0374534825
64 128 256 386 0 128 cost 0.0374278742
192 256 256 320 256 728 cost 0.0371666931
192 256 256 320 128 256 cost 0.0367226547
128 192 128 192 192 320 cost 0.0365236501
128 192 128 192 320 728 cost 0.0364182129
64 128 192 256 0 64 cost 0.0361717197
256 294 0 386 128 256 cost 0.0353027714
192 256 192 256 352 728 cost 0.0350628749
128 192 192 256 160 224 cost 0.0348634926
128 192 256 320 256 728 cost 0.0348608397
192 256 192 256 96 160 cost 0.0345690749
0 64 0 386 64 128 cost 0.0342980052
128 192 192 256 64 96 cost 0.0341438009
192 256 192 256 224 352 cost 0.0339279043
128 192 256 320 64 128 cost 0.0337138597
192 256 256 320 64 128 cost 0.0336381172
64 128 64 128 0 64 cost 0.0333864409
128 192 0 128 64 160 cost 0.0333686124
64 128 128 192 32 64 cost 0.0331483244
192 256 0 192 0 64 cost 0.0330148994
128 192 128 192 128 192 cost 0.0329597937
128 192 128 192 64 96 cost 0.0328517407
64 128 128 192 96 160 cost 0.0321248398
64 128 128 192 64 96 cost 0.0321083892
64 128 128 192 256 728 cost 0.0320899918
256 294 0 386 64 128 cost 0.0318317513
256 294 0 386 0 64 cost 0.0317118483
192 256 192 256 32 64 cost 0.0307783974
128 192 0 128 160 728 cost 0.0305870132
0 64 0 386 0 64 cost 0.0305343426
192 256 0 192 64 128 cost 0.0303758218
128 192 0 128 0 64 cost 0.0298833945
64 128 64 128 160 728 cost 0.0289740054
128 192 320 386 0 128 cost 0.0288186389
64 128 192 256 128 224 cost 0.0282223101
192 256 192 256 160 224 cost 0.0276385316
192 256 192 256 64 96 cost 0.0258380665
128 192 320 386 128 728 cost 0.0242238811
128 192 192 256 96 128 cost 0.0231489163
128 192 192 256 128 160 cost 0.0225162084
64 128 128 192 160 256 cost 0.022219581
128 192 128 192 96 128 cost 0.0203978576
128 192 192 256 0 32 cost 0.0180970903
128 192 128 192 0 32 cost 0.0168659884
64 128 128 192 0 32 cost 0.0149422219
192 256 192 256 0 32 cost 0.0145285457
64 128 0 64 0 728 cost 0.0143706633
partitioning time: 169.067831 seconds
