hostname : cph-c44.uncc.edu
bounding: [1053872.965;1068485.726]x[860186.8419;879395.9741]x[3;730]
read 11056 observations
res: 50 50 1 bw: 2500 2500 14
box size: 294 x 386 x 728
nbparts: 32
mem: 0.240986824 GB (this is an order of magnitude)
39240 states processed
solution: 0.3389985022 in 32 boxes.
naive: 8.268027147 speedup:24.38956837
sumload:8.501465322 overhead:1.028233842
128 192 64 192 0 64 cost 0.3389985022
192 256 0 256 0 64 cost 0.3207326836
192 256 320 386 0 728 cost 0.320640415
128 192 64 192 64 128 cost 0.3206048612
128 192 256 386 64 192 cost 0.3175532494
192 256 0 256 64 128 cost 0.3162592699
128 192 64 192 128 256 cost 0.3055953094
256 294 0 386 128 728 cost 0.3045409901
64 128 256 386 0 728 cost 0.3026512124
192 256 256 320 128 728 cost 0.3014098797
64 128 192 256 0 128 cost 0.3008544982
192 256 256 320 0 128 cost 0.2970628124
128 192 192 256 128 256 cost 0.2949087527
192 256 0 256 192 320 cost 0.2892402769
64 128 0 128 0 128 cost 0.2883103141
192 256 0 256 320 728 cost 0.2861567306
64 128 128 192 128 728 cost 0.2790817894
128 192 64 192 256 728 cost 0.2743209185
128 192 256 386 192 728 cost 0.2739793316
64 128 192 256 128 728 cost 0.269887039
128 192 192 256 256 728 cost 0.257811674
256 294 0 386 0 128 cost 0.2561902621
128 192 192 256 64 128 cost 0.239364188
128 192 192 256 0 64 cost 0.2374324539
0 64 0 192 0 728 cost 0.2339417591
192 256 0 256 128 192 cost 0.2290501253
128 192 256 386 0 64 cost 0.2237458853
64 128 128 192 64 128 cost 0.2139047733
64 128 128 192 0 64 cost 0.1974387213
0 64 192 386 0 728 cost 0.1875555173
64 128 0 128 128 728 cost 0.1787176182
128 192 0 64 0 728 cost 0.0435235075
partitioning time: 23.159680 seconds
