hostname : cph-c76.uncc.edu
bounding: [-130;-65]x[20;50]x[5875;5958]
read 588189 observations
res: 0.01 0.01 1 bw: 0.5 0.5 3
box size: 6501 x 3001 x 84
nbparts: 2048
solution: 0.4827708084 in 2052 boxes.
naive: 162.5264313 speedup:336.6533943
sumload:265.5909528 overhead:1.634140063
812 1218 1312 1500 73 78 cost 0.4827708084
4062 4468 2062 2250 73 78 cost 0.4826687415
4875 5281 1500 1687 36 42 cost 0.4826144319
3250 3656 937 1125 26 31 cost 0.4790159581
812 1218 1687 1875 52 57 cost 0.4785529341
5484 5688 2062 2156 63 65 cost 0.4780783098
3250 3453 1218 1312 44 47 cost 0.4771185825
3250 4062 750 1125 0 10 cost 0.476188588
1625 2031 1312 1500 47 52 cost 0.4759312249
4468 4875 1875 2062 42 47 cost 0.4742073673
4875 5281 562 750 52 57 cost 0.4741724123
4468 4875 1875 2062 36 42 cost 0.4733914851
1218 1625 1312 1500 63 68 cost 0.4724929254
4062 4875 375 750 52 63 cost 0.4713776392
1015 1218 1406 1500 54 57 cost 0.4698408854
1015 1218 1312 1406 57 60 cost 0.4692409227
5484 5688 2062 2156 70 73 cost 0.4690876366
4875 5281 1500 1687 42 47 cost 0.4684311839
5281 5484 1875 1968 49 52 cost 0.4676725889
5484 5688 1968 2062 78 81 cost 0.4654157539
4468 4875 2062 2250 31 36 cost 0.4633617947
5281 5688 1875 2062 5 10 cost 0.4629750807
5688 6501 1875 2250 21 31 cost 0.4600529835
4875 5688 750 1125 42 52 cost 0.4593587987
5484 5688 1968 2062 75 78 cost 0.4591627225
4468 4875 2062 2250 63 68 cost 0.458646118
0 812 2625 3001 42 52 cost 0.4574282571
1625 2031 1312 1500 31 36 cost 0.455393585
4875 5688 2250 2625 42 52 cost 0.4534443044
0 812 1500 1875 31 42 cost 0.4521060395
812 1218 1687 1875 47 52 cost 0.4505156838
4062 4875 375 750 31 42 cost 0.4498290453
5688 6501 2250 2625 52 63 cost 0.449596777
3250 3453 1218 1312 36 39 cost 0.4473703144
5484 5688 2062 2156 73 75 cost 0.4468492005
3250 4062 1500 1875 21 31 cost 0.4462697105
4875 5281 1875 2062 36 42 cost 0.4446262094
3250 4062 1875 2250 63 73 cost 0.4434432648
4875 5688 2250 2625 52 63 cost 0.4418065119
5281 5688 2062 2250 21 26 cost 0.4416743998
3250 4062 1875 2250 73 84 cost 0.440289534
5281 5688 1875 2062 10 15 cost 0.4376404695
5484 5688 1968 2062 33 36 cost 0.4363521841
3250 3656 937 1125 57 63 cost 0.4362361548
812 1625 1500 1875 10 21 cost 0.4349648283
812 1218 1687 1875 57 63 cost 0.4333607228
3250 3453 1218 1312 42 44 cost 0.4325471772
1015 1218 1312 1406 47 49 cost 0.4323503321
4875 5688 1125 1500 63 73 cost 0.4319910226
4468 4875 750 937 31 36 cost 0.4313599348
812 1625 1500 1875 73 84 cost 0.4308981584
4062 4875 750 1125 10 21 cost 0.4305661819
5281 5484 1875 1968 54 57 cost 0.4305236682
4468 4875 1312 1500 68 73 cost 0.4295387443
4875 5281 1875 2062 42 47 cost 0.4288037257
1015 1218 1312 1406 60 63 cost 0.4266750172
5281 5688 2062 2250 15 21 cost 0.4262765371
3250 4062 1500 1875 63 73 cost 0.4260082078
1625 2437 1125 1500 10 21 cost 0.4258707862
1015 1218 1406 1500 52 54 cost 0.423846928
4062 4468 2062 2250 68 73 cost 0.4232908184
5688 6094 2062 2250 57 63 cost 0.4220103804
4468 4875 1312 1500 31 36 cost 0.4154230741
812 1218 1312 1500 26 31 cost 0.4137767852
1015 1218 1312 1406 44 47 cost 0.4134815972
1015 1218 1406 1500 57 60 cost 0.4106257986
2437 3250 750 1125 21 31 cost 0.4093924198
2437 3250 1500 1875 31 42 cost 0.4087371982
406 812 1687 1875 63 68 cost 0.406640759
5484 5688 2062 2156 81 84 cost 0.4051159945
3250 3656 1125 1312 52 57 cost 0.4045091213
4875 5281 1875 2062 57 63 cost 0.4034080731
4875 5688 2250 2625 31 42 cost 0.4032281674
5281 5484 1875 1968 52 54 cost 0.4026976578
5688 6501 2250 2625 31 42 cost 0.4020764895
5484 5688 1968 2062 42 44 cost 0.401374151
0 812 2250 2625 63 73 cost 0.3990956305
4875 5688 1500 1875 0 10 cost 0.3988962604
3250 3656 937 1125 63 68 cost 0.3928149931
4062 4875 1125 1500 0 10 cost 0.3917710876
4468 4875 750 937 57 63 cost 0.3911668492
5688 6094 2062 2250 63 68 cost 0.3891038699
1218 1421 1312 1406 49 52 cost 0.3885818859
3250 3656 937 1125 73 78 cost 0.3880461106
1218 1625 1312 1500 36 42 cost 0.3871262066
5484 5688 1968 2062 65 68 cost 0.3869350774
4062 4468 937 1125 47 52 cost 0.3869297451
4062 4468 2062 2250 78 84 cost 0.38596334
4875 5281 1500 1687 31 36 cost 0.3850034975
406 812 2625 2813 57 63 cost 0.3841493903
4062 4468 2062 2250 26 31 cost 0.384126243
3250 4062 1125 1500 0 10 cost 0.3836296507
1015 1218 1406 1500 47 49 cost 0.3831739959
5688 6094 2062 2250 73 78 cost 0.3824034895
3250 3656 1125 1312 26 31 cost 0.3809823543
4875 6501 750 1500 0 21 cost 0.3796756555
1625 3250 0 750 42 63 cost 0.3785425887
5281 5484 1875 1968 39 42 cost 0.3770403317
1625 2437 1875 2250 52 63 cost 0.3762147888
5484 5688 2062 2156 68 70 cost 0.3749206075
3250 3656 937 1125 68 73 cost 0.3734048994
4062 4468 937 1125 42 47 cost 0.3730644243
3250 3656 1312 1500 36 42 cost 0.373011752
3250 3656 937 1125 78 84 cost 0.3723351008
0 812 1500 1875 73 84 cost 0.3713878159
1015 1218 1406 1500 60 63 cost 0.370462945
1015 1218 1406 1500 44 47 cost 0.3703606206
1625 2031 1312 1500 52 57 cost 0.3695505296
4875 5281 1500 1687 63 68 cost 0.3694806645
3656 4062 937 1125 47 52 cost 0.3693337851
4468 4875 2062 2250 26 31 cost 0.3691490083
406 812 1687 1875 42 47 cost 0.3680436145
4875 5078 562 656 44 47 cost 0.3679825099
5484 5688 2062 2156 28 31 cost 0.367396771
5688 6094 2062 2250 31 36 cost 0.3664423338
3250 3656 937 1125 15 21 cost 0.3659136756
4062 4875 1500 1875 0 10 cost 0.3647867115
5484 5688 1968 2062 63 65 cost 0.3642537855
1625 2437 1125 1500 63 73 cost 0.3639395117
3250 3453 1218 1312 33 36 cost 0.3638218287
4875 5688 375 750 21 31 cost 0.3628822173
4062 4265 2156 2250 49 52 cost 0.3627839001
5281 5688 1875 2062 0 5 cost 0.3627592773
4062 4468 1875 2062 47 52 cost 0.3615146326
406 812 2437 2625 57 63 cost 0.3603313413
3250 3453 1218 1312 47 49 cost 0.3602668703
4875 5281 1875 2062 31 36 cost 0.3597562061
0 812 2625 3001 73 84 cost 0.359295114
3250 3656 937 1125 21 26 cost 0.3587943996
0 812 1500 1875 21 31 cost 0.3574123896
3250 3453 1218 1312 49 52 cost 0.3573335632
1625 2437 1875 2250 42 52 cost 0.3572114132
5281 5484 1875 1968 57 60 cost 0.3571830729
5281 5484 1875 1968 44 47 cost 0.3570175827
4468 4875 1500 1687 47 52 cost 0.3568020294
4468 4875 1875 2062 31 36 cost 0.3564318934
1218 1421 1312 1406 54 57 cost 0.3563391494
4062 4875 2250 2625 10 21 cost 0.3560802128
4875 5688 750 1125 31 42 cost 0.3553119282
1116 1218 1359 1406 50 52 cost 0.3546926493
4875 5281 1312 1500 47 52 cost 0.3543575172
3250 4062 2250 2625 63 73 cost 0.351527
406 812 2625 2813 63 68 cost 0.349746085
4062 4468 1875 2062 36 42 cost 0.3476148898
5281 5688 1687 1875 52 57 cost 0.346667621
4875 5078 562 656 49 52 cost 0.3447149066
4875 5281 562 750 57 63 cost 0.3441420346
5484 5688 2062 2156 31 33 cost 0.3434291622
4468 4875 1875 2062 63 68 cost 0.3424477147
812 1218 1312 1500 78 84 cost 0.3418439139
4875 5688 375 750 63 73 cost 0.3415629027
4062 4468 1500 1687 47 52 cost 0.3412808063
5281 5484 1875 1968 36 39 cost 0.3411754689
812 1625 1875 2250 52 63 cost 0.3407007264
4875 5281 1687 1875 52 57 cost 0.3401348438
4062 4468 1875 2062 42 47 cost 0.3398240209
0 812 1500 1875 10 21 cost 0.3384277252
4875 5688 750 1125 52 63 cost 0.3381697797
5484 5688 1968 2062 70 73 cost 0.3374390482
1625 2031 1312 1500 26 31 cost 0.336856431
4468 4875 1312 1500 73 78 cost 0.3363978102
4875 5281 1312 1500 42 47 cost 0.3363499532
3250 4062 1875 2250 10 21 cost 0.3343828048
3250 4875 0 750 63 84 cost 0.3343661051
812 1218 1312 1500 15 21 cost 0.3343266259
3250 4062 1500 1875 73 84 cost 0.3335091841
406 812 2437 2625 52 57 cost 0.3331525001
4468 4875 1500 1687 52 57 cost 0.3327081169
3453 3656 937 1031 39 42 cost 0.3320259068
3453 3656 937 1031 44 47 cost 0.3316632582
3250 3656 1312 1500 42 47 cost 0.3316534405
3656 4062 937 1125 52 57 cost 0.3311218635
5281 5484 1875 1968 47 49 cost 0.3308667396
5688 6094 2062 2250 78 84 cost 0.3303220994
5281 5688 1687 1875 47 52 cost 0.3301448683
4875 5281 1687 1875 47 52 cost 0.3269221049
4875 5281 562 750 31 36 cost 0.3249265414
5281 5688 1687 1875 57 63 cost 0.3244181917
812 1218 1312 1500 21 26 cost 0.3240018941
2437 2843 1875 2062 47 52 cost 0.3238465777
1218 1421 1312 1406 57 60 cost 0.3233529173
5281 5688 2062 2250 5 10 cost 0.3225927273
812 1625 1875 2250 42 52 cost 0.3224903012
406 812 2437 2625 47 52 cost 0.322228338
1218 1421 1312 1406 52 54 cost 0.3211477554
2437 3250 1875 2250 31 42 cost 0.3209606674
4468 4875 1875 2062 73 78 cost 0.32062081
4875 5281 1312 1500 52 57 cost 0.3202879237
4468 4875 1500 1687 36 42 cost 0.3201916832
2437 3250 750 1125 63 73 cost 0.3200756898
4468 4875 1312 1500 26 31 cost 0.3191978814
4062 4468 2062 2250 21 26 cost 0.3188505919
4875 5281 1312 1500 57 63 cost 0.3182024955
5484 5688 1968 2062 73 75 cost 0.3180231825
4468 4875 1500 1687 42 47 cost 0.317752258
812 1218 1312 1500 10 15 cost 0.3172721716
5688 6094 2062 2250 68 73 cost 0.3169458147
4875 5281 1500 1687 26 31 cost 0.3168036074
4062 4468 1500 1687 52 57 cost 0.3154676752
5281 5484 1875 1968 60 63 cost 0.3152091042
3250 4062 1500 1875 10 21 cost 0.3147277864
4468 4875 2062 2250 68 73 cost 0.3132695068
4062 4468 1875 2062 52 57 cost 0.3124075275
1218 1421 1312 1406 60 63 cost 0.311882605
2843 3250 937 1125 52 57 cost 0.3112614284
5688 6501 1875 2250 10 21 cost 0.3109741756
4062 4468 2062 2250 15 21 cost 0.3109218057
1116 1218 1406 1453 50 52 cost 0.310089619
812 1218 1687 1875 42 47 cost 0.3098927012
1116 1218 1359 1406 55 57 cost 0.3093469572
5586 5688 2062 2109 50 52 cost 0.3085247648
4468 4875 1125 1312 47 52 cost 0.3078766131
4062 4468 937 1125 52 57 cost 0.3075230209
0 812 2250 2625 31 42 cost 0.3067797672
1218 1625 1500 1687 47 52 cost 0.3059480379
4875 5078 562 656 47 49 cost 0.3058890122
4671 4875 750 843 44 47 cost 0.3055114395
4875 5281 1687 1875 57 63 cost 0.3038463101
4875 5281 1312 1500 36 42 cost 0.3034828293
1015 1218 1312 1406 65 68 cost 0.3030836346
0 812 2625 3001 31 42 cost 0.3021814498
812 1218 1312 1500 5 10 cost 0.3020852233
5281 5688 2062 2250 10 15 cost 0.3015978006
4062 4468 1500 1687 42 47 cost 0.3010683577
3250 4062 2250 2625 73 84 cost 0.3009405373
5688 6501 2250 2625 63 73 cost 0.3003864875
4671 4875 750 843 49 52 cost 0.3002828401
2437 3250 1125 1500 52 63 cost 0.300221588
4062 4265 2156 2250 54 57 cost 0.3000593555
5484 5688 1968 2062 28 31 cost 0.3000273066
4875 6501 0 750 0 21 cost 0.2996280117
3046 3250 937 1031 39 42 cost 0.2980038663
4062 4265 2156 2250 44 47 cost 0.2979545634
4468 4875 1875 2062 26 31 cost 0.2977413281
1218 1625 1125 1312 47 52 cost 0.2957087053
5281 5484 1875 1968 42 44 cost 0.2931575876
1015 1218 1312 1406 63 65 cost 0.2928903404
1218 1421 1312 1406 47 49 cost 0.2928389099
4875 5078 562 656 39 42 cost 0.292695937
406 812 2625 2813 52 57 cost 0.2923480955
3453 3656 937 1031 49 52 cost 0.2923319916
5484 5688 1968 2062 81 84 cost 0.292211905
3250 4062 2250 2625 21 31 cost 0.2916998279
4875 5281 1875 2062 73 78 cost 0.2913893858
5281 5688 1687 1875 36 42 cost 0.2911938014
2437 3250 750 1125 10 21 cost 0.2905482247
4468 4875 2250 2437 57 63 cost 0.290537923
1218 1625 1125 1312 52 57 cost 0.2900009219
4062 4265 2156 2250 52 54 cost 0.2899595324
4468 4875 2062 2250 73 78 cost 0.2897700583
1625 3250 0 750 21 42 cost 0.2894070309
3453 3656 937 1031 42 44 cost 0.2893941816
1116 1218 1359 1406 52 53 cost 0.2881133501
1218 1625 1500 1687 52 57 cost 0.2880121557
4875 5281 1687 1875 36 42 cost 0.2871384298
2437 2843 1875 2062 52 57 cost 0.2870451319
3250 3453 937 1031 39 42 cost 0.2866885607
2843 3250 937 1125 31 36 cost 0.2864191485
1625 1828 1312 1406 44 47 cost 0.2862556671
1218 1421 1312 1406 44 47 cost 0.2846054411
4875 5281 2062 2250 47 52 cost 0.2838243384
5484 5688 1968 2062 31 33 cost 0.2837235201
5281 5484 1875 1968 33 36 cost 0.2836714738
3453 3656 937 1031 47 49 cost 0.2826323438
4062 4468 1875 2062 57 63 cost 0.2825124965
812 1625 2625 3001 52 63 cost 0.2825021265
4062 4468 937 1125 36 42 cost 0.2824360676
4875 5688 1125 1500 21 31 cost 0.2821737704
3656 4062 937 1125 42 47 cost 0.282044894
406 812 1687 1875 68 73 cost 0.281835653
4468 4875 1500 1687 57 63 cost 0.2816111971
3250 3656 937 1125 10 15 cost 0.281475422
4062 4468 1500 1687 36 42 cost 0.2807381773
1625 1828 1312 1406 39 42 cost 0.2799867474
4875 5281 1875 2062 63 68 cost 0.2797984638
812 1218 1687 1875 63 68 cost 0.2796852841
4062 4468 2250 2437 47 52 cost 0.2786143162
4062 4265 2156 2250 47 49 cost 0.2778549805
4062 4468 1500 1687 57 63 cost 0.2757023102
4671 4875 750 843 39 42 cost 0.2755299653
4468 4875 750 937 26 31 cost 0.2754012369
4062 4468 2250 2437 57 63 cost 0.2748737882
1015 1218 1312 1406 39 42 cost 0.2748136462
4875 5281 1875 2062 26 31 cost 0.2743986397
3453 3656 937 1031 36 39 cost 0.2743572375
5281 5688 1687 1875 42 47 cost 0.2742946053
3250 3656 1500 1687 36 42 cost 0.273888894
5484 5688 1968 2062 68 70 cost 0.2738405024
4875 5078 562 656 42 44 cost 0.27332723
3250 3656 1500 1687 42 47 cost 0.2727226323
5688 6094 2250 2437 47 52 cost 0.2720676323
406 812 2625 2813 68 73 cost 0.2719732146
812 1625 1500 1875 0 10 cost 0.2715168473
4468 4671 1312 1406 49 52 cost 0.2713845505
4468 4875 937 1125 47 52 cost 0.2702295732
4062 4468 2250 2437 52 57 cost 0.2701225775
3250 3656 1125 1312 57 63 cost 0.2697414829
3250 3453 937 1031 44 47 cost 0.2694927082
4062 4265 2156 2250 60 63 cost 0.2692801174
1625 2031 1312 1500 57 63 cost 0.2692203104
4062 4875 750 1125 0 10 cost 0.2688190581
4468 4875 1125 1312 52 57 cost 0.2683766853
4875 5688 2250 2625 63 73 cost 0.2681021558
2437 3250 1875 2250 63 73 cost 0.2678053658
4062 4468 937 1125 57 63 cost 0.267753391
4468 4875 2062 2250 21 26 cost 0.2673261589
4468 4875 1125 1312 42 47 cost 0.2672237622
4875 5281 2062 2250 36 42 cost 0.2666850418
4875 5281 1687 1875 42 47 cost 0.2659834656
1116 1218 1359 1406 53 54 cost 0.2649115637
3250 3656 1312 1500 47 52 cost 0.2648411746
1625 1828 1312 1406 36 39 cost 0.2646480214
5281 5688 2062 2250 0 5 cost 0.2644314575
812 1218 1500 1687 47 52 cost 0.2642857552
812 1218 1500 1687 52 57 cost 0.2637848434
1015 1218 1312 1406 42 44 cost 0.2636326064
1015 1218 1406 1500 65 68 cost 0.2635010998
4062 4265 2156 2250 57 60 cost 0.2632211972
1218 1625 1500 1687 42 47 cost 0.2623498822
5688 6501 2250 2625 73 84 cost 0.2620989803
5281 5484 1875 1968 75 78 cost 0.2616392364
3046 3250 937 1031 44 47 cost 0.2615778954
3250 3656 1125 1312 15 21 cost 0.2612420878
3656 4062 937 1125 57 63 cost 0.2608731903
4468 4875 1875 2062 78 84 cost 0.2603457224
1116 1218 1359 1406 49 50 cost 0.2598406337
4062 4265 2156 2250 39 42 cost 0.2598280103
2437 3250 750 1125 73 84 cost 0.2588322143
2437 3250 1125 1500 21 31 cost 0.2583755509
4875 5281 2062 2250 52 57 cost 0.2582959635
5586 5688 2062 2109 52 53 cost 0.2580780971
4468 4875 1875 2062 68 73 cost 0.2580775197
4062 4468 1312 1500 47 52 cost 0.2562602299
4062 4875 2250 2625 0 10 cost 0.2560161065
4468 4875 750 937 63 68 cost 0.2557874126
1625 2437 1875 2250 63 73 cost 0.255596148
5586 5688 2062 2109 76 78 cost 0.2549606291
3250 3656 1500 1687 47 52 cost 0.254842794
4875 5281 1875 2062 68 73 cost 0.2547800633
4468 4875 937 1125 42 47 cost 0.25469932
0 812 2250 2625 73 84 cost 0.2542284325
1116 1218 1359 1406 54 55 cost 0.2533759168
4875 5281 2062 2250 31 36 cost 0.2527705164
4671 4875 750 843 47 49 cost 0.2526986977
4062 4468 2250 2437 36 42 cost 0.2522431834
4875 5688 2250 2625 73 84 cost 0.2521201559
3250 3453 937 1031 49 52 cost 0.2513455473
1015 1218 1406 1500 63 65 cost 0.250874685
1218 1625 1312 1500 68 73 cost 0.2506797416
4671 4875 750 843 36 39 cost 0.250114608
5484 5688 2062 2156 26 28 cost 0.2500761534
4062 4468 1875 2062 31 36 cost 0.2499790125
1625 2437 1125 1500 73 84 cost 0.2499519821
2843 3250 750 937 42 47 cost 0.2497187753
5586 5688 2062 2109 79 81 cost 0.2494120629
3250 3656 750 937 42 47 cost 0.2492594834
4468 4875 1125 1312 57 63 cost 0.248801579
4875 5281 1687 1875 31 36 cost 0.2475515753
3250 3453 937 1031 36 39 cost 0.2468924751
3046 3250 937 1031 36 39 cost 0.246855676
1218 1625 1125 1312 57 63 cost 0.246213384
4468 4671 1312 1406 44 47 cost 0.2459338337
4875 5281 2062 2250 42 47 cost 0.2458536301
3250 3656 1312 1500 31 36 cost 0.2454672948
5281 5484 1875 1968 78 81 cost 0.2451733973
3250 3453 1218 1312 31 33 cost 0.2447314247
5586 5688 2062 2109 49 50 cost 0.2444234715
5281 5484 1875 1968 65 68 cost 0.243884441
1015 1218 1406 1500 39 42 cost 0.243764623
2437 3250 1500 1875 52 63 cost 0.2437474893
4062 4468 1687 1875 47 52 cost 0.24354582
4468 4875 937 1125 36 42 cost 0.2425987229
3046 3250 937 1031 49 52 cost 0.2420582344
3046 3250 937 1031 42 44 cost 0.2418497177
4468 4875 2250 2437 63 68 cost 0.2413346824
5586 5688 2062 2109 40 42 cost 0.2413323352
4062 4468 1687 1875 57 63 cost 0.2412863374
3250 3453 937 1031 42 44 cost 0.2412062553
1625 2437 1500 1875 42 52 cost 0.2411846636
406 812 2437 2625 42 47 cost 0.2410815229
3250 3656 1125 1312 21 26 cost 0.2409587531
4875 5688 375 750 73 84 cost 0.2401256175
812 1625 2625 3001 63 73 cost 0.2401141508
4468 4875 2062 2250 15 21 cost 0.2398509851
3250 3453 937 1031 47 49 cost 0.2396343071
5586 5688 2062 2109 48 49 cost 0.239444328
1218 1625 1312 1500 31 36 cost 0.2393110895
1625 1828 1312 1406 42 44 cost 0.238444167
4468 4875 1125 1312 36 42 cost 0.2378829189
5586 5688 2015 2062 50 52 cost 0.2376785813
4062 4468 2250 2437 42 47 cost 0.2366197034
5586 5688 2062 2109 45 47 cost 0.2364219495
4875 5078 562 656 36 39 cost 0.2357650114
4875 5688 2250 2625 21 31 cost 0.2357571242
5586 5688 2062 2109 55 57 cost 0.2356995271
4671 4875 750 843 42 44 cost 0.2355004932
1015 1218 1406 1500 42 44 cost 0.2354811148
4875 5281 1875 2062 78 84 cost 0.23525457
4062 4265 2156 2250 36 39 cost 0.2350407099
2437 3250 1875 2250 73 84 cost 0.2347814461
4062 4468 1312 1500 42 47 cost 0.2346641977
5688 6094 2250 2437 42 47 cost 0.2345034117
4468 4875 1875 2062 21 26 cost 0.2343118884
1625 2437 1875 2250 31 42 cost 0.2341268465
5688 6501 1875 2250 0 10 cost 0.2341064961
5688 5891 2156 2250 49 52 cost 0.2337843947
4468 4875 937 1125 52 57 cost 0.2337572149
3046 3250 937 1031 47 49 cost 0.233676225
3250 3656 1125 1312 63 68 cost 0.2332527858
2843 3250 750 937 36 42 cost 0.2331412974
4875 5281 1500 1687 68 73 cost 0.2331350299
1625 2031 1125 1312 36 42 cost 0.2327890351
1015 1218 1312 1406 36 39 cost 0.2320708776
5586 5688 2062 2109 37 39 cost 0.2313368235
4062 4468 1687 1875 52 57 cost 0.2310386696
1116 1218 1406 1453 49 50 cost 0.2304737114
5586 5688 2062 2109 58 60 cost 0.2302845135
5586 5688 2062 2109 47 48 cost 0.2302422724
4062 4468 1312 1500 36 42 cost 0.230149004
5586 5688 2062 2109 61 63 cost 0.2283517621
3250 3656 1125 1312 68 73 cost 0.2280102732
5281 5484 1875 1968 63 65 cost 0.2276192943
1625 3250 2250 3001 42 63 cost 0.2275470876
4468 4671 1312 1406 54 57 cost 0.2272317117
4062 4468 1687 1875 36 42 cost 0.2261829974
1625 2031 1312 1500 21 26 cost 0.2260134418
3250 3656 1125 1312 73 78 cost 0.2256236752
3656 4062 937 1125 36 42 cost 0.2255397364
3250 3351 1265 1312 40 42 cost 0.2250930126
0 812 2625 3001 21 31 cost 0.2250225947
4468 4875 1687 1875 57 63 cost 0.2247416612
609 812 1687 1781 54 57 cost 0.224623163
4468 4875 2250 2437 36 42 cost 0.2243658129
4468 4875 2250 2437 52 57 cost 0.2238099764
4875 5281 1500 1687 21 26 cost 0.2237918992
5586 5688 2062 2109 53 54 cost 0.2236268376
4468 4875 1500 1687 31 36 cost 0.2235876894
4671 4875 750 843 52 54 cost 0.2232881662
4062 4468 1312 1500 52 57 cost 0.2228781979
1625 2437 1125 1500 0 10 cost 0.2228148572
4468 4671 1312 1406 60 63 cost 0.2226651762
3250 4062 1875 2250 0 10 cost 0.2224573693
4062 4265 2156 2250 65 68 cost 0.2213647328
4468 4875 1687 1875 52 57 cost 0.2211247837
4468 4671 1312 1406 47 49 cost 0.2206274943
2437 3250 750 1125 0 10 cost 0.2192020123
3250 4062 375 750 42 52 cost 0.2190624992
4671 4875 750 843 54 57 cost 0.2187082127
5281 5484 1968 2062 49 52 cost 0.2186837785
4062 4468 937 1125 63 68 cost 0.218679059
4468 4671 1312 1406 57 60 cost 0.2181549891
609 812 1687 1781 49 52 cost 0.2180710079
4468 4875 2062 2250 78 84 cost 0.2173120841
2437 2843 1875 2062 42 47 cost 0.2173113682
4062 4468 1687 1875 42 47 cost 0.216714191
4468 4875 1687 1875 47 52 cost 0.2161799339
4468 4875 1312 1500 78 84 cost 0.216167361
4062 4468 2250 2437 63 68 cost 0.2161154163
4062 4265 2156 2250 33 36 cost 0.2159345227
5281 5484 1875 1968 70 73 cost 0.2158571311
1218 1625 1500 1687 57 63 cost 0.2158002467
4468 4875 2250 2437 31 36 cost 0.2155940588
0 812 2250 2625 21 31 cost 0.2154848316
3250 3656 750 937 36 42 cost 0.2154266253
5281 5688 1687 1875 63 68 cost 0.2144878243
1015 1218 1312 1406 33 36 cost 0.2142329734
5281 5484 1968 2062 36 39 cost 0.2141997071
5484 5688 1968 2062 23 26 cost 0.2140908787
1218 1625 1312 1500 73 78 cost 0.2136132551
3250 4062 1500 1875 0 10 cost 0.213336091
812 1218 1687 1875 36 42 cost 0.2127444086
5281 5688 1687 1875 31 36 cost 0.212425926
4875 5281 1500 1687 73 78 cost 0.2121311129
3250 3656 1875 2062 42 47 cost 0.2121157323
4468 4875 1312 1500 21 26 cost 0.2119575145
4062 4468 1500 1687 31 36 cost 0.2118349566
3250 3656 1875 2062 47 52 cost 0.2115742522
1218 1625 1500 1687 36 42 cost 0.2115282655
3250 3656 750 937 47 52 cost 0.2113410773
5586 5688 2062 2109 78 79 cost 0.2111773707
1218 1625 1125 1312 42 47 cost 0.2110980621
4468 4875 562 750 47 52 cost 0.2110547832
5281 5484 1968 2062 39 42 cost 0.2101443302
4062 4265 2156 2250 42 44 cost 0.2096442305
4468 4875 1875 2062 15 21 cost 0.2092324415
5688 6501 2250 2625 21 31 cost 0.2084392132
5281 5484 1875 1968 28 31 cost 0.2077680116
4468 4671 1312 1406 52 54 cost 0.2073796147
4062 4468 2062 2250 5 10 cost 0.2072923023
2843 3250 750 937 47 52 cost 0.206975503
4875 5281 1875 2062 21 26 cost 0.2069649431
4468 4875 2250 2437 47 52 cost 0.2068298583
4468 4875 562 750 42 47 cost 0.2060543625
812 1625 2250 2625 52 63 cost 0.2058458649
4468 4875 750 937 68 73 cost 0.2055293343
1015 1218 1406 1500 36 39 cost 0.2052963342
1625 2031 1125 1312 42 47 cost 0.2052640165
3656 4062 937 1125 63 68 cost 0.2051326764
4875 5281 1687 1875 63 68 cost 0.2050991076
0 812 1500 1875 0 10 cost 0.2046365037
4468 4875 937 1125 57 63 cost 0.2046242818
609 812 1687 1781 57 60 cost 0.2042853434
4875 5281 1312 1500 31 36 cost 0.2038816963
812 1625 2625 3001 42 52 cost 0.2031460306
4875 5281 1500 1687 15 21 cost 0.2028161886
4062 4265 2156 2250 63 65 cost 0.202548152
5688 5891 2156 2250 47 49 cost 0.2024658364
3250 4062 2250 2625 10 21 cost 0.2021427478
4062 4468 1875 2062 63 68 cost 0.2018144362
4468 4875 1687 1875 36 42 cost 0.2014058897
1625 2437 1500 1875 31 42 cost 0.2010374582
812 1218 1500 1687 57 63 cost 0.2005034065
5484 5688 1968 2062 26 28 cost 0.2004024314
5586 5688 2015 2062 52 53 cost 0.2002305206
4468 4875 1312 1500 15 21 cost 0.199916635
5688 5891 2156 2250 39 42 cost 0.1998741267
4062 4468 2250 2437 31 36 cost 0.1998397609
1015 1218 1312 1406 70 73 cost 0.1995223416
4875 5281 2062 2250 26 31 cost 0.199071082
5586 5688 2062 2109 39 40 cost 0.1983758951
4875 5281 2062 2250 57 63 cost 0.1979847148
4468 4875 1500 1687 63 68 cost 0.197952844
3250 3656 1875 2062 36 42 cost 0.1977066339
4875 5281 1687 1875 26 31 cost 0.1971562624
4062 4468 2062 2250 10 15 cost 0.1960965768
5484 5688 1968 2062 18 21 cost 0.1958590601
3453 3656 937 1031 52 54 cost 0.1951531829
5484 5586 2015 2062 50 52 cost 0.1951489968
3250 3656 2062 2250 36 42 cost 0.1948505411
5281 5484 1875 1968 73 75 cost 0.1942257131
3453 3656 937 1031 33 36 cost 0.1941171084
5281 5484 1968 2062 33 36 cost 0.1939478073
812 1218 1500 1687 42 47 cost 0.1938855276
4875 5281 1875 2062 15 21 cost 0.1931446882
5078 5281 1875 1968 49 52 cost 0.1928231429
609 812 1687 1781 52 54 cost 0.1922466283
609 812 1687 1781 60 63 cost 0.1918173774
4875 5688 1125 1500 73 84 cost 0.1910286747
5586 5688 2062 2109 34 36 cost 0.1905774688
4062 4875 375 750 21 31 cost 0.1905693408
4468 4875 1687 1875 42 47 cost 0.1904489705
1625 2031 1125 1312 47 52 cost 0.1901678316
5281 5484 1968 2062 54 57 cost 0.1891038581
4468 4671 1312 1406 39 42 cost 0.1890950916
1015 1218 1312 1406 68 70 cost 0.1890190969
1015 1218 1406 1500 33 36 cost 0.188917425
4062 4468 1500 1687 63 68 cost 0.1886088611
3656 4062 1687 1875 47 52 cost 0.1885183116
4062 4468 1687 1875 63 68 cost 0.1884996634
5586 5688 2062 2109 54 55 cost 0.1883439963
4062 4468 1312 1500 57 63 cost 0.1882261862
5281 5484 1875 1968 31 33 cost 0.1875518265
5586 5688 2062 2109 66 68 cost 0.1872363639
812 1625 2250 2625 42 52 cost 0.1866041636
5281 5484 1968 2062 52 54 cost 0.1862821261
5586 5688 2062 2109 75 76 cost 0.186144165
4671 4875 2062 2156 49 52 cost 0.186056324
5586 5688 2015 2062 49 50 cost 0.1857050536
4062 4468 1875 2062 73 78 cost 0.185356477
2843 3250 1125 1312 36 42 cost 0.1852099346
5586 5688 2015 2062 55 57 cost 0.1852006948
4468 4875 1125 1312 63 68 cost 0.1851884198
5586 5688 2015 2062 40 42 cost 0.1840900565
1218 1421 1406 1500 49 52 cost 0.1839303116
4468 4875 2250 2437 42 47 cost 0.183859549
5688 5891 2156 2250 36 39 cost 0.1836146192
1218 1625 1312 1500 26 31 cost 0.1834999788
4875 5281 1687 1875 73 78 cost 0.1834433105
1625 2437 1500 1875 52 63 cost 0.1831472011
2843 3250 1125 1312 42 47 cost 0.1828718874
3250 3656 1125 1312 10 15 cost 0.1822294225
3250 3656 1687 1875 36 42 cost 0.1818377713
4062 4468 1875 2062 26 31 cost 0.1816967938
1015 1218 1406 1500 70 73 cost 0.1814967642
5688 5891 2156 2250 52 54 cost 0.1814482427
3250 3656 1125 1312 78 84 cost 0.1813629942
1218 1421 1312 1406 42 44 cost 0.180818128
5586 5688 2062 2109 57 58 cost 0.1807087134
3250 3656 2062 2250 42 47 cost 0.1806360734
5586 5688 2015 2062 48 49 cost 0.1804786279
5688 5891 2156 2250 44 47 cost 0.1804673723
3656 4062 2062 2250 36 42 cost 0.180418995
2437 2843 1875 2062 57 63 cost 0.1801918703
5281 5484 1875 1968 68 70 cost 0.1801053318
2843 3250 937 1125 57 63 cost 0.1797408873
5586 5688 2015 2062 58 60 cost 0.179729871
5586 5688 2015 2062 61 63 cost 0.1791295686
3250 3453 937 1031 33 36 cost 0.1784730706
4468 4875 2250 2437 68 73 cost 0.1781015427
3250 3656 2062 2250 47 52 cost 0.1780631641
609 812 1781 1875 49 52 cost 0.1779586218
5586 5688 2062 2109 60 61 cost 0.1779062336
5586 5688 2015 2062 45 47 cost 0.1776777883
4468 4671 1312 1406 65 68 cost 0.1774765389
5586 5688 2015 2062 37 39 cost 0.177325672
4468 4875 750 937 21 26 cost 0.177136429
5281 5484 1968 2062 44 47 cost 0.1761956994
5586 5688 2062 2109 42 43 cost 0.1759633376
5078 5281 1875 1968 54 57 cost 0.1759601236
4468 4671 1312 1406 42 44 cost 0.1752525582
5281 5688 1687 1875 73 78 cost 0.1751866981
4875 5281 1500 1687 78 84 cost 0.1750278454
5484 5688 1968 2062 15 18 cost 0.174222949
609 812 1781 1875 54 57 cost 0.1741291448
4062 4468 2062 2250 0 5 cost 0.1737227936
3250 3656 1687 1875 42 47 cost 0.1736125231
3250 4875 0 750 0 21 cost 0.1734692709
5586 5688 2015 2062 53 54 cost 0.173409198
3250 3656 1312 1500 52 57 cost 0.1733083889
5586 5688 2015 2062 47 48 cost 0.1727698352
1015 1218 1406 1500 68 70 cost 0.1727689159
3250 3351 1265 1312 39 40 cost 0.1722378808
4468 4875 937 1125 31 36 cost 0.171587972
4468 4875 2062 2250 5 10 cost 0.1714912202
3250 3453 937 1031 52 54 cost 0.1712634755
2437 3250 1125 1500 63 73 cost 0.1711422054
5484 5688 1968 2062 21 23 cost 0.171007535
5484 5586 2062 2109 50 52 cost 0.1706171641
2437 3250 1125 1500 10 21 cost 0.1706144558
3250 3656 1500 1687 52 57 cost 0.1703098551
812 1218 1312 1500 0 5 cost 0.1702650956
5586 5688 2062 2109 36 37 cost 0.1698653911
4468 4875 2250 2437 26 31 cost 0.1695915305
4468 4875 2250 2437 73 78 cost 0.1692446991
1625 2437 1875 2250 73 84 cost 0.1686599432
2437 3250 1875 2250 21 31 cost 0.1686048262
1218 1421 1406 1500 54 57 cost 0.1685057253
3656 4062 2437 2625 47 52 cost 0.1682559977
0 812 2625 3001 10 21 cost 0.1680486553
4062 4468 1125 1312 47 52 cost 0.1680294502
3656 4062 1687 1875 52 57 cost 0.1676806706
4062 4468 1875 2062 68 73 cost 0.1670001929
812 1218 1687 1875 68 73 cost 0.1668909476
4875 5078 1500 1593 49 52 cost 0.1665618284
4062 4468 1500 1687 73 78 cost 0.1664484746
5281 5688 1687 1875 68 73 cost 0.1658002609
2437 3250 1500 1875 21 31 cost 0.1657447963
5281 5484 1875 1968 23 26 cost 0.1651056234
4468 4875 1687 1875 63 68 cost 0.1648162897
5586 5688 2062 2109 43 44 cost 0.1646974537
4062 4468 1687 1875 31 36 cost 0.1645994495
3250 3656 1875 2062 52 57 cost 0.1641397072
1218 1625 1312 1500 78 84 cost 0.1641281655
812 1625 1875 2250 63 73 cost 0.1640522989
4062 4468 1500 1687 26 31 cost 0.163552908
5484 5586 2015 2062 40 42 cost 0.1632623934
5484 5586 2015 2062 52 53 cost 0.1631577447
5078 5281 1875 1968 52 54 cost 0.1630529023
0 812 2250 2625 10 21 cost 0.1629992032
609 812 1781 1875 57 60 cost 0.162991086
3656 4062 1500 1687 47 52 cost 0.1627960111
4875 5688 2250 2625 10 21 cost 0.1620942309
3656 4062 2437 2625 36 42 cost 0.1620685561
4875 5281 1687 1875 68 73 cost 0.1620568972
1218 1625 1312 1500 15 21 cost 0.1619667133
4468 4671 1312 1406 63 65 cost 0.1619281993
4671 4875 843 937 44 47 cost 0.1618981167
3250 3656 1500 1687 31 36 cost 0.1618976532
5281 5484 1968 2062 47 49 cost 0.1618489156
4468 4875 750 937 73 78 cost 0.1616594523
3656 4062 1687 1875 42 47 cost 0.1616252069
5586 5688 2062 2109 44 45 cost 0.1615923279
4062 4468 1125 1312 42 47 cost 0.1613382166
5484 5586 2015 2062 37 39 cost 0.1613139583
4062 4468 1687 1875 73 78 cost 0.1601723944
3656 4062 1875 2062 47 52 cost 0.1601437235
1625 2031 1125 1312 31 36 cost 0.159837727
3656 4062 2437 2625 52 57 cost 0.1593733315
4875 5281 1687 1875 78 84 cost 0.159223363
4875 5281 2062 2250 73 78 cost 0.158960132
4671 4875 2062 2156 44 47 cost 0.1586313482
812 1218 1687 1875 31 36 cost 0.1584506323
5281 5484 1968 2062 57 60 cost 0.1583434141
4468 4875 1500 1687 26 31 cost 0.1579243735
5484 5586 2015 2062 55 57 cost 0.1579200026
812 1625 2625 3001 31 42 cost 0.1578434447
812 1625 1875 2250 31 42 cost 0.1575912527
4062 4468 2250 2437 73 78 cost 0.1575357515
3250 3656 1312 1500 26 31 cost 0.1573686444
4671 4875 843 937 49 52 cost 0.1570861933
4062 4468 937 1125 68 73 cost 0.156469312
3656 4062 2062 2250 42 47 cost 0.1560255471
609 812 1687 1781 47 49 cost 0.1557456133
4875 5688 750 1125 63 73 cost 0.1557298749
4468 4875 2062 2250 10 15 cost 0.1551898554
4468 4875 1125 1312 31 36 cost 0.1547770235
4468 4875 937 1125 63 68 cost 0.1547333268
5281 5688 1687 1875 26 31 cost 0.154430632
3250 3656 1687 1875 47 52 cost 0.1543407885
4468 4671 1312 1406 36 39 cost 0.1535212702
5586 5688 2062 2109 65 66 cost 0.153518915
4875 5281 1125 1312 47 52 cost 0.1534320276
4062 4468 2250 2437 68 73 cost 0.1533813233
3656 4062 2437 2625 42 47 cost 0.1530973547
609 812 1781 1875 60 63 cost 0.1529781321
609 812 1781 1875 52 54 cost 0.1529407205
5281 5484 1875 1968 18 21 cost 0.1523062921
4062 4468 1125 1312 36 42 cost 0.1519913297
5586 5688 2015 2062 39 40 cost 0.1519150138
4875 5078 1500 1593 54 57 cost 0.1513421148
3656 4062 2062 2250 47 52 cost 0.1512088278
5688 5891 2156 2250 42 44 cost 0.150815727
1015 1218 1312 1406 31 33 cost 0.1508113414
5688 6501 2250 2625 10 21 cost 0.1506555359
3656 4062 1312 1500 47 52 cost 0.1505171597
1218 1421 1406 1500 57 60 cost 0.1504366078
1218 1421 1406 1500 52 54 cost 0.1498979302
4062 4468 1687 1875 68 73 cost 0.1498347728
2843 3250 1500 1687 42 47 cost 0.1496147438
4468 4875 1500 1687 73 78 cost 0.1492721303
1218 1625 1312 1500 21 26 cost 0.1489138065
1218 1625 1125 1312 36 42 cost 0.1485908042
5281 5484 1968 2062 42 44 cost 0.1484392455
5484 5586 2015 2062 49 50 cost 0.1480529694
5484 5586 2015 2062 45 47 cost 0.1479765294
1625 2031 1125 1312 52 57 cost 0.1479097534
5281 5484 1875 1968 26 28 cost 0.1478399314
5586 5688 2015 2062 54 55 cost 0.1478149009
3656 4062 1312 1500 42 47 cost 0.1477993846
1218 1625 1500 1687 31 36 cost 0.1476702177
5484 5586 2015 2062 58 60 cost 0.1476447167
3656 4062 1875 2062 52 57 cost 0.1475743142
1218 1625 1125 1312 63 68 cost 0.1474679083
1625 3250 2250 3001 21 42 cost 0.1472700998
5281 5484 1875 1968 81 84 cost 0.1467581398
3250 3453 1031 1125 39 42 cost 0.1467396417
4468 4875 1500 1687 68 73 cost 0.1461235856
4875 5281 375 562 47 52 cost 0.1460573275
4062 4468 2250 2437 26 31 cost 0.1459181309
3656 4062 1500 1687 42 47 cost 0.1455946353
4062 4468 937 1125 31 36 cost 0.1455363282
4468 4671 1875 1968 49 52 cost 0.1454366888
4671 4875 2062 2156 47 49 cost 0.1452196501
4468 4875 1312 1500 10 15 cost 0.1449221344
5484 5586 2015 2062 61 63 cost 0.1438103272
4468 4875 1875 2062 5 10 cost 0.143804875
4875 5078 1500 1593 52 54 cost 0.1436861899
5484 5586 2015 2062 48 49 cost 0.1436447652
3250 4062 2250 2625 0 10 cost 0.14350452
5484 5586 2062 2109 52 53 cost 0.1431738414
4468 4671 1406 1500 49 52 cost 0.1431175165
4062 4468 1500 1687 68 73 cost 0.1430825851
4062 4468 1312 1500 31 36 cost 0.1430439033
4875 5281 2062 2250 63 68 cost 0.1429440834
3250 3656 2062 2250 52 57 cost 0.1429224065
2437 3250 1125 1500 73 84 cost 0.1427036423
4671 4875 2062 2156 52 54 cost 0.1426073865
4671 4875 2156 2250 49 52 cost 0.1425242115
812 1218 1687 1875 26 31 cost 0.1424724881
5281 5688 1687 1875 78 84 cost 0.1422830717
1218 1421 1406 1500 60 63 cost 0.1422077357
5281 5484 1968 2062 60 63 cost 0.1416291728
5078 5281 1875 1968 47 49 cost 0.1412350802
4875 5281 1875 2062 5 10 cost 0.1411427045
4875 5688 750 1125 21 31 cost 0.1409886265
2843 3250 1125 1312 47 52 cost 0.1409745838
5484 5586 2015 2062 53 54 cost 0.1407389161
5586 5688 2015 2062 57 58 cost 0.1406901201
5586 5688 2109 2156 50 52 cost 0.1405059781
5484 5586 2062 2109 40 42 cost 0.1402836999
5586 5688 2015 2062 60 61 cost 0.139998671
3656 4062 2437 2625 57 63 cost 0.139469538
4062 4468 1500 1687 78 84 cost 0.1392237161
4468 4875 1125 1312 68 73 cost 0.1391539739
4875 5281 1125 1312 52 57 cost 0.1390058353
4875 5281 375 562 42 47 cost 0.1389666306
4468 4875 1687 1875 31 36 cost 0.1388976301
4468 4875 1875 2062 10 15 cost 0.138165633
4671 4875 2062 2156 54 57 cost 0.1375431608
3656 4062 1500 1687 52 57 cost 0.1374835316
3656 4062 1687 1875 36 42 cost 0.1374688712
1218 1421 1406 1500 47 49 cost 0.1372171563
4062 4265 2156 2250 31 33 cost 0.1371106573
5484 5586 2015 2062 47 48 cost 0.1368117701
5484 5586 2015 2062 39 40 cost 0.136721505
3453 3656 937 1031 54 57 cost 0.1366565594
5484 5586 2062 2109 55 57 cost 0.1365787251
4062 4468 1875 2062 78 84 cost 0.136567711
4062 4468 1875 2062 21 26 cost 0.1363967684
4468 4875 2062 2250 0 5 cost 0.1363266551
609 812 1781 1875 47 49 cost 0.1361868662
3250 3351 1218 1265 40 42 cost 0.1360369113
4875 5281 2062 2250 78 84 cost 0.1356789406
3656 4062 937 1125 31 36 cost 0.1356278429
5281 5484 1968 2062 28 31 cost 0.1353278946
4671 4875 843 937 39 42 cost 0.134997592
4671 4875 843 937 47 49 cost 0.1349513744
3250 3656 2062 2250 31 36 cost 0.1349063159
4062 4468 1125 1312 52 57 cost 0.1348647233
5484 5586 2062 2109 76 78 cost 0.1347627542
1218 1625 1312 1500 10 15 cost 0.1345106913
5484 5586 2062 2109 58 60 cost 0.1344942575
5484 5586 2062 2109 37 39 cost 0.1343701806
3656 4062 1875 2062 42 47 cost 0.1341667384
5484 5586 2062 2109 61 63 cost 0.1339959816
812 1625 2625 3001 73 84 cost 0.133981093
5281 5484 1968 2062 75 78 cost 0.1339572635
4062 4468 1875 2062 15 21 cost 0.1330368009
4468 4875 937 1125 26 31 cost 0.1327335034
4875 5281 2062 2250 68 73 cost 0.1326975014
1218 1421 1406 1500 44 47 cost 0.1326036918
5281 5484 1968 2062 78 81 cost 0.1325137501
5484 5586 2062 2109 45 47 cost 0.1323501272
1015 1218 1406 1500 31 33 cost 0.1322160901
5484 5586 2062 2109 79 81 cost 0.1318051719
4875 5281 1687 1875 21 26 cost 0.1317970926
5484 5586 2062 2109 49 50 cost 0.1316317501
3656 4062 937 1125 68 73 cost 0.1313160491
5281 5484 1875 1968 21 23 cost 0.1311014817
1625 2437 1875 2250 21 31 cost 0.1309439273
5586 5688 2015 2062 36 37 cost 0.1305715553
4671 4875 1968 2062 49 52 cost 0.1305678965
4468 4671 1875 1968 54 57 cost 0.1300944972
2437 3250 1125 1500 0 10 cost 0.1296167158
5281 5484 1968 2062 31 33 cost 0.1289021126
5484 5586 2062 2109 48 49 cost 0.128731235
1625 3250 2250 3001 63 84 cost 0.1286737028
3656 4062 937 1125 73 78 cost 0.1285294147
3250 3453 1031 1125 36 39 cost 0.1281213816
4875 5281 2062 2250 21 26 cost 0.1280235316
2437 3250 1500 1875 63 73 cost 0.1279404155
4062 4265 2062 2156 49 52 cost 0.127070674
4875 5281 1125 1312 42 47 cost 0.1269193746
5586 5688 2062 2109 33 34 cost 0.1268763423
4468 4671 1406 1500 60 63 cost 0.1261861378
2843 3250 1312 1500 42 47 cost 0.126038355
4468 4671 1406 1500 54 57 cost 0.1260093218
812 1625 2250 2625 63 73 cost 0.1259724048
5281 5688 1500 1687 57 63 cost 0.1256082721
4468 4671 2156 2250 60 63 cost 0.1255462556
4875 5078 1500 1593 60 63 cost 0.1254237717
3250 3453 937 1031 54 57 cost 0.1254111203
4468 4875 750 937 78 84 cost 0.125291799
5484 5586 2015 2062 54 55 cost 0.1252251689
1218 1625 1500 1687 26 31 cost 0.125050854
4062 4468 1312 1500 63 68 cost 0.1247861503
4468 4671 1406 1500 44 47 cost 0.1245777655
2843 3250 1312 1500 36 42 cost 0.1243068637
5688 5891 2156 2250 54 57 cost 0.1239460359
4875 5281 1875 2062 10 15 cost 0.1236382681
5281 5484 1875 1968 15 18 cost 0.1234390794
4468 4671 1406 1500 57 60 cost 0.123340775
5484 5586 2062 2109 47 48 cost 0.1233233503
4671 4875 2062 2156 39 42 cost 0.1233061578
4875 5281 375 562 52 57 cost 0.1231187717
3250 3656 1875 2062 31 36 cost 0.1230354451
3453 3656 937 1031 31 33 cost 0.1230001365
2843 3250 1500 1687 47 52 cost 0.1228898281
5484 5586 2062 2109 53 54 cost 0.1227946845
3656 4062 1312 1500 36 42 cost 0.1226559986
4062 4468 1500 1687 21 26 cost 0.1225047384
4671 4875 2156 2250 54 57 cost 0.1222869948
4468 4875 1687 1875 68 73 cost 0.1220062583
4671 4875 843 937 36 39 cost 0.1219819601
5078 5281 1500 1593 49 52 cost 0.1218729804
3250 3656 1875 2062 57 63 cost 0.1218420372
4875 5078 1500 1593 57 60 cost 0.1217854918
4875 5281 1500 1687 10 15 cost 0.1217560522
4468 4875 1500 1687 78 84 cost 0.1216779003
3656 4062 2062 2250 52 57 cost 0.1214588268
4875 5281 2062 2250 15 21 cost 0.1212347895
4468 4875 1687 1875 73 78 cost 0.1211093857
5586 5688 2015 2062 44 45 cost 0.121012291
4671 4875 2156 2250 52 54 cost 0.1209974471
5484 5586 2015 2062 36 37 cost 0.1205993351
2437 3250 1875 2250 10 21 cost 0.1204705994
4468 4875 2250 2437 21 26 cost 0.1198889805
3250 4062 2625 3001 42 52 cost 0.1197688725
4062 4468 1687 1875 78 84 cost 0.1195567535
4671 4875 843 937 42 44 cost 0.1193088285
3656 4062 1125 1312 47 52 cost 0.1192752107
5281 5484 1968 2062 65 68 cost 0.1191953747
4671 4875 2156 2250 60 63 cost 0.1190994347
3656 4062 1875 2062 36 42 cost 0.1188807296
4062 4468 1687 1875 26 31 cost 0.1187333537
3656 4062 1687 1875 57 63 cost 0.1187216769
4468 4671 1875 1968 52 54 cost 0.1185419122
1218 1625 1312 1500 5 10 cost 0.118145311
4875 5688 2250 2625 0 10 cost 0.1180352018
4671 4875 843 937 52 54 cost 0.1176401111
5281 5688 1500 1687 52 57 cost 0.1173201226
4468 4671 1875 1968 57 60 cost 0.1171622499
5688 6501 2250 2625 0 10 cost 0.1168805145
3656 4062 1125 1312 42 47 cost 0.1167857577
3250 3453 1031 1125 44 47 cost 0.1167100678
4468 4875 937 1125 68 73 cost 0.1166536849
5484 5586 2015 2062 60 61 cost 0.1164981901
4468 4875 1875 2062 0 5 cost 0.1164166971
4468 4671 2156 2250 57 60 cost 0.1162230534
4671 4875 843 937 54 57 cost 0.1161650676
5484 5586 2015 2062 57 58 cost 0.1160787078
2437 3250 1500 1875 10 21 cost 0.1160639784
3250 4062 2625 3001 31 42 cost 0.1160499392
4062 4468 2250 2437 78 84 cost 0.1160125896
1218 1625 1500 1687 63 68 cost 0.1156918852
3250 3656 1687 1875 52 57 cost 0.1155756891
5586 5688 2109 2156 52 53 cost 0.1154530157
4875 5281 375 562 36 42 cost 0.1153255331
3250 3453 937 1031 31 33 cost 0.1152838668
5484 5586 2062 2109 39 40 cost 0.1150735903
4875 5078 1500 1593 47 49 cost 0.1150567976
3250 3453 1031 1125 42 44 cost 0.1150503354
4468 4671 1875 1968 60 63 cost 0.1150211155
3250 4062 375 750 31 42 cost 0.1149688746
3656 4062 1500 1687 36 42 cost 0.1149290576
5281 5688 1687 1875 21 26 cost 0.1148129492
812 1218 1687 1875 21 26 cost 0.1145182165
5078 5281 1500 1593 54 57 cost 0.1142791253
2437 2843 1312 1500 36 42 cost 0.113863234
5586 5688 2109 2156 49 50 cost 0.1135941338
4468 4671 1406 1500 52 54 cost 0.1135927281
4875 5281 1875 2062 0 5 cost 0.113476956
3250 3656 1500 1687 57 63 cost 0.1134413194
2843 3250 750 937 52 57 cost 0.1133502874
4875 5281 1687 1875 15 21 cost 0.1133302259
3046 3250 1031 1125 44 47 cost 0.1132456366
812 1218 1500 1687 36 42 cost 0.1131614703
4671 4875 2062 2156 57 60 cost 0.1129403614
2843 3250 750 937 31 36 cost 0.112632685
3656 4062 1312 1500 52 57 cost 0.112564541
5586 5688 2109 2156 48 49 cost 0.1125343084
4875 5281 1125 1312 57 63 cost 0.1125082076
4468 4875 1125 1312 26 31 cost 0.112475839
2843 3250 1125 1312 31 36 cost 0.1123440964
0 812 2250 2625 0 10 cost 0.112328658
4671 4875 1968 2062 54 57 cost 0.1122212133
5484 5586 2062 2109 34 36 cost 0.112089478
5484 5586 2062 2109 78 79 cost 0.1120015414
5586 5688 2109 2156 45 47 cost 0.1119505818
4671 4875 2156 2250 57 60 cost 0.1118558599
0 812 1875 2250 52 63 cost 0.1117327729
3656 4062 2437 2625 31 36 cost 0.1116171706
4468 4671 1875 1968 47 49 cost 0.111522327
1116 1218 1312 1359 50 52 cost 0.1114380675
4468 4671 1406 1500 47 49 cost 0.1114267438
4468 4671 2156 2250 49 52 cost 0.1112031718
5281 5484 1968 2062 70 73 cost 0.1109141488
4062 4468 1500 1687 15 21 cost 0.1105112092
1625 2031 1125 1312 26 31 cost 0.110378642
4671 4875 2062 2156 60 63 cost 0.110345991
4468 4875 2250 2437 78 84 cost 0.1101603669
3046 3250 1031 1125 39 42 cost 0.1101020892
5586 5688 2109 2156 40 42 cost 0.1098819444
3250 3656 750 937 52 57 cost 0.1097615775
3250 3656 1312 1500 15 21 cost 0.1097036166
3656 4062 2062 2250 31 36 cost 0.109670343
5688 5891 2062 2156 49 52 cost 0.1094845071
4062 4265 2062 2156 44 47 cost 0.1090786988
5281 5688 1687 1875 15 21 cost 0.1090766097
5586 5688 2109 2156 47 48 cost 0.109058782
3250 3656 1312 1500 57 63 cost 0.1088373181
5586 5688 2109 2156 76 78 cost 0.1084386375
4671 4875 1968 2062 52 54 cost 0.1083233369
5484 5586 2062 2109 54 55 cost 0.1081723189
4671 4875 2062 2156 36 39 cost 0.1079883131
3656 4062 937 1125 78 84 cost 0.1079824791
3250 3656 750 937 31 36 cost 0.1077091397
4062 4468 2250 2437 21 26 cost 0.1071384813
5891 6094 2156 2250 49 52 cost 0.1065567495
4875 5078 1968 2062 49 52 cost 0.1063460612
812 1625 2625 3001 21 31 cost 0.1058470548
5484 5586 2062 2109 60 61 cost 0.1056418241
4875 5281 1125 1312 36 42 cost 0.1053497677
3656 4062 1125 1312 36 42 cost 0.1050252684
4671 4875 2156 2250 44 47 cost 0.1048675355
5281 5688 1500 1687 47 52 cost 0.1047784883
4062 4265 2062 2156 54 57 cost 0.1047460947
4062 4468 1125 1312 57 63 cost 0.1046402292
3656 4062 1875 2062 57 63 cost 0.1046334094
1218 1625 1500 1687 21 26 cost 0.1044964287
4671 4875 2156 2250 39 42 cost 0.1044177758
5484 5586 2062 2109 57 58 cost 0.1043862135
3250 4062 2625 3001 52 63 cost 0.1043256313
3250 3453 1031 1125 49 52 cost 0.1041750468
5586 5688 2109 2156 37 39 cost 0.1041499248
3250 3656 2062 2250 57 63 cost 0.1041491554
5484 5586 2062 2109 66 68 cost 0.1041126037
5586 5688 2109 2156 79 81 cost 0.10393452
4671 4875 2062 2156 42 44 cost 0.1037798236
3656 4062 937 1125 26 31 cost 0.1035750538
3250 3351 1218 1265 39 40 cost 0.103552963
4468 4671 2156 2250 54 57 cost 0.1034163479
3656 4062 937 1125 15 21 cost 0.103409358
5484 5586 2015 2062 44 45 cost 0.1029507048
4468 4875 937 1125 21 26 cost 0.1028448428
5586 5688 2109 2156 55 57 cost 0.1025867751
1625 2031 1125 1312 57 63 cost 0.1022698826
5078 5281 1500 1593 52 54 cost 0.1021907065
4671 4875 1406 1500 49 52 cost 0.1020940823
5281 5484 1968 2062 63 65 cost 0.1018205564
5484 5586 2062 2109 42 43 cost 0.1018195353
5281 5688 1500 1687 36 42 cost 0.1017577498
4062 4265 2062 2156 52 54 cost 0.1016158244
2843 3250 1312 1500 47 52 cost 0.1014435092
3250 3453 1031 1125 33 36 cost 0.1014122332
812 1625 1875 2250 73 84 cost 0.1009202533
0 812 1875 2250 42 52 cost 0.1008376993
3046 3250 1031 1125 49 52 cost 0.1006781277
4062 4468 937 1125 73 78 cost 0.1005580225
4671 4875 2156 2250 47 49 cost 0.1004127528
3250 3656 1312 1500 21 26 cost 0.1003259124
0 812 2625 3001 0 10 cost 0.1002215379
1116 1218 1312 1359 55 57 cost 0.1000432481
5484 5586 1968 2015 50 52 cost 0.1000160735
4468 4671 1406 1500 39 42 cost 0.1000103713
5586 5688 2109 2156 61 63 cost 0.0999588578
4062 4468 1875 2062 5 10 cost 0.099905776
5586 5688 2109 2156 58 60 cost 0.0998974371
5586 5688 2109 2156 53 54 cost 0.0997036785
5484 5586 2062 2109 36 37 cost 0.0995067132
3250 3453 1031 1125 47 49 cost 0.0994069551
3656 4062 1500 1687 57 63 cost 0.0993334631
3656 4062 1125 1312 52 57 cost 0.0988975762
4468 4875 1500 1687 21 26 cost 0.0986554392
4468 4875 1125 1312 73 78 cost 0.0982692897
3250 3656 1687 1875 31 36 cost 0.0981200998
4062 4468 1312 1500 26 31 cost 0.0979926986
5484 5586 2062 2109 75 76 cost 0.0978898838
812 1625 1875 2250 21 31 cost 0.0978010182
4468 4671 1406 1500 65 68 cost 0.097573608
1625 2437 1500 1875 21 31 cost 0.0975722817
4671 4875 2156 2250 36 39 cost 0.0974171095
5281 5484 1968 2062 23 26 cost 0.0973698344
4468 4875 1500 1687 15 21 cost 0.0973437991
4062 4265 2062 2156 47 49 cost 0.0970524238
4468 4875 1687 1875 26 31 cost 0.0969219916
3046 3250 1031 1125 47 49 cost 0.0966504128
4468 4875 1687 1875 78 84 cost 0.0965489035
4671 4875 1968 2062 47 49 cost 0.0964770286
4468 4671 2156 2250 39 42 cost 0.0963584758
5688 5891 2062 2156 47 49 cost 0.0961167542
4062 4265 2062 2156 39 42 cost 0.0960181005
1218 1625 1125 1312 31 36 cost 0.0960078203
4062 4468 1875 2062 10 15 cost 0.095415082
4062 4468 1125 1312 31 36 cost 0.0952174527
4468 4671 2156 2250 52 54 cost 0.095070043
812 1625 2250 2625 31 42 cost 0.0949767706
3250 3656 1875 2062 26 31 cost 0.094811518
1218 1625 1500 1687 68 73 cost 0.0947589761
5281 5484 1968 2062 73 75 cost 0.094649181
3046 3250 1031 1125 42 44 cost 0.0946056873
3250 3656 2062 2250 26 31 cost 0.0944946506
3656 4062 1687 1875 31 36 cost 0.0942917651
2437 3250 1500 1875 73 84 cost 0.0940524974
4468 4671 2156 2250 44 47 cost 0.0938682682
5484 5586 2062 2109 43 44 cost 0.0938073391
4875 5078 656 750 44 47 cost 0.0932857356
3250 3656 1312 1500 68 73 cost 0.093012697
5078 5281 1500 1593 57 60 cost 0.0927975208
3250 3656 1312 1500 63 68 cost 0.0927573835
4468 4671 2156 2250 36 39 cost 0.092340685
1116 1218 1312 1359 52 53 cost 0.0920041153
1828 2031 1312 1406 39 42 cost 0.0917861184
3250 3656 1312 1500 73 78 cost 0.0913211477
4468 4671 1406 1500 42 44 cost 0.0912401128
4671 4875 1968 2062 57 60 cost 0.0911028184
4468 4671 1968 2062 49 52 cost 0.0908924997
4468 4671 1406 1500 63 65 cost 0.0908098773
4875 5281 2062 2250 5 10 cost 0.090758448
5484 5586 2062 2109 44 45 cost 0.0905255602
5891 6094 2156 2250 47 49 cost 0.0904556327
3656 4062 937 1125 21 26 cost 0.0902810698
5484 5586 1968 2015 37 39 cost 0.0902398034
5281 5484 1968 2062 26 28 cost 0.0902136907
3250 3656 2437 2625 36 42 cost 0.0901663281
4671 4875 1406 1500 44 47 cost 0.0898656277
1828 2031 1312 1406 36 39 cost 0.0896138252
5281 5484 1968 2062 18 21 cost 0.0894568805
5281 5688 1500 1687 42 47 cost 0.0894242315
2437 2843 1312 1500 42 47 cost 0.0894224952
5281 5484 1968 2062 68 70 cost 0.0894020069
5586 5688 2109 2156 39 40 cost 0.0893631559
5586 5688 2109 2156 78 79 cost 0.089122451
4062 4468 1687 1875 21 26 cost 0.089120334
4875 5688 750 1125 73 84 cost 0.0890257169
4062 4265 2062 2156 60 63 cost 0.0888482789
4062 4265 2062 2156 57 60 cost 0.0888449249
4062 4468 1312 1500 68 73 cost 0.0888369666
4062 4468 1687 1875 15 21 cost 0.0887093997
4671 4875 1406 1500 54 57 cost 0.0880823642
4062 4468 1312 1500 73 78 cost 0.0879893382
4875 5078 656 750 49 52 cost 0.0878312425
1625 2437 1500 1875 63 73 cost 0.087734417
5484 5586 1968 2015 40 42 cost 0.0875829605
5078 5281 1500 1593 60 63 cost 0.0871031491
5078 5281 1500 1593 47 49 cost 0.0870970953
3656 4062 2250 2437 47 52 cost 0.0869389197
5484 5586 2062 2109 65 66 cost 0.0867996963
1625 2437 1875 2250 10 21 cost 0.0867231722
4875 5078 1968 2062 54 57 cost 0.0866886212
4875 5281 375 562 57 63 cost 0.0866714742
1828 2031 1312 1406 44 47 cost 0.0864926051
1218 1421 1406 1500 42 44 cost 0.0862213188
4875 5078 1968 2062 52 54 cost 0.086165526
1625 3250 0 750 0 21 cost 0.0858890122
4875 5078 656 750 39 42 cost 0.0856301149
1116 1218 1312 1359 53 54 cost 0.0853580733
4875 5078 1968 2062 47 49 cost 0.0851652596
3046 3250 1031 1125 36 39 cost 0.0850972958
5586 5688 2109 2156 34 36 cost 0.0850182136
5688 5891 2062 2156 44 47 cost 0.084547386
5688 5891 2062 2156 52 54 cost 0.0844073292
3656 4062 1875 2062 31 36 cost 0.0842756462
5281 5688 1500 1687 63 68 cost 0.0839011774
5281 5688 1500 1687 31 36 cost 0.0838628932
5586 5688 2109 2156 66 68 cost 0.0838535234
5891 6094 2156 2250 52 54 cost 0.0837448355
3656 4062 1125 1312 57 63 cost 0.0837098143
4671 4875 1968 2062 60 63 cost 0.0835043832
5484 5586 1968 2015 52 53 cost 0.0830489853
4468 4671 2156 2250 47 49 cost 0.0829775914
5484 5586 1968 2015 55 57 cost 0.0823030178
5586 5688 2109 2156 54 55 cost 0.0822829439
4875 5281 2062 2250 10 15 cost 0.0822570318
4062 4468 937 1125 26 31 cost 0.0818680788
4468 4671 1406 1500 36 39 cost 0.081757829
5891 6094 2156 2250 39 42 cost 0.0815668978
2437 3250 1500 1875 0 10 cost 0.0815475518
2437 3250 1875 2250 0 10 cost 0.0815036466
1116 1218 1312 1359 54 55 cost 0.0814345285
5586 5688 2109 2156 42 43 cost 0.0813973515
4875 5281 2062 2250 0 5 cost 0.081182577
4671 4875 1406 1500 47 49 cost 0.0806835125
4062 4265 2062 2156 42 44 cost 0.0806289791
3656 4062 1312 1500 57 63 cost 0.0804486503
1218 1625 1125 1312 68 73 cost 0.0803409185
5586 5688 2109 2156 75 76 cost 0.0802795367
4671 4875 1406 1500 52 54 cost 0.0802300449
2843 3250 1687 1875 42 47 cost 0.0801201335
5281 5484 1968 2062 81 84 cost 0.0800516916
4062 4265 2062 2156 36 39 cost 0.0800155317
812 1218 1500 1687 63 68 cost 0.079946061
4468 4875 937 1125 73 78 cost 0.0799034475
3250 3656 1312 1500 10 15 cost 0.0798144007
3656 4062 1312 1500 31 36 cost 0.0797827313
1116 1218 1312 1359 49 50 cost 0.0797735205
5688 5891 2062 2156 39 42 cost 0.0797591678
3656 4062 1500 1687 31 36 cost 0.0796733405
5891 6094 2156 2250 44 47 cost 0.0795194791
5586 5688 2109 2156 57 58 cost 0.0793728743
5484 5688 1875 1968 49 52 cost 0.0793627017
812 1625 2250 2625 73 84 cost 0.079340957
4671 4875 1406 1500 60 63 cost 0.0791880442
2031 2437 1125 1312 36 42 cost 0.0791288709
4671 4875 1312 1406 49 52 cost 0.0791116012
3656 4062 2250 2437 36 42 cost 0.0788588932
4671 4875 1406 1500 57 60 cost 0.0787695329
4062 4468 1875 2062 0 5 cost 0.0787149629
4468 4671 1968 2062 54 57 cost 0.0786034713
4062 4875 2625 3001 52 63 cost 0.0784838867
4671 4875 2156 2250 42 44 cost 0.0784715819
5078 5281 1593 1687 49 52 cost 0.0781320699
5586 5688 2109 2156 60 61 cost 0.0779335186
5281 5484 1968 2062 15 18 cost 0.0778470572
812 1625 1875 2250 10 21 cost 0.0778218152
3250 3656 2437 2625 47 52 cost 0.0776493614
4671 4875 1312 1406 44 47 cost 0.0776209044
5586 5688 2109 2156 43 44 cost 0.0776006185
3656 4062 2250 2437 52 57 cost 0.0774193631
4468 4875 1125 1312 21 26 cost 0.0773733358
5078 5281 1593 1687 54 57 cost 0.0773390345
5281 5484 1968 2062 21 23 cost 0.0773317951
4875 5078 656 750 47 49 cost 0.0770493518
2437 2843 1312 1500 47 52 cost 0.0770152061
5586 5688 2109 2156 44 45 cost 0.0768876682
812 1218 1500 1687 31 36 cost 0.0765259164
4265 4468 2156 2250 60 63 cost 0.0763589044
3656 4062 2062 2250 57 63 cost 0.0763330658
3250 3656 2437 2625 42 47 cost 0.0762509869
5586 5688 2109 2156 36 37 cost 0.0759761403
4875 5078 1593 1687 49 52 cost 0.0758795906
4875 5078 1593 1687 54 57 cost 0.0755525987
3250 3656 1687 1875 57 63 cost 0.0753372291
4671 4875 1406 1500 39 42 cost 0.0753037627
3250 3656 2437 2625 52 57 cost 0.0751804961
812 1625 2625 3001 10 21 cost 0.0751530643
1218 1625 1125 1312 26 31 cost 0.0751505823
5484 5586 2062 2109 33 34 cost 0.0750689268
1625 2031 1125 1312 21 26 cost 0.0749204946
5688 5891 2062 2156 36 39 cost 0.0749161411
3656 4062 2062 2250 26 31 cost 0.0748874628
5484 5586 1968 2015 39 40 cost 0.0748864539
3250 3656 1312 1500 78 84 cost 0.0747937878
4265 4468 2156 2250 49 52 cost 0.0747363888
4468 4671 1968 2062 52 54 cost 0.0746393306
5484 5586 1968 2015 45 47 cost 0.0746310897
4875 5281 1687 1875 10 15 cost 0.0744003766
4875 5078 656 750 36 39 cost 0.0742956876
1828 2031 1312 1406 42 44 cost 0.0741829918
4062 4468 1125 1312 63 68 cost 0.0741494724
4875 5281 1125 1312 31 36 cost 0.0741049675
1218 1625 1125 1312 73 78 cost 0.0738910954
5484 5586 1968 2015 49 50 cost 0.0737111125
3656 4062 937 1125 10 15 cost 0.0736665999
4062 4265 2062 2156 33 36 cost 0.0734376809
3250 3453 1031 1125 52 54 cost 0.0732504024
4062 4468 1312 1500 21 26 cost 0.0731342813
4265 4468 2156 2250 57 60 cost 0.0730634055
5891 6094 2156 2250 36 39 cost 0.0729589526
4468 4671 2156 2250 42 44 cost 0.072947897
5484 5586 1968 2015 53 54 cost 0.0725660862
3656 4062 2250 2437 42 47 cost 0.0724476077
4468 4875 1687 1875 21 26 cost 0.0723639545
2031 2437 1125 1312 42 47 cost 0.0720641572
4062 4468 1500 1687 10 15 cost 0.0719450186
3250 4062 2625 3001 63 73 cost 0.0717878824
4468 4875 1687 1875 15 21 cost 0.0714453824
1625 2437 1500 1875 10 21 cost 0.0712381476
4062 4468 1312 1500 15 21 cost 0.0712184526
4875 5078 656 750 42 44 cost 0.0707922753
4671 4875 1875 1968 49 52 cost 0.070566214
5484 5586 1968 2015 48 49 cost 0.0704630221
4671 4875 1312 1406 47 49 cost 0.0701519444
5484 5688 1875 1968 54 57 cost 0.0698730544
2843 3250 1687 1875 47 52 cost 0.0696158243
4875 5078 1593 1687 52 54 cost 0.0695997779
3656 4062 1125 1312 31 36 cost 0.0695868581
2437 2843 1312 1500 31 36 cost 0.069342811
1218 1625 1125 1312 15 21 cost 0.0692225981
4468 4671 1968 2062 47 49 cost 0.0689659988
4265 4468 2156 2250 44 47 cost 0.068753059
3453 3656 1031 1125 39 42 cost 0.0687499917
4062 4468 1312 1500 78 84 cost 0.0687053391
0 812 1875 2250 31 42 cost 0.0686526974
5484 5688 1875 1968 52 54 cost 0.0686058359
4265 4468 2156 2250 39 42 cost 0.0685157566
5586 5688 2109 2156 65 66 cost 0.0684034319
3250 4062 375 750 52 63 cost 0.068389387
5484 5586 1968 2015 36 37 cost 0.068346362
3250 3656 2062 2250 21 26 cost 0.0683354157
812 1218 1500 1687 26 31 cost 0.068255092
5484 5586 1968 2015 58 60 cost 0.0682392232
1218 1625 1312 1500 0 5 cost 0.0681737912
3250 3453 1031 1125 31 33 cost 0.0678902729
5078 5281 1593 1687 52 54 cost 0.0677396233
4875 5281 375 562 31 36 cost 0.0676062885
4468 4875 1125 1312 15 21 cost 0.0674920303
3250 3656 750 937 26 31 cost 0.0672964385
4468 4671 1968 2062 57 60 cost 0.0671480411
4671 4875 1406 1500 42 44 cost 0.0671261472
5484 5586 1968 2015 47 48 cost 0.0668702212
4671 4875 1406 1500 65 68 cost 0.0665140121
4062 4265 2062 2156 65 68 cost 0.0660859017
2843 3250 1312 1500 31 36 cost 0.0660283164
5484 5688 1875 1968 39 42 cost 0.06588673
4265 4468 2156 2250 65 68 cost 0.0656969403
3250 3656 2437 2625 31 36 cost 0.0656305432
3250 3656 1875 2062 21 26 cost 0.0655962831
3250 3656 2437 2625 57 63 cost 0.0655637509
5484 5586 1968 2015 54 55 cost 0.065385263
5484 5586 2109 2156 50 52 cost 0.0653627457
4875 5078 1593 1687 60 63 cost 0.0652766737
4468 4875 1500 1687 10 15 cost 0.0652473398
4062 4468 937 1125 78 84 cost 0.0650160136
406 812 2250 2437 57 63 cost 0.0648718291
3453 3656 1031 1125 44 47 cost 0.0646730403
4265 4468 2156 2250 33 36 cost 0.0646103202
5281 5688 1687 1875 10 15 cost 0.0645587281
4265 4468 2156 2250 54 57 cost 0.0644603799
5688 5891 2062 2156 42 44 cost 0.0641329959
4468 4671 1968 2062 60 63 cost 0.0640375591
3656 4062 1875 2062 26 31 cost 0.0639543959
4671 4875 1406 1500 36 39 cost 0.0638838179
5484 5586 1968 2015 61 63 cost 0.0638440735
5484 5688 1875 1968 36 39 cost 0.0637142681
3656 4062 1125 1312 63 68 cost 0.0630649787
0 812 1875 2250 63 73 cost 0.0630629667
5891 6094 2156 2250 42 44 cost 0.0630544287
4875 5078 1593 1687 57 60 cost 0.0629027978
5078 5281 1593 1687 57 60 cost 0.0626684106
4062 4265 2062 2156 63 65 cost 0.0626221742
4062 4468 1125 1312 26 31 cost 0.062519549
4062 4875 2625 3001 42 52 cost 0.0623227343
1625 3250 0 750 63 84 cost 0.0621515235
5688 5891 2062 2156 54 57 cost 0.0621373942
5484 5688 2156 2250 49 52 cost 0.0620259417
4062 4468 1687 1875 10 15 cost 0.0618437318
4062 4875 2625 3001 31 42 cost 0.0618239379
4265 4468 2156 2250 47 49 cost 0.0616745121
3250 4062 2625 3001 21 31 cost 0.0613448592
2437 2843 1125 1312 36 42 cost 0.0613018145
4265 4468 2156 2250 52 54 cost 0.0612982675
4265 4468 2156 2250 36 39 cost 0.0609927942
4265 4468 2062 2156 49 52 cost 0.0608158971
5281 5688 1500 1687 26 31 cost 0.0608011745
5281 5484 2062 2156 33 36 cost 0.0607577272
1218 1625 1125 1312 21 26 cost 0.0606313243
3656 4062 1125 1312 68 73 cost 0.0605252301
4671 4875 1312 1406 54 57 cost 0.060307255
4671 4875 1875 1968 54 57 cost 0.0602703727
1625 3250 2250 3001 0 21 cost 0.0601757029
5484 5688 1875 1968 57 60 cost 0.0597370586
3453 3656 1031 1125 42 44 cost 0.0592679468
5484 5688 1875 1968 44 47 cost 0.0591014962
3656 4062 1125 1312 73 78 cost 0.0590953556
406 812 2250 2437 52 57 cost 0.0589770779
4265 4468 2062 2156 44 47 cost 0.0588932666
4671 4875 1875 1968 52 54 cost 0.0588554939
1218 1625 1125 1312 78 84 cost 0.0588517801
4671 4875 1312 1406 60 63 cost 0.0587887946
5484 5688 1875 1968 60 63 cost 0.058472652
4671 4875 1312 1406 57 60 cost 0.0583504917
3453 3656 1031 1125 36 39 cost 0.0582724467
3656 4062 2250 2437 57 63 cost 0.0580222546
5891 6094 2156 2250 54 57 cost 0.0579258047
4265 4468 2062 2156 39 42 cost 0.0578032513
4265 4468 2156 2250 63 65 cost 0.0574859061
3656 4062 2250 2437 31 36 cost 0.0573094049
5078 5281 1593 1687 60 63 cost 0.0572715763
406 812 2250 2437 47 52 cost 0.0572013795
2031 2437 1125 1312 47 52 cost 0.0570376257
5586 5688 2109 2156 33 34 cost 0.0569258227
4468 4671 2062 2156 49 52 cost 0.0569108373
4468 4875 1125 1312 78 84 cost 0.0567736226
812 1625 2250 2625 21 31 cost 0.0566122844
4671 4875 1406 1500 63 65 cost 0.056374113
1625 2437 1500 1875 73 84 cost 0.0563134848
4062 4468 2437 2625 52 57 cost 0.0561270686
3656 4062 2062 2250 21 26 cost 0.0559713791
5484 5586 1968 2015 57 58 cost 0.0558446996
5484 5688 2156 2250 44 47 cost 0.0558163057
4468 4875 937 1125 78 84 cost 0.0557881174
5484 5688 1875 1968 33 36 cost 0.0556242432
5484 5688 1875 1968 47 49 cost 0.0555549185
3250 3453 1125 1218 39 42 cost 0.0554977368
4671 4875 1312 1406 52 54 cost 0.055441432
3250 4062 2625 3001 73 84 cost 0.0550953779
3453 3656 1031 1125 49 52 cost 0.0550478546
2437 2843 1125 1312 42 47 cost 0.0547897277
812 1218 1500 1687 21 26 cost 0.0546105539
1116 1218 1453 1500 50 52 cost 0.0544288295
5281 5484 2062 2156 49 52 cost 0.0542701976
5484 5586 2109 2156 52 53 cost 0.0542408629
5281 5484 2062 2156 36 39 cost 0.0542362824
5484 5586 1968 2015 44 45 cost 0.0541904777
5484 5586 1968 2015 60 61 cost 0.054119968
2843 3250 750 937 57 63 cost 0.0539604967
5484 5586 2109 2156 45 47 cost 0.0539489573
5484 5586 2109 2156 40 42 cost 0.0539442421
3656 4062 1312 1500 26 31 cost 0.0538270108
4062 4468 937 1125 21 26 cost 0.0536958507
4062 4468 2437 2625 47 52 cost 0.0536373265
5281 5484 2062 2156 39 42 cost 0.0534787632
3250 3656 2250 2437 36 42 cost 0.0534171489
4062 4875 2625 3001 63 73 cost 0.0533227792
1218 1625 1125 1312 5 10 cost 0.0532906081
2437 2843 1500 1687 42 47 cost 0.0532780827
3656 4062 1125 1312 26 31 cost 0.0532469905
4468 4875 1687 1875 10 15 cost 0.053240148
406 812 2813 3001 57 63 cost 0.0531790167
4062 4468 1125 1312 68 73 cost 0.0529985592
3250 3656 750 937 57 63 cost 0.0529917151
4875 5078 1593 1687 47 49 cost 0.0528430477
3250 3453 1031 1125 54 57 cost 0.0528086217
5078 5281 1593 1687 47 49 cost 0.0527836468
4265 4468 2062 2156 57 60 cost 0.0526772736
812 1218 1500 1687 68 73 cost 0.0525512995
1218 1625 1125 1312 10 15 cost 0.0524319196
5484 5586 2109 2156 55 57 cost 0.0523955157
4671 4875 1312 1406 42 44 cost 0.0523676402
4468 4671 2062 2156 54 57 cost 0.0523630779
5484 5688 2156 2250 39 42 cost 0.0519046269
4265 4468 2156 2250 42 44 cost 0.0518994557
4265 4468 2062 2156 60 63 cost 0.0518603254
4671 4875 1875 1968 57 60 cost 0.0515347815
5484 5586 2109 2156 58 60 cost 0.0515034974
5281 5484 2062 2156 28 31 cost 0.0514824679
5484 5586 2109 2156 49 50 cost 0.0514737027
4265 4468 2062 2156 54 57 cost 0.0511434557
4062 4468 2437 2625 57 63 cost 0.0510829822
3453 3656 1031 1125 47 49 cost 0.0510811784
5281 5484 2062 2156 44 47 cost 0.0510120339
4468 4671 2062 2156 39 42 cost 0.0510054643
4265 4468 2062 2156 47 49 cost 0.0509672614
5484 5688 2156 2250 47 49 cost 0.0509631887
5484 5586 2109 2156 61 63 cost 0.0508508832
5484 5586 2109 2156 37 39 cost 0.0508393228
4468 4875 375 562 42 47 cost 0.050767026
4468 4671 2062 2156 44 47 cost 0.0507128528
5484 5586 2109 2156 48 49 cost 0.0506497984
812 1625 1875 2250 0 10 cost 0.0506450297
1625 2437 1875 2250 0 10 cost 0.0506080785
4671 4875 1875 1968 47 49 cost 0.0505283976
4468 4875 375 562 47 52 cost 0.0504961023
3250 3453 1125 1218 44 47 cost 0.0502454944
812 1625 2625 3001 0 10 cost 0.0502293828
406 812 2813 3001 63 68 cost 0.0502105557
2031 2437 1125 1312 31 36 cost 0.0498421457
4468 4671 2062 2156 57 60 cost 0.0497059819
5484 5586 2109 2156 76 78 cost 0.0496750917
4671 4875 1312 1406 39 42 cost 0.0496528418
3250 3656 750 937 15 21 cost 0.0493903045
4468 4671 2062 2156 60 63 cost 0.0493219478
2437 2843 1687 1875 47 52 cost 0.0491674896
5484 5586 2109 2156 47 48 cost 0.0490619041
3453 3656 1031 1125 33 36 cost 0.0488415966
4671 4875 1875 1968 60 63 cost 0.0488306117
4265 4468 2062 2156 36 39 cost 0.048598308
3656 4062 1312 1500 63 68 cost 0.0485626542
4265 4468 2062 2156 52 54 cost 0.0485143831
5484 5688 2156 2250 52 54 cost 0.0483620012
5484 5586 2109 2156 79 81 cost 0.0481572198
4468 4671 2062 2156 52 54 cost 0.0478544246
4062 4265 2062 2156 31 33 cost 0.0477124924
4062 4468 1125 1312 21 26 cost 0.0476941863
406 812 2250 2437 42 47 cost 0.0475173972
3656 4062 1312 1500 73 78 cost 0.0474044775
5484 5688 1875 1968 42 44 cost 0.047342997
3250 3453 1125 1218 36 39 cost 0.0471801239
4062 4468 1312 1500 10 15 cost 0.0469991151
5484 5688 2156 2250 60 63 cost 0.0468238127
5484 5586 2109 2156 53 54 cost 0.0467295385
4468 4671 2062 2156 36 39 cost 0.0467140498
5281 5484 2062 2156 31 33 cost 0.0466407184
4265 4468 2156 2250 31 33 cost 0.0465337578
3250 3656 750 937 21 26 cost 0.0464874362
4062 4468 2437 2625 36 42 cost 0.0464541568
4468 4875 1125 1312 10 15 cost 0.0464145426
4265 4468 2062 2156 42 44 cost 0.0463218028
3656 4062 1875 2062 21 26 cost 0.0459693384
3250 3453 1125 1218 42 44 cost 0.0455155611
5484 5688 2156 2250 36 39 cost 0.0453015878
5281 5484 2062 2156 52 54 cost 0.0452895852
1015 1116 1406 1453 50 52 cost 0.0450898062
5484 5688 1875 1968 65 68 cost 0.0448658851
4062 4875 2625 3001 21 31 cost 0.0447902933
5281 5484 2062 2156 54 57 cost 0.0445735146
3351 3453 1265 1312 40 42 cost 0.0445650151
5281 5688 1500 1687 68 73 cost 0.0445249982
4265 4468 2062 2156 33 36 cost 0.0444848041
5281 5484 2062 2156 75 78 cost 0.0442093935
3656 4062 1312 1500 68 73 cost 0.0441611273
1625 2437 1500 1875 0 10 cost 0.0441261945
812 1625 2250 2625 10 21 cost 0.0438102361
3250 3656 2250 2437 31 36 cost 0.0434084168
5484 5586 2109 2156 39 40 cost 0.0434007347
5281 5484 2062 2156 47 49 cost 0.0433508701
0 812 1875 2250 21 31 cost 0.0433298024
3250 3656 750 937 73 78 cost 0.0432432285
3250 3453 1125 1218 33 36 cost 0.0431600371
4062 4468 1125 1312 15 21 cost 0.0431237975
5484 5688 2156 2250 54 57 cost 0.0429666182
4062 4468 2437 2625 42 47 cost 0.0429099008
4671 4875 1312 1406 65 68 cost 0.0428334662
4468 4671 2062 2156 47 49 cost 0.0426573807
1116 1218 1453 1500 49 50 cost 0.0426339211
5484 5586 2109 2156 34 36 cost 0.0425484237
5281 5688 1500 1687 73 78 cost 0.0425300953
2437 2843 1125 1312 47 52 cost 0.0424408349
5078 5281 1968 2062 49 52 cost 0.0420219057
3250 3656 750 937 63 68 cost 0.0420178955
2437 2843 1125 1312 31 36 cost 0.0418787246
4062 4468 1125 1312 73 78 cost 0.041611447
5484 5586 2109 2156 54 55 cost 0.041480734
3250 3656 2250 2437 42 47 cost 0.0414755809
5484 5586 2109 2156 78 79 cost 0.0413444578
4265 4468 2062 2156 65 68 cost 0.0411921186
3250 3656 750 937 68 73 cost 0.0411423647
4671 4875 1312 1406 63 65 cost 0.0410075783
4875 5078 1875 1968 49 52 cost 0.0409224843
5281 5484 2062 2156 57 60 cost 0.0408965958
2437 2843 1500 1687 47 52 cost 0.0408640417
5484 5586 2109 2156 57 58 cost 0.0406227349
5484 5688 2156 2250 57 60 cost 0.0405276509
5484 5688 1875 1968 63 65 cost 0.040421028
5484 5586 2109 2156 66 68 cost 0.0403973808
3250 3656 750 937 78 84 cost 0.040355454
5484 5586 2109 2156 42 43 cost 0.0403228927
0 812 1875 2250 73 84 cost 0.0400731952
5484 5688 2156 2250 42 44 cost 0.0400588151
5281 5484 2062 2156 78 81 cost 0.0399938124
5484 5586 2109 2156 60 61 cost 0.0399403994
2031 2437 1125 1312 52 57 cost 0.0398890824
5281 5484 2062 2156 60 63 cost 0.0397156377
5281 5688 1500 1687 15 21 cost 0.0396929063
5281 5484 2062 2156 42 44 cost 0.0394499031
5281 5688 1500 1687 21 26 cost 0.0393196653
2437 2843 1687 1875 42 47 cost 0.0391069878
3453 3656 1125 1218 39 42 cost 0.0390985343
4671 4875 1312 1406 36 39 cost 0.0389319833
3656 4062 1312 1500 15 21 cost 0.0388823667
406 812 2813 3001 68 73 cost 0.038859033
3656 4062 1312 1500 78 84 cost 0.0388080962
3656 4062 1125 1312 21 26 cost 0.0387498885
3250 4062 2625 3001 10 21 cost 0.0385829976
3250 3656 2250 2437 47 52 cost 0.0385196565
4468 4671 2062 2156 42 44 cost 0.0384642987
3453 3656 1031 1125 52 54 cost 0.0384549748
4062 4468 2437 2625 63 68 cost 0.0382817031
3656 4062 1312 1500 21 26 cost 0.0381058134
5484 5586 2109 2156 43 44 cost 0.0379124722
5484 5688 2156 2250 75 78 cost 0.0377970831
3453 3656 1125 1218 36 39 cost 0.0377094838
5484 5586 2109 2156 44 45 cost 0.0375000982
5484 5586 2109 2156 36 37 cost 0.0374892177
4265 4468 2062 2156 63 65 cost 0.0373897304
5484 5688 1875 1968 75 78 cost 0.0370640078
5281 5484 2156 2250 49 52 cost 0.0366490149
5484 5688 2156 2250 65 68 cost 0.0365572278
5484 5688 2156 2250 78 81 cost 0.0364474553
1218 1625 1125 1312 0 5 cost 0.0363699115
4062 4468 750 937 47 52 cost 0.0362562799
3656 4062 1125 1312 78 84 cost 0.0362026541
5484 5586 2109 2156 75 76 cost 0.0361094333
2031 2437 1125 1312 26 31 cost 0.0360152798
5281 5484 2062 2156 70 73 cost 0.0359082473
5484 5688 1875 1968 28 31 cost 0.0357317151
3250 3656 750 937 10 15 cost 0.03563155
5484 5688 1875 1968 78 81 cost 0.0355844361
5484 5688 2156 2250 33 36 cost 0.0355761073
3250 3453 1125 1218 47 49 cost 0.0355597484
5484 5688 2156 2250 63 65 cost 0.0355173503
5281 5484 2062 2156 65 68 cost 0.0354851154
3656 4062 1125 1312 15 21 cost 0.0354076601
3453 3656 1031 1125 31 33 cost 0.0353954679
5484 5688 1875 1968 31 33 cost 0.0352638686
5281 5688 1500 1687 78 84 cost 0.0351940737
4062 4468 2437 2625 31 36 cost 0.035097001
4875 5078 1875 1968 54 57 cost 0.0349744416
2437 2843 937 1125 42 47 cost 0.0349709018
4062 4468 562 750 47 52 cost 0.0349521669
4062 4468 562 750 42 47 cost 0.0349313381
5281 5484 2062 2156 73 75 cost 0.0349188559
3453 3656 1218 1312 44 47 cost 0.0349130803
2437 2843 937 1125 36 42 cost 0.0349108336
1015 1116 1359 1406 50 52 cost 0.0348162599
3250 3656 2250 2437 52 57 cost 0.0346118991
5078 5281 1968 2062 52 54 cost 0.0345333968
4062 4468 750 937 42 47 cost 0.0343857233
5484 5688 1875 1968 70 73 cost 0.0342228585
0 812 1875 2250 10 21 cost 0.0338514656
2031 2437 1312 1500 42 47 cost 0.0338380184
4875 5078 1875 1968 47 49 cost 0.0337865921
2031 2437 1312 1500 47 52 cost 0.0337630335
2031 2437 1312 1500 36 42 cost 0.0337498241
1015 1116 1406 1453 49 50 cost 0.0336986862
2843 3250 1875 2062 42 47 cost 0.0336734246
3250 3453 1125 1218 49 52 cost 0.0334913325
3453 3656 1218 1312 39 42 cost 0.0333940937
406 812 2813 3001 52 57 cost 0.0332846961
5484 5586 2109 2156 65 66 cost 0.0331244739
4062 4468 750 937 52 57 cost 0.0328633229
5078 5281 1968 2062 54 57 cost 0.0328383087
3351 3453 1265 1312 39 40 cost 0.0327149425
1015 1116 1359 1406 55 57 cost 0.0321876913
5281 5484 2062 2156 26 28 cost 0.0321477142
5078 5281 1968 2062 47 49 cost 0.0320481866
5281 5484 2156 2250 52 54 cost 0.0320425059
4062 4468 1125 1312 78 84 cost 0.0319369744
406 812 1500 1687 52 57 cost 0.0319330898
3250 3453 1125 1218 31 33 cost 0.0315161351
4875 5078 1875 1968 52 54 cost 0.0313526097
5281 5484 2156 2250 36 39 cost 0.0311897285
2843 3250 1875 2062 47 52 cost 0.0311726743
3453 3656 1125 1218 33 36 cost 0.0306627612
3453 3656 1031 1125 54 57 cost 0.0304598915
5281 5484 2156 2250 39 42 cost 0.0303934714
406 812 1500 1687 57 63 cost 0.0302135496
3656 4062 1312 1500 10 15 cost 0.0301382009
5688 6094 2437 2625 47 52 cost 0.0298735821
3453 3656 1218 1312 49 52 cost 0.0298308086
5281 5484 2062 2156 63 65 cost 0.029594091
812 1625 2250 2625 0 10 cost 0.0293031824
5484 5586 2109 2156 33 34 cost 0.0292916939
3453 3656 1218 1312 33 36 cost 0.0292785593
4062 4468 2437 2625 68 73 cost 0.0290226317
4265 4468 2062 2156 31 33 cost 0.0287703921
2437 2843 2062 2250 47 52 cost 0.028761908
5281 5484 2156 2250 33 36 cost 0.028751727
3453 3656 1218 1312 36 39 cost 0.0286652898
4062 4468 750 937 36 42 cost 0.0285802662
3453 3656 1218 1312 42 44 cost 0.0285223186
5484 5688 1875 1968 68 70 cost 0.0280258981
5281 5484 2062 2156 68 70 cost 0.0278730054
4062 4468 1125 1312 10 15 cost 0.027855269
3351 3453 1218 1265 40 42 cost 0.0277863532
1015 1116 1359 1406 52 53 cost 0.0277629611
4062 4875 2625 3001 73 84 cost 0.0275619215
2437 2843 2062 2250 52 57 cost 0.0273447358
4062 4875 2625 3001 10 21 cost 0.0272892735
3453 3656 1218 1312 47 49 cost 0.0272493459
4062 4468 2437 2625 73 78 cost 0.0272070337
812 1015 1406 1500 54 57 cost 0.0271646947
3250 3656 2250 2437 57 63 cost 0.0269221337
406 812 1500 1687 47 52 cost 0.0268978749
5281 5484 2156 2250 54 57 cost 0.0265417253
5484 5688 1875 1968 73 75 cost 0.0264834179
1625 2437 750 1125 42 52 cost 0.02637386
5281 5484 2156 2250 47 49 cost 0.0263634192
1015 1116 1359 1406 53 54 cost 0.0262897691
3453 3656 1125 1218 42 44 cost 0.0262685446
5688 6094 2437 2625 42 47 cost 0.026264266
5281 5688 1312 1500 57 63 cost 0.0261422332
1015 1116 1359 1406 49 50 cost 0.0261328414
1015 1116 1359 1406 54 55 cost 0.0260180747
5484 5688 2156 2250 70 73 cost 0.0259262562
5484 5688 1875 1968 23 26 cost 0.0257509205
5484 5688 2156 2250 73 75 cost 0.0256526561
4062 4468 750 937 57 63 cost 0.025608441
2437 2843 750 937 36 42 cost 0.0254868611
5281 5484 2156 2250 44 47 cost 0.0252734905
4062 4468 2437 2625 26 31 cost 0.0251938911
3250 4062 375 750 21 31 cost 0.0250751626
5484 5688 2156 2250 28 31 cost 0.0250228632
4062 4468 375 562 47 52 cost 0.02501909
4468 4875 2437 2625 57 63 cost 0.024989131
5281 5688 1312 1500 52 57 cost 0.0246323779
2031 2437 1125 1312 21 26 cost 0.0246279251
5484 5688 1875 1968 26 28 cost 0.0245328985
2031 2437 1312 1500 52 57 cost 0.0243480776
3453 3656 1125 1218 49 52 cost 0.0242416596
5281 5688 1500 1687 10 15 cost 0.0242039392
3453 3656 1125 1218 44 47 cost 0.0241461023
3656 4062 1125 1312 10 15 cost 0.024135912
2437 2843 937 1125 47 52 cost 0.02380395
5484 5688 1875 1968 18 21 cost 0.0237811719
2437 2843 2062 2250 42 47 cost 0.0236095282
1015 1116 1453 1500 50 52 cost 0.0236059625
4062 4468 375 562 42 47 cost 0.0235554041
1625 1828 1406 1500 39 42 cost 0.0235019033
2437 2843 750 937 42 47 cost 0.023498586
5281 5688 1312 1500 47 52 cost 0.0233160278
812 1015 1406 1500 57 60 cost 0.0231340849
2031 2437 1125 1312 57 63 cost 0.0231294285
5484 5688 2156 2250 31 33 cost 0.022860814
812 1015 1406 1500 49 52 cost 0.0228190199
1625 2437 750 1125 31 42 cost 0.0225569624
2843 3250 1875 2062 52 57 cost 0.0225244201
3250 4062 2625 3001 0 10 cost 0.0224119965
1625 1828 1406 1500 44 47 cost 0.0223903008
3453 3656 1218 1312 31 33 cost 0.0222991754
1218 1625 1687 1875 52 57 cost 0.0221400755
5484 5688 1875 1968 81 84 cost 0.0221160483
5281 5484 2156 2250 60 63 cost 0.0218351075
0 812 1875 2250 0 10 cost 0.0216319173
5281 5688 1312 1500 36 42 cost 0.0215215823
2031 2437 1312 1500 31 36 cost 0.0213419269
5281 5484 2156 2250 42 44 cost 0.0212579187
1625 1828 1406 1500 36 39 cost 0.0211948105
5484 5688 2156 2250 68 70 cost 0.0210958332
4062 4468 2437 2625 21 26 cost 0.0210562768
3453 3656 1125 1218 47 49 cost 0.0210169992
5484 5688 2156 2250 81 84 cost 0.0209751508
5281 5484 2156 2250 28 31 cost 0.0209419732
812 1015 1406 1500 52 54 cost 0.0207887884
5281 5484 2156 2250 65 68 cost 0.0206298098
1218 1625 1687 1875 47 52 cost 0.0204763992
5281 5484 2156 2250 31 33 cost 0.0203886956
5281 5484 2156 2250 57 60 cost 0.0203845625
5484 5688 1875 1968 21 23 cost 0.0203549219
5281 5484 2062 2156 81 84 cost 0.0202771898
5281 5688 1312 1500 42 47 cost 0.02017785
4062 4468 2437 2625 78 84 cost 0.0200947947
4468 4875 2437 2625 63 68 cost 0.0199746837
3351 3453 1218 1265 39 40 cost 0.0198825264
4468 4875 2437 2625 52 57 cost 0.0198626773
5586 5688 1968 2015 50 52 cost 0.0198590839
4062 4875 2625 3001 0 10 cost 0.0198556553
2437 2843 750 937 47 52 cost 0.0196172824
5484 5688 1875 1968 15 18 cost 0.0193797549
5484 5688 2156 2250 26 28 cost 0.019328684
1625 1828 1406 1500 42 44 cost 0.0191205069
5281 5484 2156 2250 75 78 cost 0.0189817291
3453 3656 1125 1218 31 33 cost 0.0189442577
406 812 1500 1687 42 47 cost 0.0188967727
2031 2437 1312 1500 57 63 cost 0.0188881022
0 812 1125 1500 52 63 cost 0.0187159787
5281 5484 2156 2250 78 81 cost 0.0185521021
2437 2843 2062 2250 57 63 cost 0.01834524
812 1015 1406 1500 60 63 cost 0.0182908341
5281 5484 2156 2250 63 65 cost 0.0180251597
1015 1116 1453 1500 49 50 cost 0.0180117059
4062 4468 750 937 31 36 cost 0.0176662516
4468 4875 2437 2625 36 42 cost 0.0176075937
1421 1625 1406 1500 49 52 cost 0.0176046039
4468 4875 2437 2625 47 52 cost 0.0175642033
1421 1625 1406 1500 44 47 cost 0.0173926502
406 812 1500 1687 63 68 cost 0.017336151
1218 1625 1687 1875 57 63 cost 0.0171642763
5586 5688 1968 2015 52 53 cost 0.0171219714
2437 2843 937 1125 31 36 cost 0.0170095217
1218 1625 1687 1875 42 47 cost 0.0168991751
2437 2843 750 937 31 36 cost 0.0163233352
5586 5688 1968 2015 55 57 cost 0.016283973
5891 6094 2062 2156 49 52 cost 0.0160969638
1421 1625 1406 1500 47 49 cost 0.0158661664
5281 5484 2156 2250 70 73 cost 0.0156885763
4062 4468 750 937 26 31 cost 0.015652544
5688 6094 1875 2062 47 52 cost 0.0153776682
812 1015 1406 1500 47 49 cost 0.0152819863
4468 4875 2437 2625 31 36 cost 0.0149373083
5586 5688 1968 2015 53 54 cost 0.0147857858
4062 4468 750 937 63 68 cost 0.0146365029
2843 3250 2062 2250 47 52 cost 0.0146005774
2031 2437 1312 1500 26 31 cost 0.0143967676
5586 5688 1968 2015 61 63 cost 0.0143369736
5891 6094 2062 2156 47 49 cost 0.0143292786
5281 5484 2156 2250 26 28 cost 0.0142742763
5586 5688 1968 2015 49 50 cost 0.0141410527
812 1015 1406 1500 44 47 cost 0.0139153112
4468 4875 2437 2625 68 73 cost 0.0139009416
1828 2031 1406 1500 39 42 cost 0.0137400827
4468 4875 2437 2625 42 47 cost 0.0136379093
5586 5688 1968 2015 40 42 cost 0.0136187678
5281 5688 1312 1500 31 36 cost 0.0135030839
1421 1625 1406 1500 54 57 cost 0.0132747545
0 812 1125 1500 42 52 cost 0.0132687383
2437 2843 750 937 52 57 cost 0.0132453586
5688 6094 1875 2062 52 57 cost 0.0132120723
1421 1625 1406 1500 42 44 cost 0.0131471966
5586 5688 1968 2015 48 49 cost 0.0131364365
5586 5688 1968 2015 58 60 cost 0.0131162748
5586 5688 1968 2015 37 39 cost 0.0130933098
5281 5484 2156 2250 73 75 cost 0.0130669827
5281 5484 2156 2250 68 70 cost 0.0128961809
1828 2031 1406 1500 36 39 cost 0.0128282878
5586 5688 1968 2015 54 55 cost 0.0127782097
5586 5688 1968 2015 47 48 cost 0.012774499
5586 5688 1968 2015 45 47 cost 0.012692956
1421 1625 1406 1500 52 54 cost 0.0125064895
1218 1625 1687 1875 36 42 cost 0.0124635002
4468 4671 843 937 49 52 cost 0.0123561367
2843 3250 2062 2250 42 47 cost 0.0123140219
2437 2843 937 1125 52 57 cost 0.0123026181
2843 3250 2062 2250 52 57 cost 0.0122634197
5891 6094 2062 2156 44 47 cost 0.0121020768
6094 6501 2437 2625 47 52 cost 0.0119865978
5281 5484 2156 2250 81 84 cost 0.0118209992
2031 2437 1312 1500 21 26 cost 0.0117536982
2843 3250 1875 2062 57 63 cost 0.0117150947
5688 6094 1875 2062 42 47 cost 0.0116195881
3656 4062 750 937 52 57 cost 0.0115931427
5586 5688 1968 2015 60 61 cost 0.0114875453
5891 6094 2062 2156 52 54 cost 0.01142055
5688 6094 1875 2062 36 42 cost 0.0114092806
1421 1625 1406 1500 57 60 cost 0.0113381307
3656 4062 750 937 47 52 cost 0.0112898594
4468 4671 843 937 44 47 cost 0.0112203331
5586 5688 1968 2015 39 40 cost 0.0110948771
5586 5688 1968 2015 57 58 cost 0.0109507454
1828 2031 1406 1500 44 47 cost 0.0107913944
4468 4671 843 937 47 49 cost 0.0107532537
4062 4468 750 937 21 26 cost 0.0106257738
1828 2031 1406 1500 42 44 cost 0.0106233937
1421 1625 1406 1500 60 63 cost 0.0105386292
1625 2437 750 1125 52 63 cost 0.0104131184
4062 4468 750 937 68 73 cost 0.0103525723
4468 4671 750 843 44 47 cost 0.0103204614
2843 3046 1031 1125 39 42 cost 0.0103093808
4468 4671 750 843 39 42 cost 0.0101557304
4468 4671 750 843 49 52 cost 0.0099921292
812 1015 1406 1500 39 42 cost 0.0099814735
406 812 1500 1687 68 73 cost 0.0099074368
4468 4875 2437 2625 73 78 cost 0.0098480003
4468 4875 2437 2625 26 31 cost 0.009820992
812 1015 1406 1500 65 68 cost 0.0098131838
5586 5688 1968 2015 36 37 cost 0.0098041316
0 812 1125 1500 63 73 cost 0.0097343767
812 1015 1406 1500 63 65 cost 0.0096529679
5891 6094 2062 2156 39 42 cost 0.0096102638
5688 6094 1875 2062 57 63 cost 0.0096016578
0 812 1125 1500 31 42 cost 0.0093916888
812 1015 1406 1500 42 44 cost 0.0093288236
5688 6094 1875 2062 78 84 cost 0.0093130542
1625 2437 750 1125 21 31 cost 0.009164469
1218 1625 1687 1875 63 68 cost 0.0090799409
5891 6094 2062 2156 36 39 cost 0.0090169276
4468 4671 750 843 47 49 cost 0.0089442116
4468 4671 843 937 52 54 cost 0.0089204798
4468 4671 843 937 39 42 cost 0.0089105689
2437 2843 937 1125 57 63 cost 0.0088889347
5688 6094 1875 2062 73 78 cost 0.0088099813
4468 4671 843 937 54 57 cost 0.0087690488
4468 4671 750 843 36 39 cost 0.0086986906
812 1015 1406 1500 33 36 cost 0.0086748649
4468 4671 750 843 42 44 cost 0.0086710592
812 1015 1406 1500 36 39 cost 0.0086411927
2843 3046 1031 1125 42 44 cost 0.0085962859
1218 1625 1687 1875 31 36 cost 0.0085807882
4468 4671 843 937 42 44 cost 0.0085004966
4468 4671 750 843 54 57 cost 0.008480102
1421 1625 1312 1406 49 52 cost 0.0084728775
5586 5688 1968 2015 44 45 cost 0.0084187712
5891 6094 2062 2156 42 44 cost 0.0084153489
4468 4671 750 843 52 54 cost 0.0083799026
3656 4062 750 937 57 63 cost 0.0083527842
2843 3046 1031 1125 44 47 cost 0.0081657974
1421 1625 1312 1406 57 60 cost 0.0081300207
2843 3046 937 1031 44 47 cost 0.0080449495
4062 4468 750 937 73 78 cost 0.0080059447
1421 1625 1312 1406 54 57 cost 0.0079500189
4468 4671 843 937 36 39 cost 0.0078842634
4468 4875 2437 2625 21 26 cost 0.0078626559
2843 3046 937 1031 39 42 cost 0.007856088
2843 3046 1031 1125 36 39 cost 0.0078012691
5688 6094 1875 2062 63 68 cost 0.0077007456
5688 6094 1875 2062 31 36 cost 0.0076128599
1218 1625 1687 1875 26 31 cost 0.0076078767
812 1015 1406 1500 70 73 cost 0.0075882113
1421 1625 1312 1406 44 47 cost 0.007568759
2843 3250 2062 2250 57 63 cost 0.00745875
5688 6501 2625 3001 52 63 cost 0.0073773933
1421 1625 1312 1406 47 49 cost 0.0071620341
1421 1625 1312 1406 60 63 cost 0.0071393777
2843 3046 937 1031 42 44 cost 0.0070891004
6094 6501 2437 2625 42 47 cost 0.0069359955
5891 6094 2062 2156 54 57 cost 0.0068833338
5688 6094 1875 2062 68 73 cost 0.0068225573
2843 3046 937 1031 47 49 cost 0.0067840294
5688 6501 2625 3001 31 42 cost 0.0067622169
0 812 1125 1500 21 31 cost 0.0066758555
1421 1625 1312 1406 52 54 cost 0.0066179511
3656 4062 750 937 42 47 cost 0.0065982938
2843 3046 1031 1125 47 49 cost 0.0065510442
812 1015 1406 1500 68 70 cost 0.0064479901
2437 2843 750 937 57 63 cost 0.0064285212
0 812 1125 1500 10 21 cost 0.0063307444
0 812 1125 1500 73 84 cost 0.0062943378
4468 4875 2437 2625 78 84 cost 0.0062441636
4062 4468 750 937 78 84 cost 0.0062314144
812 1015 1406 1500 31 33 cost 0.0062257312
2843 3046 937 1031 49 52 cost 0.0062187102
5688 6501 2625 3001 42 52 cost 0.0061232799
1625 2437 750 1125 10 21 cost 0.006113384
812 1218 1125 1312 52 57 cost 0.005983461
1218 1625 1687 1875 68 73 cost 0.0059436358
2843 3046 1031 1125 49 52 cost 0.0058594171
2843 3046 937 1031 36 39 cost 0.0057327276
3656 4062 750 937 63 68 cost 0.0055830749
812 1218 1125 1312 47 52 cost 0.0054884798
1421 1625 1312 1406 42 44 cost 0.0054861005
1218 1625 1687 1875 21 26 cost 0.0053846138
812 1218 1125 1312 57 63 cost 0.0053719958
1625 2437 750 1125 63 73 cost 0.0052501705
1015 1116 1312 1359 50 52 cost 0.0048866104
3656 4062 750 937 36 42 cost 0.0048566024
6094 6501 2250 2437 47 52 cost 0.0047842055
812 1218 1125 1312 42 47 cost 0.0043962358
1015 1116 1312 1359 55 57 cost 0.0043109174
812 1015 1312 1406 54 57 cost 0.0040614935
1625 2437 750 1125 73 84 cost 0.0039971921
812 1015 1312 1406 49 52 cost 0.0038880784
1015 1116 1312 1359 52 53 cost 0.0038109825
5688 6501 2625 3001 63 73 cost 0.0037291546
1015 1116 1312 1359 49 50 cost 0.0036405911
812 1015 1312 1406 57 60 cost 0.0036241089
1015 1116 1312 1359 53 54 cost 0.0035037914
1015 1116 1312 1359 54 55 cost 0.0034493807
812 1015 1312 1406 52 54 cost 0.0033659548
0 812 1125 1500 0 10 cost 0.0033209798
812 1218 1125 1312 36 42 cost 0.0032971861
812 1015 1312 1406 60 63 cost 0.0031233362
812 1015 1312 1406 44 47 cost 0.0030897981
812 1218 1125 1312 63 68 cost 0.0030213771
5688 6501 2625 3001 0 10 cost 0.0029845866
812 1015 1312 1406 47 49 cost 0.0029703843
5688 6501 2625 3001 21 31 cost 0.0028466454
1625 2437 750 1125 0 10 cost 0.0026154705
3656 4062 750 937 15 21 cost 0.0025844778
812 1015 1312 1406 65 68 cost 0.0025645033
3656 4062 750 937 68 73 cost 0.0025435492
812 1015 1312 1406 39 42 cost 0.0025365538
812 1218 1125 1312 73 78 cost 0.0025179121
812 1218 1125 1312 31 36 cost 0.0024373447
5688 6501 2625 3001 73 84 cost 0.0024114493
812 1218 1125 1312 68 73 cost 0.0023887814
812 1015 1312 1406 42 44 cost 0.0023820431
3656 4062 750 937 31 36 cost 0.0023161396
3656 4062 750 937 73 78 cost 0.0022881241
6094 6501 2250 2437 42 47 cost 0.0021458273
812 1015 1312 1406 63 65 cost 0.00212165
812 1218 1125 1312 78 84 cost 0.0019911169
3656 4062 750 937 10 15 cost 0.0019656933
812 1015 1312 1406 36 39 cost 0.0018880244
812 1015 1312 1406 68 70 cost 0.0018171867
812 1015 1312 1406 33 36 cost 0.0018088939
3656 4062 750 937 78 84 cost 0.0017396206
812 1218 1125 1312 26 31 cost 0.0016797069
812 1015 1312 1406 70 73 cost 0.0015768552
3656 4062 750 937 21 26 cost 0.0015247353
5688 6501 2625 3001 10 21 cost 0.0015200706
3656 4062 750 937 26 31 cost 0.0013112124
812 1218 1125 1312 15 21 cost 0.0013049012
406 609 1781 1875 54 57 cost 0.0012497239
812 1015 1312 1406 31 33 cost 0.0011653603
406 609 1781 1875 57 60 cost 0.0011002885
406 609 1781 1875 49 52 cost 0.0010885691
812 1218 1125 1312 21 26 cost 0.001008003
406 609 1687 1781 57 60 cost 0.0009943129
406 609 1781 1875 52 54 cost 0.0009042208
406 609 1687 1781 60 63 cost 0.0009019118
406 609 1781 1875 47 49 cost 0.0007802349
812 1218 1125 1312 10 15 cost 0.0007454767
406 609 1781 1875 60 63 cost 0.0007374992
406 609 1687 1781 49 52 cost 0.0007354601
812 1625 750 1125 42 52 cost 0.0007331547
406 609 1687 1781 54 57 cost 0.0007301372
406 609 1687 1781 47 49 cost 0.0006548986
812 1218 1125 1312 0 5 cost 0.0005865845
5688 6501 0 375 52 63 cost 0.000559089
812 1218 1125 1312 5 10 cost 0.000540557
4875 5688 2625 3001 42 52 cost 0.000469299
812 1625 750 1125 52 63 cost 0.0004087059
406 609 1687 1781 52 54 cost 0.0003716879
812 1625 750 1125 31 42 cost 0.0003091748
812 1625 750 1125 10 21 cost 0.0002930126
0 1625 0 750 63 84 cost 0.0002795445
0 1625 0 750 42 63 cost 0.0002795445
4062 4875 0 375 42 52 cost 0.0002795445
0 1625 0 750 0 21 cost 0.000257097
5281 5688 1125 1312 57 63 cost 0.000257097
0 406 2250 2437 57 63 cost 0.000257097
0 1625 0 750 21 42 cost 0.0002470755
812 1625 750 1125 21 31 cost 0.0002460027
0 812 750 1125 21 31 cost 0.0002186617
5688 6501 750 1125 52 63 cost 0.000212202
5688 6501 1500 1875 63 73 cost 0.0002075921
5688 6501 750 1125 42 52 cost 0.0001897545
5688 6501 1500 1875 42 52 cost 0.0001799181
4875 5688 2625 3001 52 63 cost 0.000167307
4875 5688 2625 3001 31 42 cost 0.000167307
0 406 2250 2437 52 57 cost 0.0001448595
5281 5688 1125 1312 52 57 cost 0.0001448595
5688 6501 1125 1500 42 52 cost 9.96635e-05
4062 4875 0 375 52 63 cost 9.13613e-05
812 1625 750 1125 73 84 cost 6.38243e-05
812 1625 750 1125 0 10 cost 4.32279e-05
5281 5688 562 750 52 57 cost 3.48715e-05
6094 6501 2062 2250 52 57 cost 2.30843e-05
5281 5688 562 750 57 63 cost 2.15183e-05
5281 5688 562 750 47 52 cost 2.15183e-05
6094 6501 2062 2250 57 63 cost 2.03934e-05
6094 6501 2062 2250 47 52 cost 1.62875e-05
6094 6501 2062 2250 73 78 cost 1.05252e-05
6094 6501 2062 2250 68 73 cost 9.4089e-06
812 1625 750 1125 63 73 cost 8.1966e-06
5078 5281 656 750 44 47 cost 0
5281 5688 1125 1312 47 52 cost 0
6094 6501 2062 2250 78 84 cost 0
0 406 2625 2813 52 57 cost 0
0 406 2813 3001 57 63 cost 0
0 406 2250 2437 42 47 cost 0
5281 5688 375 562 42 47 cost 0
0 406 2625 2813 57 63 cost 0
0 406 2250 2437 47 52 cost 0
5688 6501 1500 1875 10 21 cost 0
0 406 1687 1875 52 57 cost 0
0 406 1687 1875 42 47 cost 0
5688 6501 375 750 31 42 cost 0
0 406 2625 2813 68 73 cost 0
5281 5688 1125 1312 36 42 cost 0
5281 5688 562 750 42 47 cost 0
0 406 1500 1687 68 73 cost 0
6094 6501 1875 2062 57 63 cost 0
4062 4875 0 375 21 31 cost 0
5688 6501 1125 1500 31 42 cost 0
0 406 2813 3001 63 68 cost 0
4875 5688 0 375 42 52 cost 0
3250 4062 0 375 52 63 cost 0
4875 5688 0 375 52 63 cost 0
0 406 1500 1687 57 63 cost 0
0 812 750 1125 63 73 cost 0
3250 4062 0 375 31 42 cost 0
6094 6501 2062 2250 63 68 cost 0
0 406 2813 3001 68 73 cost 0
5688 6501 750 1125 73 84 cost 0
0 406 1500 1687 63 68 cost 0
0 406 2625 2813 63 68 cost 0
5688 6501 1500 1875 31 42 cost 0
4875 5688 0 375 31 42 cost 0
5281 5688 375 562 57 63 cost 0
0 812 750 1125 52 63 cost 0
4875 5688 0 375 63 73 cost 0
4875 5688 0 375 21 31 cost 0
5281 5688 375 562 36 42 cost 0
5281 5688 562 750 36 42 cost 0
5281 5688 375 562 52 57 cost 0
6094 6501 1875 2062 31 36 cost 0
0 406 1500 1687 47 52 cost 0
5078 5281 656 750 42 44 cost 0
0 812 750 1125 31 42 cost 0
5078 5281 562 656 42 44 cost 0
5078 5281 656 750 47 49 cost 0
5078 5281 656 750 49 52 cost 0
4875 5688 0 375 73 84 cost 0
0 406 2437 2625 47 52 cost 0
6094 6501 1875 2062 73 78 cost 0
0 406 1687 1875 47 52 cost 0
6094 6501 1875 2062 68 73 cost 0
5281 5688 1125 1312 42 47 cost 0
5688 6501 0 375 63 73 cost 0
6094 6501 2062 2250 31 36 cost 0
0 406 2437 2625 57 63 cost 0
5688 6501 0 375 31 42 cost 0
5688 6501 1500 1875 21 31 cost 0
5688 6501 750 1125 31 42 cost 0
3250 4062 0 375 21 31 cost 0
3250 4062 0 375 42 52 cost 0
0 812 750 1125 42 52 cost 0
5688 6501 375 750 63 73 cost 0
0 406 2437 2625 42 47 cost 0
6094 6501 2062 2250 42 47 cost 0
5078 5281 562 656 39 42 cost 0
6094 6501 1875 2062 42 47 cost 0
6094 6501 1875 2062 78 84 cost 0
5688 6501 375 750 21 31 cost 0
6094 6501 1875 2062 47 52 cost 0
4875 5688 2625 3001 73 84 cost 0
5688 6501 1500 1875 73 84 cost 0
5688 6501 750 1125 21 31 cost 0
5688 6501 750 1125 63 73 cost 0
5688 6501 1125 1500 73 84 cost 0
5688 6501 1500 1875 0 10 cost 0
5688 6501 0 375 73 84 cost 0
5281 5688 375 562 31 36 cost 0
5078 5281 562 656 49 52 cost 0
6094 6501 1875 2062 52 57 cost 0
0 406 1687 1875 57 63 cost 0
5078 5281 656 750 39 42 cost 0
4875 5688 2625 3001 21 31 cost 0
0 406 1500 1687 42 47 cost 0
5281 5688 562 750 31 36 cost 0
0 812 750 1125 73 84 cost 0
0 812 750 1125 10 21 cost 0
5688 6501 1125 1500 21 31 cost 0
5688 6501 1125 1500 63 73 cost 0
5688 6501 1500 1875 52 63 cost 0
5078 5281 562 656 36 39 cost 0
4875 5688 2625 3001 63 73 cost 0
5281 5688 375 562 47 52 cost 0
5688 6501 375 750 52 63 cost 0
6094 6501 1875 2062 63 68 cost 0
0 406 2437 2625 52 57 cost 0
6094 6501 2062 2250 36 42 cost 0
5688 6501 0 375 21 31 cost 0
0 406 1500 1687 52 57 cost 0
0 406 1687 1875 68 73 cost 0
0 406 1687 1875 63 68 cost 0
0 812 750 1125 0 10 cost 0
4875 5688 2625 3001 10 21 cost 0
4875 5688 2625 3001 0 10 cost 0
5078 5281 562 656 47 49 cost 0
4062 4875 0 375 31 42 cost 0
5688 6501 1125 1500 52 63 cost 0
5078 5281 656 750 36 39 cost 0
5688 6501 375 750 42 52 cost 0
5078 5281 562 656 44 47 cost 0
6094 6501 1875 2062 36 42 cost 0
0 406 2813 3001 52 57 cost 0
5688 6501 375 750 73 84 cost 0
5688 6501 0 375 42 52 cost 0
5281 5688 1125 1312 31 36 cost 0
partitioning time: 302.997222 seconds
