hostname : cph-c54.uncc.edu
bounding: [1053872.965;1068485.726]x[860186.8419;879395.9741]x[3;730]
read 11056 observations
res: 100 100 1 bw: 250 250 1
box size: 148 x 194 x 728
nbparts: 16
max states: 74432
mem: 0.00665473938 GB (this is an order of magnitude)
13238 states processed
solution: 0.0009848335 in 16 boxes.
naive: 0.0102500115 speedup:10.40786234
sumload:0.0104202534 overhead:1.016608947
64 128 64 128 0 64 cost 0.0009848335
64 128 64 128 64 128 cost 0.0009468817
64 148 128 194 128 448 cost 0.0009085707
0 64 64 194 128 728 cost 0.0008719199
64 148 64 128 128 192 cost 0.0007843628
64 148 64 128 256 448 cost 0.0007840795
64 148 64 194 448 728 cost 0.0007384144
0 148 0 64 0 128 cost 0.0006835873
64 128 128 194 0 64 cost 0.0006821282
0 64 64 194 64 128 cost 0.0006330253
64 148 64 128 192 256 cost 0.0005795041
0 64 64 194 0 64 cost 0.0005700885
64 128 128 194 64 128 cost 0.0005290259
0 148 0 64 128 728 cost 0.000441728
128 148 64 194 64 128 cost 0.0001635808
128 148 64 194 0 64 cost 0.0001185228
partitioning time: 1.861048 seconds
