hostname : cph-gpu4.uncc.edu
bounding: [1053872.965;1068485.726]x[860186.8419;879395.9741]x[3;730]
read 11056 observations
res: 100 100 1 bw: 500 500 7
box size: 148 x 194 x 728
nbparts: 64
max load allowed: 0.003807658969
max states: 5465088
mem: 0.4886169434 GB (this is an order of magnitude)
153640 states processed
solution: 0.0037855665 in 24 boxes.
naive: 0.0609225435 speedup:16.09337559
sumload:0.0618191202 overhead:1.014716666
64 96 96 128 128 384 cost 0.0037855665
0 64 0 64 0 256 cost 0.0037168601
0 64 96 128 0 448 cost 0.0037145742
64 96 64 96 0 128 cost 0.0036767367
64 96 128 160 0 448 cost 0.0036441409
128 148 0 194 0 728 cost 0.0036340626
64 96 96 128 0 128 cost 0.0036134542
0 64 64 96 0 128 cost 0.0035332009
64 96 64 96 128 728 cost 0.0035116943
96 128 160 194 0 728 cost 0.0033405787
96 128 128 160 0 192 cost 0.0032792316
96 128 96 128 128 512 cost 0.003119436
96 128 0 96 0 728 cost 0.0030318846
96 128 96 128 0 128 cost 0.0028890788
0 64 128 194 0 728 cost 0.0024906386
0 64 64 96 128 728 cost 0.0023764666
64 96 0 64 0 728 cost 0.0022048834
96 128 128 160 192 728 cost 0.001770691
64 96 160 194 0 728 cost 0.0013660475
64 96 96 128 384 728 cost 0.0010689173
96 128 96 128 512 728 cost 0.0007351778
0 64 0 64 256 728 cost 0.0006700388
64 96 128 160 448 728 cost 0.0003316703
0 64 96 128 448 728 cost 0.0003140888
partitioning time: 125.714237 seconds
