hostname : cph-gpu3.uncc.edu
bounding: [-130;-65]x[20;50]x[5875;5958]
read 588189 observations
res: 0.1 0.1 1 bw: 2.5 2.5 7
box size: 651 x 301 x 84
nbparts: 32
max states: 1979648
mem: 0.1769943237 GB (this is an order of magnitude)
485029 states processed
solution: 2.628951025 in 32 boxes.
naive: 67.21899211 speedup:25.56875023
sumload:68.28027877 overhead:1.015788494
544 576 192 224 0 64 cost 2.628951025
128 256 128 160 0 84 cost 2.617848862
160 416 160 192 0 84 cost 2.594032106
448 512 192 224 0 64 cost 2.548470946
416 480 128 160 0 84 cost 2.525275923
64 128 128 160 0 84 cost 2.51730747
416 480 160 192 0 84 cost 2.465708698
480 576 192 301 64 84 cost 2.450559006
448 576 224 301 0 64 cost 2.449865036
256 320 64 160 0 84 cost 2.429196158
64 128 192 301 0 84 cost 2.387413371
64 160 160 192 0 84 cost 2.38306966
352 416 192 301 0 64 cost 2.373920332
448 651 64 96 0 84 cost 2.332922986
576 651 192 301 0 84 cost 2.326065165
64 256 64 128 0 84 cost 2.322271023
416 448 192 301 0 64 cost 2.303930613
352 448 96 128 0 84 cost 2.256857903
128 352 192 301 0 84 cost 2.209314297
320 448 64 96 0 84 cost 2.168347054
512 544 160 192 0 84 cost 2.146462737
320 416 128 160 0 84 cost 2.050241764
448 651 96 128 0 84 cost 2.04600929
352 480 192 301 64 84 cost 2.025888047
320 352 96 128 0 84 cost 1.986653928
480 651 128 160 0 84 cost 1.977641983
512 544 192 224 0 64 cost 1.926520521
64 651 0 64 0 84 cost 1.683839818
544 651 160 192 0 84 cost 1.664927882
480 512 160 192 0 84 cost 1.390312384
32 64 0 301 0 84 cost 1.089212886
0 32 0 301 0 84 cost 0.0012399002
partitioning time: 2666.823808 seconds
