hostname : cph-c53.uncc.edu
bounding: [1053872.965;1068485.726]x[860186.8419;879395.9741]x[3;730]
read 11056 observations
res: 100 100 1 bw: 500 500 7
box size: 148 x 194 x 728
nbparts: 64
max load allowed: 0.002855744227
max states: 21861824
mem: 1.95459938 GB (this is an order of magnitude)
239468 states processed
solution: 0.0028514158 in 31 boxes.
naive: 0.0609225435 speedup:21.36571716
sumload:0.0623430402 overhead:1.023316438
64 96 64 96 64 192 cost 0.0028514158
0 64 64 96 0 96 cost 0.002848191
96 128 96 128 96 320 cost 0.0028407965
96 128 160 194 0 416 cost 0.0027958608
64 96 96 128 128 256 cost 0.0027557495
0 64 0 64 0 128 cost 0.002750202
0 64 64 96 96 480 cost 0.002696962
96 128 0 96 0 448 cost 0.0026865004
64 96 128 160 0 192 cost 0.0026232661
96 128 128 160 0 128 cost 0.0025697317
96 128 128 160 128 728 cost 0.0024988269
64 96 64 96 192 728 cost 0.002494595
0 64 128 194 0 728 cost 0.0024906386
96 128 96 128 0 96 cost 0.0023400747
0 64 96 128 0 128 cost 0.002317011
128 148 32 194 0 192 cost 0.0022138407
64 96 0 64 0 728 cost 0.0022048834
64 96 96 128 256 728 cost 0.0021173703
64 96 64 96 0 64 cost 0.0019952402
64 96 96 128 64 128 cost 0.0019556647
64 96 96 128 0 64 cost 0.0018111135
0 64 96 128 128 728 cost 0.001739276
0 64 0 64 128 728 cost 0.0016760209
96 128 96 128 320 728 cost 0.0015950534
128 148 32 194 192 728 cost 0.0014288019
64 96 128 160 192 728 cost 0.0013702931
64 96 160 194 0 728 cost 0.0013660475
96 128 160 194 416 728 cost 0.0005516779
0 64 64 96 480 728 cost 0.0004100185
96 128 0 96 448 728 cost 0.0003479162
128 148 0 32 0 728 cost 0
partitioning time: 560.164810 seconds
