hostname : cph-c65.uncc.edu
bounding: [-130;-65]x[20;50]x[5875;5958]
read 588189 observations
res: 0.01 0.01 1 bw: 1 1 3
box size: 6501 x 3001 x 84
nbparts: 64
solution: 50.91162877 in 64 boxes.
naive: 643.6159509 speedup:12.64182597
sumload:727.4002318 overhead:1.130177446
3250 4875 1500 2250 42 63 cost 50.91162877
4875 6501 1500 2250 21 42 cost 42.65121088
4875 6501 1500 2250 63 84 cost 38.9714966
3250 4875 750 1500 21 42 cost 38.55340839
0 3250 0 1500 0 42 cost 37.65338733
3250 4875 1500 2250 21 42 cost 34.76171336
0 3250 1500 3001 0 42 cost 30.11044816
3250 4875 1500 2250 63 84 cost 26.8088482
0 1625 750 1500 42 63 cost 25.60764349
3250 4875 750 1500 63 84 cost 23.50504074
4875 5688 1875 2250 52 63 cost 22.79282475
4875 5688 1875 2250 42 52 cost 22.47026639
0 1625 1500 2250 42 63 cost 20.42872273
1625 3250 750 1500 42 63 cost 18.77460757
4875 6501 1500 2250 0 21 cost 17.91072443
3250 4875 1500 2250 0 21 cost 14.45185356
3250 4875 750 1500 0 21 cost 13.63986872
3250 4875 2250 3001 42 63 cost 12.70055137
0 1625 2250 3001 42 63 cost 11.30846815
0 1625 750 1500 63 84 cost 10.78271684
3250 4062 750 1125 42 52 cost 10.63396777
1625 3250 1500 2250 42 63 cost 10.11307342
4062 4875 1125 1500 42 52 cost 9.653295122
3250 4875 2250 3001 21 42 cost 9.350774694
4875 5688 1500 1875 52 63 cost 9.316698858
0 1625 1500 2250 63 84 cost 9.221241927
4062 4875 1125 1500 52 63 cost 9.03670173
4875 6501 750 1500 42 63 cost 8.998933311
4875 5688 1500 1875 42 52 cost 8.474361351
4062 4875 750 1125 42 52 cost 7.993466672
3250 4875 2250 3001 63 84 cost 7.99318456
3250 4062 1125 1500 42 52 cost 7.933502181
0 1625 2250 3001 63 84 cost 7.795470181
4875 6501 0 750 42 63 cost 7.254583936
4875 6501 2250 3001 42 63 cost 6.645812953
3250 4062 750 1125 52 63 cost 6.38738071
4062 4875 750 1125 52 63 cost 6.238708093
1625 3250 750 1500 63 84 cost 5.711114537
4875 6501 750 1500 21 42 cost 5.319480961
3250 4875 0 750 42 63 cost 5.04980511
4875 6501 2250 3001 21 42 cost 4.728693052
1625 3250 1500 2250 63 84 cost 4.610198168
4875 6501 0 750 21 42 cost 4.499619059
3250 4062 1125 1500 52 63 cost 4.301345813
5688 6501 1875 2250 42 52 cost 4.12445586
4875 6501 2250 3001 63 84 cost 4.122710792
3250 4875 2250 3001 0 21 cost 4.057163564
5688 6501 1875 2250 52 63 cost 3.702342268
4875 6501 750 1500 63 84 cost 3.414527306
3250 4875 0 750 21 42 cost 3.242936594
4875 6501 0 750 63 84 cost 2.129445596
4875 6501 2250 3001 0 21 cost 2.10986306
4875 6501 750 1500 0 21 cost 1.628758603
1625 3250 0 750 42 63 cost 1.55085515
3250 4875 0 750 63 84 cost 1.462458158
4875 6501 0 750 0 21 cost 1.184226079
1625 3250 2250 3001 42 63 cost 0.9753832905
3250 4875 0 750 0 21 cost 0.8276227717
1625 3250 2250 3001 63 84 cost 0.5696732766
1625 3250 0 750 63 84 cost 0.2375776848
0 1625 0 750 42 63 cost 0.0011070245
0 1625 0 750 63 84 cost 0.0011070245
5688 6501 1500 1875 42 52 cost 0.0008727287
5688 6501 1500 1875 52 63 cost 0.0003004074
partitioning time: 6.197108 seconds
