hostname : cph-gpu3.uncc.edu
bounding: [1053872.965;1068485.726]x[860186.8419;879395.9741]x[3;730]
read 11056 observations
res: 50 50 1 bw: 2500 2500 1
box size: 294 x 386 x 728
nbparts: 16
max states: 24695936
mem: 2.207988739 GB (this is an order of magnitude)
856455 states processed
solution: 0.1362398466 in 16 boxes.
naive: 2.038316503 speedup:14.96123604
sumload:2.052053859 overhead:1.00673956
128 256 128 224 0 64 cost 0.1362398466
0 128 0 128 0 728 cost 0.1361906599
256 294 128 386 0 728 cost 0.135151028
224 256 128 320 64 512 cost 0.1348630886
96 128 128 320 64 320 cost 0.1337635204
160 192 128 256 64 320 cost 0.1326663367
128 160 128 256 64 320 cost 0.1312503243
0 96 128 320 64 320 cost 0.1303919336
0 256 128 386 512 728 cost 0.1293188666
128 224 256 320 64 320 cost 0.1272244152
0 256 320 386 0 512 cost 0.1270796727
0 224 128 320 320 512 cost 0.1269501801
128 256 224 320 0 64 cost 0.1268025873
0 128 128 320 0 64 cost 0.1235576916
128 294 0 128 0 728 cost 0.1138028771
192 224 128 256 64 320 cost 0.1068008306
partitioning time: 94.462555 seconds
