hostname : cph-c14.uncc.edu
bounding: [1053872.965;1068485.726]x[860186.8419;879395.9741]x[3;730]
read 11056 observations
res: 50 50 1 bw: 100 100 1
box size: 294 x 386 x 728
nbparts: 16
max load allowed: 0.001328981475
max states: 1347696
mem: 0.120493412 GB (this is an order of magnitude)
43310 states processed
solution: 0.0013077759 in 15 boxes.
naive: 0.0053159259 speedup:4.064859966
sumload:0.0053285463 overhead:1.002374074
128 256 192 256 0 728 cost 0.0013077759
0 128 64 386 0 256 cost 0.0011563134
128 256 0 192 0 704 cost 0.0010610403
128 256 256 386 0 384 cost 0.0010408323
0 128 64 386 256 728 cost 0.0002689341
256 294 0 256 0 192 cost 0.0001783734
128 256 256 386 384 728 cost 0.00016539
256 294 0 256 192 448 cost 9.2553e-05
256 294 0 256 512 728 cost 1.72512e-05
0 128 0 64 0 728 cost 1.24422e-05
256 294 256 386 64 384 cost 8.5839e-06
128 256 0 192 704 728 cost 8.1795e-06
256 294 0 256 448 512 cost 5.8797e-06
256 294 256 386 384 728 cost 2.7471e-06
256 294 256 386 0 64 cost 2.2503e-06
partitioning time: 63.906471 seconds
