hostname : cph-c54.uncc.edu
bounding: [1053872.965;1068485.726]x[860186.8419;879395.9741]x[3;730]
read 11056 observations
res: 100 100 1 bw: 2500 2500 1
box size: 148 x 194 x 728
nbparts: 32
max load allowed: 0.06513493504
max states: 596224
mem: 0.05330657959 GB (this is an order of magnitude)
29552 states processed
solution: 0.062959663 in 16 boxes.
naive: 0.5210794803 speedup:8.276401992
sumload:0.5237926801 overhead:1.005206883
64 128 128 194 0 160 cost 0.062959663
0 64 64 128 0 160 cost 0.0612529993
64 128 64 128 32 96 cost 0.0589642256
64 128 64 128 192 480 cost 0.0560013863
64 128 64 128 96 192 cost 0.0504456768
64 128 128 194 160 728 cost 0.0449903424
128 148 0 194 0 704 cost 0.0357707593
0 64 0 64 0 728 cost 0.0347089991
64 128 0 64 0 728 cost 0.0289335009
0 64 64 128 160 480 cost 0.0254715626
0 64 128 194 0 608 cost 0.0228930103
64 128 64 128 480 728 cost 0.0190095312
64 128 64 128 0 32 cost 0.0146431716
0 64 64 128 480 728 cost 0.006837248
0 64 128 194 608 728 cost 0.000717877
128 148 0 194 704 728 cost 0.0001927267
partitioning time: 80.412808 seconds
