hostname : cph-c54.uncc.edu
bounding: [1053872.965;1068485.726]x[860186.8419;879395.9741]x[3;730]
read 11056 observations
res: 50 50 1 bw: 2500 2500 1
box size: 294 x 386 x 728
nbparts: 16
mem: 0.0007152557373 GB (this is an order of magnitude)
1359 states processed
solution: 0.2574327378 in 16 boxes.
naive: 2.038316503 speedup:7.917860487
sumload:2.079311874 overhead:1.020112368
0 256 0 256 32 64 cost 0.2574327378
0 256 0 256 192 320 cost 0.2359973279
0 256 0 256 320 728 cost 0.2324134443
0 256 0 256 64 96 cost 0.2186236274
0 256 0 256 128 192 cost 0.2165235865
0 256 256 386 64 192 cost 0.1963616673
0 256 256 386 192 728 cost 0.1775393503
0 256 0 256 96 128 cost 0.1465112858
0 256 256 386 0 64 cost 0.144391122
0 256 0 256 0 32 cost 0.1158073752
256 294 256 386 128 728 cost 0.0287354621
256 294 256 386 0 128 cost 0.027151738
256 294 0 256 256 728 cost 0.0238387262
256 294 0 256 128 256 cost 0.0219585176
256 294 0 256 64 128 cost 0.0193981388
256 294 0 256 0 64 cost 0.0166277673
partitioning time: 0.943418 seconds
