hostname : cph-c75.uncc.edu
bounding: [-130;-65]x[20;50]x[5875;5958]
read 588189 observations
res: 0.1 0.1 1 bw: 5 5 14
box size: 651 x 301 x 84
nbparts: 128
solution: 13.38436696 in 134 boxes.
naive: 430.2508241 speedup:32.14577315
sumload:554.7068371 overhead:1.289263857
488 651 225 301 42 63 cost 13.38436696
0 162 75 150 42 63 cost 12.90754408
162 325 75 150 42 63 cost 12.15915126
325 488 225 301 42 63 cost 12.0744416
162 325 75 150 21 42 cost 11.08225364
488 651 225 301 21 42 cost 10.1504854
488 651 150 225 0 21 cost 9.943072559
0 162 150 225 21 42 cost 9.768208121
488 651 75 150 42 63 cost 9.556091174
325 488 150 225 0 21 cost 9.347821631
325 488 225 301 21 42 cost 9.311401313
0 162 150 225 63 84 cost 9.046647915
162 325 150 225 42 63 cost 8.979770778
488 651 225 301 63 84 cost 8.900618968
0 162 75 150 21 42 cost 8.061653889
325 488 75 150 0 21 cost 7.761274004
325 488 0 75 42 63 cost 7.537925116
488 569 187 225 52 63 cost 7.438750669
488 569 187 225 42 52 cost 7.417821655
325 488 225 301 63 84 cost 7.379775349
162 325 150 225 21 42 cost 7.229130751
488 569 150 187 52 63 cost 7.14824185
488 569 150 187 42 52 cost 7.122892854
0 162 75 150 63 84 cost 7.072240673
488 651 75 150 21 42 cost 6.950721402
488 569 187 225 31 42 cost 6.681139183
406 488 150 187 52 63 cost 6.476772016
406 488 150 187 42 52 cost 6.420652136
488 569 150 187 31 42 cost 6.342022423
0 162 225 301 42 63 cost 6.192341112
325 488 0 75 21 42 cost 5.94184062
406 488 187 225 52 63 cost 5.837984771
488 569 187 225 63 73 cost 5.811355085
406 488 187 225 42 52 cost 5.785250604
406 488 150 187 31 42 cost 5.697802062
488 569 150 187 63 73 cost 5.451652141
406 488 112 150 52 63 cost 5.346241055
406 488 112 150 42 52 cost 5.340800773
406 488 187 225 31 42 cost 5.209932796
488 651 75 150 63 84 cost 4.904667387
162 325 75 150 63 84 cost 4.832904518
81 162 150 187 52 63 cost 4.828464492
406 488 112 150 31 42 cost 4.679955664
406 488 150 187 63 73 cost 4.673153521
325 406 112 150 42 52 cost 4.600911996
325 406 112 150 31 42 cost 4.538878231
81 162 150 187 42 52 cost 4.53702365
0 162 225 301 63 84 cost 4.410406582
406 488 187 225 63 73 cost 4.389154197
488 569 187 225 21 31 cost 4.367188215
162 325 150 225 63 84 cost 4.295408976
488 651 225 301 0 21 cost 4.275561298
0 162 150 225 0 21 cost 4.115307085
325 406 112 150 52 63 cost 4.084310118
488 569 150 187 21 31 cost 4.07110698
406 488 75 112 42 52 cost 4.043970966
325 488 225 301 0 21 cost 3.966602319
406 488 75 112 52 63 cost 3.939989736
162 325 75 150 0 21 cost 3.884591461
325 406 75 112 42 52 cost 3.672555785
488 569 187 225 73 84 cost 3.669730849
325 406 75 112 31 42 cost 3.661878931
406 488 112 150 63 73 cost 3.619356934
0 162 225 301 21 42 cost 3.615260857
406 488 150 187 21 31 cost 3.572616472
406 488 75 112 31 42 cost 3.566250068
488 651 0 75 42 63 cost 3.5317976
406 488 187 225 21 31 cost 3.42308398
325 406 150 187 42 52 cost 3.39315534
488 569 150 187 73 84 cost 3.346058278
325 406 150 187 31 42 cost 3.287265654
0 162 75 150 0 21 cost 3.223913006
325 488 0 75 63 84 cost 3.217414904
325 406 75 112 52 63 cost 3.21327158
325 406 150 187 52 63 cost 3.067576304
569 651 187 225 52 63 cost 2.901954613
569 651 187 225 42 52 cost 2.83652281
325 406 112 150 21 31 cost 2.832711537
325 406 187 225 42 52 cost 2.783090835
406 488 112 150 21 31 cost 2.764787031
406 488 150 187 73 84 cost 2.752673308
488 651 0 75 21 42 cost 2.67398388
406 488 187 225 73 84 cost 2.666531515
325 406 187 225 52 63 cost 2.647570068
325 406 187 225 31 42 cost 2.606960723
162 325 150 225 0 21 cost 2.585561514
569 651 187 225 31 42 cost 2.549235964
406 488 75 112 63 73 cost 2.481802284
325 406 112 150 63 73 cost 2.416041654
488 651 75 150 0 21 cost 2.364209776
569 651 187 225 63 73 cost 2.336030428
325 406 75 112 21 31 cost 2.268442086
81 162 187 225 52 63 cost 2.120360874
162 325 0 75 42 63 cost 2.080109836
325 406 150 187 21 31 cost 2.073951496
406 488 112 150 73 84 cost 2.032334418
406 488 75 112 21 31 cost 2.031659457
569 651 150 187 52 63 cost 1.973399229
162 325 225 301 42 63 cost 1.954731181
81 162 187 225 42 52 cost 1.945662007
569 651 150 187 42 52 cost 1.932109989
325 406 150 187 63 73 cost 1.915361207
162 325 0 75 21 42 cost 1.89329006
325 488 0 75 0 21 cost 1.839567769
325 406 75 112 63 73 cost 1.835095686
325 406 187 225 63 73 cost 1.810399095
569 651 150 187 31 42 cost 1.722558578
325 406 187 225 21 31 cost 1.652401191
569 651 187 225 21 31 cost 1.639258787
569 651 150 187 63 73 cost 1.597645816
0 162 225 301 0 21 cost 1.57316965
569 651 187 225 73 84 cost 1.556793081
488 651 0 75 63 84 cost 1.478522854
0 81 150 187 52 63 cost 1.46742585
325 406 112 150 73 84 cost 1.435264112
162 325 225 301 21 42 cost 1.405676393
0 81 187 225 52 63 cost 1.373824126
0 81 150 187 42 52 cost 1.321982309
406 488 75 112 73 84 cost 1.319257369
0 81 187 225 42 52 cost 1.223472769
162 325 225 301 63 84 cost 1.178679849
325 406 150 187 73 84 cost 1.119768624
569 651 150 187 21 31 cost 1.107254514
325 406 75 112 73 84 cost 1.096235313
325 406 187 225 73 84 cost 1.076020651
569 651 150 187 73 84 cost 1.057203113
488 651 0 75 0 21 cost 0.7624027905
162 325 0 75 63 84 cost 0.7073305255
162 325 0 75 0 21 cost 0.5915960166
162 325 225 301 0 21 cost 0.5272538952
0 162 0 75 42 63 cost 0.0080894611
0 162 0 75 21 42 cost 0.0066207771
0 162 0 75 63 84 cost 0.0036397967
0 162 0 75 0 21 cost 0.0025122181
partitioning time: 17.594278 seconds
