hostname : cph-c53.uncc.edu
bounding: [1053872.965;1068485.726]x[860186.8419;879395.9741]x[3;730]
read 11056 observations
res: 50 50 1 bw: 2500 2500 1
box size: 294 x 386 x 728
nbparts: 64
max states: 6173952
mem: 0.5519943237 GB (this is an order of magnitude)
607616 states processed
solution: 0.0507694418 in 64 boxes.
naive: 2.038316503 speedup:40.1484915
sumload:2.042036267 overhead:1.00182492
160 192 192 224 0 256 cost 0.0507694418
96 128 160 192 0 728 cost 0.0498672942
224 294 192 224 0 256 cost 0.0498548382
32 64 160 386 0 728 cost 0.0498126244
96 128 256 386 0 728 cost 0.0495214066
64 96 96 160 0 256 cost 0.0491535312
64 96 224 386 0 728 cost 0.0490409446
96 128 128 160 0 728 cost 0.0490242143
96 128 192 224 0 728 cost 0.0476210419
128 160 192 224 0 256 cost 0.0472480806
64 96 160 224 0 256 cost 0.0469277251
128 160 160 192 0 256 cost 0.0456489386
160 294 160 192 256 728 cost 0.0450280401
160 192 224 256 0 256 cost 0.0441426721
160 192 160 192 0 256 cost 0.0431745994
128 160 160 256 256 728 cost 0.0424587578
192 224 192 224 0 256 cost 0.0416378119
128 160 288 386 0 728 cost 0.0407773101
128 160 128 160 0 256 cost 0.0401270079
96 128 224 256 0 728 cost 0.0400060336
128 160 224 256 0 256 cost 0.0397028541
192 224 224 256 0 256 cost 0.0391005339
160 294 96 128 0 728 cost 0.0389569608
128 160 256 288 0 728 cost 0.0383361049
192 294 128 160 0 256 cost 0.0378227671
64 128 64 96 0 728 cost 0.0374300157
192 294 192 224 256 728 cost 0.0372919614
32 64 64 160 0 728 cost 0.0365970416
224 294 160 192 0 256 cost 0.0360114951
160 192 256 288 0 256 cost 0.0359334181
96 128 96 128 0 728 cost 0.0359045356
160 192 320 386 0 728 cost 0.0357449256
128 294 128 160 256 728 cost 0.0356006375
192 224 256 288 0 256 cost 0.0351738768
128 160 96 128 0 728 cost 0.0343539417
160 192 288 320 0 728 cost 0.0335243735
192 224 160 192 0 256 cost 0.0327768945
192 224 320 386 0 256 cost 0.0325397465
192 224 256 386 256 728 cost 0.0323787853
160 192 128 160 0 256 cost 0.0313719674
224 256 224 256 0 256 cost 0.029673831
128 294 64 96 0 728 cost 0.028952665
192 224 288 320 0 256 cost 0.0273005116
160 192 224 288 256 728 cost 0.0272411922
192 256 224 256 256 728 cost 0.0270734701
224 256 256 288 0 256 cost 0.0265176035
256 294 224 256 0 728 cost 0.0257790099
32 294 32 64 0 728 cost 0.0246007327
64 96 96 224 256 728 cost 0.0220256316
256 294 256 288 0 728 cost 0.0209038787
224 256 288 320 0 256 cost 0.0203292545
160 192 192 224 256 728 cost 0.0182358644
224 256 320 352 0 256 cost 0.0162330933
256 294 288 320 0 728 cost 0.0158791781
0 32 0 386 0 728 cost 0.0149045301
224 256 352 386 0 728 cost 0.0131507467
224 256 256 288 256 728 cost 0.009022588
256 288 320 352 0 256 cost 0.0083207558
224 256 288 320 256 728 cost 0.0072697643
256 288 352 386 0 728 cost 0.0063230282
224 256 320 352 256 728 cost 0.0059445288
32 294 0 32 0 728 cost 0.0036652098
256 288 320 352 256 728 cost 0.0033164722
288 294 320 386 0 728 cost 0.0009775746
partitioning time: 116.119660 seconds
