hostname : cph-c9.uncc.edu
bounding: [1053872.965;1068485.726]x[860186.8419;879395.9741]x[3;730]
read 11056 observations
res: 50 50 1 bw: 100 100 1
box size: 294 x 386 x 728
nbparts: 32
max load allowed: 0.0006644907375
max states: 2695392
mem: 0.240986824 GB (this is an order of magnitude)
84210 states processed
solution: 0.0006632514 in 21 boxes.
naive: 0.0053159259 speedup:8.01494863
sumload:0.0053356215 overhead:1.003705018
128 192 192 256 0 448 cost 0.0006632514
0 128 0 192 0 192 cost 0.0006495431
192 256 0 256 0 320 cost 0.0006432457
192 256 256 386 0 384 cost 0.0006349236
128 192 0 192 0 256 cost 0.000630231
0 128 192 386 0 728 cost 0.0005636082
128 192 256 386 0 728 cost 0.0004616643
0 128 0 192 192 728 cost 0.0002278495
192 256 0 256 320 728 cost 0.0001943318
128 192 0 192 256 728 cost 0.0001872843
256 294 0 256 0 192 cost 0.0001783734
256 294 0 256 192 448 cost 9.2553e-05
192 256 256 386 512 728 cost 6.3891e-05
128 192 192 256 448 728 cost 6.1557e-05
192 256 256 386 384 512 cost 4.6602e-05
256 294 0 256 512 728 cost 1.72512e-05
256 294 256 386 64 384 cost 8.5839e-06
256 294 0 256 448 512 cost 5.8797e-06
256 294 256 386 0 64 cost 2.2503e-06
256 294 256 386 384 576 cost 1.5516e-06
256 294 256 386 576 728 cost 1.1955e-06
partitioning time: 119.380103 seconds
