hostname : cph-c50.uncc.edu
bounding: [1053872.965;1068485.726]x[860186.8419;879395.9741]x[3;730]
read 11056 observations
res: 100 100 1 bw: 250 250 1
box size: 148 x 194 x 728
nbparts: 32
max states: 170688
mem: 0.01526069641 GB (this is an order of magnitude)
61941 states processed
solution: 0.0012773657 in 15 boxes.
naive: 0.0102500115 speedup:8.024335944
sumload:0.0103055742 overhead:1.005420745
64 148 64 128 256 728 cost 0.0012773657
64 128 64 96 0 256 cost 0.0012620209
0 96 128 194 0 512 cost 0.0012153084
96 148 128 194 0 256 cost 0.0010784791
64 96 96 128 0 256 cost 0.0010610747
96 148 96 128 0 256 cost 0.0010417924
0 148 0 64 0 256 cost 0.0009281277
0 64 64 96 0 256 cost 0.0007721756
0 64 96 128 0 256 cost 0.0005512331
0 64 32 128 256 728 cost 0.0004202895
96 148 128 194 256 512 cost 0.0002591345
0 148 128 194 512 728 cost 0.0002144729
128 148 64 96 0 256 cost 0.0001443594
64 148 32 64 256 728 cost 6.93939e-05
0 148 0 32 256 728 cost 1.03464e-05
partitioning time: 9.511467 seconds
