hostname : cph-gpu4.uncc.edu
bounding: [1053872.965;1068485.726]x[860186.8419;879395.9741]x[3;730]
read 11056 observations
res: 50 50 1 bw: 2500 2500 14
box size: 294 x 386 x 728
nbparts: 32
max states: 10781664
mem: 0.9639558792 GB (this is an order of magnitude)
2687627 states processed
solution: 0.7708273616 in 17 boxes.
naive: 8.268027147 speedup:10.72617237
sumload:8.283247203 overhead:1.001840833
128 192 128 192 0 448 cost 0.7708273616
192 294 256 320 0 728 cost 0.7411192687
128 192 192 256 0 256 cost 0.7389119986
64 192 64 128 0 728 cost 0.7345883328
192 256 192 256 0 480 cost 0.7229441775
192 294 64 192 0 728 cost 0.6923086054
0 128 192 256 0 728 cost 0.6808475566
64 128 128 192 0 728 cost 0.664136896
128 294 320 386 0 728 cost 0.6102137215
128 192 256 320 0 728 cost 0.5788529746
0 128 256 386 0 728 cost 0.3735558314
128 192 192 256 256 728 cost 0.257811674
0 64 64 192 0 728 cost 0.2246034592
256 294 192 256 0 728 cost 0.2112780475
0 294 0 64 0 728 cost 0.1146798545
128 192 128 192 448 728 cost 0.0851546566
192 256 192 256 480 728 cost 0.0814127867
partitioning time: 381.847177 seconds
