hostname : cph-c53.uncc.edu
bounding: [1053872.965;1068485.726]x[860186.8419;879395.9741]x[3;730]
read 11056 observations
res: 50 50 1 bw: 100 100 1
box size: 294 x 386 x 728
nbparts: 32
max load allowed: 0.0003322453687
max states: 197567552
mem: 17.66391563 GB (this is an order of magnitude)
720157 states processed
solution: 0.0003239355 in 32 boxes.
naive: 0.0053159259 speedup:16.4104456
sumload:0.0053410885 overhead:1.004733437
160 224 128 192 0 192 cost 0.0003239355
0 128 0 160 0 96 cost 0.000319597
224 294 0 256 0 192 cost 0.0003192826
160 224 288 386 0 224 cost 0.0003189675
160 224 192 224 0 352 cost 0.0003102932
0 128 160 224 0 160 cost 0.0003102711
128 160 224 386 0 288 cost 0.0003005419
128 160 160 224 0 256 cost 0.000276354
224 294 256 386 0 224 cost 0.0002544534
224 294 0 256 192 728 cost 0.000226769
160 224 224 288 96 288 cost 0.0002209724
0 128 0 160 96 288 cost 0.0002178401
0 128 224 386 96 728 cost 0.0002141538
160 224 224 288 0 96 cost 0.0002134441
128 160 0 160 0 288 cost 0.0002122326
160 224 128 192 192 728 cost 0.0001982139
0 128 224 386 0 96 cost 0.0001440192
0 128 160 224 160 352 cost 9.60765e-05
128 160 160 224 256 728 cost 9.00789e-05
0 128 0 160 288 728 cost 8.0889e-05
128 160 224 386 288 728 cost 7.53009e-05
224 294 256 386 224 384 cost 7.31946e-05
160 224 288 386 384 728 cost 6.49884e-05
160 224 0 128 0 728 cost 6.46398e-05
160 224 288 386 224 384 cost 6.16908e-05
160 224 224 288 416 728 cost 5.82867e-05
0 128 160 224 352 728 cost 5.76093e-05
160 224 224 288 288 416 cost 5.55954e-05
224 294 256 386 384 728 cost 5.43333e-05
160 224 192 224 512 728 cost 4.66761e-05
160 224 192 224 352 512 cost 4.31968e-05
128 160 0 160 288 728 cost 3.71907e-05
partitioning time: 1692.629286 seconds
