hostname : cph-gpu2.uncc.edu
bounding: [-130;-65]x[20;50]x[5875;5958]
read 588189 observations
res: 0.1 0.1 1 bw: 1 1 3
box size: 651 x 301 x 84
nbparts: 32
max states: 492320
mem: 0.04401683807 GB (this is an order of magnitude)
150814 states processed
solution: 0.6423614587 in 21 boxes.
naive: 7.046724289 speedup:10.97002971
sumload:7.140544613 overhead:1.013314034
256 384 64 128 0 84 cost 0.6423614587
256 384 128 301 0 84 cost 0.610375359
448 512 128 192 0 84 cost 0.586471283
128 256 0 301 0 84 cost 0.5782399454
64 128 128 192 32 84 cost 0.5720807629
512 576 192 256 32 64 cost 0.5564691805
448 512 0 128 0 84 cost 0.5543357813
384 448 0 192 0 84 cost 0.5467911816
448 512 192 301 0 84 cost 0.4975693778
384 448 192 301 0 84 cost 0.4759974252
512 651 64 192 0 84 cost 0.3707944883
0 128 192 301 0 84 cost 0.2849883603
512 576 192 256 64 84 cost 0.2587620434
512 576 192 256 0 32 cost 0.218053164
576 651 192 301 0 84 cost 0.1968206603
64 128 128 192 0 32 cost 0.1430163609
256 384 0 64 0 84 cost 0.021677755
0 128 0 128 0 84 cost 0.0212916289
0 64 128 192 0 84 cost 0.0038908151
512 576 256 301 0 84 cost 0.000532153
512 651 0 64 0 84 cost 2.54289e-05
partitioning time: 1164.536960 seconds
