hostname : cph-c7.uncc.edu
bounding: [1053872.965;1068485.726]x[860186.8419;879395.9741]x[3;730]
read 11056 observations
res: 50 50 1 bw: 100 100 1
box size: 294 x 386 x 728
nbparts: 32
max states: 3086976
mem: 0.2759971619 GB (this is an order of magnitude)
741604 states processed
solution: 0.0006517446 in 14 boxes.
naive: 0.0053159259 speedup:8.156455612
sumload:0.0053297293 overhead:1.002596613
224 294 160 288 0 728 cost 0.0006517446
0 160 160 224 0 256 cost 0.0006445647
160 294 288 386 0 512 cost 0.0006363534
0 160 224 288 0 728 cost 0.0006361083
0 224 0 224 256 728 cost 0.0006051891
160 224 224 288 0 728 cost 0.0005475186
160 224 160 224 0 256 cost 0.0005184294
0 128 64 160 0 256 cost 0.0005108577
128 224 64 160 0 256 cost 0.0003848379
32 160 288 386 0 728 cost 9.28519e-05
160 294 288 386 512 728 cost 6.29853e-05
224 294 0 160 0 728 cost 1.95468e-05
0 224 0 64 0 256 cost 1.48149e-05
0 32 288 386 0 728 cost 3.9267e-06
partitioning time: 129.464079 seconds
