hostname : cph-c77.uncc.edu
bounding: [-130;-65]x[20;50]x[5875;5958]
read 588189 observations
res: 0.5 0.5 1 bw: 1 1 3
box size: 131 x 61 x 84
nbparts: 256
solution: 0.007157886 in 260 boxes.
naive: 0.4197653131 speedup:58.64375503
sumload:0.5465744419 overhead:1.302095301
81 98 22 30 42 52 cost 0.007157886
98 114 37 45 21 31 cost 0.0071207001
32 65 30 45 42 63 cost 0.0067986735
0 32 15 30 63 84 cost 0.0066771831
81 98 22 30 52 63 cost 0.0066112735
65 98 45 61 21 42 cost 0.0065987049
65 81 15 22 42 52 cost 0.0064675518
0 32 30 45 63 84 cost 0.0064331497
0 32 30 45 21 42 cost 0.0063901788
0 32 15 30 21 42 cost 0.006141797
81 98 37 45 63 73 cost 0.006053688
65 81 22 30 42 52 cost 0.005750787
65 98 45 61 63 84 cost 0.0056192336
98 114 30 37 52 63 cost 0.005586381
98 131 15 30 42 63 cost 0.0055544708
65 81 22 30 31 42 cost 0.0054995035
65 81 15 22 31 42 cost 0.0051889066
16 32 30 37 52 63 cost 0.0051431085
81 98 15 22 42 52 cost 0.0051407663
81 98 22 30 31 42 cost 0.0051307801
98 114 30 37 42 52 cost 0.0050636422
0 32 45 61 63 84 cost 0.0050515109
98 114 37 45 10 21 cost 0.0049151213
81 98 30 37 42 52 cost 0.0049078127
81 98 30 37 52 63 cost 0.0048732236
81 98 37 45 21 31 cost 0.0048034809
16 32 30 37 42 52 cost 0.0047226989
65 98 0 15 42 63 cost 0.0047191711
81 98 37 45 73 84 cost 0.0047003728
98 131 45 61 42 63 cost 0.0046217317
98 114 30 37 31 42 cost 0.0043796217
32 65 30 45 21 42 cost 0.0041617308
81 98 30 37 31 42 cost 0.004016594
98 131 0 15 42 63 cost 0.0040044464
81 98 15 22 52 63 cost 0.0040031482
81 98 22 30 63 73 cost 0.003998732
106 114 37 41 47 52 cost 0.0039291649
106 114 37 41 52 57 cost 0.0039203523
32 65 15 30 63 84 cost 0.0039149162
81 98 15 22 31 42 cost 0.0038513434
65 81 15 22 52 63 cost 0.0037586717
32 65 15 30 0 21 cost 0.0037528685
106 114 37 41 36 42 cost 0.0037371294
0 32 30 45 0 21 cost 0.0035958028
98 114 37 45 0 10 cost 0.003556267
32 48 22 30 31 42 cost 0.0034781412
106 114 37 41 57 63 cost 0.0034381018
32 48 22 30 42 52 cost 0.0034124959
106 114 41 45 47 52 cost 0.0033839603
81 98 45 53 52 63 cost 0.0033773064
0 32 45 61 21 42 cost 0.0033751363
81 98 37 45 10 21 cost 0.0033012279
98 131 45 61 21 42 cost 0.0032965947
98 131 15 30 21 42 cost 0.0032845842
106 114 37 41 42 47 cost 0.0032568603
106 114 41 45 52 57 cost 0.0032313703
65 81 22 30 52 63 cost 0.0032174137
0 32 15 30 0 21 cost 0.0032123977
106 114 41 45 36 42 cost 0.0031603895
98 114 30 37 63 73 cost 0.0030972765
32 65 30 45 63 84 cost 0.0030964344
48 65 22 30 42 52 cost 0.0030946299
65 98 0 15 21 42 cost 0.0030501699
48 65 22 30 31 42 cost 0.0030163952
114 131 37 45 42 52 cost 0.0029693086
65 81 37 45 42 52 cost 0.0029675965
106 114 41 45 57 63 cost 0.0029621364
81 98 30 37 63 73 cost 0.0029165396
48 65 15 22 42 52 cost 0.0029082989
81 98 45 53 42 52 cost 0.0028925998
65 81 30 37 42 52 cost 0.0028884752
98 131 45 61 63 84 cost 0.0028793284
65 98 45 61 0 21 cost 0.002868465
106 114 41 45 42 47 cost 0.0028041176
114 131 37 45 52 63 cost 0.0027351045
106 114 37 41 31 36 cost 0.0026281424
16 24 26 30 52 57 cost 0.0026097347
24 32 26 30 52 57 cost 0.0026050672
98 114 30 37 21 31 cost 0.00260232
24 32 26 30 47 52 cost 0.0025693114
81 98 22 30 21 31 cost 0.002556145
16 24 26 30 47 52 cost 0.0025284584
106 114 37 41 73 78 cost 0.0024904918
65 81 37 45 31 42 cost 0.0024797342
98 131 0 15 21 42 cost 0.0024788563
106 114 37 41 63 68 cost 0.0024672863
65 81 22 30 21 31 cost 0.0024491425
106 114 41 45 73 78 cost 0.0024288193
48 65 15 22 31 42 cost 0.0024195809
114 131 37 45 31 42 cost 0.0024120702
24 32 26 30 57 63 cost 0.0023979833
81 98 37 45 0 10 cost 0.0023364326
16 24 26 30 57 63 cost 0.0023256758
106 114 37 41 78 84 cost 0.0023019854
65 81 15 22 21 31 cost 0.0022842273
106 114 41 45 78 84 cost 0.0022840052
98 114 30 37 73 84 cost 0.0022780209
106 114 41 45 63 68 cost 0.0022612097
106 114 41 45 31 36 cost 0.0022601887
65 81 15 22 63 73 cost 0.0022600525
81 98 22 30 73 84 cost 0.0022405158
65 81 30 37 31 42 cost 0.0022350384
81 98 30 37 73 84 cost 0.0022233264
65 81 37 45 52 63 cost 0.0021808128
81 98 15 22 63 73 cost 0.002158267
81 98 30 37 21 31 cost 0.0021513236
98 131 15 30 63 84 cost 0.0021432723
32 48 22 30 52 63 cost 0.0021351085
106 114 37 41 68 73 cost 0.0020838702
65 81 22 30 63 73 cost 0.0020329835
114 131 37 45 73 84 cost 0.002012657
65 81 15 22 73 84 cost 0.0020008757
114 131 37 45 63 73 cost 0.0019794627
81 89 41 45 47 52 cost 0.0019737282
65 81 30 37 52 63 cost 0.0019374481
106 114 41 45 68 73 cost 0.0019220237
81 89 41 45 52 57 cost 0.0018362449
24 32 26 30 42 47 cost 0.0018216159
89 98 41 45 47 52 cost 0.0018097
65 81 15 22 10 21 cost 0.0018005855
0 16 30 37 52 63 cost 0.0017921021
32 48 22 30 21 31 cost 0.0017715078
89 98 41 45 52 57 cost 0.0017561208
16 24 26 30 42 47 cost 0.0017528996
65 81 45 53 42 52 cost 0.0017338761
81 89 41 45 57 63 cost 0.0017313572
89 98 41 45 57 63 cost 0.0017301811
65 81 22 30 10 21 cost 0.0017195274
98 106 37 41 47 52 cost 0.0017184507
81 98 15 22 21 31 cost 0.0016994376
65 81 22 30 73 84 cost 0.0016972506
0 32 45 61 0 21 cost 0.0016954098
81 89 41 45 42 47 cost 0.0016838236
98 106 37 41 52 57 cost 0.0016811636
81 89 41 45 36 42 cost 0.0016737985
89 98 37 41 47 52 cost 0.0016517352
81 98 22 30 10 21 cost 0.0016448296
98 114 30 37 10 21 cost 0.0016119467
89 98 41 45 36 42 cost 0.0016042735
89 98 37 41 52 57 cost 0.0015948739
32 65 30 45 0 21 cost 0.0015750227
89 98 41 45 42 47 cost 0.0015242141
98 106 37 41 36 42 cost 0.0015227682
0 16 45 53 52 63 cost 0.0015136641
65 81 45 53 52 63 cost 0.001509555
98 131 45 61 0 21 cost 0.0014748068
98 106 37 41 42 47 cost 0.0014521788
89 98 37 41 57 63 cost 0.0014444301
48 65 22 30 52 63 cost 0.001433396
81 98 30 37 10 21 cost 0.0014246511
98 106 37 41 57 63 cost 0.0014202274
0 16 30 37 42 52 cost 0.0014026071
89 98 37 41 42 47 cost 0.0013943142
89 98 37 41 36 42 cost 0.0013896335
65 98 0 15 63 84 cost 0.0013831857
114 131 37 45 21 31 cost 0.0013651989
16 32 37 45 52 63 cost 0.0013547472
89 98 41 45 31 36 cost 0.0013325533
48 65 15 22 52 63 cost 0.0012980949
0 16 53 61 52 63 cost 0.0012350683
65 81 37 45 21 31 cost 0.0012331972
81 89 41 45 31 36 cost 0.0012257129
16 32 37 45 42 52 cost 0.0012239407
48 65 22 30 21 31 cost 0.0012187074
0 16 45 53 42 52 cost 0.0011959671
16 32 53 61 52 63 cost 0.00118883
98 131 0 15 63 84 cost 0.0011770676
98 106 37 41 31 36 cost 0.0011639551
81 98 22 30 0 10 cost 0.0011518243
65 81 37 45 63 73 cost 0.0011367092
81 98 15 22 73 84 cost 0.0011353732
65 81 15 22 0 10 cost 0.001132423
65 81 37 45 73 84 cost 0.001102453
32 65 0 15 42 63 cost 0.0010745847
65 81 22 30 0 10 cost 0.0010570469
89 98 37 41 31 36 cost 0.0010413725
98 131 15 30 0 21 cost 0.0010284437
81 98 15 22 10 21 cost 0.0010165913
65 81 30 37 21 31 cost 0.0010147739
98 114 30 37 0 10 cost 0.0010143242
81 98 30 37 0 10 cost 0.0009882355
98 106 37 41 73 78 cost 0.0009843854
65 81 30 37 63 73 cost 0.0009789883
98 106 37 41 63 68 cost 0.000966999
16 32 45 53 52 63 cost 0.0009590855
81 89 37 41 47 52 cost 0.0009512964
114 131 37 45 10 21 cost 0.0009363639
98 106 41 45 47 52 cost 0.0009042509
81 89 37 41 36 42 cost 0.0008905583
48 65 15 22 21 31 cost 0.00088813
0 16 53 61 42 52 cost 0.0008830998
81 89 37 41 42 47 cost 0.0008665628
65 81 37 45 10 21 cost 0.0008567084
98 106 37 41 68 73 cost 0.0008542001
16 32 53 61 42 52 cost 0.0008527151
24 32 22 26 52 57 cost 0.000848813
81 89 37 41 52 57 cost 0.0008452115
24 32 22 26 47 52 cost 0.0008387475
98 106 41 45 36 42 cost 0.0008340931
98 106 37 41 78 84 cost 0.0008180705
98 106 41 45 52 57 cost 0.0008108482
16 32 45 53 42 52 cost 0.0008016731
65 98 0 15 0 21 cost 0.0007893195
81 89 37 41 57 63 cost 0.0007800582
98 106 41 45 42 47 cost 0.0007719745
32 65 0 15 21 42 cost 0.0007693154
24 32 22 26 57 63 cost 0.0007691593
65 81 30 37 73 84 cost 0.000757485
98 106 41 45 31 36 cost 0.0007518384
0 16 37 45 52 63 cost 0.0007500757
65 81 30 37 10 21 cost 0.000724257
114 131 37 45 0 10 cost 0.0007099585
32 65 45 61 42 63 cost 0.0006861592
0 16 37 45 42 52 cost 0.0006609569
98 106 41 45 57 63 cost 0.0006513722
98 131 0 15 0 21 cost 0.000646244
81 98 15 22 0 10 cost 0.0006374181
81 89 37 41 31 36 cost 0.0006264358
24 32 22 26 42 47 cost 0.0005877824
65 81 37 45 0 10 cost 0.0005761134
98 106 41 45 73 78 cost 0.0005003909
65 81 30 37 0 10 cost 0.0004963883
32 65 45 61 21 42 cost 0.0004796423
98 106 41 45 63 68 cost 0.0004761988
16 24 22 26 52 57 cost 0.0004497085
16 24 22 26 47 52 cost 0.0004346612
98 106 41 45 78 84 cost 0.0004259688
98 106 41 45 68 73 cost 0.0004183358
32 65 45 61 63 84 cost 0.0004059305
16 24 22 26 57 63 cost 0.0004057121
16 24 22 26 42 47 cost 0.0002945293
65 81 53 61 42 52 cost 0.0002382054
32 65 0 15 0 21 cost 0.0002123837
65 81 53 61 52 63 cost 0.0002065406
32 65 45 61 0 21 cost 0.0001883802
81 98 53 61 52 63 cost 0.0001846038
32 65 0 15 63 84 cost 0.0001584422
81 98 53 61 42 52 cost 0.0001449492
32 48 15 22 42 52 cost 8.72058e-05
32 48 15 22 31 42 cost 7.86651e-05
0 16 22 30 52 63 cost 4.67526e-05
32 48 15 22 52 63 cost 4.04701e-05
0 16 22 30 42 52 cost 3.41392e-05
32 48 15 22 21 31 cost 3.26967e-05
16 32 15 22 42 52 cost 2.8943e-06
16 32 15 22 52 63 cost 1.5467e-06
114 131 30 37 63 73 cost 9.21e-07
114 131 30 37 42 52 cost 8.263e-07
0 32 0 15 63 84 cost 8.14e-07
0 32 0 15 42 63 cost 7.221e-07
0 32 0 15 0 21 cost 6.618e-07
114 131 30 37 52 63 cost 3.817e-07
114 131 30 37 31 42 cost 3.147e-07
0 32 0 15 21 42 cost 2.837e-07
114 131 30 37 0 10 cost 5.7e-08
114 131 30 37 73 84 cost 1.95e-08
114 131 30 37 21 31 cost 1.95e-08
114 131 30 37 10 21 cost 0
0 16 15 22 52 63 cost 0
0 16 15 22 42 52 cost 0
partitioning time: 29.775082 seconds
