hostname : cph-c54.uncc.edu
bounding: [1053872.965;1068485.726]x[860186.8419;879395.9741]x[3;730]
read 11056 observations
res: 100 100 1 bw: 2500 2500 1
box size: 148 x 194 x 728
nbparts: 32
max load allowed: 0.04885120128
max states: 2732544
mem: 0.2443084717 GB (this is an order of magnitude)
82614 states processed
solution: 0.0462707062 in 20 boxes.
naive: 0.5210794803 speedup:11.26154155
sumload:0.5219221927 overhead:1.001617243
64 96 96 128 0 256 cost 0.0462707062
96 128 96 128 0 512 cost 0.0458655995
0 64 64 96 0 384 cost 0.0453315378
64 96 128 194 0 384 cost 0.0435525114
0 64 96 128 0 728 cost 0.0428575858
64 96 64 96 0 256 cost 0.0407741489
96 128 128 160 0 728 cost 0.0372363264
96 128 0 96 0 728 cost 0.0365163797
128 148 32 194 0 704 cost 0.0357707593
0 64 0 64 0 728 cost 0.0347089991
64 96 0 64 0 728 cost 0.0237684395
0 64 128 194 0 728 cost 0.0236108873
96 128 160 194 0 728 cost 0.0203436694
64 96 96 128 256 728 cost 0.0159054323
64 96 64 96 256 728 cost 0.012864769
64 96 128 194 384 728 cost 0.0065534939
0 64 64 96 384 728 cost 0.0052746061
96 128 96 128 512 728 cost 0.0045236144
128 148 32 194 704 728 cost 0.0001927267
128 148 0 32 0 728 cost 0
partitioning time: 116.758147 seconds
