hostname : cph-c12.uncc.edu
bounding: [-130;-65]x[20;50]x[5875;5958]
read 588189 observations
res: 0.1 0.1 1 bw: 5 5 14
box size: 651 x 301 x 84
nbparts: 16
mem: 0.0003433227539 GB (this is an order of magnitude)
12033 states processed
solution: 36.90760582 in 16 boxes.
naive: 430.2508241 speedup:11.65751109
sumload:430.5213774 overhead:1.000628827
512 576 0 192 0 84 cost 36.90760582
512 576 192 301 0 84 cost 36.76329864
448 512 128 192 0 84 cost 33.77601365
0 128 0 192 0 84 cost 32.14279529
448 512 192 301 0 84 cost 29.97685356
320 384 128 301 0 84 cost 29.39845723
128 192 0 301 0 84 cost 29.29853367
448 512 0 128 0 84 cost 27.99667638
384 448 192 301 0 84 cost 25.4452736
576 651 0 301 0 84 cost 24.07869722
192 320 128 301 0 84 cost 23.96310386
384 448 128 192 0 84 cost 23.89636612
320 384 0 128 0 84 cost 22.40927635
0 128 192 301 0 84 cost 20.14257011
192 320 0 128 0 84 cost 17.55398741
384 448 0 128 0 84 cost 16.77186847
partitioning time: 158.899387 seconds
