hostname : cph-gpu4.uncc.edu
bounding: [1053872.965;1068485.726]x[860186.8419;879395.9741]x[3;730]
read 11056 observations
res: 100 100 1 bw: 250 250 1
box size: 148 x 194 x 728
nbparts: 16
mem: 0.4886498451 GB (this is an order of magnitude)
23062 states processed
solution: 0.0007658844 in 16 boxes.
naive: 0.0102500115 speedup:13.38323577
sumload:0.0104113339 overhead:1.015738753
96 148 96 128 0 160 cost 0.0007658844
0 96 64 128 32 64 cost 0.0007657742
96 148 128 194 0 128 cost 0.0007494591
96 148 96 128 160 728 cost 0.0007244799
96 148 128 194 128 728 cost 0.0007190406
0 96 64 128 64 96 cost 0.0007183783
0 96 64 128 192 320 cost 0.000705582
96 148 0 96 0 728 cost 0.0006977916
0 96 64 128 128 192 cost 0.0006884693
0 96 64 128 320 728 cost 0.0006821563
0 96 128 194 0 128 cost 0.0006795005
0 96 128 194 128 728 cost 0.0006304923
0 96 0 64 96 728 cost 0.0005680951
0 96 0 64 0 96 cost 0.0005513402
0 96 64 128 96 128 cost 0.0004385422
0 96 64 128 0 32 cost 0.0003263479
partitioning time: 10.438292 seconds
