hostname : cph-c77.uncc.edu
bounding: [1053872.965;1068485.726]x[860186.8419;879395.9741]x[3;730]
read 11056 observations
res: 50 50 1 bw: 2500 2500 1
box size: 294 x 386 x 728
nbparts: 64
mem: 0.0007152557373 GB (this is an order of magnitude)
4079 states processed
solution: 0.367250985 in 16 boxes.
naive: 2.038316503 speedup:5.550200234
sumload:2.06231337 overhead:1.011772886
0 256 0 256 0 64 cost 0.367250985
0 256 0 256 64 128 cost 0.3596592532
0 256 0 256 128 256 cost 0.3583419887
0 256 0 256 256 728 cost 0.323498266
0 256 256 386 0 128 cost 0.261577852
0 256 256 386 128 728 cost 0.2536397316
256 294 0 256 64 128 cost 0.0193981388
256 294 0 256 192 320 cost 0.0180591533
256 294 0 256 0 64 cost 0.0166277673
256 294 0 256 320 728 cost 0.0158361328
256 294 256 386 0 64 cost 0.0150902608
256 294 256 386 64 128 cost 0.0124392252
256 294 0 256 128 192 cost 0.0119019337
256 294 256 386 320 728 cost 0.0112249113
256 294 256 386 192 320 cost 0.0099975882
256 294 256 386 128 192 cost 0.0077701826
partitioning time: 1.403239 seconds
