hostname : cph-c80.uncc.edu
bounding: [1053872.965;1068485.726]x[860186.8419;879395.9741]x[3;730]
read 11056 observations
res: 100 100 1 bw: 250 250 1
box size: 148 x 194 x 728
nbparts: 64
mem: 0.02661895752 GB (this is an order of magnitude)
17112 states processed
solution: 0.0009848335 in 23 boxes.
naive: 0.0102500115 speedup:10.40786234
sumload:0.0104155248 overhead:1.016147621
64 128 64 128 0 64 cost 0.0009848335
64 128 64 128 64 128 cost 0.0009468817
64 128 128 194 64 192 cost 0.0008507767
0 64 0 194 64 128 cost 0.0008400024
0 64 0 194 0 64 cost 0.0008281211
64 128 64 128 320 728 cost 0.0008180618
64 128 64 128 192 320 cost 0.0008148172
64 128 128 194 192 728 cost 0.0008008359
0 64 0 194 192 728 cost 0.0007677715
64 128 64 128 128 192 cost 0.0007029565
64 128 128 194 0 64 cost 0.0006821282
0 64 0 194 128 192 cost 0.0003907362
64 128 0 64 0 728 cost 0.0003783285
128 148 0 128 64 128 cost 0.0001554451
128 148 0 128 192 320 cost 0.0001285239
128 148 0 128 0 64 cost 0.0001120695
128 148 0 128 320 728 cost 9.6732e-05
128 148 0 128 128 192 cost 8.17349e-05
128 148 128 194 64 128 cost 8.1675e-06
128 148 128 194 320 728 cost 7.3806e-06
128 148 128 194 192 320 cost 6.6374e-06
128 148 128 194 0 64 cost 6.4533e-06
128 148 128 194 128 192 cost 6.1294e-06
partitioning time: 5.973341 seconds
