hostname : cph-gpu2.uncc.edu
bounding: [1053872.965;1068485.726]x[860186.8419;879395.9741]x[3;730]
read 11056 observations
res: 100 100 1 bw: 250 250 1
box size: 148 x 194 x 728
nbparts: 64
max load allowed: 0.0003203128594
max states: 21861824
mem: 1.95459938 GB (this is an order of magnitude)
161745 states processed
solution: 0.0003191803 in 60 boxes.
naive: 0.0102500115 speedup:32.11354679
sumload:0.0104037854 overhead:1.015002315
64 96 96 128 64 128 cost 0.0003191803
96 128 128 160 64 192 cost 0.0003181108
0 64 96 128 96 480 cost 0.0003151582
0 64 96 128 0 96 cost 0.0003099218
0 64 64 96 96 256 cost 0.0003086348
64 96 0 64 0 256 cost 0.0003030627
64 96 96 128 288 728 cost 0.0003027945
96 128 96 128 32 96 cost 0.0002985883
64 96 96 128 0 64 cost 0.0002947682
96 128 160 194 0 128 cost 0.0002925048
64 96 96 128 128 192 cost 0.0002877886
64 96 64 96 256 728 cost 0.0002859073
96 128 0 96 0 192 cost 0.0002818134
64 96 64 96 96 192 cost 0.0002804789
0 64 0 64 64 160 cost 0.0002761028
64 96 128 160 0 96 cost 0.0002690903
64 96 128 160 96 288 cost 0.0002679226
0 64 64 96 0 64 cost 0.0002648855
0 64 0 64 0 64 cost 0.0002599035
96 128 128 160 0 64 cost 0.0002567807
96 128 96 128 96 192 cost 0.0002566384
64 96 64 96 32 64 cost 0.0002370931
64 96 96 128 192 288 cost 0.0002241968
128 148 96 128 0 192 cost 0.0002234256
0 64 64 96 64 96 cost 0.0002121913
0 64 128 194 96 320 cost 0.0001926342
64 96 64 96 64 96 cost 0.0001916243
96 128 128 160 192 384 cost 0.0001909182
96 128 96 128 192 288 cost 0.000186228
0 64 128 194 0 96 cost 0.0001675101
96 128 96 128 288 480 cost 0.0001593349
96 128 160 194 256 728 cost 0.000154261
64 96 160 194 0 160 cost 0.0001460955
96 128 96 128 480 728 cost 0.0001381149
64 96 64 96 192 256 cost 0.000126829
64 96 128 160 288 728 cost 0.0001264521
0 64 64 96 256 480 cost 0.0001250437
96 128 160 194 128 256 cost 0.000118689
96 128 0 96 192 320 cost 0.0001159845
128 148 96 128 192 448 cost 0.0001147737
128 148 0 96 96 448 cost 0.0001126725
96 128 128 160 384 728 cost 0.0001116054
0 64 0 64 256 728 cost 0.0001115559
96 128 0 96 320 728 cost 9.85224e-05
0 64 0 64 160 256 cost 9.67507e-05
64 96 64 96 0 32 cost 9.32351e-05
96 128 96 128 0 32 cost 9.22107e-05
64 96 160 194 160 728 cost 8.04375e-05
64 96 0 64 256 728 cost 7.52658e-05
128 148 0 96 0 96 cost 7.31736e-05
0 64 64 96 480 728 cost 6.94185e-05
0 64 96 128 480 728 cost 4.84682e-05
128 148 128 194 0 728 cost 3.44322e-05
0 64 128 194 320 448 cost 3.12141e-05
128 148 96 128 448 728 cost 2.75634e-05
0 64 128 194 544 728 cost 1.69154e-05
128 148 0 96 448 728 cost 1.64997e-05
0 64 128 194 512 544 cost 4.5381e-06
0 64 128 194 448 480 cost 4.113e-06
0 64 128 194 480 512 cost 3.7569e-06
partitioning time: 351.943395 seconds
