hostname : cph-gpu1.uncc.edu
bounding: [-130;-65]x[20;50]x[5875;5958]
read 588189 observations
res: 0.1 0.1 1 bw: 5 5 14
box size: 651 x 301 x 84
nbparts: 32
mem: 0.01106071472 GB (this is an order of magnitude)
149323 states processed
solution: 17.39671798 in 32 boxes.
naive: 430.2508241 speedup:24.7317238
sumload:430.8441409 overhead:1.001379002
352 448 224 301 0 84 cost 17.39671798
160 352 128 160 0 84 cost 17.27980738
352 448 160 192 0 84 cost 17.19550219
160 352 96 128 0 84 cost 17.02478062
544 651 192 224 0 84 cost 16.64115144
448 480 128 192 0 84 cost 16.32180889
352 448 128 160 0 84 cost 16.25046962
64 160 192 301 0 84 cost 15.87581489
352 448 192 224 0 84 cost 15.42421692
160 352 0 96 0 84 cost 15.41518339
480 512 192 301 0 84 cost 15.307306
64 160 128 160 0 84 cost 15.23914191
448 480 0 128 0 84 cost 14.97049258
64 160 160 192 0 84 cost 14.94739262
544 651 160 192 0 84 cost 14.90704253
448 480 192 301 0 84 cost 14.68742785
544 651 224 256 0 84 cost 14.44532074
352 448 96 128 0 84 cost 14.16292378
64 160 0 128 0 84 cost 13.82319003
352 448 0 96 0 84 cost 13.57183628
512 544 0 160 0 84 cost 13.53090522
160 352 192 301 0 84 cost 13.43961449
160 352 160 192 0 84 cost 13.12736626
480 512 0 128 0 84 cost 13.04252915
0 64 0 301 0 84 cost 10.97030545
512 544 160 192 0 84 cost 10.74814702
480 512 160 192 0 84 cost 10.14755908
512 544 192 224 0 84 cost 10.08514927
512 544 224 301 0 84 cost 8.780337493
480 512 128 160 0 84 cost 7.358622297
544 651 0 160 0 84 cost 5.1815359
544 651 256 301 0 84 cost 3.54454165
partitioning time: 2277.178423 seconds
