hostname : cph-bm1.uncc.edu
bounding: [1053872.965;1068485.726]x[860186.8419;879395.9741]x[3;730]
read 11056 observations
res: 50 50 1 bw: 2500 2500 1
box size: 294 x 386 x 728
nbparts: 16
mem: 0.1379985809 GB (this is an order of magnitude)
46943 states processed
solution: 0.17016841 in 16 boxes.
naive: 2.038316503 speedup:11.97823088
sumload:2.039843267 overhead:1.000749032
0 96 0 192 0 728 cost 0.17016841
96 128 0 192 0 728 cost 0.1643257629
160 294 160 192 0 728 cost 0.1566554209
160 294 256 288 0 728 cost 0.1501798422
160 294 0 160 0 728 cost 0.1483195736
160 294 192 224 0 256 cost 0.1421775516
96 128 192 386 0 728 cost 0.1370668992
160 294 320 386 0 728 cost 0.1338281452
128 160 224 386 0 728 cost 0.1318008978
160 294 224 256 0 256 cost 0.1313391889
0 96 192 386 0 728 cost 0.122581129
128 160 160 224 0 728 cost 0.1221132833
160 294 288 320 0 728 cost 0.113361813
128 160 0 160 0 728 cost 0.1101994118
160 294 192 224 256 728 cost 0.0555105425
160 294 224 256 256 728 cost 0.0502153953
partitioning time: 14.910749 seconds
