hostname : cph-gpu1.uncc.edu
bounding: [1053872.965;1068485.726]x[860186.8419;879395.9741]x[3;730]
read 11056 observations
res: 50 50 1 bw: 100 100 1
box size: 294 x 386 x 728
nbparts: 32
mem: 0.001430511475 GB (this is an order of magnitude)
3319 states processed
solution: 0.000654049 in 28 boxes.
naive: 0.0053159259 speedup:8.127718107
sumload:0.0054267975 overhead:1.020856498
0 256 0 256 32 64 cost 0.000654049
0 256 0 256 320 728 cost 0.0006126088
0 256 0 256 192 320 cost 0.0006054464
0 256 0 256 128 192 cost 0.0005675326
0 256 0 256 64 96 cost 0.0005633651
0 256 256 386 64 192 cost 0.0005281652
0 256 256 386 192 728 cost 0.000493412
0 256 256 386 0 64 cost 0.0004170458
0 256 0 256 96 128 cost 0.0003734607
0 256 0 256 0 32 cost 0.0002982533
256 294 0 256 64 96 cost 4.55943e-05
256 294 0 256 128 192 cost 4.27809e-05
256 294 0 256 32 64 cost 4.27463e-05
256 294 0 256 256 352 cost 4.27371e-05
256 294 0 256 352 728 cost 4.03059e-05
256 294 0 256 96 128 cost 3.64188e-05
256 294 0 256 192 256 cost 3.33609e-05
256 294 0 256 0 32 cost 1.55131e-05
256 294 256 386 32 64 cost 1.7694e-06
256 294 256 386 96 128 cost 1.6112e-06
256 294 256 386 64 96 cost 1.5937e-06
256 294 256 386 320 448 cost 1.5516e-06
256 294 256 386 448 728 cost 1.4904e-06
256 294 256 386 128 160 cost 1.4745e-06
256 294 256 386 160 224 cost 1.3974e-06
256 294 256 386 256 320 cost 1.3273e-06
256 294 256 386 224 256 cost 1.3049e-06
256 294 256 386 0 32 cost 4.809e-07
partitioning time: 1.738707 seconds
