hostname : cph-c35.uncc.edu
bounding: [-130;-65]x[20;50]x[5875;5958]
read 588189 observations
res: 0.1 0.1 1 bw: 5 5 14
box size: 651 x 301 x 84
nbparts: 32
max states: 123040
mem: 0.01100063324 GB (this is an order of magnitude)
74594 states processed
solution: 40.04725975 in 14 boxes.
naive: 430.2508241 speedup:10.74357713
sumload:430.4810919 overhead:1.000535194
320 384 0 192 0 84 cost 40.04725975
384 448 64 192 0 84 cost 38.07157265
448 651 0 128 0 84 cost 37.42221043
320 448 192 301 0 84 cost 37.19124363
512 576 192 301 0 84 cost 36.76329864
512 651 128 192 0 84 cost 34.87968278
128 256 0 192 0 84 cost 34.66111856
448 512 128 192 0 84 cost 33.77601365
0 128 0 192 0 84 cost 32.14279529
448 512 192 301 0 84 cost 29.97685356
256 320 0 301 0 84 cost 28.59142523
0 256 192 301 0 84 cost 27.6909679
576 651 192 301 0 84 cost 16.67842229
384 448 0 64 0 84 cost 2.588227549
partitioning time: 614.889140 seconds
