hostname : cph-gpu1.uncc.edu
bounding: [1053872.965;1068485.726]x[860186.8419;879395.9741]x[3;730]
read 11056 observations
res: 50 50 1 bw: 100 100 1
box size: 294 x 386 x 728
nbparts: 16
max load allowed: 0.0006644907375
max states: 8000
mem: 0.0007152557373 GB (this is an order of magnitude)
1892 states processed
solution: 0.0006557734 in 16 boxes.
naive: 0.0053159259 speedup:8.106345729
sumload:0.0054117975 overhead:1.018034789
0 256 0 256 288 672 cost 0.0006557734
0 256 0 256 32 64 cost 0.000654049
0 256 256 386 96 384 cost 0.0006377742
0 256 256 386 0 96 cost 0.0006031239
0 256 0 256 128 192 cost 0.0005675326
0 256 0 256 64 96 cost 0.0005633651
0 256 0 256 192 288 cost 0.000507752
0 256 0 256 96 128 cost 0.0003734607
0 256 0 256 0 32 cost 0.0002982533
0 256 256 386 384 728 cost 0.0001892649
256 294 0 256 0 192 cost 0.0001783734
256 294 0 256 192 448 cost 9.2553e-05
0 256 0 256 672 728 cost 5.38098e-05
256 294 0 256 448 728 cost 2.31309e-05
256 294 256 386 0 224 cost 8.0871e-06
256 294 256 386 224 728 cost 5.4942e-06
partitioning time: 4.570584 seconds
