hostname : cph-c78.uncc.edu
bounding: [-130;-65]x[20;50]x[5875;5958]
read 588189 observations
res: 0.1 0.1 1 bw: 5 5 14
box size: 651 x 301 x 84
nbparts: 256
solution: 7.417821655 in 260 boxes.
naive: 430.2508241 speedup:58.00231445
sumload:587.3732443 overhead:1.365187959
488 569 187 225 42 52 cost 7.417821655
325 488 225 301 63 84 cost 7.379775349
162 325 150 225 21 42 cost 7.229130751
488 569 150 187 52 63 cost 7.14824185
488 569 150 187 42 52 cost 7.122892854
0 162 75 150 63 84 cost 7.072240673
488 651 75 150 21 42 cost 6.950721402
488 569 187 225 31 42 cost 6.681139183
406 488 150 187 52 63 cost 6.476772016
406 488 150 187 42 52 cost 6.420652136
488 569 150 187 31 42 cost 6.342022423
0 162 225 301 42 63 cost 6.192341112
325 488 0 75 21 42 cost 5.94184062
406 488 187 225 52 63 cost 5.837984771
488 569 187 225 63 73 cost 5.811355085
406 488 187 225 42 52 cost 5.785250604
406 488 150 187 31 42 cost 5.697802062
488 569 150 187 63 73 cost 5.451652141
406 488 112 150 52 63 cost 5.346241055
406 488 112 150 42 52 cost 5.340800773
406 488 187 225 31 42 cost 5.209932796
488 651 75 150 63 84 cost 4.904667387
162 325 75 150 63 84 cost 4.832904518
81 162 150 187 52 63 cost 4.828464492
488 569 225 263 52 63 cost 4.756079695
488 569 225 263 42 52 cost 4.73332802
406 488 112 150 31 42 cost 4.679955664
406 488 150 187 63 73 cost 4.673153521
325 406 112 150 42 52 cost 4.600911996
325 406 112 150 31 42 cost 4.538878231
81 162 150 187 42 52 cost 4.53702365
81 162 112 150 52 63 cost 4.453768212
0 162 225 301 63 84 cost 4.410406582
406 488 187 225 63 73 cost 4.389154197
488 569 187 225 21 31 cost 4.367188215
488 569 225 263 31 42 cost 4.301234205
162 325 150 225 63 84 cost 4.295408976
488 651 225 301 0 21 cost 4.275561298
81 162 112 150 42 52 cost 4.213772114
0 162 150 225 0 21 cost 4.115307085
325 406 112 150 52 63 cost 4.084310118
488 569 150 187 21 31 cost 4.07110698
406 488 75 112 42 52 cost 4.043970966
325 488 225 301 0 21 cost 3.966602319
406 488 75 112 52 63 cost 3.939989736
162 325 75 150 0 21 cost 3.884591461
406 488 225 263 52 63 cost 3.804325848
488 569 225 263 63 73 cost 3.772771536
406 488 225 263 42 52 cost 3.757065202
325 406 75 112 42 52 cost 3.672555785
488 569 187 225 73 84 cost 3.669730849
325 406 75 112 31 42 cost 3.661878931
406 488 112 150 63 73 cost 3.619356934
0 162 225 301 21 42 cost 3.615260857
81 162 150 187 31 42 cost 3.598577036
406 488 150 187 21 31 cost 3.572616472
406 488 75 112 31 42 cost 3.566250068
488 651 0 75 42 63 cost 3.5317976
406 488 187 225 21 31 cost 3.42308398
406 488 225 263 31 42 cost 3.405866067
325 406 150 187 42 52 cost 3.39315534
81 162 112 150 31 42 cost 3.350035817
488 569 150 187 73 84 cost 3.346058278
81 162 150 187 63 73 cost 3.331111281
488 569 112 150 42 52 cost 3.329910798
488 569 112 150 52 63 cost 3.299420216
325 406 150 187 31 42 cost 3.287265654
0 162 75 150 0 21 cost 3.223913006
325 488 0 75 63 84 cost 3.217414904
325 406 75 112 52 63 cost 3.21327158
325 406 150 187 52 63 cost 3.067576304
488 569 187 225 10 21 cost 3.002587028
569 651 187 225 52 63 cost 2.901954613
243 325 112 150 31 42 cost 2.85699133
569 651 187 225 42 52 cost 2.83652281
325 406 112 150 21 31 cost 2.832711537
488 569 225 263 21 31 cost 2.830772438
325 406 187 225 42 52 cost 2.783090835
406 488 112 150 21 31 cost 2.764787031
243 325 112 150 42 52 cost 2.758892567
406 488 150 187 73 84 cost 2.752673308
488 569 150 187 10 21 cost 2.752643266
488 651 0 75 21 42 cost 2.67398388
406 488 187 225 73 84 cost 2.666531515
325 406 187 225 52 63 cost 2.647570068
325 406 187 225 31 42 cost 2.606960723
162 325 150 225 0 21 cost 2.585561514
569 651 187 225 31 42 cost 2.549235964
243 325 75 112 31 42 cost 2.500886951
406 488 75 112 63 73 cost 2.481802284
569 651 225 263 52 63 cost 2.450984734
488 569 225 263 73 84 cost 2.448397909
325 406 112 150 63 73 cost 2.416041654
406 488 150 187 10 21 cost 2.413997037
243 325 75 112 42 52 cost 2.406566101
406 488 187 225 10 21 cost 2.39459114
569 651 225 263 42 52 cost 2.3897789
488 651 75 150 0 21 cost 2.364209776
569 651 187 225 63 73 cost 2.336030428
488 569 75 112 42 52 cost 2.289985579
243 325 112 150 52 63 cost 2.280452762
406 488 225 263 21 31 cost 2.279302124
325 406 75 112 21 31 cost 2.268442086
406 488 37 75 42 52 cost 2.201730783
81 162 75 112 52 63 cost 2.199051663
488 569 75 112 52 63 cost 2.165356151
569 651 225 263 31 42 cost 2.158183536
81 162 187 225 52 63 cost 2.120360874
81 162 75 112 42 52 cost 2.089613472
162 325 0 75 42 63 cost 2.080109836
325 406 150 187 21 31 cost 2.073951496
406 488 37 75 52 63 cost 2.056555578
81 162 150 187 21 31 cost 2.032651463
406 488 112 150 73 84 cost 2.032334418
406 488 75 112 21 31 cost 2.031659457
569 651 225 263 63 73 cost 1.978458188
569 651 150 187 52 63 cost 1.973399229
243 325 75 112 52 63 cost 1.966284158
162 325 225 301 42 63 cost 1.954731181
81 162 187 225 42 52 cost 1.945662007
569 651 150 187 42 52 cost 1.932109989
325 406 150 187 63 73 cost 1.915361207
325 406 225 263 42 52 cost 1.912903555
162 325 0 75 21 42 cost 1.89329006
243 325 150 187 42 52 cost 1.889063214
81 162 112 150 21 31 cost 1.88621123
162 243 150 187 42 52 cost 1.87455597
325 406 225 263 52 63 cost 1.853194155
325 488 0 75 0 21 cost 1.839567769
325 406 75 112 63 73 cost 1.835095686
243 325 112 150 21 31 cost 1.821202463
325 406 187 225 63 73 cost 1.810399095
325 406 225 263 31 42 cost 1.787381515
162 243 150 187 52 63 cost 1.751375028
325 406 37 75 42 52 cost 1.743160891
406 488 112 150 10 21 cost 1.741338825
569 651 150 187 31 42 cost 1.722558578
325 406 112 150 10 21 cost 1.714437014
162 243 112 150 42 52 cost 1.685147051
81 162 150 187 73 84 cost 1.670020531
81 162 75 112 31 42 cost 1.659236869
325 406 187 225 21 31 cost 1.652401191
569 651 187 225 21 31 cost 1.639258787
243 325 150 187 52 63 cost 1.635859702
162 243 112 150 31 42 cost 1.613170205
569 651 150 187 63 73 cost 1.597645816
0 162 225 301 0 21 cost 1.57316965
243 325 75 112 21 31 cost 1.571597132
488 569 187 225 0 10 cost 1.568556162
569 651 187 225 73 84 cost 1.556793081
325 406 37 75 52 63 cost 1.541379761
81 162 187 225 31 42 cost 1.540804541
81 162 187 225 63 73 cost 1.517259576
162 243 112 150 52 63 cost 1.492746832
488 651 0 75 63 84 cost 1.478522854
0 81 150 187 52 63 cost 1.46742585
325 406 112 150 73 84 cost 1.435264112
488 569 150 187 0 10 cost 1.418872526
162 325 225 301 21 42 cost 1.405676393
569 651 225 263 21 31 cost 1.388283866
0 81 187 225 52 63 cost 1.373824126
325 406 75 112 10 21 cost 1.346068754
569 651 225 263 73 84 cost 1.331809526
0 81 150 187 42 52 cost 1.321982309
406 488 75 112 73 84 cost 1.319257369
488 528 187 206 57 63 cost 1.302552776
325 406 150 187 10 21 cost 1.291722067
528 569 187 206 57 63 cost 1.289880696
488 528 187 206 52 57 cost 1.264816102
406 488 187 225 0 10 cost 1.251871312
528 569 187 206 52 57 cost 1.251446854
406 488 150 187 0 10 cost 1.24563058
0 81 187 225 42 52 cost 1.223472769
528 569 206 225 57 63 cost 1.195575173
406 488 75 112 10 21 cost 1.194295351
162 325 225 301 63 84 cost 1.178679849
325 406 225 263 21 31 cost 1.164046968
528 569 206 225 52 57 cost 1.157172496
569 651 187 225 10 21 cost 1.122780558
325 406 150 187 73 84 cost 1.119768624
569 651 150 187 21 31 cost 1.107254514
488 528 206 225 57 63 cost 1.102126582
325 406 75 112 73 84 cost 1.096235313
325 406 187 225 10 21 cost 1.081476697
325 406 187 225 73 84 cost 1.076020651
0 81 150 187 63 73 cost 1.073719955
488 528 206 225 52 57 cost 1.065498377
569 651 150 187 73 84 cost 1.057203113
0 81 112 150 52 63 cost 1.057069703
162 243 75 112 42 52 cost 1.04023541
162 243 112 150 21 31 cost 1.029966373
0 81 150 187 31 42 cost 1.02867088
0 81 187 225 63 73 cost 1.026416634
162 243 75 112 31 42 cost 1.013801563
243 325 187 225 42 52 cost 1.003574474
0 81 187 225 31 42 cost 0.9545249551
0 81 112 150 42 52 cost 0.9528632862
243 325 187 225 52 63 cost 0.9449791378
81 162 75 112 21 31 cost 0.9243179551
162 243 75 112 52 63 cost 0.9015107547
325 406 112 150 0 10 cost 0.8967190638
81 162 187 225 21 31 cost 0.8902131128
406 488 112 150 0 10 cost 0.870335134
162 243 187 225 52 63 cost 0.8263348143
406 488 263 301 52 63 cost 0.8190648265
81 162 187 225 73 84 cost 0.7987970434
406 488 263 301 42 52 cost 0.7944121781
162 243 187 225 42 52 cost 0.7887972073
488 651 0 75 0 21 cost 0.7624027905
569 651 150 187 10 21 cost 0.7511374314
0 81 112 150 31 42 cost 0.7345748444
406 488 263 301 31 42 cost 0.7140820641
162 325 0 75 63 84 cost 0.7073305255
325 406 75 112 0 10 cost 0.7053479128
325 406 263 301 42 52 cost 0.6999724844
325 406 263 301 52 63 cost 0.6918446483
325 406 150 187 0 10 cost 0.6697955204
162 243 75 112 21 31 cost 0.6537157491
325 406 263 301 31 42 cost 0.6521044792
406 488 0 37 42 52 cost 0.6409137724
569 651 187 225 0 10 cost 0.6054134241
0 81 150 187 21 31 cost 0.6046119382
162 325 0 75 0 21 cost 0.5915960166
406 488 0 37 52 63 cost 0.582974158
406 488 75 112 0 10 cost 0.5767747735
0 81 187 225 21 31 cost 0.5726090755
325 406 187 225 0 10 cost 0.570911794
0 81 150 187 73 84 cost 0.5685154452
0 81 187 225 73 84 cost 0.56245539
162 325 225 301 0 21 cost 0.5272538952
406 488 263 301 21 31 cost 0.4922155558
488 569 263 301 52 63 cost 0.4586796034
488 569 263 301 42 52 cost 0.4577001616
325 406 263 301 21 31 cost 0.4345273761
0 81 112 150 21 31 cost 0.4253916441
488 569 263 301 31 42 cost 0.4185463676
569 651 150 187 0 10 cost 0.401672954
488 569 263 301 63 73 cost 0.3542250233
569 651 263 301 52 63 cost 0.3400384776
569 651 263 301 42 52 cost 0.3361345886
569 651 263 301 31 42 cost 0.3091287338
488 569 263 301 21 31 cost 0.2802926371
0 81 75 112 52 63 cost 0.2658674928
569 651 263 301 63 73 cost 0.2601483626
0 81 75 112 42 52 cost 0.2425921135
488 569 263 301 73 84 cost 0.2270137636
569 651 263 301 21 31 cost 0.1992531297
0 81 75 112 31 42 cost 0.1837994374
569 651 263 301 73 84 cost 0.1704670917
569 651 112 150 52 63 cost 0.1554320368
569 651 112 150 42 52 cost 0.1551936452
325 406 0 37 42 52 cost 0.1402001216
325 406 0 37 52 63 cost 0.1142927999
0 81 75 112 21 31 cost 0.1001637141
0 162 0 75 42 63 cost 0.0080894611
0 162 0 75 21 42 cost 0.0066207771
569 651 75 112 52 63 cost 0.0061860374
569 651 75 112 42 52 cost 0.0061336239
0 162 0 75 63 84 cost 0.0036397967
0 162 0 75 0 21 cost 0.0025122181
partitioning time: 37.643239 seconds
