hostname : cph-c35.uncc.edu
bounding: [-130;-65]x[20;50]x[5875;5958]
read 588189 observations
res: 0.1 0.1 1 bw: 5 5 14
box size: 651 x 301 x 84
nbparts: 64
max states: 15360
mem: 0.001373291016 GB (this is an order of magnitude)
47225 states processed
solution: 34.04844684 in 23 boxes.
naive: 430.2508241 speedup:12.63643026
sumload:430.5680586 overhead:1.000737324
512 576 192 256 0 84 cost 34.04844684
448 512 128 192 0 84 cost 33.77601365
448 512 192 301 0 84 cost 29.97685356
320 384 128 301 0 84 cost 29.39845723
128 192 64 301 0 84 cost 29.29519338
64 128 64 192 0 84 cost 28.01338496
512 576 128 192 0 84 cost 27.67323377
448 651 64 128 0 84 cost 27.23910076
256 320 64 301 0 84 cost 26.26739358
384 448 192 301 0 84 cost 25.4452736
384 448 128 192 0 84 cost 23.89636612
320 384 64 128 0 84 cost 18.99261915
64 651 0 64 0 84 cost 18.6773195
576 640 192 256 0 84 cost 14.55666767
384 448 64 128 0 84 cost 14.19400534
64 128 192 301 0 84 cost 13.30851378
192 256 64 301 0 84 cost 12.75655845
0 64 0 301 0 84 cost 10.97030545
576 651 128 192 0 84 cost 7.222399121
512 576 256 301 0 84 cost 2.727893836
576 640 256 301 0 84 cost 2.00586496
640 651 192 256 0 84 cost 0.0856864958
640 651 256 301 0 84 cost 0.0405073946
partitioning time: 394.647346 seconds
