hostname : cph-gpu2.uncc.edu
bounding: [1053872.965;1068485.726]x[860186.8419;879395.9741]x[3;730]
read 11056 observations
res: 50 50 1 bw: 2500 2500 1
box size: 294 x 386 x 728
nbparts: 16
max states: 8000
mem: 0.0007152557373 GB (this is an order of magnitude)
9481 states processed
solution: 0.2574327378 in 16 boxes.
naive: 2.038316503 speedup:7.917860487
sumload:2.096201682 overhead:1.028398523
0 256 0 256 32 64 cost 0.2574327378
0 256 0 256 64 96 cost 0.2186236274
0 294 0 386 0 32 cost 0.1735280283
0 294 0 256 96 128 cost 0.1552788096
0 294 0 256 192 256 cost 0.15481318
0 294 0 386 512 728 cost 0.1543331816
0 294 0 386 352 512 cost 0.1452053772
0 294 0 386 160 192 cost 0.1423261001
0 294 0 256 256 352 cost 0.1368934591
0 294 0 256 128 160 cost 0.1320207381
0 294 256 386 192 352 cost 0.1122559502
0 294 256 386 96 160 cost 0.1004883576
0 256 256 386 32 64 cost 0.0994260482
0 256 256 386 64 96 cost 0.0726467869
256 294 0 386 32 64 cost 0.0225871212
256 294 0 386 64 96 cost 0.0183421782
partitioning time: 1.333776 seconds
