hostname : cph-c3.uncc.edu
bounding: [1053872.965;1068485.726]x[860186.8419;879395.9741]x[3;730]
read 11056 observations
res: 50 50 1 bw: 2500 2500 14
box size: 294 x 386 x 728
nbparts: 64
max load allowed: 0.2583758484
max states: 21563328
mem: 1.927911758 GB (this is an order of magnitude)
185559 states processed
solution: 0.2576729896 in 46 boxes.
naive: 8.268027147 speedup:32.08728691
sumload:8.462048281 overhead:1.023466436
192 256 320 386 0 320 cost 0.2576729896
192 256 128 192 0 160 cost 0.254135272
192 256 192 256 64 160 cost 0.2521460312
64 128 64 128 0 128 cost 0.2516193167
192 256 192 256 160 352 cost 0.251534087
192 256 128 192 160 728 cost 0.2500642068
64 128 256 320 0 480 cost 0.2497642846
192 256 256 320 96 320 cost 0.2491040049
192 256 256 320 0 96 cost 0.2461782666
64 128 192 256 0 96 cost 0.2414266422
128 192 64 128 0 192 cost 0.2402804441
128 192 192 256 64 128 cost 0.239364188
128 192 256 320 96 288 cost 0.238370586
128 192 192 256 0 64 cost 0.2374324539
0 64 0 192 0 728 cost 0.2339417591
128 192 256 320 0 96 cost 0.2331607139
64 128 128 192 128 480 cost 0.2312554111
128 192 128 192 0 64 cost 0.2310639012
64 128 192 256 96 288 cost 0.2302685604
128 192 128 192 128 256 cost 0.2276999477
256 294 256 386 0 728 cost 0.2257038192
128 192 128 192 64 128 cost 0.2244543662
128 192 192 256 192 352 cost 0.2195903352
64 128 128 192 64 128 cost 0.2139047733
128 192 320 386 0 728 cost 0.2133518873
256 294 192 256 0 728 cost 0.2112780475
128 192 128 192 256 728 cost 0.2089000031
64 128 128 192 0 64 cost 0.1974387213
0 64 192 386 0 728 cost 0.1875555173
192 256 192 256 0 64 cost 0.1851688286
128 192 192 256 128 192 cost 0.1795793672
128 192 192 256 352 728 cost 0.1568829803
64 128 64 128 128 728 cost 0.1564099277
192 256 192 256 352 728 cost 0.1440197894
128 192 256 320 288 728 cost 0.1184539067
256 294 0 192 0 728 cost 0.1173760952
192 256 256 320 320 728 cost 0.1087285646
64 128 192 256 288 728 cost 0.1051756826
128 192 64 128 192 728 cost 0.0934229262
192 256 0 128 0 728 cost 0.0804411669
192 256 320 386 320 728 cost 0.0639658014
64 128 0 64 0 728 cost 0.0584085553
64 128 128 192 480 728 cost 0.0484991583
128 192 0 64 0 728 cost 0.0435235075
64 128 320 386 0 728 cost 0.0328484074
64 128 256 320 480 728 cost 0.0204830778
partitioning time: 452.874403 seconds
