hostname : cph-c37.uncc.edu
bounding: [1053872.965;1068485.726]x[860186.8419;879395.9741]x[3;730]
read 11056 observations
res: 50 50 1 bw: 2500 2500 1
box size: 294 x 386 x 728
nbparts: 64
max states: 5390784
mem: 0.4819736481 GB (this is an order of magnitude)
1414952 states processed
solution: 0.0635284696 in 48 boxes.
naive: 2.038316503 speedup:32.08508745
sumload:2.056403515 overhead:1.008873505
192 294 128 192 192 728 cost 0.0635284696
64 128 256 320 0 448 cost 0.0608767052
64 128 192 256 64 192 cost 0.0595698824
128 192 64 128 0 192 cost 0.0595070972
192 256 320 386 0 256 cost 0.0582642337
128 192 192 256 192 384 cost 0.0574108325
128 192 256 320 64 192 cost 0.0569866439
128 192 192 256 0 64 cost 0.0569146514
192 256 192 256 256 728 cost 0.0566390366
128 192 192 256 64 128 cost 0.0563868492
128 192 128 192 0 64 cost 0.0557310723
192 256 192 256 128 256 cost 0.0557092705
192 256 256 320 64 192 cost 0.0552798138
256 294 256 386 0 704 cost 0.0552662984
0 64 64 192 0 728 cost 0.0552009112
128 192 128 192 128 256 cost 0.0549170965
128 192 128 192 64 128 cost 0.0524138103
64 192 320 386 0 384 cost 0.0522072295
192 256 128 192 0 128 cost 0.0521827558
256 294 192 256 0 704 cost 0.051750932
192 256 256 320 192 728 cost 0.0515791672
64 128 128 192 64 128 cost 0.0507505172
64 128 64 128 64 256 cost 0.0505701748
128 192 128 192 256 728 cost 0.0505544202
128 192 256 320 192 728 cost 0.0495904221
64 128 64 192 256 728 cost 0.0480472513
64 128 128 192 0 64 cost 0.0473612223
0 64 192 386 0 728 cost 0.0460973584
192 256 192 256 0 64 cost 0.0445802231
64 128 192 256 192 728 cost 0.0445125059
192 256 192 256 64 128 cost 0.0435105851
128 192 192 256 128 192 cost 0.0433881954
192 256 256 320 0 64 cost 0.0407827946
128 192 256 320 0 64 cost 0.0376177866
64 128 192 256 0 64 cost 0.0361717197
64 128 128 192 128 256 cost 0.0357807008
64 128 64 128 0 64 cost 0.0333864409
128 192 192 256 384 728 cost 0.0332108652
0 294 0 64 0 728 cost 0.0282640027
128 192 64 128 192 704 cost 0.0219009026
64 256 320 386 384 728 cost 0.0213800559
192 294 64 128 0 704 cost 0.0199640995
192 256 128 192 128 192 cost 0.0196119458
256 294 128 192 0 192 cost 0.0155432146
192 256 320 386 256 384 cost 0.0082855714
64 128 256 320 448 728 cost 0.0056061623
128 294 64 128 704 728 cost 0.0010272186
256 294 192 386 704 728 cost 0.0005843989
partitioning time: 309.737454 seconds
