hostname : cph-c54.uncc.edu
bounding: [1053872.965;1068485.726]x[860186.8419;879395.9741]x[3;730]
read 11056 observations
res: 50 50 1 bw: 100 100 1
box size: 294 x 386 x 728
nbparts: 64
max load allowed: 0.0002491840266
max states: 395135104
mem: 35.32783127 GB (this is an order of magnitude)
2553882 states processed
solution: 0.000246596 in 53 boxes.
naive: 0.0053159259 speedup:21.5572268
sumload:0.0053448458 overhead:1.005440238
96 160 64 128 0 224 cost 0.000246596
96 160 256 386 0 320 cost 0.0002460583
160 224 192 224 32 256 cost 0.0002443388
96 160 160 192 0 256 cost 0.0002393826
224 294 224 288 0 288 cost 0.0002312304
0 96 0 160 0 192 cost 0.0002255238
96 160 224 256 0 256 cost 0.0002250678
160 224 224 288 96 288 cost 0.0002209724
160 224 224 288 0 96 cost 0.0002134441
224 294 0 224 0 192 cost 0.0002105673
160 224 160 192 0 192 cost 0.0002071293
160 224 320 386 0 320 cost 0.0001844352
96 160 192 224 0 224 cost 0.0001844049
0 96 160 224 0 160 cost 0.0001812297
96 160 128 160 0 192 cost 0.0001788795
224 294 288 386 0 224 cost 0.0001678677
160 224 0 160 0 192 cost 0.0001636551
160 224 288 320 0 224 cost 0.0001593522
224 294 0 224 192 448 cost 0.0001251075
160 224 160 192 192 480 cost 9.7302e-05
160 224 192 224 256 512 cost 8.55535e-05
160 224 0 160 192 728 cost 8.53476e-05
96 160 192 224 224 728 cost 7.05207e-05
0 96 224 386 0 96 cost 6.528e-05
96 160 64 128 224 728 cost 6.35689e-05
96 160 224 256 256 728 cost 6.29817e-05
96 160 160 192 320 728 cost 6.13773e-05
0 96 0 160 192 608 cost 6.12198e-05
96 160 128 160 192 576 cost 5.94522e-05
160 224 224 288 416 728 cost 5.82867e-05
96 160 256 386 320 728 cost 5.74392e-05
0 96 224 386 96 288 cost 5.73678e-05
160 224 288 320 224 728 cost 5.67922e-05
224 294 224 288 320 728 cost 5.63391e-05
160 224 224 288 288 416 cost 5.55954e-05
0 96 160 224 160 512 cost 5.44824e-05
160 224 192 224 512 728 cost 4.66761e-05
160 224 320 386 320 728 cost 4.54158e-05
224 294 288 386 352 728 cost 4.52094e-05
224 294 288 386 224 352 cost 4.27413e-05
224 294 0 224 448 728 cost 3.63435e-05
160 224 160 192 480 728 cost 3.46908e-05
96 160 160 192 256 320 cost 2.43582e-05
160 224 192 224 0 32 cost 2.41977e-05
96 160 0 64 0 728 cost 2.01048e-05
0 96 224 386 288 728 cost 2.00754e-05
0 96 160 224 512 728 cost 1.44453e-05
224 294 224 288 288 320 cost 1.27371e-05
0 96 0 160 672 728 cost 3.6771e-06
0 96 0 160 608 672 cost 3.4911e-06
96 160 128 160 672 728 cost 3.3981e-06
96 160 128 160 576 608 cost 1.5834e-06
96 160 128 160 608 672 cost 1.5516e-06
partitioning time: 6112.717361 seconds
