hostname : cph-gpu4.uncc.edu
bounding: [1053872.965;1068485.726]x[860186.8419;879395.9741]x[3;730]
read 11056 observations
res: 50 50 1 bw: 2500 2500 14
box size: 294 x 386 x 728
nbparts: 16
mem: 0.1379985809 GB (this is an order of magnitude)
46947 states processed
solution: 0.6917245562 in 16 boxes.
naive: 8.268027147 speedup:11.95277379
sumload:8.286679969 overhead:1.002256018
0 96 0 192 0 728 cost 0.6917245562
96 128 0 192 0 728 cost 0.6672463252
160 294 160 192 0 728 cost 0.6362293936
160 294 256 288 0 728 cost 0.6090458584
160 294 0 160 0 728 cost 0.6012869562
160 294 192 224 0 256 cost 0.5780167475
96 128 192 386 0 728 cost 0.5563725868
160 294 320 386 0 728 cost 0.541535083
128 160 224 386 0 728 cost 0.5347257116
160 294 224 256 0 256 cost 0.5332120499
0 96 192 386 0 728 cost 0.4981361069
128 160 160 224 0 728 cost 0.4959693814
160 294 288 320 0 728 cost 0.459336742
128 160 0 160 0 728 cost 0.4470246921
160 294 192 224 256 728 cost 0.2292665
160 294 224 256 256 728 cost 0.2075512787
partitioning time: 10.737566 seconds
