hostname : cph-c8.uncc.edu
bounding: [1053872.965;1068485.726]x[860186.8419;879395.9741]x[3;730]
read 11056 observations
res: 50 50 1 bw: 100 100 1
box size: 294 x 386 x 728
nbparts: 64
max states: 98783744
mem: 8.831954956 GB (this is an order of magnitude)
17492762 states processed
solution: 0.0001650576 in 60 boxes.
naive: 0.0053159259 speedup:32.20648973
sumload:0.005351491 overhead:1.006690293
128 192 128 160 0 192 cost 0.0001650576
160 224 224 256 128 448 cost 0.0001637966
224 256 192 256 0 320 cost 0.0001637637
160 192 192 256 0 128 cost 0.0001628033
96 128 160 224 0 256 cost 0.000161301
160 224 256 288 0 384 cost 0.0001588185
160 256 128 192 192 448 cost 0.0001579659
128 294 256 386 384 704 cost 0.0001575834
192 224 192 256 0 128 cost 0.0001572153
96 128 64 128 0 256 cost 0.0001544469
192 224 288 352 0 192 cost 0.0001535827
128 256 64 128 0 256 cost 0.0001535715
160 224 192 224 128 320 cost 0.0001496103
192 256 128 192 0 192 cost 0.0001446057
96 160 256 320 64 320 cost 0.0001439606
0 96 64 128 0 192 cost 0.0001379748
160 192 288 386 0 384 cost 0.0001339665
128 160 192 224 0 256 cost 0.0001294809
128 160 160 192 0 192 cost 0.0001289771
128 160 224 256 0 256 cost 0.0001244778
224 294 288 352 0 192 cost 0.0001215632
0 96 160 192 0 384 cost 0.0001180413
0 96 256 320 0 320 cost 0.000116994
0 96 192 224 0 384 cost 0.0001141116
160 192 160 192 0 192 cost 0.0001134657
256 294 192 256 0 192 cost 0.000112365
96 128 128 160 0 256 cost 0.0001105626
224 294 256 288 0 320 cost 0.0001046676
0 128 224 256 0 192 cost 9.91299e-05
128 224 192 256 512 728 cost 9.88308e-05
192 294 352 386 0 384 cost 9.51553e-05
128 160 128 192 192 640 cost 9.50458e-05
0 128 64 160 256 728 cost 9.28662e-05
256 294 0 256 192 448 cost 9.2553e-05
192 294 288 352 192 384 cost 9.04468e-05
0 96 128 160 0 192 cost 8.88687e-05
256 294 0 192 0 192 cost 6.62628e-05
96 160 256 320 0 64 cost 5.85616e-05
128 160 192 256 256 512 cost 5.76777e-05
160 224 192 224 320 512 cost 5.59605e-05
0 128 160 224 384 728 cost 5.02125e-05
160 256 128 192 448 640 cost 4.84371e-05
0 160 320 386 0 384 cost 4.83037e-05
224 256 192 256 320 728 cost 4.81902e-05
0 128 224 256 192 728 cost 4.11342e-05
128 256 64 128 256 728 cost 3.73194e-05
0 96 64 160 192 256 cost 2.41563e-05
256 294 0 256 448 728 cost 2.31309e-05
96 128 160 224 256 384 cost 2.21052e-05
128 256 128 192 640 728 cost 2.0217e-05
0 160 256 320 320 384 cost 1.43817e-05
0 256 0 64 64 728 cost 1.33722e-05
32 128 256 386 384 512 cost 1.21446e-05
32 128 256 386 512 728 cost 1.1313e-05
224 294 256 288 320 384 cost 9.2778e-06
160 294 256 386 704 728 cost 8.0379e-06
0 256 0 64 0 64 cost 6.7326e-06
160 224 224 256 448 512 cost 4.0491e-06
128 160 256 386 704 728 cost 2.4045e-06
0 32 256 386 384 728 cost 4.809e-07
partitioning time: 4550.165441 seconds
