hostname : cph-c14.uncc.edu
bounding: [1053872.965;1068485.726]x[860186.8419;879395.9741]x[3;730]
read 11056 observations
res: 50 50 1 bw: 2500 2500 1
box size: 294 x 386 x 728
nbparts: 64
max states: 5390784
mem: 0.4819736481 GB (this is an order of magnitude)
575753 states processed
solution: 0.0569146514 in 64 boxes.
naive: 2.038316503 speedup:35.81356386
sumload:2.068718235 overhead:1.014915119
128 192 192 256 0 64 cost 0.0569146514
128 192 192 256 64 128 cost 0.0563868492
128 192 128 192 0 64 cost 0.0557310723
64 128 192 386 0 64 cost 0.0556626518
192 294 192 256 0 64 cost 0.0556094639
0 64 64 192 0 728 cost 0.0552009112
128 192 128 192 128 256 cost 0.0549170965
128 192 256 386 0 64 cost 0.0541818266
128 192 128 192 64 128 cost 0.0524138103
192 256 256 386 64 128 cost 0.051171647
128 294 64 128 64 256 cost 0.0508028745
64 128 128 192 64 128 cost 0.0507505172
64 128 128 192 128 384 cost 0.0505843543
64 128 64 128 64 256 cost 0.0505701748
128 192 128 192 256 728 cost 0.0505544202
192 294 256 320 0 64 cost 0.05036053
64 128 192 256 128 384 cost 0.0495699871
64 128 128 192 0 64 cost 0.0473612223
128 192 256 386 64 128 cost 0.0465401649
64 128 256 386 64 384 cost 0.0465045745
0 64 192 386 0 728 cost 0.0460973584
192 294 128 192 256 728 cost 0.0441019796
192 256 192 256 64 128 cost 0.0435105851
128 192 192 256 128 192 cost 0.0433881954
192 294 128 192 128 256 cost 0.043069908
64 128 128 386 384 728 cost 0.0425563913
192 294 256 386 128 192 cost 0.0402969742
192 294 192 256 128 192 cost 0.0402177063
64 128 192 256 64 128 cost 0.038783634
64 294 64 128 256 728 cost 0.0365340711
64 128 64 128 0 64 cost 0.0333864409
192 294 128 192 0 64 cost 0.0328465685
192 294 128 192 64 128 cost 0.0322537925
128 294 64 128 0 64 cost 0.0318400096
128 192 256 386 128 192 cost 0.0312013888
192 294 320 386 0 64 cost 0.0301273626
0 294 0 64 0 728 cost 0.0282640027
128 192 192 256 192 256 cost 0.0282026924
256 294 192 386 64 128 cost 0.0248505939
192 256 192 256 192 256 cost 0.0238974092
192 256 256 386 192 256 cost 0.0218637203
128 192 256 386 192 256 cost 0.0193403666
128 192 192 256 256 320 cost 0.0173321246
192 256 256 386 256 320 cost 0.0160899526
192 256 192 256 256 320 cost 0.0154765331
128 192 192 256 576 728 cost 0.0133940534
128 192 256 386 256 320 cost 0.0132976184
128 192 256 320 448 728 cost 0.0131332026
192 256 192 386 640 728 cost 0.0129620502
192 256 256 320 320 448 cost 0.0128704222
192 256 320 386 320 640 cost 0.0127099539
128 192 192 256 320 384 cost 0.0124432075
192 256 192 256 384 512 cost 0.0124052974
192 256 192 256 512 640 cost 0.0123426183
256 294 192 386 192 256 cost 0.0119515842
128 192 256 320 320 448 cost 0.0117719822
192 256 192 256 320 384 cost 0.0114355725
128 192 192 256 448 576 cost 0.0113648813
256 294 192 386 320 448 cost 0.010975498
256 294 192 386 448 728 cost 0.0107323361
128 192 320 386 320 728 cost 0.0098488341
192 256 256 320 448 640 cost 0.0096895732
256 294 192 386 256 320 cost 0.0091388055
128 192 192 256 384 448 cost 0.0089321825
partitioning time: 92.566738 seconds
