hostname : cph-c21.uncc.edu
bounding: [-130;-65]x[20;50]x[5875;5958]
read 588189 observations
res: 0.1 0.1 1 bw: 2.5 2.5 7
box size: 651 x 301 x 84
nbparts: 16
solution: 10.52366417 in 22 boxes.
naive: 67.21899211 speedup:6.387413263
sumload:74.64904303 overhead:1.110534994
325 651 0 150 42 84 cost 10.52366417
0 325 150 301 42 84 cost 7.272909871
325 651 0 150 0 42 cost 7.04824919
488 651 150 225 42 63 cost 6.165258823
0 325 0 150 42 84 cost 5.618339058
325 488 150 225 42 63 cost 5.242574559
488 651 150 225 21 42 cost 4.216858699
0 325 150 301 0 42 cost 3.834963077
0 325 0 150 0 42 cost 3.833286732
488 651 150 225 63 84 cost 3.76032287
325 488 150 225 21 42 cost 3.643461657
325 488 150 225 63 84 cost 2.77122095
488 651 150 225 0 21 cost 1.715433378
325 488 225 301 42 63 cost 1.647859288
325 488 150 225 0 21 cost 1.455010217
488 651 225 301 42 63 cost 1.22082399
325 488 225 301 21 42 cost 1.191276364
325 488 225 301 63 84 cost 0.9889406418
488 651 225 301 21 42 cost 0.8509353588
488 651 225 301 63 84 cost 0.7773079058
325 488 225 301 0 21 cost 0.5040719249
488 651 225 301 0 21 cost 0.366274309
partitioning time: 3.154341 seconds
