hostname : cph-gpu2.uncc.edu
bounding: [1053872.965;1068485.726]x[860186.8419;879395.9741]x[3;730]
read 11056 observations
res: 50 50 1 bw: 100 100 1
box size: 294 x 386 x 728
nbparts: 32
max states: 10781664
mem: 0.9639558792 GB (this is an order of magnitude)
2574851 states processed
solution: 0.000491217 in 25 boxes.
naive: 0.0053159259 speedup:10.82195018
sumload:0.0053385849 overhead:1.004262475
0 256 0 128 0 288 cost 0.000491217
0 192 256 320 0 320 cost 0.0004782579
128 192 192 256 0 192 cost 0.0004577496
0 128 128 192 0 352 cost 0.0004416138
192 256 192 256 0 288 cost 0.00042771
128 192 128 192 0 192 cost 0.0004060853
128 192 128 256 192 480 cost 0.000366763
0 294 320 386 0 384 cost 0.0003325425
192 294 256 320 0 224 cost 0.0003291915
0 128 192 256 0 480 cost 0.0003215874
0 256 0 256 480 728 cost 0.0003146937
0 294 256 386 384 704 cost 0.0001804965
256 294 0 256 0 192 cost 0.0001783734
192 256 128 192 0 192 cost 0.0001446057
192 256 128 256 288 480 cost 0.0001135359
256 294 0 256 192 448 cost 9.2553e-05
192 294 256 320 224 384 cost 8.38698e-05
192 256 128 192 192 288 cost 5.11074e-05
0 256 0 128 288 480 cost 4.29432e-05
0 128 128 192 352 480 cost 2.56788e-05
0 192 256 320 320 384 cost 2.34744e-05
256 294 0 256 448 728 cost 2.31309e-05
192 294 256 386 704 728 cost 6.3003e-06
128 192 256 386 704 728 cost 4.1421e-06
0 128 256 386 704 728 cost 9.618e-07
partitioning time: 471.739229 seconds
