hostname : cph-bm1.uncc.edu
bounding: [1053872.965;1068485.726]x[860186.8419;879395.9741]x[3;730]
read 11056 observations
res: 50 50 1 bw: 2500 2500 14
box size: 294 x 386 x 728
nbparts: 32
max states: 49391872
mem: 4.415977478 GB (this is an order of magnitude)
3601595 states processed
solution: 0.2846451374 in 32 boxes.
naive: 8.268027147 speedup:29.04678865
sumload:8.402416901 overhead:1.01625415
0 96 192 386 0 128 cost 0.2846451374
96 128 192 386 0 128 cost 0.2833742594
96 128 0 160 0 128 cost 0.2831686059
224 256 192 320 0 128 cost 0.2830004205
64 96 0 192 0 128 cost 0.2828972479
160 256 0 160 0 128 cost 0.2820398786
128 160 224 386 128 728 cost 0.2817813076
96 128 192 386 128 728 cost 0.2793062354
192 256 0 192 128 512 cost 0.2790977555
160 192 192 386 128 256 cost 0.2773676142
160 192 0 192 128 728 cost 0.2770366372
160 192 224 320 0 128 cost 0.2724698802
64 160 0 192 192 320 cost 0.2683237314
192 256 192 386 128 192 cost 0.2680693257
192 224 224 320 0 128 cost 0.2663810747
64 160 0 192 128 192 cost 0.2659825287
256 294 0 386 128 512 cost 0.2629023714
128 160 224 386 0 128 cost 0.259075756
128 160 0 160 0 128 cost 0.2589765022
192 256 192 256 192 512 cost 0.2587072488
160 192 192 386 256 728 cost 0.257541533
256 294 0 386 0 128 cost 0.2561902621
128 160 192 224 0 728 cost 0.2541007038
64 160 0 192 320 728 cost 0.2527075958
192 256 256 386 192 512 cost 0.2525540932
160 256 320 386 0 128 cost 0.2470042908
192 294 0 386 512 728 cost 0.244364218
160 256 160 192 0 128 cost 0.2441897132
96 160 160 192 0 128 cost 0.2394201162
0 64 0 192 0 728 cost 0.2339417591
160 224 192 224 0 128 cost 0.2269098675
0 96 192 386 128 728 cost 0.2188892295
partitioning time: 653.190620 seconds
