hostname : cph-c21.uncc.edu
bounding: [-130;-65]x[20;50]x[5875;5958]
read 588189 observations
res: 0.01 0.01 1 bw: 1 1 3
box size: 6501 x 3001 x 84
nbparts: 16
max states: 9605184
mem: 0.8587703705 GB (this is an order of magnitude)
850783 states processed
solution: 44.56841177 in 16 boxes.
naive: 643.6159509 speedup:14.4410789
sumload:649.2950415 overhead:1.008823726
1280 4096 1280 1536 0 84 cost 44.56841177
4864 5376 0 1792 0 64 cost 44.38986712
5376 5632 0 3001 0 64 cost 44.2038552
0 2048 1792 3001 0 84 cost 44.15446789
2048 4096 1792 3001 0 84 cost 43.92746703
4352 4608 1280 3001 0 84 cost 43.29507815
4608 4864 1280 3001 0 84 cost 42.47007896
0 4096 1024 1280 0 84 cost 41.96297285
5632 6501 0 3001 0 84 cost 39.34914928
4096 4352 1280 3001 0 84 cost 39.18743474
4096 4864 0 1280 0 84 cost 38.74311363
4864 5376 1792 3001 0 64 cost 37.83849524
0 4096 1536 1792 0 84 cost 37.23757857
0 1280 1280 1536 0 84 cost 37.16935936
4864 5632 0 3001 64 84 cost 35.41560424
0 4096 0 1024 0 84 cost 35.38210752
partitioning time: 6846.709089 seconds
