hostname : cph-bm1.uncc.edu
bounding: [1053872.965;1068485.726]x[860186.8419;879395.9741]x[3;730]
read 11056 observations
res: 50 50 1 bw: 2500 2500 1
box size: 294 x 386 x 728
nbparts: 64
max load allowed: 0.06369739071
max states: 6173952
mem: 0.5519943237 GB (this is an order of magnitude)
326554 states processed
solution: 0.0631193435 in 47 boxes.
naive: 2.038316503 speedup:32.29305613
sumload:2.040295114 overhead:1.000970709
160 192 96 160 0 728 cost 0.0631193435
224 256 256 320 0 728 cost 0.0630111431
160 192 192 224 0 512 cost 0.0629476039
256 294 224 320 0 728 cost 0.0625180237
128 160 192 224 0 728 cost 0.0625049262
128 160 256 320 0 728 cost 0.0620916999
160 192 224 256 0 728 cost 0.0599018619
128 160 160 192 0 728 cost 0.0596754392
64 96 96 160 0 728 cost 0.0593700154
128 160 0 128 0 728 cost 0.0591205094
192 224 288 352 0 512 cost 0.0589895856
160 192 160 192 0 728 cost 0.058695339
64 96 160 224 0 728 cost 0.0586919317
192 224 192 224 0 728 cost 0.0579957204
0 64 0 192 0 728 cost 0.0574960315
96 128 64 128 0 728 cost 0.0571880246
160 192 288 352 0 728 cost 0.0558995698
256 294 0 224 0 728 cost 0.0550213498
192 224 224 256 0 728 cost 0.054106204
224 256 0 192 0 728 cost 0.0532453009
128 160 224 256 0 728 cost 0.0527660765
128 160 128 160 0 728 cost 0.051127726
96 128 160 192 0 728 cost 0.0498672942
96 128 256 386 0 728 cost 0.0495214066
64 96 224 386 0 728 cost 0.0490409446
96 128 128 160 0 728 cost 0.0490242143
96 128 192 224 0 728 cost 0.0476210419
160 192 256 288 0 728 cost 0.0472350693
192 224 256 288 0 728 cost 0.0466844858
192 224 160 192 0 728 cost 0.0460391963
224 256 192 224 0 728 cost 0.0443598669
0 64 192 386 0 512 cost 0.0439752769
192 224 0 160 0 728 cost 0.0433752892
224 256 224 256 0 728 cost 0.0415477665
96 128 224 256 0 728 cost 0.0400060336
224 256 320 386 0 728 cost 0.0352866125
64 96 0 96 0 728 cost 0.0221612025
256 294 320 386 0 512 cost 0.0170960849
128 160 320 386 0 728 cost 0.0170054547
192 224 352 386 0 728 cost 0.0161287263
160 192 352 386 0 728 cost 0.0133609207
160 192 0 96 0 728 cost 0.011823812
96 128 0 64 0 728 cost 0.0083513871
160 192 192 224 512 728 cost 0.0060280623
192 224 288 352 512 728 cost 0.005343895
0 64 192 386 512 728 cost 0.0021220815
256 294 320 386 512 728 cost 0.0018055627
partitioning time: 146.678995 seconds
