hostname : cph-gpu1.uncc.edu
bounding: [1053872.965;1068485.726]x[860186.8419;879395.9741]x[3;730]
read 11056 observations
res: 50 50 1 bw: 100 100 1
box size: 294 x 386 x 728
nbparts: 16
max load allowed: 0.0006644907375
max states: 98783776
mem: 8.831957817 GB (this is an order of magnitude)
295578 states processed
solution: 0.0006614773 in 16 boxes.
naive: 0.0053159259 speedup:8.036444939
sumload:0.0053302663 overhead:1.00269763
160 256 0 224 0 192 cost 0.0006614773
0 160 224 320 0 608 cost 0.0006566439
0 160 160 224 0 256 cost 0.0006445647
160 256 288 386 0 512 cost 0.0006296232
0 160 96 160 0 288 cost 0.0006233619
160 256 224 288 0 288 cost 0.0006086073
160 256 0 224 192 728 cost 0.0004692365
256 294 0 386 0 448 cost 0.0002830173
0 160 160 224 256 728 cost 0.0001841715
160 256 224 288 288 728 cost 0.0001649769
0 160 0 96 0 728 cost 0.0001391781
0 160 96 160 288 728 cost 0.000102795
160 256 288 386 512 728 cost 6.22413e-05
0 160 320 386 0 728 cost 5.48662e-05
256 294 0 386 448 728 cost 2.46213e-05
0 160 224 320 608 728 cost 2.08839e-05
partitioning time: 680.044090 seconds
