hostname : cph-gpu1.uncc.edu
bounding: [1053872.965;1068485.726]x[860186.8419;879395.9741]x[3;730]
read 11056 observations
res: 100 100 1 bw: 250 250 1
box size: 148 x 194 x 728
nbparts: 64
mem: 1.95459938 GB (this is an order of magnitude)
159307 states processed
solution: 0.0002370931 in 64 boxes.
naive: 0.0102500115 speedup:43.23201097
sumload:0.0105345122 overhead:1.027756135
64 96 64 96 32 64 cost 0.0002370931
64 96 64 96 288 728 cost 0.0002365878
0 64 128 194 0 128 cost 0.0002215916
64 96 128 194 128 256 cost 0.0002195918
64 96 128 194 64 128 cost 0.0002176354
64 96 128 194 256 728 cost 0.0002154525
96 148 96 128 32 64 cost 0.0002149297
0 64 64 96 64 96 cost 0.0002121913
64 96 96 128 32 64 cost 0.0002093966
64 96 96 128 352 728 cost 0.0002082704
96 148 96 128 288 448 cost 0.0002071244
64 96 0 64 96 728 cost 0.0002044533
0 64 128 194 128 728 cost 0.0002006262
96 148 0 96 256 728 cost 0.0002001916
96 148 96 128 64 96 cost 0.0001996205
0 64 64 96 128 256 cost 0.0001988892
96 148 0 96 128 256 cost 0.0001977809
96 148 128 160 288 728 cost 0.0001968111
64 96 96 128 64 96 cost 0.000196719
0 64 64 96 256 728 cost 0.0001944622
0 64 0 64 96 192 cost 0.0001942314
0 64 96 128 0 64 cost 0.0001924478
64 96 64 96 64 96 cost 0.0001916243
96 148 96 128 160 224 cost 0.000189374
0 64 64 96 32 64 cost 0.0001874792
0 64 96 128 96 192 cost 0.0001843222
96 148 128 160 160 288 cost 0.00018348
0 64 0 64 32 64 cost 0.0001816193
64 96 128 194 32 64 cost 0.0001802744
0 64 96 128 192 728 cost 0.0001798082
96 148 128 160 32 64 cost 0.0001790686
96 148 96 128 448 728 cost 0.0001778813
64 96 64 96 128 192 cost 0.000176995
64 96 64 96 192 288 cost 0.0001769045
64 96 96 128 192 256 cost 0.0001763656
64 96 0 64 0 96 cost 0.0001762272
0 64 0 64 192 728 cost 0.0001718854
64 96 96 128 160 192 cost 0.0001581109
96 148 96 128 224 288 cost 0.0001562202
96 148 0 96 0 64 cost 0.0001559985
96 148 0 96 64 128 cost 0.0001513926
96 148 128 160 96 160 cost 0.0001449867
64 96 96 128 256 352 cost 0.0001449473
96 148 160 194 128 288 cost 0.0001440395
96 148 96 128 96 128 cost 0.0001414814
64 96 96 128 128 160 cost 0.0001392777
96 148 160 194 288 728 cost 0.0001300853
96 148 128 160 64 96 cost 0.0001300852
64 96 96 128 96 128 cost 0.0001293493
96 148 96 128 128 160 cost 0.0001231315
0 64 96 128 64 96 cost 0.000121506
0 64 0 64 64 96 cost 0.0001214846
96 148 160 194 64 128 cost 0.0001186672
96 148 160 194 32 64 cost 0.0001185426
0 64 64 96 96 128 cost 0.0001165496
96 148 96 128 0 32 cost 0.0001125813
64 96 64 96 96 128 cost 0.0001106239
64 96 64 96 0 32 cost 9.32351e-05
64 96 96 128 0 32 cost 9.13956e-05
96 148 128 160 0 32 cost 9.02293e-05
0 64 0 64 0 32 cost 8.40802e-05
0 64 64 96 0 32 cost 8.14383e-05
64 96 128 194 0 32 cost 7.12246e-05
96 148 160 194 0 32 cost 6.44408e-05
partitioning time: 115.399257 seconds
