hostname : cph-c73.uncc.edu
bounding: [1053872.965;1068485.726]x[860186.8419;879395.9741]x[3;730]
read 11056 observations
res: 50 50 1 bw: 100 100 1
box size: 294 x 386 x 728
nbparts: 128
solution: 0.0001368225 in 134 boxes.
naive: 0.0053159259 speedup:38.85271721
sumload:0.0053863547 overhead:1.013248642
147 294 0 193 364 728 cost 0.0001368225
110 147 144 193 0 91 cost 0.0001282572
0 147 0 193 364 728 cost 0.0001260465
183 220 193 241 0 91 cost 0.0001210822
147 183 144 193 0 91 cost 0.0001195864
0 147 193 386 364 728 cost 0.000106758
73 110 96 144 91 182 cost 9.99011e-05
73 147 0 96 0 182 cost 9.89502e-05
110 147 241 289 0 91 cost 9.53694e-05
147 183 193 241 0 91 cost 9.26734e-05
183 220 144 193 0 91 cost 9.23634e-05
220 294 96 193 0 182 cost 9.16185e-05
147 183 193 241 91 182 cost 9.09624e-05
110 147 96 144 0 91 cost 9.0649e-05
147 220 193 289 364 546 cost 9.04827e-05
183 220 241 289 0 91 cost 8.90404e-05
73 110 144 193 0 91 cost 8.78515e-05
110 147 193 241 0 91 cost 8.74816e-05
183 220 289 337 0 91 cost 8.74565e-05
147 220 289 386 182 364 cost 8.52024e-05
183 220 193 241 91 182 cost 8.41793e-05
0 73 193 289 0 182 cost 8.11083e-05
147 220 193 289 546 728 cost 7.79685e-05
110 147 241 289 91 182 cost 7.7229e-05
183 220 144 193 91 182 cost 7.5212e-05
147 183 144 193 91 182 cost 7.35678e-05
110 147 144 193 91 182 cost 7.18551e-05
73 110 193 241 0 91 cost 7.08362e-05
220 257 289 337 0 91 cost 6.89882e-05
220 257 241 289 0 91 cost 6.75983e-05
147 183 241 289 0 91 cost 6.36109e-05
220 294 289 386 182 364 cost 6.24012e-05
110 147 193 241 91 182 cost 5.96849e-05
183 220 193 241 182 273 cost 5.96387e-05
147 183 193 241 182 273 cost 5.95019e-05
220 257 193 241 0 91 cost 5.8647e-05
147 183 241 289 91 182 cost 5.83646e-05
220 294 193 289 364 546 cost 5.7294e-05
73 110 144 193 91 182 cost 5.53544e-05
257 294 193 241 0 91 cost 5.48401e-05
220 294 96 193 182 364 cost 5.46459e-05
147 183 289 337 0 91 cost 5.42112e-05
257 294 193 241 91 182 cost 5.33564e-05
183 220 144 193 182 273 cost 5.07398e-05
220 257 241 289 91 182 cost 4.96264e-05
147 183 144 193 182 273 cost 4.92284e-05
220 257 193 241 91 182 cost 4.86894e-05
147 183 96 144 0 91 cost 4.40509e-05
110 147 241 289 182 273 cost 4.38408e-05
183 220 337 386 0 91 cost 4.31068e-05
220 257 337 386 0 91 cost 4.27325e-05
183 220 241 289 91 182 cost 4.2197e-05
91 110 120 144 45 91 cost 4.08723e-05
220 257 289 337 91 182 cost 3.98545e-05
147 183 96 144 91 182 cost 3.96375e-05
183 220 289 337 91 182 cost 3.84871e-05
110 147 144 193 182 273 cost 3.81974e-05
73 110 193 241 91 182 cost 3.76065e-05
73 110 96 144 182 273 cost 3.71625e-05
110 147 193 241 182 273 cost 3.69635e-05
147 183 193 241 273 364 cost 3.45606e-05
147 220 289 386 546 728 cost 3.38184e-05
220 294 193 289 546 728 cost 3.37467e-05
110 147 96 144 91 182 cost 3.37058e-05
147 220 289 386 364 546 cost 3.32508e-05
220 257 193 241 182 273 cost 3.29192e-05
0 73 96 193 0 182 cost 3.27666e-05
147 183 289 337 91 182 cost 3.25757e-05
183 220 193 241 273 364 cost 3.14356e-05
91 110 120 144 0 45 cost 2.99844e-05
147 183 241 289 182 273 cost 2.98128e-05
220 257 241 289 182 273 cost 2.88615e-05
73 147 289 386 0 182 cost 2.78214e-05
220 294 289 386 364 546 cost 2.71029e-05
0 73 193 289 182 364 cost 2.68608e-05
73 110 241 289 0 91 cost 2.56794e-05
220 257 337 386 91 182 cost 2.51786e-05
257 294 193 241 182 273 cost 2.47152e-05
220 294 289 386 546 728 cost 2.40951e-05
110 147 241 289 273 364 cost 2.27271e-05
183 220 144 193 273 364 cost 2.27135e-05
110 147 144 193 273 364 cost 2.23225e-05
183 220 241 289 182 273 cost 2.18649e-05
147 183 144 193 273 364 cost 2.17353e-05
147 220 0 96 0 182 cost 2.17074e-05
73 110 144 193 182 273 cost 2.10723e-05
91 110 96 120 45 91 cost 2.06865e-05
220 257 241 289 273 364 cost 2.06175e-05
257 294 193 241 273 364 cost 2.03268e-05
183 220 241 289 273 364 cost 2.01885e-05
110 147 96 144 182 273 cost 1.91454e-05
183 220 337 386 91 182 cost 1.88375e-05
73 91 120 144 45 91 cost 1.8128e-05
73 110 96 144 273 364 cost 1.75461e-05
147 183 337 386 0 91 cost 1.7439e-05
73 147 0 96 182 364 cost 1.71582e-05
147 183 241 289 273 364 cost 1.58721e-05
73 110 241 289 91 182 cost 1.54326e-05
73 91 120 144 0 45 cost 1.48983e-05
73 110 144 193 273 364 cost 1.46112e-05
91 110 96 120 0 45 cost 1.4568e-05
73 91 96 120 45 91 cost 1.35918e-05
220 257 193 241 273 364 cost 1.34458e-05
110 147 193 241 273 364 cost 1.28862e-05
73 110 193 241 182 273 cost 1.16706e-05
73 110 241 289 182 273 cost 1.08731e-05
147 183 96 144 182 273 cost 1.02053e-05
147 183 96 144 273 364 cost 9.0333e-06
73 147 289 386 182 364 cost 8.7186e-06
0 73 96 193 182 364 cost 8.64e-06
110 147 96 144 273 364 cost 8.6109e-06
73 91 96 120 0 45 cost 7.7931e-06
147 183 337 386 91 182 cost 7.2453e-06
73 110 193 241 273 364 cost 6.4995e-06
183 220 96 144 0 91 cost 6.3018e-06
73 110 241 289 273 364 cost 4.1842e-06
147 220 0 96 182 364 cost 3.6771e-06
0 73 289 386 0 182 cost 2.8401e-06
257 294 289 337 91 182 cost 1.8457e-06
257 294 241 289 91 182 cost 1.7078e-06
183 220 96 144 91 182 cost 1.5117e-06
257 294 289 337 0 91 cost 1.2563e-06
183 220 96 144 182 273 cost 1.0785e-06
257 294 241 289 0 91 cost 9.928e-07
183 220 96 144 273 364 cost 6.96e-07
257 294 241 289 182 273 cost 5.127e-07
0 73 289 386 182 364 cost 2.019e-07
257 294 241 289 273 364 cost 2.019e-07
257 294 337 386 91 182 cost 0
0 73 0 96 182 364 cost 0
220 294 0 96 182 364 cost 0
257 294 337 386 0 91 cost 0
0 73 0 96 0 182 cost 0
220 294 0 96 0 182 cost 0
partitioning time: 0.242171 seconds
