hostname : cph-bm1.uncc.edu
bounding: [1053872.965;1068485.726]x[860186.8419;879395.9741]x[3;730]
read 11056 observations
res: 50 50 1 bw: 2500 2500 14
box size: 294 x 386 x 728
nbparts: 16
max states: 1543488
mem: 0.1379985809 GB (this is an order of magnitude)
125674 states processed
solution: 0.5674220025 in 16 boxes.
naive: 8.268027147 speedup:14.57121351
sumload:8.3203973 overhead:1.006334057
128 224 192 224 0 256 cost 0.5674220025
0 192 288 386 0 512 cost 0.5671637823
0 224 256 288 0 256 cost 0.5650601884
0 256 96 386 512 728 cost 0.5623322426
0 256 96 128 0 512 cost 0.557391771
256 294 96 386 0 728 cost 0.5538812322
0 128 192 256 0 256 cost 0.5374758064
192 256 288 386 0 512 cost 0.5289005817
160 256 128 288 256 512 cost 0.5265075544
160 224 128 192 0 256 cost 0.5183002774
0 160 160 192 0 256 cost 0.5052240815
128 224 224 256 0 256 cost 0.4993704794
224 256 128 288 0 256 cost 0.4944446992
0 160 128 160 0 256 cost 0.4940058527
0 160 128 288 256 512 cost 0.4270379259
0 294 0 96 0 728 cost 0.4158788225
partitioning time: 21.263402 seconds
