hostname : cph-gpu2.uncc.edu
bounding: [1053872.965;1068485.726]x[860186.8419;879395.9741]x[3;730]
read 11056 observations
res: 100 100 1 bw: 2500 2500 1
box size: 148 x 194 x 728
nbparts: 64
max load allowed: 0.01628373376
max states: 5465088
mem: 0.4886169434 GB (this is an order of magnitude)
106321 states processed
solution: 0.0159176605 in 50 boxes.
naive: 0.5210794803 speedup:32.7359338
sumload:0.5263354339 overhead:1.010086664
32 64 128 194 0 320 cost 0.0159176605
64 96 32 64 0 192 cost 0.0152362104
32 64 96 128 64 192 cost 0.015202755
96 128 160 194 0 256 cost 0.0149613285
0 32 0 96 0 728 cost 0.0148576313
64 96 96 128 192 384 cost 0.0146112993
64 96 128 160 64 192 cost 0.0145610223
128 148 128 194 0 704 cost 0.0145553514
64 96 96 128 0 64 cost 0.014523079
96 128 96 128 256 728 cost 0.0144060954
64 96 96 128 64 128 cost 0.0143610606
64 96 64 96 0 64 cost 0.0141832557
96 128 96 128 128 256 cost 0.0141786765
96 128 128 160 64 192 cost 0.0140980384
64 96 64 96 128 256 cost 0.0139789785
128 148 96 128 0 728 cost 0.0136836153
96 128 64 96 0 128 cost 0.0133428098
64 96 64 96 64 128 cost 0.0133425827
96 128 128 160 192 728 cost 0.0131569554
96 128 64 96 192 728 cost 0.0131372384
32 64 64 96 64 128 cost 0.0128971844
32 64 64 96 128 384 cost 0.0128858245
64 96 64 96 256 728 cost 0.012864769
32 64 32 64 64 256 cost 0.012832629
64 96 128 160 192 728 cost 0.0126923979
32 64 64 96 0 64 cost 0.0120504973
64 96 160 194 0 384 cost 0.0116691661
32 64 96 128 192 728 cost 0.0113610643
96 128 96 128 0 64 cost 0.0113537133
0 32 96 194 0 448 cost 0.0112147162
96 128 96 128 64 128 cost 0.0110856847
64 96 96 128 128 192 cost 0.0110218036
96 128 128 160 0 64 cost 0.0103712966
64 96 128 160 0 64 cost 0.009608175
32 64 96 128 0 64 cost 0.0092313003
32 64 32 64 0 64 cost 0.0084598701
64 96 96 128 384 728 cost 0.008453584
128 148 0 96 0 728 cost 0.007672785
64 96 32 64 192 728 cost 0.005810134
96 128 160 194 256 728 cost 0.0054069529
96 128 0 64 0 728 cost 0.0051862137
96 128 64 96 128 192 cost 0.0050128548
32 64 64 96 384 728 cost 0.0044051151
32 64 32 64 256 728 cost 0.0040684007
32 64 0 32 0 728 cost 0.0036985031
32 64 128 194 320 728 cost 0.0032557492
64 96 0 32 0 728 cost 0.0027781407
64 96 160 194 384 728 cost 0.0019613411
0 32 96 194 448 728 cost 0.000628623
128 148 128 194 704 728 cost 0.0001012999
partitioning time: 135.803110 seconds
