hostname : cph-gpu1.uncc.edu
bounding: [1053872.965;1068485.726]x[860186.8419;879395.9741]x[3;730]
read 11056 observations
res: 100 100 1 bw: 500 500 7
box size: 148 x 194 x 728
nbparts: 64
max load allowed: 0.001903829484
max states: 21861824
mem: 1.95459938 GB (this is an order of magnitude)
163240 states processed
solution: 0.0018697513 in 50 boxes.
naive: 0.0609225435 speedup:32.58323366
sumload:0.0631993879 overhead:1.037372773
64 96 128 160 96 352 cost 0.0018697513
96 128 128 160 64 192 cost 0.0018674469
32 64 32 64 64 192 cost 0.0018559092
64 96 64 96 64 128 cost 0.0018524605
32 64 96 128 96 448 cost 0.0018307775
64 96 64 96 128 256 cost 0.0018158971
96 128 96 128 128 256 cost 0.0018156008
32 64 96 128 0 96 cost 0.0018139582
64 96 96 128 0 64 cost 0.0018111135
64 96 96 128 288 728 cost 0.0018009951
96 128 128 160 192 728 cost 0.001770691
64 96 32 64 0 288 cost 0.0017678479
32 64 128 194 0 728 cost 0.0017626541
96 128 160 194 0 128 cost 0.0017480984
64 96 96 128 128 192 cost 0.0017360616
96 128 0 96 0 192 cost 0.0017321337
64 96 64 96 256 728 cost 0.0017309092
32 64 64 96 0 64 cost 0.0016450261
96 128 160 194 128 728 cost 0.0016221203
64 96 128 160 0 96 cost 0.0016143166
32 64 64 96 192 728 cost 0.0015626754
96 128 96 128 0 64 cost 0.001547705
64 96 64 96 32 64 cost 0.0015116561
128 148 96 194 0 192 cost 0.001511126
96 128 128 160 0 64 cost 0.0014987127
32 64 32 64 0 64 cost 0.0014943765
32 64 64 96 96 192 cost 0.0014556995
96 128 96 128 64 128 cost 0.0014526978
64 96 96 128 192 288 cost 0.0013845311
64 96 160 194 0 728 cost 0.0013660475
96 128 0 96 192 728 cost 0.0013203309
64 96 96 128 64 96 cost 0.0012686956
96 128 96 128 256 480 cost 0.0012671166
32 64 64 96 64 96 cost 0.0012599525
128 148 0 96 0 728 cost 0.0011727865
0 32 32 194 0 480 cost 0.0010366095
32 64 32 64 192 728 cost 0.0009766507
128 148 96 194 192 728 cost 0.0009695623
96 128 96 128 480 728 cost 0.0008067444
64 96 96 128 96 128 cost 0.0007888971
64 96 64 96 0 32 cost 0.0005910201
64 96 128 160 352 728 cost 0.0005390953
64 96 32 64 288 728 cost 0.000334617
32 64 96 128 448 728 cost 0.0003023858
32 64 0 32 0 728 cost 0.0001597635
64 96 0 32 0 728 cost 0.000107133
0 32 32 194 608 728 cost 3.6099e-05
0 32 32 194 544 608 cost 9.723e-06
0 32 32 194 480 544 cost 3.2085e-06
0 32 0 32 0 728 cost 0
partitioning time: 355.454886 seconds
