hostname : cph-c63.uncc.edu
bounding: [-130;-65]x[20;50]x[5875;5958]
read 588189 observations
res: 0.1 0.1 1 bw: 2.5 2.5 7
box size: 651 x 301 x 84
nbparts: 64
solution: 5.242574559 in 64 boxes.
naive: 67.21899211 speedup:12.82175224
sumload:78.87475986 overhead:1.173399918
325 488 150 225 42 63 cost 5.242574559
488 651 150 225 21 42 cost 4.216858699
325 488 75 150 21 42 cost 3.946256947
0 325 150 301 0 42 cost 3.834963077
0 325 0 150 0 42 cost 3.833286732
488 651 150 225 63 84 cost 3.76032287
325 488 150 225 21 42 cost 3.643461657
325 488 150 225 63 84 cost 2.77122095
0 162 150 225 42 63 cost 2.640155312
325 488 75 150 63 84 cost 2.349345096
0 162 75 150 42 63 cost 2.242473758
162 325 75 150 42 63 cost 1.958377622
488 569 187 225 42 52 cost 1.88799239
488 569 187 225 52 63 cost 1.840148756
488 651 150 225 0 21 cost 1.715433378
325 488 225 301 42 63 cost 1.647859288
325 488 150 225 0 21 cost 1.455010217
325 488 75 150 0 21 cost 1.332459357
0 162 150 225 63 84 cost 1.279692748
162 325 150 225 42 63 cost 1.255599853
488 651 225 301 42 63 cost 1.22082399
325 488 225 301 21 42 cost 1.191276364
488 651 75 150 42 63 cost 1.168832704
0 162 225 301 42 63 cost 1.16508302
488 569 150 187 52 63 cost 1.119578727
488 569 150 187 42 52 cost 1.103100044
406 488 112 150 42 52 cost 1.028881009
0 162 75 150 63 84 cost 0.9919053809
325 488 225 301 63 84 cost 0.9889406418
406 488 112 150 52 63 cost 0.9877621624
325 406 75 112 42 52 cost 0.9271139755
325 406 112 150 42 52 cost 0.8743150495
488 651 225 301 21 42 cost 0.8509353588
0 162 225 301 63 84 cost 0.8179350098
325 488 0 75 42 63 cost 0.7876921247
488 651 225 301 63 84 cost 0.7773079058
488 651 75 150 21 42 cost 0.754784953
406 488 75 112 42 52 cost 0.7476766795
406 488 75 112 52 63 cost 0.6403862238
162 325 75 150 63 84 cost 0.6372872823
325 406 75 112 52 63 cost 0.622474002
488 651 0 75 42 63 cost 0.5877623279
325 406 112 150 52 63 cost 0.5821348836
569 651 187 225 42 52 cost 0.5817278929
569 651 187 225 52 63 cost 0.5632847078
325 488 0 75 21 42 cost 0.5465299902
162 325 150 225 63 84 cost 0.5450710776
325 488 225 301 0 21 cost 0.5040719249
488 651 75 150 63 84 cost 0.480876082
488 651 0 75 21 42 cost 0.3935926018
488 651 225 301 0 21 cost 0.366274309
325 488 0 75 63 84 cost 0.2480267945
488 651 75 150 0 21 cost 0.2303760869
488 651 0 75 63 84 cost 0.1937757342
162 325 0 75 42 63 cost 0.1738853243
162 325 225 301 42 63 cost 0.1518695064
325 488 0 75 0 21 cost 0.144537573
488 651 0 75 0 21 cost 0.1000237914
162 325 225 301 63 84 cost 0.0886398463
569 651 150 187 52 63 cost 0.0518524579
569 651 150 187 42 52 cost 0.05135717
162 325 0 75 63 84 cost 0.0312119386
0 162 0 75 63 84 cost 0.0001496794
0 162 0 75 42 63 cost 0.0001422844
partitioning time: 6.828808 seconds
