hostname : cph-c14.uncc.edu
bounding: [-130;-65]x[20;50]x[5875;5958]
read 588189 observations
res: 0.1 0.1 1 bw: 1 1 3
box size: 651 x 301 x 84
nbparts: 64
max states: 247424
mem: 0.02212142944 GB (this is an order of magnitude)
437140 states processed
solution: 0.6509132056 in 32 boxes.
naive: 7.046724289 speedup:10.82590463
sumload:7.062672216 overhead:1.002263169
544 576 192 224 0 84 cost 0.6509132056
416 448 96 301 0 84 cost 0.6407336774
448 480 128 301 0 84 cost 0.6335847565
512 544 128 301 0 84 cost 0.6030801095
320 352 96 301 0 84 cost 0.5803187089
96 128 0 301 0 84 cost 0.5068927581
64 96 0 301 0 84 cost 0.4762091967
320 651 64 96 0 84 cost 0.4585089634
480 512 128 301 0 84 cost 0.4506163459
384 416 96 301 0 84 cost 0.3382024223
352 384 96 301 0 84 cost 0.2774020431
160 192 0 301 0 84 cost 0.2213359104
128 160 0 301 0 84 cost 0.2067075346
288 320 0 301 0 84 cost 0.1904746109
448 651 96 128 0 84 cost 0.1506114206
320 651 32 64 0 84 cost 0.1442064988
224 256 0 301 0 84 cost 0.1155770967
576 608 192 224 0 84 cost 0.1047571793
576 608 224 301 0 84 cost 0.0875525696
256 288 0 301 0 84 cost 0.0767559693
544 576 224 301 0 84 cost 0.0408226944
544 651 160 192 0 84 cost 0.0396845966
192 224 0 301 0 84 cost 0.0350235764
32 64 0 301 0 84 cost 0.0246446423
608 640 224 256 0 84 cost 0.003616385
544 651 128 160 0 84 cost 0.0028137415
608 640 256 301 0 84 cost 0.0013046562
608 651 192 224 0 84 cost 0.0002306339
0 32 0 301 0 84 cost 4.45284e-05
320 651 0 32 0 84 cost 3.50931e-05
640 651 224 256 0 84 cost 8.3781e-06
640 651 256 301 0 84 cost 2.313e-06
partitioning time: 3550.236839 seconds
