hostname : cph-c40.uncc.edu
bounding: [-130;-65]x[20;50]x[5875;5958]
read 588189 observations
res: 0.1 0.1 1 bw: 1 1 3
box size: 651 x 301 x 84
nbparts: 32
max states: 123040
mem: 0.01100063324 GB (this is an order of magnitude)
46032 states processed
solution: 0.7434229285 in 23 boxes.
naive: 7.046724289 speedup:9.478755656
sumload:7.102131577 overhead:1.007862843
512 576 192 256 0 64 cost 0.7434229285
64 128 64 192 0 84 cost 0.7183221402
384 651 64 128 0 84 cost 0.6250021967
448 512 128 192 0 84 cost 0.586471283
320 384 64 128 0 84 cost 0.5008806217
448 512 192 301 0 84 cost 0.4975693778
320 384 128 301 0 84 cost 0.4946208745
384 448 192 301 0 84 cost 0.4759974252
128 192 64 301 0 84 cost 0.4279404957
512 651 128 192 0 84 cost 0.3694651268
384 448 128 192 0 84 cost 0.3467804536
64 128 192 301 0 84 cost 0.2646608354
512 576 192 256 64 84 cost 0.2587620434
256 320 64 301 0 84 cost 0.2583511517
64 651 0 64 0 84 cost 0.1538541703
576 640 192 256 0 64 cost 0.1520828807
192 256 64 301 0 84 cost 0.1496876958
576 640 192 256 64 84 cost 0.0505890217
0 64 0 301 0 84 cost 0.0246890594
576 640 256 301 0 84 cost 0.0024389509
512 576 256 301 0 84 cost 0.000532153
640 651 192 256 0 84 cost 8.3781e-06
640 651 256 301 0 84 cost 2.313e-06
partitioning time: 354.502904 seconds
