hostname : cph-gpu3.uncc.edu
bounding: [1053872.965;1068485.726]x[860186.8419;879395.9741]x[3;730]
read 11056 observations
res: 100 100 1 bw: 250 250 1
box size: 148 x 194 x 728
nbparts: 32
max load allowed: 0.001281251438
max states: 170688
mem: 0.01526069641 GB (this is an order of magnitude)
22721 states processed
solution: 0.0012117257 in 15 boxes.
naive: 0.0102500115 speedup:8.459019644
sumload:0.0103137963 overhead:1.0062229
64 96 0 96 0 256 cost 0.0012117257
0 64 96 194 0 728 cost 0.0010895139
96 148 128 194 0 256 cost 0.0010784791
64 96 96 128 0 256 cost 0.0010610747
96 148 96 128 0 256 cost 0.0010417924
0 64 64 96 0 728 cost 0.0009661338
64 96 128 194 0 728 cost 0.0008861787
0 64 0 64 0 728 cost 0.0007385289
96 148 0 96 0 728 cost 0.0006977916
96 148 96 128 256 728 cost 0.0004458479
64 96 0 96 256 728 cost 0.0003608233
96 148 128 194 256 512 cost 0.0002591345
64 96 96 128 256 512 cost 0.0002520538
96 148 128 194 512 728 cost 0.0001254381
64 96 96 128 512 728 cost 9.92799e-05
partitioning time: 5.831380 seconds
