hostname : cph-c9.uncc.edu
bounding: [1053872.965;1068485.726]x[860186.8419;879395.9741]x[3;730]
read 11056 observations
res: 50 50 1 bw: 2500 2500 14
box size: 294 x 386 x 728
nbparts: 64
max states: 6173952
mem: 0.5519943237 GB (this is an order of magnitude)
615319 states processed
solution: 0.2066204401 in 64 boxes.
naive: 8.268027147 speedup:40.01553352
sumload:8.32098924 overhead:1.006405651
160 192 192 224 0 256 cost 0.2066204401
224 294 192 224 0 256 cost 0.2028646013
96 128 160 192 0 728 cost 0.2026894622
32 64 160 386 0 728 cost 0.2025785576
96 128 256 386 0 728 cost 0.2010277889
64 96 96 160 0 256 cost 0.1999986142
64 96 224 386 0 728 cost 0.199295201
96 128 128 160 0 728 cost 0.199279629
96 128 192 224 0 728 cost 0.1935305341
128 160 192 224 0 256 cost 0.1924334991
64 96 160 224 0 256 cost 0.1906983728
160 294 160 192 256 728 cost 0.1860293724
128 160 160 192 0 256 cost 0.1858619411
160 192 224 256 0 256 cost 0.1796163828
160 192 160 192 0 256 cost 0.175757288
128 160 160 256 256 728 cost 0.1752854557
192 224 192 224 0 256 cost 0.1693422245
128 160 288 386 0 728 cost 0.1652548494
128 160 128 160 0 256 cost 0.1633759119
96 128 224 256 0 728 cost 0.1625991037
128 160 224 256 0 256 cost 0.1617331496
192 224 224 256 0 256 cost 0.1588655603
160 294 96 128 0 728 cost 0.1577751066
128 160 256 288 0 728 cost 0.1557073186
192 294 192 224 256 728 cost 0.1540375242
192 294 128 160 0 256 cost 0.1540033996
64 128 64 96 0 728 cost 0.1521513427
32 64 64 160 0 728 cost 0.1489956502
128 294 128 160 256 728 cost 0.1471900943
224 294 160 192 0 256 cost 0.1467655811
160 192 256 288 0 256 cost 0.1460834239
96 128 96 128 0 728 cost 0.1459467692
160 192 320 386 0 728 cost 0.1446732488
192 224 256 288 0 256 cost 0.1427922095
128 160 96 128 0 728 cost 0.1394577309
160 192 288 320 0 728 cost 0.1360230649
192 224 160 192 0 256 cost 0.1333004316
192 224 256 386 256 728 cost 0.1332635303
192 224 320 386 0 256 cost 0.1321053953
160 192 128 160 0 256 cost 0.1276586332
224 256 224 256 0 256 cost 0.1204427349
128 294 64 96 0 728 cost 0.117308717
160 192 224 288 256 728 cost 0.1123477706
192 256 224 256 256 728 cost 0.1119328348
192 224 288 320 0 256 cost 0.1108332799
224 256 256 288 0 256 cost 0.1075975821
256 294 224 256 0 728 cost 0.1049006821
32 294 32 64 0 728 cost 0.0997937069
64 96 96 224 256 728 cost 0.0914913358
256 294 256 288 0 728 cost 0.0849417636
224 256 288 320 0 256 cost 0.0825163242
160 192 192 224 256 728 cost 0.0753964823
224 256 320 352 0 256 cost 0.0659967813
256 294 288 320 0 728 cost 0.064471482
0 32 0 386 0 728 cost 0.0607385111
224 256 352 386 0 728 cost 0.053303931
224 256 256 288 256 728 cost 0.0374827647
256 288 320 352 0 256 cost 0.0338545401
224 256 288 320 256 728 cost 0.0301441847
256 288 352 386 0 728 cost 0.025684737
224 256 320 352 256 728 cost 0.0245372056
32 294 0 32 0 728 cost 0.0149048672
256 288 320 352 256 728 cost 0.0137117151
288 294 320 386 0 728 cost 0.0039869116
partitioning time: 118.819766 seconds
