hostname : cph-gpu2.uncc.edu
bounding: [1053872.965;1068485.726]x[860186.8419;879395.9741]x[3;730]
read 11056 observations
res: 50 50 1 bw: 100 100 1
box size: 294 x 386 x 728
nbparts: 64
max load allowed: 0.0003322453687
max states: 21563328
mem: 1.927911758 GB (this is an order of magnitude)
295981 states processed
solution: 0.0003291274 in 44 boxes.
naive: 0.0053159259 speedup:16.15157504
sumload:0.005347633 overhead:1.005964549
64 128 128 192 0 160 cost 0.0003291274
192 256 256 320 0 224 cost 0.0003214383
64 128 0 128 0 256 cost 0.0003175098
192 256 192 256 96 480 cost 0.0003128001
128 192 192 256 0 128 cost 0.0003118659
128 192 256 320 0 288 cost 0.0002816745
64 128 192 386 96 728 cost 0.000278987
128 192 128 192 0 96 cost 0.0002618738
128 192 192 256 128 288 cost 0.0002607389
128 192 128 192 192 728 cost 0.000213034
64 128 192 386 0 96 cost 0.000208291
192 256 320 386 0 256 cost 0.0002063019
192 256 192 256 0 96 cost 0.00019932
256 294 0 256 0 192 cost 0.0001783734
128 192 0 128 0 256 cost 0.0001585824
128 192 128 192 96 192 cost 0.0001461915
192 256 0 192 0 192 cost 0.0001446057
128 192 192 256 288 448 cost 9.36946e-05
256 294 0 256 192 448 cost 9.2553e-05
64 128 128 192 288 728 cost 8.14887e-05
192 256 256 320 224 384 cost 8.1234e-05
64 128 128 192 160 288 cost 7.88504e-05
192 256 320 386 256 728 cost 7.81782e-05
192 256 192 256 480 728 cost 7.44114e-05
128 192 256 320 288 728 cost 6.48783e-05
128 192 320 386 96 728 cost 6.21021e-05
128 192 192 256 448 728 cost 6.1557e-05
192 256 256 320 384 728 cost 5.93083e-05
192 256 0 192 288 728 cost 5.74839e-05
0 64 256 386 0 256 cost 5.72001e-05
64 128 0 128 256 728 cost 5.68863e-05
128 192 320 386 0 96 cost 5.34387e-05
192 256 0 192 192 288 cost 5.11074e-05
128 192 0 128 256 728 cost 4.00188e-05
0 64 0 256 0 728 cost 2.63343e-05
256 294 0 256 512 728 cost 1.72512e-05
256 294 256 386 0 224 cost 8.0871e-06
0 64 256 386 256 352 cost 6.3765e-06
256 294 0 256 448 512 cost 5.8797e-06
256 294 256 386 320 728 cost 3.042e-06
256 294 256 386 224 288 cost 2.1573e-06
0 64 256 386 416 728 cost 2.1414e-06
0 64 256 386 352 416 cost 9.618e-07
256 294 256 386 288 320 cost 2.949e-07
partitioning time: 731.330865 seconds
