hostname : cph-c74.uncc.edu
bounding: [1053872.965;1068485.726]x[860186.8419;879395.9741]x[3;730]
read 11056 observations
res: 50 50 1 bw: 2500 2500 1
box size: 294 x 386 x 728
nbparts: 128
solution: 0.0519643158 in 134 boxes.
naive: 2.038316503 speedup:39.22531205
sumload:2.053639856 overhead:1.007517651
220 294 96 193 0 182 cost 0.0519643158
0 73 96 193 0 182 cost 0.0504843776
0 147 0 193 364 728 cost 0.0483620796
73 147 0 96 0 182 cost 0.0475774114
0 147 193 386 364 728 cost 0.0459367315
110 147 144 193 0 91 cost 0.0421511863
147 183 193 241 0 91 cost 0.0393064711
147 183 144 193 0 91 cost 0.0373813139
0 73 193 289 0 182 cost 0.0358129906
110 147 193 241 0 91 cost 0.0349472102
110 147 96 144 0 91 cost 0.0341012112
183 220 193 241 0 91 cost 0.0339860065
73 147 289 386 0 182 cost 0.033318859
147 220 289 386 182 364 cost 0.0318820884
183 220 241 289 0 91 cost 0.0317611987
147 220 193 289 364 546 cost 0.0316742491
73 110 144 193 0 91 cost 0.0315310415
147 183 241 289 0 91 cost 0.0298009452
147 183 193 241 91 182 cost 0.0293929691
73 110 96 144 0 91 cost 0.0270341776
147 220 193 289 546 728 cost 0.0263944988
183 220 193 241 91 182 cost 0.0261835326
220 294 96 193 182 364 cost 0.0258684243
183 220 144 193 0 91 cost 0.0258384044
110 147 144 193 91 182 cost 0.0254214398
220 257 193 241 0 91 cost 0.0254021877
110 147 193 241 91 182 cost 0.0252239948
73 110 193 241 0 91 cost 0.0249626319
183 220 289 337 0 91 cost 0.0246718568
220 257 241 289 0 91 cost 0.024373966
147 183 144 193 91 182 cost 0.0241847016
220 294 289 386 182 364 cost 0.022724209
147 183 96 144 0 91 cost 0.0224016653
147 220 96 193 364 546 cost 0.0219730381
110 147 241 289 0 91 cost 0.0217075876
147 183 241 289 91 182 cost 0.0216571635
183 220 241 289 91 182 cost 0.0216150734
220 294 193 289 364 546 cost 0.0197448477
183 220 144 193 91 182 cost 0.0193788833
220 257 193 241 91 182 cost 0.0190267705
220 257 289 337 0 91 cost 0.0189281549
110 147 96 144 91 182 cost 0.0188886381
147 183 289 337 0 91 cost 0.0185784631
73 110 144 193 91 182 cost 0.0180879678
147 183 193 241 182 273 cost 0.0177470647
147 220 96 193 546 728 cost 0.0176667986
183 220 193 241 182 273 cost 0.0168876635
147 220 0 96 0 182 cost 0.0167755341
110 147 241 289 91 182 cost 0.0165973373
73 110 193 241 91 182 cost 0.01616865
220 257 241 289 91 182 cost 0.0160652911
147 183 144 193 182 273 cost 0.0150099993
73 110 96 144 91 182 cost 0.0146688196
73 110 241 289 0 91 cost 0.0143935819
220 294 193 289 546 728 cost 0.0142675375
183 220 337 386 0 91 cost 0.0138579186
110 147 193 241 182 273 cost 0.0136831011
183 220 289 337 91 182 cost 0.0136441861
183 220 144 193 182 273 cost 0.0135324096
110 147 144 193 182 273 cost 0.0129535127
147 183 241 289 182 273 cost 0.0128985583
183 220 241 289 182 273 cost 0.0127187947
147 183 96 144 91 182 cost 0.0125809435
220 257 193 241 182 273 cost 0.0125187652
257 294 193 241 0 91 cost 0.0122778682
147 220 289 386 364 546 cost 0.0121748861
0 73 0 96 0 182 cost 0.011756433
183 220 96 144 0 91 cost 0.0116640561
147 220 289 386 546 728 cost 0.0116509521
73 147 289 386 182 364 cost 0.0113315052
257 294 241 289 0 91 cost 0.0111154894
220 257 337 386 0 91 cost 0.0111003965
0 73 96 193 182 364 cost 0.0109540614
147 183 289 337 91 182 cost 0.0109294771
220 257 289 337 91 182 cost 0.0102100247
73 147 0 96 182 364 cost 0.0101240722
257 294 193 241 91 182 cost 0.0098778971
73 110 241 289 91 182 cost 0.0098747775
0 73 193 289 182 364 cost 0.009818373
110 147 241 289 182 273 cost 0.0097861526
147 183 193 241 273 364 cost 0.0095488585
220 257 241 289 182 273 cost 0.0094094431
183 220 193 241 273 364 cost 0.0093765116
220 294 289 386 364 546 cost 0.0091015587
147 183 337 386 0 91 cost 0.0087767801
220 294 96 193 364 546 cost 0.008584455
110 147 96 144 182 273 cost 0.0084505599
257 294 241 289 91 182 cost 0.0084173331
220 294 289 386 546 728 cost 0.0082731022
257 294 289 337 0 91 cost 0.0082277791
183 220 96 144 91 182 cost 0.008059015
73 110 193 241 182 273 cost 0.007884918
73 110 144 193 182 273 cost 0.0078073501
147 183 144 193 273 364 cost 0.0076725756
183 220 241 289 273 364 cost 0.0074574173
220 257 193 241 273 364 cost 0.0073249955
110 147 193 241 273 364 cost 0.0071880537
183 220 337 386 91 182 cost 0.0070755582
0 73 289 386 0 182 cost 0.0070462802
110 147 144 193 273 364 cost 0.0069848137
147 183 241 289 273 364 cost 0.0069104909
220 294 96 193 546 728 cost 0.0068070099
147 183 96 144 182 273 cost 0.0068048756
183 220 144 193 273 364 cost 0.0066440426
257 294 193 241 182 273 cost 0.006117111
73 110 96 144 182 273 cost 0.0060605533
73 110 241 289 182 273 cost 0.0058625298
220 257 241 289 273 364 cost 0.0057749786
220 257 337 386 91 182 cost 0.0055354436
257 294 289 337 91 182 cost 0.0049715083
110 147 241 289 273 364 cost 0.0048079595
257 294 241 289 182 273 cost 0.0046834792
73 110 144 193 273 364 cost 0.0046340037
183 220 96 144 182 273 cost 0.00461427
147 183 337 386 91 182 cost 0.0046023135
110 147 96 144 273 364 cost 0.0043811581
257 294 337 386 0 91 cost 0.0043602918
73 110 193 241 273 364 cost 0.0043379749
147 220 0 96 182 364 cost 0.0038923762
257 294 193 241 273 364 cost 0.0038107306
147 183 96 144 273 364 cost 0.0035091888
73 110 96 144 273 364 cost 0.0030650899
257 294 241 289 273 364 cost 0.0029517309
73 110 241 289 273 364 cost 0.0027814014
257 294 337 386 91 182 cost 0.0023723461
0 73 0 96 182 364 cost 0.0022990569
0 73 289 386 182 364 cost 0.0022736089
183 220 96 144 273 364 cost 0.0022430278
147 220 0 96 364 546 cost 0.0014045097
147 220 0 96 546 728 cost 0.0013967854
220 294 0 96 0 182 cost 8.5288e-05
220 294 0 96 546 728 cost 2.76133e-05
220 294 0 96 182 364 cost 1.53239e-05
220 294 0 96 364 546 cost 6.6e-06
partitioning time: 0.335243 seconds
