hostname : cph-c54.uncc.edu
bounding: [1053872.965;1068485.726]x[860186.8419;879395.9741]x[3;730]
read 11056 observations
res: 100 100 1 bw: 500 500 7
box size: 148 x 194 x 728
nbparts: 32
mem: 0.01526069641 GB (this is an order of magnitude)
19138 states processed
solution: 0.0063003837 in 16 boxes.
naive: 0.0609225435 speedup:9.669656072
sumload:0.061604869 overhead:1.011199885
64 96 96 128 0 256 cost 0.0063003837
96 148 96 128 0 256 cost 0.0062205366
32 64 64 96 0 728 cost 0.0056615135
32 64 96 194 0 728 cost 0.0056118848
64 96 64 96 0 256 cost 0.0054335938
64 96 128 194 0 728 cost 0.005324648
96 148 128 160 0 728 cost 0.0052889026
32 64 0 64 0 728 cost 0.0043725319
96 148 0 96 0 728 cost 0.0041950516
96 148 96 128 256 728 cost 0.0026809419
96 148 160 194 0 256 cost 0.0024320027
64 96 0 64 0 728 cost 0.0022048834
64 96 96 128 256 728 cost 0.0021173703
64 96 64 96 256 728 cost 0.0017309092
0 32 0 194 0 728 cost 0.00108564
96 148 160 194 256 728 cost 0.000944075
partitioning time: 5.057837 seconds
