hostname : cph-c29.uncc.edu
bounding: [-130;-65]x[20;50]x[5875;5958]
read 588189 observations
res: 0.01 0.01 1 bw: 1 1 3
box size: 6501 x 3001 x 84
nbparts: 2048
solution: 1.805458913 in 2052 boxes.
naive: 643.6159509 speedup:356.4832998
sumload:1033.254845 overhead:1.605390362
5688 6501 2250 2625 31 42 cost 1.805458913
406 812 1687 1875 52 57 cost 1.794029485
5484 5688 1968 2062 78 81 cost 1.786794749
4875 5688 1125 1500 63 73 cost 1.786403225
812 1218 1687 1875 57 63 cost 1.780039854
5484 5688 1968 2062 75 78 cost 1.771145026
4875 5281 1500 1687 36 42 cost 1.770390279
4468 4875 2062 2250 31 36 cost 1.769505518
406 812 1687 1875 57 63 cost 1.769211957
4062 4875 750 1125 73 84 cost 1.768339806
4468 4875 2062 2250 63 68 cost 1.766053238
3250 3656 1312 1500 36 42 cost 1.761606117
1015 1218 1406 1500 49 52 cost 1.760117773
812 1218 1312 1500 68 73 cost 1.75804011
4062 4468 2062 2250 73 78 cost 1.748072254
4875 5688 2250 2625 42 52 cost 1.727947157
4875 5281 1875 2062 57 63 cost 1.726104731
1625 2437 1875 2250 52 63 cost 1.712888135
3250 4062 1500 1875 21 31 cost 1.711899456
4875 5281 1500 1687 42 47 cost 1.701847883
5688 6094 2062 2250 57 63 cost 1.698715543
2437 3250 1875 2250 52 63 cost 1.698406552
5281 5688 2062 2250 21 26 cost 1.691024941
1218 1625 1312 1500 36 42 cost 1.689023495
3250 3656 937 1125 26 31 cost 1.684361565
4875 5688 1500 1875 0 10 cost 1.680409282
2437 3250 1125 1500 52 63 cost 1.676092324
3250 4062 1875 2250 63 73 cost 1.676031693
1625 2437 1125 1500 10 21 cost 1.669160984
4875 5688 2250 2625 52 63 cost 1.668699825
4875 5281 562 750 52 57 cost 1.663852618
812 1218 1312 1500 31 36 cost 1.663046621
406 812 1687 1875 47 52 cost 1.661066864
3250 4062 1875 2250 73 84 cost 1.651821838
1015 1218 1312 1406 54 57 cost 1.648244484
5281 5688 1875 2062 5 10 cost 1.645602233
3250 4062 1500 1875 63 73 cost 1.641144854
1625 2437 1875 2250 42 52 cost 1.638507207
5281 5688 1687 1875 52 57 cost 1.633539551
5281 5688 2062 2250 15 21 cost 1.62877308
4875 6501 750 1500 0 21 cost 1.628758603
3250 3656 1312 1500 42 47 cost 1.624834654
2437 3250 1500 1875 31 42 cost 1.617796072
1015 1218 1406 1500 54 57 cost 1.61020991
0 812 2625 3001 42 52 cost 1.607544038
2843 3250 937 1125 47 52 cost 1.606040486
4062 4875 1125 1500 0 10 cost 1.590234791
1625 2031 1312 1500 47 52 cost 1.587049347
0 812 1500 1875 31 42 cost 1.579252869
4062 4875 750 1125 10 21 cost 1.576623775
5484 5688 1968 2062 33 36 cost 1.576342983
4875 5688 750 1125 31 42 cost 1.57399557
812 1625 2625 3001 52 63 cost 1.572823649
5281 5688 1687 1875 47 52 cost 1.563181758
5281 5688 1875 2062 10 15 cost 1.553121918
5484 5688 2062 2156 33 36 cost 1.550956488
1625 3250 0 750 42 63 cost 1.55085515
3250 3656 750 937 42 47 cost 1.5497122
4062 4875 2250 2625 10 21 cost 1.545900698
4062 4468 2062 2250 68 73 cost 1.541754884
4875 5688 2250 2625 31 42 cost 1.541225972
3250 3656 937 1125 57 63 cost 1.539277104
4875 5281 1687 1875 52 57 cost 1.536839958
5688 6094 2062 2250 63 68 cost 1.528549887
4468 4875 1312 1500 68 73 cost 1.520442562
812 1218 1312 1500 73 78 cost 1.519188304
4468 4875 1312 1500 31 36 cost 1.514014805
1625 2031 1312 1500 31 36 cost 1.512235735
4875 5281 1875 2062 31 36 cost 1.512041293
5688 6094 2062 2250 73 78 cost 1.506518555
4875 5688 750 1125 52 63 cost 1.505429154
1015 1218 1312 1406 52 54 cost 1.503468743
5281 5688 1687 1875 57 63 cost 1.49585958
5484 5688 2062 2156 65 68 cost 1.494962545
4062 4875 1500 1875 0 10 cost 1.491432878
5484 5688 2062 2156 42 44 cost 1.491042362
2437 3250 750 1125 21 31 cost 1.486838093
4875 5281 1687 1875 47 52 cost 1.480577922
5484 5688 1968 2062 42 44 cost 1.46676324
4468 4875 750 937 31 36 cost 1.466410392
3250 4875 0 750 63 84 cost 1.462458158
5484 5688 1968 2062 65 68 cost 1.458452064
1015 1218 1406 1500 52 54 cost 1.450927908
1218 1421 1312 1406 49 52 cost 1.443213101
4875 5688 375 750 21 31 cost 1.441381126
4468 4875 1500 1687 47 52 cost 1.440123709
4062 4468 937 1125 47 52 cost 1.439237646
4468 4875 1125 1312 47 52 cost 1.43735657
3250 3656 750 937 36 42 cost 1.436104783
2437 3250 1125 1500 21 31 cost 1.434052901
4875 5281 1312 1500 47 52 cost 1.433932435
3250 4062 2250 2625 63 73 cost 1.430180349
1015 1218 1312 1406 57 60 cost 1.428919156
1625 2437 1125 1500 63 73 cost 1.426501146
4875 5281 1500 1687 31 36 cost 1.422830112
4062 4468 2062 2250 26 31 cost 1.415811695
5688 6094 2062 2250 31 36 cost 1.41496145
4468 4875 2062 2250 26 31 cost 1.409675982
4062 4468 1875 2062 47 52 cost 1.406243031
5484 5688 2062 2156 63 65 cost 1.404637939
3250 4062 1125 1500 0 10 cost 1.403526604
1015 1218 1406 1500 57 60 cost 1.39472481
4062 4468 2062 2250 78 84 cost 1.390411899
3250 3656 937 1125 63 68 cost 1.387276524
4875 5688 375 750 63 73 cost 1.38402833
5281 5688 1687 1875 36 42 cost 1.368948958
5484 5688 1968 2062 63 65 cost 1.367270627
5688 6501 2250 2625 63 73 cost 1.365903181
4875 5281 1687 1875 57 63 cost 1.365605852
4468 4875 1875 2062 31 36 cost 1.364486346
4062 4468 937 1125 42 47 cost 1.363575625
0 812 2250 2625 63 73 cost 1.36266883
4468 4875 1500 1687 52 57 cost 1.360026938
4468 4875 750 937 57 63 cost 1.359144055
5484 5688 2062 2156 70 73 cost 1.353548436
812 1625 1875 2250 52 63 cost 1.3484564
812 1625 2625 3001 63 73 cost 1.348096567
3250 3656 937 1125 73 78 cost 1.347286478
3250 3656 750 937 47 52 cost 1.346802179
4875 5281 1500 1687 63 68 cost 1.344745202
4062 4468 2250 2437 47 52 cost 1.340150648
5688 6501 1875 2250 10 21 cost 1.339771713
4062 4468 1875 2062 36 42 cost 1.335171406
5688 6094 2062 2250 78 84 cost 1.329399518
1015 1218 1312 1406 47 49 cost 1.326603639
4468 4875 1875 2062 63 68 cost 1.319778515
812 1218 1312 1500 26 31 cost 1.319199885
4875 5281 1312 1500 52 57 cost 1.317781649
4875 5281 1312 1500 42 47 cost 1.316022477
4062 4468 1875 2062 42 47 cost 1.309599895
3250 3656 937 1125 68 73 cost 1.308674623
4062 4468 1500 1687 47 52 cost 1.306996284
1625 2031 1125 1312 36 42 cost 1.306501409
1218 1421 1312 1406 54 57 cost 1.30553378
5484 5688 1968 2062 70 73 cost 1.305388239
1015 1218 1312 1406 60 63 cost 1.30243839
4875 5281 1687 1875 36 42 cost 1.301825434
5281 5688 1875 2062 0 5 cost 1.299863762
1015 1218 1406 1500 47 49 cost 1.299146228
5281 5484 1875 1968 49 52 cost 1.298189879
812 1218 1500 1687 52 57 cost 1.297757055
5484 5688 2062 2156 73 75 cost 1.292552643
4468 4875 1500 1687 36 42 cost 1.291222313
4875 5281 2062 2250 47 52 cost 1.290749944
3250 3656 1312 1500 47 52 cost 1.289048554
5281 5688 1687 1875 42 47 cost 1.289017301
4062 4468 2250 2437 52 57 cost 1.287546898
4875 5281 1312 1500 57 63 cost 1.285265852
3250 3656 937 1125 15 21 cost 1.280699649
3250 3656 937 1125 78 84 cost 1.277901766
1015 1218 1312 1406 44 47 cost 1.276659345
0 812 1500 1875 73 84 cost 1.276410352
406 812 1687 1875 63 68 cost 1.275447608
812 1218 1687 1875 42 47 cost 1.274595217
4468 4875 1500 1687 42 47 cost 1.274396706
812 1625 1875 2250 42 52 cost 1.273661637
3250 4062 1500 1875 73 84 cost 1.271790422
812 1218 1500 1687 47 52 cost 1.266409377
3250 4062 1875 2250 10 21 cost 1.265200616
4468 4875 1125 1312 52 57 cost 1.263441901
4062 4468 2250 2437 57 63 cost 1.260877664
3250 3656 937 1125 21 26 cost 1.257678175
3250 3656 1125 1312 52 57 cost 1.257191389
1015 1218 1406 1500 44 47 cost 1.256708929
4468 4875 1125 1312 42 47 cost 1.256081778
3250 4062 2250 2625 73 84 cost 1.25476225
1015 1218 1406 1500 60 63 cost 1.254002714
5688 6094 2062 2250 68 73 cost 1.244080137
1625 2031 1312 1500 52 57 cost 1.234927863
4062 4468 1875 2062 52 57 cost 1.234558495
5688 6094 2250 2437 47 52 cost 1.233340166
0 812 1500 1875 21 31 cost 1.232948707
5484 5688 1968 2062 73 75 cost 1.230334158
4468 4875 2062 2250 68 73 cost 1.228883223
3250 3656 1125 1312 26 31 cost 1.227255707
4875 5281 562 750 57 63 cost 1.223781389
0 812 2625 3001 73 84 cost 1.221713481
4875 5281 1687 1875 42 47 cost 1.218954592
812 1625 1500 1875 0 10 cost 1.218434999
4875 5281 1875 2062 73 78 cost 1.218142542
5281 5688 2062 2250 5 10 cost 1.216975296
3656 4062 937 1125 47 52 cost 1.213950366
3250 4062 2250 2625 21 31 cost 1.210588531
4062 4468 1500 1687 52 57 cost 1.210062835
3250 4062 1500 1875 10 21 cost 1.207995845
3250 3453 1218 1312 39 42 cost 1.207889847
4468 4875 1312 1500 73 78 cost 1.202643956
406 812 1687 1875 42 47 cost 1.20173233
4875 5281 1312 1500 36 42 cost 1.194162361
5688 6501 2250 2625 73 84 cost 1.19142854
406 812 2625 2813 57 63 cost 1.19132493
4468 4875 2250 2437 57 63 cost 1.191175331
1218 1421 1312 1406 52 54 cost 1.191013442
4468 4875 1875 2062 73 78 cost 1.19091017
4875 5281 1875 2062 63 68 cost 1.18843604
406 812 2437 2625 57 63 cost 1.186273871
4875 6501 0 750 0 21 cost 1.184226079
5281 5484 1875 1968 54 57 cost 1.183737932
4468 4875 2062 2250 73 78 cost 1.182756017
4468 4875 1125 1312 57 63 cost 1.180509175
4468 4875 1500 1687 57 63 cost 1.175645036
4875 5281 2062 2250 52 57 cost 1.174288231
4875 5688 1125 1500 21 31 cost 1.17377328
1625 2031 1125 1312 42 47 cost 1.172303663
4875 5281 2062 2250 36 42 cost 1.171527372
4875 5281 1500 1687 26 31 cost 1.169390239
5484 5688 2062 2156 81 84 cost 1.168073547
4062 4468 2062 2250 21 26 cost 1.167192675
2437 3250 1875 2250 31 42 cost 1.165495057
1218 1625 1500 1687 47 52 cost 1.163195449
4468 4875 1312 1500 26 31 cost 1.160813968
4062 4468 2250 2437 36 42 cost 1.160687124
4875 5281 1875 2062 26 31 cost 1.15738981
812 1218 1687 1875 63 68 cost 1.156779109
1218 1421 1312 1406 57 60 cost 1.156422941
0 812 1500 1875 10 21 cost 1.154199087
1218 1625 1125 1312 47 52 cost 1.152579471
4062 4468 1500 1687 42 47 cost 1.150713798
1218 1625 1125 1312 52 57 cost 1.149274071
4875 5281 562 750 31 36 cost 1.148115251
4062 4468 937 1125 52 57 cost 1.142210578
4062 4468 2062 2250 15 21 cost 1.139693908
1625 3250 0 750 21 42 cost 1.139402163
3250 3656 1312 1500 31 36 cost 1.137529552
5281 5688 2062 2250 10 15 cost 1.137474164
2437 3250 750 1125 63 73 cost 1.136602984
1625 2437 1875 2250 63 73 cost 1.131844108
4062 4468 1875 2062 57 63 cost 1.129015211
812 1625 2625 3001 42 52 cost 1.125302388
1218 1625 1312 1500 68 73 cost 1.124520446
4468 4875 1875 2062 26 31 cost 1.122908873
5484 5688 1968 2062 81 84 cost 1.121133169
5281 5484 1875 1968 52 54 cost 1.115080262
1625 2031 1312 1500 26 31 cost 1.114747385
4062 4468 2250 2437 42 47 cost 1.112154136
2843 3250 1125 1312 36 42 cost 1.108979761
5688 6094 2062 2250 26 31 cost 1.107867667
4062 4875 2250 2625 0 10 cost 1.105056092
4875 5281 2062 2250 42 47 cost 1.100857402
4468 4875 937 1125 47 52 cost 1.099682305
4468 4875 1125 1312 36 42 cost 1.098544962
5484 5688 1968 2062 28 31 cost 1.097787362
1218 1625 1500 1687 52 57 cost 1.096476651
5484 5688 2062 2156 28 31 cost 1.09578665
406 812 2437 2625 52 57 cost 1.094687731
3656 4062 937 1125 52 57 cost 1.088367255
812 1218 1312 1500 78 84 cost 1.08637416
1218 1625 1312 1500 31 36 cost 1.085851984
2843 3250 750 937 42 47 cost 1.085398222
5484 5688 2062 2156 68 70 cost 1.083435461
1218 1421 1312 1406 60 63 cost 1.081968821
1218 1421 1312 1406 47 49 cost 1.081844185
4062 4468 1500 1687 36 42 cost 1.08064393
4062 4468 1312 1500 47 52 cost 1.079330525
3250 3453 1218 1312 44 47 cost 1.075733022
812 1218 1312 1500 15 21 cost 1.074848321
5281 5484 1875 1968 39 42 cost 1.072804857
4875 5281 2062 2250 31 36 cost 1.070717878
2843 3250 1125 1312 42 47 cost 1.070632748
4875 5281 1875 2062 68 73 cost 1.06448876
406 812 2625 2813 63 68 cost 1.063828511
812 1218 1500 1687 57 63 cost 1.062114023
4062 4468 1500 1687 57 63 cost 1.056152142
406 812 2437 2625 47 52 cost 1.054931411
0 812 2250 2625 31 42 cost 1.054089219
0 812 2625 3001 31 42 cost 1.052926806
4875 5281 1687 1875 31 36 cost 1.05213237
2437 3250 750 1125 10 21 cost 1.050751712
1625 2031 1125 1312 47 52 cost 1.050496521
5484 5688 1968 2062 68 70 cost 1.050075425
4468 4875 937 1125 42 47 cost 1.049910653
4468 4875 562 750 36 42 cost 1.048784636
1218 1421 1312 1406 44 47 cost 1.046810036
2843 3250 750 937 36 42 cost 1.042442744
5688 6094 2250 2437 42 47 cost 1.042341117
3250 3453 1218 1312 36 39 cost 1.039793097
5484 5688 1968 2062 31 33 cost 1.035351249
812 1218 1312 1500 21 26 cost 1.034504194
5688 6094 2250 2437 52 57 cost 1.032529041
1625 2437 1875 2250 31 42 cost 1.027611815
5484 5688 2062 2156 31 33 cost 1.026181607
1218 1625 1125 1312 57 63 cost 1.022874243
4468 4875 2062 2250 21 26 cost 1.020160949
4468 4875 562 750 47 52 cost 1.019349247
1218 1421 1406 1500 49 52 cost 1.018291064
4062 4468 937 1125 36 42 cost 1.015597786
4875 5688 2250 2625 63 73 cost 1.013083453
812 1625 2250 2625 52 63 cost 1.008986089
4468 4875 1687 1875 52 57 cost 1.008593506
4468 4875 562 750 42 47 cost 1.006331496
812 1218 1312 1500 10 15 cost 1.005083946
5688 6501 1875 2250 0 10 cost 1.003837656
4468 4875 1687 1875 57 63 cost 1.003515726
5281 5484 1875 1968 44 47 cost 1.002239575
2437 2843 1875 2062 47 52 cost 1.002069066
5281 5688 2062 2250 0 5 cost 1.000666669
5281 5688 1687 1875 31 36 cost 0.9999433737
4468 4875 1687 1875 47 52 cost 0.9986714424
5281 5484 1875 1968 36 39 cost 0.9978513528
2843 3250 937 1125 52 57 cost 0.9970514976
4875 5281 1875 2062 78 84 cost 0.9954832507
5281 5688 1687 1875 63 68 cost 0.9947382307
2437 3250 1500 1875 52 63 cost 0.9930809412
1218 1625 1500 1687 42 47 cost 0.9907007228
4062 4468 2250 2437 63 68 cost 0.988976554
2437 3250 1125 1500 63 73 cost 0.9871031919
5281 5484 1875 1968 57 60 cost 0.9855894647
4062 4875 750 1125 0 10 cost 0.9851638817
3250 3453 1218 1312 42 44 cost 0.9846670953
4468 4875 937 1125 36 42 cost 0.9842019833
4468 4875 1875 2062 68 73 cost 0.9840594616
4062 4468 1687 1875 47 52 cost 0.9810418305
2437 3250 1125 1500 10 21 cost 0.9801336898
4062 4468 937 1125 57 63 cost 0.9792917172
4468 4875 2250 2437 63 68 cost 0.9786585085
3250 3656 937 1125 10 15 cost 0.9756518121
1625 3250 2250 3001 42 63 cost 0.9753832905
4062 4468 1312 1500 42 47 cost 0.9738888276
5688 6501 2250 2625 21 31 cost 0.9719794247
1218 1625 1312 1500 73 78 cost 0.9702739798
4875 5078 562 656 44 47 cost 0.96813584
1625 2437 1125 1500 73 84 cost 0.9675564038
4468 4875 1875 2062 78 84 cost 0.9645780105
3250 3656 1500 1687 42 47 cost 0.9634007517
1625 2437 1500 1875 42 52 cost 0.961343946
3250 3656 1500 1687 36 42 cost 0.9597047609
4875 5688 375 750 73 84 cost 0.9580620442
4062 4468 1875 2062 31 36 cost 0.9526160597
4468 4875 937 1125 52 57 cost 0.9525543426
4875 5688 2250 2625 73 84 cost 0.9514576162
4062 4468 1312 1500 52 57 cost 0.9493596172
812 1218 1312 1500 5 10 cost 0.9491235003
4468 4875 2250 2437 52 57 cost 0.9440650088
4468 4875 750 937 26 31 cost 0.9422352193
3656 4062 937 1125 42 47 cost 0.9411365835
4062 4468 1312 1500 36 42 cost 0.9405509233
4468 4875 562 750 52 57 cost 0.9390022904
3250 3453 937 1031 39 42 cost 0.9348063011
3250 3656 937 1125 5 10 cost 0.934635405
1218 1421 1406 1500 54 57 cost 0.9333371504
5281 5484 1875 1968 47 49 cost 0.9275149076
5688 6094 2062 2250 21 26 cost 0.9260671751
4468 4875 2250 2437 36 42 cost 0.9259096341
1625 2031 1125 1312 31 36 cost 0.9249673335
1015 1218 1312 1406 65 68 cost 0.923783599
4468 4875 2062 2250 15 21 cost 0.9235465338
4875 5078 562 656 49 52 cost 0.9226284771
4875 5281 2062 2250 57 63 cost 0.9221856967
2437 3250 1875 2250 63 73 cost 0.9216203798
5688 6094 2250 2437 57 63 cost 0.920476781
2437 3250 750 1125 73 84 cost 0.9202774039
4468 4875 1687 1875 36 42 cost 0.9193350955
4875 5281 1687 1875 63 68 cost 0.9170734296
406 812 2625 2813 52 57 cost 0.9169275023
4062 4468 2250 2437 31 36 cost 0.9160346978
5281 5484 1968 2062 49 52 cost 0.9154131038
3250 4062 375 750 42 52 cost 0.9124990005
4062 4468 1687 1875 52 57 cost 0.9115247165
2843 3250 937 1125 31 36 cost 0.9113784641
2843 3250 750 937 47 52 cost 0.9082168349
4062 4468 1687 1875 57 63 cost 0.9080317032
812 1218 1500 1687 42 47 cost 0.9042385572
4875 5281 750 937 42 47 cost 0.8993756769
4062 4468 1687 1875 36 42 cost 0.8993308322
1625 2031 1312 1500 57 63 cost 0.8972787508
3250 3656 1500 1687 47 52 cost 0.8960638684
4468 4875 750 937 63 68 cost 0.8947307615
1015 1218 1312 1406 63 65 cost 0.8946165796
4468 4875 1500 1687 31 36 cost 0.8941369945
4875 5281 750 937 47 52 cost 0.8928974761
4468 4875 1125 1312 63 68 cost 0.8887338688
812 1625 2250 2625 42 52 cost 0.888537465
4875 5688 2250 2625 21 31 cost 0.8845284322
4062 4468 1687 1875 42 47 cost 0.8831859491
4468 4875 2062 2250 78 84 cost 0.8821612534
2843 3250 1312 1500 36 42 cost 0.8799874665
812 1218 1687 1875 36 42 cost 0.8786306246
4468 4875 2250 2437 47 52 cost 0.8773210116
406 812 1687 1875 68 73 cost 0.8761344956
1625 2437 1125 1500 0 10 cost 0.8743886419
0 812 2250 2625 73 84 cost 0.8741000762
1015 1218 1406 1500 65 68 cost 0.8736970665
4062 4875 375 750 21 31 cost 0.8736864087
4468 4875 1687 1875 42 47 cost 0.8732905274
3250 3453 1218 1312 33 36 cost 0.8713405397
4468 4875 1875 2062 21 26 cost 0.8709449464
4875 5281 1875 2062 21 26 cost 0.8708612289
4062 4265 2156 2250 49 52 cost 0.8635845793
4875 5281 375 562 47 52 cost 0.862591667
5281 5484 1875 1968 60 63 cost 0.861703353
3250 3453 937 1031 44 47 cost 0.8613602235
4468 4875 2250 2437 31 36 cost 0.8612090729
4875 5281 1500 1687 68 73 cost 0.8596355546
3656 4062 937 1125 57 63 cost 0.8558154673
4875 5281 375 562 42 47 cost 0.8536966586
1015 1218 1406 1500 63 65 cost 0.8446494454
4468 4875 1500 1687 63 68 cost 0.8442652373
5281 5484 1875 1968 33 36 cost 0.8433654188
1218 1421 1406 1500 52 54 cost 0.8426014172
3250 4062 1875 2250 0 10 cost 0.842285883
3250 4062 2250 2625 10 21 cost 0.8419975725
1218 1625 1312 1500 26 31 cost 0.8417134414
2843 3250 1312 1500 42 47 cost 0.8414773659
4875 5281 2062 2250 26 31 cost 0.8407665052
1015 1218 1312 1406 39 42 cost 0.8403574918
1218 1625 1500 1687 57 63 cost 0.8388624401
3250 3656 1125 1312 57 63 cost 0.836295775
2437 3250 1125 1500 73 84 cost 0.8349062107
2843 3250 1125 1312 47 52 cost 0.8347542092
4468 4875 937 1125 57 63 cost 0.832083751
1218 1421 1406 1500 57 60 cost 0.8303068544
3250 4875 0 750 0 21 cost 0.8276227717
3250 4062 1500 1875 0 10 cost 0.8248383233
5281 5688 1687 1875 73 78 cost 0.8246392479
4875 5281 1687 1875 26 31 cost 0.8243833326
4875 5281 1500 1687 21 26 cost 0.8235447583
4875 5281 1312 1500 31 36 cost 0.8234260356
406 812 2625 2813 68 73 cost 0.8220382534
1218 1625 1125 1312 42 47 cost 0.820569808
5281 5484 1875 1968 42 44 cost 0.8202999272
4875 5281 1687 1875 73 78 cost 0.8200740015
1015 1218 1406 1500 39 42 cost 0.8200031691
1625 2031 1125 1312 52 57 cost 0.8168872931
5281 5484 1968 2062 39 42 cost 0.8168550037
3250 3656 1125 1312 15 21 cost 0.8158375952
3250 3656 1312 1500 52 57 cost 0.8157103854
4062 4468 1125 1312 47 52 cost 0.8152863097
1015 1218 1312 1406 42 44 cost 0.8151742827
2437 3250 1875 2250 73 84 cost 0.8130992856
4875 5281 1875 2062 15 21 cost 0.8124609725
4875 5688 1125 1500 73 84 cost 0.8122450084
4875 5078 562 656 47 49 cost 0.8115482782
4062 4468 1500 1687 31 36 cost 0.8105556655
3046 3250 937 1031 39 42 cost 0.8097114698
4062 4468 1875 2062 63 68 cost 0.8089805594
4062 4468 1312 1500 57 63 cost 0.8069470045
812 1625 2625 3001 31 42 cost 0.8066474222
5281 5484 1968 2062 54 57 cost 0.8008272484
3250 3656 1687 1875 36 42 cost 0.7982167764
3250 3656 1875 2062 42 47 cost 0.7981314671
3250 3453 1218 1312 47 49 cost 0.797965324
1015 1218 1406 1500 42 44 cost 0.7970717763
4671 4875 750 843 44 47 cost 0.7970388468
3250 3453 937 1031 36 39 cost 0.7964551841
4468 4875 562 750 57 63 cost 0.7961449386
3250 3453 1218 1312 49 52 cost 0.7961385653
5281 5484 1968 2062 36 39 cost 0.7960440426
3250 3656 1875 2062 47 52 cost 0.7941419573
3453 3656 937 1031 39 42 cost 0.7935011644
2437 3250 750 1125 0 10 cost 0.7931076898
1218 1625 1500 1687 36 42 cost 0.7922366731
3453 3656 937 1031 44 47 cost 0.7918848606
3250 3453 937 1031 49 52 cost 0.7910157549
4062 4468 2250 2437 73 78 cost 0.7909455597
406 812 2437 2625 42 47 cost 0.7893939532
4875 5078 562 656 39 42 cost 0.7888425032
4875 5281 1500 1687 73 78 cost 0.7886289574
4468 4875 1875 2062 15 21 cost 0.7886121837
3250 3656 750 937 52 57 cost 0.785750206
0 812 2625 3001 21 31 cost 0.7850535683
4062 4468 937 1125 63 68 cost 0.7841474382
812 1625 2625 3001 73 84 cost 0.7836332881
4468 4875 1312 1500 78 84 cost 0.7813180578
5484 5688 1968 2062 23 26 cost 0.7808295145
4671 4875 750 843 49 52 cost 0.7807952593
3250 3656 1687 1875 42 47 cost 0.7804643285
1625 2437 1875 2250 73 84 cost 0.7793352724
1218 1421 1406 1500 60 63 cost 0.7784108843
5281 5484 1968 2062 52 54 cost 0.7776985775
3250 3453 937 1031 42 44 cost 0.7775253991
4062 4468 1125 1312 42 47 cost 0.7770844949
1625 2437 1500 1875 31 42 cost 0.7737667002
3656 4062 937 1125 36 42 cost 0.7734128253
4468 4875 1312 1500 21 26 cost 0.7692472774
5281 5688 1687 1875 68 73 cost 0.7680872582
4062 4468 2062 2250 5 10 cost 0.7677340275
4468 4875 2250 2437 42 47 cost 0.7642600564
3250 3656 1125 1312 21 26 cost 0.7630689069
3046 3250 937 1031 44 47 cost 0.7600805323
3250 3453 937 1031 47 49 cost 0.7563419107
1218 1421 1406 1500 47 49 cost 0.7562295988
1218 1421 1312 1406 63 65 cost 0.7558462371
3250 3656 750 937 31 36 cost 0.7557785904
1218 1421 1312 1406 65 68 cost 0.7536791048
3250 3656 1875 2062 36 42 cost 0.7482187072
4875 5281 1500 1687 15 21 cost 0.7473712598
1625 2031 1312 1500 21 26 cost 0.7465516933
4468 4671 1312 1406 49 52 cost 0.7462821635
5484 5688 2062 2156 26 28 cost 0.7437565408
4468 4875 1125 1312 31 36 cost 0.7425962785
5281 5688 1687 1875 26 31 cost 0.7397073412
4468 4875 1687 1875 63 68 cost 0.737779781
5484 5688 1968 2062 26 28 cost 0.7368431343
3250 3656 1125 1312 63 68 cost 0.7340658995
4875 5281 1687 1875 68 73 cost 0.7328888407
0 812 2250 2625 21 31 cost 0.7317507326
3250 3656 1312 1500 26 31 cost 0.7313578691
1625 2437 1500 1875 52 63 cost 0.7310014209
4062 4468 2250 2437 68 73 cost 0.730277047
1218 1421 1406 1500 44 47 cost 0.7293841991
1218 1625 1312 1500 78 84 cost 0.7293176457
5281 5484 1875 1968 75 78 cost 0.7282040596
4062 4468 1875 2062 73 78 cost 0.7279838035
5688 5891 2156 2250 49 52 cost 0.7279327123
5281 5484 1968 2062 44 47 cost 0.7277612043
4062 4468 1500 1687 63 68 cost 0.7274705048
3656 4062 2062 2250 36 42 cost 0.7270753796
3250 3453 1031 1125 39 42 cost 0.7267052675
4062 4468 2062 2250 10 15 cost 0.7251788515
4875 5078 562 656 42 44 cost 0.724402822
4468 4875 1312 1500 15 21 cost 0.7231106127
1218 1625 1312 1500 15 21 cost 0.7229924995
3250 3656 1687 1875 47 52 cost 0.7227138469
3250 3656 1125 1312 68 73 cost 0.7225315638
4671 4875 750 843 39 42 cost 0.7221716112
4062 4265 2156 2250 54 57 cost 0.7180151862
4875 5281 375 562 36 42 cost 0.7178545035
3656 4062 1687 1875 47 52 cost 0.7172900662
4875 5688 750 1125 63 73 cost 0.7148000193
5281 5484 1968 2062 33 36 cost 0.7144142958
4468 4875 750 937 68 73 cost 0.7141466508
4062 4468 1125 1312 36 42 cost 0.7121318578
4062 4265 2156 2250 44 47 cost 0.7117331562
4875 5281 375 562 52 57 cost 0.7106518653
5484 5688 1968 2062 18 21 cost 0.7103760407
812 1218 1687 1875 68 73 cost 0.7100317793
4468 4875 2250 2437 68 73 cost 0.7065798287
4468 4875 562 750 31 36 cost 0.705030607
1015 1218 1312 1406 36 39 cost 0.7031103436
4875 5281 2062 2250 73 78 cost 0.7019334603
5078 5281 1875 1968 49 52 cost 0.701287749
3250 3656 1125 1312 73 78 cost 0.701059496
0 812 1500 1875 0 10 cost 0.6996530515
2437 3250 1125 1500 0 10 cost 0.696701235
4875 5281 1687 1875 78 84 cost 0.696591709
3453 3656 937 1031 49 52 cost 0.6961613023
4062 4468 1687 1875 63 68 cost 0.695407658
4062 4265 2156 2250 52 54 cost 0.6934915734
3453 3656 937 1031 42 44 cost 0.6919335514
5484 5688 2156 2250 49 52 cost 0.691109589
5688 6501 2250 2625 10 21 cost 0.6902442991
4062 4468 1875 2062 26 31 cost 0.6890401891
2437 2843 1875 2062 42 47 cost 0.6855556683
5281 5484 1875 1968 78 81 cost 0.6855541439
1015 1218 1406 1500 36 39 cost 0.6812691219
4671 4875 843 937 44 47 cost 0.6808717996
4468 4875 937 1125 31 36 cost 0.6804163891
4468 4671 1312 1406 44 47 cost 0.6796795906
5281 5688 1687 1875 78 84 cost 0.6794629607
3046 3250 937 1031 42 44 cost 0.679047722
3656 4062 937 1125 63 68 cost 0.6779117444
4062 4468 2250 2437 26 31 cost 0.6772964477
4875 5281 2062 2250 63 68 cost 0.6768764812
2843 3250 1312 1500 47 52 cost 0.676385302
5281 5484 1875 1968 65 68 cost 0.6750752185
4468 4875 2250 2437 26 31 cost 0.6736938823
1218 1625 1312 1500 21 26 cost 0.6735254313
5281 5484 1968 2062 57 60 cost 0.6734173025
4468 4875 1125 1312 68 73 cost 0.673079889
3453 3656 937 1031 47 49 cost 0.6716501646
1218 1421 1312 1406 42 44 cost 0.6707850029
2843 3250 1125 1312 31 36 cost 0.6702086097
5281 5484 1968 2062 47 49 cost 0.66839751
812 1218 1687 1875 31 36 cost 0.6667497198
4671 4875 843 937 49 52 cost 0.6665223577
4062 4468 1875 2062 68 73 cost 0.6657854679
1625 3250 2250 3001 21 42 cost 0.6636731463
4468 4671 1406 1500 49 52 cost 0.6611415328
4468 4875 2250 2437 73 78 cost 0.6605980913
4062 4468 1125 1312 52 57 cost 0.6595609459
4062 4468 1687 1875 31 36 cost 0.6586662581
4671 4875 750 843 47 49 cost 0.6577604344
3656 4062 1875 2062 47 52 cost 0.6571442453
4468 4875 1687 1875 31 36 cost 0.6560124852
3453 3656 937 1031 36 39 cost 0.6557547396
4468 4875 2062 2250 5 10 cost 0.6556523965
4062 4265 2156 2250 47 49 cost 0.6551021897
1625 2031 1125 1312 26 31 cost 0.6546921161
4671 4875 750 843 36 39 cost 0.6541378275
3046 3250 937 1031 36 39 cost 0.6541138981
4875 5281 1500 1687 78 84 cost 0.6535698833
812 1625 1875 2250 63 73 cost 0.6519433164
2437 3250 1500 1875 21 31 cost 0.6486658736
5078 5281 1875 1968 54 57 cost 0.6419531996
4062 4468 2062 2250 0 5 cost 0.6417066771
4875 5078 562 656 36 39 cost 0.6416396437
3250 3656 937 1125 0 5 cost 0.6412259007
3250 3453 1031 1125 44 47 cost 0.6402287594
4875 5281 1125 1312 47 52 cost 0.6400238125
4875 5688 750 1125 21 31 cost 0.6369470451
3250 3656 2062 2250 36 42 cost 0.6351097087
5484 5688 1968 2062 15 18 cost 0.6349975018
812 1625 2250 2625 63 73 cost 0.6347494518
812 1015 1687 1781 54 57 cost 0.6347134873
3656 4062 1687 1875 52 57 cost 0.6345569654
812 1015 1781 1875 49 52 cost 0.6330712316
4062 4265 2156 2250 60 63 cost 0.6313741562
812 1625 1875 2250 31 42 cost 0.6305302439
4062 4468 1500 1687 73 78 cost 0.6294949674
4468 4875 1500 1687 26 31 cost 0.6283375123
812 1015 1687 1781 49 52 cost 0.6280473854
1218 1625 1125 1312 63 68 cost 0.627867137
5688 5891 2156 2250 47 49 cost 0.6276897829
0 812 1875 2250 52 63 cost 0.6273359096
3250 3453 1031 1125 36 39 cost 0.6261659396
4468 4875 937 1125 63 68 cost 0.6254778902
4062 4265 2156 2250 39 42 cost 0.6254668111
3656 4062 2062 2250 42 47 cost 0.6251314633
4468 4875 1500 1687 68 73 cost 0.6248204822
812 1218 1687 1875 73 78 cost 0.6246045455
4468 4671 1312 1406 54 57 cost 0.624529964
5484 5688 1968 2062 21 23 cost 0.6233268472
4062 4265 2062 2156 49 52 cost 0.6231988993
1218 1625 1312 1500 10 15 cost 0.6224556619
4062 4468 1500 1687 26 31 cost 0.6217114463
4062 4265 2156 2250 57 60 cost 0.621604182
5281 5484 1875 1968 63 65 cost 0.6196187025
4468 4875 750 937 21 26 cost 0.6177462384
4671 4875 750 843 42 44 cost 0.6167127945
3250 3656 1875 2062 52 57 cost 0.6158273698
3656 4062 1687 1875 42 47 cost 0.614027231
4468 4671 1312 1406 60 63 cost 0.6139291012
4875 5688 2250 2625 10 21 cost 0.6117366374
3656 4062 1500 1687 47 52 cost 0.6105433994
4468 4875 1500 1687 73 78 cost 0.6102266399
5281 5484 1968 2062 60 63 cost 0.6096625595
812 1015 1781 1875 54 57 cost 0.6095291552
4468 4671 1312 1406 47 49 cost 0.6091077161
5688 5891 2156 2250 39 42 cost 0.6089494443
812 1218 1687 1875 26 31 cost 0.6073856708
3656 4062 2062 2250 47 52 cost 0.6068749582
2437 3250 1875 2250 21 31 cost 0.6064246165
5281 5484 1875 1968 70 73 cost 0.6048889854
5688 5891 2062 2156 49 52 cost 0.6042802544
3656 4062 1875 2062 52 57 cost 0.6040545141
4062 4468 2250 2437 78 84 cost 0.602195424
4062 4468 1687 1875 73 78 cost 0.6020191445
5281 5484 1875 1968 28 31 cost 0.6017176236
5281 5484 1968 2062 42 44 cost 0.6016713867
4468 4671 1312 1406 57 60 cost 0.6013337348
4062 4468 1312 1500 31 36 cost 0.5990802073
3656 4062 1312 1500 47 52 cost 0.5990340653
3250 3656 1500 1687 52 57 cost 0.5969323232
3250 3656 2062 2250 42 47 cost 0.5968824913
5078 5281 1875 1968 52 54 cost 0.5960652353
4875 5281 2062 2250 68 73 cost 0.5954591576
3250 3453 1218 1312 31 33 cost 0.595417132
4468 4875 2062 2250 10 15 cost 0.5945528335
4875 5281 2062 2250 78 84 cost 0.5933942203
3250 3453 1031 1125 42 44 cost 0.5915409392
4671 4875 2062 2156 49 52 cost 0.5911186268
4875 5281 1875 2062 5 10 cost 0.5910337303
3250 3656 2062 2250 47 52 cost 0.5904733987
4671 4875 750 843 52 54 cost 0.5891711628
3656 4062 1312 1500 42 47 cost 0.5881034398
4875 5078 656 750 44 47 cost 0.5879735686
4671 4875 843 937 39 42 cost 0.5872590234
4468 4671 1406 1500 44 47 cost 0.5862207327
3250 4062 2250 2625 0 10 cost 0.5855216904
4875 5281 1687 1875 21 26 cost 0.5851464703
1625 2437 1875 2250 21 31 cost 0.5826085006
3250 3453 1031 1125 49 52 cost 0.5814578973
4671 4875 750 843 54 57 cost 0.5813783437
0 812 2625 3001 10 21 cost 0.5809518163
0 812 1875 2250 42 52 cost 0.580223335
3250 3453 937 1031 33 36 cost 0.579532332
1625 2031 1125 1312 57 63 cost 0.5770358343
1218 1625 1125 1312 36 42 cost 0.5757487403
4875 5281 1125 1312 52 57 cost 0.5755033142
5484 5688 2156 2250 39 42 cost 0.5751235947
3250 3453 1125 1218 39 42 cost 0.5750823948
1116 1218 1359 1406 50 52 cost 0.5749020806
2843 3250 937 1125 57 63 cost 0.5745112777
812 1218 1500 1687 36 42 cost 0.573512735
4468 4671 1312 1406 52 54 cost 0.5710859266
4671 4875 843 937 47 49 cost 0.569824038
1625 3250 2250 3001 63 84 cost 0.5696732766
3250 3656 1125 1312 10 15 cost 0.5694842978
1218 1625 1312 1500 5 10 cost 0.5689896089
5484 5688 2156 2250 44 47 cost 0.5686058837
5688 5891 2156 2250 52 54 cost 0.5676742533
5484 5688 2156 2250 52 54 cost 0.5670134395
5688 5891 2156 2250 44 47 cost 0.5666432386
812 1625 2625 3001 21 31 cost 0.5655581367
4468 4671 1406 1500 54 57 cost 0.5642613032
3250 3656 1125 1312 78 84 cost 0.5641783466
1625 1828 1312 1406 44 47 cost 0.5631948674
5484 5688 2156 2250 47 49 cost 0.5629718436
5484 5586 2015 2062 50 52 cost 0.5628890408
3250 3656 1500 1687 31 36 cost 0.5622491608
4062 4468 1687 1875 68 73 cost 0.5620677111
4671 4875 2156 2250 49 52 cost 0.5618734755
4875 5281 2062 2250 21 26 cost 0.5611285631
5078 5281 1875 1968 44 47 cost 0.5597995138
5281 5484 1875 1968 31 33 cost 0.5561048312
4875 5281 1125 1312 42 47 cost 0.5560495318
3656 4062 1875 2062 42 47 cost 0.5558046036
1625 1828 1312 1406 39 42 cost 0.5553912429
5281 5688 1687 1875 21 26 cost 0.5552882062
5688 5891 2156 2250 36 39 cost 0.5550434384
0 812 2250 2625 10 21 cost 0.5548776328
5078 5281 1875 1968 39 42 cost 0.5537636361
5586 5688 2062 2109 50 52 cost 0.5530461848
3250 3453 1031 1125 47 49 cost 0.5528646701
2843 3250 1500 1687 42 47 cost 0.5525569133
1116 1218 1312 1359 50 52 cost 0.552493707
4062 4265 2156 2250 36 39 cost 0.552174395
4468 4875 1125 1312 26 31 cost 0.5512462021
4062 4468 1500 1687 68 73 cost 0.5512154392
4468 4875 1687 1875 73 78 cost 0.5510202383
4468 4671 1406 1500 60 63 cost 0.5509431463
3656 4062 1500 1687 42 47 cost 0.5503471635
4062 4468 937 1125 68 73 cost 0.549948279
4875 5078 656 750 49 52 cost 0.5491914473
4468 4875 1875 2062 5 10 cost 0.5488224914
1218 1625 1500 1687 31 36 cost 0.546187338
4468 4875 1687 1875 68 73 cost 0.5456749964
4062 4468 1312 1500 63 68 cost 0.5451860777
3250 3656 1687 1875 52 57 cost 0.5450877312
1218 1421 1406 1500 65 68 cost 0.5419590466
1218 1421 1406 1500 63 65 cost 0.5416656548
5281 5484 1968 2062 75 78 cost 0.5413451322
812 1015 1687 1781 52 54 cost 0.540890007
4468 4671 1406 1500 57 60 cost 0.5404865981
3656 4062 2437 2625 47 52 cost 0.5394233204
3250 3453 937 1031 52 54 cost 0.5389139932
4062 4468 1875 2062 78 84 cost 0.5383042669
5281 5484 1875 1968 73 75 cost 0.5355714014
812 1218 1312 1500 0 5 cost 0.5355623102
812 1218 1125 1312 52 57 cost 0.5348701593
5586 5688 2109 2156 50 52 cost 0.5341382642
812 1218 1687 1875 78 84 cost 0.5326196105
812 1218 1500 1687 63 68 cost 0.5322205508
5688 6501 2250 2625 0 10 cost 0.5313135888
4062 4468 937 1125 31 36 cost 0.5305709674
4468 4875 2062 2250 0 5 cost 0.5302666303
4062 4468 1125 1312 57 63 cost 0.5300664295
3250 3656 1312 1500 57 63 cost 0.5300333535
5586 5688 2015 2062 50 52 cost 0.5287478577
812 1015 1781 1875 52 54 cost 0.5281525438
4468 4671 1312 1406 39 42 cost 0.5279321123
5484 5586 2062 2109 50 52 cost 0.5277816055
812 1218 1687 1875 15 21 cost 0.5277697777
4062 4265 2062 2156 44 47 cost 0.5274464043
4875 5281 1875 2062 10 15 cost 0.5274455063
4875 5281 2062 2250 15 21 cost 0.5272058351
4671 4875 843 937 36 39 cost 0.5268153135
4062 4468 1500 1687 78 84 cost 0.5266121931
4875 5078 1500 1593 49 52 cost 0.5261963281
5484 5688 2156 2250 36 39 cost 0.5259604502
4062 4468 1875 2062 21 26 cost 0.524936442
5281 5484 1968 2062 78 81 cost 0.5248893947
4468 4671 1406 1500 47 49 cost 0.5248511482
1625 1828 1312 1406 36 39 cost 0.5247079096
4468 4875 1312 1500 10 15 cost 0.5236169783
4468 4875 1875 2062 10 15 cost 0.5234628651
4875 5281 1687 1875 15 21 cost 0.5229299498
3656 4062 2437 2625 36 42 cost 0.5218296247
3250 4062 375 750 31 42 cost 0.5200677119
812 1218 1125 1312 47 52 cost 0.5195616092
5281 5688 1687 1875 15 21 cost 0.5187499638
5484 5688 2156 2250 60 63 cost 0.5172076852
5281 5484 1968 2062 28 31 cost 0.517140547
5484 5688 2156 2250 54 57 cost 0.5169881749
3656 4062 1687 1875 36 42 cost 0.5167594747
3250 3453 1125 1218 44 47 cost 0.516673081
4062 4468 2250 2437 21 26 cost 0.5156467154
4468 4671 1406 1500 52 54 cost 0.5154921283
5688 5891 2062 2156 47 49 cost 0.5152092309
4671 4875 843 937 42 44 cost 0.5136959651
5281 5688 1500 1687 57 63 cost 0.5135839648
2437 3250 1500 1875 63 73 cost 0.5130926529
5078 5281 1875 1968 47 49 cost 0.5130097326
5484 5688 2156 2250 75 78 cost 0.5125076357
2843 3250 750 937 31 36 cost 0.5117544325
4468 4875 937 1125 26 31 cost 0.511438248
4062 4468 1875 2062 15 21 cost 0.5114219588
4062 4265 2062 2156 54 57 cost 0.5112283395
3656 4062 1500 1687 52 57 cost 0.5094488673
4062 4265 2156 2250 42 44 cost 0.5087851
3250 3656 1312 1500 15 21 cost 0.5084342222
5484 5688 2156 2250 78 81 cost 0.5083581501
3250 3656 750 937 26 31 cost 0.5074630366
2843 3250 750 937 52 57 cost 0.507410329
3656 4062 2437 2625 52 57 cost 0.5072054912
4875 5078 656 750 39 42 cost 0.5063183251
2843 3250 1312 1500 31 36 cost 0.505888341
3453 3656 1031 1125 39 42 cost 0.5058174476
4062 4265 2156 2250 65 68 cost 0.5044739377
4875 5281 375 562 57 63 cost 0.5044179544
5078 5281 1875 1968 36 39 cost 0.5035996476
5484 5586 1968 2015 50 52 cost 0.5021163562
5281 5484 1875 1968 68 70 cost 0.5008249713
4062 4265 2156 2250 33 36 cost 0.500383745
5484 5688 2156 2250 57 60 cost 0.4982746979
4875 5281 1125 1312 57 63 cost 0.4978554905
3656 4062 2062 2250 52 57 cost 0.4973544754
812 1625 2250 2625 31 42 cost 0.4960769676
4671 4875 843 937 52 54 cost 0.4958030015
4062 4265 2062 2156 52 54 cost 0.4938787718
4468 4671 1875 1968 49 52 cost 0.4922959368
5281 5484 1968 2062 65 68 cost 0.4910769112
812 1218 1687 1875 21 26 cost 0.4903110906
3656 4062 1312 1500 36 42 cost 0.4895592718
4468 4671 1312 1406 42 44 cost 0.4891340318
3656 4062 1875 2062 36 42 cost 0.4884253237
4468 4671 1312 1406 65 68 cost 0.4879967905
4468 4875 1500 1687 78 84 cost 0.48696696
3250 3453 1125 1218 36 39 cost 0.48681773
3656 4062 2437 2625 42 47 cost 0.486345054
4062 4468 1687 1875 26 31 cost 0.4856165881
4468 4875 2250 2437 21 26 cost 0.4844034722
4875 5078 656 750 47 49 cost 0.4840517243
4671 4875 843 937 54 57 cost 0.4839232643
4875 5078 1500 1593 54 57 cost 0.4834655482
5281 5484 1968 2062 31 33 cost 0.4825311166
4468 4875 1687 1875 26 31 cost 0.4823048278
4875 5281 1125 1312 36 42 cost 0.4817753494
4468 4875 1125 1312 73 78 cost 0.4813820483
4062 4265 2062 2156 47 49 cost 0.4805534006
4671 4875 2062 2156 44 47 cost 0.4796924308
5688 5891 2062 2156 52 54 cost 0.4788798168
5281 5688 1500 1687 52 57 cost 0.4782879784
4468 4875 937 1125 68 73 cost 0.4772343648
3656 4062 1125 1312 47 52 cost 0.4771098355
812 1218 1125 1312 57 63 cost 0.4764670448
3250 3453 1031 1125 33 36 cost 0.4761507304
3453 3656 937 1031 33 36 cost 0.4761128341
4875 5281 1875 2062 0 5 cost 0.4741464369
4671 4875 2156 2250 60 63 cost 0.4740585483
4671 4875 2156 2250 54 57 cost 0.4737521163
3250 3656 1875 2062 31 36 cost 0.4733076157
5484 5688 1875 1968 49 52 cost 0.4727464217
4671 4875 2062 2156 52 54 cost 0.4722324673
3250 3656 2062 2250 52 57 cost 0.4721898398
3250 3453 1125 1218 42 44 cost 0.472041633
5484 5586 2015 2062 52 53 cost 0.4710827005
3453 3656 1031 1125 44 47 cost 0.4702582711
1625 1828 1312 1406 42 44 cost 0.4702005491
5484 5586 2015 2062 40 42 cost 0.4694967613
4671 4875 2062 2156 54 57 cost 0.4688292221
5281 5484 1875 1968 23 26 cost 0.4685258082
1218 1421 1406 1500 42 44 cost 0.4681183821
4062 4265 2156 2250 63 65 cost 0.4680666408
3453 3656 937 1031 52 54 cost 0.4674348652
4671 4875 2156 2250 52 54 cost 0.467378173
3250 3656 1312 1500 21 26 cost 0.4673771977
5688 5891 2062 2156 39 42 cost 0.4671792007
5688 5891 2156 2250 42 44 cost 0.4669392142
5688 5891 2062 2156 44 47 cost 0.4655516512
2437 3250 1500 1875 10 21 cost 0.4653506299
4062 4265 2062 2156 39 42 cost 0.4640981007
812 1015 1781 1875 47 49 cost 0.4636341422
4468 4671 1406 1500 39 42 cost 0.4628781383
5484 5586 2015 2062 37 39 cost 0.462706718
2843 3250 1500 1687 47 52 cost 0.461902749
1218 1625 1500 1687 63 68 cost 0.4617826727
4062 4468 1500 1687 21 26 cost 0.4613535325
5586 5688 2062 2109 52 53 cost 0.4612455005
4062 4468 1687 1875 78 84 cost 0.4600270939
3656 4062 1312 1500 52 57 cost 0.4584082856
3656 4062 2250 2437 47 52 cost 0.4582271912
3046 3250 1031 1125 39 42 cost 0.4575783141
4468 4671 2156 2250 60 63 cost 0.4572936907
1218 1625 1500 1687 26 31 cost 0.4568134458
3656 4062 937 1125 31 36 cost 0.4555038144
3250 3656 750 937 57 63 cost 0.455324999
3656 4062 1125 1312 42 47 cost 0.4544898939
3250 3656 1312 1500 63 68 cost 0.4543569162
4875 5078 1500 1593 52 54 cost 0.4528674039
3250 3656 1875 2062 57 63 cost 0.4525694647
5484 5586 2015 2062 55 57 cost 0.4509016806
4671 4875 2156 2250 57 60 cost 0.4508281722
3656 4062 1687 1875 57 63 cost 0.4507431841
4875 5688 2250 2625 0 10 cost 0.4496751278
3250 3656 1312 1500 68 73 cost 0.4496625163
4875 5281 1500 1687 10 15 cost 0.4486120598
3656 4062 2062 2250 31 36 cost 0.4472613861
4468 4875 1875 2062 0 5 cost 0.4470571165
4875 5078 656 750 42 44 cost 0.4463553884
3656 4062 2250 2437 36 42 cost 0.4459742819
4468 4671 1312 1406 63 65 cost 0.4458098169
5586 5688 2109 2156 52 53 cost 0.4442799242
1625 2031 1125 1312 21 26 cost 0.4436627284
4671 4875 2156 2250 44 47 cost 0.4435965366
5586 5688 2015 2062 52 53 cost 0.4434457082
4062 4468 1125 1312 31 36 cost 0.4429247254
4468 4875 1687 1875 78 84 cost 0.4428090979
3250 3656 2062 2250 31 36 cost 0.4424906409
4671 4875 2062 2156 47 49 cost 0.4422961303
3250 3656 1687 1875 31 36 cost 0.4421938453
3656 4062 1500 1687 36 42 cost 0.4412538389
4062 4265 2062 2156 60 63 cost 0.4412068563
4671 4875 1968 2062 49 52 cost 0.441199513
5484 5688 2156 2250 42 44 cost 0.4410203964
5281 5484 1968 2062 70 73 cost 0.4404462059
4062 4265 2062 2156 57 60 cost 0.4404081519
5484 5586 2062 2109 52 53 cost 0.440134016
3250 3656 1312 1500 73 78 cost 0.4399975986
5078 5281 1875 1968 42 44 cost 0.4398950208
5484 5586 2062 2109 40 42 cost 0.4390507563
3656 4062 937 1125 68 73 cost 0.438910891
3046 3250 1031 1125 44 47 cost 0.4382606687
4671 4875 1406 1500 49 52 cost 0.4379520633
5281 5484 1968 2062 63 65 cost 0.4377268056
4468 4671 1968 2062 49 52 cost 0.4364412248
5484 5688 2156 2250 33 36 cost 0.4361900648
4468 4671 1875 1968 54 57 cost 0.4361055254
5586 5688 2062 2109 49 50 cost 0.4355035048
3656 4062 2437 2625 57 63 cost 0.4342069115
5281 5484 1875 1968 18 21 cost 0.4334732818
4468 4875 2250 2437 78 84 cost 0.4327685853
5688 5891 2062 2156 36 39 cost 0.4326946829
5586 5688 2062 2109 76 78 cost 0.4326541905
3453 3656 1031 1125 36 39 cost 0.4323587827
5484 5586 2015 2062 45 47 cost 0.4315212294
5484 5586 2015 2062 49 50 cost 0.4314772582
4468 4671 1406 1500 65 68 cost 0.4313074681
5484 5688 2156 2250 65 68 cost 0.4310515984
5586 5688 2062 2109 40 42 cost 0.4308121129
812 1218 1687 1875 10 15 cost 0.4301106785
5484 5586 2062 2109 37 39 cost 0.4295109977
812 1015 1687 1781 47 49 cost 0.4293543112
5586 5688 2109 2156 76 78 cost 0.4292477276
5281 5688 1500 1687 47 52 cost 0.4288168152
3656 4062 1875 2062 57 63 cost 0.4287567478
3656 4062 937 1125 73 78 cost 0.4286546577
2437 3250 1875 2250 10 21 cost 0.4275945224
3453 3656 1031 1125 42 44 cost 0.4273557566
4875 5078 656 750 36 39 cost 0.4266938074
5586 5688 2062 2109 48 49 cost 0.4265825928
4468 4671 1312 1406 36 39 cost 0.4252280198
1116 1218 1359 1406 49 50 cost 0.4249946919
3250 4062 2625 3001 42 52 cost 0.4249227793
4468 4671 2156 2250 57 60 cost 0.4245039471
3453 3656 1031 1125 49 52 cost 0.424364269
5586 5688 1968 2015 50 52 cost 0.4241814268
4875 5281 375 562 31 36 cost 0.4233806067
5586 5688 2062 2109 45 47 cost 0.4232120493
5586 5688 2109 2156 49 50 cost 0.4228574018
4468 4671 1406 1500 42 44 cost 0.4225131788
5586 5688 2109 2156 40 42 cost 0.4221232374
5586 5688 2062 2109 55 57 cost 0.4218730785
5484 5586 1968 2015 52 53 cost 0.4213336996
5484 5586 2062 2109 55 57 cost 0.4208999423
5281 5484 1875 1968 26 28 cost 0.4208797578
5484 5586 2015 2062 58 60 cost 0.4208339201
5484 5586 2109 2156 50 52 cost 0.4207577348
4468 4671 1875 1968 44 47 cost 0.4207133419
5586 5688 2062 2109 79 81 cost 0.4206239649
5484 5586 2015 2062 48 49 cost 0.4186671528
4671 4875 2156 2250 39 42 cost 0.4180399461
4062 4468 1500 1687 15 21 cost 0.4172154422
5586 5688 2109 2156 48 49 cost 0.4159634197
5586 5688 2109 2156 79 81 cost 0.415841272
5484 5586 1968 2015 40 42 cost 0.4153988026
4671 4875 2062 2156 39 42 cost 0.4151143534
812 1625 2625 3001 10 21 cost 0.4145234917
4062 4468 1312 1500 26 31 cost 0.4141395888
5586 5688 2015 2062 49 50 cost 0.4139518503
5586 5688 2109 2156 45 47 cost 0.4135035309
5586 5688 2062 2109 37 39 cost 0.4132203116
5281 5688 1500 1687 36 42 cost 0.4129102454
4671 4875 2156 2250 47 49 cost 0.4127038952
5484 5586 1968 2015 37 39 cost 0.412080791
5586 5688 2015 2062 40 42 cost 0.4117281644
5281 5484 1875 1968 81 84 cost 0.4108984203
5484 5586 2015 2062 61 63 cost 0.4101079481
5586 5688 2062 2109 47 48 cost 0.410035791
5484 5586 2062 2109 45 47 cost 0.4099437746
5586 5688 2015 2062 55 57 cost 0.4093757512
5586 5688 2062 2109 61 63 cost 0.4091756451
5484 5688 1875 1968 54 57 cost 0.4084805337
3656 4062 2250 2437 42 47 cost 0.4083964937
3250 4062 2625 3001 31 42 cost 0.4082072215
5484 5586 2062 2109 49 50 cost 0.4079459311
5484 5586 2015 2062 53 54 cost 0.4079451175
4265 4468 2156 2250 49 52 cost 0.4078998028
5484 5688 1875 1968 52 54 cost 0.4072269677
3656 4062 1125 1312 36 42 cost 0.4070288295
5586 5688 2062 2109 58 60 cost 0.4069573735
1116 1218 1312 1359 49 50 cost 0.405974048
4875 5688 750 1125 73 84 cost 0.4058939085
5484 5586 1968 2015 55 57 cost 0.4058495353
812 1625 1875 2250 73 84 cost 0.4052879504
5586 5688 2109 2156 37 39 cost 0.4048037264
4468 4671 1875 1968 52 54 cost 0.4046135778
5586 5688 2015 2062 48 49 cost 0.4045568418
5484 5688 1875 1968 39 42 cost 0.4044690646
4062 4265 2062 2156 36 39 cost 0.4041058767
4875 5078 1500 1593 60 63 cost 0.4035233392
3656 4062 2250 2437 52 57 cost 0.4022194235
5586 5688 2109 2156 55 57 cost 0.4016653697
3250 3453 1125 1218 33 36 cost 0.4013590994
5688 5891 2156 2250 54 57 cost 0.4013248636
3250 3453 1031 1125 52 54 cost 0.4012885645
5586 5688 2015 2062 45 47 cost 0.4010255527
3656 4062 1125 1312 52 57 cost 0.4009734501
4468 4875 1500 1687 21 26 cost 0.4001448336
4875 5281 2062 2250 5 10 cost 0.4000683337
5586 5688 2109 2156 47 48 cost 0.4000124387
5484 5586 2015 2062 47 48 cost 0.3998127174
4265 4468 2062 2156 49 52 cost 0.3993155314
5484 5586 2062 2109 58 60 cost 0.3989534415
812 1218 1500 1687 31 36 cost 0.3982077588
5484 5688 2156 2250 63 65 cost 0.398198982
5586 5688 2062 2109 53 54 cost 0.3977795195
5484 5688 1875 1968 36 39 cost 0.3974970469
3453 3656 1031 1125 47 49 cost 0.3974488931
5484 5586 2062 2109 48 49 cost 0.3970208772
812 1625 1875 2250 21 31 cost 0.3969518275
3250 3656 750 937 73 78 cost 0.3961484351
4875 5078 1500 1593 57 60 cost 0.3955016135
4468 4671 1406 1500 63 65 cost 0.3952405607
5586 5688 2015 2062 37 39 cost 0.3951568195
5586 5688 2109 2156 61 63 cost 0.3948024664
4468 4671 1875 1968 57 60 cost 0.3945225089
4468 4671 2156 2250 49 52 cost 0.3938285393
5586 5688 2015 2062 58 60 cost 0.393791783
3250 3656 1500 1687 57 63 cost 0.3935670225
5586 5688 2015 2062 61 63 cost 0.3932244385
3250 3453 1125 1218 47 49 cost 0.3925533573
3250 3656 750 937 15 21 cost 0.3922595245
5484 5586 2062 2109 76 78 cost 0.3922010845
5484 5586 2015 2062 39 40 cost 0.3914992658
5586 5688 2109 2156 58 60 cost 0.3912357773
5281 5484 1968 2062 73 75 cost 0.3909808539
2437 3250 1500 1875 73 84 cost 0.3906050443
1218 1625 1500 1687 15 21 cost 0.3903682354
4468 4875 1500 1687 15 21 cost 0.3898330702
4062 4468 1312 1500 68 73 cost 0.3896978625
4468 4671 1875 1968 60 63 cost 0.389654424
5484 5586 2062 2109 61 63 cost 0.3895086937
1625 2437 1875 2250 10 21 cost 0.3891069429
4468 4875 937 1125 21 26 cost 0.3889694334
5586 5688 2015 2062 47 48 cost 0.3885687373
812 1625 2250 2625 73 84 cost 0.3884484117
4671 4875 1406 1500 44 47 cost 0.3882667233
3250 3656 750 937 63 68 cost 0.3854303282
4671 4875 2156 2250 36 39 cost 0.3849880214
3250 3656 750 937 78 84 cost 0.3836950276
5586 5688 2015 2062 53 54 cost 0.3835499631
3250 3453 1125 1218 49 52 cost 0.3833138467
3046 3250 1031 1125 42 44 cost 0.3828635038
1218 1625 1500 1687 21 26 cost 0.3826027269
4671 4875 2062 2156 57 60 cost 0.3822626143
5586 5688 2109 2156 53 54 cost 0.3817892673
4062 4468 1125 1312 63 68 cost 0.381768044
4265 4468 2156 2250 60 63 cost 0.3812635676
4062 4468 1875 2062 5 10 cost 0.3811375746
5484 5586 2062 2109 79 81 cost 0.3807596692
3250 3453 937 1031 54 57 cost 0.3807385733
5484 5586 1968 2015 49 50 cost 0.3805952301
4468 4671 1968 2062 54 57 cost 0.3805840669
4062 4265 2062 2156 42 44 cost 0.3805241935
5484 5586 2062 2109 53 54 cost 0.3803230753
5484 5586 2062 2109 47 48 cost 0.3799213306
4468 4671 1406 1500 36 39 cost 0.378747279
5484 5586 1968 2015 45 47 cost 0.378379232
4875 5078 1968 2062 49 52 cost 0.3783007501
0 812 2250 2625 0 10 cost 0.3778040049
4468 4671 1875 1968 47 49 cost 0.3772536504
4468 4875 1125 1312 21 26 cost 0.3768360894
5484 5688 2156 2250 70 73 cost 0.3756126546
4671 4875 2062 2156 60 63 cost 0.3753031229
5484 5586 1968 2015 58 60 cost 0.374828638
5281 5484 1968 2062 23 26 cost 0.3743402138
3250 3656 750 937 21 26 cost 0.3743317801
5281 5484 1875 1968 21 23 cost 0.374215093
4062 4265 2062 2156 33 36 cost 0.3736042526
4875 5078 1593 1687 49 52 cost 0.3729055344
1218 1625 1125 1312 31 36 cost 0.372794831
3250 4062 2625 3001 52 63 cost 0.3719756951
4468 4671 1968 2062 44 47 cost 0.3718963415
3250 3453 937 1031 31 33 cost 0.3718768408
4062 4468 1312 1500 73 78 cost 0.371803488
4468 4671 1875 1968 39 42 cost 0.371344281
4875 5078 1500 1593 47 49 cost 0.3712142031
1625 2437 1500 1875 21 31 cost 0.371129394
5688 5891 2062 2156 54 57 cost 0.3709761297
3656 4062 2437 2625 31 36 cost 0.370514672
4265 4468 2062 2156 44 47 cost 0.3703302005
4671 4875 2062 2156 36 39 cost 0.3699864363
4671 4875 1406 1500 54 57 cost 0.3695120316
4468 4671 2156 2250 54 57 cost 0.3685310416
3250 3656 750 937 68 73 cost 0.3684985353
3046 3250 1031 1125 36 39 cost 0.3680664069
5484 5586 1968 2015 48 49 cost 0.3678233687
4265 4468 2156 2250 44 47 cost 0.3677187744
4265 4468 2156 2250 57 60 cost 0.3667147533
5281 5688 1500 1687 42 47 cost 0.3661852266
4062 4468 1875 2062 10 15 cost 0.3660210159
3656 4062 1500 1687 57 63 cost 0.3659858558
0 812 1875 2250 31 42 cost 0.3659426139
5484 5586 1968 2015 61 63 cost 0.3659357981
4468 4875 1687 1875 21 26 cost 0.3657699774
1218 1625 1500 1687 68 73 cost 0.3655272216
5484 5586 1968 2015 53 54 cost 0.3652660188
5484 5586 2062 2109 39 40 cost 0.3647145365
2437 2843 1312 1500 36 42 cost 0.364704434
3250 3656 2437 2625 36 42 cost 0.3638943899
5688 5891 2062 2156 42 44 cost 0.3638475445
3250 3656 1312 1500 10 15 cost 0.363040122
3250 3656 1687 1875 57 63 cost 0.3629839306
4671 4875 1968 2062 44 47 cost 0.3615390008
5281 5484 1968 2062 68 70 cost 0.3615079533
4062 4468 1687 1875 21 26 cost 0.3614849374
4671 4875 1968 2062 54 57 cost 0.360638337
5484 5586 2015 2062 54 55 cost 0.3597583149
3250 3656 1875 2062 26 31 cost 0.3594683573
4875 5078 1593 1687 54 57 cost 0.3594329141
5078 5281 1500 1593 49 52 cost 0.359058597
5484 5688 2156 2250 73 75 cost 0.3576033464
5586 5688 1968 2015 52 53 cost 0.3575722635
4468 4671 1968 2062 52 54 cost 0.3573444756
5586 5688 2062 2109 78 79 cost 0.3573364088
812 1218 1125 1312 42 47 cost 0.3572156481
4875 5281 2062 2250 10 15 cost 0.3564173789
0 812 1875 2250 63 73 cost 0.3555210289
0 812 2625 3001 0 10 cost 0.355173063
3250 3656 1312 1500 78 84 cost 0.3549507433
4671 4875 1968 2062 52 54 cost 0.3548700023
3656 4062 937 1125 78 84 cost 0.3543233201
5586 5688 2109 2156 78 79 cost 0.354234548
5078 5281 1968 2062 49 52 cost 0.3541063505
5586 5688 2062 2109 39 40 cost 0.3540377635
4265 4468 2062 2156 39 42 cost 0.3535236628
5281 5484 1875 1968 15 18 cost 0.3531375899
3656 4062 1687 1875 31 36 cost 0.35252875
5484 5688 1875 1968 44 47 cost 0.3516924237
4468 4671 2156 2250 39 42 cost 0.3513905955
1625 2437 1500 1875 63 73 cost 0.3512753854
5484 5586 2109 2156 52 53 cost 0.3512679168
4265 4468 2156 2250 39 42 cost 0.3508297844
4468 4875 1687 1875 15 21 cost 0.3507564996
4062 4468 1687 1875 15 21 cost 0.3501721673
5484 5586 1968 2015 47 48 cost 0.349723793
812 1218 1500 1687 68 73 cost 0.3491347061
5891 6094 2156 2250 49 52 cost 0.3483720345
5484 5586 1968 2015 39 40 cost 0.3482598925
5281 5484 1968 2062 26 28 cost 0.3477271799
5586 5688 2109 2156 39 40 cost 0.3471638719
812 1218 1500 1687 26 31 cost 0.3471319736
5484 5586 2015 2062 36 37 cost 0.3463954737
4671 4875 1406 1500 47 49 cost 0.3462154556
4265 4468 2156 2250 54 57 cost 0.346073543
3250 3656 2062 2250 57 63 cost 0.3460108285
5484 5688 1875 1968 57 60 cost 0.3447772887
3656 4062 937 1125 26 31 cost 0.3443481239
4062 4265 2062 2156 65 68 cost 0.3437875013
4468 4671 2156 2250 44 47 cost 0.3436005755
4875 5281 2062 2250 0 5 cost 0.3435514864
4875 5078 1968 2062 44 47 cost 0.3432539933
3656 4062 1875 2062 31 36 cost 0.3431537111
5281 5484 2062 2156 49 52 cost 0.3428921153
3656 4062 937 1125 15 21 cost 0.3424893134
5281 5688 1500 1687 31 36 cost 0.3420035046
1218 1625 1500 1687 73 78 cost 0.3412565326
5484 5586 2109 2156 40 42 cost 0.3411838877
4875 5281 937 1125 47 52 cost 0.3406319219
4671 4875 1406 1500 52 54 cost 0.3404808099
5484 5688 1875 1968 33 36 cost 0.3401834257
1218 1625 1125 1312 68 73 cost 0.3401557242
5281 5688 1500 1687 63 68 cost 0.3400555175
5281 5484 2062 2156 36 39 cost 0.3387823598
5281 5484 1968 2062 18 21 cost 0.3386510107
5688 6094 1875 2062 47 52 cost 0.3385546102
3656 4062 1312 1500 57 63 cost 0.3384478511
5586 5688 2015 2062 39 40 cost 0.3381349519
1828 2031 1312 1406 39 42 cost 0.3378376877
5078 5281 1500 1593 54 57 cost 0.3376907157
5586 5688 2062 2109 54 55 cost 0.3370626308
4468 4671 2156 2250 52 54 cost 0.3368422377
5078 5281 1593 1687 49 52 cost 0.336579043
4468 4671 1968 2062 39 42 cost 0.3363596597
5484 5688 1875 1968 47 49 cost 0.3362845763
3656 4062 1125 1312 57 63 cost 0.3360793204
4468 4671 2156 2250 36 39 cost 0.3354670321
5484 5586 2062 2109 54 55 cost 0.3351946416
4671 4875 2062 2156 42 44 cost 0.3349877925
4468 4671 1968 2062 57 60 cost 0.3348002535
5586 5688 1968 2015 55 57 cost 0.3345162213
5484 5586 2109 2156 76 78 cost 0.3339712618
4671 4875 1968 2062 39 42 cost 0.3336280489
5281 5484 2062 2156 39 42 cost 0.3332110573
5484 5586 2015 2062 57 58 cost 0.3331846037
5484 5688 1875 1968 60 63 cost 0.3331689746
4468 4671 1968 2062 47 49 cost 0.3327340984
4671 4875 1968 2062 47 49 cost 0.3326057528
5484 5586 2109 2156 55 57 cost 0.3324841958
5281 5484 2062 2156 33 36 cost 0.3323837624
4875 5281 1687 1875 10 15 cost 0.3323546147
3453 3656 937 1031 54 57 cost 0.3323006774
4468 4875 1125 1312 15 21 cost 0.3321589925
4671 4875 1406 1500 60 63 cost 0.3316350571
4265 4468 2062 2156 54 57 cost 0.3315291351
4265 4468 2062 2156 60 63 cost 0.3313782602
4875 5078 1593 1687 52 54 cost 0.331359918
1218 1625 1312 1500 0 5 cost 0.3312926043
5078 5281 1593 1687 54 57 cost 0.3309456673
2843 3250 1687 1875 42 47 cost 0.3299195318
4265 4468 2156 2250 52 54 cost 0.3298733862
4265 4468 2062 2156 47 49 cost 0.3290815964
5484 5586 2015 2062 60 61 cost 0.3288926262
5586 5688 1968 2015 40 42 cost 0.3286398177
4265 4468 2062 2156 57 60 cost 0.3284718822
5586 5688 1968 2015 49 50 cost 0.3282183378
4265 4468 2156 2250 47 49 cost 0.3281327962
4671 4875 1406 1500 57 60 cost 0.3279383277
5484 5586 2109 2156 45 47 cost 0.3279217506
5484 5586 2109 2156 49 50 cost 0.327663871
4875 5281 1125 1312 31 36 cost 0.3271364202
1828 2031 1312 1406 44 47 cost 0.327081002
3453 3656 1031 1125 33 36 cost 0.3264240462
5586 5688 2015 2062 54 55 cost 0.3263538081
5484 5586 2109 2156 37 39 cost 0.3261972145
406 812 2813 3001 57 63 cost 0.3258246054
5484 5586 2109 2156 79 81 cost 0.3255196907
5484 5586 2109 2156 58 60 cost 0.3250211114
3656 4062 2062 2250 57 63 cost 0.3247607222
5484 5586 1968 2015 54 55 cost 0.324205666
5484 5586 2062 2109 78 79 cost 0.3240743685
1625 3250 0 750 0 21 cost 0.3239628463
1828 2031 1312 1406 36 39 cost 0.3235437346
4671 4875 2156 2250 42 44 cost 0.3233035391
4468 4671 1968 2062 60 63 cost 0.322841485
5484 5586 2109 2156 61 63 cost 0.3227091715
5586 5688 2109 2156 54 55 cost 0.3219042831
4265 4468 2156 2250 65 68 cost 0.3215057944
5586 5688 1968 2015 58 60 cost 0.3214447107
2437 3250 1500 1875 0 10 cost 0.3213890591
4671 4875 1312 1406 49 52 cost 0.321037486
5586 5688 2062 2109 57 58 cost 0.3210221413
5586 5688 1968 2015 61 63 cost 0.3208522721
5484 5586 2062 2109 36 37 cost 0.3205725403
5586 5688 2062 2109 60 61 cost 0.3202358754
812 1625 1875 2250 10 21 cost 0.3200340067
5484 5586 2109 2156 48 49 cost 0.3200330059
4062 4265 2062 2156 63 65 cost 0.3196780561
3656 4062 1312 1500 31 36 cost 0.3195464464
4468 4671 1875 1968 36 39 cost 0.3190347462
5586 5688 1968 2015 48 49 cost 0.3190246124
3250 3656 2437 2625 47 52 cost 0.3186765232
5281 5688 1687 1875 10 15 cost 0.3186415345
812 1218 1500 1687 73 78 cost 0.3181028427
4265 4468 2062 2156 52 54 cost 0.3179463716
4265 4468 2156 2250 33 36 cost 0.3176402628
5586 5688 1968 2015 37 39 cost 0.3164268073
5586 5688 1968 2015 45 47 cost 0.316154869
4062 4265 2156 2250 31 33 cost 0.3161414082
4062 4875 2625 3001 52 63 cost 0.3158867273
5586 5688 2062 2109 75 76 cost 0.3156092495
5484 5586 2062 2109 57 58 cost 0.3149271873
5586 5688 2109 2156 75 76 cost 0.3141384608
3250 3453 1031 1125 31 33 cost 0.3131260651
3250 3656 2437 2625 42 47 cost 0.3123389871
4265 4468 2156 2250 36 39 cost 0.3122819902
3656 4062 2250 2437 31 36 cost 0.3119274657
3656 4062 2250 2437 57 63 cost 0.3118524692
3250 3656 2062 2250 26 31 cost 0.311791697
5484 5586 2062 2109 60 61 cost 0.3117843147
5281 5484 1968 2062 81 84 cost 0.3116033901
5484 5688 2156 2250 28 31 cost 0.3114991175
5484 5688 2156 2250 81 84 cost 0.3113101184
5586 5688 2015 2062 57 58 cost 0.3104336081
4671 4875 1875 1968 49 52 cost 0.3104078475
5586 5688 1968 2015 53 54 cost 0.3095997698
4875 5281 937 1125 42 47 cost 0.3093148533
5484 5586 1968 2015 36 37 cost 0.3092659054
4468 4671 1875 1968 42 44 cost 0.3091163731
5586 5688 2015 2062 60 61 cost 0.3085569225
5586 5688 2109 2156 57 58 cost 0.307883127
4671 4875 1406 1500 39 42 cost 0.3077613552
4062 4468 937 1125 26 31 cost 0.3075062828
3453 3656 937 1031 31 33 cost 0.3073522598
1218 1625 1125 1312 73 78 cost 0.3072731982
3250 3656 2437 2625 52 57 cost 0.3071082848
5586 5688 2109 2156 60 61 cost 0.3070275986
5484 5586 2109 2156 47 48 cost 0.3068780795
4062 4468 1312 1500 21 26 cost 0.3068083135
5688 6094 1875 2062 52 57 cost 0.3064640645
4875 5078 1968 2062 47 49 cost 0.3063885786
3656 4062 2062 2250 26 31 cost 0.3061177351
2437 2843 1312 1500 42 47 cost 0.3061016213
5586 5688 1968 2015 47 48 cost 0.3051288599
3656 4062 1500 1687 31 36 cost 0.3044389799
4265 4468 2062 2156 36 39 cost 0.3036987288
5586 5688 2062 2109 36 37 cost 0.3035109498
812 1625 2250 2625 21 31 cost 0.3027195185
5484 5586 2109 2156 53 54 cost 0.3025941919
5078 5281 1500 1593 52 54 cost 0.3024666729
5078 5281 1968 2062 54 57 cost 0.302351127
4671 4875 1312 1406 44 47 cost 0.3018112857
5484 5586 2015 2062 44 45 cost 0.3014094456
1218 1625 1500 1687 10 15 cost 0.3011622256
4875 5078 1968 2062 54 57 cost 0.3004174468
5484 5688 2156 2250 68 70 cost 0.3002095635
4062 4468 1875 2062 0 5 cost 0.2999609225
406 812 2813 3001 63 68 cost 0.2996620205
4468 4671 2156 2250 47 49 cost 0.2996164182
812 1218 1125 1312 63 68 cost 0.2992870207
4875 5078 1968 2062 52 54 cost 0.2991881846
3656 4062 937 1125 21 26 cost 0.2972552622
5891 6094 2156 2250 47 49 cost 0.2971437838
4062 4468 1312 1500 15 21 cost 0.2971333524
5484 5586 1968 2015 57 58 cost 0.2971181428
4875 5078 1593 1687 60 63 cost 0.2968370096
4875 5078 1968 2062 39 42 cost 0.2963509288
4671 4875 1968 2062 57 60 cost 0.2961360756
4875 5078 1593 1687 57 60 cost 0.2961183938
5586 5688 2109 2156 36 37 cost 0.2958841246
3250 3656 750 937 10 15 cost 0.2958089591
5281 5484 1968 2062 21 23 cost 0.2954452645
5078 5281 1968 2062 52 54 cost 0.2953164512
4062 4468 1125 1312 26 31 cost 0.2953026869
1625 1828 1406 1500 39 42 cost 0.2946075914
5484 5586 1968 2015 60 61 cost 0.2944794484
5281 5484 2062 2156 44 47 cost 0.2943746189
4671 4875 1968 2062 36 39 cost 0.293615003
5078 5281 1968 2062 44 47 cost 0.2925302893
3453 3656 1031 1125 52 54 cost 0.2923850904
5078 5281 1968 2062 39 42 cost 0.2920225487
1218 1625 1125 1312 26 31 cost 0.2919090839
5078 5281 1593 1687 52 54 cost 0.2918400876
5586 5688 2015 2062 36 37 cost 0.2908689097
3250 4062 375 750 52 63 cost 0.2908484373
2437 3250 1875 2250 0 10 cost 0.290634984
5484 5688 2156 2250 31 33 cost 0.2904292072
4468 4671 1968 2062 36 39 cost 0.2903354417
1625 1828 1406 1500 44 47 cost 0.2899315084
406 812 1500 1687 52 57 cost 0.2896682482
3250 3453 1031 1125 54 57 cost 0.2894900327
4062 4468 1312 1500 78 84 cost 0.2893840215
4468 4875 1125 1312 78 84 cost 0.2893438282
4468 4671 2062 2156 49 52 cost 0.2893358998
5484 5688 1875 1968 42 44 cost 0.2892244905
5586 5688 2062 2109 44 45 cost 0.2891742243
4265 4468 2156 2250 63 65 cost 0.2883432988
812 1218 1500 1687 15 21 cost 0.287598246
5281 5484 2062 2156 52 54 cost 0.2874662791
5281 5484 1968 2062 15 18 cost 0.2857272536
5078 5281 1968 2062 36 39 cost 0.285526682
5484 5586 2062 2109 44 45 cost 0.2852695933
4265 4468 2062 2156 33 36 cost 0.2840557288
4875 5078 1968 2062 36 39 cost 0.2840323729
4265 4468 2062 2156 42 44 cost 0.283740376
5586 5688 2109 2156 44 45 cost 0.2829112515
5484 5586 2062 2109 75 76 cost 0.282850764
5281 5484 2062 2156 54 57 cost 0.2826954526
4671 4875 1406 1500 42 44 cost 0.282530837
2843 3250 1687 1875 47 52 cost 0.2823148514
406 812 2250 2437 57 63 cost 0.2805587379
4062 4468 1125 1312 68 73 cost 0.2804173627
406 812 1500 1687 57 63 cost 0.2801211508
5484 5586 2109 2156 39 40 cost 0.2796693015
1218 1625 1500 1687 78 84 cost 0.2792315233
1625 1828 1406 1500 36 39 cost 0.2783455579
812 1218 1500 1687 21 26 cost 0.2782019886
1828 2031 1312 1406 42 44 cost 0.2780336286
2437 2843 1125 1312 36 42 cost 0.2775457656
5484 5586 2109 2156 78 79 cost 0.2770682788
5078 5281 1500 1593 57 60 cost 0.2760112902
4468 4671 1968 2062 42 44 cost 0.27581793
4671 4875 1968 2062 60 63 cost 0.2755490835
3250 3656 2250 2437 36 42 cost 0.2754459687
3250 3453 1125 1218 31 33 cost 0.2752576221
4062 4468 1500 1687 10 15 cost 0.2752055336
5688 6094 1875 2062 36 42 cost 0.2751648547
1625 2437 1500 1875 10 21 cost 0.2748465569
5078 5281 1593 1687 57 60 cost 0.2744907273
4671 4875 1312 1406 47 49 cost 0.2743442075
5586 5688 2015 2062 44 45 cost 0.273810307
5891 6094 2156 2250 39 42 cost 0.2736980926
5891 6094 2156 2250 52 54 cost 0.2736016809
3250 3656 750 937 5 10 cost 0.2732598292
4265 4468 2156 2250 42 44 cost 0.273045183
5586 5688 1968 2015 39 40 cost 0.270614173
4265 4468 2062 2156 65 68 cost 0.2698117113
4671 4875 1875 1968 54 57 cost 0.2693694011
4671 4875 1406 1500 65 68 cost 0.2693240992
3250 3656 2437 2625 57 63 cost 0.2689591996
3656 4062 1125 1312 31 36 cost 0.2681533032
812 1625 2625 3001 0 10 cost 0.2681303778
5688 6094 1875 2062 42 47 cost 0.2675885039
5078 5281 1968 2062 47 49 cost 0.2664975489
5586 5688 1968 2015 54 55 cost 0.2664077353
5281 5484 2062 2156 47 49 cost 0.2650925544
1218 1625 1125 1312 15 21 cost 0.2648219465
5484 5586 2109 2156 54 55 cost 0.264705647
5484 5586 1968 2015 44 45 cost 0.2646404269
1625 3250 2250 3001 0 21 cost 0.2645951634
4468 4875 1500 1687 10 15 cost 0.2641868699
4468 4671 2156 2250 42 44 cost 0.263556553
5891 6094 2156 2250 44 47 cost 0.2628727593
4671 4875 1968 2062 42 44 cost 0.2623273485
5078 5281 1500 1593 60 63 cost 0.2621418857
5688 6094 1875 2062 57 63 cost 0.261582208
3656 4062 1875 2062 26 31 cost 0.2609647873
4468 4671 2062 2156 54 57 cost 0.2608570009
3250 3656 2437 2625 31 36 cost 0.2599015302
406 812 2250 2437 52 57 cost 0.2594277996
4671 4875 1875 1968 52 54 cost 0.2580823583
812 1218 1125 1312 36 42 cost 0.2580118188
4671 4875 1406 1500 36 39 cost 0.2578411357
4875 5078 1593 1687 47 49 cost 0.2571880782
5078 5281 1593 1687 60 63 cost 0.2571279024
5484 5688 1875 1968 65 68 cost 0.2561626311
2437 2843 1312 1500 47 52 cost 0.2557865999
406 812 2250 2437 47 52 cost 0.2552243181
3250 4062 2625 3001 63 73 cost 0.2550228679
5078 5281 1500 1593 47 49 cost 0.2544853586
5484 5586 2109 2156 57 58 cost 0.2541826609
5484 5586 2109 2156 60 61 cost 0.2539878701
812 1218 1500 1687 78 84 cost 0.253935727
4671 4875 1312 1406 54 57 cost 0.2534439607
2031 2437 1125 1312 36 42 cost 0.2532966172
4468 4875 1687 1875 10 15 cost 0.2528015132
5281 5484 2062 2156 28 31 cost 0.2525814687
5586 5688 1968 2015 60 61 cost 0.2525473705
5586 5688 1968 2015 57 58 cost 0.2523819128
3656 4062 937 1125 10 15 cost 0.2518292182
3656 4062 1125 1312 63 68 cost 0.2517008247
4468 4671 2062 2156 60 63 cost 0.2504071943
5688 6094 1875 2062 73 78 cost 0.2486704789
2843 3250 750 937 57 63 cost 0.248614982
5281 5484 2062 2156 57 60 cost 0.2483865537
4468 4671 2062 2156 39 42 cost 0.2482720368
5281 5688 1500 1687 26 31 cost 0.2480591986
4468 4671 2062 2156 44 47 cost 0.2475863396
4468 4671 2062 2156 57 60 cost 0.2473604345
4062 4875 2625 3001 42 52 cost 0.2469282646
406 812 1500 1687 47 52 cost 0.246721066
1625 1828 1406 1500 42 44 cost 0.245765796
3250 3656 1875 2062 21 26 cost 0.2457350586
4671 4875 1312 1406 60 63 cost 0.2450204912
4062 4875 2625 3001 31 42 cost 0.2444053795
4265 4468 2062 2156 63 65 cost 0.2442390344
4671 4875 1875 1968 44 47 cost 0.2437593623
5891 6094 2156 2250 36 39 cost 0.2436247095
4062 4468 1687 1875 10 15 cost 0.2434789888
1218 1625 1125 1312 78 84 cost 0.2431762209
5484 5586 2109 2156 75 76 cost 0.2430183098
4468 4671 2062 2156 52 54 cost 0.2426535032
5484 5586 2109 2156 36 37 cost 0.2412517334
4062 4265 2062 2156 31 33 cost 0.2411556454
5281 5484 2062 2156 42 44 cost 0.241154818
4671 4875 1312 1406 57 60 cost 0.2405610292
4671 4875 1875 1968 39 42 cost 0.2399830806
406 812 2813 3001 68 73 cost 0.2383196336
2437 2843 1125 1312 42 47 cost 0.2381488353
1625 3250 0 750 63 84 cost 0.2375776848
4875 5078 1968 2062 42 44 cost 0.2374058629
5281 5484 2062 2156 31 33 cost 0.2366999112
5688 6094 1875 2062 78 84 cost 0.2366334064
1218 1625 1125 1312 21 26 cost 0.2365260249
4671 4875 1406 1500 63 65 cost 0.2361586274
0 812 1875 2250 21 31 cost 0.2355458174
812 1218 1500 1687 10 15 cost 0.2351197595
4062 4468 2437 2625 52 57 cost 0.2346596539
4671 4875 1312 1406 52 54 cost 0.2346316661
5281 5484 2062 2156 60 63 cost 0.2343921321
5586 5688 1968 2015 36 37 cost 0.2335397566
5484 5688 1875 1968 63 65 cost 0.2332052568
1625 2437 1875 2250 0 10 cost 0.2331866043
1625 2437 1500 1875 73 84 cost 0.232650816
406 812 2813 3001 52 57 cost 0.232345374
5078 5281 1593 1687 47 49 cost 0.2315604136
2031 2437 1125 1312 42 47 cost 0.2313841989
5281 5484 2062 2156 75 78 cost 0.2313151882
5484 5688 1875 1968 75 78 cost 0.2304698044
4062 4468 1125 1312 73 78 cost 0.2302692813
4468 4875 375 562 47 52 cost 0.2300313324
5484 5688 1875 1968 78 81 cost 0.2299602814
812 1625 2250 2625 10 21 cost 0.2291922698
3656 4062 2062 2250 21 26 cost 0.2291049287
4671 4875 1875 1968 47 49 cost 0.2285399868
5078 5281 1968 2062 42 44 cost 0.228102929
3656 4062 1125 1312 68 73 cost 0.2279537018
4062 4468 2437 2625 47 52 cost 0.2279524141
0 812 1875 2250 73 84 cost 0.2277497178
4468 4875 1125 1312 10 15 cost 0.2276511443
1218 1625 1687 1875 47 52 cost 0.2270855787
4468 4875 375 562 42 47 cost 0.2268649577
1218 1625 1687 1875 52 57 cost 0.2267608329
4468 4671 2062 2156 36 39 cost 0.2259227434
4671 4875 1875 1968 57 60 cost 0.2256758141
5484 5688 1875 1968 28 31 cost 0.2253777029
3250 3656 2062 2250 21 26 cost 0.2253681508
3656 4062 1125 1312 73 78 cost 0.2251024404
5484 5586 2109 2156 44 45 cost 0.2250354562
3250 3656 2250 2437 42 47 cost 0.2238061991
2437 2843 1687 1875 47 52 cost 0.2230169497
5281 5484 2062 2156 78 81 cost 0.2228622477
4671 4875 1312 1406 39 42 cost 0.2223541912
4062 4468 1125 1312 21 26 cost 0.2211533433
3656 4062 1312 1500 26 31 cost 0.2205263024
5484 5688 2156 2250 26 28 cost 0.2201737075
3453 3656 1031 1125 54 57 cost 0.2199640169
4265 4468 2156 2250 31 33 cost 0.2190265098
5484 5688 1875 1968 31 33 cost 0.2184794974
3250 3656 2250 2437 47 52 cost 0.2183848149
4468 4671 2062 2156 47 49 cost 0.2171865897
4671 4875 1312 1406 42 44 cost 0.2163854077
3453 3656 1031 1125 31 33 cost 0.21586016
2437 2843 1312 1500 31 36 cost 0.2157829168
5586 5688 1968 2015 44 45 cost 0.2154989472
3250 4062 2625 3001 21 31 cost 0.2152479799
4671 4875 1875 1968 36 39 cost 0.2133997619
4062 4875 2625 3001 63 73 cost 0.2132863241
4671 4875 1875 1968 60 63 cost 0.2123614911
406 812 2250 2437 42 47 cost 0.2116319047
1015 1116 1359 1406 50 52 cost 0.2114696896
5891 6094 2156 2250 42 44 cost 0.211299202
4062 4468 2437 2625 57 63 cost 0.2106294275
4062 4468 937 1125 21 26 cost 0.2098054059
5688 6094 1875 2062 63 68 cost 0.2088270256
4468 4875 375 562 36 42 cost 0.208258105
3656 4062 1312 1500 63 68 cost 0.2078024862
1218 1625 1125 1312 10 15 cost 0.2073832714
812 1625 1875 2250 0 10 cost 0.2057600763
4062 4468 1125 1312 15 21 cost 0.2056494962
3250 3656 2250 2437 31 36 cost 0.2047883521
1218 1625 1125 1312 5 10 cost 0.2046239141
4468 4875 375 562 52 57 cost 0.2041617083
2437 2843 1500 1687 42 47 cost 0.2039658148
3656 4062 1125 1312 26 31 cost 0.2033223805
3656 4062 1312 1500 73 78 cost 0.2026582804
5281 5484 2062 2156 65 68 cost 0.2016714309
3250 4062 2625 3001 73 84 cost 0.1988043366
4062 4468 1312 1500 10 15 cost 0.1981730579
4062 4468 750 937 47 52 cost 0.197479723
5484 5688 1875 1968 70 73 cost 0.1960708218
3250 3656 2250 2437 52 57 cost 0.1950678503
5688 6094 1875 2062 31 36 cost 0.1947287012
0 812 1875 2250 10 21 cost 0.1936405519
4875 5078 1875 1968 49 52 cost 0.1929013287
2437 2843 1125 1312 47 52 cost 0.1925643243
3656 4062 1312 1500 68 73 cost 0.1925493567
4062 4468 2437 2625 36 42 cost 0.1921106166
4468 4671 2062 2156 42 44 cost 0.1912029466
3656 4062 1875 2062 21 26 cost 0.1911875218
1218 1625 1687 1875 42 47 cost 0.1909752164
4062 4468 750 937 42 47 cost 0.190835264
4265 4468 2062 2156 31 33 cost 0.1906778245
3656 4062 937 1125 5 10 cost 0.1902776194
5688 6094 1875 2062 68 73 cost 0.1900583256
5281 5484 2062 2156 70 73 cost 0.1896645017
406 812 1500 1687 63 68 cost 0.1887366529
3656 4062 750 937 47 52 cost 0.1884745001
4671 4875 1312 1406 65 68 cost 0.1863803438
5891 6094 2156 2250 54 57 cost 0.1863124388
5281 5688 1500 1687 68 73 cost 0.1858897124
4671 4875 1875 1968 42 44 cost 0.1855182312
2031 2437 1125 1312 47 52 cost 0.184750675
3250 3656 750 937 0 5 cost 0.1846752668
812 1218 1125 1312 68 73 cost 0.1841832203
1015 1116 1312 1359 50 52 cost 0.1840251921
2437 2843 1125 1312 31 36 cost 0.1833367395
1625 2437 750 1125 42 52 cost 0.1801801415
4062 4468 2437 2625 42 47 cost 0.1800174201
2437 2843 1687 1875 42 47 cost 0.1794080959
1828 2031 1406 1500 39 42 cost 0.1790816662
5281 5688 1500 1687 73 78 cost 0.1789203247
4671 4875 1312 1406 36 39 cost 0.1787806517
2437 2843 2062 2250 47 52 cost 0.1782761105
812 1218 1125 1312 31 36 cost 0.1760696563
4062 4875 2625 3001 21 31 cost 0.1739645424
5281 5484 2062 2156 63 65 cost 0.1727329583
4671 4875 1312 1406 63 65 cost 0.1723926402
1828 2031 1406 1500 36 39 cost 0.1721901724
1218 1625 1687 1875 57 63 cost 0.1717876306
4875 5078 1875 1968 44 47 cost 0.1714395273
5281 5484 2062 2156 73 75 cost 0.1709225314
4062 4468 750 937 52 57 cost 0.1706864072
4062 4468 1125 1312 78 84 cost 0.1703664742
4468 4875 375 562 57 63 cost 0.1678094849
1625 2437 1500 1875 0 10 cost 0.1673629269
3656 4062 750 937 52 57 cost 0.1663049071
1625 2437 750 1125 31 42 cost 0.1660879762
406 812 1500 1687 42 47 cost 0.1649437955
5484 5688 1875 1968 68 70 cost 0.1646230225
4875 5078 1875 1968 54 57 cost 0.1645297452
812 1218 1125 1312 73 78 cost 0.1628025672
5484 5688 1875 1968 73 75 cost 0.1625691012
5281 5484 2062 2156 26 28 cost 0.1620530174
5281 5484 2156 2250 49 52 cost 0.1619982103
2437 2843 1500 1687 47 52 cost 0.1619398259
5281 5688 1500 1687 21 26 cost 0.1613096115
5484 5688 1875 1968 23 26 cost 0.1608715232
5281 5688 1500 1687 15 21 cost 0.1606227382
1828 2031 1406 1500 44 47 cost 0.1605165557
4062 4468 2437 2625 63 68 cost 0.1581443987
1015 1116 1359 1406 49 50 cost 0.1581298576
3656 4062 1312 1500 21 26 cost 0.1568927126
3656 4062 1312 1500 78 84 cost 0.156645669
3656 4062 1312 1500 15 21 cost 0.1565759307
1218 1625 1687 1875 36 42 cost 0.156368728
812 1625 2250 2625 0 10 cost 0.1562162611
2031 2437 1125 1312 31 36 cost 0.155699474
4875 5078 1875 1968 39 42 cost 0.1554574357
2031 2437 1312 1500 42 47 cost 0.1550038776
2031 2437 1312 1500 47 52 cost 0.1549212233
4875 5078 1875 1968 47 49 cost 0.1548007784
4062 4468 750 937 36 42 cost 0.1546914587
4875 5078 1875 1968 52 54 cost 0.1540078447
3250 3656 2250 2437 57 63 cost 0.1535160479
2031 2437 1312 1500 36 42 cost 0.153009891
2437 2843 937 1125 36 42 cost 0.1518529499
5484 5688 1875 1968 26 28 cost 0.1518504557
5281 5484 2062 2156 68 70 cost 0.1515073825
4062 4468 2437 2625 31 36 cost 0.150123083
3656 4062 1125 1312 78 84 cost 0.1483088988
2843 3250 1875 2062 42 47 cost 0.1475505858
5281 5688 1500 1687 78 84 cost 0.1474662631
2437 2843 937 1125 42 47 cost 0.1469629955
4875 5078 1875 1968 36 39 cost 0.1466045289
3656 4062 1125 1312 21 26 cost 0.1465847655
5484 5688 1875 1968 18 21 cost 0.1464632709
5281 5484 2156 2250 36 39 cost 0.1452771263
5688 6094 1875 2062 26 31 cost 0.1447800621
5484 5688 1875 1968 81 84 cost 0.1445707891
5281 5484 2156 2250 33 36 cost 0.1442145748
1828 2031 1406 1500 42 44 cost 0.1429748406
5281 5484 2156 2250 39 42 cost 0.142503473
3656 4062 750 937 42 47 cost 0.1413000544
4062 4468 562 750 47 52 cost 0.1405859448
5281 5484 2156 2250 52 54 cost 0.1395508464
812 1218 1125 1312 26 31 cost 0.1394248304
2843 3250 1875 2062 47 52 cost 0.1390732081
3656 4062 1125 1312 15 21 cost 0.1387907699
4062 4468 562 750 42 47 cost 0.138770891
4062 4468 750 937 57 63 cost 0.1384920297
5688 6094 2437 2625 47 52 cost 0.1374155306
1015 1116 1312 1359 49 50 cost 0.1371492535
3453 3656 1125 1218 39 42 cost 0.1366713071
5891 6094 2062 2156 49 52 cost 0.1359094925
3250 4062 2625 3001 10 21 cost 0.1354955052
4062 4468 1125 1312 10 15 cost 0.1353209715
2437 2843 2062 2250 42 47 cost 0.1341298282
1218 1625 1125 1312 0 5 cost 0.1338609821
1015 1218 1687 1781 49 52 cost 0.1326992861
4468 4875 375 562 31 36 cost 0.1299304041
3250 4062 375 750 21 31 cost 0.1291939871
2031 2437 1125 1312 52 57 cost 0.1278761808
5281 5484 2062 2156 81 84 cost 0.1274028036
5688 6094 2437 2625 52 57 cost 0.1266410428
5484 5688 1875 1968 21 23 cost 0.1259436581
3656 4062 937 1125 0 5 cost 0.1254055491
3453 3656 1125 1218 36 39 cost 0.1245179162
5484 5688 1875 1968 15 18 cost 0.1233811354
3453 3656 1218 1312 39 42 cost 0.1230906314
5281 5484 2156 2250 44 47 cost 0.1223403332
5281 5484 2156 2250 54 57 cost 0.1222579984
4875 5078 1875 1968 42 44 cost 0.1213228678
812 1218 1125 1312 78 84 cost 0.1213214241
4062 4468 562 750 36 42 cost 0.1212929634
5281 5484 2156 2250 47 49 cost 0.1211626325
406 812 1500 1687 68 73 cost 0.1211065325
4062 4468 2437 2625 68 73 cost 0.1205312897
3656 4062 750 937 57 63 cost 0.1198814644
3656 4062 1312 1500 10 15 cost 0.1188149686
4062 4468 562 750 52 57 cost 0.1183578082
0 812 1875 2250 0 10 cost 0.1181625649
812 1218 1125 1312 15 21 cost 0.1180508707
2031 2437 1312 1500 52 57 cost 0.1174006802
5891 6094 2062 2156 47 49 cost 0.1172733344
5688 6094 1875 2062 21 26 cost 0.1162099847
5688 6094 2437 2625 42 47 cost 0.1155748851
5281 5484 2156 2250 28 31 cost 0.1143338154
4062 4468 2437 2625 73 78 cost 0.1136439263
5281 5484 2156 2250 60 63 cost 0.1135651244
3453 3656 1125 1218 33 36 cost 0.1133369173
1218 1625 1687 1875 31 36 cost 0.1126348962
2031 2437 1125 1312 26 31 cost 0.11153389
4062 4468 2437 2625 26 31 cost 0.1106774766
3453 3656 1218 1312 44 47 cost 0.1106601291
812 1218 1125 1312 21 26 cost 0.1106467917
3453 3656 1218 1312 36 39 cost 0.1106067395
1015 1218 1687 1781 54 57 cost 0.1102546503
4468 4671 750 843 44 47 cost 0.109641046
4062 4875 2625 3001 73 84 cost 0.1092915271
4468 4671 750 843 49 52 cost 0.1084130078
4062 4875 2625 3001 10 21 cost 0.1071816701
5281 5688 1312 1500 57 63 cost 0.1069279566
3656 4062 750 937 36 42 cost 0.106560024
5688 6094 2437 2625 57 63 cost 0.1057186317
3453 3656 1125 1218 44 47 cost 0.1050075835
5281 5484 2156 2250 57 60 cost 0.1048860799
5281 5484 2156 2250 31 33 cost 0.1045563327
1015 1218 1687 1781 47 49 cost 0.1044157622
812 1015 1406 1500 54 57 cost 0.1040639715
2437 2843 750 937 36 42 cost 0.1040148498
812 1218 1125 1312 10 15 cost 0.1036928011
5281 5688 1312 1500 52 57 cost 0.1031879426
4468 4875 2437 2625 57 63 cost 0.1030532014
3453 3656 1218 1312 33 36 cost 0.1023780684
2437 2843 937 1125 47 52 cost 0.1021503496
5891 6094 2062 2156 52 54 cost 0.1021174984
3453 3656 1125 1218 42 44 cost 0.1020696275
5891 6094 2062 2156 44 47 cost 0.1015102317
5281 5484 2156 2250 75 78 cost 0.1012818389
5281 5688 1312 1500 47 52 cost 0.1008111935
5281 5484 2156 2250 65 68 cost 0.1005426564
5281 5484 2156 2250 42 44 cost 0.0994611425
812 1218 1125 1312 5 10 cost 0.0989204861
3656 4062 1125 1312 10 15 cost 0.098551692
3453 3656 1218 1312 42 44 cost 0.0983910546
4468 4671 750 843 39 42 cost 0.0982513273
2437 2843 750 937 42 47 cost 0.0980937442
5281 5484 2156 2250 78 81 cost 0.0977636033
5281 5688 1500 1687 10 15 cost 0.0967888252
3453 3656 1218 1312 49 52 cost 0.0967324782
1015 1218 1687 1781 52 54 cost 0.0966762726
2031 2437 1312 1500 31 36 cost 0.0955091154
1218 1625 1687 1875 26 31 cost 0.0949088894
5891 6094 2062 2156 39 42 cost 0.0942168625
4062 4468 375 562 47 52 cost 0.0942107248
4062 4468 562 750 57 63 cost 0.093600261
3453 3656 1125 1218 49 52 cost 0.093397082
4468 4671 750 843 47 49 cost 0.0921557488
812 1015 1406 1500 49 52 cost 0.0921230197
1218 1625 1687 1875 63 68 cost 0.0917062698
4062 4468 750 937 31 36 cost 0.0914142049
4468 4671 843 937 49 52 cost 0.0911810244
5281 5688 1312 1500 36 42 cost 0.0907195953
4468 4671 843 937 44 47 cost 0.0903326576
2031 2437 1312 1500 57 63 cost 0.0899966264
4062 4468 750 937 63 68 cost 0.0898416661
5281 5484 2156 2250 63 65 cost 0.0898407163
3453 3656 1218 1312 47 49 cost 0.0896835221
4062 4468 2437 2625 21 26 cost 0.089367432
4062 4468 375 562 42 47 cost 0.0887230516
5281 5688 1312 1500 42 47 cost 0.0883235072
4468 4671 750 843 54 57 cost 0.0877248423
812 1015 1406 1500 57 60 cost 0.087699349
4468 4875 2437 2625 52 57 cost 0.0871101831
5891 6094 2062 2156 36 39 cost 0.0870697114
4468 4671 750 843 36 39 cost 0.086247092
3656 4062 750 937 63 68 cost 0.0857382772
1625 2437 750 1125 52 63 cost 0.0847692137
4468 4671 750 843 42 44 cost 0.0847394294
3453 3656 1125 1218 47 49 cost 0.0837395252
4468 4875 2437 2625 63 68 cost 0.0835462686
4468 4671 750 843 52 54 cost 0.082923459
812 1015 1406 1500 52 54 cost 0.0819299091
4062 4468 375 562 52 57 cost 0.0818681729
3250 4062 2625 3001 0 10 cost 0.0816175186
2437 2843 937 1125 31 36 cost 0.0815817595
4062 4468 2437 2625 78 84 cost 0.081348986
4468 4875 2437 2625 36 42 cost 0.0798620101
2437 2843 750 937 47 52 cost 0.0796959493
3453 3656 1125 1218 31 33 cost 0.0790657535
5281 5484 2156 2250 70 73 cost 0.0784848836
4468 4671 843 937 47 49 cost 0.0783370041
4468 4875 2437 2625 47 52 cost 0.0772628315
2031 2437 1125 1312 21 26 cost 0.076755335
4062 4875 2625 3001 0 10 cost 0.0766732497
5281 5484 2156 2250 26 28 cost 0.0765899982
4468 4875 2437 2625 31 36 cost 0.0759184645
4062 4468 562 750 31 36 cost 0.0757128029
1218 1625 1687 1875 15 21 cost 0.0753939873
4468 4671 843 937 39 42 cost 0.07495066
2031 2437 1125 1312 57 63 cost 0.0742436199
5891 6094 2062 2156 42 44 cost 0.0741448469
5281 5484 2156 2250 73 75 cost 0.0740674764
0 812 1125 1500 52 63 cost 0.0736172972
1218 1625 1687 1875 21 26 cost 0.0726194055
4062 4468 750 937 26 31 cost 0.0721257149
4062 4468 375 562 36 42 cost 0.0718256903
1218 1625 1687 1875 68 73 cost 0.0706185267
3453 3656 1218 1312 31 33 cost 0.0706133314
812 1015 1406 1500 60 63 cost 0.0702090017
1625 2437 750 1125 21 31 cost 0.0693326942
2031 2437 1312 1500 26 31 cost 0.0688084992
5891 6094 2062 2156 54 57 cost 0.0677979489
4468 4671 843 937 42 44 cost 0.067606208
4468 4671 843 937 52 54 cost 0.0675530074
4468 4671 843 937 54 57 cost 0.0672754749
2843 3250 2062 2250 47 52 cost 0.065648981
1218 1625 1687 1875 73 78 cost 0.064944497
4468 4671 843 937 36 39 cost 0.0646661685
2437 2843 750 937 31 36 cost 0.0636777237
5281 5484 2156 2250 68 70 cost 0.0626876293
812 1015 1406 1500 47 49 cost 0.0617132433
4062 4468 750 937 68 73 cost 0.0616007913
3656 4062 750 937 31 36 cost 0.0607747011
4062 4468 375 562 57 63 cost 0.0603251508
4468 4875 2437 2625 68 73 cost 0.0599280056
4468 4875 2437 2625 42 47 cost 0.0595278251
1421 1625 1312 1406 49 52 cost 0.0594101006
5281 5688 1312 1500 31 36 cost 0.0590126305
1421 1625 1406 1500 49 52 cost 0.0587627566
1218 1625 1687 1875 10 15 cost 0.0581697063
1218 1625 1687 1875 78 84 cost 0.0578273194
2031 2437 1312 1500 21 26 cost 0.0573951506
2843 3250 2062 2250 42 47 cost 0.0573283534
812 1218 1125 1312 0 5 cost 0.0571971078
2437 2843 937 1125 52 57 cost 0.0571087216
5281 5484 2156 2250 81 84 cost 0.0566466777
812 1015 1406 1500 44 47 cost 0.0551924923
1421 1625 1312 1406 54 57 cost 0.0550174653
4468 4875 2437 2625 26 31 cost 0.0546273059
4062 4468 375 562 31 36 cost 0.0537815295
1421 1625 1406 1500 44 47 cost 0.0532121545
0 812 1125 1500 42 52 cost 0.0526505096
2437 2843 750 937 52 57 cost 0.0514959368
1421 1625 1406 1500 47 49 cost 0.0513929895
3656 4062 750 937 68 73 cost 0.0512836789
3656 4062 750 937 15 21 cost 0.0503864263
1421 1625 1312 1406 57 60 cost 0.0503482422
1015 1218 1781 1875 49 52 cost 0.049827477
2843 3046 1031 1125 39 42 cost 0.0493084117
1421 1625 1312 1406 52 54 cost 0.0492651964
4062 4468 750 937 21 26 cost 0.0492471047
3656 4062 750 937 73 78 cost 0.0489907591
1015 1218 1781 1875 54 57 cost 0.0489892896
1421 1625 1312 1406 60 63 cost 0.0484258973
4468 4875 2437 2625 73 78 cost 0.0483248999
1625 2437 750 1125 63 73 cost 0.047560258
1421 1625 1406 1500 54 57 cost 0.0466667359
1421 1625 1312 1406 44 47 cost 0.0464184218
1421 1625 1312 1406 47 49 cost 0.045756532
2843 3046 937 1031 39 42 cost 0.0449491635
3656 4062 750 937 26 31 cost 0.0446933848
1625 2437 750 1125 10 21 cost 0.0441849741
1421 1625 1406 1500 52 54 cost 0.0440889957
2843 3046 937 1031 44 47 cost 0.0434467444
1015 1218 1781 1875 52 54 cost 0.0432717721
812 1015 1312 1406 54 57 cost 0.0430762352
2843 3046 1031 1125 42 44 cost 0.042761501
2843 3046 1031 1125 44 47 cost 0.0423698754
1421 1625 1406 1500 57 60 cost 0.0423400457
3656 4062 750 937 21 26 cost 0.041303771
3656 4062 750 937 78 84 cost 0.0408667981
4468 4875 2437 2625 21 26 cost 0.040002439
2843 3046 937 1031 42 44 cost 0.0398600069
1625 2437 750 1125 73 84 cost 0.0398510821
812 1015 1312 1406 49 52 cost 0.0392083068
812 1015 1406 1500 65 68 cost 0.0389459335
6094 6501 2437 2625 47 52 cost 0.0388466355
0 812 1125 1500 63 73 cost 0.0388387828
1421 1625 1406 1500 60 63 cost 0.0388346949
812 1015 1406 1500 63 65 cost 0.0386004738
2437 2843 937 1125 57 63 cost 0.0384420225
1015 1218 1781 1875 47 49 cost 0.0384297498
2843 3046 1031 1125 36 39 cost 0.0381529952
812 1015 1312 1406 57 60 cost 0.0378118595
1421 1625 1406 1500 42 44 cost 0.0375697782
6094 6501 2437 2625 52 57 cost 0.0367237147
0 812 1125 1500 31 42 cost 0.0358850012
812 1015 1406 1500 42 44 cost 0.0348101406
812 1015 1406 1500 39 42 cost 0.0345733177
2843 3046 937 1031 36 39 cost 0.0339393584
1421 1625 1312 1406 63 65 cost 0.0338103492
3656 4062 750 937 10 15 cost 0.033620147
812 1015 1312 1406 60 63 cost 0.0334920833
1421 1625 1312 1406 42 44 cost 0.0334782162
812 1015 1312 1406 52 54 cost 0.033426342
1421 1625 1312 1406 65 68 cost 0.0324445284
4468 4875 2437 2625 78 84 cost 0.0305422821
812 1015 1406 1500 36 39 cost 0.0305421776
5688 6501 2625 3001 52 63 cost 0.0295427596
812 1015 1312 1406 44 47 cost 0.0273784735
812 1015 1312 1406 47 49 cost 0.0271869338
2437 2843 750 937 57 63 cost 0.0264551892
6094 6501 2437 2625 57 63 cost 0.0261554427
5688 6501 2625 3001 31 42 cost 0.0258006133
1421 1625 1406 1500 65 68 cost 0.0255652609
0 812 1125 1500 21 31 cost 0.0255353585
0 812 1125 1500 10 21 cost 0.0255245011
5688 6501 2625 3001 42 52 cost 0.0251842088
1421 1625 1406 1500 63 65 cost 0.0251058057
3656 4062 750 937 5 10 cost 0.0249875917
0 812 1125 1500 73 84 cost 0.0241301003
6094 6501 2250 2437 47 52 cost 0.0240290894
6094 6501 2437 2625 42 47 cost 0.0223698766
812 1015 1312 1406 65 68 cost 0.0221840538
1625 2437 750 1125 0 10 cost 0.0216481552
6094 6501 2250 2437 52 57 cost 0.0212646365
812 1015 1312 1406 63 65 cost 0.0209550365
5078 5281 562 656 44 47 cost 0.0208077374
812 1015 1312 1406 39 42 cost 0.0198065615
812 1015 1312 1406 42 44 cost 0.019194187
5078 5281 562 656 39 42 cost 0.0189061293
5078 5281 562 656 49 52 cost 0.0184586674
4062 4875 0 375 42 52 cost 0.0175728697
5078 5281 562 656 42 44 cost 0.0167942446
5078 5281 562 656 47 49 cost 0.0164834242
812 1015 1312 1406 36 39 cost 0.0162545504
5078 5281 562 656 36 39 cost 0.0157497474
6094 6501 2250 2437 57 63 cost 0.0154242725
3656 4062 750 937 0 5 cost 0.0153204103
5688 6501 2625 3001 63 73 cost 0.0140872603
5078 5281 656 750 44 47 cost 0.0136745811
0 812 1125 1500 0 10 cost 0.0134616917
4062 4875 0 375 52 63 cost 0.0132926268
5078 5281 656 750 49 52 cost 0.0126719834
5078 5281 656 750 39 42 cost 0.0125987692
6094 6501 2250 2437 42 47 cost 0.0124607783
5688 6501 2625 3001 21 31 cost 0.0120375104
4062 4875 0 375 31 42 cost 0.011856568
5078 5281 656 750 47 49 cost 0.0110703398
5688 6501 2625 3001 0 10 cost 0.0110575148
5078 5281 656 750 42 44 cost 0.0108750398
5078 5281 656 750 36 39 cost 0.010619302
5688 6501 2625 3001 73 84 cost 0.0095503318
5688 6501 2625 3001 10 21 cost 0.0061861968
812 1625 750 1125 42 52 cost 0.0053173391
4062 4875 0 375 21 31 cost 0.0052599112
812 1625 750 1125 31 42 cost 0.0050659151
4875 5688 0 375 42 52 cost 0.0040216699
4875 5688 0 375 52 63 cost 0.0029178829
812 1625 750 1125 52 63 cost 0.002737141
4875 5688 0 375 31 42 cost 0.0026840078
5281 5688 1125 1312 57 63 cost 0.0023180234
5688 6501 0 375 52 63 cost 0.002214049
5281 5688 1125 1312 36 42 cost 0.0021059877
5281 5688 1125 1312 52 57 cost 0.0020982239
5281 5688 1125 1312 42 47 cost 0.0020277465
4875 5688 2625 3001 42 52 cost 0.0018450641
5281 5688 1125 1312 47 52 cost 0.0017605123
812 1625 750 1125 21 31 cost 0.0017308256
812 1625 750 1125 10 21 cost 0.0016714929
4875 5688 0 375 63 73 cost 0.0011524948
0 1625 0 750 63 84 cost 0.0011070245
0 1625 0 750 42 63 cost 0.0011070245
0 1625 0 750 0 21 cost 0.001018137
6094 6501 2062 2250 47 52 cost 0.0009495101
5688 6501 1500 1875 63 73 cost 0.0009186698
5688 6501 1500 1875 42 52 cost 0.0008727287
5281 5688 1125 1312 31 36 cost 0.0008436342
5688 6501 750 1125 52 63 cost 0.000840362
0 406 2250 2437 57 63 cost 0.0007972338
6094 6501 2062 2250 52 57 cost 0.0007804505
5688 6501 750 1125 42 52 cost 0.0007514745
6094 6501 2062 2250 73 78 cost 0.0007512253
4875 5688 2625 3001 31 42 cost 0.0007415463
0 812 750 1125 21 31 cost 0.0007104917
6094 6501 2062 2250 68 73 cost 0.0006658692
4875 5688 2625 3001 52 63 cost 0.0006640682
6094 6501 2062 2250 57 63 cost 0.0006516673
6094 6501 2062 2250 63 68 cost 0.0006455862
4875 5688 0 375 21 31 cost 0.0006241102
6094 6501 2062 2250 42 47 cost 0.0005978956
0 1625 0 750 21 42 cost 0.0005758755
6094 6501 2062 2250 36 42 cost 0.0005592618
4875 5688 0 375 73 84 cost 0.0005232156
5688 6501 1125 1500 42 52 cost 0.0004736735
0 406 2250 2437 52 57 cost 0.0004492223
812 1625 750 1125 73 84 cost 0.0004392326
812 1625 750 1125 0 10 cost 0.0004377669
5281 5688 750 937 47 52 cost 0.0003881765
6094 6501 2062 2250 31 36 cost 0.0003807716
6094 6501 2062 2250 78 84 cost 0.000350815
5281 5688 562 750 52 57 cost 0.0003005215
5688 6501 1500 1875 52 63 cost 0.0003004074
6094 6501 2062 2250 26 31 cost 0.0002598036
812 1625 750 1125 63 73 cost 0.000219465
5688 6501 1500 1875 31 42 cost 0.0002066339
5281 5688 562 750 47 52 cost 0.0001855283
5281 5688 562 750 57 63 cost 0.0001855283
6094 6501 2062 2250 21 26 cost 0.000115243
4875 5688 2625 3001 21 31 cost 0.0001057884
0 406 1500 1687 52 57 cost 9.93865e-05
0 406 1500 1687 47 52 cost 7.08586e-05
0 406 2437 2625 57 63 cost 6.8979e-05
0 406 1687 1875 52 57 cost 6.70945e-05
5688 6501 1500 1875 21 31 cost 6.0495e-05
4875 5688 2625 3001 10 21 cost 5.7245e-05
5688 6501 1500 1875 10 21 cost 5.05114e-05
5688 6501 1500 1875 0 10 cost 4.79266e-05
0 406 1687 1875 47 52 cost 4.7833e-05
0 406 2437 2625 52 57 cost 3.88565e-05
5688 6501 1500 1875 73 84 cost 3.85652e-05
6094 6501 1875 2062 68 73 cost 2.39598e-05
4875 5688 2625 3001 63 73 cost 2.03178e-05
6094 6501 1875 2062 63 68 cost 1.84112e-05
6094 6501 1875 2062 73 78 cost 1.05209e-05
6094 6501 1875 2062 57 63 cost 8.5134e-06
6094 6501 1875 2062 36 42 cost 7.8303e-06
4875 5688 2625 3001 0 10 cost 7.7091e-06
6094 6501 1875 2062 26 31 cost 7.5092e-06
6094 6501 1875 2062 31 36 cost 7.253e-06
6094 6501 1875 2062 21 26 cost 6.7119e-06
6094 6501 1875 2062 47 52 cost 1.5445e-06
4875 5688 2625 3001 73 84 cost 9.946e-07
6094 6501 1875 2062 42 47 cost 9.425e-07
6094 6501 1875 2062 52 57 cost 9.425e-07
6094 6501 1875 2062 78 84 cost 2.325e-07
0 812 750 1125 42 52 cost 0
5281 5688 375 562 47 52 cost 0
5688 6501 1125 1500 52 63 cost 0
0 406 2813 3001 68 73 cost 0
5688 6501 375 750 73 84 cost 0
0 406 2625 2813 52 57 cost 0
0 812 750 1125 73 84 cost 0
5688 6501 1125 1500 63 73 cost 0
5688 6501 375 750 21 31 cost 0
0 406 1687 1875 57 63 cost 0
5688 6501 375 750 63 73 cost 0
0 406 1500 1687 42 47 cost 0
5688 6501 1125 1500 21 31 cost 0
5281 5688 562 750 31 36 cost 0
0 406 1500 1687 63 68 cost 0
5281 5688 750 937 42 47 cost 0
0 812 750 1125 0 10 cost 0
5688 6501 0 375 42 52 cost 0
0 812 750 1125 31 42 cost 0
0 406 2813 3001 63 68 cost 0
5281 5688 562 750 36 42 cost 0
0 406 2437 2625 47 52 cost 0
3250 4062 0 375 21 31 cost 0
5281 5688 375 562 42 47 cost 0
5281 5688 937 1125 42 47 cost 0
5688 6501 0 375 73 84 cost 0
5688 6501 0 375 31 42 cost 0
5688 6501 750 1125 31 42 cost 0
5281 5688 562 750 42 47 cost 0
0 812 750 1125 52 63 cost 0
3250 4062 0 375 42 52 cost 0
0 406 2250 2437 47 52 cost 0
5281 5688 375 562 57 63 cost 0
5688 6501 750 1125 21 31 cost 0
0 406 2250 2437 42 47 cost 0
5688 6501 0 375 21 31 cost 0
0 812 750 1125 10 21 cost 0
0 406 1500 1687 57 63 cost 0
5688 6501 375 750 42 52 cost 0
0 406 2625 2813 57 63 cost 0
5281 5688 937 1125 47 52 cost 0
3250 4062 0 375 52 63 cost 0
5688 6501 375 750 52 63 cost 0
5281 5688 375 562 36 42 cost 0
5688 6501 0 375 63 73 cost 0
5281 5688 375 562 31 36 cost 0
0 812 750 1125 63 73 cost 0
0 406 1500 1687 68 73 cost 0
5281 5688 375 562 52 57 cost 0
3250 4062 0 375 31 42 cost 0
0 406 2437 2625 42 47 cost 0
5688 6501 750 1125 63 73 cost 0
5688 6501 1125 1500 31 42 cost 0
0 406 2625 2813 68 73 cost 0
0 406 2813 3001 57 63 cost 0
0 406 2813 3001 52 57 cost 0
0 406 1687 1875 63 68 cost 0
0 406 1687 1875 68 73 cost 0
0 406 1687 1875 42 47 cost 0
5688 6501 375 750 31 42 cost 0
0 406 2625 2813 63 68 cost 0
5688 6501 1125 1500 73 84 cost 0
5688 6501 750 1125 73 84 cost 0
partitioning time: 535.470708 seconds
