hostname : cph-gpu4.uncc.edu
bounding: [-130;-65]x[20;50]x[5875;5958]
read 588189 observations
res: 0.1 0.1 1 bw: 2.5 2.5 7
box size: 651 x 301 x 84
nbparts: 16
max states: 246160
mem: 0.02200841904 GB (this is an order of magnitude)
41638 states processed
solution: 5.449498905 in 16 boxes.
naive: 67.21899211 speedup:12.33489414
sumload:68.36435268 overhead:1.01703924
448 512 128 192 0 84 cost 5.449498905
448 512 0 128 0 84 cost 5.23595486
384 448 0 192 0 84 cost 5.211195009
128 320 128 192 0 84 cost 4.863026305
0 128 128 192 0 84 cost 4.83858328
320 384 0 128 0 84 cost 4.665226746
384 448 192 301 0 84 cost 4.658777235
0 320 192 301 0 84 cost 4.617105263
448 512 192 301 0 84 cost 4.512867524
512 576 192 301 32 64 cost 4.399383085
320 384 128 301 0 84 cost 4.33507713
0 320 0 128 0 84 cost 4.092963106
512 651 0 192 32 84 cost 4.06072798
512 651 0 301 0 32 cost 3.553682129
512 576 192 301 64 84 cost 1.998292742
576 651 192 301 32 84 cost 1.87199138
partitioning time: 223.795616 seconds
