hostname : cph-c41.uncc.edu
bounding: [1053872.965;1068485.726]x[860186.8419;879395.9741]x[3;730]
read 11056 observations
res: 100 100 1 bw: 250 250 1
box size: 148 x 194 x 728
nbparts: 64
max states: 297728
mem: 0.02661895752 GB (this is an order of magnitude)
46118 states processed
solution: 0.0009848335 in 38 boxes.
naive: 0.0102500115 speedup:10.40786234
sumload:0.0104583681 overhead:1.02032745
64 128 64 128 0 64 cost 0.0009848335
64 128 64 128 64 128 cost 0.0009468817
0 64 64 194 128 728 cost 0.0008719199
64 128 64 128 128 192 cost 0.0007029565
0 148 0 64 0 128 cost 0.0006835873
64 128 128 194 0 64 cost 0.0006821282
0 64 64 194 64 128 cost 0.0006330253
0 64 64 194 0 64 cost 0.0005700885
64 128 128 194 64 128 cost 0.0005290259
64 128 64 128 192 256 cost 0.0005153593
0 148 0 64 128 728 cost 0.000441728
64 128 128 194 128 192 cost 0.0003338228
64 128 64 128 256 320 cost 0.0003050019
64 128 128 194 192 256 cost 0.0002168466
64 128 64 128 320 384 cost 0.0002107394
64 128 128 194 256 320 cost 0.0001666337
128 148 64 194 64 128 cost 0.0001635808
64 128 64 128 384 448 cost 0.0001611185
64 128 64 128 576 640 cost 0.0001354463
64 148 64 128 512 576 cost 0.0001298063
64 128 128 194 576 728 cost 0.0001280791
128 148 64 194 0 64 cost 0.0001185228
64 128 64 128 640 728 cost 0.0001152563
64 128 128 194 320 384 cost 0.0001066252
64 148 64 128 448 512 cost 0.0001014151
128 148 64 194 128 192 cost 8.78484e-05
64 128 128 194 384 448 cost 8.23848e-05
128 148 64 194 192 256 cost 6.82299e-05
128 148 64 194 256 320 cost 6.80915e-05
64 148 128 194 512 576 cost 6.38954e-05
64 148 128 194 448 512 cost 5.01135e-05
128 148 64 194 320 384 cost 3.28509e-05
128 148 64 194 384 448 cost 2.39124e-05
128 148 64 128 576 640 cost 1.14198e-05
128 148 64 194 640 704 cost 1.01019e-05
128 148 64 128 704 728 cost 2.6517e-06
128 148 128 194 576 640 cost 1.4958e-06
128 148 128 194 704 728 cost 9.432e-07
partitioning time: 6.506217 seconds
