hostname : cph-gpu1.uncc.edu
bounding: [1053872.965;1068485.726]x[860186.8419;879395.9741]x[3;730]
read 11056 observations
res: 50 50 1 bw: 100 100 1
box size: 294 x 386 x 728
nbparts: 16
mem: 2.207988739 GB (this is an order of magnitude)
68837 states processed
solution: 0.0003928647 in 16 boxes.
naive: 0.0053159259 speedup:13.53118745
sumload:0.0053797507 overhead:1.012006337
0 96 160 386 0 728 cost 0.0003928647
96 160 128 386 64 128 cost 0.000374855
96 160 128 386 0 64 cost 0.0003673604
160 294 160 256 64 128 cost 0.0003657731
160 294 256 386 64 192 cost 0.0003640005
96 160 128 386 128 256 cost 0.0003528585
160 294 256 386 192 728 cost 0.0003476538
160 294 160 256 0 64 cost 0.0003434226
160 294 160 256 320 728 cost 0.000334548
96 160 128 386 256 728 cost 0.0003345249
96 160 0 128 0 728 cost 0.0003298338
160 294 160 256 192 320 cost 0.000329685
160 294 256 386 0 64 cost 0.0003041679
0 96 0 160 0 728 cost 0.0002939118
160 294 160 256 128 192 cost 0.0002757412
160 294 0 160 0 728 cost 0.0002685495
partitioning time: 27.961523 seconds
