hostname : cph-c62.uncc.edu
bounding: [-130;-65]x[20;50]x[5875;5958]
read 588189 observations
res: 0.1 0.1 1 bw: 1 1 3
box size: 651 x 301 x 84
nbparts: 64
solution: 0.5586114109 in 64 boxes.
naive: 7.046724289 speedup:12.61471597
sumload:7.972180202 overhead:1.131331364
325 488 150 225 42 63 cost 0.5586114109
488 651 150 225 21 42 cost 0.4651267237
488 651 150 225 63 84 cost 0.4252058965
325 488 75 150 21 42 cost 0.4232866572
0 325 0 150 0 42 cost 0.4120221237
325 488 150 225 21 42 cost 0.3811319113
0 325 150 301 0 42 cost 0.3313295362
325 488 150 225 63 84 cost 0.2940109707
0 162 75 150 42 63 cost 0.2781150032
325 488 75 150 63 84 cost 0.2582351201
488 569 187 225 52 63 cost 0.2501244536
488 569 187 225 42 52 cost 0.2466780705
0 162 150 225 42 63 cost 0.2258684228
162 325 75 150 42 63 cost 0.2064326909
488 651 150 225 0 21 cost 0.1953171414
325 488 150 225 0 21 cost 0.1584698129
325 488 75 150 0 21 cost 0.1497105513
325 488 225 301 42 63 cost 0.1406095843
0 162 225 301 42 63 cost 0.1237139016
0 162 75 150 63 84 cost 0.1170778798
325 406 75 112 42 52 cost 0.1154038379
162 325 150 225 42 63 cost 0.1110513313
406 488 112 150 42 52 cost 0.1082509959
325 488 225 301 21 42 cost 0.1034656844
0 162 150 225 63 84 cost 0.1019335703
406 488 112 150 52 63 cost 0.1010917853
488 569 150 187 52 63 cost 0.0995456093
488 651 75 150 42 63 cost 0.0964105584
488 569 150 187 42 52 cost 0.0904450745
325 488 225 301 63 84 cost 0.0883820321
325 406 112 150 42 52 cost 0.0874791228
406 488 75 112 42 52 cost 0.0870409361
0 162 225 301 63 84 cost 0.08527028
488 651 0 75 42 63 cost 0.0774941415
488 651 225 301 42 63 cost 0.0733270472
325 406 75 112 52 63 cost 0.0690446743
406 488 75 112 52 63 cost 0.0678955169
162 325 75 150 63 84 cost 0.062933459
325 488 0 75 42 63 cost 0.0583943874
488 651 75 150 21 42 cost 0.056967206
488 651 225 301 21 42 cost 0.0521604498
162 325 150 225 63 84 cost 0.0506413314
488 651 0 75 21 42 cost 0.0481690103
325 406 112 150 52 63 cost 0.0476533968
569 651 187 225 42 52 cost 0.0455426084
488 651 225 301 63 84 cost 0.0455378248
325 488 225 301 0 21 cost 0.0449086902
569 651 187 225 52 63 cost 0.0411081117
325 488 0 75 21 42 cost 0.0374428191
488 651 75 150 63 84 cost 0.0366614979
488 651 225 301 0 21 cost 0.0232955885
488 651 0 75 63 84 cost 0.0228033158
488 651 75 150 0 21 cost 0.0175048711
162 325 0 75 42 63 cost 0.0169399773
325 488 0 75 63 84 cost 0.0168696114
488 651 0 75 0 21 cost 0.0126250878
162 325 225 301 42 63 cost 0.0108315056
325 488 0 75 0 21 cost 0.0096047101
162 325 225 301 63 84 cost 0.006345361
162 325 0 75 63 84 cost 0.0025913578
0 162 0 75 63 84 cost 1.21205e-05
0 162 0 75 42 63 cost 1.21205e-05
569 651 150 187 42 52 cost 1.00738e-05
569 651 150 187 52 63 cost 3.6471e-06
partitioning time: 6.215615 seconds
