hostname : cph-c53.uncc.edu
bounding: [-130;-65]x[20;50]x[5875;5958]
read 588189 observations
res: 0.1 0.1 1 bw: 2.5 2.5 7
box size: 651 x 301 x 84
nbparts: 1024
solution: 0.3486723196 in 1030 boxes.
naive: 67.21899211 speedup:192.7855707
sumload:106.4931631 overhead:1.584271941
488 569 225 263 31 42 cost 0.3486723196
325 406 112 150 63 73 cost 0.3459143092
406 488 112 150 73 84 cost 0.341693652
81 162 112 150 10 21 cost 0.328512176
81 162 150 187 21 31 cost 0.3202735846
488 569 112 150 31 42 cost 0.3172386581
325 406 225 263 42 52 cost 0.3160362703
406 488 225 263 21 31 cost 0.3123075324
406 488 37 75 31 42 cost 0.3114582316
528 569 187 206 31 36 cost 0.3108155374
406 488 37 75 52 63 cost 0.3107080654
488 569 75 112 42 52 cost 0.3098104074
569 651 225 263 42 52 cost 0.3048231894
528 569 187 206 63 68 cost 0.3028183802
162 325 150 225 0 21 cost 0.3025883148
406 488 150 187 10 21 cost 0.2976780663
528 569 187 206 68 73 cost 0.2960176892
488 569 37 75 31 42 cost 0.2889348877
528 569 206 225 31 36 cost 0.2882323021
569 651 225 263 52 63 cost 0.2868971873
488 569 225 263 63 73 cost 0.2851328313
325 365 93 112 42 47 cost 0.2838683972
488 569 37 75 52 63 cost 0.2818820464
406 488 75 112 21 31 cost 0.2813328865
325 365 112 131 36 42 cost 0.2812419857
243 325 112 150 52 63 cost 0.2802780873
325 406 75 112 10 21 cost 0.2795980475
0 81 150 187 52 63 cost 0.2795150186
406 488 187 225 0 10 cost 0.2794830855
569 651 187 225 21 31 cost 0.2782865944
162 243 112 150 52 63 cost 0.277879813
325 365 93 112 36 42 cost 0.2777319189
325 365 112 131 42 47 cost 0.2776739527
325 406 225 263 52 63 cost 0.2775923633
325 406 225 263 31 42 cost 0.2771147179
325 406 75 112 73 84 cost 0.2761873594
528 569 187 206 73 78 cost 0.2761082687
528 569 206 225 63 68 cost 0.2754031214
0 162 225 301 0 21 cost 0.2753850559
81 162 150 187 73 84 cost 0.2751705059
528 569 206 225 68 73 cost 0.2741073457
325 406 112 150 10 21 cost 0.2686974596
81 162 150 187 10 21 cost 0.2658901036
406 488 225 263 73 84 cost 0.263755418
81 121 150 168 52 57 cost 0.2605105532
406 488 112 150 10 21 cost 0.260139334
528 569 206 225 73 78 cost 0.2572207083
243 325 150 187 42 52 cost 0.2569160676
528 569 168 187 52 57 cost 0.2561943463
325 406 112 150 73 84 cost 0.2547694731
528 569 168 187 47 52 cost 0.2546771147
243 325 75 112 52 63 cost 0.2527771905
121 162 131 150 52 57 cost 0.252221491
488 569 75 112 52 63 cost 0.2508446186
528 569 168 187 42 47 cost 0.2504633385
488 569 75 112 31 42 cost 0.2502995948
81 121 150 168 57 63 cost 0.2499501044
121 162 131 150 47 52 cost 0.2494750394
81 121 150 168 47 52 cost 0.2491465885
528 569 168 187 57 63 cost 0.2489779957
325 488 0 75 63 84 cost 0.2480267945
569 651 225 263 31 42 cost 0.2452463116
81 162 187 225 52 63 cost 0.2412310887
488 569 112 150 63 73 cost 0.2381907529
81 121 131 150 52 57 cost 0.2380416554
325 365 93 112 47 52 cost 0.2373220085
528 569 187 206 26 31 cost 0.2350965104
121 162 131 150 57 63 cost 0.2338595615
243 325 112 150 21 31 cost 0.2338056224
528 569 168 187 36 42 cost 0.2329684804
325 406 187 225 63 73 cost 0.2308442947
325 365 112 131 47 52 cost 0.2304224002
488 651 75 150 0 21 cost 0.2303760869
488 528 168 187 47 52 cost 0.2289109696
81 121 131 150 47 52 cost 0.2286847507
0 81 150 187 42 52 cost 0.2279286615
162 243 112 150 21 31 cost 0.2277847968
488 528 168 187 52 57 cost 0.2259267661
81 121 131 150 57 63 cost 0.2243121568
488 569 225 263 73 84 cost 0.2241469061
528 569 187 206 78 84 cost 0.2236718085
162 243 150 187 42 52 cost 0.2217599076
243 325 150 187 31 42 cost 0.2214180989
488 528 168 187 57 63 cost 0.2202566081
325 406 187 225 21 31 cost 0.2182436928
488 528 187 206 47 52 cost 0.2176451829
488 528 168 187 42 47 cost 0.2172636176
528 569 206 225 26 31 cost 0.2170508758
488 569 225 263 21 31 cost 0.2161129146
447 488 131 150 47 52 cost 0.2148550077
569 651 225 263 63 73 cost 0.2142736457
569 610 206 225 42 47 cost 0.2136716816
325 365 75 93 42 47 cost 0.2136309097
81 162 187 225 42 52 cost 0.213429211
488 528 187 206 52 57 cost 0.2123377573
488 528 187 206 42 47 cost 0.2119415613
528 569 206 225 78 84 cost 0.2103917042
447 488 206 225 52 57 cost 0.2102845803
406 447 206 225 47 52 cost 0.2101890279
121 162 131 150 42 47 cost 0.210048952
406 488 225 263 10 21 cost 0.2099066101
447 488 131 150 52 57 cost 0.209474803
447 488 206 225 57 63 cost 0.2091223418
406 447 206 225 52 57 cost 0.2090203076
406 447 206 225 42 47 cost 0.2079241073
488 528 168 187 36 42 cost 0.2077097962
488 569 150 187 0 10 cost 0.2065146198
447 488 187 206 47 52 cost 0.2055810046
447 488 187 206 52 57 cost 0.205384518
447 488 131 150 42 47 cost 0.2050283524
447 488 206 225 47 52 cost 0.2050165468
325 406 150 187 21 31 cost 0.2040025484
488 528 187 206 36 42 cost 0.2035887943
406 447 206 225 57 63 cost 0.2030166456
569 610 206 225 47 52 cost 0.2025011753
447 488 206 225 42 47 cost 0.2019992908
447 488 187 206 42 47 cost 0.2011067855
325 365 75 93 36 42 cost 0.2000644171
447 488 131 150 57 63 cost 0.1999036891
488 528 187 206 57 63 cost 0.1996177117
447 488 187 206 57 63 cost 0.1994446917
81 121 150 168 42 47 cost 0.1993198569
569 610 206 225 52 57 cost 0.1988738199
81 162 112 150 0 10 cost 0.1984989494
121 162 112 131 52 57 cost 0.1981433302
0 81 225 263 52 63 cost 0.1980487138
0 81 263 301 52 63 cost 0.1976493333
325 365 112 131 31 36 cost 0.1967777654
447 488 206 225 36 42 cost 0.1950037261
406 447 206 225 36 42 cost 0.1945639899
325 406 150 187 63 73 cost 0.1942117728
325 406 225 263 63 73 cost 0.1938002454
488 651 0 75 63 84 cost 0.1937757342
121 162 112 131 47 52 cost 0.193484698
569 651 187 225 10 21 cost 0.1931467768
121 162 150 168 52 57 cost 0.1928940642
569 610 206 225 57 63 cost 0.192684024
121 162 150 168 47 52 cost 0.1917562905
325 365 93 112 31 36 cost 0.1909042407
406 447 187 206 47 52 cost 0.1903784538
447 488 187 206 36 42 cost 0.1892223636
406 447 187 206 42 47 cost 0.1888530464
81 162 263 301 52 63 cost 0.1885461572
162 243 150 187 31 42 cost 0.1871544052
121 162 112 131 57 63 cost 0.1870399211
569 610 206 225 36 42 cost 0.1865009663
406 447 187 206 52 57 cost 0.1864585378
81 162 225 263 52 63 cost 0.1864194311
447 488 112 131 47 52 cost 0.1850903029
81 121 131 150 42 47 cost 0.184741622
528 569 187 206 21 26 cost 0.1846684683
447 488 131 150 36 42 cost 0.1843325393
406 488 75 112 73 84 cost 0.1842901968
325 365 131 150 36 42 cost 0.1833066081
81 121 112 131 52 57 cost 0.1831215437
447 488 150 168 47 52 cost 0.1830210357
243 325 75 112 21 31 cost 0.1816134843
325 365 75 93 47 52 cost 0.1808221136
528 569 168 187 31 36 cost 0.1807443052
406 488 150 187 0 10 cost 0.1804387085
447 488 150 168 52 57 cost 0.1802768646
447 488 112 131 52 57 cost 0.1785428183
406 447 187 206 57 63 cost 0.1782111057
162 243 150 187 52 63 cost 0.1777006676
121 162 150 168 57 63 cost 0.1773915134
447 488 112 131 42 47 cost 0.1773017078
243 325 187 225 42 52 cost 0.177280759
0 81 150 187 63 73 cost 0.1771727218
325 365 131 150 42 47 cost 0.1766793064
447 488 150 168 57 63 cost 0.1754391514
447 488 150 168 42 47 cost 0.1751783497
81 121 112 131 57 63 cost 0.1751724301
406 447 187 206 36 42 cost 0.1749472977
528 569 168 187 63 68 cost 0.1748071905
81 121 112 131 47 52 cost 0.1746818163
325 365 93 112 52 57 cost 0.17443919
488 569 112 150 21 31 cost 0.174077807
162 325 0 75 42 63 cost 0.1738853243
447 488 168 187 47 52 cost 0.1730499891
528 569 206 225 21 26 cost 0.170991072
284 325 112 131 36 42 cost 0.1707204011
488 528 206 225 47 52 cost 0.1707027745
447 488 75 93 42 47 cost 0.1705791488
488 528 206 225 42 47 cost 0.1705024445
284 325 112 131 42 47 cost 0.1700771391
488 528 150 168 47 52 cost 0.1694129835
447 488 168 187 52 57 cost 0.1693043001
447 488 112 131 57 63 cost 0.1690616922
447 488 168 187 42 47 cost 0.1689104655
325 406 187 225 73 84 cost 0.1688269584
447 488 75 93 47 52 cost 0.168817779
121 162 131 150 36 42 cost 0.1683716059
325 365 112 131 52 57 cost 0.168048454
243 325 150 187 52 63 cost 0.1679862035
569 651 225 263 73 84 cost 0.1677426251
488 528 150 168 52 57 cost 0.1676164551
0 81 263 301 63 73 cost 0.1664672096
488 528 150 168 57 63 cost 0.1663646197
284 325 93 112 42 47 cost 0.1657746969
488 528 206 225 52 57 cost 0.1653356322
162 243 187 225 52 63 cost 0.1642600385
447 488 168 187 57 63 cost 0.1642144366
488 528 206 225 36 42 cost 0.1640383216
325 406 75 112 0 10 cost 0.1635327344
447 488 75 93 36 42 cost 0.1635313143
325 406 225 263 21 31 cost 0.1633688112
0 81 187 225 52 63 cost 0.1632972175
406 488 75 112 10 21 cost 0.1631492099
121 162 150 168 42 47 cost 0.1621237513
121 162 112 131 42 47 cost 0.1616867206
488 528 168 187 31 36 cost 0.1616804202
528 569 168 187 68 73 cost 0.1608236222
81 121 150 168 63 68 cost 0.1606393042
447 488 150 168 36 42 cost 0.1604112649
447 488 93 112 47 52 cost 0.1603426513
81 162 263 301 63 73 cost 0.1602414039
284 325 93 112 36 42 cost 0.1601199367
447 488 93 112 42 47 cost 0.1599496176
488 528 187 206 31 36 cost 0.1598875809
406 447 225 244 52 57 cost 0.159141808
447 488 112 131 36 42 cost 0.1588740239
243 325 112 150 63 73 cost 0.158758384
488 528 150 168 42 47 cost 0.1584465112
569 610 187 206 42 47 cost 0.158066525
447 488 168 187 36 42 cost 0.157853302
528 569 187 206 15 21 cost 0.1577532341
406 447 225 244 57 63 cost 0.1574217277
162 243 187 225 42 52 cost 0.1573728604
81 162 150 187 0 10 cost 0.1569574224
406 488 112 150 0 10 cost 0.156686354
447 488 206 225 63 68 cost 0.1566053771
406 447 225 244 47 52 cost 0.15649463
447 488 56 75 42 47 cost 0.1562199141
0 81 225 263 42 52 cost 0.155996999
528 569 225 244 42 47 cost 0.1553115577
447 488 56 75 47 52 cost 0.1547657785
325 406 112 150 0 10 cost 0.1540010268
447 488 206 225 31 36 cost 0.1538905278
406 447 225 244 42 47 cost 0.1537079642
488 528 206 225 57 63 cost 0.1534873036
81 121 150 168 36 42 cost 0.1532932906
81 162 225 263 42 52 cost 0.1527969593
243 325 187 225 52 63 cost 0.1527058421
569 610 187 206 47 52 cost 0.1520548686
162 325 225 301 42 63 cost 0.1518695064
488 528 150 168 36 42 cost 0.1517749213
569 610 187 206 52 57 cost 0.151534571
488 528 168 187 63 68 cost 0.1502994107
569 610 206 225 68 73 cost 0.1501811739
406 447 206 225 63 68 cost 0.1499501409
447 488 93 112 36 42 cost 0.1497550576
488 528 131 150 47 52 cost 0.1491569828
528 569 225 244 47 52 cost 0.1486086452
121 162 131 150 63 68 cost 0.1479186831
406 488 37 75 21 31 cost 0.1474636823
243 325 112 150 10 21 cost 0.147295663
528 569 225 244 52 57 cost 0.1472410897
569 651 225 263 21 31 cost 0.1470260671
528 569 206 225 15 21 cost 0.1469632821
569 610 206 225 63 68 cost 0.1469025951
325 406 187 225 10 21 cost 0.1468273064
569 610 187 206 57 63 cost 0.1465388478
325 365 131 150 47 52 cost 0.1461906794
447 488 75 93 52 57 cost 0.1461578914
488 569 225 263 10 21 cost 0.1457144811
488 528 131 150 52 57 cost 0.1456741113
447 488 131 150 63 68 cost 0.1455568935
406 447 206 225 31 36 cost 0.1455360887
569 610 206 225 31 36 cost 0.1454429402
447 488 187 206 31 36 cost 0.1452080006
325 406 225 263 73 84 cost 0.1448920029
325 488 0 75 0 21 cost 0.144537573
447 488 187 206 63 68 cost 0.1442450822
406 447 168 187 47 52 cost 0.1441593614
528 569 168 187 73 78 cost 0.1439065481
0 81 150 187 31 42 cost 0.143698853
0 81 263 301 42 52 cost 0.1434184875
406 447 225 244 36 42 cost 0.1432694017
488 528 56 75 42 47 cost 0.1432068733
447 488 93 112 52 57 cost 0.1429862873
488 528 131 150 57 63 cost 0.1428448228
81 121 131 150 63 68 cost 0.1426272739
406 447 168 187 42 47 cost 0.1425039522
528 569 225 244 57 63 cost 0.1424020426
488 528 56 75 47 52 cost 0.1422581301
0 81 225 263 63 73 cost 0.1421982889
81 121 112 131 42 47 cost 0.1417992232
447 488 206 225 68 73 cost 0.1415598184
406 447 112 131 47 52 cost 0.1412754402
81 162 187 225 63 73 cost 0.1409798033
81 121 131 150 36 42 cost 0.140569964
488 528 131 150 42 47 cost 0.1402676617
0 81 187 225 42 52 cost 0.1398404088
488 528 187 206 63 68 cost 0.1397456035
81 162 263 301 42 52 cost 0.1394649007
406 447 206 225 68 73 cost 0.1392802474
406 447 112 131 42 47 cost 0.1390445529
569 610 187 206 36 42 cost 0.1385906682
406 447 168 187 52 57 cost 0.1381185215
81 121 168 187 52 57 cost 0.1380977716
528 569 168 187 26 31 cost 0.1379884344
284 325 112 131 47 52 cost 0.1375794878
569 610 206 225 73 78 cost 0.1375559665
162 325 0 75 21 42 cost 0.1371343341
325 365 112 131 26 31 cost 0.1366926053
162 243 112 150 10 21 cost 0.136392724
325 406 150 187 10 21 cost 0.1357134484
406 447 131 150 47 52 cost 0.1356641776
284 325 93 112 47 52 cost 0.1354023441
81 162 225 263 63 73 cost 0.135338608
406 447 131 150 42 47 cost 0.1340816389
325 365 75 93 52 57 cost 0.133836537
81 121 168 187 47 52 cost 0.1338271712
488 528 168 187 68 73 cost 0.1335743674
325 365 75 93 31 36 cost 0.1333712447
81 121 168 187 57 63 cost 0.1327932353
406 447 168 187 36 42 cost 0.1323222281
406 447 150 168 47 52 cost 0.1318840033
162 243 112 150 63 73 cost 0.1317492833
447 488 187 206 68 73 cost 0.131627519
406 447 187 206 63 68 cost 0.1313923999
488 528 187 206 68 73 cost 0.1310290262
488 528 168 187 26 31 cost 0.1310144856
488 528 187 206 26 31 cost 0.1309979205
121 162 150 168 36 42 cost 0.1308036517
447 488 206 225 26 31 cost 0.1307385435
325 406 150 187 73 84 cost 0.1307211074
81 162 187 225 31 42 cost 0.1306997821
284 325 131 150 36 42 cost 0.1303727164
488 528 206 225 31 36 cost 0.1301016171
406 447 112 131 52 57 cost 0.1298558233
488 569 37 75 21 31 cost 0.129784116
325 365 93 112 26 31 cost 0.1296330596
406 447 168 187 57 63 cost 0.1293206801
406 447 150 168 42 47 cost 0.129213298
325 365 93 112 57 63 cost 0.1287612268
406 447 187 206 31 36 cost 0.1285131346
406 488 225 263 0 10 cost 0.1283645302
121 162 112 131 36 42 cost 0.1283313308
447 488 150 168 63 68 cost 0.1279872322
284 325 75 93 42 47 cost 0.127773093
447 488 225 244 57 63 cost 0.1277566128
325 365 131 150 31 36 cost 0.1277380216
488 569 75 112 63 73 cost 0.1277365201
243 325 75 112 63 73 cost 0.1275075693
406 447 131 150 52 57 cost 0.1272141282
325 365 112 131 57 63 cost 0.1270856028
406 447 150 168 52 57 cost 0.1267738917
243 325 187 225 31 42 cost 0.1267472277
447 488 131 150 31 36 cost 0.1264471917
284 325 131 150 42 47 cost 0.125912898
447 488 93 112 57 63 cost 0.1253991654
447 488 75 93 57 63 cost 0.1249445465
325 406 37 75 42 52 cost 0.1248314709
447 488 112 131 63 68 cost 0.124773108
569 651 187 225 0 10 cost 0.1241157909
162 202 131 150 36 42 cost 0.1235942964
406 447 112 131 36 42 cost 0.1230802643
447 488 225 244 52 57 cost 0.12291482
406 447 131 150 36 42 cost 0.1220720474
406 447 187 206 68 73 cost 0.1214630606
81 121 150 168 68 73 cost 0.1214386091
447 488 187 206 26 31 cost 0.120514784
406 447 206 225 26 31 cost 0.1200280344
528 569 187 206 10 15 cost 0.1196386561
243 325 112 150 73 84 cost 0.1195619442
243 325 75 112 10 21 cost 0.1192725984
488 569 75 112 21 31 cost 0.1190418052
121 162 112 131 63 68 cost 0.1189407734
447 488 131 150 68 73 cost 0.1187678352
447 488 168 187 31 36 cost 0.11873303
284 325 112 131 31 36 cost 0.1182547312
406 447 150 168 57 63 cost 0.1182373757
406 447 150 168 36 42 cost 0.1180735036
284 325 75 93 36 42 cost 0.1179080906
406 447 112 131 57 63 cost 0.1175383016
406 447 225 244 63 68 cost 0.1171895015
488 528 187 206 73 78 cost 0.1164218446
447 488 168 187 63 68 cost 0.116375619
488 569 112 150 73 84 cost 0.1163179938
162 202 131 150 42 47 cost 0.1156434646
406 447 131 150 57 63 cost 0.1154965268
569 610 187 206 68 73 cost 0.1149486452
447 488 150 168 31 36 cost 0.1141865038
447 488 225 244 47 52 cost 0.1141682712
406 447 206 225 73 78 cost 0.113701886
488 528 150 168 31 36 cost 0.1136279572
569 610 206 225 78 84 cost 0.1133628799
528 569 168 187 78 84 cost 0.1133541299
447 488 225 244 42 47 cost 0.1130926107
447 488 225 244 36 42 cost 0.112813417
81 121 112 131 63 68 cost 0.1128121197
488 528 168 187 73 78 cost 0.1127530247
121 162 150 168 63 68 cost 0.1124897324
488 528 150 168 63 68 cost 0.1121738614
569 610 187 206 63 68 cost 0.1118368473
528 569 206 225 10 15 cost 0.1116552014
447 488 206 225 73 78 cost 0.1112472751
162 202 112 131 36 42 cost 0.1105080298
447 488 75 93 31 36 cost 0.1104216001
121 162 131 150 68 73 cost 0.1102932807
406 447 225 244 68 73 cost 0.109609469
325 406 225 263 10 21 cost 0.1094914712
406 447 225 244 31 36 cost 0.1088334504
162 243 187 225 63 73 cost 0.1085192199
488 528 206 225 63 68 cost 0.1084030397
284 325 93 112 31 36 cost 0.1081020395
447 488 150 168 68 73 cost 0.1080910924
569 610 187 206 31 36 cost 0.107933254
528 569 168 187 21 26 cost 0.1078277041
81 121 112 131 36 42 cost 0.1077973266
121 162 131 150 31 36 cost 0.1076460859
569 610 187 206 73 78 cost 0.1074214707
488 528 206 225 26 31 cost 0.1068735397
528 569 187 206 5 10 cost 0.1066221567
447 488 187 206 73 78 cost 0.1059878672
447 488 168 187 68 73 cost 0.1059506555
81 121 131 150 68 73 cost 0.105943475
81 121 168 187 42 47 cost 0.1055676216
284 325 75 93 47 52 cost 0.1051510432
162 202 131 150 47 52 cost 0.1051495148
162 325 225 301 21 42 cost 0.1051364956
162 243 150 187 21 31 cost 0.1050651736
447 488 206 225 21 26 cost 0.1050395368
488 528 168 187 21 26 cost 0.1049024231
447 488 112 131 31 36 cost 0.1048934677
325 365 131 150 52 57 cost 0.1048291824
243 325 150 187 21 31 cost 0.104544968
406 447 187 206 26 31 cost 0.1040897616
488 528 187 206 21 26 cost 0.10374651
569 651 225 263 10 21 cost 0.1034001096
488 528 206 225 68 73 cost 0.1033263197
0 81 187 225 63 73 cost 0.1026164051
325 365 112 131 21 26 cost 0.1023191741
162 243 187 225 31 42 cost 0.1022982042
0 81 225 263 31 42 cost 0.1021103941
162 202 112 131 42 47 cost 0.1017800394
81 162 225 263 31 42 cost 0.1015888258
0 81 150 187 21 31 cost 0.1012077082
81 162 263 301 31 42 cost 0.1010047066
528 569 206 225 5 10 cost 0.1004704222
284 325 131 150 47 52 cost 0.100353938
406 447 187 206 73 78 cost 0.1002645615
447 488 225 244 63 68 cost 0.1002381766
488 651 0 75 0 21 cost 0.1000237914
447 488 93 112 31 36 cost 0.0999759591
0 81 263 301 31 42 cost 0.0997502843
325 365 93 112 21 26 cost 0.0990684909
447 488 112 131 68 73 cost 0.0987634141
325 365 150 168 42 47 cost 0.0985728547
0 81 150 187 73 84 cost 0.0983737647
0 81 263 301 73 84 cost 0.0982011097
81 121 150 168 31 36 cost 0.0980403364
325 406 37 75 31 42 cost 0.097447559
447 488 131 150 26 31 cost 0.0973095152
447 488 187 206 21 26 cost 0.0970188997
406 447 206 225 21 26 cost 0.096319057
325 365 150 168 36 42 cost 0.0962218335
243 325 75 112 73 84 cost 0.0961328908
406 447 168 187 31 36 cost 0.095411287
325 365 75 93 57 63 cost 0.0947448844
548 569 196 206 44 47 cost 0.0945863249
447 488 168 187 26 31 cost 0.0944008095
406 447 93 112 47 52 cost 0.0941918739
406 447 168 187 63 68 cost 0.0939950797
488 569 225 263 0 10 cost 0.0939495999
162 202 131 150 31 36 cost 0.0929440765
81 162 263 301 73 84 cost 0.0925938762
447 488 225 244 31 36 cost 0.091825044
488 528 150 168 68 73 cost 0.0917387554
365 406 112 131 42 47 cost 0.0916847022
162 202 112 131 47 52 cost 0.0916465131
406 447 93 112 42 47 cost 0.0915884593
488 528 206 225 73 78 cost 0.0915131342
365 406 187 206 42 47 cost 0.0914407987
162 243 150 187 63 73 cost 0.091305454
528 569 168 187 15 21 cost 0.0912408562
284 325 131 150 31 36 cost 0.091114794
325 365 93 112 63 68 cost 0.0909811431
488 528 150 168 26 31 cost 0.0909491417
488 528 37 56 47 52 cost 0.0909202256
365 406 187 206 47 52 cost 0.0908417201
243 325 150 187 63 73 cost 0.0908243515
0 81 187 225 31 42 cost 0.0907257591
548 569 196 206 54 57 cost 0.0907193063
488 528 187 206 78 84 cost 0.0906688291
0 81 150 187 10 21 cost 0.090640039
488 528 37 56 42 47 cost 0.0905570936
325 365 93 112 68 73 cost 0.0904511415
365 406 112 131 47 52 cost 0.0904038576
243 325 187 225 63 73 cost 0.0899402946
548 569 196 206 49 52 cost 0.0899317963
365 406 206 225 42 47 cost 0.0898621752
325 365 131 150 26 31 cost 0.0894571221
406 488 75 112 0 10 cost 0.08913805
569 610 187 206 78 84 cost 0.0888807553
121 162 112 131 68 73 cost 0.0888693369
243 325 112 150 0 10 cost 0.0887136097
162 325 225 301 63 84 cost 0.0886398463
447 488 150 168 26 31 cost 0.0882039944
528 548 196 206 44 47 cost 0.0881846946
325 365 168 187 42 47 cost 0.0881197552
81 121 131 150 31 36 cost 0.087894373
447 488 206 225 15 21 cost 0.0878265038
325 365 75 93 26 31 cost 0.0876838569
447 488 225 244 68 73 cost 0.087326698
365 406 206 225 47 52 cost 0.0872404573
365 406 93 112 42 47 cost 0.0871448894
548 569 206 215 44 47 cost 0.0870618793
488 528 168 187 15 21 cost 0.0867575657
325 406 187 225 0 10 cost 0.0866683333
488 528 187 206 15 21 cost 0.0865561084
548 569 215 225 44 47 cost 0.0864838392
365 406 93 112 47 52 cost 0.0863350603
528 548 196 206 54 57 cost 0.0862651812
447 488 168 187 73 78 cost 0.0862462999
528 548 196 206 49 52 cost 0.0861480015
406 447 168 187 68 73 cost 0.0859013639
488 528 168 187 78 84 cost 0.0858973859
81 121 168 187 63 68 cost 0.0855766852
406 447 150 168 63 68 cost 0.0854686279
121 162 131 150 26 31 cost 0.0852410354
81 121 112 131 68 73 cost 0.0851365664
406 447 206 225 78 84 cost 0.0850928136
488 528 206 225 21 26 cost 0.0849741389
447 488 93 112 63 68 cost 0.0849639881
406 447 93 112 52 57 cost 0.0842735006
121 162 150 168 31 36 cost 0.0842495008
325 365 150 168 47 52 cost 0.084072366
406 447 206 225 15 21 cost 0.0839580987
121 162 150 168 68 73 cost 0.08384515
406 447 131 150 31 36 cost 0.0838085841
406 447 150 168 31 36 cost 0.0834696464
162 202 112 131 31 36 cost 0.0834084018
406 447 187 206 21 26 cost 0.0833082929
447 488 150 168 73 78 cost 0.0830137147
81 121 168 187 36 42 cost 0.0829868471
548 569 206 215 54 57 cost 0.0829634234
548 569 196 206 57 60 cost 0.0827911001
365 406 206 225 36 42 cost 0.0827655288
488 528 112 131 47 52 cost 0.0826405992
406 447 112 131 63 68 cost 0.0826258057
548 569 206 215 49 52 cost 0.0823161207
447 488 187 206 15 21 cost 0.0822335836
325 365 168 187 36 42 cost 0.0822190928
365 406 187 206 36 42 cost 0.0822175309
365 406 187 206 52 57 cost 0.0820938117
121 162 112 131 31 36 cost 0.0818119823
548 569 215 225 54 57 cost 0.0815249673
365 406 112 131 36 42 cost 0.0813121465
406 447 131 150 63 68 cost 0.0812774395
0 81 225 263 73 84 cost 0.0809810914
325 406 150 187 0 10 cost 0.080940258
548 569 215 225 49 52 cost 0.0808652352
447 488 112 131 26 31 cost 0.0808110821
447 488 75 93 63 68 cost 0.0807562816
528 548 187 196 44 47 cost 0.0806088238
447 488 206 225 78 84 cost 0.0803828488
528 548 187 196 54 57 cost 0.0797668857
81 162 187 225 21 31 cost 0.0795785472
406 447 93 112 36 42 cost 0.079449632
548 569 187 196 44 47 cost 0.0793962179
365 406 206 225 52 57 cost 0.0793753865
528 548 187 196 49 52 cost 0.0792991165
488 528 112 131 42 47 cost 0.0790890522
528 548 206 215 44 47 cost 0.0789966666
488 528 112 131 52 57 cost 0.0787171647
528 548 196 206 57 60 cost 0.0786837814
325 365 168 187 47 52 cost 0.0785584225
365 406 112 131 52 57 cost 0.078462523
447 488 187 206 78 84 cost 0.0784348992
406 447 112 131 31 36 cost 0.078166145
548 569 196 206 47 49 cost 0.0780025387
548 569 196 206 52 54 cost 0.0778104487
325 365 131 150 57 63 cost 0.0777261961
548 569 187 196 54 57 cost 0.0776894549
548 569 196 206 42 44 cost 0.0774363906
81 162 225 263 73 84 cost 0.0770932257
365 406 168 187 47 52 cost 0.076895582
548 569 196 206 39 42 cost 0.0768419617
81 162 187 225 73 84 cost 0.0767642577
528 548 206 215 54 57 cost 0.0767282231
528 548 206 215 49 52 cost 0.0766432978
284 325 75 93 31 36 cost 0.0765785569
548 569 187 196 49 52 cost 0.0765011221
325 406 263 301 42 52 cost 0.0763147219
162 243 112 150 73 84 cost 0.0760869982
548 569 206 215 57 60 cost 0.0758122654
121 162 131 150 73 78 cost 0.075801037
406 447 168 187 26 31 cost 0.0757381023
365 406 93 112 36 42 cost 0.075445083
406 447 187 206 78 84 cost 0.0753067691
447 488 168 187 21 26 cost 0.0751957676
406 447 93 112 57 63 cost 0.0751082057
365 406 93 112 52 57 cost 0.0750834548
406 447 150 168 68 73 cost 0.0749983694
528 569 187 206 0 5 cost 0.0749306289
447 488 131 150 21 26 cost 0.074481201
548 569 196 206 36 39 cost 0.0744429425
528 548 196 206 52 54 cost 0.0743473381
548 569 215 225 57 60 cost 0.0743343804
365 406 168 187 42 47 cost 0.0743228988
243 325 75 112 0 10 cost 0.0743142554
325 365 187 206 42 47 cost 0.0741397326
528 548 196 206 47 49 cost 0.0739745138
488 528 112 131 57 63 cost 0.0737929514
81 121 131 150 73 78 cost 0.0732951392
406 447 187 206 15 21 cost 0.0732108502
528 548 196 206 39 42 cost 0.0730744649
528 548 187 196 57 60 cost 0.0730625144
548 569 196 206 60 63 cost 0.0721114127
488 528 206 225 78 84 cost 0.0716898971
406 447 168 187 73 78 cost 0.0716321945
488 528 225 244 42 47 cost 0.0716258142
548 569 206 215 47 49 cost 0.071592912
162 243 187 225 73 84 cost 0.071585929
528 548 196 206 42 44 cost 0.0714196052
548 569 215 225 42 44 cost 0.0714145746
548 569 206 215 42 44 cost 0.0713957171
488 528 206 225 15 21 cost 0.0712216495
548 569 206 215 52 54 cost 0.0711403609
528 548 196 206 36 39 cost 0.0710964195
548 569 187 196 57 60 cost 0.0710400127
488 528 150 168 21 26 cost 0.0708386071
121 162 131 150 21 26 cost 0.0708307604
548 569 206 215 39 42 cost 0.0707235032
528 569 206 225 0 5 cost 0.0706822382
548 569 215 225 47 49 cost 0.0705809503
548 569 215 225 39 42 cost 0.0704923515
81 121 131 150 26 31 cost 0.0704389691
488 528 225 244 47 52 cost 0.0703755835
325 365 187 206 36 42 cost 0.0703543783
365 406 206 225 57 63 cost 0.0702096346
528 569 150 168 57 63 cost 0.070113043
528 569 150 168 52 57 cost 0.0700996638
528 548 206 215 57 60 cost 0.0700774877
548 569 215 225 52 54 cost 0.0698367286
365 406 187 206 57 63 cost 0.0697097152
488 569 75 112 73 84 cost 0.0695781938
365 406 168 187 52 57 cost 0.0694470016
488 528 150 168 73 78 cost 0.0692446989
325 406 263 301 52 63 cost 0.0691992085
528 548 196 206 60 63 cost 0.0689796881
365 406 112 131 57 63 cost 0.0689165244
81 162 263 301 21 31 cost 0.0686305738
548 569 206 215 36 39 cost 0.0686107549
528 548 187 196 52 54 cost 0.068582826
325 365 75 93 21 26 cost 0.0685483032
406 447 131 150 68 73 cost 0.0685445426
488 528 225 244 52 57 cost 0.068494694
548 569 215 225 36 39 cost 0.068488213
528 569 150 168 47 52 cost 0.0682769376
81 121 112 131 31 36 cost 0.0681619046
528 569 168 187 10 15 cost 0.0681584352
325 406 263 301 31 42 cost 0.0680757261
447 488 150 168 21 26 cost 0.0680177459
528 548 187 196 47 49 cost 0.0678872695
406 447 112 131 68 73 cost 0.067822036
0 81 263 301 21 31 cost 0.0676724597
569 651 225 263 0 10 cost 0.0676409037
325 365 187 206 47 52 cost 0.0675976538
447 488 37 56 47 52 cost 0.0674976433
243 325 187 225 73 84 cost 0.0672795665
528 548 187 196 39 42 cost 0.0671567649
447 488 37 56 42 47 cost 0.0671231487
365 406 93 112 57 63 cost 0.0667348927
548 569 187 196 52 54 cost 0.0664626978
325 365 150 168 31 36 cost 0.0661710161
447 488 93 112 68 73 cost 0.0661404373
528 548 206 215 52 54 cost 0.0661199591
243 325 187 225 21 31 cost 0.0660054375
548 569 206 215 60 63 cost 0.0659859562
528 548 206 215 47 49 cost 0.0659348669
162 243 112 150 0 10 cost 0.06591645
548 569 187 196 47 49 cost 0.065871139
0 81 225 263 21 31 cost 0.0655515755
528 548 187 196 36 39 cost 0.0655292451
528 548 206 215 39 42 cost 0.0654953046
81 121 168 187 68 73 cost 0.0654324845
528 548 187 196 42 44 cost 0.0652217773
325 406 37 75 52 63 cost 0.0651237415
447 488 168 187 78 84 cost 0.0650173397
365 406 168 187 36 42 cost 0.0649383
81 162 187 225 10 21 cost 0.0649025926
548 569 187 196 39 42 cost 0.0648669614
325 365 75 93 63 68 cost 0.0648629078
447 488 206 225 10 15 cost 0.0648226632
548 569 187 196 42 44 cost 0.064778799
548 569 215 225 60 63 cost 0.0647114183
325 365 131 150 21 26 cost 0.0646291472
325 365 75 93 68 73 cost 0.064570239
365 406 150 168 47 52 cost 0.064458792
488 528 187 206 10 15 cost 0.0644260278
325 406 225 263 0 10 cost 0.0643540727
528 548 187 196 60 63 cost 0.0643034434
406 447 150 168 26 31 cost 0.0642939556
121 162 112 131 26 31 cost 0.064247993
528 548 206 215 42 44 cost 0.0641878781
243 325 150 187 73 84 cost 0.0641224983
528 569 150 168 42 47 cost 0.063982602
528 548 206 215 36 39 cost 0.0637923399
365 406 131 150 42 47 cost 0.0637188458
365 406 150 168 42 47 cost 0.0636280272
406 447 206 225 10 15 cost 0.0635076587
488 528 225 244 57 63 cost 0.0634697228
406 447 131 150 26 31 cost 0.063352571
365 406 131 150 47 52 cost 0.0633218413
325 365 150 168 52 57 cost 0.0631410133
162 243 75 112 42 52 cost 0.0631221437
81 162 225 263 21 31 cost 0.0631160662
548 569 187 196 36 39 cost 0.0629512102
528 548 215 225 44 47 cost 0.0627337408
406 447 75 93 47 52 cost 0.0624487008
365 406 75 93 42 47 cost 0.0623468865
488 528 168 187 10 15 cost 0.062300169
325 365 168 187 52 57 cost 0.0622834757
548 569 187 196 60 63 cost 0.0622539346
447 488 75 93 68 73 cost 0.0621228925
365 406 75 93 47 52 cost 0.0618550179
528 569 150 168 36 42 cost 0.0616105525
447 488 112 131 21 26 cost 0.0614676144
528 548 206 215 60 63 cost 0.0613314945
162 243 75 112 31 42 cost 0.0611483179
406 447 150 168 73 78 cost 0.0608341975
447 488 187 206 10 15 cost 0.060397573
0 81 187 225 21 31 cost 0.0603201593
365 406 206 225 31 36 cost 0.0601902105
528 548 215 225 54 57 cost 0.0599203735
406 447 75 93 42 47 cost 0.059852497
81 121 131 150 21 26 cost 0.0595902875
528 548 215 225 49 52 cost 0.0593596305
121 162 112 131 73 78 cost 0.0593536386
406 447 168 187 21 26 cost 0.0593499247
162 243 187 225 21 31 cost 0.0586656031
365 406 187 206 31 36 cost 0.0585817757
365 406 131 150 36 42 cost 0.0585153278
81 121 112 131 73 78 cost 0.0582120151
0 81 187 225 73 84 cost 0.057634409
447 488 150 168 78 84 cost 0.0569444475
488 528 150 168 15 21 cost 0.0567817668
365 406 150 168 36 42 cost 0.0565946626
488 528 187 206 5 10 cost 0.0565839484
325 365 168 187 31 36 cost 0.0565190528
365 406 150 168 52 57 cost 0.0565171912
365 406 168 187 57 63 cost 0.0564170711
406 447 112 131 26 31 cost 0.0563755487
162 243 150 187 73 84 cost 0.0558919503
406 447 75 93 52 57 cost 0.0558645069
406 447 187 206 10 15 cost 0.0552561326
325 365 187 206 52 57 cost 0.0551837364
121 162 168 187 47 52 cost 0.0548223119
325 365 206 225 42 47 cost 0.0544754644
528 548 215 225 57 60 cost 0.054473212
365 406 131 150 52 57 cost 0.054315289
81 121 112 131 26 31 cost 0.0542371109
406 447 168 187 78 84 cost 0.0542199779
488 528 206 225 10 15 cost 0.0535993013
365 406 75 93 52 57 cost 0.0534258799
325 365 206 225 36 42 cost 0.0533000433
81 121 168 187 31 36 cost 0.0529431001
121 162 112 131 21 26 cost 0.0529208953
365 406 75 93 36 42 cost 0.0528068407
528 548 215 225 39 42 cost 0.0526888169
365 406 112 131 31 36 cost 0.0524647138
0 81 150 187 0 10 cost 0.0523272989
0 81 187 225 10 21 cost 0.0522926233
121 162 131 150 78 84 cost 0.0522363971
528 548 215 225 36 39 cost 0.0520101802
569 651 150 187 52 63 cost 0.0518524579
528 548 215 225 42 44 cost 0.0517636792
121 162 168 187 52 57 cost 0.051681015
528 548 215 225 47 49 cost 0.0513734104
569 651 150 187 42 52 cost 0.05135717
528 548 215 225 52 54 cost 0.0512480476
325 406 263 301 63 73 cost 0.0511703323
406 447 93 112 63 68 cost 0.0511483117
406 447 75 93 36 42 cost 0.0510429907
81 121 131 150 78 84 cost 0.0501409179
406 447 150 168 21 26 cost 0.0499062855
325 365 206 225 47 52 cost 0.0498046302
406 447 75 93 57 63 cost 0.0497500077
325 365 187 206 31 36 cost 0.0492797901
81 162 75 112 52 63 cost 0.0492564879
488 528 150 168 78 84 cost 0.0490313071
406 447 131 150 21 26 cost 0.0486386798
365 406 93 112 31 36 cost 0.0483349373
325 365 168 187 57 63 cost 0.0483263037
528 569 150 168 63 68 cost 0.0480132129
528 548 215 225 60 63 cost 0.0477474632
121 162 168 187 42 47 cost 0.0476661287
488 528 206 225 5 10 cost 0.0475549267
406 447 93 112 31 36 cost 0.0475089811
81 162 75 112 42 52 cost 0.0471454707
406 447 244 263 57 63 cost 0.0469787832
365 406 75 93 57 63 cost 0.0467767262
325 365 150 168 57 63 cost 0.0466226127
528 569 150 168 31 36 cost 0.0464037888
406 447 244 263 52 57 cost 0.0459855958
81 121 112 131 21 26 cost 0.0455020154
365 406 93 112 63 68 cost 0.0448551933
365 406 150 168 57 63 cost 0.0447778016
406 447 150 168 78 84 cost 0.0445559305
325 365 187 206 57 63 cost 0.0445082411
406 447 244 263 47 52 cost 0.0442086277
365 406 131 150 57 63 cost 0.0438823583
365 406 168 187 31 36 cost 0.0438264401
121 162 168 187 57 63 cost 0.0435211318
406 447 244 263 42 47 cost 0.043202488
406 447 112 131 21 26 cost 0.0422983352
406 447 244 263 36 42 cost 0.0417956147
325 365 206 225 52 57 cost 0.0416279326
162 243 75 112 52 63 cost 0.04161217
406 447 93 112 68 73 cost 0.0415894162
325 406 263 301 21 31 cost 0.0410533865
569 651 150 187 31 42 cost 0.0410070067
121 162 112 131 78 84 cost 0.0407816353
121 162 168 187 36 42 cost 0.0406753104
365 406 93 112 68 73 cost 0.0406123443
488 528 187 206 0 5 cost 0.0404061165
162 325 225 301 0 21 cost 0.0400937391
488 528 150 168 10 15 cost 0.0398530627
81 121 112 131 78 84 cost 0.0396696532
528 569 150 168 68 73 cost 0.0389845411
325 365 206 225 31 36 cost 0.0384120362
365 406 112 131 26 31 cost 0.0383499363
569 651 150 187 63 73 cost 0.0379404778
81 162 187 225 0 10 cost 0.0376760933
365 406 131 150 31 36 cost 0.0375017152
365 406 150 168 31 36 cost 0.0369053087
325 406 263 301 73 84 cost 0.0367696227
406 488 263 301 52 63 cost 0.0367640781
447 488 244 263 57 63 cost 0.0366863246
528 569 150 168 26 31 cost 0.0365302041
162 325 0 75 0 21 cost 0.036528876
406 447 244 263 63 68 cost 0.0351324384
365 406 93 112 26 31 cost 0.034989271
325 365 206 225 57 63 cost 0.0346057883
325 406 37 75 21 31 cost 0.034469837
488 528 206 225 0 5 cost 0.0341408609
406 447 75 93 63 68 cost 0.0335329423
365 406 75 93 31 36 cost 0.0332814011
243 284 131 150 36 42 cost 0.0331820939
243 284 131 150 42 47 cost 0.0331673898
406 447 244 263 31 36 cost 0.0328033784
447 488 244 263 52 57 cost 0.032566013
202 243 131 150 36 42 cost 0.0322406509
406 488 263 301 42 52 cost 0.0321206562
202 243 131 150 42 47 cost 0.0321188995
162 243 75 112 21 31 cost 0.0319710487
406 447 244 263 68 73 cost 0.0316643697
569 651 150 187 73 84 cost 0.0313397128
162 325 0 75 63 84 cost 0.0312119386
447 488 244 263 63 68 cost 0.03086624
365 406 75 93 63 68 cost 0.030730752
365 406 112 131 21 26 cost 0.0306079468
528 569 150 168 73 78 cost 0.0304549877
447 488 244 263 36 42 cost 0.030351579
243 284 112 131 36 42 cost 0.03026422
0 81 187 225 0 10 cost 0.0302617979
406 447 75 93 31 36 cost 0.0298025247
243 284 112 131 42 47 cost 0.0293962313
528 569 131 150 57 63 cost 0.0291379816
81 162 75 112 31 42 cost 0.0288901372
528 569 131 150 52 57 cost 0.0287931682
365 406 93 112 21 26 cost 0.0287779486
202 243 131 150 47 52 cost 0.0285480672
406 488 263 301 31 42 cost 0.0284238877
447 488 244 263 47 52 cost 0.0283266706
447 488 244 263 42 47 cost 0.0282986903
365 406 131 150 26 31 cost 0.0282750763
202 243 112 131 36 42 cost 0.0282042045
528 569 131 150 47 52 cost 0.0281549
528 569 150 168 21 26 cost 0.0279235102
365 406 75 93 68 73 cost 0.0278618564
202 243 112 131 42 47 cost 0.0272270073
325 406 263 301 10 21 cost 0.0271725311
406 447 75 93 68 73 cost 0.0270961175
121 162 168 187 31 36 cost 0.0268485775
243 284 131 150 47 52 cost 0.0268168097
447 488 244 263 68 73 cost 0.0267554003
406 488 263 301 63 73 cost 0.0266557317
528 569 131 150 42 47 cost 0.0264210117
121 162 168 187 63 68 cost 0.0261291048
447 488 244 263 31 36 cost 0.0257585161
81 162 75 112 63 73 cost 0.0247388242
365 406 75 93 26 31 cost 0.0236245755
202 243 112 131 47 52 cost 0.023616385
569 651 150 187 21 31 cost 0.0235749115
528 569 244 263 42 47 cost 0.0234307575
202 243 131 150 31 36 cost 0.0233876824
243 284 131 150 31 36 cost 0.0233682191
243 284 112 131 47 52 cost 0.0232674943
528 569 150 168 15 21 cost 0.022509294
406 488 0 37 42 52 cost 0.0224457709
528 569 150 168 78 84 cost 0.0223521264
162 243 75 112 63 73 cost 0.0221385115
488 569 0 37 42 52 cost 0.0221198872
528 569 244 263 47 52 cost 0.0217901127
243 284 112 131 31 36 cost 0.0217072879
365 406 131 150 21 26 cost 0.0211307945
528 569 244 263 52 57 cost 0.0209936742
243 284 93 112 36 42 cost 0.0205891541
202 243 112 131 31 36 cost 0.0204403418
406 488 263 301 21 31 cost 0.0202121279
528 569 244 263 57 63 cost 0.0201689964
365 406 75 93 21 26 cost 0.0199228693
243 284 93 112 42 47 cost 0.0198795739
162 243 75 112 10 21 cost 0.0196868626
0 81 112 150 52 63 cost 0.0195482265
121 162 168 187 68 73 cost 0.0193228744
406 488 0 37 52 63 cost 0.0183921677
488 528 244 263 42 47 cost 0.0179831639
488 569 0 37 52 63 cost 0.0174176387
488 528 244 263 47 52 cost 0.0174134775
488 528 244 263 52 57 cost 0.0173208398
406 488 0 37 31 42 cost 0.0171180226
488 528 244 263 57 63 cost 0.0165937188
488 569 0 37 31 42 cost 0.0163028276
243 284 93 112 47 52 cost 0.016285458
569 651 150 187 10 21 cost 0.0160073728
528 569 150 168 10 15 cost 0.0159964714
325 406 263 301 0 10 cost 0.0156801478
0 81 112 150 42 52 cost 0.0156792651
81 162 75 112 21 31 cost 0.0156222993
406 447 56 75 47 52 cost 0.0153249362
406 447 56 75 42 47 cost 0.0147783025
243 284 93 112 31 36 cost 0.0143633401
406 488 263 301 73 84 cost 0.014113253
162 243 75 112 73 84 cost 0.014079033
406 488 263 301 10 21 cost 0.0133932184
81 162 75 112 10 21 cost 0.012681749
243 284 75 93 42 47 cost 0.0120152708
81 162 75 112 73 84 cost 0.0116214115
243 284 75 93 36 42 cost 0.0116212379
0 81 112 150 63 73 cost 0.011179894
569 651 150 187 0 10 cost 0.0101525932
162 243 75 112 0 10 cost 0.0100312805
243 284 75 93 47 52 cost 0.0096726785
0 81 112 150 31 42 cost 0.0095166352
406 447 37 56 47 52 cost 0.0089023729
406 447 37 56 42 47 cost 0.0086026343
610 651 206 225 42 47 cost 0.0085985495
569 651 263 301 42 52 cost 0.0085178813
610 651 206 225 47 52 cost 0.0081045397
406 488 0 37 21 31 cost 0.0079370647
569 651 263 301 52 63 cost 0.0078878523
610 651 206 225 52 57 cost 0.0078571088
610 651 206 225 57 63 cost 0.0077942611
406 488 263 301 0 10 cost 0.0077476548
243 284 75 93 31 36 cost 0.0076603383
81 162 75 112 0 10 cost 0.0075509556
528 569 112 131 47 52 cost 0.0074743969
528 569 112 131 52 57 cost 0.0073888037
528 569 112 131 57 63 cost 0.0073499561
528 569 112 131 42 47 cost 0.0073125177
610 651 206 225 36 42 cost 0.0072029831
488 569 0 37 21 31 cost 0.0068276444
569 651 263 301 31 42 cost 0.0065881575
0 81 112 150 21 31 cost 0.0063993589
0 81 112 150 73 84 cost 0.0060572902
610 651 206 225 63 68 cost 0.0060052978
610 651 206 225 68 73 cost 0.0058638079
610 651 206 225 31 36 cost 0.0056224984
0 81 112 150 10 21 cost 0.0054344844
569 651 0 37 42 52 cost 0.005305845
569 651 0 37 52 63 cost 0.0050368169
610 651 206 225 73 78 cost 0.0048739282
569 651 263 301 63 73 cost 0.0048150019
488 569 263 301 42 52 cost 0.0048048437
488 569 263 301 52 63 cost 0.0045973948
569 651 263 301 21 31 cost 0.0041089301
488 569 263 301 31 42 cost 0.0040956957
610 651 206 225 78 84 cost 0.0038227212
569 651 263 301 73 84 cost 0.0035720437
488 569 263 301 63 73 cost 0.0034334324
610 651 187 206 42 47 cost 0.00339355
610 651 187 206 47 52 cost 0.0031641799
0 81 112 150 0 10 cost 0.0030843051
610 651 187 206 57 63 cost 0.0030427279
610 651 187 206 52 57 cost 0.0030411837
610 651 187 206 36 42 cost 0.0028795625
569 651 0 37 31 42 cost 0.0028017959
569 651 263 301 10 21 cost 0.0026898554
488 569 263 301 73 84 cost 0.0024956689
488 569 263 301 21 31 cost 0.0024699883
610 651 187 206 63 68 cost 0.0024251659
610 651 187 206 68 73 cost 0.002418729
610 651 187 206 31 36 cost 0.0022200004
569 651 263 301 0 10 cost 0.0021179329
610 651 187 206 73 78 cost 0.0019788157
488 569 263 301 10 21 cost 0.0017021891
325 406 0 37 42 52 cost 0.0016941713
610 651 187 206 78 84 cost 0.001524341
325 406 0 37 31 42 cost 0.0011938029
569 651 0 37 21 31 cost 0.0011815655
488 569 263 301 0 10 cost 0.0010691721
325 406 0 37 52 63 cost 0.0008824273
0 81 75 112 52 63 cost 0.000460439
0 81 75 112 42 52 cost 0.0003749784
325 406 0 37 21 31 cost 0.0003360811
0 81 75 112 63 73 cost 0.0002967209
0 81 75 112 31 42 cost 0.0002708617
0 81 75 112 10 21 cost 0.0002191406
0 81 75 112 21 31 cost 0.000209353
0 162 0 75 63 84 cost 0.0001496794
0 162 0 75 42 63 cost 0.0001422844
0 81 75 112 0 10 cost 0.0001250425
0 81 75 112 73 84 cost 0.0001191925
569 651 112 150 42 52 cost 0.000105753
569 651 112 150 52 63 cost 0.0001050317
0 162 0 75 0 21 cost 8.8487e-05
569 651 112 150 31 42 cost 7.52885e-05
569 651 37 75 52 63 cost 6.5804e-05
569 651 75 112 52 63 cost 6.25519e-05
569 651 112 150 63 73 cost 5.34588e-05
569 651 75 112 42 52 cost 5.12099e-05
0 162 0 75 21 42 cost 3.73102e-05
569 651 112 150 21 31 cost 3.29671e-05
569 651 112 150 73 84 cost 2.55196e-05
528 569 56 75 47 52 cost 2.12625e-05
569 651 37 75 42 52 cost 1.95557e-05
569 651 75 112 63 73 cost 3.3492e-06
528 569 37 56 47 52 cost 3.319e-06
528 569 56 75 42 47 cost 2.4134e-06
528 569 37 56 42 47 cost 4.164e-07
569 651 37 75 31 42 cost 0
569 651 75 112 31 42 cost 0
569 651 75 112 73 84 cost 0
569 651 75 112 21 31 cost 0
569 651 37 75 21 31 cost 0
partitioning time: 258.849662 seconds
