hostname : cph-gpu1.uncc.edu
bounding: [-130;-65]x[20;50]x[5875;5958]
read 588189 observations
res: 0.1 0.1 1 bw: 2.5 2.5 7
box size: 651 x 301 x 84
nbparts: 64
mem: 0.02200126648 GB (this is an order of magnitude)
46245 states processed
solution: 5.831649827 in 20 boxes.
naive: 67.21899211 speedup:11.52658237
sumload:67.78148812 overhead:1.008368111
512 576 192 256 0 64 cost 5.831649827
0 128 0 192 0 84 cost 5.754983348
448 512 128 192 0 84 cost 5.449498905
448 512 0 128 0 84 cost 5.23595486
384 448 0 192 0 84 cost 5.211195009
192 320 0 301 0 84 cost 5.189303051
512 576 0 192 0 84 cost 4.787522863
320 384 0 128 0 84 cost 4.665226746
384 448 192 301 0 84 cost 4.658777235
448 512 192 301 0 84 cost 4.512867524
128 192 0 301 0 84 cost 4.351279553
320 384 128 301 0 84 cost 4.33507713
0 128 192 301 0 84 cost 3.109245958
512 576 192 256 64 84 cost 1.987205372
576 651 192 256 0 64 cost 1.763226682
576 651 192 256 64 84 cost 0.622700506
576 651 0 192 0 84 cost 0.2119510255
576 651 256 301 0 64 cost 0.0467503902
512 576 256 301 0 84 cost 0.0435522928
576 651 256 301 64 84 cost 0.0135198402
partitioning time: 847.791792 seconds
