hostname : cph-c57.uncc.edu
bounding: [1053872.965;1068485.726]x[860186.8419;879395.9741]x[3;730]
read 11056 observations
res: 50 50 1 bw: 2500 2500 14
box size: 294 x 386 x 728
nbparts: 1024
solution: 0.028094877 in 1030 boxes.
naive: 8.268027147 speedup:294.2894944
sumload:8.977831248 overhead:1.085849271
147 165 193 217 45 91 cost 0.028094877
36 73 48 96 0 91 cost 0.0280817486
110 128 144 168 45 91 cost 0.0280440238
165 183 193 217 45 91 cost 0.0277878058
110 128 168 193 45 91 cost 0.0275513108
128 147 193 217 45 91 cost 0.0274792589
220 257 289 337 182 273 cost 0.0272503312
220 294 96 193 546 728 cost 0.0271507192
165 183 168 193 45 91 cost 0.0265603377
128 147 120 144 45 91 cost 0.0264173398
147 183 289 337 182 273 cost 0.0263145627
257 294 193 241 182 273 cost 0.0262358128
91 110 144 168 45 91 cost 0.0258374406
73 110 96 144 182 273 cost 0.0256787389
165 183 217 241 45 91 cost 0.0254920955
36 73 241 289 0 91 cost 0.0253126891
183 220 193 241 364 455 cost 0.0251966517
257 294 144 193 91 182 cost 0.0251404011
110 128 120 144 45 91 cost 0.0250623894
147 165 217 241 45 91 cost 0.0248921638
220 257 241 289 273 364 cost 0.0247340251
73 110 241 289 182 273 cost 0.0245889797
147 165 144 168 45 91 cost 0.0245025794
147 183 193 241 364 455 cost 0.024471272
91 110 168 193 45 91 cost 0.0244501179
183 201 193 217 45 91 cost 0.0241022618
110 128 193 217 45 91 cost 0.0238358798
128 147 217 241 45 91 cost 0.023465036
220 257 337 386 91 182 cost 0.0231918674
183 201 217 241 45 91 cost 0.0231662889
73 110 289 337 0 91 cost 0.022912247
91 110 120 144 45 91 cost 0.0227325619
201 220 193 217 45 91 cost 0.0221718689
201 220 217 241 45 91 cost 0.0221402122
165 183 241 265 45 91 cost 0.0220401794
183 201 168 193 45 91 cost 0.0215297688
201 220 241 265 45 91 cost 0.0214720189
165 183 144 168 45 91 cost 0.0214118802
183 201 241 265 45 91 cost 0.0213584442
220 257 144 193 273 364 cost 0.0213097344
110 147 241 289 273 364 cost 0.0209953557
91 110 193 217 45 91 cost 0.0209555794
147 165 241 265 45 91 cost 0.0208405787
110 128 217 241 45 91 cost 0.0206775196
257 294 289 337 91 182 cost 0.0206644999
201 220 265 289 45 91 cost 0.0205792238
183 220 96 144 182 273 cost 0.0205173211
220 257 193 241 364 455 cost 0.0203726417
147 183 144 193 364 455 cost 0.0203307904
147 183 193 241 546 637 cost 0.0200829674
257 294 241 289 182 273 cost 0.0200772102
183 220 289 337 273 364 cost 0.0198718186
147 165 120 144 45 91 cost 0.0197890292
183 201 265 289 45 91 cost 0.0197360317
128 147 96 120 45 91 cost 0.0195133142
183 220 193 241 546 637 cost 0.019419986
147 183 337 386 91 182 cost 0.0193473761
165 183 265 289 45 91 cost 0.0192247006
73 91 144 168 45 91 cost 0.0191753932
73 110 144 193 273 364 cost 0.0191460047
110 128 96 120 45 91 cost 0.0191007627
91 110 217 241 45 91 cost 0.0189945786
257 294 144 193 182 273 cost 0.0189566069
201 220 168 193 45 91 cost 0.0189144807
110 147 193 241 364 455 cost 0.01890845
183 220 144 193 364 455 cost 0.018864613
220 238 193 217 45 91 cost 0.0188529321
220 238 217 241 45 91 cost 0.0187974043
128 147 241 265 45 91 cost 0.0186999298
183 220 241 289 364 455 cost 0.0184759162
73 110 193 241 273 364 cost 0.0183166405
147 183 144 193 546 637 cost 0.0182022972
36 73 48 96 91 182 cost 0.0181649143
110 147 96 144 273 364 cost 0.0180967472
257 294 337 386 0 91 cost 0.0180577379
220 238 241 265 45 91 cost 0.0179421539
110 147 144 193 364 455 cost 0.0177234278
220 257 96 144 0 91 cost 0.0176807581
128 147 144 168 0 45 cost 0.0176693244
128 147 168 193 0 45 cost 0.017647996
91 110 96 120 45 91 cost 0.0174030464
73 91 168 193 45 91 cost 0.0173579148
73 91 120 144 45 91 cost 0.0173281069
73 147 289 386 364 546 cost 0.0170167758
147 165 168 193 0 45 cost 0.0170150769
201 220 289 313 45 91 cost 0.0169975457
147 165 265 289 45 91 cost 0.016985787
183 220 337 386 182 273 cost 0.0169638689
128 147 168 193 91 136 cost 0.0168982076
257 294 193 241 273 364 cost 0.0168829449
165 183 193 217 136 182 cost 0.0168807479
110 128 144 168 91 136 cost 0.016872865
147 183 241 289 364 455 cost 0.0168646284
165 183 193 217 91 136 cost 0.0168531975
220 238 265 289 45 91 cost 0.0168225577
147 165 193 217 0 45 cost 0.0167709685
165 183 193 217 0 45 cost 0.016755719
147 165 193 217 91 136 cost 0.0166662513
128 147 120 144 0 45 cost 0.0166491071
128 147 144 168 91 136 cost 0.0165449814
110 128 144 168 0 45 cost 0.0165003663
147 183 48 96 91 182 cost 0.0164814566
128 147 193 217 91 136 cost 0.0163958297
165 183 120 144 45 91 cost 0.0163845539
110 147 289 337 182 273 cost 0.0163774692
147 165 193 217 136 182 cost 0.0163767384
183 201 289 313 45 91 cost 0.0163510404
165 183 168 193 0 45 cost 0.0162667987
147 220 0 96 182 364 cost 0.016240031
165 183 217 241 0 45 cost 0.0160821861
220 257 289 337 273 364 cost 0.0160391501
165 183 217 241 136 182 cost 0.0159825847
110 128 168 193 91 136 cost 0.0159431789
183 220 144 193 546 637 cost 0.0158999541
128 147 193 217 0 45 cost 0.0158852191
183 201 144 168 45 91 cost 0.0158406954
147 183 193 241 455 546 cost 0.015840191
110 128 120 144 0 45 cost 0.015793514
220 257 241 289 364 455 cost 0.015738749
147 165 217 241 0 45 cost 0.0156914419
73 110 289 337 91 182 cost 0.0156813697
147 165 168 193 91 136 cost 0.0156701896
183 220 193 241 455 546 cost 0.0156512965
147 165 217 241 136 182 cost 0.0155695098
110 128 168 193 0 45 cost 0.0155085744
91 110 144 168 91 136 cost 0.0154063337
165 183 289 313 45 91 cost 0.0153965852
36 73 241 289 91 182 cost 0.0153899923
183 201 193 217 136 182 cost 0.0153524672
128 147 193 217 136 182 cost 0.0153172975
220 238 168 193 45 91 cost 0.0153118076
165 183 168 193 91 136 cost 0.0152643689
110 147 144 193 546 637 cost 0.0152550972
238 257 217 241 45 91 cost 0.0152526405
165 183 217 241 91 136 cost 0.0152501919
91 110 144 168 0 45 cost 0.015163736
147 165 144 168 0 45 cost 0.0151630624
183 201 193 217 91 136 cost 0.0150279774
147 183 144 193 455 546 cost 0.0150234396
147 165 217 241 91 136 cost 0.0149879677
147 183 289 337 273 364 cost 0.0149071186
0 73 96 193 546 728 cost 0.0148555985
0 73 96 193 364 546 cost 0.0148041961
183 201 217 241 136 182 cost 0.0147859255
238 257 193 217 45 91 cost 0.0147720673
110 128 241 265 45 91 cost 0.0147352336
220 257 337 386 182 273 cost 0.01473378
128 147 217 241 0 45 cost 0.0147239089
128 147 120 144 91 136 cost 0.0147184026
110 147 193 241 546 637 cost 0.0147064443
147 183 96 144 273 364 cost 0.0146998342
183 201 193 217 0 45 cost 0.0146787729
128 147 217 241 136 182 cost 0.0146559784
110 128 193 217 91 136 cost 0.0146552294
110 128 120 144 91 136 cost 0.0146455935
110 147 337 386 0 91 cost 0.0146064249
183 201 217 241 0 45 cost 0.0145533848
165 183 168 193 136 182 cost 0.0145130341
128 147 217 241 91 136 cost 0.0144842377
238 257 241 265 45 91 cost 0.0144734097
54 73 144 168 45 91 cost 0.0144713575
91 110 168 193 91 136 cost 0.0144666685
73 91 193 217 45 91 cost 0.0144105467
91 110 120 144 0 45 cost 0.0143803917
36 73 144 193 182 273 cost 0.0143608198
220 257 193 241 546 637 cost 0.0143472473
147 165 168 193 136 182 cost 0.0142304073
201 220 313 337 45 91 cost 0.0142294158
128 147 265 289 45 91 cost 0.014216105
128 147 168 193 136 182 cost 0.0141169897
201 220 217 241 0 45 cost 0.01410363
201 220 193 217 136 182 cost 0.0140666452
165 183 241 265 0 45 cost 0.0139957601
201 220 265 289 0 45 cost 0.013931738
183 201 217 241 91 136 cost 0.0139017475
201 220 193 217 91 136 cost 0.0138881104
73 91 96 120 45 91 cost 0.0138446794
201 220 241 265 0 45 cost 0.0137821961
165 183 241 265 136 182 cost 0.0137744891
110 147 48 96 182 273 cost 0.0137565942
220 257 96 144 91 182 cost 0.0137542738
201 220 217 241 136 182 cost 0.0137473842
183 201 241 265 0 45 cost 0.013710988
91 110 168 193 0 45 cost 0.0136354677
147 165 144 168 91 136 cost 0.0135999223
238 257 265 289 45 91 cost 0.0135963229
201 220 193 217 0 45 cost 0.0135858054
73 91 217 241 45 91 cost 0.0135727058
220 238 289 313 45 91 cost 0.0135207529
147 165 241 265 136 182 cost 0.0134677979
183 201 168 193 0 45 cost 0.0134541527
110 128 193 217 0 45 cost 0.013436365
183 201 265 289 0 45 cost 0.0134132378
183 201 313 337 45 91 cost 0.013402552
201 220 217 241 91 136 cost 0.0133769014
165 183 144 168 0 45 cost 0.0132950053
110 128 217 241 91 136 cost 0.0132478083
183 201 241 265 136 182 cost 0.0132114453
220 257 144 193 364 455 cost 0.013211203
183 220 144 193 455 546 cost 0.0131873911
147 165 96 120 45 91 cost 0.0131817865
183 220 241 289 546 637 cost 0.0131817083
257 294 289 337 182 273 cost 0.0131704565
183 201 168 193 136 182 cost 0.0131701546
91 110 120 144 91 136 cost 0.0131501573
110 147 241 289 364 455 cost 0.0131491193
54 73 120 144 45 91 cost 0.0131196008
36 73 96 144 182 273 cost 0.0131085631
147 165 241 265 0 45 cost 0.0131064637
128 147 96 120 0 45 cost 0.0130431678
91 110 193 217 91 136 cost 0.0130399785
183 201 168 193 91 136 cost 0.0130116956
257 294 241 289 273 364 cost 0.0129788693
165 183 241 265 91 136 cost 0.0129619476
73 147 0 96 364 546 cost 0.0129358399
91 110 241 265 45 91 cost 0.0129171181
110 128 96 120 0 45 cost 0.0128787784
201 220 241 265 136 182 cost 0.01287079
110 128 217 241 0 45 cost 0.012817851
201 220 289 313 0 45 cost 0.0127829939
165 183 265 289 0 45 cost 0.0127635988
54 73 168 193 45 91 cost 0.0127422651
201 220 144 168 45 91 cost 0.0127401433
201 220 241 265 91 136 cost 0.0127155991
73 147 289 386 546 728 cost 0.0126977109
110 128 72 96 45 91 cost 0.0126701505
73 110 96 144 273 364 cost 0.0126664725
147 165 289 313 45 91 cost 0.0126396362
147 165 120 144 0 45 cost 0.0125896718
147 165 241 265 91 136 cost 0.0125892948
165 183 144 168 91 136 cost 0.0124879062
183 201 241 265 91 136 cost 0.0123625965
220 257 193 241 455 546 cost 0.0123004155
91 110 217 241 91 136 cost 0.0122892505
220 238 217 241 0 45 cost 0.0122853485
73 110 241 289 273 364 cost 0.0122697036
220 238 193 217 91 136 cost 0.0122652264
183 201 289 313 0 45 cost 0.0122616566
147 183 193 241 637 728 cost 0.0122481335
183 220 193 241 637 728 cost 0.0122179462
128 147 241 265 136 182 cost 0.0121858035
128 147 72 96 45 91 cost 0.0121685884
201 220 168 193 0 45 cost 0.0120874166
91 110 217 241 0 45 cost 0.0120794336
147 183 241 289 546 637 cost 0.0120140866
201 220 168 193 136 182 cost 0.0119954883
183 220 289 337 364 455 cost 0.0119178368
220 238 241 265 0 45 cost 0.0118913067
128 147 144 168 136 182 cost 0.0118857227
91 110 96 120 0 45 cost 0.0118680768
73 110 48 96 182 273 cost 0.0118667108
91 110 193 217 0 45 cost 0.011800321
220 238 193 217 0 45 cost 0.0117362563
165 183 193 217 182 227 cost 0.0117240596
36 73 193 241 182 273 cost 0.0116962941
73 91 144 168 91 136 cost 0.0116850139
91 110 72 96 45 91 cost 0.011676833
220 238 265 289 0 45 cost 0.0116628532
238 257 168 193 45 91 cost 0.0116383595
128 147 241 265 0 45 cost 0.0116305212
201 220 265 289 91 136 cost 0.0115866539
220 238 313 337 45 91 cost 0.0115733772
220 238 217 241 91 136 cost 0.0115470116
201 220 168 193 91 136 cost 0.0115418975
257 294 144 193 273 364 cost 0.0115113083
183 201 120 144 45 91 cost 0.0114940969
110 147 144 193 455 546 cost 0.0114555136
128 147 241 265 91 136 cost 0.0114355861
110 128 193 217 136 182 cost 0.0114109714
36 73 289 337 0 91 cost 0.0113140748
110 128 217 241 136 182 cost 0.0113112945
73 91 144 168 0 45 cost 0.0112705728
183 201 193 217 182 227 cost 0.0112429438
238 257 289 313 45 91 cost 0.01122753
165 183 289 313 0 45 cost 0.011196432
73 147 0 96 546 728 cost 0.0111797128
165 183 313 337 45 91 cost 0.0111274461
110 128 96 120 91 136 cost 0.0110726058
147 165 265 289 0 45 cost 0.0110421105
73 91 120 144 0 45 cost 0.0110205832
165 183 265 289 91 136 cost 0.0109985452
183 201 265 289 91 136 cost 0.0109766474
73 110 193 241 364 455 cost 0.0109519873
220 238 193 217 136 182 cost 0.0108857218
201 220 337 361 45 91 cost 0.010879072
220 238 241 265 91 136 cost 0.0108159885
147 165 120 144 91 136 cost 0.0108121848
110 128 168 193 136 182 cost 0.0107888739
201 220 313 337 0 45 cost 0.010772473
73 110 144 193 364 455 cost 0.010750707
128 147 96 120 91 136 cost 0.0107343864
165 183 193 217 227 273 cost 0.0107185646
0 73 193 289 364 546 cost 0.0106855522
147 165 193 217 182 227 cost 0.0106831801
165 183 265 289 136 182 cost 0.0106544199
183 201 265 289 136 182 cost 0.0106434971
110 147 96 144 364 455 cost 0.0106393365
201 220 193 217 182 227 cost 0.01062823
201 220 265 289 136 182 cost 0.0106221967
54 73 96 120 45 91 cost 0.0106170286
147 165 144 168 136 182 cost 0.0106155484
165 183 168 193 182 227 cost 0.0106140962
238 257 193 217 91 136 cost 0.0105891153
183 220 241 289 455 546 cost 0.0105814492
165 183 217 241 182 227 cost 0.0105510588
110 147 193 241 455 546 cost 0.0105425123
165 183 120 144 0 45 cost 0.010515066
220 257 96 144 182 273 cost 0.0105023126
220 238 217 241 136 182 cost 0.0104710239
73 91 168 193 91 136 cost 0.0104498376
110 128 265 289 45 91 cost 0.0104465016
257 294 193 241 364 455 cost 0.0104455672
183 201 337 361 45 91 cost 0.0104050274
128 147 289 313 45 91 cost 0.0103820597
220 238 289 313 0 45 cost 0.0103789412
0 36 193 241 0 91 cost 0.0103713814
147 165 265 289 91 136 cost 0.0103504473
110 128 144 168 136 182 cost 0.0103483656
147 183 241 289 455 546 cost 0.0103311062
0 36 241 289 0 91 cost 0.010229116
147 165 265 289 136 182 cost 0.0102231503
238 257 217 241 91 136 cost 0.0102221973
183 201 313 337 0 45 cost 0.0102078824
165 183 144 168 136 182 cost 0.010200276
220 257 241 289 546 637 cost 0.01019416
73 91 120 144 91 136 cost 0.0101869978
183 201 217 241 182 227 cost 0.0101550928
238 257 217 241 0 45 cost 0.0101366429
183 201 144 168 91 136 cost 0.0100400991
220 238 168 193 91 136 cost 0.0100354948
257 275 217 241 45 91 cost 0.0100264821
183 201 168 193 182 227 cost 0.010024577
238 257 313 337 45 91 cost 0.0100129914
183 201 144 168 0 45 cost 0.01000533
128 147 120 144 136 182 cost 0.0099723564
220 257 289 337 364 455 cost 0.0099477957
220 238 241 265 136 182 cost 0.0099092145
165 183 168 193 227 273 cost 0.0099038877
110 147 289 337 273 364 cost 0.0098488529
238 257 241 265 0 45 cost 0.0098310351
91 110 96 120 91 136 cost 0.0098247287
54 73 193 217 45 91 cost 0.0098245285
73 110 289 337 182 273 cost 0.0098120121
238 257 265 289 0 45 cost 0.0098045052
183 201 193 217 227 273 cost 0.00978829
220 238 168 193 0 45 cost 0.0097740734
147 165 168 193 182 227 cost 0.0097711492
183 220 241 289 637 728 cost 0.0097489997
147 165 193 217 227 273 cost 0.0097462471
165 183 217 241 227 273 cost 0.0097421646
147 165 217 241 182 227 cost 0.009737783
73 91 72 96 45 91 cost 0.0097320686
257 294 337 386 91 182 cost 0.0097283772
165 183 96 120 45 91 cost 0.0096553491
128 147 193 217 182 227 cost 0.0096408124
54 73 217 241 45 91 cost 0.009627783
147 183 337 386 182 273 cost 0.0095962598
257 275 241 265 45 91 cost 0.0095921769
73 91 168 193 0 45 cost 0.0095772991
220 238 265 289 91 136 cost 0.0095652752
257 275 193 217 45 91 cost 0.0095595287
54 73 144 168 91 136 cost 0.009542534
0 73 0 96 182 364 cost 0.0095413534
201 220 217 241 182 227 cost 0.0094948781
201 220 168 193 182 227 cost 0.009480382
0 73 289 386 182 364 cost 0.0094590278
183 220 96 144 273 364 cost 0.009455955
147 183 144 193 637 728 cost 0.0094353696
73 91 96 120 0 45 cost 0.0094217379
201 220 289 313 91 136 cost 0.0094196167
110 128 241 265 0 45 cost 0.0094189843
220 257 193 241 637 728 cost 0.0094169647
183 220 337 386 273 364 cost 0.0094139696
165 183 120 144 91 136 cost 0.0094100757
220 238 144 168 45 91 cost 0.0093613457
91 110 265 289 45 91 cost 0.0093435859
238 257 241 265 91 136 cost 0.009341771
183 220 48 96 0 91 cost 0.0093383538
110 128 72 96 0 45 cost 0.0093212675
73 110 144 193 546 637 cost 0.0092932374
201 220 193 217 227 273 cost 0.0092893232
128 147 168 193 182 227 cost 0.0092603696
110 128 241 265 91 136 cost 0.0092347034
238 257 193 217 0 45 cost 0.0092267117
220 257 144 193 455 546 cost 0.0092122841
183 220 289 337 546 637 cost 0.0092051222
128 147 265 289 0 45 cost 0.0092025143
147 165 168 193 227 273 cost 0.0091780068
36 73 144 193 273 364 cost 0.0091665462
147 183 241 289 637 728 cost 0.0091414511
110 147 96 144 546 637 cost 0.0091334299
220 238 168 193 136 182 cost 0.009115464
0 73 193 289 546 728 cost 0.0091134723
110 128 120 144 136 182 cost 0.009062168
183 201 289 313 91 136 cost 0.0090268562
147 165 217 241 227 273 cost 0.0090262523
73 91 193 217 91 136 cost 0.009020504
183 201 144 168 136 182 cost 0.0090180555
91 110 193 217 136 182 cost 0.0089874899
165 183 241 265 182 227 cost 0.0089855501
91 110 217 241 136 182 cost 0.0089806888
128 147 265 289 136 182 cost 0.0089561481
220 238 337 361 45 91 cost 0.0089460312
183 201 168 193 227 273 cost 0.0089400091
183 201 217 241 227 273 cost 0.0089280999
238 257 289 313 0 45 cost 0.0089250505
128 147 265 289 91 136 cost 0.0089113419
73 91 217 241 91 136 cost 0.0089085508
128 147 217 241 182 227 cost 0.0088925154
73 91 241 265 45 91 cost 0.0088734902
110 128 241 265 136 182 cost 0.0088590075
220 238 313 337 0 45 cost 0.008855102
91 110 72 96 0 45 cost 0.0088403247
128 147 72 96 0 45 cost 0.008834437
110 147 193 241 637 728 cost 0.0088097951
110 147 96 144 455 546 cost 0.0088083809
257 294 241 289 364 455 cost 0.0087886338
147 165 289 313 0 45 cost 0.0087481289
165 183 289 313 91 136 cost 0.0087406663
128 147 193 217 227 273 cost 0.0087355061
183 201 241 265 182 227 cost 0.0087294675
147 165 96 120 0 45 cost 0.0087182301
73 91 217 241 0 45 cost 0.0086686791
201 220 217 241 227 273 cost 0.0086561032
128 147 168 193 227 273 cost 0.008652989
91 110 168 193 136 182 cost 0.0086353212
91 110 144 168 136 182 cost 0.0086328476
110 147 337 386 91 182 cost 0.0086322469
147 183 96 144 364 455 cost 0.0086283779
91 110 241 265 0 45 cost 0.0086238655
36 54 144 168 45 91 cost 0.008606171
54 73 120 144 0 45 cost 0.0085917462
147 183 289 337 364 455 cost 0.0085780093
238 257 217 241 136 182 cost 0.0085679548
110 147 241 289 546 637 cost 0.0085425016
201 220 120 144 45 91 cost 0.0085302663
257 275 265 289 45 91 cost 0.0085090425
201 220 337 361 0 45 cost 0.0085032965
147 165 241 265 182 227 cost 0.008486531
238 257 193 217 136 182 cost 0.0084708954
257 294 289 337 273 364 cost 0.0084630027
201 220 168 193 227 273 cost 0.0084591291
238 257 168 193 91 136 cost 0.0084584164
201 220 144 168 0 45 cost 0.0084533986
54 73 144 168 0 45 cost 0.0084512882
183 220 144 193 637 728 cost 0.0084336727
73 110 193 241 546 637 cost 0.0084197497
54 73 120 144 91 136 cost 0.0083696113
165 183 337 361 45 91 cost 0.0083558066
220 238 193 217 182 227 cost 0.0083477461
165 183 241 265 227 273 cost 0.0083129608
91 110 241 265 91 136 cost 0.0082918558
165 183 313 337 0 45 cost 0.0082889146
201 220 241 265 182 227 cost 0.0082849097
220 238 193 217 227 273 cost 0.0082483743
36 73 241 289 182 273 cost 0.0082244252
110 147 144 193 637 728 cost 0.0082165914
220 257 241 289 455 546 cost 0.0082046714
54 73 168 193 91 136 cost 0.0081720915
183 201 337 361 0 45 cost 0.0081643924
220 238 265 289 136 182 cost 0.0080748916
238 257 241 265 136 182 cost 0.0080673649
73 110 241 289 364 455 cost 0.008059853
183 220 289 337 455 546 cost 0.0080419193
201 220 144 168 91 136 cost 0.0080302413
128 147 217 241 227 273 cost 0.0080292283
201 220 289 313 136 182 cost 0.0080136487
238 257 265 289 91 136 cost 0.0079946254
110 128 72 96 91 136 cost 0.007982357
238 257 313 337 0 45 cost 0.0079733618
73 91 96 120 91 136 cost 0.0079564065
147 165 313 337 45 91 cost 0.0079559088
73 91 193 217 0 45 cost 0.0079047665
220 257 337 386 273 364 cost 0.0078993156
238 257 337 361 45 91 cost 0.0078930613
36 54 168 193 45 91 cost 0.0078808891
147 165 120 144 136 182 cost 0.0078803834
147 165 289 313 91 136 cost 0.007801416
147 183 96 144 546 637 cost 0.0077853137
147 165 241 265 227 273 cost 0.0077815577
91 110 120 144 136 182 cost 0.0077728365
183 201 289 313 136 182 cost 0.007772103
201 220 313 337 91 136 cost 0.0077222905
36 73 193 241 273 364 cost 0.0076840067
110 128 289 313 45 91 cost 0.0076627975
201 220 241 265 227 273 cost 0.0076612243
201 220 144 168 136 182 cost 0.0076590072
183 201 241 265 227 273 cost 0.0076565017
257 275 168 193 45 91 cost 0.0076200907
110 147 241 289 455 546 cost 0.0075638259
128 147 241 265 182 227 cost 0.0075614373
220 238 217 241 182 227 cost 0.0075337369
183 220 289 337 637 728 cost 0.0075253895
128 147 144 168 182 227 cost 0.00751274
183 201 120 144 0 45 cost 0.0075019661
128 147 144 168 227 273 cost 0.0075007529
220 238 289 313 91 136 cost 0.0074980157
220 238 168 193 227 273 cost 0.0074966543
73 110 96 144 364 455 cost 0.0074839649
165 183 144 168 182 227 cost 0.0074771532
54 73 96 120 0 45 cost 0.0074584965
220 257 289 337 546 637 cost 0.0074237027
147 183 96 144 455 546 cost 0.0074138832
220 238 217 241 227 273 cost 0.0073983507
275 294 193 217 45 91 cost 0.0073627322
128 147 72 96 91 136 cost 0.0073595997
110 147 0 48 0 91 cost 0.0073298054
165 183 144 168 227 273 cost 0.0073181882
147 165 144 168 227 273 cost 0.0072908068
183 220 48 96 91 182 cost 0.0072813344
128 147 96 120 136 182 cost 0.0072722995
183 201 313 337 91 136 cost 0.007268401
147 165 72 96 45 91 cost 0.0072537902
183 201 120 144 91 136 cost 0.0072531505
0 36 144 193 0 91 cost 0.0072464529
275 294 217 241 45 91 cost 0.0072431995
165 183 289 313 136 182 cost 0.0072258982
73 91 72 96 0 45 cost 0.0072205073
220 257 241 289 637 728 cost 0.0072137616
36 73 289 337 91 182 cost 0.007196454
220 238 168 193 182 227 cost 0.0071758674
147 165 144 168 182 227 cost 0.0071663776
128 147 289 313 0 45 cost 0.0071628676
238 257 168 193 0 45 cost 0.0071575659
73 110 144 193 455 546 cost 0.0071055844
54 73 168 193 0 45 cost 0.0070979632
257 275 217 241 91 136 cost 0.0070741135
110 128 217 241 182 227 cost 0.0070676367
110 128 96 120 136 182 cost 0.0070568785
238 257 193 217 227 273 cost 0.0070419282
220 238 337 361 0 45 cost 0.0070291458
257 275 193 217 91 136 cost 0.007000727
110 128 193 217 182 227 cost 0.0069921638
165 183 120 144 136 182 cost 0.0069856374
257 275 289 313 45 91 cost 0.0069798273
91 110 72 96 91 136 cost 0.0069411646
110 147 48 96 273 364 cost 0.0069262819
36 54 120 144 45 91 cost 0.0069212216
183 201 144 168 182 227 cost 0.0069172731
110 128 265 289 0 45 cost 0.0068869417
110 128 168 193 227 273 cost 0.0068792647
36 54 217 241 45 91 cost 0.006864656
0 36 193 241 91 182 cost 0.0068628866
128 147 241 265 227 273 cost 0.0068627736
110 128 193 217 227 273 cost 0.0068437399
110 128 265 289 91 136 cost 0.0068313442
91 110 241 265 136 182 cost 0.0068228217
183 201 265 289 182 227 cost 0.0068103455
147 165 96 120 91 136 cost 0.0068009668
165 183 265 289 182 227 cost 0.0067791185
54 73 96 120 91 136 cost 0.006756329
238 257 144 168 45 91 cost 0.0067444309
238 257 265 289 136 182 cost 0.0067439358
165 183 96 120 0 45 cost 0.0067155148
147 183 289 337 546 637 cost 0.0067152076
238 257 168 193 136 182 cost 0.0067077126
110 128 265 289 136 182 cost 0.006675337
110 128 168 193 182 227 cost 0.0066407174
128 147 289 313 91 136 cost 0.0066214192
201 220 265 289 182 227 cost 0.0066176927
165 183 337 361 0 45 cost 0.0066148346
0 36 289 337 0 91 cost 0.0065804515
275 294 168 193 45 91 cost 0.0065764768
257 275 313 337 45 91 cost 0.0065745306
220 238 241 265 182 227 cost 0.0065659538
257 275 241 265 91 136 cost 0.0065617616
275 294 241 265 45 91 cost 0.0065536746
165 183 265 289 227 273 cost 0.0065270103
238 257 193 217 182 227 cost 0.0065041677
110 128 217 241 227 273 cost 0.0064856545
147 165 289 313 136 182 cost 0.0064795395
0 36 241 289 91 182 cost 0.0064692548
110 128 48 72 45 91 cost 0.006464138
220 257 289 337 455 546 cost 0.0064635274
110 128 144 168 227 273 cost 0.0064429914
201 220 265 289 227 273 cost 0.0064409587
238 257 337 361 0 45 cost 0.0064396983
220 257 289 337 637 728 cost 0.0064315836
73 91 144 168 136 182 cost 0.0064107815
73 110 96 144 546 637 cost 0.0064043302
54 73 193 217 91 136 cost 0.0063992715
73 91 265 289 45 91 cost 0.006392338
91 110 265 289 0 45 cost 0.0063698272
220 238 241 265 227 273 cost 0.0063679914
201 220 144 168 182 227 cost 0.0063667101
54 73 217 241 91 136 cost 0.0063478662
183 201 144 168 227 273 cost 0.0063431311
257 294 144 193 364 455 cost 0.0063397028
73 110 96 144 455 546 cost 0.0063366867
238 257 217 241 227 273 cost 0.006334128
238 257 168 193 227 273 cost 0.0063043515
220 238 144 168 91 136 cost 0.0063030398
147 165 265 289 182 227 cost 0.006298976
220 238 313 337 91 136 cost 0.0062984131
165 183 193 217 273 318 cost 0.0062863826
183 201 96 120 45 91 cost 0.0062840777
183 220 337 386 364 455 cost 0.0062558236
36 54 193 217 45 91 cost 0.006253024
257 275 217 241 0 45 cost 0.0062415342
238 257 289 313 91 136 cost 0.0062125225
73 110 144 193 637 728 cost 0.0062116526
128 147 48 72 45 91 cost 0.006210988
220 238 144 168 0 45 cost 0.0062103962
183 201 361 386 45 91 cost 0.0062073342
183 220 337 386 546 637 cost 0.0061761842
238 257 217 241 182 227 cost 0.0061740322
91 110 265 289 91 136 cost 0.0061685052
257 275 241 265 0 45 cost 0.0061653444
73 110 193 241 455 546 cost 0.0061640503
183 201 265 289 227 273 cost 0.0061603076
73 110 0 48 0 91 cost 0.0061446345
128 147 120 144 227 273 cost 0.0061384796
165 183 217 241 273 318 cost 0.0061346897
128 147 120 144 182 227 cost 0.0061266968
73 91 120 144 136 182 cost 0.0061222154
257 294 337 386 182 273 cost 0.0061072044
36 54 144 168 91 136 cost 0.0061050918
147 165 265 289 227 273 cost 0.006101145
183 201 193 217 273 318 cost 0.0060962919
220 238 289 313 136 182 cost 0.006072418
73 91 241 265 0 45 cost 0.0060608253
201 220 313 337 136 182 cost 0.006045904
147 220 0 96 364 546 cost 0.0060379014
110 128 144 168 182 227 cost 0.0060245414
183 201 217 241 273 318 cost 0.0060144402
147 183 289 337 455 546 cost 0.0060092801
110 147 241 289 637 728 cost 0.0060091446
201 220 361 386 45 91 cost 0.006001951
91 110 96 120 136 182 cost 0.0060001033
257 275 265 289 0 45 cost 0.0059992637
183 201 120 144 136 182 cost 0.0059887685
91 110 217 241 182 227 cost 0.0059460403
165 183 313 337 91 136 cost 0.0059455813
91 110 48 72 45 91 cost 0.0058980111
36 73 96 144 273 364 cost 0.0058934411
147 165 193 217 273 318 cost 0.0058622051
201 220 217 241 273 318 cost 0.0058607247
110 128 241 265 182 227 cost 0.0058605475
257 275 217 241 136 182 cost 0.0058563051
128 147 313 337 45 91 cost 0.0058562653
54 73 217 241 0 45 cost 0.0058370844
257 294 193 241 546 637 cost 0.0058295824
147 165 217 241 273 318 cost 0.0058262254
73 91 168 193 136 182 cost 0.0058215795
73 91 217 241 136 182 cost 0.0058015387
73 91 241 265 91 136 cost 0.005794232
73 110 193 241 637 728 cost 0.0057788695
201 220 120 144 0 45 cost 0.0057728184
201 220 144 168 227 273 cost 0.0057708148
165 183 168 193 273 318 cost 0.0057631729
201 220 337 361 91 136 cost 0.0057446151
73 91 72 96 91 136 cost 0.005736735
73 110 289 337 273 364 cost 0.0057225502
201 220 193 217 273 318 cost 0.005656991
147 183 337 386 273 364 cost 0.0056515306
73 91 193 217 136 182 cost 0.0056447668
183 220 337 386 455 546 cost 0.0056176391
183 220 96 144 546 637 cost 0.0056111385
147 220 0 96 546 728 cost 0.0056096537
183 201 337 361 91 136 cost 0.0055997433
257 275 241 265 136 182 cost 0.0055949138
91 110 168 193 227 273 cost 0.0055644921
183 201 313 337 136 182 cost 0.0055536063
91 110 144 168 227 273 cost 0.0055415458
128 147 289 313 136 182 cost 0.0055143542
110 128 120 144 227 273 cost 0.0054992015
147 165 168 193 273 318 cost 0.0054928287
110 147 96 144 637 728 cost 0.0054848714
147 183 289 337 637 728 cost 0.0054751535
257 275 193 217 0 45 cost 0.0054454365
257 275 193 217 136 182 cost 0.0054316941
91 110 193 217 182 227 cost 0.005422328
183 220 96 144 364 455 cost 0.0054192
257 275 289 313 0 45 cost 0.0054158049
257 294 289 337 364 455 cost 0.0054150348
201 220 120 144 91 136 cost 0.0053908299
91 110 193 217 227 273 cost 0.0053788031
128 147 265 289 182 227 cost 0.0053745866
147 165 337 361 45 91 cost 0.0053693167
201 220 289 313 227 273 cost 0.0053543234
275 294 193 217 91 136 cost 0.0053502021
257 275 265 289 91 136 cost 0.0053464949
183 201 168 193 273 318 cost 0.0053432024
183 220 337 386 637 728 cost 0.0053388003
220 238 265 289 182 227 cost 0.0053373591
238 257 313 337 91 136 cost 0.0053345199
238 257 241 265 227 273 cost 0.00532796
220 238 144 168 136 182 cost 0.0053255609
110 128 241 265 227 273 cost 0.005324059
238 257 241 265 182 227 cost 0.0053047982
147 165 120 144 182 227 cost 0.0052870574
238 257 168 193 182 227 cost 0.0052858614
91 110 217 241 227 273 cost 0.0052727714
147 165 120 144 227 273 cost 0.005269646
36 54 96 120 45 91 cost 0.0052681653
36 54 168 193 91 136 cost 0.005266043
0 36 144 193 91 182 cost 0.0052621956
220 238 265 289 227 273 cost 0.0052469469
128 147 265 289 227 273 cost 0.0052465325
147 165 313 337 0 45 cost 0.0052381494
275 294 217 241 91 136 cost 0.0052251597
183 201 361 386 0 45 cost 0.0052151492
128 147 168 193 273 318 cost 0.005207226
110 128 289 313 0 45 cost 0.0052004913
165 183 96 120 91 136 cost 0.0051941859
220 257 337 386 364 455 cost 0.0051886455
201 220 361 386 0 45 cost 0.0051658582
73 110 48 96 273 364 cost 0.0051648984
110 128 120 144 182 227 cost 0.0051606945
128 147 193 217 273 318 cost 0.0051606704
54 73 193 217 0 45 cost 0.0051535536
110 128 72 96 136 182 cost 0.0051337877
257 294 96 144 0 91 cost 0.00512004
91 110 265 289 136 182 cost 0.005119122
238 257 144 168 91 136 cost 0.0051143405
220 238 361 386 45 91 cost 0.005111595
128 147 217 241 273 318 cost 0.0050990252
165 183 120 144 182 227 cost 0.0050889915
238 257 289 313 136 182 cost 0.0050851965
110 128 289 313 91 136 cost 0.0050849025
220 238 217 241 273 318 cost 0.0050824048
220 238 193 217 273 318 cost 0.0050805925
275 294 265 289 45 91 cost 0.0050490296
257 275 313 337 0 45 cost 0.0050487626
220 257 337 386 546 637 cost 0.0050318553
110 128 48 72 0 45 cost 0.0050284455
147 165 72 96 0 45 cost 0.0050267072
91 110 168 193 182 227 cost 0.0050239029
257 294 193 241 455 546 cost 0.0050176743
54 73 120 144 136 182 cost 0.0049991635
54 73 144 168 136 182 cost 0.0049884472
137 147 180 193 45 68 cost 0.0049671026
73 91 48 72 45 91 cost 0.0049641329
220 238 144 168 227 273 cost 0.0049564835
165 183 361 386 45 91 cost 0.0049522483
183 201 289 313 227 273 cost 0.0049228071
201 220 241 265 273 318 cost 0.004920272
183 201 241 265 273 318 cost 0.004911125
257 294 241 289 546 637 cost 0.0048989428
73 91 96 120 136 182 cost 0.0048890915
128 147 48 72 0 45 cost 0.0048829457
201 220 168 193 273 318 cost 0.0048824236
165 183 241 265 273 318 cost 0.0048679273
165 183 193 217 318 364 cost 0.0048651366
165 183 120 144 227 273 cost 0.0048512047
91 110 144 168 182 227 cost 0.0048484224
147 165 96 120 136 182 cost 0.0048462009
201 220 120 144 136 182 cost 0.0048305912
165 183 217 241 318 364 cost 0.004823687
201 220 289 313 182 227 cost 0.0047987984
220 257 337 386 637 728 cost 0.0047867514
220 238 313 337 136 182 cost 0.0047865456
183 220 96 144 455 546 cost 0.0047832334
36 54 120 144 91 136 cost 0.0047650856
183 201 217 241 318 364 cost 0.0047627368
128 147 72 96 136 182 cost 0.0047491483
220 257 337 386 455 546 cost 0.0047468028
275 294 241 265 91 136 cost 0.0047438234
183 201 289 313 182 227 cost 0.0047388019
91 110 48 72 0 45 cost 0.004698711
147 165 241 265 273 318 cost 0.0046760365
183 201 193 217 318 364 cost 0.0046719329
73 110 241 289 546 637 cost 0.0046684099
238 257 361 386 45 91 cost 0.0046658881
36 54 144 168 0 45 cost 0.0046627861
73 110 241 289 455 546 cost 0.0046494301
147 165 193 217 318 364 cost 0.0046319693
220 238 144 168 182 227 cost 0.0046270522
147 165 313 337 91 136 cost 0.0046261038
201 220 217 241 318 364 cost 0.0046211572
137 147 168 180 45 68 cost 0.0046151102
156 165 180 193 45 68 cost 0.0046133793
147 156 180 193 45 68 cost 0.0046108833
137 147 156 168 45 68 cost 0.0046017596
165 183 72 96 45 91 cost 0.0045828151
201 220 313 337 227 273 cost 0.0045658945
36 54 217 241 91 136 cost 0.004560908
165 183 313 337 136 182 cost 0.0045540402
73 91 265 289 0 45 cost 0.0045348938
128 147 144 168 273 318 cost 0.0045303174
147 165 217 241 318 364 cost 0.0045241918
220 257 96 144 273 364 cost 0.0044763313
257 275 265 289 136 182 cost 0.0044613426
91 110 72 96 136 182 cost 0.0044609818
238 257 265 289 182 227 cost 0.0044350312
137 147 144 156 45 68 cost 0.0044284736
147 165 144 168 273 318 cost 0.004426963
165 183 144 168 273 318 cost 0.0044207201
36 54 120 144 0 45 cost 0.0044178612
0 36 289 337 91 182 cost 0.0044116333
147 183 96 144 637 728 cost 0.004409966
220 238 361 386 0 45 cost 0.0044084064
110 128 265 289 182 227 cost 0.0044007095
147 183 0 48 0 91 cost 0.0043885979
257 294 96 144 91 182 cost 0.0043872407
128 137 180 193 45 68 cost 0.0043691466
128 137 156 168 45 68 cost 0.0043661827
238 257 265 289 227 273 cost 0.0043606452
201 220 193 217 318 364 cost 0.0043490424
183 201 96 120 0 45 cost 0.0043311091
201 220 265 289 273 318 cost 0.0043302953
73 91 265 289 91 136 cost 0.00431301
238 257 217 241 273 318 cost 0.0042793192
73 91 241 265 136 182 cost 0.0042748809
238 257 193 217 273 318 cost 0.0042702238
128 137 168 180 45 68 cost 0.0042506231
54 73 96 120 136 182 cost 0.0042495693
238 257 144 168 0 45 cost 0.0042414784
257 294 193 241 637 728 cost 0.0042384012
128 137 144 156 45 68 cost 0.0042317374
165 183 361 386 0 45 cost 0.004230199
137 147 180 193 68 91 cost 0.004207912
238 257 361 386 0 45 cost 0.0042055296
201 220 337 361 136 182 cost 0.0042035627
201 220 96 120 45 91 cost 0.0041748119
275 294 217 241 0 45 cost 0.0041598244
165 183 168 193 318 364 cost 0.0041404203
183 201 241 265 318 364 cost 0.0041396081
201 220 241 265 318 364 cost 0.0041364567
128 147 96 120 227 273 cost 0.0041278432
257 275 144 168 45 91 cost 0.0041209321
110 128 168 193 273 318 cost 0.0041169638
36 73 241 289 273 364 cost 0.0040990252
165 183 241 265 318 364 cost 0.0040987308
147 165 168 193 318 364 cost 0.0040966381
110 128 289 313 136 182 cost 0.0040798988
238 257 144 168 227 273 cost 0.0040767254
36 54 193 217 91 136 cost 0.004073893
110 128 265 289 227 273 cost 0.0040713967
257 275 168 193 0 45 cost 0.0040712215
183 201 265 289 273 318 cost 0.0040577303
147 156 168 180 45 68 cost 0.004051032
183 201 337 361 136 182 cost 0.0040411542
128 147 193 217 318 364 cost 0.0040385453
238 257 313 337 136 182 cost 0.0040375556
54 73 168 193 136 182 cost 0.0040311485
128 147 96 120 182 227 cost 0.0040184426
183 201 313 337 227 273 cost 0.0040168481
73 110 96 144 637 728 cost 0.0040101779
220 238 217 241 318 364 cost 0.0040081796
36 54 168 193 0 45 cost 0.0040058533
275 294 289 313 45 91 cost 0.004002881
257 294 337 386 273 364 cost 0.0039901206
156 165 168 180 45 68 cost 0.0039512994
110 128 48 72 91 136 cost 0.0039245495
110 128 217 241 273 318 cost 0.0039194316
128 147 217 241 318 364 cost 0.0039140374
275 294 193 217 0 45 cost 0.0039106448
183 201 168 193 318 364 cost 0.0039102656
128 147 313 337 0 45 cost 0.0039052056
110 128 193 217 273 318 cost 0.0039043082
137 147 168 180 68 91 cost 0.0039041008
165 183 265 289 273 318 cost 0.0039037111
183 201 144 168 273 318 cost 0.0038991579
201 220 313 337 182 227 cost 0.0038751049
275 294 241 265 0 45 cost 0.0038644106
128 147 168 193 318 364 cost 0.0038429365
110 128 144 168 273 318 cost 0.0038394015
110 128 96 120 227 273 cost 0.0038336456
36 54 96 120 0 45 cost 0.0038315871
147 165 241 265 318 364 cost 0.0038293981
73 91 144 168 227 273 cost 0.0038242294
183 201 96 120 91 136 cost 0.0038175437
275 294 217 241 136 182 cost 0.0038080316
147 156 180 193 68 91 cost 0.0038055978
137 147 156 168 68 91 cost 0.0037999958
36 54 96 120 91 136 cost 0.0037955926
156 165 180 193 68 91 cost 0.0037924083
220 238 193 217 318 364 cost 0.0037923854
128 137 180 193 68 91 cost 0.0037832388
73 91 48 72 0 45 cost 0.0037711982
128 147 48 72 91 136 cost 0.0037689893
275 294 241 265 136 182 cost 0.0037493935
165 183 96 120 136 182 cost 0.0037427935
128 137 156 168 68 91 cost 0.0037328064
238 257 144 168 136 182 cost 0.0037297689
110 128 96 120 182 227 cost 0.0037213025
257 294 289 337 546 637 cost 0.0037205972
73 91 217 241 182 227 cost 0.0037119978
257 294 241 289 455 546 cost 0.0037056503
147 165 265 289 273 318 cost 0.0037030873
147 165 337 361 0 45 cost 0.0037005543
128 137 168 180 68 91 cost 0.0036814965
257 294 96 144 182 273 cost 0.0036809948
147 183 337 386 364 455 cost 0.0036688187
137 147 144 156 68 91 cost 0.0036590461
110 128 313 337 45 91 cost 0.0036536726
73 91 72 96 136 182 cost 0.0036391649
147 165 48 72 45 91 cost 0.0036251989
275 294 144 168 45 91 cost 0.0036234056
128 137 144 156 68 91 cost 0.0035907996
36 54 217 241 0 45 cost 0.0035871582
147 183 337 386 546 637 cost 0.0035701828
201 220 265 289 318 364 cost 0.0035700739
73 91 144 168 182 227 cost 0.0035667208
201 220 168 193 318 364 cost 0.0035640701
73 91 168 193 227 273 cost 0.003559319
275 294 193 217 136 182 cost 0.0035574816
183 201 313 337 182 227 cost 0.0035221725
128 147 313 337 91 136 cost 0.0035079126
91 110 48 72 91 136 cost 0.0034965186
183 201 361 386 91 136 cost 0.0034776886
201 220 144 168 273 318 cost 0.0034737839
275 294 265 289 91 136 cost 0.0034699184
238 257 217 241 318 364 cost 0.0034687505
147 165 313 337 136 182 cost 0.0034270048
110 147 0 48 91 182 cost 0.0034134115
183 201 265 289 318 364 cost 0.003402436
275 294 168 193 0 45 cost 0.0033975307
73 91 217 241 227 273 cost 0.0033810398
275 294 313 337 45 91 cost 0.0033581503
201 220 361 386 91 136 cost 0.003356489
0 36 241 289 182 273 cost 0.003354258
147 156 168 180 68 91 cost 0.0033162374
73 91 168 193 182 227 cost 0.0032850832
73 91 265 289 136 182 cost 0.0032779106
238 257 144 168 182 227 cost 0.0032764091
165 183 72 96 0 45 cost 0.003274399
238 257 193 217 318 364 cost 0.0032680563
257 294 144 193 455 546 cost 0.0032632741
165 183 265 289 318 364 cost 0.0032550054
73 91 193 217 227 273 cost 0.0032478666
110 128 193 217 318 364 cost 0.0032444019
73 91 193 217 182 227 cost 0.003244293
147 183 337 386 637 728 cost 0.003244225
275 294 265 289 0 45 cost 0.0032437462
110 128 168 193 318 364 cost 0.0032381047
128 147 144 168 318 364 cost 0.003230487
156 165 168 180 68 91 cost 0.0032058549
54 73 217 241 136 182 cost 0.0031874485
0 73 0 96 364 546 cost 0.0031783827
110 128 217 241 318 364 cost 0.0031660674
73 110 241 289 637 728 cost 0.0031524875
147 165 144 168 318 364 cost 0.0031274751
147 183 337 386 455 546 cost 0.0031236344
54 73 193 217 136 182 cost 0.0030983655
147 165 96 120 227 273 cost 0.0030968743
183 201 96 120 136 182 cost 0.0030696584
257 294 289 337 455 546 cost 0.0030657383
201 220 96 120 0 45 cost 0.0030631121
147 165 265 289 318 364 cost 0.0029813694
183 220 96 144 637 728 cost 0.0029678226
110 128 144 168 318 364 cost 0.0029650315
257 294 241 289 637 728 cost 0.0029579328
36 54 144 168 136 182 cost 0.0029525064
0 73 0 96 546 728 cost 0.002947332
110 147 337 386 182 273 cost 0.0029443303
165 183 144 168 318 364 cost 0.0029378596
147 165 96 120 182 227 cost 0.0029068421
0 36 193 241 182 273 cost 0.0028848537
147 165 361 386 45 91 cost 0.0028804873
110 147 337 386 273 364 cost 0.0028591907
73 91 48 72 91 136 cost 0.0028278358
275 294 289 313 0 45 cost 0.0027532501
275 294 265 289 136 182 cost 0.0027258319
147 165 48 72 0 45 cost 0.0027258237
36 54 193 217 0 45 cost 0.0027203612
73 110 337 386 0 91 cost 0.0026892193
110 128 48 72 136 182 cost 0.0026869294
36 54 120 144 136 182 cost 0.002675801
257 294 289 337 637 728 cost 0.0026623858
183 201 144 168 318 364 cost 0.0026427383
128 147 48 72 136 182 cost 0.002558307
128 147 313 337 136 182 cost 0.0025328525
73 110 0 48 91 182 cost 0.0024947736
165 183 96 120 227 273 cost 0.0024899358
165 183 96 120 182 227 cost 0.0024764224
201 220 96 120 91 136 cost 0.0024582337
201 220 361 386 136 182 cost 0.0024232103
36 54 168 193 136 182 cost 0.0023920226
147 183 0 48 91 182 cost 0.0023856414
91 110 48 72 136 182 cost 0.002370304
110 128 313 337 0 45 cost 0.0023342215
183 201 361 386 136 182 cost 0.0023321514
257 294 337 386 364 455 cost 0.0023165955
201 220 144 168 318 364 cost 0.0023109371
257 275 144 168 0 45 cost 0.0022568829
275 294 313 337 0 45 cost 0.0022466487
165 183 48 72 45 91 cost 0.0022171863
36 54 96 120 136 182 cost 0.0022167332
110 128 313 337 91 136 cost 0.0022099395
0 36 193 241 273 364 cost 0.0021852351
257 294 337 386 546 637 cost 0.0021150304
201 220 96 120 136 182 cost 0.0020894783
257 294 337 386 455 546 cost 0.0020866298
147 165 361 386 0 45 cost 0.0020452487
220 257 96 144 364 455 cost 0.0020055358
36 54 217 241 136 182 cost 0.001994096
257 294 96 144 273 364 cost 0.0019832332
0 73 289 386 364 546 cost 0.0019609939
257 294 337 386 637 728 cost 0.0019429622
275 294 144 168 0 45 cost 0.001928701
73 110 337 386 91 182 cost 0.0018859643
73 91 48 72 136 182 cost 0.0018741786
0 36 96 144 0 91 cost 0.0018538217
220 257 96 144 455 546 cost 0.0018314986
36 73 0 48 0 91 cost 0.0018282955
165 183 48 72 0 45 cost 0.0018055799
0 36 241 289 273 364 cost 0.0017779977
0 36 144 193 182 273 cost 0.0017636487
110 147 0 48 182 273 cost 0.0017614882
36 54 193 217 136 182 cost 0.0017502626
0 36 144 193 273 364 cost 0.0016315359
110 128 313 337 136 182 cost 0.0014665245
73 110 0 48 182 273 cost 0.0013429716
0 36 96 144 91 182 cost 0.0012887653
110 147 0 48 273 364 cost 0.0012740115
0 73 289 386 546 728 cost 0.0010428437
73 110 0 48 273 364 cost 0.0009057926
183 220 0 48 0 91 cost 0.0008331173
36 73 0 48 91 182 cost 0.0007049618
257 294 96 144 364 455 cost 0.0006593209
183 220 0 48 91 182 cost 0.0006287415
73 110 337 386 273 364 cost 0.0005600043
73 110 337 386 182 273 cost 0.0005265556
0 36 96 144 182 273 cost 0.0003857067
0 36 48 96 0 91 cost 0.0003698902
220 294 0 96 0 182 cost 0.0003464805
0 36 48 96 91 182 cost 0.0003208737
0 36 96 144 273 364 cost 0.0003111335
257 294 96 144 455 546 cost 0.0002221185
220 294 0 96 546 728 cost 0.0001028288
220 294 0 96 182 364 cost 7.13848e-05
0 36 337 386 91 182 cost 6.29521e-05
0 36 337 386 0 91 cost 5.5496e-05
36 73 337 386 91 182 cost 4.13317e-05
36 73 337 386 0 91 cost 3.49188e-05
220 294 0 96 364 546 cost 2.97443e-05
0 36 0 48 0 91 cost 5.0699e-06
0 36 0 48 91 182 cost 1.3698e-06
partitioning time: 3.635561 seconds
