hostname : cph-c43.uncc.edu
bounding: [1053872.965;1068485.726]x[860186.8419;879395.9741]x[3;730]
read 11056 observations
res: 50 50 1 bw: 100 100 1
box size: 294 x 386 x 728
nbparts: 32
mem: 0.240986824 GB (this is an order of magnitude)
38148 states processed
solution: 0.0002307247 in 32 boxes.
naive: 0.0053159259 speedup:23.04012488
sumload:0.005403366 overhead:1.016448706
128 192 0 192 0 64 cost 0.0002307247
192 294 256 386 0 64 cost 0.0002305534
0 128 256 386 0 728 cost 0.0002188311
128 192 0 192 64 128 cost 0.0002124644
0 128 128 192 128 728 cost 0.0002054688
192 294 0 192 128 728 cost 0.0002042376
0 128 192 256 0 128 cost 0.0002036619
128 192 0 192 128 256 cost 0.0002014419
192 294 256 386 256 728 cost 0.0001994997
128 192 0 192 256 728 cost 0.0001872843
128 192 256 386 64 192 cost 0.000185096
192 294 192 256 320 728 cost 0.0001777883
192 294 192 256 64 128 cost 0.0001736611
192 294 256 386 128 256 cost 0.0001732484
0 128 128 192 64 128 cost 0.0001679317
192 294 256 386 64 128 cost 0.0001655079
128 192 192 256 64 128 cost 0.000164992
192 294 192 256 0 64 cost 0.0001638056
192 294 0 192 0 128 cost 0.0001598124
128 192 256 386 192 728 cost 0.00015178
192 294 192 256 192 320 cost 0.0001516139
128 192 192 256 0 64 cost 0.0001507139
128 192 192 256 128 192 cost 0.0001484517
0 128 192 256 128 728 cost 0.0001433574
0 128 0 128 128 728 cost 0.0001430858
128 192 192 256 192 320 cost 0.000140161
0 128 128 192 0 64 cost 0.000137501
0 128 0 128 0 64 cost 0.0001319464
128 192 192 256 320 728 cost 0.0001300778
128 192 256 386 0 64 cost 0.0001297683
192 294 192 256 128 192 cost 0.0001140737
0 128 0 128 64 128 cost 0.0001048239
partitioning time: 14.926093 seconds
