hostname : cph-c54.uncc.edu
bounding: [1053872.965;1068485.726]x[860186.8419;879395.9741]x[3;730]
read 11056 observations
res: 50 50 1 bw: 100 100 1
box size: 294 x 386 x 728
nbparts: 16
mem: 0.0007152557373 GB (this is an order of magnitude)
1447 states processed
solution: 0.000654049 in 16 boxes.
naive: 0.0053159259 speedup:8.127718107
sumload:0.0054263175 overhead:1.020766204
0 256 0 256 32 64 cost 0.000654049
0 256 0 256 320 728 cost 0.0006126088
0 256 0 256 192 320 cost 0.0006054464
0 256 0 256 128 192 cost 0.0005675326
0 256 0 256 64 96 cost 0.0005633651
0 256 256 386 64 192 cost 0.0005281652
0 256 256 386 192 728 cost 0.000493412
0 256 256 386 0 64 cost 0.0004170458
0 256 0 256 96 128 cost 0.0003734607
0 256 0 256 0 32 cost 0.0002982533
256 294 0 386 0 64 cost 5.94297e-05
256 294 0 386 128 224 cost 5.88717e-05
256 294 0 386 224 320 cost 5.62167e-05
256 294 0 386 320 728 cost 5.32425e-05
256 294 0 386 64 96 cost 4.7188e-05
256 294 0 386 96 128 cost 3.803e-05
partitioning time: 0.672331 seconds
