hostname : cph-c9.uncc.edu
bounding: [1053872.965;1068485.726]x[860186.8419;879395.9741]x[3;730]
read 11056 observations
res: 50 50 1 bw: 100 100 1
box size: 294 x 386 x 728
nbparts: 32
max states: 2695392
mem: 0.240986824 GB (this is an order of magnitude)
636621 states processed
solution: 0.000331445 in 31 boxes.
naive: 0.0053159259 speedup:16.03863658
sumload:0.0053508425 overhead:1.006568301
192 256 192 256 0 192 cost 0.000331445
128 192 128 256 256 728 cost 0.0003267589
128 192 128 192 0 128 cost 0.0003192909
128 192 192 256 0 128 cost 0.0003118659
192 294 256 320 0 192 cost 0.0003107046
0 128 64 128 0 256 cost 0.000307674
128 192 256 320 0 384 cost 0.0003073665
0 128 128 192 0 128 cost 0.0003016527
0 128 192 256 0 256 cost 0.000286032
0 192 128 192 128 256 cost 0.0002603327
128 192 192 256 128 256 cost 0.0002365709
0 128 64 256 256 728 cost 0.0002146359
192 294 320 386 0 256 cost 0.0002063019
0 128 256 386 0 384 cost 0.0001948926
192 256 64 256 320 728 cost 0.0001943318
0 294 256 386 384 704 cost 0.0001804965
256 294 64 256 0 192 cost 0.0001783734
192 256 64 256 192 320 cost 0.0001697387
128 192 64 128 0 256 cost 0.0001535715
192 256 64 192 0 192 cost 0.0001446057
192 294 256 320 192 384 cost 0.0001032567
256 294 64 256 192 448 cost 9.2553e-05
128 192 320 386 0 192 cost 8.09295e-05
128 192 64 128 256 728 cost 3.73194e-05
192 294 320 386 256 384 cost 2.6808e-05
256 294 64 256 448 728 cost 2.31309e-05
0 294 0 64 0 728 cost 2.01048e-05
128 192 320 386 192 384 cost 1.86939e-05
192 294 256 386 704 728 cost 6.3003e-06
128 192 256 386 704 728 cost 4.1421e-06
0 128 256 386 704 728 cost 9.618e-07
partitioning time: 109.114124 seconds
