hostname : cph-c1.uncc.edu
bounding: [1053872.965;1068485.726]x[860186.8419;879395.9741]x[3;730]
read 11056 observations
res: 100 100 1 bw: 2500 2500 1
box size: 148 x 194 x 728
nbparts: 512
solution: 0.0040165641 in 512 boxes.
naive: 0.5210794803 speedup:129.732644
sumload:0.5324226347 overhead:1.021768569
111 129 72 97 0 91 cost 0.0040165641
74 92 72 97 182 273 cost 0.003919592
111 129 121 145 91 182 cost 0.0038942151
55 74 24 48 0 91 cost 0.0038895405
37 74 97 145 546 728 cost 0.0037970096
18 37 48 72 0 91 cost 0.0036514674
37 55 48 72 91 182 cost 0.0036415094
55 74 97 121 182 273 cost 0.003598657
92 111 72 97 182 273 cost 0.0035949844
92 111 169 194 0 91 cost 0.0035722839
37 55 121 145 0 91 cost 0.0035566941
92 111 145 169 91 182 cost 0.0035250378
111 148 97 145 546 728 cost 0.003496258
55 74 72 97 182 273 cost 0.0034868841
92 111 121 145 182 273 cost 0.003289897
74 92 121 145 182 273 cost 0.0032687136
37 55 24 48 0 91 cost 0.0032145747
74 92 48 72 91 182 cost 0.0031871579
0 37 0 48 0 182 cost 0.0031826459
111 129 72 97 91 182 cost 0.0031524511
74 111 145 194 364 546 cost 0.0031517818
129 148 97 121 0 91 cost 0.0031203876
18 37 97 121 0 91 cost 0.0030755974
111 129 97 121 182 273 cost 0.003039036
74 111 145 194 546 728 cost 0.0030176475
92 111 48 72 0 91 cost 0.0029771617
0 37 48 97 182 364 cost 0.0029444618
37 74 145 194 182 364 cost 0.0028861553
129 148 121 145 0 91 cost 0.0027966546
74 92 145 169 91 182 cost 0.0027756691
55 74 145 169 0 91 cost 0.0027504955
111 129 169 194 0 91 cost 0.0026861514
0 37 97 145 182 364 cost 0.0025927905
18 37 72 97 91 182 cost 0.0025911394
37 74 0 48 182 364 cost 0.0025849524
55 74 121 145 182 273 cost 0.0025449622
129 148 97 121 91 182 cost 0.0025129915
111 129 145 169 91 182 cost 0.0024584141
37 55 121 145 91 182 cost 0.0024420668
74 92 97 121 273 364 cost 0.0024342547
92 111 97 121 273 364 cost 0.0024300344
111 129 72 97 182 273 cost 0.0023642585
111 129 121 145 182 273 cost 0.0022836673
74 92 169 194 0 91 cost 0.0022827449
18 37 48 72 91 182 cost 0.0022606454
111 148 145 194 364 546 cost 0.002214566
55 74 24 48 91 182 cost 0.0022120189
55 74 48 72 182 273 cost 0.0022085665
111 148 48 97 364 546 cost 0.0021657808
129 148 121 145 91 182 cost 0.0021227991
92 111 145 169 182 273 cost 0.0020862554
92 111 48 72 91 182 cost 0.0020634295
129 148 145 169 0 91 cost 0.002044751
129 148 72 97 0 91 cost 0.0020344684
111 148 145 194 546 728 cost 0.0020194204
64 74 84 97 45 91 cost 0.002013217
74 92 72 97 273 364 cost 0.0019995193
37 55 72 97 182 273 cost 0.0019980926
37 55 97 121 182 273 cost 0.0019888871
92 111 121 145 273 364 cost 0.0019311438
55 74 97 121 273 364 cost 0.0018925033
55 74 72 97 273 364 cost 0.0018778665
64 74 72 84 45 91 cost 0.0018499435
92 111 169 194 91 182 cost 0.0018218835
18 37 97 121 91 182 cost 0.0018172305
55 74 145 169 91 182 cost 0.0018094795
111 129 97 121 273 364 cost 0.0017902755
0 37 145 194 0 182 cost 0.0017901632
74 83 84 97 45 91 cost 0.0017697735
92 111 72 97 273 364 cost 0.0017633601
74 92 121 145 273 364 cost 0.0017554832
74 92 24 48 0 91 cost 0.0017476529
64 74 97 109 45 91 cost 0.0017350189
74 92 48 72 182 273 cost 0.001729848
37 55 24 48 91 182 cost 0.0017272966
55 64 84 97 45 91 cost 0.0017272828
111 148 48 97 546 728 cost 0.0017151042
55 64 72 84 45 91 cost 0.0016893191
74 83 97 109 45 91 cost 0.0016749081
64 74 60 72 45 91 cost 0.0016573994
83 92 84 97 45 91 cost 0.0016521399
83 92 97 109 45 91 cost 0.0016502392
18 37 121 145 0 91 cost 0.0016240026
129 148 72 97 91 182 cost 0.0015783785
74 92 145 169 182 273 cost 0.0015775138
111 129 145 169 182 273 cost 0.00156178
129 148 97 121 182 273 cost 0.0015469376
92 111 97 121 364 455 cost 0.0015418062
37 55 48 72 182 273 cost 0.0015087069
55 64 60 72 45 91 cost 0.0014989649
83 92 109 121 45 91 cost 0.001496552
46 55 72 84 45 91 cost 0.0014769217
74 83 109 121 45 91 cost 0.0014665526
74 92 97 121 364 455 cost 0.0014632785
74 83 72 84 45 91 cost 0.0014618533
37 55 121 145 182 273 cost 0.0014591491
64 74 109 121 45 91 cost 0.0014577303
46 55 84 97 45 91 cost 0.0014522457
55 64 97 109 45 91 cost 0.0014277751
92 101 97 109 45 91 cost 0.0014165946
111 129 121 145 273 364 cost 0.0013999923
101 111 97 109 45 91 cost 0.001379798
37 55 145 169 0 91 cost 0.0013784579
101 111 109 121 45 91 cost 0.0013607898
92 101 109 121 45 91 cost 0.0013521819
92 101 84 97 45 91 cost 0.001337636
111 129 169 194 91 182 cost 0.0013349207
101 111 121 133 45 91 cost 0.0013345996
83 92 121 133 45 91 cost 0.0013023504
46 55 60 72 45 91 cost 0.0012911617
101 111 133 145 45 91 cost 0.0012771119
74 92 72 97 364 455 cost 0.0012737506
83 92 72 84 45 91 cost 0.0012689269
92 101 121 133 45 91 cost 0.0012655804
55 74 121 145 273 364 cost 0.0012564491
101 111 84 97 45 91 cost 0.0012413905
129 148 145 169 91 182 cost 0.0012404866
74 92 97 121 546 637 cost 0.0012397766
74 83 121 133 45 91 cost 0.0012315035
111 129 72 97 273 364 cost 0.0012219724
92 111 97 121 546 637 cost 0.0012196292
64 74 48 60 45 91 cost 0.001218199
55 64 109 121 45 91 cost 0.0012164442
92 111 72 97 364 455 cost 0.0012141291
92 111 145 169 273 364 cost 0.0011996522
46 55 97 109 45 91 cost 0.0011966982
92 111 48 72 182 273 cost 0.0011943532
74 92 169 194 91 182 cost 0.0011907229
129 148 121 145 182 273 cost 0.0011818511
37 55 72 97 273 364 cost 0.0011787499
37 46 72 84 45 91 cost 0.0011785949
92 101 133 145 45 91 cost 0.0011782583
111 129 97 121 364 455 cost 0.0011777651
74 83 60 72 45 91 cost 0.0011761971
55 74 97 121 364 455 cost 0.0011706684
129 148 72 97 182 273 cost 0.0011636842
64 74 121 133 45 91 cost 0.0011589643
64 74 84 97 0 45 cost 0.0011579365
55 74 48 72 273 364 cost 0.0011485773
83 92 133 145 45 91 cost 0.0011466934
55 64 48 60 45 91 cost 0.0011356655
55 74 72 97 364 455 cost 0.0011355905
74 92 72 97 546 637 cost 0.0011297842
111 120 97 109 45 91 cost 0.0011138418
37 46 84 97 45 91 cost 0.0011119113
64 74 72 84 0 45 cost 0.0011105977
92 111 121 145 364 455 cost 0.0010989404
111 120 109 121 45 91 cost 0.0010946771
37 55 97 121 273 364 cost 0.001086402
129 148 169 194 0 91 cost 0.0010713563
74 83 84 97 0 45 cost 0.0010668396
46 55 109 121 45 91 cost 0.0010590782
37 46 60 72 45 91 cost 0.0010539713
101 111 145 157 45 91 cost 0.0010529581
64 74 84 97 91 136 cost 0.0010504754
64 74 60 72 0 45 cost 0.001047512
111 120 121 133 45 91 cost 0.0010456622
111 129 48 72 0 91 cost 0.0010421052
83 92 97 109 136 182 cost 0.0010382287
92 111 169 194 182 273 cost 0.0010285438
74 83 97 109 0 45 cost 0.001025377
83 92 97 109 0 45 cost 0.0010218374
37 74 145 194 364 546 cost 0.0010217192
74 83 97 109 136 182 cost 0.0010183708
83 92 84 97 0 45 cost 0.0010157291
74 83 133 145 45 91 cost 0.001015641
92 111 72 97 546 637 cost 0.0010141647
64 74 97 109 0 45 cost 0.0010105557
64 74 97 109 136 182 cost 0.001002217
64 74 72 84 91 136 cost 0.0010012689
0 37 48 97 546 728 cost 0.0009920609
74 92 24 48 91 182 cost 0.0009870265
64 74 97 109 91 136 cost 0.0009847525
46 55 48 60 45 91 cost 0.0009831499
55 74 72 97 546 637 cost 0.0009805381
74 111 0 48 182 364 cost 0.0009796557
92 101 145 157 45 91 cost 0.0009783511
83 92 109 121 136 182 cost 0.0009781249
55 64 72 84 0 45 cost 0.000977576
74 92 121 145 364 455 cost 0.0009763441
111 120 133 145 45 91 cost 0.000975109
55 64 72 84 91 136 cost 0.0009697449
83 92 60 72 45 91 cost 0.0009692402
129 148 97 121 273 364 cost 0.00096766
83 92 97 109 91 136 cost 0.0009661447
83 92 109 121 0 45 cost 0.0009653231
74 83 97 109 91 136 cost 0.0009621474
55 64 84 97 0 45 cost 0.000959936
74 83 109 121 136 182 cost 0.000959091
55 74 169 194 0 91 cost 0.0009469883
74 83 109 121 0 45 cost 0.0009457472
64 74 84 97 136 182 cost 0.0009456758
64 74 109 121 136 182 cost 0.0009397131
18 37 121 145 91 182 cost 0.0009375931
55 64 84 97 91 136 cost 0.0009351399
0 37 48 97 364 546 cost 0.0009350806
74 83 84 97 91 136 cost 0.0009341177
55 64 60 72 0 45 cost 0.0009339244
92 101 97 109 136 182 cost 0.0009336402
92 101 72 84 45 91 cost 0.0009335751
27 37 72 84 45 91 cost 0.0009270835
83 92 84 97 136 182 cost 0.0009252885
64 74 109 121 0 45 cost 0.0009252863
92 111 97 121 455 546 cost 0.0009171822
74 92 97 121 455 546 cost 0.000915513
83 92 145 157 45 91 cost 0.0009122295
74 83 84 97 136 182 cost 0.0009102575
92 101 109 121 136 182 cost 0.000907134
83 92 84 97 91 136 cost 0.0009047921
74 83 72 84 0 45 cost 0.000904466
37 55 145 169 91 182 cost 0.0009036534
92 101 97 109 0 45 cost 0.0008981735
101 111 97 109 136 182 cost 0.0008981705
111 129 145 169 273 364 cost 0.0008975381
37 46 97 109 45 91 cost 0.0008927383
74 92 72 97 455 546 cost 0.00089268
64 74 60 72 91 136 cost 0.0008902351
74 92 48 72 273 364 cost 0.0008898444
111 129 121 145 364 455 cost 0.0008893071
64 74 133 145 45 91 cost 0.0008889196
101 111 109 121 136 182 cost 0.0008882294
101 111 109 121 0 45 cost 0.0008859453
101 111 157 169 45 91 cost 0.0008842404
74 92 145 169 273 364 cost 0.0008831974
92 101 109 121 0 45 cost 0.0008800946
101 111 133 145 0 45 cost 0.0008738716
101 111 121 133 0 45 cost 0.0008735334
92 101 97 109 91 136 cost 0.0008668759
64 74 109 121 91 136 cost 0.0008644206
101 111 97 109 0 45 cost 0.0008613466
55 64 121 133 45 91 cost 0.0008570456
83 92 109 121 91 136 cost 0.0008563372
74 83 109 121 91 136 cost 0.0008528908
46 55 72 84 0 45 cost 0.000852869
83 92 121 133 0 45 cost 0.0008524869
101 111 97 109 91 136 cost 0.0008493787
83 92 121 133 136 182 cost 0.0008482237
55 64 60 72 91 136 cost 0.000845832
27 37 84 97 45 91 cost 0.0008455467
111 129 169 194 182 273 cost 0.0008414823
92 101 121 133 0 45 cost 0.0008410119
92 101 84 97 0 45 cost 0.0008407399
101 111 121 133 136 182 cost 0.0008385502
46 55 72 84 91 136 cost 0.0008354006
74 83 121 133 136 182 cost 0.000832965
92 101 84 97 136 182 cost 0.0008319666
37 46 48 60 45 91 cost 0.0008310209
120 129 109 121 45 91 cost 0.0008302698
55 64 97 109 91 136 cost 0.0008258185
92 101 121 133 136 182 cost 0.0008218063
92 111 121 145 546 637 cost 0.0008211064
37 74 145 194 546 728 cost 0.0008198653
92 101 133 145 0 45 cost 0.0008184233
64 74 48 60 0 45 cost 0.0008182719
120 129 97 109 45 91 cost 0.00081569
37 46 109 121 45 91 cost 0.0008147539
111 129 48 72 91 182 cost 0.0008124224
55 64 97 109 0 45 cost 0.000809764
46 55 60 72 0 45 cost 0.0008063156
46 55 84 97 0 45 cost 0.0008036339
55 74 121 145 364 455 cost 0.0008019941
74 83 121 133 0 45 cost 0.0008015601
92 101 157 169 45 91 cost 0.000800854
101 111 84 97 136 182 cost 0.0008003312
101 111 145 157 0 45 cost 0.0007998644
46 55 84 97 91 136 cost 0.00079886
120 129 121 133 45 91 cost 0.0007958056
74 92 97 121 637 728 cost 0.0007932663
92 111 72 97 455 546 cost 0.0007907487
83 92 72 84 0 45 cost 0.0007896663
101 111 72 84 45 91 cost 0.0007891868
92 111 97 121 637 728 cost 0.0007879301
101 111 109 121 91 136 cost 0.0007864067
74 83 72 84 91 136 cost 0.0007848647
92 101 109 121 91 136 cost 0.0007830719
74 83 48 60 45 91 cost 0.000782513
64 74 121 133 136 182 cost 0.0007824518
101 111 84 97 0 45 cost 0.0007819024
111 120 145 157 45 91 cost 0.0007800829
92 101 84 97 91 136 cost 0.0007794557
37 74 0 48 364 546 cost 0.0007785715
83 92 133 145 0 45 cost 0.0007764714
129 148 145 169 182 273 cost 0.0007715615
55 64 109 121 0 45 cost 0.0007664796
37 55 48 72 273 364 cost 0.0007658687
74 83 145 157 45 91 cost 0.0007577265
55 64 48 60 0 45 cost 0.0007576081
74 83 60 72 0 45 cost 0.0007541523
64 74 72 84 136 182 cost 0.0007507886
92 101 145 157 0 45 cost 0.0007503479
120 129 133 145 45 91 cost 0.0007477301
55 64 109 121 91 136 cost 0.0007436829
101 111 121 133 91 136 cost 0.0007425071
129 148 121 145 273 364 cost 0.0007419194
64 74 121 133 0 45 cost 0.000738171
101 111 84 97 91 136 cost 0.0007371289
74 92 121 145 546 637 cost 0.0007331637
111 120 109 121 0 45 cost 0.0007322902
83 92 121 133 91 136 cost 0.000725823
83 92 72 84 91 136 cost 0.0007192198
111 120 97 109 91 136 cost 0.0007173712
111 120 121 133 0 45 cost 0.0007144015
74 83 121 133 91 136 cost 0.0007137137
37 74 0 48 546 728 cost 0.0007091778
111 120 97 109 0 45 cost 0.0007077591
55 64 97 109 136 182 cost 0.0007050067
55 74 72 97 455 546 cost 0.0007007916
46 55 97 109 91 136 cost 0.0006943295
46 55 109 121 0 45 cost 0.0006941073
92 101 121 133 91 136 cost 0.000693779
111 120 133 145 0 45 cost 0.000691784
37 55 121 145 273 364 cost 0.0006884572
83 92 145 157 0 45 cost 0.0006872972
55 64 109 121 136 182 cost 0.0006864374
0 18 97 121 0 91 cost 0.000685351
37 46 72 84 91 136 cost 0.0006829609
46 55 97 109 0 45 cost 0.0006795922
129 148 72 97 273 364 cost 0.0006793938
111 129 97 121 455 546 cost 0.000679354
101 111 133 145 91 136 cost 0.0006790493
74 83 133 145 0 45 cost 0.0006783031
37 46 72 84 0 45 cost 0.0006776176
64 74 121 133 91 136 cost 0.0006768173
101 111 133 145 136 182 cost 0.0006760352
55 64 84 97 136 182 cost 0.0006746828
111 120 157 169 45 91 cost 0.000672297
83 92 157 169 45 91 cost 0.0006705328
0 37 97 145 364 546 cost 0.0006659469
101 111 157 169 0 45 cost 0.0006655968
46 55 48 60 0 45 cost 0.0006617685
55 74 48 72 364 455 cost 0.0006617089
37 46 60 72 0 45 cost 0.0006583498
111 120 97 109 136 182 cost 0.0006576747
37 55 72 97 364 455 cost 0.0006569767
46 55 109 121 91 136 cost 0.0006564988
92 101 133 145 136 182 cost 0.000651794
37 55 97 121 364 455 cost 0.0006510015
64 74 48 60 91 136 cost 0.0006501087
111 120 109 121 91 136 cost 0.0006497058
111 120 109 121 136 182 cost 0.0006485412
83 92 133 145 136 182 cost 0.0006437261
55 64 48 60 91 136 cost 0.000641443
92 111 121 145 455 546 cost 0.0006403125
74 83 72 84 136 182 cost 0.0006375189
129 148 97 121 364 455 cost 0.0006363565
83 92 97 109 227 273 cost 0.0006351748
83 92 97 109 182 227 cost 0.0006346808
0 18 121 145 0 91 cost 0.0006331654
92 111 121 145 637 728 cost 0.0006320317
83 92 60 72 0 45 cost 0.000631586
55 74 97 121 455 546 cost 0.0006294782
74 83 133 145 136 182 cost 0.0006253822
37 46 84 97 91 136 cost 0.0006253407
74 92 72 97 637 728 cost 0.0006231741
83 92 133 145 91 136 cost 0.0006222831
92 101 157 169 0 45 cost 0.0006214137
92 101 133 145 91 136 cost 0.0006196432
120 129 145 157 45 91 cost 0.0006177946
64 74 60 72 136 182 cost 0.0006175811
0 37 0 48 182 364 cost 0.0006174147
111 120 145 157 0 45 cost 0.0006129021
55 64 133 145 45 91 cost 0.0006128647
83 92 72 84 136 182 cost 0.0006112904
55 64 72 84 136 182 cost 0.0006107722
0 37 97 145 546 728 cost 0.0006082425
74 92 121 145 455 546 cost 0.0006071781
92 101 97 109 182 227 cost 0.000606814
101 111 97 109 182 227 cost 0.0006040988
74 92 121 145 637 728 cost 0.0006005877
37 46 84 97 0 45 cost 0.0005999823
74 83 133 145 91 136 cost 0.0005966969
92 101 72 84 0 45 cost 0.000595493
111 129 48 72 182 273 cost 0.0005909701
64 74 133 145 0 45 cost 0.0005871053
74 83 97 109 227 273 cost 0.0005862871
129 148 169 194 91 182 cost 0.0005850327
92 101 72 84 91 136 cost 0.0005831979
0 37 145 194 182 364 cost 0.0005826664
74 92 169 194 182 273 cost 0.000582168
74 83 97 109 182 227 cost 0.0005799988
37 55 72 97 546 637 cost 0.0005781366
83 92 109 121 227 273 cost 0.0005780997
92 111 48 72 273 364 cost 0.0005775698
92 111 169 194 273 364 cost 0.0005749104
120 129 97 109 91 136 cost 0.0005744551
55 74 48 72 546 637 cost 0.0005725995
64 74 133 145 136 182 cost 0.0005701654
83 92 48 60 45 91 cost 0.0005701337
92 111 72 97 637 728 cost 0.0005673761
92 101 97 109 227 273 cost 0.0005672259
55 64 121 133 0 45 cost 0.0005650346
101 111 97 109 227 273 cost 0.0005643891
120 129 109 121 0 45 cost 0.0005641009
92 111 24 48 0 91 cost 0.0005630047
37 46 48 60 0 45 cost 0.0005629723
83 92 109 121 182 227 cost 0.0005622855
55 74 72 97 637 728 cost 0.0005514454
120 129 121 133 0 45 cost 0.0005514018
120 129 157 169 45 91 cost 0.0005497845
120 129 133 145 0 45 cost 0.0005493835
55 74 169 194 91 182 cost 0.0005456899
74 83 109 121 227 273 cost 0.000545406
92 101 109 121 182 227 cost 0.0005435564
55 64 121 133 136 182 cost 0.0005402507
74 83 145 157 0 45 cost 0.0005394538
64 74 133 145 91 136 cost 0.0005375325
92 101 72 84 136 182 cost 0.0005374413
37 46 109 121 0 45 cost 0.0005361473
120 129 109 121 91 136 cost 0.0005347254
101 111 109 121 182 227 cost 0.0005332889
129 148 121 145 364 455 cost 0.0005293271
18 27 72 84 45 91 cost 0.00052826
46 55 97 109 136 182 cost 0.0005277332
55 74 48 72 455 546 cost 0.0005258312
27 37 72 84 0 45 cost 0.0005248103
55 64 60 72 136 182 cost 0.0005242043
101 111 109 121 227 273 cost 0.0005240811
101 111 72 84 0 45 cost 0.0005223256
37 46 97 109 91 136 cost 0.0005195382
92 101 109 121 227 273 cost 0.0005193117
74 83 109 121 182 227 cost 0.0005189379
74 92 48 72 364 455 cost 0.0005181781
120 129 97 109 0 45 cost 0.0005179182
74 83 48 60 0 45 cost 0.0005177684
111 120 157 169 0 45 cost 0.0005155569
83 92 157 169 0 45 cost 0.0005121071
46 55 109 121 136 182 cost 0.0005114898
46 55 84 97 136 182 cost 0.0005113877
55 64 121 133 91 136 cost 0.0005109587
37 46 109 121 91 136 cost 0.0005101228
120 129 145 157 0 45 cost 0.0004997418
18 27 84 97 45 91 cost 0.0004993474
101 111 72 84 91 136 cost 0.0004981821
120 129 109 121 136 182 cost 0.0004974178
129 148 145 169 273 364 cost 0.000489333
74 83 157 169 45 91 cost 0.0004882933
0 18 72 97 0 91 cost 0.0004864788
37 46 97 109 0 45 cost 0.0004844189
46 55 72 84 136 182 cost 0.0004822517
120 129 97 109 136 182 cost 0.0004774324
101 111 72 84 136 182 cost 0.0004761915
37 55 121 145 364 455 cost 0.000474071
55 74 0 24 0 91 cost 0.0004708684
74 92 48 72 546 637 cost 0.0004661445
111 129 121 145 455 546 cost 0.0004639909
27 37 84 97 0 45 cost 0.0004555331
55 74 121 145 455 546 cost 0.0004508612
111 129 169 194 273 364 cost 0.0004475021
37 55 48 72 364 455 cost 0.0004462348
64 74 48 60 136 182 cost 0.0004434499
120 129 157 169 0 45 cost 0.0004404144
92 111 24 48 91 182 cost 0.0004379198
74 92 48 72 455 546 cost 0.0004312451
55 64 133 145 0 45 cost 0.0004175516
55 64 133 145 136 182 cost 0.0004032253
55 64 48 60 136 182 cost 0.0004028889
83 92 48 60 0 45 cost 0.0004018907
0 18 97 121 91 182 cost 0.0004009245
37 55 72 97 455 546 cost 0.0003969742
37 55 72 97 637 728 cost 0.0003907701
55 64 133 145 91 136 cost 0.0003884906
37 55 48 72 546 637 cost 0.0003855039
0 18 121 145 91 182 cost 0.0003849179
37 55 0 24 0 91 cost 0.0003778833
37 46 72 84 136 182 cost 0.0003777939
37 46 84 97 136 182 cost 0.0003661625
37 55 48 72 455 546 cost 0.0003588434
37 46 97 109 136 182 cost 0.0003568377
37 46 109 121 136 182 cost 0.0003568303
74 92 169 194 273 364 cost 0.0003550201
74 111 0 48 364 546 cost 0.0003528657
74 111 0 48 546 728 cost 0.000352483
55 74 48 72 637 728 cost 0.000349723
129 148 169 194 182 273 cost 0.000345373
92 111 48 72 546 637 cost 0.0003453307
37 55 97 121 455 546 cost 0.0003424175
92 111 48 72 364 455 cost 0.0003364752
129 148 48 72 0 91 cost 0.0003358833
74 83 157 169 0 45 cost 0.0003253098
0 18 72 97 91 182 cost 0.0003064057
129 148 97 121 455 546 cost 0.0002949576
74 92 48 72 637 728 cost 0.0002825021
92 111 48 72 455 546 cost 0.0002808982
18 27 72 84 0 45 cost 0.0002735997
37 55 121 145 455 546 cost 0.0002659911
74 92 0 24 0 91 cost 0.00026599
129 148 48 72 91 182 cost 0.0002637806
111 129 48 72 273 364 cost 0.0002522592
18 27 84 97 0 45 cost 0.00024331
37 55 48 72 637 728 cost 0.0002395343
129 148 169 194 273 364 cost 0.000234803
129 148 48 72 182 273 cost 0.0002282335
129 148 121 145 455 546 cost 0.0002162886
55 74 0 24 91 182 cost 0.0002148741
0 37 0 48 364 546 cost 0.0002070447
0 37 0 48 546 728 cost 0.0001991706
92 111 48 72 637 728 cost 0.000197412
37 55 169 194 0 91 cost 0.0001736683
37 55 0 24 91 182 cost 0.0001530811
74 92 0 24 91 182 cost 0.0001439805
0 18 48 72 0 91 cost 0.0001226228
129 148 48 72 273 364 cost 0.0001196265
0 37 145 194 364 546 cost 0.0001171515
37 55 169 194 91 182 cost 0.0001166404
0 18 48 72 91 182 cost 8.38466e-05
0 37 145 194 546 728 cost 7.00493e-05
92 111 0 24 0 91 cost 5.18077e-05
92 111 0 24 91 182 cost 3.61041e-05
111 148 0 48 0 182 cost 2.0151e-05
111 148 0 48 546 728 cost 4.9585e-06
111 148 0 48 182 364 cost 3.8958e-06
111 148 0 48 364 546 cost 1.509e-06
partitioning time: 2.813958 seconds
