hostname : cph-c37.uncc.edu
bounding: [1053872.965;1068485.726]x[860186.8419;879395.9741]x[3;730]
read 11056 observations
res: 100 100 1 bw: 2500 2500 1
box size: 148 x 194 x 728
nbparts: 16
max states: 74432
mem: 0.00665473938 GB (this is an order of magnitude)
14465 states processed
solution: 0.047025302 in 16 boxes.
naive: 0.5210794803 speedup:11.08083219
sumload:0.5272701725 overhead:1.011880514
64 128 64 128 0 64 cost 0.047025302
64 128 64 128 64 128 cost 0.0452998996
64 148 128 194 192 728 cost 0.0429981726
64 148 64 128 192 320 cost 0.0420535779
64 148 64 128 320 728 cost 0.0419012086
64 128 128 194 64 192 cost 0.0407083572
0 64 0 64 0 728 cost 0.0347089991
0 64 64 194 64 128 cost 0.0345620615
64 128 64 128 128 192 cost 0.0326056604
0 64 64 194 0 64 cost 0.0322144398
64 128 128 194 0 64 cost 0.0305502938
64 148 0 64 0 728 cost 0.0292773033
0 64 64 194 128 256 cost 0.0275599645
0 64 64 194 256 728 cost 0.0242245364
128 148 64 194 64 192 cost 0.0132816109
128 148 64 194 0 64 cost 0.0082987849
partitioning time: 2.079347 seconds
