hostname : cph-c54.uncc.edu
bounding: [1053872.965;1068485.726]x[860186.8419;879395.9741]x[3;730]
read 11056 observations
res: 100 100 1 bw: 500 500 7
box size: 148 x 194 x 728
nbparts: 64
max states: 21861824
mem: 1.95459938 GB (this is an order of magnitude)
5669571 states processed
solution: 0.0028514158 in 30 boxes.
naive: 0.0609225435 speedup:21.36571716
sumload:0.0623216054 overhead:1.022964601
64 96 64 96 64 192 cost 0.0028514158
0 64 64 96 0 96 cost 0.002848191
96 128 96 128 96 320 cost 0.0028407965
96 148 160 194 0 416 cost 0.0028124874
32 64 96 128 0 192 cost 0.0028121743
128 148 64 128 0 320 cost 0.0027846675
64 96 96 128 128 256 cost 0.0027557495
0 64 0 64 0 128 cost 0.002750202
96 148 64 128 320 728 cost 0.0027460259
0 64 64 96 96 480 cost 0.002696962
96 148 128 160 0 128 cost 0.0026827859
96 148 128 160 128 728 cost 0.0026431007
64 96 128 160 0 192 cost 0.0026232661
64 96 64 96 192 728 cost 0.002494595
96 128 64 96 0 320 cost 0.0024504118
96 128 96 128 0 96 cost 0.0023400747
0 64 128 160 0 480 cost 0.0023287456
64 148 0 64 0 728 cost 0.0022049284
64 96 96 128 256 728 cost 0.0021173703
64 96 64 96 0 64 cost 0.0019952402
64 96 96 128 64 128 cost 0.0019556647
64 96 96 128 0 64 cost 0.0018111135
0 64 0 64 128 728 cost 0.0016760209
64 96 128 160 192 728 cost 0.0013702931
32 96 160 194 0 416 cost 0.0011896662
0 64 64 160 480 728 cost 0.0008491852
0 64 96 128 192 480 cost 0.000841161
32 148 160 194 416 728 cost 0.0007430796
0 32 96 128 0 192 cost 0.0001062306
0 32 160 194 0 728 cost 0
partitioning time: 1349.823158 seconds
