hostname : cph-c54.uncc.edu
bounding: [1053872.965;1068485.726]x[860186.8419;879395.9741]x[3;730]
read 11056 observations
res: 100 100 1 bw: 250 250 1
box size: 148 x 194 x 728
nbparts: 32
max load allowed: 0.0006406257188
max states: 2732544
mem: 0.2443084717 GB (this is an order of magnitude)
50119 states processed
solution: 0.0006357961 in 28 boxes.
naive: 0.0102500115 speedup:16.12153881
sumload:0.0103456547 overhead:1.009331033
96 128 96 128 128 704 cost 0.0006357961
64 96 96 128 128 384 cost 0.0006353124
0 64 0 64 0 256 cost 0.000626973
64 96 64 96 0 128 cost 0.0006132804
64 96 128 160 0 448 cost 0.0006071274
64 96 96 128 0 128 cost 0.0006062925
128 148 0 194 0 728 cost 0.000601062
64 96 64 96 128 728 cost 0.0005890593
0 64 64 96 0 128 cost 0.0005800904
96 128 128 160 0 192 cost 0.0005687595
96 128 160 194 0 728 cost 0.0005619268
0 64 96 128 0 256 cost 0.0005512331
96 128 96 128 0 128 cost 0.0004826639
0 64 64 96 128 728 cost 0.0003928474
64 96 0 64 0 728 cost 0.0003783285
0 64 128 194 0 320 cost 0.0003600603
96 128 0 96 0 192 cost 0.0002818134
64 96 160 194 0 728 cost 0.000226533
96 128 128 160 192 384 cost 0.0001909182
64 96 96 128 384 728 cost 0.0001754355
0 64 96 128 256 728 cost 0.0001208871
96 128 0 96 192 320 cost 0.0001159845
96 128 128 160 384 728 cost 0.0001116054
0 64 0 64 256 728 cost 0.0001115559
96 128 0 96 320 728 cost 9.85224e-05
0 64 128 194 320 728 cost 6.05375e-05
64 96 128 160 448 728 cost 5.39016e-05
96 128 96 128 704 728 cost 7.1472e-06
partitioning time: 58.668789 seconds
