hostname : cph-gpu1.uncc.edu
bounding: [1053872.965;1068485.726]x[860186.8419;879395.9741]x[3;730]
read 11056 observations
res: 100 100 1 bw: 250 250 1
box size: 148 x 194 x 728
nbparts: 16
mem: 0.02665328979 GB (this is an order of magnitude)
5672 states processed
solution: 0.0008215814 in 16 boxes.
naive: 0.0102500115 speedup:12.47595369
sumload:0.0104463414 overhead:1.019154115
64 128 0 128 96 160 cost 0.0008215814
0 64 64 194 64 160 cost 0.00079345
64 128 0 128 32 64 cost 0.0007651617
64 128 0 128 352 728 cost 0.0007420032
64 128 0 128 224 352 cost 0.0007413321
0 64 0 64 0 728 cost 0.0007385289
0 64 64 194 160 728 cost 0.0007046072
64 128 128 194 0 64 cost 0.0006821282
64 128 0 128 64 96 cost 0.0006367194
64 128 0 128 160 224 cost 0.0006337026
128 148 0 194 0 728 cost 0.000601062
64 128 128 194 256 728 cost 0.0005889453
0 64 64 194 0 64 cost 0.0005700885
64 128 128 194 128 256 cost 0.0005459654
64 128 128 194 64 128 cost 0.0005290259
64 128 0 128 0 32 cost 0.0003520396
partitioning time: 3.722268 seconds
