hostname : cph-bm1.uncc.edu
bounding: [1053872.965;1068485.726]x[860186.8419;879395.9741]x[3;730]
read 11056 observations
res: 50 50 1 bw: 2500 2500 14
box size: 294 x 386 x 728
nbparts: 32
mem: 4.415977478 GB (this is an order of magnitude)
274692 states processed
solution: 0.3157889706 in 32 boxes.
naive: 8.268027147 speedup:26.18212768
sumload:8.526807218 overhead:1.03129889
64 160 160 192 0 128 cost 0.3157889706
160 256 0 192 128 256 cost 0.3144976532
64 160 0 96 0 728 cost 0.3107973213
160 256 192 256 64 128 cost 0.3080208641
160 256 192 256 0 64 cost 0.3079150589
256 294 0 386 128 728 cost 0.3045409901
64 160 224 386 128 256 cost 0.3045145161
160 256 0 192 256 728 cost 0.3015820732
64 160 96 160 0 64 cost 0.2939779534
64 160 224 386 0 64 cost 0.2894998535
64 160 96 160 64 128 cost 0.2868390741
64 160 192 224 0 128 cost 0.2866052944
160 256 0 192 0 64 cost 0.282221839
64 160 224 386 64 128 cost 0.2820697323
64 160 192 224 128 728 cost 0.2781057465
160 256 256 288 128 728 cost 0.2729317841
160 256 192 256 320 728 cost 0.2704147513
160 256 0 192 64 128 cost 0.2694142652
160 256 192 256 192 320 cost 0.2689765841
160 256 288 386 0 64 cost 0.265170454
64 160 224 386 256 728 cost 0.2649417329
64 160 160 192 128 728 cost 0.2620670478
64 160 96 160 192 728 cost 0.2589606426
160 256 256 288 0 128 cost 0.2569043699
256 294 0 386 0 128 cost 0.2561902621
0 64 0 192 0 728 cost 0.2339417591
160 256 192 256 128 192 cost 0.2275437677
160 256 288 386 256 728 cost 0.2247884896
160 256 288 386 64 128 cost 0.2055541689
160 256 288 386 128 256 cost 0.2000727654
0 64 192 386 0 728 cost 0.1875555173
64 160 96 160 128 192 cost 0.1344019157
partitioning time: 165.490305 seconds
