hostname : cph-gpu4.uncc.edu
bounding: [1053872.965;1068485.726]x[860186.8419;879395.9741]x[3;730]
read 11056 observations
res: 50 50 1 bw: 100 100 1
box size: 294 x 386 x 728
nbparts: 32
max states: 197567552
mem: 17.66391563 GB (this is an order of magnitude)
31542898 states processed
solution: 0.000496905 in 31 boxes.
naive: 0.0053159259 speedup:10.69807287
sumload:0.0053321843 overhead:1.003058432
160 224 224 288 0 448 cost 0.000496905
224 294 160 288 0 288 cost 0.0004959912
96 224 160 192 0 256 cost 0.0004900737
96 224 192 224 0 256 cost 0.000465062
0 128 64 160 0 192 cost 0.000464867
96 160 224 288 0 480 cost 0.0004570692
192 294 288 386 0 352 cost 0.0004520427
128 224 64 160 0 288 cost 0.0004032882
96 224 160 224 256 728 cost 0.0003618231
96 192 288 386 0 288 cost 0.0001967916
0 96 160 224 0 160 cost 0.0001812297
0 224 64 160 288 672 cost 0.0001501317
96 294 288 386 384 704 cost 0.0001100037
224 294 160 288 288 448 cost 0.0001001577
96 224 224 288 480 728 cost 8.76489e-05
0 96 224 386 96 544 cost 7.35642e-05
0 96 224 386 0 96 cost 6.528e-05
0 128 64 160 192 288 cost 6.03925e-05
224 294 160 288 448 728 cost 5.58957e-05
0 96 160 224 160 544 cost 5.54442e-05
0 294 0 64 0 728 cost 2.01048e-05
96 192 288 386 288 384 cost 1.77639e-05
0 96 160 386 544 728 cost 1.73466e-05
0 224 64 160 672 728 cost 1.48476e-05
224 294 64 160 0 160 cost 9.8199e-06
224 294 64 160 160 728 cost 9.7269e-06
192 294 288 386 352 384 cost 7.3224e-06
160 294 288 386 704 728 cost 6.1914e-06
160 224 224 288 448 480 cost 3.3663e-06
128 160 288 386 704 728 cost 2.0325e-06
96 128 288 386 704 728 cost 0
partitioning time: 5303.572407 seconds
