hostname : cph-gpu3.uncc.edu
bounding: [-130;-65]x[20;50]x[5875;5958]
read 588189 observations
res: 0.1 0.1 1 bw: 5 5 14
box size: 651 x 301 x 84
nbparts: 32
mem: 0.04401683807 GB (this is an order of magnitude)
54139 states processed
solution: 23.41554911 in 32 boxes.
naive: 430.2508241 speedup:18.3745776
sumload:445.8784617 overhead:1.036322156
448 512 192 301 32 84 cost 23.41554911
320 384 0 128 0 84 cost 22.40927635
512 576 128 192 32 84 cost 22.04406857
512 576 192 301 32 64 cost 21.7934689
448 512 128 192 32 64 cost 20.97014116
448 512 64 128 0 84 cost 20.71882078
128 192 128 301 0 84 cost 20.11116631
64 128 128 192 0 84 cost 19.98951426
384 448 192 301 32 84 cost 19.98097264
384 448 128 192 32 84 cost 19.09514258
320 384 128 192 0 84 cost 17.65281442
192 320 0 128 0 84 cost 17.55398741
384 448 0 128 0 84 cost 16.77186847
576 651 192 301 0 84 cost 16.67842229
192 320 128 192 0 84 cost 16.62550323
64 128 192 301 0 84 cost 13.30851378
320 384 192 301 0 84 cost 11.75597477
0 64 0 301 0 84 cost 10.97030545
512 576 192 301 64 84 cost 9.859887173
512 576 192 301 0 32 cost 9.755284991
512 576 0 128 0 84 cost 9.243829391
128 192 0 128 0 84 cost 9.199127764
448 512 128 192 0 32 cost 8.800560307
448 512 128 192 64 84 cost 8.353830263
448 512 192 301 0 32 cost 8.332960688
64 128 0 128 0 84 cost 8.034754999
576 651 0 192 0 84 cost 7.416204586
192 320 192 301 0 84 cost 7.344415765
448 512 0 64 0 84 cost 7.285377564
512 576 128 192 0 32 cost 7.226808801
384 448 192 301 0 32 cost 6.96537692
384 448 128 192 0 32 cost 6.214531984
partitioning time: 699.722738 seconds
