hostname : cph-c12.uncc.edu
bounding: [-130;-65]x[20;50]x[5875;5958]
read 588189 observations
res: 0.1 0.1 1 bw: 1 1 3
box size: 651 x 301 x 84
nbparts: 16
max states: 61520
mem: 0.00550031662 GB (this is an order of magnitude)
18512 states processed
solution: 0.7434229285 in 16 boxes.
naive: 7.046724289 speedup:9.478755656
sumload:7.092583672 overhead:1.006507901
512 576 192 256 0 64 cost 0.7434229285
256 448 128 192 0 84 cost 0.7286999227
64 128 64 192 0 84 cost 0.7183221402
256 448 192 301 0 84 cost 0.7045554567
256 384 64 128 0 84 cost 0.6423614587
384 651 64 128 0 84 cost 0.6250021967
448 512 128 192 0 84 cost 0.586471283
128 256 64 301 0 84 cost 0.577394859
448 512 192 301 0 84 cost 0.4975693778
512 651 128 192 0 84 cost 0.3694651268
64 128 192 301 0 84 cost 0.2646608354
512 576 192 256 64 84 cost 0.2587620434
576 651 192 301 0 84 cost 0.1968206603
64 651 0 64 0 84 cost 0.1538541703
0 64 0 301 0 84 cost 0.0246890594
512 576 256 301 0 84 cost 0.000532153
partitioning time: 143.830623 seconds
