hostname : cph-c77.uncc.edu
bounding: [1053872.965;1068485.726]x[860186.8419;879395.9741]x[3;730]
read 11056 observations
res: 50 50 1 bw: 2500 2500 1
box size: 294 x 386 x 728
nbparts: 16
max states: 84208
mem: 0.007528781891 GB (this is an order of magnitude)
11347 states processed
solution: 0.1817076844 in 16 boxes.
naive: 2.038316503 speedup:11.21755808
sumload:2.040623256 overhead:1.001131695
128 192 192 256 0 256 cost 0.1817076844
192 256 256 386 0 256 cost 0.1674722827
64 128 128 192 0 728 cost 0.1635235721
128 192 128 386 256 728 cost 0.1608377626
128 192 128 192 0 256 cost 0.1601869711
192 294 128 192 0 728 cost 0.1503067926
128 192 256 386 0 256 cost 0.1481067749
192 256 192 256 0 256 cost 0.1416150827
64 128 192 256 0 728 cost 0.139021072
192 256 192 386 256 728 cost 0.1148421053
256 294 192 386 0 728 cost 0.107576767
0 64 0 386 0 728 cost 0.1035784492
128 294 64 128 0 728 cost 0.1022045308
64 128 64 128 0 728 cost 0.0991355894
64 128 256 386 0 728 cost 0.0745388887
64 294 0 64 0 728 cost 0.0259689301
partitioning time: 1.213517 seconds
