hostname : cph-gpu4.uncc.edu
bounding: [1053872.965;1068485.726]x[860186.8419;879395.9741]x[3;730]
read 11056 observations
res: 50 50 1 bw: 2500 2500 1
box size: 294 x 386 x 728
nbparts: 32
max states: 3086976
mem: 0.2759971619 GB (this is an order of magnitude)
357730 states processed
solution: 0.0746389248 in 32 boxes.
naive: 2.038316503 speedup:27.30902821
sumload:2.041614879 overhead:1.001618186
128 294 288 386 256 728 cost 0.0746389248
0 96 96 160 0 256 cost 0.07416112
192 256 192 224 0 256 cost 0.0729224014
0 160 0 96 0 256 cost 0.07287839
256 294 192 288 0 728 cost 0.0728319336
128 224 320 386 0 256 cost 0.0724177949
224 294 288 386 0 256 cost 0.0709136307
128 224 288 320 0 256 cost 0.0705614753
0 128 192 224 0 256 cost 0.0700914592
160 294 128 192 256 728 cost 0.0696117385
96 128 96 160 0 256 cost 0.0692933451
160 294 128 160 0 256 cost 0.0691676409
160 192 192 224 0 728 cost 0.0689380822
192 294 160 192 0 256 cost 0.0687590912
192 256 224 256 0 256 cost 0.0687380228
96 128 224 386 0 256 cost 0.0685096416
128 160 96 160 0 256 cost 0.0679339667
128 192 256 288 0 256 cost 0.0649716689
0 96 224 386 0 256 cost 0.0648049324
128 160 192 224 0 728 cost 0.0625049262
0 160 0 160 256 728 cost 0.0623407162
192 256 256 288 0 256 cost 0.0616571045
160 192 224 256 0 728 cost 0.0599018619
128 160 160 192 0 728 cost 0.0596754392
192 256 192 256 256 728 cost 0.0566390366
0 128 192 386 256 728 cost 0.0564797214
160 294 0 128 0 728 cost 0.0547153125
128 160 224 256 0 728 cost 0.0527660765
96 128 160 192 0 728 cost 0.0498672942
0 96 160 192 0 728 cost 0.0483975356
160 192 160 192 0 256 cost 0.0431745994
128 256 256 288 256 728 cost 0.0413499943
partitioning time: 46.981232 seconds
