hostname : cph-c15.uncc.edu
bounding: [1053872.965;1068485.726]x[860186.8419;879395.9741]x[3;730]
read 11056 observations
res: 50 50 1 bw: 100 100 1
box size: 294 x 386 x 728
nbparts: 16
solution: 0.0007804437 in 22 boxes.
naive: 0.0053159259 speedup:6.811414968
sumload:0.0053339288 overhead:1.003386597
147 294 0 193 0 364 cost 0.0007804437
0 147 193 386 0 364 cost 0.0007584177
73 147 96 193 0 182 cost 0.0007154697
147 220 193 289 0 182 cost 0.0006345724
147 294 193 386 364 728 cost 0.0003757959
220 294 193 289 0 182 cost 0.0003323247
147 220 289 386 0 182 cost 0.0002957863
147 220 193 289 182 364 cost 0.0002709971
220 294 289 386 0 182 cost 0.0001788091
73 147 96 193 182 364 cost 0.0001757118
220 294 193 289 182 364 cost 0.0001408548
147 294 0 193 364 728 cost 0.0001368225
0 147 0 193 364 728 cost 0.0001260465
0 147 193 386 364 728 cost 0.000106758
73 147 0 96 0 182 cost 9.89502e-05
147 220 289 386 182 364 cost 8.52024e-05
220 294 289 386 182 364 cost 6.24012e-05
0 73 96 193 0 182 cost 3.27666e-05
73 147 0 96 182 364 cost 1.71582e-05
0 73 96 193 182 364 cost 8.64e-06
0 73 0 96 0 182 cost 0
0 73 0 96 182 364 cost 0
partitioning time: 0.053356 seconds
