hostname : cph-c54.uncc.edu
bounding: [-130;-65]x[20;50]x[5875;5958]
read 588189 observations
res: 0.01 0.01 1 bw: 1 1 3
box size: 6501 x 3001 x 84
nbparts: 32
max states: 300128
mem: 0.02683353424 GB (this is an order of magnitude)
678256 states processed
solution: 39.83672407 in 21 boxes.
naive: 643.6159509 speedup:16.15634734
sumload:643.6298063 overhead:1.000021527
3328 3840 0 1536 0 84 cost 39.83672407
5632 6501 1024 3001 0 84 cost 39.34582821
0 1280 0 1536 0 84 cost 38.94126793
4352 5120 2048 3001 0 84 cost 38.03206667
1280 2048 0 2304 0 84 cost 37.9103024
4608 5120 0 1024 0 84 cost 37.81289628
2816 3328 0 1536 0 84 cost 37.58859838
3840 5120 1792 2048 0 84 cost 37.25271248
5120 5376 1024 2048 0 84 cost 36.43972362
3840 4608 1280 1792 0 84 cost 34.57287953
4608 5120 1280 1792 0 84 cost 34.19224922
5120 5632 2048 3001 0 84 cost 33.94020959
2816 3840 1536 3001 0 84 cost 33.29005487
0 1280 1536 2304 0 84 cost 31.29525371
5376 5632 1024 2048 0 84 cost 30.24172572
3840 4352 2048 3001 0 84 cost 29.91069749
0 2048 2304 3001 0 84 cost 24.76321459
3840 4608 0 1280 0 84 cost 22.77634973
2048 2816 0 3001 0 84 cost 17.33657351
4608 5120 1024 1280 0 84 cost 8.145940047
5120 6501 0 1024 0 84 cost 0.0045382831
partitioning time: 5129.094496 seconds
