hostname : cph-c18.uncc.edu
bounding: [-130;-65]x[20;50]x[5875;5958]
read 588189 observations
res: 0.5 0.5 1 bw: 1 1 3
box size: 131 x 61 x 84
nbparts: 16
solution: 0.0667282133 in 22 boxes.
naive: 0.4197653131 speedup:6.290672151
sumload:0.4591740018 overhead:1.093882671
65 131 0 30 42 84 cost 0.0667282133
65 131 0 30 0 42 cost 0.043429927
0 65 30 61 42 84 cost 0.0415251965
98 131 30 45 42 63 cost 0.0394439301
0 65 0 30 42 84 cost 0.0383527604
65 98 30 45 42 63 cost 0.0339021801
98 131 30 45 21 42 cost 0.0272909234
98 131 30 45 63 84 cost 0.0250363146
0 65 0 30 0 42 cost 0.0246528115
65 98 30 45 21 42 cost 0.0230739655
0 65 30 61 0 42 cost 0.0204395798
65 98 30 45 63 84 cost 0.0178518064
98 131 30 45 0 21 cost 0.0114640602
65 98 30 45 0 21 cost 0.0096115592
65 98 45 61 42 63 cost 0.0090119087
65 98 45 61 21 42 cost 0.0065987049
65 98 45 61 63 84 cost 0.0056192336
98 131 45 61 42 63 cost 0.0046217317
98 131 45 61 21 42 cost 0.0032965947
98 131 45 61 63 84 cost 0.0028793284
65 98 45 61 0 21 cost 0.002868465
98 131 45 61 0 21 cost 0.0014748068
partitioning time: 2.158115 seconds
