hostname : cph-gpu2.uncc.edu
bounding: [-130;-65]x[20;50]x[5875;5958]
read 588189 observations
res: 0.1 0.1 1 bw: 2.5 2.5 7
box size: 651 x 301 x 84
nbparts: 16
mem: 0.08849716187 GB (this is an order of magnitude)
65823 states processed
solution: 5.211195009 in 16 boxes.
naive: 67.21899211 speedup:12.89895926
sumload:67.29987146 overhead:1.001203222
384 448 0 192 0 84 cost 5.211195009
192 320 0 301 0 84 cost 5.189303051
480 544 0 160 0 84 cost 5.007830718
480 544 192 301 0 84 cost 4.929550715
544 651 192 224 0 84 cost 4.730721681
320 384 0 128 0 84 cost 4.665226746
384 448 192 301 0 84 cost 4.658777235
0 96 0 301 0 84 cost 4.555696188
128 192 0 301 0 84 cost 4.351279553
320 384 128 301 0 84 cost 4.33507713
96 128 0 301 0 84 cost 4.311931415
448 480 0 160 0 84 cost 4.035081714
448 480 160 301 0 84 cost 3.895969174
480 544 160 192 0 84 cost 3.531965752
544 651 224 301 0 84 cost 2.110017095
544 651 0 192 0 84 cost 1.780248287
partitioning time: 782.249110 seconds
