hostname : cph-gpu1.uncc.edu
bounding: [-130;-65]x[20;50]x[5875;5958]
read 588189 observations
res: 0.1 0.1 1 bw: 1 1 3
box size: 651 x 301 x 84
nbparts: 32
mem: 0.01106071472 GB (this is an order of magnitude)
69525 states processed
solution: 0.6509132056 in 17 boxes.
naive: 7.046724289 speedup:10.82590463
sumload:7.057083764 overhead:1.001470112
544 576 192 224 0 84 cost 0.6509132056
160 320 0 301 0 84 cost 0.6384341154
0 160 160 301 0 84 cost 0.6340832758
512 544 0 301 0 84 cost 0.6043770842
448 512 128 192 0 84 cost 0.586471283
0 160 0 160 0 84 cost 0.5790977248
448 512 0 128 0 84 cost 0.5543357813
384 448 0 192 0 84 cost 0.5467911816
320 384 0 128 0 84 cost 0.5137061637
448 512 192 301 0 84 cost 0.4975693778
320 384 128 301 0 84 cost 0.4946208745
384 448 192 301 0 84 cost 0.4759974252
576 651 192 224 0 84 cost 0.1049784958
576 651 224 301 0 84 cost 0.0924447745
544 576 0 192 0 84 cost 0.0423864072
544 576 224 301 0 84 cost 0.0408226944
576 651 0 192 0 84 cost 5.38992e-05
partitioning time: 841.923322 seconds
