hostname : cph-c54.uncc.edu
bounding: [1053872.965;1068485.726]x[860186.8419;879395.9741]x[3;730]
read 11056 observations
res: 50 50 1 bw: 100 100 1
box size: 294 x 386 x 728
nbparts: 16
max load allowed: 0.0006644907375
max states: 5390832
mem: 0.4819779396 GB (this is an order of magnitude)
37254 states processed
solution: 0.0006632514 in 15 boxes.
naive: 0.0053159259 speedup:8.01494863
sumload:0.0053347815 overhead:1.003547002
128 192 192 256 0 448 cost 0.0006632514
192 256 256 386 0 384 cost 0.0006349236
128 192 0 192 0 256 cost 0.000630231
192 256 0 256 0 288 cost 0.0006223737
0 128 0 192 0 160 cost 0.0006045012
0 128 192 386 0 728 cost 0.0005636082
128 192 256 386 0 728 cost 0.0004616643
256 294 0 386 0 728 cost 0.0003076386
192 256 0 256 288 728 cost 0.0002150238
128 192 0 192 256 728 cost 0.0001872843
0 128 0 192 160 352 cost 0.0001743702
192 256 256 386 384 728 cost 0.000110493
128 192 192 256 448 728 cost 6.1557e-05
0 128 0 192 480 728 cost 5.98383e-05
0 128 0 192 352 480 cost 3.80229e-05
partitioning time: 87.859908 seconds
