hostname : cph-bm1.uncc.edu
bounding: [1053872.965;1068485.726]x[860186.8419;879395.9741]x[3;730]
read 11056 observations
res: 50 50 1 bw: 100 100 1
box size: 294 x 386 x 728
nbparts: 16
mem: 0.1379985809 GB (this is an order of magnitude)
46720 states processed
solution: 0.0004296171 in 16 boxes.
naive: 0.0053159259 speedup:12.37363666
sumload:0.0053449901 overhead:1.005467382
96 128 160 386 0 728 cost 0.0004296171
192 294 192 224 0 728 cost 0.000393873
0 96 160 386 0 728 cost 0.0003928647
160 192 192 256 0 728 cost 0.0003928614
192 294 224 256 0 728 cost 0.0003773943
128 160 224 386 0 728 cost 0.0003758428
160 192 0 192 0 728 cost 0.000374856
128 160 160 224 0 728 cost 0.0003664329
192 294 0 192 0 728 cost 0.00036285
192 294 256 320 0 256 cost 0.0003542712
96 128 0 160 0 728 cost 0.0003254979
0 96 0 160 0 728 cost 0.0002939118
192 294 320 386 0 728 cost 0.0002844801
128 160 0 160 0 728 cost 0.0002494233
160 192 256 386 0 728 cost 0.0002491794
192 294 256 320 256 728 cost 0.0001216342
partitioning time: 10.454083 seconds
