hostname : cph-c54.uncc.edu
bounding: [-130;-65]x[20;50]x[5875;5958]
read 588189 observations
res: 0.1 0.1 1 bw: 5 5 14
box size: 651 x 301 x 84
nbparts: 1024
solution: 2.158183536 in 1030 boxes.
naive: 430.2508241 speedup:199.3578474
sumload:704.9835808 overhead:1.638540919
569 651 225 263 31 42 cost 2.158183536
81 162 187 225 52 63 cost 2.120360874
81 162 75 112 42 52 cost 2.089613472
162 325 0 75 42 63 cost 2.080109836
325 406 150 187 21 31 cost 2.073951496
406 488 37 75 52 63 cost 2.056555578
488 569 75 112 31 42 cost 2.03489919
81 162 150 187 21 31 cost 2.032651463
406 488 112 150 73 84 cost 2.032334418
406 488 75 112 21 31 cost 2.031659457
569 651 225 263 63 73 cost 1.978458188
406 488 37 75 31 42 cost 1.97813872
569 651 150 187 52 63 cost 1.973399229
488 569 225 263 10 21 cost 1.966643463
243 325 75 112 52 63 cost 1.966284158
162 325 225 301 42 63 cost 1.954731181
81 162 187 225 42 52 cost 1.945662007
569 651 150 187 42 52 cost 1.932109989
325 406 150 187 63 73 cost 1.915361207
325 406 225 263 42 52 cost 1.912903555
243 325 150 187 31 42 cost 1.894852567
162 325 0 75 21 42 cost 1.89329006
243 325 150 187 42 52 cost 1.889063214
81 162 112 150 21 31 cost 1.88621123
162 243 150 187 42 52 cost 1.87455597
325 406 225 263 52 63 cost 1.853194155
325 488 0 75 0 21 cost 1.839567769
325 406 75 112 63 73 cost 1.835095686
243 325 112 150 21 31 cost 1.821202463
325 406 187 225 63 73 cost 1.810399095
325 406 225 263 31 42 cost 1.787381515
488 569 112 150 21 31 cost 1.782758251
406 488 225 263 73 84 cost 1.77428347
162 243 150 187 52 63 cost 1.751375028
325 406 37 75 42 52 cost 1.743160891
406 488 112 150 10 21 cost 1.741338825
162 243 150 187 31 42 cost 1.73666541
569 651 150 187 31 42 cost 1.722558578
325 406 37 75 31 42 cost 1.718147618
325 406 112 150 10 21 cost 1.714437014
162 243 112 150 42 52 cost 1.685147051
81 162 150 187 73 84 cost 1.670020531
81 162 75 112 31 42 cost 1.659236869
325 406 187 225 21 31 cost 1.652401191
569 651 187 225 21 31 cost 1.639258787
243 325 150 187 52 63 cost 1.635859702
406 488 225 263 10 21 cost 1.622965761
162 243 112 150 31 42 cost 1.613170205
569 651 150 187 63 73 cost 1.597645816
0 162 225 301 0 21 cost 1.57316965
243 325 75 112 21 31 cost 1.571597132
488 569 187 225 0 10 cost 1.568556162
569 651 187 225 73 84 cost 1.556793081
325 406 37 75 52 63 cost 1.541379761
81 162 187 225 31 42 cost 1.540804541
488 569 37 75 42 52 cost 1.540450231
81 162 187 225 63 73 cost 1.517259576
81 162 112 150 73 84 cost 1.506775069
162 243 112 150 52 63 cost 1.492746832
81 162 75 112 63 73 cost 1.491095722
81 162 150 187 10 21 cost 1.488493699
488 651 0 75 63 84 cost 1.478522854
0 81 150 187 52 63 cost 1.46742585
325 406 112 150 73 84 cost 1.435264112
488 528 168 187 47 52 cost 1.420054447
488 569 150 187 0 10 cost 1.418872526
162 325 225 301 21 42 cost 1.405676393
488 528 168 187 57 63 cost 1.404973095
488 569 37 75 31 42 cost 1.400415466
488 569 37 75 52 63 cost 1.39587354
488 528 168 187 36 42 cost 1.392849894
569 651 225 263 21 31 cost 1.388283866
488 528 168 187 42 47 cost 1.386736868
0 81 187 225 52 63 cost 1.373824126
81 162 112 150 10 21 cost 1.369060233
488 528 168 187 52 57 cost 1.368218656
325 406 75 112 10 21 cost 1.346068754
325 406 225 263 63 73 cost 1.339455001
569 651 225 263 73 84 cost 1.331809526
488 569 75 112 63 73 cost 1.323164289
0 81 150 187 42 52 cost 1.321982309
447 488 168 187 47 52 cost 1.320494684
406 488 75 112 73 84 cost 1.319257369
447 488 168 187 57 63 cost 1.318956926
488 528 187 206 47 52 cost 1.317711146
528 569 187 206 47 52 cost 1.303331628
488 528 187 206 57 63 cost 1.302552776
488 528 187 206 36 42 cost 1.301551717
325 406 150 187 10 21 cost 1.291722067
488 528 187 206 42 47 cost 1.290400672
528 569 187 206 57 63 cost 1.289880696
447 488 168 187 36 42 cost 1.289126059
528 569 187 206 36 42 cost 1.286461735
447 488 168 187 52 57 cost 1.28152223
447 488 168 187 42 47 cost 1.28135435
528 569 168 187 47 52 cost 1.275866263
528 569 187 206 42 47 cost 1.271887067
488 569 112 150 73 84 cost 1.265368644
488 528 187 206 52 57 cost 1.264816102
528 569 168 187 57 63 cost 1.262538656
528 569 168 187 36 42 cost 1.254413292
406 488 187 225 0 10 cost 1.251871312
528 569 187 206 52 57 cost 1.251446854
406 488 150 187 0 10 cost 1.24563058
528 569 168 187 42 47 cost 1.244144761
81 162 225 263 52 63 cost 1.230435158
528 569 168 187 52 57 cost 1.225676968
0 81 187 225 42 52 cost 1.223472769
406 488 37 75 63 73 cost 1.220442983
243 325 112 150 63 73 cost 1.216324093
528 569 206 225 47 52 cost 1.206010909
528 569 206 225 57 63 cost 1.195575173
406 488 75 112 10 21 cost 1.194295351
528 569 206 225 36 42 cost 1.193226263
243 325 150 187 21 31 cost 1.188343669
162 325 225 301 63 84 cost 1.178679849
528 569 206 225 42 47 cost 1.177747982
488 528 168 187 63 68 cost 1.175836092
325 406 225 263 21 31 cost 1.164046968
488 569 75 112 21 31 cost 1.160861157
488 528 150 168 47 52 cost 1.160645351
528 569 206 225 52 57 cost 1.157172496
447 488 187 206 57 63 cost 1.15317617
447 488 187 206 47 52 cost 1.152756111
488 528 150 168 57 63 cost 1.14632613
447 488 187 206 36 42 cost 1.135608469
488 569 112 150 10 21 cost 1.135050366
488 528 150 168 42 47 cost 1.131349679
488 528 150 168 36 42 cost 1.1300555
569 651 187 225 10 21 cost 1.122780558
447 488 187 206 42 47 cost 1.121814803
528 569 187 206 63 68 cost 1.121039104
488 528 150 168 52 57 cost 1.12067135
406 488 37 75 21 31 cost 1.119985378
325 406 150 187 73 84 cost 1.119768624
447 488 187 206 52 57 cost 1.113378918
488 528 206 225 47 52 cost 1.112814587
569 651 150 187 21 31 cost 1.107254514
488 528 187 206 63 68 cost 1.104586373
488 528 206 225 36 42 cost 1.104125714
488 528 206 225 57 63 cost 1.102126582
325 406 75 112 73 84 cost 1.096235313
162 243 150 187 63 73 cost 1.09525259
528 569 168 187 63 68 cost 1.092614368
488 528 206 225 42 47 cost 1.091917219
325 406 187 225 10 21 cost 1.081476697
447 488 150 168 47 52 cost 1.077012017
325 406 187 225 73 84 cost 1.076020651
447 488 168 187 63 68 cost 1.075117211
528 569 225 244 47 52 cost 1.074657203
162 243 150 187 21 31 cost 1.074538646
0 81 150 187 63 73 cost 1.073719955
447 488 150 168 57 63 cost 1.068756406
406 447 168 187 47 52 cost 1.067795326
528 569 225 244 36 42 cost 1.066057925
528 569 225 244 57 63 cost 1.065713355
488 528 206 225 52 57 cost 1.065498377
406 447 168 187 57 63 cost 1.060995154
243 325 112 150 10 21 cost 1.057473118
569 651 150 187 73 84 cost 1.057203113
0 81 112 150 52 63 cost 1.057069703
81 162 225 263 42 52 cost 1.052799472
528 569 225 244 42 47 cost 1.049305561
488 528 168 187 31 36 cost 1.048663686
447 488 150 168 52 57 cost 1.047305197
447 488 150 168 36 42 cost 1.046229177
447 488 150 168 42 47 cost 1.045737498
528 569 206 225 63 68 cost 1.045367325
488 569 225 263 0 10 cost 1.043863164
162 243 75 112 42 52 cost 1.04023541
406 447 168 187 36 42 cost 1.03939668
406 447 168 187 42 47 cost 1.033951319
406 447 168 187 52 57 cost 1.033592385
0 81 225 263 52 63 cost 1.032746268
528 569 225 244 52 57 cost 1.031064743
162 243 112 150 21 31 cost 1.029966373
0 81 150 187 31 42 cost 1.02867088
0 81 187 225 63 73 cost 1.026416634
325 406 37 75 21 31 cost 1.021582756
162 243 75 112 31 42 cost 1.013801563
243 325 75 112 63 73 cost 1.009242663
243 325 187 225 42 52 cost 1.003574474
447 488 112 131 47 52 cost 0.9987711738
447 488 131 150 47 52 cost 0.9978600772
488 528 187 206 31 36 cost 0.9850345055
447 488 131 150 57 63 cost 0.9845266179
447 488 112 131 42 47 cost 0.9772661032
447 488 168 187 31 36 cost 0.9756222046
447 488 131 150 52 57 cost 0.975391984
447 488 112 131 36 42 cost 0.9753206809
81 162 225 263 63 73 cost 0.9691898771
528 569 187 206 31 36 cost 0.9678604091
447 488 112 131 52 57 cost 0.9672270515
406 447 187 206 47 52 cost 0.9646104262
447 488 131 150 42 47 cost 0.9640594189
406 447 187 206 57 63 cost 0.9612524305
447 488 131 150 36 42 cost 0.9584228073
447 488 187 206 63 68 cost 0.9573080308
569 651 225 263 10 21 cost 0.9570285905
447 488 112 131 57 63 cost 0.9557108632
0 81 187 225 31 42 cost 0.9545249551
447 488 93 112 47 52 cost 0.9530121318
0 81 112 150 42 52 cost 0.9528632862
488 528 150 168 63 68 cost 0.9490183969
243 325 187 225 31 42 cost 0.9467347938
243 325 187 225 52 63 cost 0.9449791378
488 528 206 225 63 68 cost 0.9438083809
406 447 187 206 36 42 cost 0.9433896805
528 569 168 187 31 36 cost 0.9426893142
243 325 150 187 63 73 cost 0.9406718061
488 528 225 244 47 52 cost 0.9386146192
447 488 93 112 42 47 cost 0.9368086305
528 569 225 244 63 68 cost 0.9351944691
406 447 187 206 42 47 cost 0.9346585259
488 528 225 244 36 42 cost 0.9345358953
447 488 93 112 36 42 cost 0.9315587682
488 528 225 244 57 63 cost 0.9304017632
406 447 187 206 52 57 cost 0.9300801233
488 528 168 187 68 73 cost 0.9286682117
81 162 75 112 21 31 cost 0.9243179551
488 528 225 244 42 47 cost 0.9213127552
447 488 206 225 57 63 cost 0.9208945193
325 365 131 150 36 42 cost 0.9183540458
447 488 93 112 52 57 cost 0.9181414184
447 488 206 225 47 52 cost 0.9151026001
325 365 112 131 36 42 cost 0.9097091744
528 569 187 206 68 73 cost 0.9083604898
447 488 206 225 36 42 cost 0.9043985641
162 243 75 112 52 63 cost 0.9015107547
528 569 206 225 31 36 cost 0.8991489828
243 325 75 112 10 21 cost 0.8984298983
488 528 225 244 52 57 cost 0.8981630719
528 569 150 168 47 52 cost 0.8967728281
325 406 112 150 0 10 cost 0.8967190638
81 162 263 301 52 63 cost 0.8938883396
447 488 93 112 57 63 cost 0.8933427007
447 488 206 225 42 47 cost 0.8904280472
81 162 187 225 21 31 cost 0.8902131128
528 569 168 187 68 73 cost 0.8838843565
528 569 150 168 57 63 cost 0.8832796281
447 488 206 225 52 57 cost 0.8824966835
488 528 168 187 26 31 cost 0.8800382776
488 528 187 206 68 73 cost 0.8770280497
528 569 150 168 42 47 cost 0.8748132557
162 243 112 150 63 73 cost 0.873741717
528 569 150 168 36 42 cost 0.8735672922
406 488 112 150 0 10 cost 0.870335134
447 488 187 206 31 36 cost 0.868300055
0 81 225 263 42 52 cost 0.867200667
325 365 93 112 36 42 cost 0.8649186054
528 569 150 168 52 57 cost 0.8606530115
406 447 168 187 63 68 cost 0.859620758
447 488 150 168 63 68 cost 0.8557872667
406 488 225 263 0 10 cost 0.8543217954
325 406 37 75 63 73 cost 0.8541522489
528 569 206 225 68 73 cost 0.8517313577
0 81 263 301 52 63 cost 0.8512545582
325 365 131 150 42 47 cost 0.8497539981
488 528 150 168 31 36 cost 0.8454331612
81 121 168 187 57 63 cost 0.8410153476
447 488 168 187 68 73 cost 0.8403923878
488 528 206 225 31 36 cost 0.8401630135
325 365 112 131 42 47 cost 0.8380216725
488 528 187 206 26 31 cost 0.8362098393
406 447 150 168 47 52 cost 0.8305608305
406 447 131 150 47 52 cost 0.8301873949
406 447 206 225 57 63 cost 0.8301192142
406 447 206 225 47 52 cost 0.8281286588
0 81 225 263 63 73 cost 0.8280650641
162 243 187 225 52 63 cost 0.8263348143
81 121 131 150 57 63 cost 0.825308311
488 528 131 150 47 52 cost 0.8249275992
81 162 225 263 31 42 cost 0.8244280204
569 610 187 206 47 52 cost 0.8239697308
569 610 187 206 57 63 cost 0.8236251653
325 406 225 263 73 84 cost 0.8235217851
528 569 187 206 26 31 cost 0.8221489865
569 610 206 225 47 52 cost 0.821860153
569 610 206 225 57 63 cost 0.8217628594
406 488 263 301 52 63 cost 0.8190648265
406 447 131 150 57 63 cost 0.8187006754
406 447 150 168 57 63 cost 0.8181823381
81 162 150 187 0 10 cost 0.8181043543
81 121 150 168 57 63 cost 0.8154991382
325 365 131 150 47 52 cost 0.8141133599
406 447 131 150 52 57 cost 0.8121343748
488 528 131 150 57 63 cost 0.8108210867
406 447 206 225 36 42 cost 0.8104323154
447 488 168 187 26 31 cost 0.8077743896
406 447 150 168 36 42 cost 0.8075284553
406 447 150 168 42 47 cost 0.807410568
569 610 187 206 36 42 cost 0.8056944933
406 447 150 168 52 57 cost 0.8053870808
569 610 206 225 36 42 cost 0.8046163264
528 569 225 244 31 36 cost 0.8034411087
406 447 131 150 42 47 cost 0.802068402
284 325 112 131 36 42 cost 0.8017268006
488 528 131 150 52 57 cost 0.8015445341
81 121 168 187 52 57 cost 0.8014679447
325 365 112 131 47 52 cost 0.8007817049
406 447 206 225 42 47 cost 0.8006055051
488 528 131 150 42 47 cost 0.7988193967
81 162 187 225 73 84 cost 0.7987970434
488 528 225 244 63 68 cost 0.7985875189
406 447 206 225 52 57 cost 0.7984546164
528 569 168 187 26 31 cost 0.7979421426
406 447 131 150 36 42 cost 0.7977866286
569 610 187 206 52 57 cost 0.7960283542
325 365 93 112 42 47 cost 0.7951077115
406 488 263 301 42 52 cost 0.7944121781
488 569 37 75 21 31 cost 0.794249614
569 610 187 206 42 47 cost 0.7940673311
569 610 206 225 52 57 cost 0.7939644427
569 610 206 225 42 47 cost 0.7924625822
406 447 187 206 63 68 cost 0.7921478168
488 528 131 150 36 42 cost 0.7917999941
569 610 225 244 57 63 cost 0.7895043402
121 162 168 187 57 63 cost 0.7893955628
569 610 225 244 47 52 cost 0.7890878968
162 243 187 225 42 52 cost 0.7887972073
81 121 131 150 52 57 cost 0.7868054754
406 447 168 187 31 36 cost 0.7864704124
81 121 168 187 47 52 cost 0.7857303833
284 325 131 150 36 42 cost 0.7855759714
447 488 150 168 31 36 cost 0.783515628
121 162 168 187 47 52 cost 0.7809186291
121 162 131 150 47 52 cost 0.7806744582
121 162 131 150 57 63 cost 0.7806056115
365 406 131 150 36 42 cost 0.7790125013
81 121 150 168 52 57 cost 0.7780324671
284 325 93 112 36 42 cost 0.7766090319
121 162 150 168 57 63 cost 0.7755431021
447 488 225 244 57 63 cost 0.774650295
325 406 225 263 10 21 cost 0.7746326233
121 162 168 187 52 57 cost 0.7736089897
121 162 150 168 47 52 cost 0.7723313165
81 121 131 150 47 52 cost 0.7717514521
447 488 206 225 63 68 cost 0.7714933694
447 488 131 150 63 68 cost 0.7709838271
0 81 112 150 63 73 cost 0.7700053561
121 162 131 150 52 57 cost 0.7696776284
447 488 225 244 47 52 cost 0.7682849188
528 569 225 244 68 73 cost 0.7644066814
528 569 206 225 26 31 cost 0.764038133
81 121 150 168 47 52 cost 0.7631385821
121 162 150 168 52 57 cost 0.7629246856
569 610 225 244 52 57 cost 0.7624628478
488 651 0 75 0 21 cost 0.7624027905
569 610 225 244 42 47 cost 0.7609750659
447 488 225 244 36 42 cost 0.7608638707
325 365 93 112 47 52 cost 0.7590036944
528 569 150 168 63 68 cost 0.7571571845
488 528 206 225 68 73 cost 0.7559976369
447 488 187 206 68 73 cost 0.7541717659
406 447 112 131 47 52 cost 0.7540009801
81 162 112 150 0 10 cost 0.7526542282
569 651 150 187 10 21 cost 0.7511374314
447 488 225 244 42 47 cost 0.7473087267
365 406 131 150 42 47 cost 0.7471464724
488 528 150 168 68 73 cost 0.7439693744
81 162 263 301 42 52 cost 0.7424497642
121 162 131 150 42 47 cost 0.7416430399
447 488 225 244 52 57 cost 0.7407823575
121 162 168 187 42 47 cost 0.7400639932
365 406 131 150 47 52 cost 0.7395437861
488 528 112 131 47 52 cost 0.7378205379
325 365 131 150 52 57 cost 0.7364354846
81 162 75 112 73 84 cost 0.7353332911
406 447 112 131 52 57 cost 0.7348878386
0 81 112 150 31 42 cost 0.7345748444
406 447 112 131 42 47 cost 0.7342431851
121 162 150 168 42 47 cost 0.7332541573
447 488 187 206 26 31 cost 0.7320475048
406 447 112 131 36 42 cost 0.7316203832
243 325 112 150 73 84 cost 0.7307723793
81 162 263 301 63 73 cost 0.730580297
406 447 112 131 57 63 cost 0.7300159928
325 365 131 150 31 36 cost 0.7289302666
569 610 187 206 63 68 cost 0.7288128726
284 325 112 131 42 47 cost 0.7284956058
569 610 206 225 63 68 cost 0.7274667222
447 488 112 131 63 68 cost 0.7246364988
121 162 112 131 47 52 cost 0.7237908357
488 528 112 131 42 47 cost 0.7234021904
325 365 112 131 31 36 cost 0.723384544
81 121 168 187 42 47 cost 0.7229480687
447 488 112 131 31 36 cost 0.7226950879
488 528 112 131 36 42 cost 0.7220340419
325 365 112 131 52 57 cost 0.7216224562
488 528 168 187 21 26 cost 0.7198601065
406 447 187 206 31 36 cost 0.7196364243
121 162 112 131 57 63 cost 0.7195094294
406 447 225 244 57 63 cost 0.7187172337
325 365 75 93 36 42 cost 0.7171564001
406 447 225 244 47 52 cost 0.7161562002
284 325 131 150 42 47 cost 0.7160867974
488 528 206 225 26 31 cost 0.7157864783
528 569 187 206 73 78 cost 0.7150741263
406 488 263 301 31 42 cost 0.7140820641
488 528 225 244 31 36 cost 0.7123412058
121 162 112 131 52 57 cost 0.7111420514
447 488 131 150 31 36 cost 0.7102210684
488 528 112 131 52 57 cost 0.7099333251
81 121 131 150 42 47 cost 0.709264174
488 528 168 187 73 78 cost 0.7090460748
162 325 0 75 63 84 cost 0.7073305255
121 162 131 150 36 42 cost 0.7070935088
284 325 93 112 42 47 cost 0.7057111477
325 406 75 112 0 10 cost 0.7053479128
488 528 150 168 26 31 cost 0.7037275679
121 162 168 187 36 42 cost 0.7032417081
243 325 150 187 10 21 cost 0.7030356563
406 447 225 244 36 42 cost 0.7024919569
81 121 150 168 42 47 cost 0.7018286895
488 528 93 112 47 52 cost 0.7013522488
0 81 263 301 63 73 cost 0.7011976541
325 406 263 301 42 52 cost 0.6999724844
365 406 168 187 36 42 cost 0.6998444308
488 528 112 131 57 63 cost 0.6996364234
121 162 150 168 36 42 cost 0.6984313175
447 488 206 225 31 36 cost 0.6981516703
0 81 263 301 42 52 cost 0.6968897809
365 406 112 131 36 42 cost 0.6966742451
365 406 131 150 52 57 cost 0.6934304084
488 528 93 112 42 47 cost 0.6926884902
406 447 225 244 42 47 cost 0.6924364648
528 569 168 187 73 78 cost 0.6923212677
325 406 263 301 52 63 cost 0.6918446483
406 447 206 225 63 68 cost 0.690623676
406 447 225 244 52 57 cost 0.6902409189
488 528 187 206 21 26 cost 0.6899287719
121 162 112 131 42 47 cost 0.6887363274
447 488 93 112 31 36 cost 0.6885242758
325 365 93 112 31 36 cost 0.6873236384
284 325 112 131 47 52 cost 0.6870579541
162 243 150 187 10 21 cost 0.6857997691
528 569 225 244 26 31 cost 0.6826527528
325 365 93 112 52 57 cost 0.6825645725
365 406 168 187 47 52 cost 0.6812283519
365 406 168 187 42 47 cost 0.6808629229
81 162 187 225 10 21 cost 0.6801676825
447 488 75 93 47 52 cost 0.6785883175
284 325 131 150 47 52 cost 0.6768661194
488 569 75 112 73 84 cost 0.6755588697
162 243 187 225 31 42 cost 0.675284852
447 488 75 93 42 47 cost 0.6752037226
447 488 75 93 36 42 cost 0.6748290051
528 569 206 225 73 78 cost 0.6744487185
488 528 187 206 73 78 cost 0.6738346063
528 569 187 206 21 26 cost 0.6723786295
406 447 168 187 68 73 cost 0.6711065713
488 528 93 112 52 57 cost 0.6698427447
325 406 150 187 0 10 cost 0.6697955204
0 81 225 263 31 42 cost 0.6684450225
81 121 168 187 36 42 cost 0.6682102927
284 325 93 112 47 52 cost 0.6653878533
365 406 112 131 42 47 cost 0.6646034489
447 488 150 168 68 73 cost 0.6623048468
81 121 168 187 63 68 cost 0.6609446303
488 569 75 112 10 21 cost 0.660135761
447 488 168 187 21 26 cost 0.6584085277
325 365 75 93 42 47 cost 0.6582290962
121 162 112 131 36 42 cost 0.6579781131
365 406 131 150 57 63 cost 0.6567573464
447 488 93 112 63 68 cost 0.6555962036
365 406 112 131 47 52 cost 0.6554952773
81 121 131 150 36 42 cost 0.6552933374
81 162 75 112 10 21 cost 0.6547220752
528 569 150 168 31 36 cost 0.6542116873
325 365 131 150 57 63 cost 0.6542103199
162 243 75 112 21 31 cost 0.6537157491
325 406 263 301 31 42 cost 0.6521044792
528 569 168 187 21 26 cost 0.6513593868
81 121 131 150 63 68 cost 0.6487785207
81 121 150 168 36 42 cost 0.6487248228
488 528 93 112 57 63 cost 0.6474386951
447 488 225 244 63 68 cost 0.6473808911
488 528 131 150 63 68 cost 0.6470438809
406 447 150 168 63 68 cost 0.6465535324
365 406 187 206 36 42 cost 0.6464724963
284 325 112 131 31 36 cost 0.6460618061
447 488 75 93 52 57 cost 0.6459264293
162 243 112 150 10 21 cost 0.6458208982
406 447 168 187 26 31 cost 0.644317408
406 447 93 112 47 52 cost 0.6433642687
406 488 263 301 63 73 cost 0.6409679684
406 488 0 37 42 52 cost 0.6409137724
488 528 225 244 68 73 cost 0.6408952488
284 325 75 93 36 42 cost 0.640673764
81 121 150 168 63 68 cost 0.6403839907
488 528 168 187 15 21 cost 0.6401364958
365 406 187 206 47 52 cost 0.6398727161
528 569 244 263 36 42 cost 0.6393083261
81 121 112 131 57 63 cost 0.6392102292
447 488 168 187 73 78 cost 0.6389433712
365 406 168 187 52 57 cost 0.6388903548
447 488 150 168 26 31 cost 0.638553849
528 569 244 263 47 52 cost 0.6377356616
528 569 244 263 57 63 cost 0.6352762074
406 447 131 150 63 68 cost 0.6346857012
325 365 112 131 57 63 cost 0.6344572726
365 406 187 206 42 47 cost 0.6335868733
284 325 131 150 31 36 cost 0.632380437
488 569 0 37 42 52 cost 0.6293760727
325 365 75 93 47 52 cost 0.6293714642
365 406 168 187 57 63 cost 0.6292297217
406 447 93 112 52 57 cost 0.6289006455
406 447 93 112 42 47 cost 0.6255428788
528 569 206 225 21 26 cost 0.6253632636
284 325 93 112 31 36 cost 0.6244264202
406 447 187 206 68 73 cost 0.6222530228
406 447 206 225 31 36 cost 0.6220233527
406 447 93 112 36 42 cost 0.6218705409
528 569 244 263 42 47 cost 0.6218705386
406 447 93 112 57 63 cost 0.6215644787
447 488 75 93 57 63 cost 0.6162404711
121 162 93 112 57 63 cost 0.6159971387
488 528 187 206 15 21 cost 0.6158038513
406 488 37 75 73 84 cost 0.6145922933
447 488 206 225 68 73 cost 0.6134114918
528 569 244 263 52 57 cost 0.61319031
365 406 112 131 52 57 cost 0.6126968611
81 121 112 131 52 57 cost 0.6120085411
528 569 225 244 73 78 cost 0.609542663
284 325 112 131 52 57 cost 0.6077211853
121 162 93 112 52 57 cost 0.6077200172
365 406 187 206 57 63 cost 0.6070394761
488 528 225 244 26 31 cost 0.6068153792
528 569 150 168 68 73 cost 0.606799045
365 406 93 112 36 42 cost 0.6062437447
447 488 187 206 21 26 cost 0.6056954874
569 651 187 225 0 10 cost 0.6054134241
365 406 187 206 52 57 cost 0.6051978928
406 447 150 168 31 36 cost 0.604626155
0 81 150 187 21 31 cost 0.6046119382
81 121 112 131 47 52 cost 0.6041982524
121 162 168 187 63 68 cost 0.6034390761
569 610 187 206 31 36 cost 0.6021788245
243 325 75 112 73 84 cost 0.6015429078
569 610 206 225 31 36 cost 0.6012624453
284 325 131 150 52 57 cost 0.6007967914
569 610 187 206 68 73 cost 0.6003405413
569 610 206 225 68 73 cost 0.5992552649
365 406 131 150 31 36 cost 0.5990665085
406 447 187 206 26 31 cost 0.5989897441
406 447 225 244 63 68 cost 0.5981644588
243 325 187 225 63 73 cost 0.5966835399
528 569 187 206 15 21 cost 0.5962359845
325 365 131 150 26 31 cost 0.5954949489
325 365 93 112 57 63 cost 0.594876346
488 528 206 225 21 26 cost 0.5939160009
365 406 150 168 36 42 cost 0.5936083288
121 162 131 150 63 68 cost 0.593417803
447 488 206 225 26 31 cost 0.5926715734
447 488 168 187 15 21 cost 0.5923910621
162 325 0 75 0 21 cost 0.5915960166
121 162 150 168 63 68 cost 0.5909545052
447 488 131 150 68 73 cost 0.5909352432
325 365 150 168 36 42 cost 0.5906795023
406 447 131 150 31 36 cost 0.5897930725
447 488 225 244 31 36 cost 0.5890799719
81 162 225 263 73 84 cost 0.588559344
325 365 112 131 26 31 cost 0.5882336317
488 528 131 150 31 36 cost 0.5865885266
488 528 206 225 73 78 cost 0.585004998
365 406 206 225 36 42 cost 0.5849277612
406 488 0 37 52 63 cost 0.582974158
284 325 75 93 42 47 cost 0.5823930079
365 406 206 225 47 52 cost 0.580611179
162 243 187 225 63 73 cost 0.5797861732
447 488 187 206 73 78 cost 0.5785574505
528 569 187 206 78 84 cost 0.5768493299
81 162 263 301 31 42 cost 0.5768241407
406 488 75 112 0 10 cost 0.5767747735
406 488 0 37 31 42 cost 0.5762376495
528 569 168 187 15 21 cost 0.5754815269
365 406 93 112 42 47 cost 0.5754499064
365 406 150 168 42 47 cost 0.5736670811
365 406 206 225 42 47 cost 0.5728181883
365 406 112 131 57 63 cost 0.5727869483
0 81 187 225 21 31 cost 0.5726090755
325 406 187 225 0 10 cost 0.570911794
488 528 150 168 21 26 cost 0.57001901
447 488 112 131 26 31 cost 0.5693074086
162 243 150 187 73 84 cost 0.569245266
325 365 75 93 31 36 cost 0.569139493
488 569 0 37 52 63 cost 0.5688176833
0 81 150 187 73 84 cost 0.5685154452
447 488 131 150 26 31 cost 0.5672785509
325 365 75 93 52 57 cost 0.5667734726
365 406 93 112 47 52 cost 0.5661224275
488 569 0 37 31 42 cost 0.5656100433
365 406 150 168 47 52 cost 0.5655299396
243 325 187 225 21 31 cost 0.5625018656
0 81 187 225 73 84 cost 0.56245539
488 528 150 168 73 78 cost 0.562272974
528 569 244 263 63 68 cost 0.5611084738
528 569 225 244 21 26 cost 0.558676171
569 610 244 263 57 63 cost 0.5573052225
447 488 56 75 42 47 cost 0.5569913496
365 406 206 225 57 63 cost 0.556432343
243 325 150 187 73 84 cost 0.5558461729
528 569 168 187 78 84 cost 0.5556541145
81 121 112 131 42 47 cost 0.5554536821
325 365 93 112 26 31 cost 0.5553950549
528 569 206 225 15 21 cost 0.554976543
447 488 56 75 47 52 cost 0.554443388
569 610 244 263 47 52 cost 0.5539185193
488 569 112 150 0 10 cost 0.553694836
406 447 112 131 63 68 cost 0.5532996141
528 569 150 168 26 31 cost 0.5522858086
243 325 112 150 0 10 cost 0.5516524051
284 325 75 93 47 52 cost 0.5501464804
325 365 150 168 42 47 cost 0.5498172515
365 406 206 225 52 57 cost 0.5498021551
528 569 206 225 78 84 cost 0.549108124
447 488 187 206 15 21 cost 0.5486776327
488 528 168 187 78 84 cost 0.5481901403
406 447 206 225 68 73 cost 0.5454204052
121 162 112 131 63 68 cost 0.5452801401
447 488 112 131 68 73 cost 0.5437292106
406 447 225 244 31 36 cost 0.5408439907
406 447 112 131 31 36 cost 0.540079155
365 406 168 187 31 36 cost 0.5382976445
569 610 244 263 52 57 cost 0.5371844297
365 406 112 131 31 36 cost 0.5371727176
488 528 112 131 31 36 cost 0.5361911127
488 528 112 131 63 68 cost 0.5330684724
569 610 244 263 42 47 cost 0.5328891
488 528 206 225 15 21 cost 0.5312688036
0 81 263 301 31 42 cost 0.5310452175
365 406 93 112 52 57 cost 0.5279320825
162 325 225 301 0 21 cost 0.5272538952
365 406 150 168 52 57 cost 0.5265377799
488 528 187 206 78 84 cost 0.5257000034
325 365 150 168 47 52 cost 0.5227337508
406 447 206 225 26 31 cost 0.5227025193
406 447 168 187 21 26 cost 0.5199003956
325 406 263 301 63 73 cost 0.5197475281
406 447 244 263 57 63 cost 0.5192490746
569 651 225 263 0 10 cost 0.5191135878
284 325 112 131 57 63 cost 0.5175383179
81 121 93 112 57 63 cost 0.5169889466
284 325 131 150 57 63 cost 0.5161942419
162 243 75 112 63 73 cost 0.5153946949
447 488 244 263 57 63 cost 0.5148279075
406 447 244 263 47 52 cost 0.5146477512
284 325 75 93 31 36 cost 0.5139426165
447 488 225 244 68 73 cost 0.5138656627
406 447 168 187 73 78 cost 0.511699728
81 121 112 131 36 42 cost 0.511465255
447 488 150 168 21 26 cost 0.5113821754
0 81 225 263 73 84 cost 0.5089000038
447 488 244 263 47 52 cost 0.5074854274
365 406 150 168 57 63 cost 0.5063039064
488 528 75 93 42 47 cost 0.5058894048
325 365 168 187 36 42 cost 0.5058544706
488 528 75 93 47 52 cost 0.5049825075
488 528 225 244 21 26 cost 0.5046333307
406 447 244 263 36 42 cost 0.5041615437
488 528 150 168 15 21 cost 0.5033849525
447 488 244 263 36 42 cost 0.5026193199
488 528 244 263 36 42 cost 0.5021319395
325 406 37 75 73 84 cost 0.501253321
447 488 75 93 31 36 cost 0.500712779
528 569 225 244 78 84 cost 0.5000121426
447 488 225 244 26 31 cost 0.4998463626
488 528 244 263 47 52 cost 0.4993245722
488 528 225 244 73 78 cost 0.4990842
406 447 150 168 68 73 cost 0.49871444
81 121 168 187 68 73 cost 0.4981671197
447 488 150 168 73 78 cost 0.497727787
81 121 112 131 63 68 cost 0.4976844629
488 528 244 263 57 63 cost 0.4971367201
406 447 244 263 52 57 cost 0.4969517553
488 528 131 150 68 73 cost 0.4967195559
406 447 244 263 42 47 cost 0.495647428
447 488 206 225 21 26 cost 0.4955550125
81 121 93 112 52 57 cost 0.4939490106
121 162 131 150 31 36 cost 0.4939261311
365 406 187 206 31 36 cost 0.4934915228
81 162 225 263 21 31 cost 0.4933060083
325 365 75 93 57 63 cost 0.4931338806
406 488 263 301 21 31 cost 0.4922155558
447 488 244 263 42 47 cost 0.4921198765
447 488 244 263 52 57 cost 0.4905788426
406 447 187 206 21 26 cost 0.4904377714
488 528 244 263 42 47 cost 0.4902634184
121 162 168 187 31 36 cost 0.4897674773
365 406 93 112 57 63 cost 0.4879856223
121 162 150 168 31 36 cost 0.4874355411
81 121 131 150 68 73 cost 0.487382552
406 447 150 168 26 31 cost 0.4855089281
447 488 93 112 68 73 cost 0.4850044978
406 447 131 150 68 73 cost 0.4848637675
365 406 131 150 63 68 cost 0.4844114496
528 569 244 263 31 36 cost 0.4837388302
81 121 150 168 68 73 cost 0.4818284138
447 488 168 187 78 84 cost 0.4807427951
365 406 131 150 26 31 cost 0.4803012914
0 81 150 187 10 21 cost 0.4797685838
406 447 187 206 73 78 cost 0.4781437243
488 528 244 263 52 57 cost 0.4780215254
365 406 75 93 36 42 cost 0.4779341477
488 528 75 93 52 57 cost 0.4757786704
447 488 206 225 73 78 cost 0.4742380004
325 365 168 187 42 47 cost 0.4741069098
406 447 225 244 68 73 cost 0.4720474752
325 365 150 168 31 36 cost 0.4717939545
325 365 150 168 52 57 cost 0.4698191484
243 325 75 112 0 10 cost 0.4691651015
365 406 93 112 31 36 cost 0.4682946178
528 569 150 168 73 78 cost 0.4660386789
406 447 168 187 15 21 cost 0.4651939486
406 447 93 112 63 68 cost 0.4639006143
406 447 131 150 26 31 cost 0.4634938725
528 569 244 263 68 73 cost 0.4634429111
488 528 206 225 78 84 cost 0.4624492513
81 162 263 301 73 84 cost 0.46155379
121 162 112 131 31 36 cost 0.460439978
325 365 75 93 26 31 cost 0.4601693106
0 81 187 225 10 21 cost 0.458893979
488 569 263 301 52 63 cost 0.4586796034
365 406 150 168 31 36 cost 0.4585435811
488 569 263 301 42 52 cost 0.4577001616
406 447 93 112 31 36 cost 0.457696963
325 365 131 150 63 68 cost 0.4573504197
406 447 225 244 26 31 cost 0.4563502329
447 488 150 168 15 21 cost 0.454644022
325 365 168 187 47 52 cost 0.4535996188
365 406 75 93 42 47 cost 0.451839992
447 488 206 225 15 21 cost 0.451102329
488 528 75 93 57 63 cost 0.4507234626
528 569 150 168 21 26 cost 0.4497276142
81 121 168 187 31 36 cost 0.4496514751
365 406 206 225 31 36 cost 0.448308587
121 162 168 187 68 73 cost 0.4459175062
365 406 75 93 47 52 cost 0.444816329
447 488 131 150 21 26 cost 0.4442940524
0 81 263 301 73 84 cost 0.4429920165
406 447 187 206 15 21 cost 0.4415422828
447 488 75 93 63 68 cost 0.4396656503
81 121 131 150 31 36 cost 0.4394729322
325 365 131 150 21 26 cost 0.4392015084
447 488 187 206 78 84 cost 0.4384705993
325 365 112 131 63 68 cost 0.4371597065
447 488 112 131 21 26 cost 0.436330892
81 121 150 168 31 36 cost 0.4360231792
406 447 244 263 63 68 cost 0.4358307824
121 162 131 150 68 73 cost 0.4358165695
121 162 150 168 68 73 cost 0.4352314038
325 406 263 301 21 31 cost 0.4345273761
447 488 37 56 42 47 cost 0.4330938201
162 243 112 150 73 84 cost 0.4329844537
406 447 206 225 21 26 cost 0.4318129576
488 528 150 168 78 84 cost 0.43176399
447 488 244 263 63 68 cost 0.4316631628
325 365 112 131 21 26 cost 0.4303775126
365 406 112 131 26 31 cost 0.4293925301
406 447 75 93 47 52 cost 0.4286403565
488 528 244 263 63 68 cost 0.4275610744
488 528 168 187 10 15 cost 0.426543129
447 488 37 56 47 52 cost 0.4257977917
0 81 112 150 21 31 cost 0.4253916441
528 569 131 150 47 52 cost 0.4228469202
406 447 206 225 73 78 cost 0.4219647497
325 365 150 168 57 63 cost 0.420902998
406 447 112 131 26 31 cost 0.4206689779
447 488 225 244 21 26 cost 0.4197390999
406 447 75 93 42 47 cost 0.4189905331
488 569 263 301 31 42 cost 0.4185463676
406 447 75 93 36 42 cost 0.4182987192
406 447 75 93 52 57 cost 0.4172080302
406 447 112 131 68 73 cost 0.4167893485
365 406 112 131 63 68 cost 0.4161937787
365 406 75 93 52 57 cost 0.4158731282
488 528 187 206 10 15 cost 0.4125127787
528 569 131 150 57 63 cost 0.4122774114
528 569 244 263 26 31 cost 0.4116449164
528 569 131 150 42 47 cost 0.4100623297
325 406 225 263 0 10 cost 0.4089932429
325 365 168 187 52 57 cost 0.4087821558
528 569 131 150 52 57 cost 0.4074062916
406 447 75 93 57 63 cost 0.4069679164
528 569 187 206 10 15 cost 0.4054992534
528 569 131 150 36 42 cost 0.4045362261
325 365 93 112 21 26 cost 0.4034251475
0 81 225 263 21 31 cost 0.4033621001
569 651 150 187 0 10 cost 0.401672954
0 81 112 150 73 84 cost 0.4010681744
325 365 168 187 31 36 cost 0.4010574643
162 243 75 112 10 21 cost 0.3998332127
121 162 112 131 68 73 cost 0.3991220207
488 528 112 131 68 73 cost 0.3986003467
406 488 263 301 73 84 cost 0.3981665992
488 528 225 244 78 84 cost 0.3973181939
447 488 168 187 10 15 cost 0.3960965959
528 569 150 168 15 21 cost 0.3939819571
447 488 244 263 31 36 cost 0.3911772069
406 447 244 263 31 36 cost 0.3902185851
406 447 206 225 15 21 cost 0.3899230568
528 569 168 187 10 15 cost 0.3894087381
406 447 168 187 78 84 cost 0.3885985608
488 528 244 263 31 36 cost 0.3861012942
406 447 150 168 21 26 cost 0.3843076852
162 243 187 225 21 31 cost 0.3835496455
365 406 75 93 57 63 cost 0.3830105857
528 569 206 225 10 15 cost 0.3791829169
406 447 225 244 21 26 cost 0.3786812053
528 569 244 263 73 78 cost 0.3771207434
406 447 150 168 73 78 cost 0.3749612849
81 162 187 225 0 10 cost 0.3742482753
365 406 93 112 26 31 cost 0.3737891062
447 488 150 168 78 84 cost 0.3733893789
325 365 168 187 57 63 cost 0.3716463179
365 406 75 93 31 36 cost 0.3694432654
81 121 112 131 68 73 cost 0.3689908578
528 569 150 168 78 84 cost 0.3688320511
447 488 187 206 10 15 cost 0.3688022031
325 365 187 206 36 42 cost 0.3644655164
406 447 187 206 78 84 cost 0.364093161
365 406 131 150 21 26 cost 0.3638875026
243 325 150 187 0 10 cost 0.3628286956
447 488 206 225 78 84 cost 0.3614757931
365 406 131 150 68 73 cost 0.361355296
406 447 131 150 21 26 cost 0.3594479623
488 528 206 225 10 15 cost 0.3584789589
81 162 75 112 0 10 cost 0.3579141598
81 162 263 301 21 31 cost 0.3549044555
488 569 263 301 63 73 cost 0.3542250233
406 488 263 301 10 21 cost 0.3524604785
243 325 187 225 10 21 cost 0.3490396947
406 447 93 112 68 73 cost 0.347041491
325 365 187 206 42 47 cost 0.3463634578
243 325 187 225 73 84 cost 0.3460274314
488 528 244 263 68 73 cost 0.3455956372
406 447 244 263 68 73 cost 0.3455567879
447 488 244 263 68 73 cost 0.343297474
569 651 263 301 52 63 cost 0.3400384776
406 447 150 168 15 21 cost 0.339497499
81 121 112 131 31 36 cost 0.3392039059
528 569 131 150 63 68 cost 0.3374335864
528 569 244 263 21 26 cost 0.3373353035
0 81 112 150 10 21 cost 0.336387275
325 365 187 206 47 52 cost 0.3361817072
569 651 263 301 42 52 cost 0.3361345886
162 243 150 187 0 10 cost 0.335510038
488 528 150 168 10 15 cost 0.3339628968
447 488 244 263 26 31 cost 0.3338811107
325 365 131 150 68 73 cost 0.3335930407
406 488 0 37 63 73 cost 0.3335432275
325 365 75 93 21 26 cost 0.3330653484
406 447 244 263 26 31 cost 0.33212843
488 528 244 263 26 31 cost 0.330397267
325 406 263 301 73 84 cost 0.3268503163
162 243 187 225 73 84 cost 0.3267054882
406 488 0 37 21 31 cost 0.3244795369
0 81 263 301 21 31 cost 0.3230875131
365 406 112 131 21 26 cost 0.3216546228
406 447 206 225 78 84 cost 0.3210627857
406 447 112 131 21 26 cost 0.3210151246
406 447 56 75 47 52 cost 0.3202516592
447 488 75 93 68 73 cost 0.3193244435
325 365 112 131 68 73 cost 0.3176084432
406 447 168 187 10 15 cost 0.3147684863
406 447 56 75 42 47 cost 0.3136401701
162 243 112 150 0 10 cost 0.3134157724
488 569 0 37 21 31 cost 0.3125678332
528 569 244 263 78 84 cost 0.3110351157
365 406 112 131 68 73 cost 0.3092768526
569 651 263 301 31 42 cost 0.3091287338
488 569 75 112 0 10 cost 0.3085466085
406 447 75 93 31 36 cost 0.3079974778
325 365 187 206 52 57 cost 0.3077749773
447 488 206 225 10 15 cost 0.3058086887
325 365 206 225 36 42 cost 0.3039461252
447 488 150 168 10 15 cost 0.3014034729
406 447 187 206 10 15 cost 0.3003636894
528 569 131 150 31 36 cost 0.3002912529
406 447 75 93 63 68 cost 0.2980360549
365 406 75 93 26 31 cost 0.2953905157
325 365 206 225 42 47 cost 0.2907861682
325 406 263 301 10 21 cost 0.2897488856
325 365 187 206 57 63 cost 0.2888616215
325 365 206 225 47 52 cost 0.2848526155
406 447 150 168 78 84 cost 0.2844488966
325 365 187 206 31 36 cost 0.2836350705
447 488 244 263 21 26 cost 0.2825596012
488 569 263 301 21 31 cost 0.2802926371
488 528 244 263 21 26 cost 0.2774463061
365 406 93 112 21 26 cost 0.2772628119
406 447 244 263 21 26 cost 0.2769659841
488 528 244 263 73 78 cost 0.2732307592
0 81 150 187 0 10 cost 0.2710989614
406 447 206 225 10 15 cost 0.2669279927
0 81 75 112 52 63 cost 0.2658674928
528 569 150 168 10 15 cost 0.263729194
325 365 206 225 52 57 cost 0.2620967829
528 569 131 150 68 73 cost 0.2612109698
569 651 263 301 63 73 cost 0.2601483626
162 243 187 225 10 21 cost 0.2591826133
0 81 187 225 0 10 cost 0.2565914945
162 243 75 112 73 84 cost 0.2565044338
325 365 206 225 57 63 cost 0.252658051
0 81 75 112 42 52 cost 0.2425921135
528 569 112 131 47 52 cost 0.2424181949
243 284 131 150 36 42 cost 0.2419300881
243 284 112 131 36 42 cost 0.2375354133
325 365 206 225 31 36 cost 0.2364945323
528 569 112 131 42 47 cost 0.2354404995
528 569 112 131 36 42 cost 0.233339511
528 569 112 131 52 57 cost 0.2326135047
528 569 112 131 57 63 cost 0.2293705496
488 569 263 301 73 84 cost 0.2270137636
406 447 150 168 10 15 cost 0.2268143331
243 284 93 112 36 42 cost 0.2246677479
243 284 131 150 42 47 cost 0.2227465423
406 447 75 93 68 73 cost 0.2198784108
365 406 75 93 21 26 cost 0.2179203269
243 284 112 131 42 47 cost 0.2162107448
488 528 244 263 78 84 cost 0.2152970803
243 284 131 150 47 52 cost 0.2135641352
243 284 112 131 47 52 cost 0.2053315733
243 284 93 112 42 47 cost 0.2040885498
569 651 263 301 21 31 cost 0.1992531297
488 569 263 301 10 21 cost 0.1966916111
243 284 93 112 47 52 cost 0.1932661521
528 569 93 112 47 52 cost 0.1926508381
0 81 112 150 0 10 cost 0.1906901714
243 284 131 150 52 57 cost 0.1905821516
243 284 131 150 31 36 cost 0.190475612
162 243 75 112 0 10 cost 0.1898026962
243 284 112 131 31 36 cost 0.1897952077
528 569 93 112 42 47 cost 0.1895950803
121 162 75 93 52 57 cost 0.188604351
0 81 75 112 63 73 cost 0.1878617101
121 162 75 93 57 63 cost 0.1872362861
406 488 263 301 0 10 cost 0.1852651938
0 81 75 112 31 42 cost 0.1837994374
243 325 187 225 0 10 cost 0.1826383268
528 569 93 112 52 57 cost 0.1822744421
243 284 112 131 52 57 cost 0.180131182
243 284 93 112 31 36 cost 0.1794905845
528 569 112 131 63 68 cost 0.1789079538
528 569 93 112 57 63 cost 0.1736115768
528 569 112 131 31 36 cost 0.1732342032
569 651 263 301 73 84 cost 0.1704670917
243 284 75 93 36 42 cost 0.1699582257
243 284 131 150 57 63 cost 0.1653166539
406 447 37 56 42 47 cost 0.1611044974
406 447 37 56 47 52 cost 0.1605188382
406 488 0 37 73 84 cost 0.1583926953
569 651 112 150 52 63 cost 0.1554320368
569 651 112 150 42 52 cost 0.1551936452
243 284 75 93 42 47 cost 0.1542015206
325 406 263 301 0 10 cost 0.1519921542
243 284 112 131 57 63 cost 0.151004911
243 284 75 93 47 52 cost 0.1456420232
325 406 0 37 42 52 cost 0.1402001216
569 651 263 301 10 21 cost 0.1399723911
81 121 75 93 57 63 cost 0.1398531602
325 406 0 37 31 42 cost 0.1384703147
243 284 75 93 31 36 cost 0.1355307112
528 569 112 131 68 73 cost 0.1346739305
81 121 75 93 52 57 cost 0.1344426543
162 243 187 225 0 10 cost 0.1339447226
569 651 112 150 31 42 cost 0.1333602466
610 651 206 225 36 42 cost 0.1328155436
610 651 225 244 47 52 cost 0.1316742339
610 651 225 244 57 63 cost 0.131324872
610 651 206 225 47 52 cost 0.1309746732
610 651 206 225 57 63 cost 0.130684239
610 651 244 263 47 52 cost 0.1287231701
610 651 244 263 57 63 cost 0.1282968663
610 651 225 244 52 57 cost 0.1282786121
610 651 187 206 36 42 cost 0.1280720927
610 651 206 225 52 57 cost 0.1276420245
610 651 187 206 47 52 cost 0.126420438
610 651 225 244 42 47 cost 0.1263828254
610 651 187 206 57 63 cost 0.126316584
528 569 75 93 42 47 cost 0.1260101344
610 651 206 225 42 47 cost 0.125669262
528 569 75 93 47 52 cost 0.1255060044
610 651 244 263 52 57 cost 0.1253973777
610 651 244 263 42 47 cost 0.1235184099
610 651 187 206 52 57 cost 0.123382027
610 651 187 206 42 47 cost 0.1210760926
528 569 75 93 52 57 cost 0.1173191741
569 651 112 150 63 73 cost 0.1161357106
325 406 0 37 52 63 cost 0.1142927999
610 651 206 225 63 68 cost 0.1122814062
528 569 75 93 57 63 cost 0.10964057
610 651 187 206 63 68 cost 0.108588929
488 569 263 301 0 10 cost 0.1061857594
0 81 75 112 21 31 cost 0.1001637141
610 651 206 225 31 36 cost 0.0990069243
610 651 187 206 31 36 cost 0.0956132563
0 81 75 112 73 84 cost 0.0940708499
610 651 206 225 68 73 cost 0.0903722512
610 651 187 206 68 73 cost 0.0876578006
569 651 112 150 21 31 cost 0.084821167
569 651 263 301 0 10 cost 0.0776442188
0 81 75 112 10 21 cost 0.0750269921
325 406 0 37 21 31 cost 0.0685413882
569 651 112 150 73 84 cost 0.0665440067
569 651 112 150 10 21 cost 0.0554480746
569 651 0 37 52 63 cost 0.045178649
569 651 0 37 42 52 cost 0.0445237461
0 81 75 112 0 10 cost 0.0427758864
325 406 0 37 63 73 cost 0.0407274882
569 651 0 37 31 42 cost 0.0337173804
569 651 112 150 0 10 cost 0.027915576
325 406 0 37 73 84 cost 0.0162418475
569 651 0 37 21 31 cost 0.0156565995
0 162 0 75 42 63 cost 0.0080894611
0 162 0 75 21 42 cost 0.0066207771
569 651 75 112 52 63 cost 0.0061860374
569 651 75 112 42 52 cost 0.0061336239
569 651 75 112 31 42 cost 0.0049407412
569 651 75 112 63 73 cost 0.004241774
0 162 0 75 63 84 cost 0.0036397967
569 651 75 112 21 31 cost 0.0029428901
0 162 0 75 0 21 cost 0.0025122181
569 651 75 112 73 84 cost 0.002126912
569 651 75 112 10 21 cost 0.0017457328
569 651 75 112 0 10 cost 0.0009196911
569 651 37 75 52 63 cost 0.0003900649
569 651 37 75 42 52 cost 0.0003398004
569 651 37 75 31 42 cost 0.0001208625
569 651 37 75 21 31 cost 1.3381e-05
partitioning time: 284.741309 seconds
