hostname : cph-c61.uncc.edu
bounding: [-130;-65]x[20;50]x[5875;5958]
read 588189 observations
res: 0.5 0.5 1 bw: 1 1 3
box size: 131 x 61 x 84
nbparts: 64
solution: 0.0339021801 in 64 boxes.
naive: 0.4197653131 speedup:12.38166135
sumload:0.4829766743 overhead:1.150587386
65 98 30 45 42 63 cost 0.0339021801
98 131 30 45 21 42 cost 0.0272909234
65 98 15 30 21 42 cost 0.0256889232
98 131 30 45 63 84 cost 0.0250363146
0 65 0 30 0 42 cost 0.0246528115
65 98 30 45 21 42 cost 0.0230739655
0 65 30 61 0 42 cost 0.0204395798
65 98 30 45 63 84 cost 0.0178518064
0 32 15 30 42 63 cost 0.0159265841
65 98 15 30 63 84 cost 0.0156929021
98 114 37 45 52 63 cost 0.0148798501
98 114 37 45 42 52 cost 0.0147092767
0 32 30 45 42 63 cost 0.0142929727
32 65 15 30 42 63 cost 0.0126628918
98 131 30 45 0 21 cost 0.0114640602
65 98 30 45 0 21 cost 0.0096115592
65 98 15 30 0 21 cost 0.0090717029
65 98 45 61 42 63 cost 0.0090119087
0 32 45 61 42 63 cost 0.0073367017
81 98 22 30 42 52 cost 0.007157886
32 65 30 45 42 63 cost 0.0067986735
0 32 15 30 63 84 cost 0.0066771831
81 98 22 30 52 63 cost 0.0066112735
65 98 45 61 21 42 cost 0.0065987049
65 81 15 22 42 52 cost 0.0064675518
0 32 30 45 63 84 cost 0.0064331497
65 81 22 30 42 52 cost 0.005750787
65 98 45 61 63 84 cost 0.0056192336
98 114 30 37 52 63 cost 0.005586381
98 131 15 30 42 63 cost 0.0055544708
81 98 15 22 42 52 cost 0.0051407663
98 114 30 37 42 52 cost 0.0050636422
0 32 45 61 63 84 cost 0.0050515109
65 98 0 15 42 63 cost 0.0047191711
98 131 45 61 42 63 cost 0.0046217317
98 131 0 15 42 63 cost 0.0040044464
81 98 15 22 52 63 cost 0.0040031482
32 65 15 30 63 84 cost 0.0039149162
65 81 15 22 52 63 cost 0.0037586717
98 131 45 61 21 42 cost 0.0032965947
98 131 15 30 21 42 cost 0.0032845842
65 81 22 30 52 63 cost 0.0032174137
32 65 30 45 63 84 cost 0.0030964344
65 98 0 15 21 42 cost 0.0030501699
114 131 37 45 42 52 cost 0.0029693086
98 131 45 61 63 84 cost 0.0028793284
65 98 45 61 0 21 cost 0.002868465
114 131 37 45 52 63 cost 0.0027351045
98 131 0 15 21 42 cost 0.0024788563
98 131 15 30 63 84 cost 0.0021432723
98 131 45 61 0 21 cost 0.0014748068
65 98 0 15 63 84 cost 0.0013831857
98 131 0 15 63 84 cost 0.0011770676
32 65 0 15 42 63 cost 0.0010745847
98 131 15 30 0 21 cost 0.0010284437
65 98 0 15 0 21 cost 0.0007893195
32 65 45 61 42 63 cost 0.0006861592
98 131 0 15 0 21 cost 0.000646244
32 65 45 61 63 84 cost 0.0004059305
32 65 0 15 63 84 cost 0.0001584422
114 131 30 37 42 52 cost 8.263e-07
0 32 0 15 63 84 cost 8.14e-07
0 32 0 15 42 63 cost 7.221e-07
114 131 30 37 52 63 cost 3.817e-07
partitioning time: 5.740729 seconds
