hostname : cph-gpu3.uncc.edu
bounding: [1053872.965;1068485.726]x[860186.8419;879395.9741]x[3;730]
read 11056 observations
res: 50 50 1 bw: 2500 2500 14
box size: 294 x 386 x 728
nbparts: 16
max states: 8000
mem: 0.0007152557373 GB (this is an order of magnitude)
9171 states processed
solution: 1.104822187 in 16 boxes.
naive: 8.268027147 speedup:7.483581742
sumload:9.054745976 overhead:1.095151941
0 256 0 256 32 64 cost 1.104822187
0 256 0 256 64 96 cost 0.9687919143
0 294 0 386 0 32 cost 0.7891336062
0 294 0 256 96 128 cost 0.6923539028
0 294 0 256 192 256 cost 0.6622666284
0 294 0 386 512 728 cost 0.6284774456
0 294 0 386 160 192 cost 0.6172513087
0 294 0 386 352 512 cost 0.6067028148
0 294 0 256 256 352 cost 0.5825867073
0 294 0 256 128 160 cost 0.5745352628
0 294 256 386 192 352 cost 0.4664432461
0 294 256 386 96 160 cost 0.4299959036
0 256 256 386 32 64 cost 0.4270558019
0 256 256 386 64 96 cost 0.3244476268
256 294 0 386 32 64 cost 0.0983515744
256 294 0 386 64 96 cost 0.0815300455
partitioning time: 0.863795 seconds
