hostname : cph-c27.uncc.edu
bounding: [1053872.965;1068485.726]x[860186.8419;879395.9741]x[3;730]
read 11056 observations
res: 50 50 1 bw: 100 100 1
box size: 294 x 386 x 728
nbparts: 32
max states: 49391872
mem: 4.415977478 GB (this is an order of magnitude)
9381789 states processed
solution: 0.0006445647 in 20 boxes.
naive: 0.0053159259 speedup:8.247311558
sumload:0.0053295862 overhead:1.002569693
0 160 160 224 0 256 cost 0.0006445647
0 160 224 288 0 728 cost 0.0006361083
224 294 0 288 0 448 cost 0.0006148353
0 224 0 224 256 728 cost 0.0006051891
160 294 288 386 0 384 cost 0.0005928546
160 224 224 288 0 728 cost 0.0005475186
160 224 160 224 0 256 cost 0.0005184294
0 128 64 160 0 256 cost 0.0005108577
128 224 64 160 0 256 cost 0.0003848379
96 294 288 386 384 704 cost 0.0001100037
96 160 288 386 0 192 cost 6.19765e-05
224 294 0 288 448 728 cost 5.63766e-05
96 160 288 386 192 384 cost 1.90683e-05
0 224 0 64 0 256 cost 1.48149e-05
160 294 288 386 704 728 cost 6.1914e-06
0 32 288 386 0 728 cost 3.9267e-06
128 160 288 386 704 728 cost 2.0325e-06
64 96 288 386 0 728 cost 0
32 64 288 386 0 728 cost 0
96 128 288 386 704 728 cost 0
partitioning time: 3794.659858 seconds
