hostname : cph-c50.uncc.edu
bounding: [1053872.965;1068485.726]x[860186.8419;879395.9741]x[3;730]
read 11056 observations
res: 50 50 1 bw: 2500 2500 14
box size: 294 x 386 x 728
nbparts: 16
max states: 2000
mem: 0.0001788139343 GB (this is an order of magnitude)
3038 states processed
solution: 1.528204205 in 16 boxes.
naive: 8.268027147 speedup:5.410289489
sumload:8.696028353 overhead:1.05176582
0 256 0 256 64 128 cost 1.528204205
0 256 0 256 0 64 cost 1.523242284
0 256 0 256 128 192 cost 0.9001006662
0 256 0 256 192 256 cost 0.6200553154
0 256 256 386 0 64 cost 0.5952818831
0 294 256 386 256 728 cost 0.5852393584
0 294 0 256 448 728 cost 0.5606686645
0 256 256 386 64 128 cost 0.5150374978
0 294 0 256 320 448 cost 0.4652542358
0 294 0 256 256 320 cost 0.4427529805
0 256 256 386 128 192 cost 0.3219655283
0 256 256 386 192 256 cost 0.2210952189
256 294 0 386 64 128 cost 0.1351290936
256 294 0 386 0 64 cost 0.1325516365
256 294 0 386 128 192 cost 0.0829842887
256 294 0 386 192 256 cost 0.0664654954
partitioning time: 0.436533 seconds
