hostname : cph-gpu1.uncc.edu
bounding: [1053872.965;1068485.726]x[860186.8419;879395.9741]x[3;730]
read 11056 observations
res: 100 100 1 bw: 250 250 1
box size: 148 x 194 x 728
nbparts: 16
max load allowed: 0.001921877156
max states: 1366272
mem: 0.1221542358 GB (this is an order of magnitude)
34610 states processed
solution: 0.0019216118 in 15 boxes.
naive: 0.0102500115 speedup:5.334069816
sumload:0.0102932626 overhead:1.004219615
0 64 32 128 0 256 cost 0.0019216118
64 96 96 160 0 448 cost 0.0018894172
96 148 0 128 0 384 cost 0.0018381693
64 96 0 96 0 728 cost 0.001572129
96 148 128 194 0 384 cost 0.0012430692
0 64 128 194 0 728 cost 0.0004205978
0 64 32 128 256 728 cost 0.0004202895
96 148 0 128 384 704 cost 0.0003283257
64 96 96 160 448 728 cost 0.0001773485
64 96 160 194 0 192 cost 0.0001573026
96 148 128 194 512 728 cost 0.0001254381
96 148 128 194 384 512 cost 9.26604e-05
64 96 160 194 192 728 cost 6.92304e-05
0 64 0 32 0 728 cost 2.43669e-05
96 148 0 128 704 728 cost 1.33062e-05
partitioning time: 47.342511 seconds
