hostname : cph-c53.uncc.edu
bounding: [1053872.965;1068485.726]x[860186.8419;879395.9741]x[3;730]
read 11056 observations
res: 100 100 1 bw: 2500 2500 1
box size: 148 x 194 x 728
nbparts: 32
mem: 0.2443084717 GB (this is an order of magnitude)
40697 states processed
solution: 0.0209106523 in 32 boxes.
naive: 0.5210794803 speedup:24.91933168
sumload:0.5267523409 overhead:1.010886747
64 96 32 96 0 64 cost 0.0209106523
96 128 160 194 0 728 cost 0.0203436694
96 128 0 128 0 64 cost 0.0197933646
64 96 128 194 64 192 cost 0.0196411571
128 148 0 194 128 728 cost 0.0195723038
32 64 128 194 0 728 cost 0.0191649377
64 96 32 96 64 128 cost 0.0190628478
32 64 96 128 0 128 cost 0.0189158355
96 128 0 128 64 128 cost 0.0188663101
64 96 32 96 128 256 cost 0.018813485
96 128 128 160 128 728 cost 0.0187757654
96 128 128 160 0 128 cost 0.018648925
64 96 96 128 128 256 cost 0.0180466146
32 64 0 64 0 128 cost 0.0180103702
96 128 0 128 320 728 cost 0.0178482345
96 128 0 128 192 320 cost 0.0175027171
32 64 64 96 128 728 cost 0.0172725196
64 96 128 194 192 728 cost 0.01711611
64 96 32 96 256 728 cost 0.0169060371
32 64 96 128 128 728 cost 0.0167485201
128 148 0 194 0 128 cost 0.0165614742
64 96 96 128 256 728 cost 0.0159054323
0 32 0 96 0 728 cost 0.0148576313
64 96 96 128 0 64 cost 0.014523079
64 96 96 128 64 128 cost 0.0143610606
96 128 0 128 128 192 cost 0.0140565117
64 96 128 194 0 64 cost 0.0138822822
32 64 64 96 64 128 cost 0.0128971844
32 64 64 96 0 64 cost 0.0120504973
0 32 96 194 0 728 cost 0.0118433392
32 64 0 64 128 728 cost 0.0110753311
64 96 0 32 0 728 cost 0.0027781407
partitioning time: 23.148400 seconds
