hostname : cph-c43.uncc.edu
bounding: [1053872.965;1068485.726]x[860186.8419;879395.9741]x[3;730]
read 11056 observations
res: 50 50 1 bw: 2500 2500 14
box size: 294 x 386 x 728
nbparts: 64
max states: 5390784
mem: 0.4819736481 GB (this is an order of magnitude)
1714931 states processed
solution: 0.514405571 in 22 boxes.
naive: 8.268027147 speedup:16.07297357
sumload:8.310127045 overhead:1.005091892
192 256 256 320 0 384 cost 0.514405571
128 192 256 320 0 384 cost 0.5070105789
64 128 192 256 0 384 cost 0.4999650762
192 256 128 192 0 728 cost 0.4984745548
192 256 192 256 0 192 cost 0.4785185508
64 128 128 192 0 192 cost 0.4783084916
256 294 128 320 0 728 cost 0.4723552689
64 128 0 128 0 728 cost 0.4610812243
128 294 0 128 0 728 cost 0.4609086675
128 192 192 256 0 128 cost 0.4545634139
128 192 192 256 128 448 cost 0.4477059502
128 192 128 192 0 128 cost 0.4337199674
128 192 128 192 128 728 cost 0.4311568588
0 64 0 386 0 728 cost 0.4213535404
192 294 320 386 0 728 cost 0.3971114006
192 256 192 256 192 728 cost 0.3298660934
64 128 256 386 0 728 cost 0.3026512124
128 192 320 386 0 728 cost 0.2133518873
64 128 128 192 192 728 cost 0.1886451044
128 256 256 320 384 728 cost 0.1530381627
128 192 192 256 448 728 cost 0.0999525645
64 128 192 256 384 728 cost 0.065982905
partitioning time: 389.473735 seconds
