hostname : cph-c21.uncc.edu
bounding: [1053872.965;1068485.726]x[860186.8419;879395.9741]x[3;730]
read 11056 observations
res: 50 50 1 bw: 100 100 1
box size: 294 x 386 x 728
nbparts: 64
max states: 21563328
mem: 1.927911758 GB (this is an order of magnitude)
5525822 states processed
solution: 0.0002454892 in 41 boxes.
naive: 0.0053159259 speedup:21.65441861
sumload:0.0053562776 overhead:1.007590719
0 128 128 192 0 96 cost 0.0002454892
0 128 192 386 0 96 cost 0.0002446486
192 294 256 320 0 128 cost 0.0002432395
128 192 192 256 128 256 cost 0.0002365709
128 256 128 192 192 480 cost 0.0002364265
128 256 64 256 480 728 cost 0.0002308779
192 256 192 256 96 288 cost 0.00022941
128 192 128 192 32 96 cost 0.0002147551
192 294 320 386 0 256 cost 0.0002063019
0 128 192 386 96 256 cost 0.0002059541
128 192 256 320 0 160 cost 0.0002039508
192 256 192 256 0 96 cost 0.00019932
0 128 64 128 0 96 cost 0.0001834882
256 294 64 256 0 192 cost 0.0001783734
0 128 64 386 256 480 cost 0.0001725624
128 192 192 256 64 128 cost 0.000164992
0 128 128 192 96 256 cost 0.0001600621
128 294 256 386 384 704 cost 0.0001575834
128 256 64 128 0 256 cost 0.0001535715
128 192 192 256 0 64 cost 0.0001507139
128 192 128 192 96 192 cost 0.0001461915
192 256 128 192 0 192 cost 0.0001446057
0 128 64 128 96 256 cost 0.0001252658
128 192 192 256 256 480 cost 0.0001220413
128 192 256 386 160 288 cost 9.38325e-05
256 294 64 256 192 448 cost 9.2553e-05
192 294 256 320 128 224 cost 8.804e-05
192 294 256 320 224 384 cost 8.38698e-05
192 256 192 256 288 480 cost 8.35101e-05
0 128 64 386 480 672 cost 7.82508e-05
128 192 320 386 0 160 cost 7.57938e-05
128 192 128 192 0 32 cost 4.80787e-05
128 192 256 386 288 384 cost 3.40533e-05
192 294 320 386 256 384 cost 2.6808e-05
128 256 64 128 256 480 cost 2.32929e-05
0 294 0 64 0 728 cost 2.01048e-05
0 128 64 386 672 728 cost 1.81209e-05
256 294 64 256 576 728 cost 1.26123e-05
256 294 64 256 448 576 cost 1.05186e-05
192 294 256 386 704 728 cost 6.3003e-06
128 192 256 386 704 728 cost 4.1421e-06
partitioning time: 1562.722413 seconds
