hostname : cph-gpu4.uncc.edu
bounding: [1053872.965;1068485.726]x[860186.8419;879395.9741]x[3;730]
read 11056 observations
res: 50 50 1 bw: 100 100 1
box size: 294 x 386 x 728
nbparts: 32
max load allowed: 0.0006644907375
max states: 3086976
mem: 0.2759971619 GB (this is an order of magnitude)
311497 states processed
solution: 0.0006601017 in 16 boxes.
naive: 0.0053159259 speedup:8.053192258
sumload:0.0053327026 overhead:1.003155932
160 224 128 224 0 256 cost 0.0006601017
224 294 160 288 0 728 cost 0.0006517446
0 160 160 224 0 256 cost 0.0006445647
0 160 224 288 0 728 cost 0.0006361083
0 160 96 160 0 256 cost 0.0006025593
160 224 224 288 0 728 cost 0.0005475186
160 224 288 386 0 728 cost 0.0004450467
160 224 128 224 256 728 cost 0.0002610279
224 294 288 386 0 512 cost 0.0002338806
0 160 160 224 256 728 cost 0.0001841715
0 160 0 96 0 728 cost 0.0001391781
0 160 96 160 256 728 cost 0.0001238976
0 160 288 386 0 728 cost 9.67786e-05
160 224 0 128 0 728 cost 6.46398e-05
224 294 288 386 512 728 cost 2.19378e-05
224 294 0 160 0 728 cost 1.95468e-05
partitioning time: 80.913827 seconds
