hostname : cph-c14.uncc.edu
bounding: [1053872.965;1068485.726]x[860186.8419;879395.9741]x[3;730]
read 11056 observations
res: 100 100 1 bw: 2500 2500 1
box size: 148 x 194 x 728
nbparts: 16
solution: 0.0816596019 in 22 boxes.
naive: 0.5210794803 speedup:6.381117078
sumload:0.5219815231 overhead:1.001731104
74 148 0 97 0 364 cost 0.0816596019
0 74 97 194 0 364 cost 0.0816450751
74 111 97 145 0 182 cost 0.0593829542
37 74 48 97 0 182 cost 0.0541247594
74 148 97 194 364 728 cost 0.0335234687
111 148 97 145 0 182 cost 0.0309409083
74 111 145 194 0 182 cost 0.0260590693
74 111 97 145 182 364 cost 0.0238218387
111 148 145 194 0 182 cost 0.0158807666
74 148 0 97 364 728 cost 0.0148510985
37 74 48 97 182 364 cost 0.0139731692
0 37 48 97 0 182 cost 0.0135491614
111 148 97 145 182 364 cost 0.0128547491
0 74 0 97 364 728 cost 0.0126516161
37 74 0 48 0 182 cost 0.012154273
0 74 97 194 364 728 cost 0.011846782
74 111 145 194 182 364 cost 0.0082025847
111 148 145 194 182 364 cost 0.0055301721
0 37 0 48 0 182 cost 0.0031826459
0 37 48 97 182 364 cost 0.0029444618
37 74 0 48 182 364 cost 0.0025849524
0 37 0 48 182 364 cost 0.0006174147
partitioning time: 0.057646 seconds
