hostname : cph-c41.uncc.edu
bounding: [1053872.965;1068485.726]x[860186.8419;879395.9741]x[3;730]
read 11056 observations
res: 100 100 1 bw: 500 500 7
box size: 148 x 194 x 728
nbparts: 64
max states: 297728
mem: 0.02661895752 GB (this is an order of magnitude)
45988 states processed
solution: 0.0059890711 in 40 boxes.
naive: 0.0609225435 speedup:10.1722859
sumload:0.063829587 overhead:1.047717041
64 128 64 128 0 64 cost 0.0059890711
64 128 64 128 64 128 cost 0.0058576234
0 64 64 194 128 728 cost 0.0052726401
64 128 64 128 128 192 cost 0.0042724335
64 128 128 194 0 64 cost 0.0041004771
0 148 0 64 0 128 cost 0.0040338814
0 64 64 194 64 128 cost 0.0038686414
0 64 64 194 0 64 cost 0.0035536667
64 128 128 194 64 128 cost 0.003199859
64 128 64 128 192 256 cost 0.0031934031
0 148 0 64 128 728 cost 0.0026074961
64 128 128 194 128 192 cost 0.0019925403
64 128 64 128 256 320 cost 0.0019566677
64 128 128 194 192 256 cost 0.001327335
64 128 64 128 320 384 cost 0.001289112
64 128 128 194 256 320 cost 0.0010481874
64 128 64 128 384 448 cost 0.0010086275
128 148 64 194 64 128 cost 0.0009936489
64 128 64 128 576 640 cost 0.0008231692
64 128 64 128 512 576 cost 0.0007706099
128 148 64 194 0 64 cost 0.0007654607
64 128 128 194 576 728 cost 0.0007597953
64 128 64 128 640 728 cost 0.0006757477
64 128 128 194 320 384 cost 0.0006620381
64 148 64 128 448 512 cost 0.0006221014
128 148 64 194 128 192 cost 0.0005525431
64 128 128 194 384 448 cost 0.0005075003
128 148 64 194 256 320 cost 0.0004203668
128 148 64 194 192 256 cost 0.0004134386
64 128 128 194 512 576 cost 0.0003830374
64 148 128 194 448 512 cost 0.0003114826
128 148 64 194 320 384 cost 0.0001975947
128 148 64 194 384 448 cost 0.0001530881
128 148 64 194 512 576 cost 7.67076e-05
128 148 64 128 576 640 cost 7.09596e-05
128 148 64 128 640 704 cost 6.16156e-05
128 148 64 128 704 728 cost 1.52759e-05
128 148 128 194 576 640 cost 1.12448e-05
128 148 128 194 704 728 cost 5.806e-06
128 148 128 194 640 704 cost 4.6919e-06
partitioning time: 6.526067 seconds
