hostname : cph-c12.uncc.edu
bounding: [1053872.965;1068485.726]x[860186.8419;879395.9741]x[3;730]
read 11056 observations
res: 50 50 1 bw: 100 100 1
box size: 294 x 386 x 728
nbparts: 16
max states: 1347696
mem: 0.120493412 GB (this is an order of magnitude)
307799 states processed
solution: 0.0009924027 in 15 boxes.
naive: 0.0053159259 speedup:5.356621763
sumload:0.005329637 overhead:1.00257925
0 128 64 256 0 256 cost 0.0009924027
128 256 192 256 0 256 cost 0.0009478338
0 256 64 256 256 728 cost 0.0008314931
128 256 64 192 0 256 cost 0.000805842
192 294 256 386 0 384 cost 0.0006453126
0 192 256 386 0 384 cost 0.00060069
0 294 256 386 384 704 cost 0.0001804965
256 294 64 256 0 192 cost 0.0001783734
256 294 64 256 192 448 cost 9.2553e-05
0 294 0 64 0 728 cost 2.01048e-05
256 294 64 256 576 728 cost 1.26123e-05
256 294 64 256 448 576 cost 1.05186e-05
192 294 256 386 704 728 cost 6.3003e-06
128 192 256 386 704 728 cost 4.1421e-06
0 128 256 386 704 728 cost 9.618e-07
partitioning time: 45.634526 seconds
