hostname : cph-c35.uncc.edu
bounding: [-130;-65]x[20;50]x[5875;5958]
read 588189 observations
res: 0.1 0.1 1 bw: 2.5 2.5 7
box size: 651 x 301 x 84
nbparts: 32
max states: 1979648
mem: 0.1769943237 GB (this is an order of magnitude)
884634 states processed
solution: 4.035928673 in 21 boxes.
naive: 67.21899211 speedup:16.65514868
sumload:67.30541668 overhead:1.001285717
128 192 0 224 0 84 cost 4.035928673
416 651 0 96 0 84 cost 4.031512627
96 128 0 224 0 84 cost 3.905646955
448 480 160 301 0 84 cost 3.895969174
288 384 96 128 0 84 cost 3.796315344
288 416 192 301 0 84 cost 3.788922036
512 576 160 192 0 84 cost 3.610071268
448 576 128 160 0 84 cost 3.456863953
288 384 128 192 0 84 cost 3.390341568
544 576 192 224 0 84 cost 3.386928911
384 651 96 128 0 84 cost 3.377211692
480 512 160 301 0 84 cost 3.340743301
384 448 128 192 0 84 cost 3.253904781
512 544 192 301 0 84 cost 2.977857635
416 448 192 301 0 84 cost 2.866258236
0 96 0 224 0 84 cost 2.693143066
288 416 0 96 0 84 cost 2.64505455
192 288 0 301 0 84 cost 2.616197232
0 192 224 301 0 84 cost 2.583505122
576 651 128 301 0 84 cost 2.52032985
544 576 224 301 0 84 cost 1.13271071
partitioning time: 6903.344881 seconds
