hostname : cph-gpu1.uncc.edu
bounding: [1053872.965;1068485.726]x[860186.8419;879395.9741]x[3;730]
read 11056 observations
res: 100 100 1 bw: 500 500 7
box size: 148 x 194 x 728
nbparts: 32
max load allowed: 0.005711488453
max states: 10930912
mem: 0.9772996902 GB (this is an order of magnitude)
139190 states processed
solution: 0.0057084779 in 16 boxes.
naive: 0.0609225435 speedup:10.67229208
sumload:0.0615877885 overhead:1.010919521
0 64 96 194 0 352 cost 0.0057084779
0 64 64 96 0 480 cost 0.005438065
64 96 64 96 0 256 cost 0.0054335938
64 96 128 194 0 728 cost 0.005324648
96 148 128 160 0 728 cost 0.0052889026
96 148 96 128 0 192 cost 0.0051624197
64 96 96 128 128 728 cost 0.0048259958
0 64 0 64 0 728 cost 0.0043739269
96 148 0 96 0 728 cost 0.0041950516
96 148 96 128 192 728 cost 0.0037256548
64 96 96 128 0 128 cost 0.0036134542
96 148 160 194 0 728 cost 0.0033605137
64 96 0 64 0 728 cost 0.0022048834
64 96 64 96 256 728 cost 0.0017309092
0 64 96 194 352 728 cost 0.0007912734
0 64 64 96 480 728 cost 0.0004100185
partitioning time: 359.010516 seconds
