hostname : cph-c12.uncc.edu
bounding: [-130;-65]x[20;50]x[5875;5958]
read 588189 observations
res: 0.1 0.1 1 bw: 5 5 14
box size: 651 x 301 x 84
nbparts: 32
max states: 123712
mem: 0.01106071472 GB (this is an order of magnitude)
238878 states processed
solution: 16.0018798 in 32 boxes.
naive: 430.2508241 speedup:26.88751757
sumload:430.8092595 overhead:1.00129793
448 512 192 224 0 84 cost 16.0018798
416 512 224 256 0 84 cost 15.96592185
192 384 192 256 0 84 cost 15.9499158
64 160 192 301 0 84 cost 15.87581489
192 651 256 301 0 84 cost 15.31527225
64 160 128 160 0 84 cost 15.23914191
64 160 160 192 0 84 cost 14.94739262
544 651 160 192 0 84 cost 14.90704253
512 576 224 256 0 84 cost 14.87357702
352 384 64 160 0 84 cost 14.81893627
416 448 160 224 0 84 cost 14.66048976
576 651 192 256 0 84 cost 14.64180593
192 352 0 96 0 84 cost 14.58572964
384 416 160 256 0 84 cost 14.53897786
192 384 160 192 0 84 cost 14.47367723
192 352 96 128 0 84 cost 14.44152485
192 352 128 160 0 84 cost 14.35758439
352 651 0 64 0 84 cost 14.35701391
416 651 64 96 0 84 cost 13.90924697
64 160 0 128 0 84 cost 13.82319003
416 480 128 160 0 84 cost 13.27773906
512 651 96 160 0 84 cost 13.27370647
480 512 96 160 0 84 cost 13.09848564
416 480 96 128 0 84 cost 11.84529951
0 64 0 301 0 84 cost 10.97030545
160 192 0 301 0 84 cost 10.76118555
512 544 160 192 0 84 cost 10.74814702
384 416 64 160 0 84 cost 10.59759489
480 512 160 192 0 84 cost 10.14755908
512 544 192 224 0 84 cost 10.08514927
448 480 160 192 0 84 cost 9.187466093
544 576 192 224 0 84 cost 9.132485913
partitioning time: 2167.243451 seconds
