hostname : cph-gpu2.uncc.edu
bounding: [1053872.965;1068485.726]x[860186.8419;879395.9741]x[3;730]
read 11056 observations
res: 50 50 1 bw: 2500 2500 1
box size: 294 x 386 x 728
nbparts: 64
max load allowed: 0.09554608606
max states: 98783744
mem: 8.831954956 GB (this is an order of magnitude)
1698383 states processed
solution: 0.0952832689 in 33 boxes.
naive: 2.038316503 speedup:21.39217647
sumload:2.039822133 overhead:1.000738664
64 128 0 128 0 256 cost 0.0952832689
0 64 0 288 0 728 cost 0.0950513536
192 224 224 288 0 512 cost 0.0925561049
128 160 224 288 0 728 cost 0.0910559866
224 256 256 386 0 512 cost 0.0898842601
192 224 0 192 0 728 cost 0.0893745129
224 256 192 256 0 728 cost 0.0858608291
128 160 128 192 0 256 cost 0.0857277536
64 128 128 160 0 728 cost 0.0825231415
64 128 160 192 0 728 cost 0.0810520526
256 294 0 256 0 728 cost 0.0807722379
160 192 256 320 0 728 cost 0.0807159033
192 224 288 386 0 728 cost 0.0804398058
64 128 192 224 0 728 cost 0.0750741658
160 192 0 160 0 728 cost 0.074929985
64 128 256 386 0 728 cost 0.0745388887
160 192 192 224 0 728 cost 0.0689380822
64 128 224 256 0 728 cost 0.0639959047
128 160 192 224 0 728 cost 0.0625049262
160 192 224 256 0 728 cost 0.0599018619
128 160 0 128 0 728 cost 0.0591205094
160 192 160 192 0 728 cost 0.058695339
192 224 192 224 0 728 cost 0.0579957204
256 294 256 386 0 728 cost 0.0556487121
224 256 0 192 0 728 cost 0.0532453009
128 160 288 386 0 728 cost 0.0407773101
160 192 320 386 0 728 cost 0.0357449256
128 160 128 192 256 728 cost 0.0250462089
64 128 0 128 256 728 cost 0.0182323742
224 256 256 386 512 728 cost 0.0083921533
0 64 288 386 0 512 cost 0.008265849
192 224 224 288 512 728 cost 0.008209655
0 64 288 386 512 728 cost 0.0002670501
partitioning time: 2470.175459 seconds
