hostname : cph-gpu3.uncc.edu
bounding: [1053872.965;1068485.726]x[860186.8419;879395.9741]x[3;730]
read 11056 observations
res: 50 50 1 bw: 2500 2500 14
box size: 294 x 386 x 728
nbparts: 64
max states: 395135104
mem: 35.32783127 GB (this is an order of magnitude)
33834088 states processed
solution: 0.1427432506 in 64 boxes.
naive: 8.268027147 speedup:57.9223684
sumload:8.449394224 overhead:1.021935956
0 128 224 288 0 64 cost 0.1427432506
160 224 288 386 96 192 cost 0.1424952785
192 224 160 192 0 288 cost 0.1418604332
192 224 288 386 0 96 cost 0.1418304468
160 294 288 386 192 288 cost 0.1414756404
0 294 192 288 480 576 cost 0.1410960926
192 256 224 256 0 96 cost 0.1409649203
96 128 192 224 0 224 cost 0.1408685644
0 160 224 288 224 352 cost 0.1401397492
256 294 192 288 128 480 cost 0.1401240087
128 224 160 192 288 672 cost 0.1400608321
192 224 192 224 0 192 cost 0.1399184345
96 160 128 160 160 672 cost 0.1398833822
192 256 224 288 160 256 cost 0.1392636952
128 160 224 288 0 96 cost 0.138989006
0 128 288 386 0 288 cost 0.1388056248
0 192 192 288 352 480 cost 0.1387672341
224 294 320 386 0 192 cost 0.138376551
192 256 0 160 128 672 cost 0.1383519139
0 192 192 224 224 352 cost 0.1380350362
128 160 96 128 0 672 cost 0.1376096175
128 160 160 192 64 288 cost 0.1358475266
0 96 160 192 0 160 cost 0.1356384781
192 256 256 288 0 96 cost 0.1355116115
160 192 224 288 160 352 cost 0.1353583604
256 294 192 288 0 128 cost 0.1353253934
96 192 0 96 0 96 cost 0.1350222185
64 96 128 160 0 672 cost 0.1347990338
96 128 128 160 0 160 cost 0.1344051907
96 192 0 96 96 672 cost 0.1340571056
0 294 192 288 576 672 cost 0.1336874907
160 192 96 160 0 128 cost 0.1336711209
192 256 224 288 96 160 cost 0.1334645001
160 192 160 192 64 288 cost 0.1327283366
0 294 288 320 288 672 cost 0.1325368064
192 256 224 288 256 480 cost 0.1320618443
96 128 160 192 0 160 cost 0.1319531428
128 160 288 386 0 288 cost 0.1319392381
128 160 128 160 0 160 cost 0.1318809065
192 256 192 224 192 480 cost 0.1311088931
224 256 160 192 0 672 cost 0.1310794999
160 192 224 256 0 160 cost 0.1306544158
0 294 0 386 672 728 cost 0.1304596412
0 96 0 96 0 672 cost 0.1300940492
0 128 160 192 160 672 cost 0.1299167767
96 128 224 288 64 224 cost 0.1292522677
0 294 320 386 288 672 cost 0.1282794185
64 128 96 128 0 96 cost 0.128085762
0 96 192 224 0 224 cost 0.1277421167
128 192 192 224 128 224 cost 0.1262058459
160 192 192 224 0 128 cost 0.1258463493
0 96 224 288 64 224 cost 0.1251313223
64 128 96 128 96 672 cost 0.1247336558
128 160 224 288 96 224 cost 0.1245099322
160 192 288 386 0 96 cost 0.1243333677
128 192 160 192 0 64 cost 0.123700547
160 192 96 160 128 672 cost 0.1221281188
128 160 192 224 0 128 cost 0.1215180659
0 64 96 160 0 672 cost 0.120844625
192 256 0 160 0 128 cost 0.1207086773
256 294 0 192 0 672 cost 0.1155615154
224 294 288 320 0 192 cost 0.1115149238
160 192 256 288 0 160 cost 0.1095186778
224 256 192 224 0 192 cost 0.1049177417
partitioning time: 7177.125140 seconds
