hostname : cph-c36.uncc.edu
bounding: [1053872.965;1068485.726]x[860186.8419;879395.9741]x[3;730]
read 11056 observations
res: 50 50 1 bw: 2500 2500 1
box size: 294 x 386 x 728
nbparts: 64
max load allowed: 0.1273947814
max states: 5390784
mem: 0.4819736481 GB (this is an order of magnitude)
175996 states processed
solution: 0.1267555277 in 28 boxes.
naive: 2.038316503 speedup:16.08069123
sumload:2.042264761 overhead:1.001937019
192 256 256 320 0 384 cost 0.1267555277
128 192 256 320 0 384 cost 0.1248617543
192 256 128 192 0 728 cost 0.1227325316
192 256 192 256 0 192 cost 0.1181619015
64 128 128 192 0 192 cost 0.1180544246
256 294 0 320 0 704 cost 0.1169277759
64 128 0 128 0 728 cost 0.1134942111
128 192 192 256 128 512 cost 0.1134764399
128 192 192 256 0 128 cost 0.1117058246
64 128 192 256 0 256 cost 0.1086931161
128 192 128 192 0 128 cost 0.1063958586
128 192 128 192 128 728 cost 0.1053898207
0 64 0 386 0 728 cost 0.1035784492
128 192 0 128 0 728 cost 0.0927100361
192 256 192 256 192 728 cost 0.0801256498
64 128 256 386 0 728 cost 0.0745388887
192 256 320 386 0 384 cost 0.0664528211
128 192 320 386 0 728 cost 0.052734528
64 128 128 192 192 728 cost 0.0457909755
64 128 192 256 256 728 cost 0.0304091719
192 256 0 128 0 728 cost 0.0198690767
128 192 192 256 512 728 cost 0.0198453492
192 256 256 320 384 728 cost 0.0193749319
128 192 256 320 384 728 cost 0.0179286063
256 294 320 386 0 512 cost 0.0170960849
192 256 320 386 384 728 cost 0.0127719671
256 294 320 386 512 728 cost 0.0018055627
256 294 0 320 704 728 cost 0.0005834758
partitioning time: 259.151795 seconds
