hostname : cph-c19.uncc.edu
bounding: [-130;-65]x[20;50]x[5875;5958]
read 588189 observations
res: 0.1 0.1 1 bw: 1 1 3
box size: 651 x 301 x 84
nbparts: 1024
solution: 0.0370402237 in 1030 boxes.
naive: 7.046724289 speedup:190.2451871
sumload:10.26124151 overhead:1.456171846
488 569 112 150 42 52 cost 0.0370402237
406 488 150 187 73 84 cost 0.036942408
121 162 131 150 57 63 cost 0.0368629805
325 406 75 112 73 84 cost 0.0366754974
488 651 75 150 63 84 cost 0.0366614979
569 651 187 225 31 42 cost 0.0366492211
488 569 37 75 52 63 cost 0.0362947364
162 243 112 150 52 63 cost 0.0361624684
0 81 150 187 52 63 cost 0.0360080267
406 488 225 263 63 73 cost 0.0359185506
488 569 112 150 52 63 cost 0.0357846911
528 569 206 225 78 84 cost 0.0356710664
528 569 206 225 63 68 cost 0.0355161903
406 488 150 187 21 31 cost 0.035408484
325 406 187 225 52 63 cost 0.035338682
528 569 206 225 31 36 cost 0.0352518266
325 406 150 187 52 63 cost 0.0350944468
81 162 150 187 63 73 cost 0.0350200676
406 488 112 150 73 84 cost 0.0344477951
528 569 187 206 26 31 cost 0.0334912129
81 121 131 150 42 47 cost 0.0331157397
406 447 206 225 47 52 cost 0.0331140301
325 406 75 112 10 21 cost 0.0330641045
447 488 131 150 47 52 cost 0.031792822
325 365 112 131 36 42 cost 0.0311351295
406 447 206 225 52 57 cost 0.0310659962
528 569 206 225 68 73 cost 0.0303516688
162 243 112 150 21 31 cost 0.0303227238
569 651 187 225 63 73 cost 0.0298164834
325 406 112 150 63 73 cost 0.0296791593
569 651 187 225 73 84 cost 0.0293195156
406 447 206 225 57 63 cost 0.0292251583
447 488 131 150 52 57 cost 0.029042827
488 569 150 187 10 21 cost 0.0287378069
406 488 75 112 21 31 cost 0.0287261122
0 162 225 301 0 21 cost 0.028593552
406 488 37 75 42 52 cost 0.0285717724
406 447 206 225 42 47 cost 0.0282768614
447 488 131 150 57 63 cost 0.0282050725
0 81 150 187 42 52 cost 0.0281671463
121 162 131 150 42 47 cost 0.0279909791
406 447 206 225 36 42 cost 0.0279678679
325 365 112 131 42 47 cost 0.0279021253
447 488 131 150 42 47 cost 0.0276224266
325 406 225 263 42 52 cost 0.0274343864
488 569 112 150 31 42 cost 0.0273525767
81 121 131 150 63 68 cost 0.0269683376
447 488 206 225 47 52 cost 0.026528059
548 569 196 206 49 52 cost 0.0262612555
569 610 206 225 47 52 cost 0.0262383234
447 488 206 225 52 57 cost 0.0260346519
325 365 93 112 31 36 cost 0.0258850871
325 406 112 150 10 21 cost 0.0256828744
528 569 187 206 21 26 cost 0.0256159145
325 365 93 112 52 57 cost 0.0255812099
447 488 206 225 57 63 cost 0.025565775
162 325 150 225 0 21 cost 0.0255567436
81 162 150 187 21 31 cost 0.0255271093
81 162 112 150 0 10 cost 0.0254168435
0 81 225 263 52 63 cost 0.025389012
325 406 225 263 31 42 cost 0.0253508479
406 488 225 263 21 31 cost 0.0252300315
406 488 112 150 10 21 cost 0.0252283741
528 569 206 225 26 31 cost 0.0251136433
548 569 206 215 49 52 cost 0.0248235781
528 569 187 206 15 21 cost 0.0248143521
325 406 112 150 73 84 cost 0.0246570619
569 651 225 263 42 52 cost 0.0245346039
81 121 131 150 36 42 cost 0.0244852801
406 488 225 263 73 84 cost 0.024315645
325 406 225 263 52 63 cost 0.0242647556
447 488 187 206 47 52 cost 0.0241640778
243 325 75 112 52 63 cost 0.0238567878
0 81 263 301 52 63 cost 0.023827925
406 488 37 75 52 63 cost 0.0238232179
447 488 75 93 42 47 cost 0.0238208179
447 488 75 93 47 52 cost 0.0237867957
488 528 187 206 47 52 cost 0.0236243012
406 488 37 75 31 42 cost 0.02359548
406 488 150 187 10 21 cost 0.0235802345
447 488 187 206 52 57 cost 0.0234729319
447 488 131 150 36 42 cost 0.0233753492
447 488 206 225 36 42 cost 0.0233413176
488 651 225 301 0 21 cost 0.0232955885
121 162 131 150 63 68 cost 0.0232318058
447 488 75 93 36 42 cost 0.0231389377
488 528 187 206 52 57 cost 0.0229447866
243 325 187 225 42 52 cost 0.0228610533
488 651 0 75 63 84 cost 0.0228033158
162 202 131 150 36 42 cost 0.0225424903
548 569 196 206 52 54 cost 0.0224403324
488 528 56 75 42 47 cost 0.0223451436
488 528 150 168 52 57 cost 0.0222217177
569 651 225 263 52 63 cost 0.0222130657
447 488 206 225 42 47 cost 0.0222107213
406 447 206 225 63 68 cost 0.0221226953
488 528 56 75 47 52 cost 0.0218963404
81 162 150 187 73 84 cost 0.0218189226
81 121 168 187 52 57 cost 0.0218121062
548 569 196 206 39 42 cost 0.0217645261
569 610 206 225 52 57 cost 0.0215786474
81 162 150 187 10 21 cost 0.0215730646
548 569 196 206 54 57 cost 0.0215714666
243 325 150 187 42 52 cost 0.0215362931
447 488 131 150 63 68 cost 0.021513534
0 81 150 187 63 73 cost 0.021497685
488 528 150 168 47 52 cost 0.0214004913
569 651 187 225 21 31 cost 0.021382701
325 365 112 131 47 52 cost 0.0213578537
569 610 206 225 42 47 cost 0.0212674564
0 81 263 301 63 73 cost 0.0212212581
488 528 187 206 36 42 cost 0.0210036218
548 569 206 215 52 54 cost 0.0209968009
488 569 75 112 42 52 cost 0.0208987788
447 488 187 206 57 63 cost 0.0207487991
325 406 75 112 0 10 cost 0.0207204497
548 569 196 206 36 39 cost 0.020639932
162 202 131 150 42 47 cost 0.0205925893
81 121 168 187 47 52 cost 0.0205469182
406 447 206 225 31 36 cost 0.0205157472
548 569 206 215 39 42 cost 0.020422956
325 365 112 131 31 36 cost 0.0203939735
284 325 93 112 42 47 cost 0.020357647
447 488 187 206 42 47 cost 0.02032517
548 569 196 206 57 60 cost 0.0202789318
0 81 225 263 42 52 cost 0.0202330109
488 528 187 206 42 47 cost 0.0202128983
548 569 196 206 47 49 cost 0.0202007778
325 406 187 225 21 31 cost 0.0201860117
548 569 196 206 44 47 cost 0.0201327617
121 162 131 150 36 42 cost 0.0200779091
284 325 93 112 36 42 cost 0.0200613871
447 488 187 206 36 42 cost 0.020040276
81 121 168 187 57 63 cost 0.019921156
569 651 225 263 31 42 cost 0.0199120293
548 569 196 206 60 63 cost 0.0198984089
488 528 56 75 36 42 cost 0.0198818832
548 569 206 215 54 57 cost 0.0198675944
488 528 150 168 57 63 cost 0.0198569063
325 365 131 150 36 42 cost 0.0197946324
447 488 75 93 52 57 cost 0.0197938368
447 488 206 225 31 36 cost 0.0196291608
447 488 206 225 63 68 cost 0.0195887813
548 569 196 206 78 81 cost 0.0195480543
548 569 206 215 47 49 cost 0.0194893937
548 569 196 206 75 78 cost 0.0193718792
548 569 206 215 44 47 cost 0.0193346546
243 325 187 225 52 63 cost 0.0193239591
243 325 112 150 52 63 cost 0.0192475489
406 488 75 112 73 84 cost 0.01923017
488 528 187 206 57 63 cost 0.0191891721
548 569 206 215 36 39 cost 0.0191292631
406 447 206 225 73 78 cost 0.0191155221
488 569 225 263 42 52 cost 0.0191018494
101 121 140 150 49 52 cost 0.0190183986
548 569 206 215 57 60 cost 0.0190047201
528 569 206 225 21 26 cost 0.0189619871
548 569 206 215 75 78 cost 0.0189449187
548 569 206 215 60 63 cost 0.018848762
569 610 206 225 57 63 cost 0.0187761936
325 365 93 112 26 31 cost 0.0186504187
325 406 187 225 63 73 cost 0.0185394705
162 243 187 225 52 63 cost 0.0184368397
488 569 225 263 52 63 cost 0.0184099281
488 528 150 168 36 42 cost 0.0183743607
325 406 150 187 21 31 cost 0.0183187934
528 569 206 225 15 21 cost 0.0182888979
162 243 112 150 10 21 cost 0.0182455019
325 365 131 150 42 47 cost 0.0182321379
325 406 187 225 73 84 cost 0.0181702064
488 569 150 187 0 10 cost 0.017939798
528 569 187 206 5 10 cost 0.0178451853
406 488 112 150 0 10 cost 0.0177364095
81 121 131 150 68 73 cost 0.0177355294
243 325 150 187 31 42 cost 0.0177044541
488 528 150 168 42 47 cost 0.0177011122
284 325 93 112 47 52 cost 0.0176996403
528 569 168 187 52 57 cost 0.0176735078
162 202 131 150 47 52 cost 0.0175791395
162 243 187 225 42 52 cost 0.0175773339
81 162 263 301 52 63 cost 0.0175443071
325 406 150 187 63 73 cost 0.0175363267
488 651 75 150 0 21 cost 0.0175048711
101 121 140 150 54 57 cost 0.0174177634
548 569 196 206 33 36 cost 0.0174119044
406 488 225 263 10 21 cost 0.0172377236
406 488 75 112 10 21 cost 0.0171880534
101 121 131 140 49 52 cost 0.0171273592
325 365 93 112 57 63 cost 0.0171210704
488 528 168 187 52 57 cost 0.0171102048
488 569 225 263 31 42 cost 0.0170324986
0 81 263 301 42 52 cost 0.0169713568
162 325 0 75 42 63 cost 0.0169399773
406 447 206 225 68 73 cost 0.0168764388
325 488 0 75 63 84 cost 0.0168696114
528 569 168 187 47 52 cost 0.0168645661
528 569 187 206 10 15 cost 0.0168324775
81 121 131 150 31 36 cost 0.0168010602
162 202 131 150 31 36 cost 0.0167031216
488 528 187 206 31 36 cost 0.0166892738
447 488 131 150 31 36 cost 0.0165865719
447 488 131 150 68 73 cost 0.0165583971
0 81 150 187 31 42 cost 0.0165397443
243 325 112 150 21 31 cost 0.0164320763
488 528 168 187 47 52 cost 0.0164311461
488 569 75 112 31 42 cost 0.0163984747
406 488 150 187 0 10 cost 0.0162579486
528 569 168 187 57 63 cost 0.0162535904
447 488 112 131 47 52 cost 0.0161748571
548 569 196 206 42 44 cost 0.0161529726
121 141 131 140 49 52 cost 0.0161163485
548 569 196 206 65 68 cost 0.0160336672
243 325 75 112 21 31 cost 0.0159890961
325 365 75 93 42 47 cost 0.0158978077
406 447 187 206 47 52 cost 0.0158228329
81 162 187 225 52 63 cost 0.0158215145
325 406 225 263 63 73 cost 0.0157621909
447 488 75 93 31 36 cost 0.0157406645
447 488 150 168 47 52 cost 0.0156957356
488 569 75 112 52 63 cost 0.015680128
101 121 140 150 52 54 cost 0.015657161
101 121 131 140 54 57 cost 0.0156185783
162 243 112 150 63 73 cost 0.0156160564
447 488 206 225 26 31 cost 0.0156128949
406 447 93 112 47 52 cost 0.0155449699
406 447 206 225 26 31 cost 0.0155435447
325 406 112 150 0 10 cost 0.0154661401
325 365 93 112 63 68 cost 0.0153986836
488 569 37 75 21 31 cost 0.0153839306
548 569 206 215 42 44 cost 0.0153464411
81 121 131 150 73 78 cost 0.015329344
488 528 168 187 57 63 cost 0.015239588
406 447 206 225 78 84 cost 0.0152012197
406 447 225 244 47 52 cost 0.0151485844
569 651 225 263 63 73 cost 0.0151024031
447 488 187 206 31 36 cost 0.015096988
81 162 263 301 63 73 cost 0.0150774674
101 121 140 150 57 60 cost 0.0150768866
548 569 196 206 63 65 cost 0.0150032955
0 81 225 263 63 73 cost 0.01495494
406 447 187 206 36 42 cost 0.0149540779
81 162 187 225 42 52 cost 0.0148507894
447 488 150 168 52 57 cost 0.0148487657
528 569 168 187 36 42 cost 0.0148215273
488 528 150 168 31 36 cost 0.0147285467
325 365 75 93 36 42 cost 0.0147262277
569 651 187 225 10 21 cost 0.0147225401
406 447 93 112 42 47 cost 0.0147155295
406 447 187 206 42 47 cost 0.014684633
447 488 187 206 63 68 cost 0.0146324009
447 488 75 93 57 63 cost 0.0146057281
121 141 131 140 54 57 cost 0.0145721116
488 528 168 187 36 42 cost 0.0145427822
406 447 225 244 52 57 cost 0.0145388021
325 365 93 112 68 73 cost 0.0145332982
325 365 131 150 47 52 cost 0.0144628748
548 569 196 206 70 73 cost 0.0143028396
81 121 168 187 42 47 cost 0.0142481641
447 488 112 131 52 57 cost 0.0142358488
101 121 131 140 52 54 cost 0.0142189581
406 447 225 244 57 63 cost 0.0142166691
447 488 112 131 42 47 cost 0.0141521579
81 121 150 168 52 57 cost 0.0141393205
162 202 112 131 36 42 cost 0.0141174888
528 569 187 206 0 5 cost 0.0141112039
488 528 206 225 47 52 cost 0.0140671657
101 121 140 150 47 49 cost 0.0140099156
488 528 150 168 63 68 cost 0.0139864632
325 406 187 225 10 21 cost 0.0139799199
325 365 93 112 21 26 cost 0.0139579319
406 447 187 206 52 57 cost 0.0139549441
447 488 150 168 36 42 cost 0.0139406556
528 569 168 187 42 47 cost 0.0139145941
325 406 225 263 73 84 cost 0.0138752265
406 447 150 168 47 52 cost 0.0138559201
447 488 150 168 42 47 cost 0.0138296544
325 365 75 93 47 52 cost 0.0138123616
81 121 150 168 47 52 cost 0.0138046058
447 488 206 225 68 73 cost 0.0136552504
528 569 206 225 5 10 cost 0.0136197289
325 365 112 131 52 57 cost 0.0135889026
325 406 150 187 73 84 cost 0.0135858137
81 162 150 187 0 10 cost 0.0135630144
488 528 168 187 42 47 cost 0.0135511963
101 121 140 150 60 63 cost 0.013548272
101 121 131 140 57 60 cost 0.0135412267
488 528 187 206 73 78 cost 0.0135260954
121 162 131 150 68 73 cost 0.0134751662
548 569 196 206 73 75 cost 0.013447119
325 406 225 263 21 31 cost 0.013390365
0 81 150 187 73 84 cost 0.0133686506
81 121 131 150 26 31 cost 0.0133183436
243 325 187 225 31 42 cost 0.0133060995
447 488 112 131 57 63 cost 0.0132995184
121 141 131 140 52 54 cost 0.013290942
325 365 112 131 26 31 cost 0.0132901655
447 488 206 225 73 78 cost 0.0132492138
121 162 112 131 47 52 cost 0.0132105593
488 528 187 206 63 68 cost 0.0132042188
121 162 112 131 52 57 cost 0.0131906502
121 141 140 150 49 52 cost 0.0131814717
569 651 225 263 73 84 cost 0.0131706521
548 569 206 215 73 75 cost 0.0131614844
365 406 93 112 47 52 cost 0.0131539272
447 488 225 244 57 63 cost 0.013126424
406 447 225 244 36 42 cost 0.0131073501
447 488 187 206 73 78 cost 0.0131020086
528 548 187 196 49 52 cost 0.0130864457
121 162 131 150 31 36 cost 0.0129724021
325 406 150 187 10 21 cost 0.0129495992
0 81 150 187 21 31 cost 0.0129032005
447 488 150 168 57 63 cost 0.0129021077
0 81 263 301 73 84 cost 0.0128912627
488 528 206 225 36 42 cost 0.0128349627
406 447 150 168 52 57 cost 0.0128349428
406 447 206 225 21 26 cost 0.0127982707
406 447 187 206 57 63 cost 0.0127929232
488 528 206 225 52 57 cost 0.0127903858
325 365 131 150 31 36 cost 0.0127791314
488 528 187 206 26 31 cost 0.0127742405
488 569 112 150 21 31 cost 0.0127686925
284 325 112 131 36 42 cost 0.0127654272
528 569 206 225 10 15 cost 0.0127589605
447 488 131 150 26 31 cost 0.0126977152
162 202 112 131 42 47 cost 0.0126668875
488 651 0 75 0 21 cost 0.0126250878
121 162 150 168 47 52 cost 0.0125958603
447 488 93 112 47 52 cost 0.0125953591
406 447 225 244 42 47 cost 0.0125775987
81 162 263 301 42 52 cost 0.0125735055
101 121 131 140 47 49 cost 0.0125497951
406 447 206 225 15 21 cost 0.0124901362
406 447 131 150 47 52 cost 0.0124332192
162 325 0 75 21 42 cost 0.0124331466
447 488 187 206 26 31 cost 0.0124022897
447 488 112 131 36 42 cost 0.0123936477
406 447 93 112 52 57 cost 0.0123466247
284 325 112 131 42 47 cost 0.0123460066
101 121 131 140 60 63 cost 0.0123336018
406 488 225 263 0 10 cost 0.0123305131
488 528 56 75 31 36 cost 0.0123262545
548 569 196 206 81 84 cost 0.0122568613
162 243 187 225 63 73 cost 0.0121876574
406 447 150 168 42 47 cost 0.0121793847
243 325 75 112 63 73 cost 0.0121733554
488 528 150 168 26 31 cost 0.0120924804
121 141 140 150 54 57 cost 0.0120851063
0 81 150 187 10 21 cost 0.012080594
121 141 131 140 47 49 cost 0.0120495652
447 488 93 112 42 47 cost 0.0120382071
488 528 206 225 42 47 cost 0.0120150988
528 548 187 196 54 57 cost 0.011944502
121 162 150 168 52 57 cost 0.0119056295
81 162 225 263 52 63 cost 0.0118882638
488 528 187 206 68 73 cost 0.011810533
121 162 112 131 57 63 cost 0.0117637965
365 406 93 112 52 57 cost 0.0117617363
488 528 168 187 31 36 cost 0.011751573
488 528 206 225 31 36 cost 0.0117365993
121 162 131 150 73 78 cost 0.0116270588
81 121 150 168 57 63 cost 0.0116001766
548 569 196 206 68 70 cost 0.0115086776
0 81 225 263 31 42 cost 0.0114816853
548 569 196 206 31 33 cost 0.0114283493
406 447 150 168 36 42 cost 0.0114198361
243 325 112 150 63 73 cost 0.0113908547
162 202 112 131 47 52 cost 0.011355524
447 488 206 225 21 26 cost 0.0113108958
243 325 75 112 10 21 cost 0.0112982722
447 488 93 112 36 42 cost 0.0112800621
243 325 112 150 10 21 cost 0.0112323462
528 548 187 196 52 54 cost 0.0112194125
528 569 206 225 0 5 cost 0.0112136692
488 569 225 263 63 73 cost 0.0112002685
406 447 131 150 42 47 cost 0.0111979066
406 447 150 168 57 63 cost 0.0111912376
406 447 168 187 47 52 cost 0.0111894454
284 325 75 93 42 47 cost 0.0111689753
0 81 263 301 31 42 cost 0.0111386399
162 243 187 225 31 42 cost 0.0110767579
488 528 187 206 78 84 cost 0.0110713512
528 548 196 206 49 52 cost 0.0110662622
447 488 168 187 52 57 cost 0.0110554748
569 651 187 225 0 10 cost 0.0110366796
447 488 168 187 47 52 cost 0.0109804312
406 447 93 112 36 42 cost 0.0109801027
81 121 131 150 78 84 cost 0.0109623372
406 447 131 150 52 57 cost 0.0109320631
447 488 187 206 68 73 cost 0.0109124133
447 488 168 187 57 63 cost 0.0109084783
121 141 140 150 52 54 cost 0.0108937619
447 488 93 112 52 57 cost 0.0108888366
243 325 150 187 52 63 cost 0.0108713806
81 121 131 150 15 21 cost 0.0108599752
528 569 168 187 31 36 cost 0.0108590216
162 325 225 301 42 63 cost 0.0108315056
528 548 187 196 39 42 cost 0.0107959998
528 569 168 187 63 68 cost 0.0107919049
406 447 131 150 36 42 cost 0.0107824938
569 651 225 263 21 31 cost 0.010757721
406 488 75 112 0 10 cost 0.01073957
284 325 75 93 36 42 cost 0.0107185105
406 447 187 206 31 36 cost 0.010666695
121 162 150 168 42 47 cost 0.0106527615
447 488 187 206 78 84 cost 0.0106116505
162 243 112 150 73 84 cost 0.0105793168
406 447 93 112 57 63 cost 0.0105739271
488 569 225 263 73 84 cost 0.0105246543
243 325 187 225 63 73 cost 0.0105136332
447 488 225 244 52 57 cost 0.0104569114
81 121 131 150 21 26 cost 0.0104378734
406 447 168 187 52 57 cost 0.0103953877
406 447 225 244 31 36 cost 0.0103482879
81 162 225 263 42 52 cost 0.0103262002
162 243 150 187 42 52 cost 0.0103221885
406 447 168 187 57 63 cost 0.0102985673
284 325 131 150 36 42 cost 0.0102774347
447 488 206 225 15 21 cost 0.0102602008
488 528 168 187 63 68 cost 0.0102434293
365 406 93 112 42 47 cost 0.0102331416
406 447 168 187 36 42 cost 0.0102267567
447 488 225 244 36 42 cost 0.0102213051
447 488 168 187 36 42 cost 0.0102014522
81 121 131 150 10 15 cost 0.010156377
406 488 37 75 21 31 cost 0.0101480649
325 406 37 75 42 52 cost 0.0101353309
528 548 187 196 44 47 cost 0.0100990444
121 162 131 150 26 31 cost 0.010091977
406 447 168 187 42 47 cost 0.010075377
488 528 206 225 57 63 cost 0.0100727257
284 325 93 112 31 36 cost 0.0100554676
325 365 150 168 42 47 cost 0.0100407326
528 548 187 196 36 39 cost 0.0100277729
162 202 112 131 31 36 cost 0.0100188165
447 488 112 131 63 68 cost 0.0100096282
325 365 150 168 36 42 cost 0.0100072206
548 569 215 225 49 52 cost 0.0099596804
528 548 187 196 57 60 cost 0.0099462295
447 488 206 225 78 84 cost 0.0098886091
243 325 75 112 73 84 cost 0.0098585923
81 121 150 168 42 47 cost 0.0098490491
81 121 168 187 36 42 cost 0.00980429
284 325 131 150 42 47 cost 0.0097769207
121 141 140 150 47 49 cost 0.0097705005
528 548 196 206 39 42 cost 0.0097572997
488 569 225 263 21 31 cost 0.0097470049
528 548 196 206 54 57 cost 0.0097383381
447 488 225 244 47 52 cost 0.0097262205
447 488 150 168 31 36 cost 0.0096942436
406 447 112 131 47 52 cost 0.009656962
284 325 112 131 47 52 cost 0.0096544385
243 325 112 150 73 84 cost 0.0096412309
447 488 168 187 42 47 cost 0.0096333351
447 488 187 206 21 26 cost 0.0096264051
488 528 187 206 21 26 cost 0.0096147747
325 488 0 75 0 21 cost 0.0096047101
0 81 225 263 73 84 cost 0.0095838958
447 488 75 93 63 68 cost 0.0095825371
162 243 112 150 0 10 cost 0.0095634889
447 488 225 244 31 36 cost 0.0094882269
528 548 196 206 36 39 cost 0.0094336274
447 488 93 112 57 63 cost 0.0093950018
528 548 196 206 52 54 cost 0.0093858544
121 162 112 131 42 47 cost 0.009384169
528 548 187 196 47 49 cost 0.009338149
284 325 75 93 47 52 cost 0.0093381269
406 447 131 150 57 63 cost 0.0093243817
325 365 150 168 47 52 cost 0.0093205742
325 406 225 263 10 21 cost 0.0093193164
325 406 187 225 0 10 cost 0.0093151008
243 325 187 225 73 84 cost 0.0093105355
325 345 93 102 39 42 cost 0.0092765602
488 528 168 187 26 31 cost 0.0092667386
447 488 150 168 63 68 cost 0.009256508
365 406 93 112 57 63 cost 0.0092108656
488 528 206 225 26 31 cost 0.0092082256
121 162 150 168 57 63 cost 0.0091979461
406 447 112 131 42 47 cost 0.0091731388
488 528 37 56 47 52 cost 0.0091591756
406 447 187 206 63 68 cost 0.0091553252
325 365 131 150 52 57 cost 0.0091325074
488 528 37 56 42 47 cost 0.0090931272
488 528 168 187 73 78 cost 0.0090532661
325 365 112 131 57 63 cost 0.0090262485
81 162 263 301 31 42 cost 0.0089808974
488 528 187 206 15 21 cost 0.0089713615
488 528 150 168 68 73 cost 0.0089118432
325 345 102 112 39 42 cost 0.0088970325
325 365 187 206 42 47 cost 0.008879786
325 406 150 187 0 10 cost 0.0088463675
528 569 168 187 73 78 cost 0.0088443032
325 365 168 187 36 42 cost 0.0088235419
325 365 187 206 47 52 cost 0.0088214321
81 162 263 301 73 84 cost 0.0088080141
528 548 196 206 44 47 cost 0.0087734522
447 488 187 206 15 21 cost 0.0087317937
121 162 131 150 78 84 cost 0.0087216587
528 548 187 196 60 63 cost 0.0086882134
121 162 131 150 15 21 cost 0.0086446093
325 365 168 187 42 47 cost 0.0085965543
325 345 93 102 44 47 cost 0.008575767
406 447 150 168 31 36 cost 0.0085435763
488 528 150 168 21 26 cost 0.0085360423
243 325 75 112 0 10 cost 0.0085248656
121 162 150 168 36 42 cost 0.0085039604
406 447 93 112 63 68 cost 0.0084519392
528 548 187 196 33 36 cost 0.008450328
447 488 225 244 42 47 cost 0.0084462381
365 406 93 112 36 42 cost 0.0084202377
447 488 131 150 21 26 cost 0.0084169968
406 447 206 225 5 10 cost 0.0084147478
447 488 112 131 31 36 cost 0.0084123123
528 548 196 206 33 36 cost 0.0084040548
325 365 187 206 36 42 cost 0.0083576646
162 243 187 225 73 84 cost 0.0083513597
162 243 150 187 31 42 cost 0.0083471632
0 81 263 301 21 31 cost 0.0082989316
406 447 112 131 36 42 cost 0.0082937159
528 569 168 187 68 73 cost 0.0082591241
325 365 112 131 21 26 cost 0.0082578391
528 548 187 196 42 44 cost 0.008249996
548 569 215 225 39 42 cost 0.0082435832
406 447 187 206 73 78 cost 0.0082274209
325 365 131 150 26 31 cost 0.0082156113
548 569 215 225 52 54 cost 0.0081975054
528 548 196 206 57 60 cost 0.0081830891
345 365 93 102 39 42 cost 0.0081748225
345 365 93 102 44 47 cost 0.0081399957
488 528 150 168 73 78 cost 0.0081351358
488 528 168 187 68 73 cost 0.0081177367
121 162 131 150 21 26 cost 0.0080741865
548 569 215 225 44 47 cost 0.0080722464
528 548 196 206 47 49 cost 0.0080548422
528 569 168 187 26 31 cost 0.0080378869
365 406 206 225 36 42 cost 0.0080375803
548 569 215 225 47 49 cost 0.0080368976
447 488 168 187 63 68 cost 0.0080194142
325 365 75 93 52 57 cost 0.0080175712
0 81 225 263 21 31 cost 0.0079663557
325 365 168 187 47 52 cost 0.0079566525
243 325 112 150 0 10 cost 0.0079524874
406 447 206 225 10 15 cost 0.0079476655
325 345 102 112 44 47 cost 0.0079134202
325 345 93 102 36 39 cost 0.0078839121
325 345 93 102 49 52 cost 0.0078680128
406 447 168 187 63 68 cost 0.0078581881
162 243 150 187 52 63 cost 0.007844906
284 325 131 150 47 52 cost 0.0078433627
0 81 187 225 52 63 cost 0.0078239169
406 447 112 131 52 57 cost 0.0078064233
447 488 93 112 31 36 cost 0.0077632885
406 447 187 206 26 31 cost 0.0077324154
325 345 93 102 42 44 cost 0.0077163082
325 365 75 93 31 36 cost 0.0077137745
365 406 168 187 47 52 cost 0.0077132233
81 162 187 225 63 73 cost 0.0077059203
488 528 206 225 73 78 cost 0.0076986545
488 528 168 187 78 84 cost 0.00768841
406 447 150 168 63 68 cost 0.0076822906
284 325 112 131 31 36 cost 0.0076760041
488 528 37 56 36 42 cost 0.0076716185
325 345 102 112 36 39 cost 0.0076468979
447 488 75 93 68 73 cost 0.0076368285
447 488 112 131 68 73 cost 0.0075846184
548 569 215 225 36 39 cost 0.0075696079
548 569 215 225 75 78 cost 0.0075407385
406 447 187 206 68 73 cost 0.0075385774
548 569 215 225 54 57 cost 0.0075360692
81 162 225 263 63 73 cost 0.0075189555
365 406 187 206 47 52 cost 0.0075166485
325 345 93 102 47 49 cost 0.0075114673
406 447 168 187 31 36 cost 0.0074990279
548 569 215 225 60 63 cost 0.0074885492
121 162 131 150 10 15 cost 0.0074680504
81 121 168 187 31 36 cost 0.0074538866
81 162 187 225 31 42 cost 0.007414024
162 325 225 301 21 42 cost 0.0074000753
488 528 206 225 63 68 cost 0.0073887396
528 548 196 206 60 63 cost 0.007385054
0 81 150 187 0 10 cost 0.0073236749
528 548 187 196 75 78 cost 0.007311659
528 569 168 187 78 84 cost 0.00730123
447 488 206 225 5 10 cost 0.0072827255
447 488 168 187 31 36 cost 0.0072807527
365 406 93 112 63 68 cost 0.0072774913
548 569 215 225 57 60 cost 0.0072744236
325 345 102 112 42 44 cost 0.0072588417
121 162 112 131 63 68 cost 0.0072362161
528 548 196 206 42 44 cost 0.0072264469
325 345 102 112 49 52 cost 0.0072133934
345 365 93 102 49 52 cost 0.0071604873
0 81 187 225 42 52 cost 0.0071482077
345 365 93 102 42 44 cost 0.0071057382
243 325 150 187 21 31 cost 0.0070977941
406 447 206 225 0 5 cost 0.0070380928
447 488 93 112 63 68 cost 0.0070158182
243 325 187 225 21 31 cost 0.0069190436
365 406 206 225 42 47 cost 0.006911239
406 447 131 150 31 36 cost 0.0069050807
345 365 93 102 47 49 cost 0.0069025667
528 548 187 196 78 81 cost 0.0068827742
325 345 102 112 47 49 cost 0.0068527314
447 488 150 168 68 73 cost 0.0068231079
528 548 187 196 65 68 cost 0.0067915299
345 365 102 112 39 42 cost 0.0067801081
325 365 206 225 36 42 cost 0.0067782425
345 365 93 102 36 39 cost 0.0067689961
488 528 150 168 78 84 cost 0.0067426268
365 406 206 225 47 52 cost 0.0067028223
365 406 131 150 47 52 cost 0.0066876832
488 569 75 112 21 31 cost 0.0066528219
488 528 168 187 21 26 cost 0.0066111658
365 406 150 168 47 52 cost 0.0066092585
365 406 168 187 42 47 cost 0.0066026399
447 488 206 225 10 15 cost 0.0066015109
121 162 112 131 36 42 cost 0.0065961571
365 406 131 150 42 47 cost 0.0065683983
528 548 196 206 75 78 cost 0.0065193504
488 528 187 206 5 10 cost 0.0065139975
488 528 206 225 68 73 cost 0.0065126896
488 528 206 225 78 84 cost 0.0065115344
325 406 225 263 0 10 cost 0.0064651079
325 365 206 225 42 47 cost 0.0063961024
365 406 187 206 42 47 cost 0.0063711716
345 365 102 112 44 47 cost 0.006370282
162 325 225 301 63 84 cost 0.006345361
406 447 168 187 68 73 cost 0.0063437965
325 365 206 225 47 52 cost 0.006336561
406 447 131 150 63 68 cost 0.006334102
406 447 112 131 57 63 cost 0.0063251311
81 162 263 301 21 31 cost 0.0063206853
81 121 150 168 36 42 cost 0.0062941688
528 548 196 206 78 81 cost 0.0062892651
162 243 187 225 21 31 cost 0.0062828834
548 569 215 225 42 44 cost 0.0062820205
447 488 112 131 26 31 cost 0.0062473296
528 548 187 196 63 65 cost 0.006232682
488 528 206 225 21 26 cost 0.0061601947
406 447 187 206 78 84 cost 0.0060811169
528 548 187 196 70 73 cost 0.0060797383
447 488 187 206 5 10 cost 0.0060722385
528 569 168 187 21 26 cost 0.0060135847
365 406 150 168 42 47 cost 0.0059605795
284 325 131 150 31 36 cost 0.005947482
325 365 131 150 57 63 cost 0.0059414672
447 488 168 187 68 73 cost 0.0059320915
528 548 196 206 65 68 cost 0.0059301628
406 447 93 112 68 73 cost 0.0059245874
447 488 206 225 0 5 cost 0.0059096791
406 447 187 206 21 26 cost 0.0058987754
325 365 150 168 31 36 cost 0.005866831
121 162 150 168 31 36 cost 0.0058460625
488 528 187 206 10 15 cost 0.005829701
406 447 150 168 68 73 cost 0.0058105118
325 406 37 75 31 42 cost 0.0058099417
81 162 225 263 31 42 cost 0.0058009945
447 488 187 206 10 15 cost 0.0057978305
488 528 206 225 15 21 cost 0.0057845379
406 447 93 112 31 36 cost 0.0057707838
345 365 102 112 36 39 cost 0.0057670245
406 447 187 206 15 21 cost 0.005745985
345 365 102 112 42 44 cost 0.0057388839
345 365 102 112 49 52 cost 0.0057262872
81 121 112 131 52 57 cost 0.0057104083
528 548 196 206 31 33 cost 0.0056641981
243 325 150 187 63 73 cost 0.0056271887
365 406 168 187 36 42 cost 0.0055847978
365 406 187 206 36 42 cost 0.0055812302
528 548 187 196 31 33 cost 0.0055660527
81 121 112 131 47 52 cost 0.0055452672
365 406 112 131 47 52 cost 0.0055229834
365 406 131 150 36 42 cost 0.0054741278
345 365 102 112 47 49 cost 0.0053942615
447 488 93 112 68 73 cost 0.0053770832
528 548 187 196 73 75 cost 0.0053734256
528 548 196 206 70 73 cost 0.0053198263
528 569 150 168 57 63 cost 0.0053091707
528 548 196 206 63 65 cost 0.0052980278
325 365 187 206 31 36 cost 0.005275539
284 325 75 93 31 36 cost 0.0052673514
325 365 131 150 21 26 cost 0.0052468817
548 569 215 225 73 75 cost 0.0052439719
488 528 187 206 0 5 cost 0.0052220805
365 406 112 131 42 47 cost 0.0051794731
325 365 75 93 26 31 cost 0.0051717595
406 447 112 131 31 36 cost 0.0051275359
365 406 131 150 52 57 cost 0.005118613
81 121 112 131 57 63 cost 0.0050885884
528 548 187 196 68 70 cost 0.0050302792
528 569 150 168 52 57 cost 0.0049520497
365 406 206 225 31 36 cost 0.004946931
447 488 187 206 0 5 cost 0.0049437807
365 406 93 112 31 36 cost 0.0049315889
325 365 168 187 31 36 cost 0.0048657477
548 569 187 196 49 52 cost 0.0047938517
406 447 131 150 26 31 cost 0.0047883694
81 162 187 225 73 84 cost 0.0047858518
365 406 150 168 36 42 cost 0.0047589117
325 365 206 225 31 36 cost 0.0047339818
528 548 196 206 73 75 cost 0.0047164919
365 406 93 112 68 73 cost 0.00470679
81 162 187 225 21 31 cost 0.0047028405
365 406 112 131 52 57 cost 0.0046662291
325 365 75 93 57 63 cost 0.0046311766
365 406 112 131 36 42 cost 0.0046118695
406 447 112 131 63 68 cost 0.0046001661
81 162 225 263 73 84 cost 0.004583342
406 447 131 150 68 73 cost 0.0045610658
488 528 37 56 31 36 cost 0.0045135479
325 406 263 301 42 52 cost 0.0044945086
0 81 187 225 31 42 cost 0.0044584926
0 81 187 225 63 73 cost 0.0044491754
528 569 150 168 47 52 cost 0.0044470683
488 528 206 225 5 10 cost 0.0043820004
81 121 150 168 31 36 cost 0.004367851
528 548 196 206 68 70 cost 0.0043671779
325 406 263 301 31 42 cost 0.0043090025
243 325 150 187 73 84 cost 0.0042823902
447 488 112 131 21 26 cost 0.0042787884
528 569 150 168 36 42 cost 0.004278281
121 162 112 131 31 36 cost 0.0042746002
406 447 187 206 5 10 cost 0.0042620428
548 569 187 196 54 57 cost 0.0041605139
548 569 187 196 52 54 cost 0.0041294334
528 548 187 196 81 84 cost 0.0041258265
548 569 187 196 39 42 cost 0.004122837
406 447 187 206 10 15 cost 0.0040937933
548 569 187 196 36 39 cost 0.0040606278
243 284 131 150 36 42 cost 0.0040105172
569 610 187 206 47 52 cost 0.0039896194
162 243 150 187 21 31 cost 0.0039891359
121 162 112 131 68 73 cost 0.0039397495
325 406 263 301 52 63 cost 0.0039208449
365 406 112 131 57 63 cost 0.003908451
325 365 75 93 63 68 cost 0.00390837
488 528 206 225 10 15 cost 0.0039037094
365 406 187 206 31 36 cost 0.0038932575
365 406 168 187 31 36 cost 0.0038204526
325 365 75 93 21 26 cost 0.0038166514
81 162 187 225 10 21 cost 0.0038164709
81 121 112 131 42 47 cost 0.0038068013
528 569 150 168 42 47 cost 0.0038028528
365 406 131 150 57 63 cost 0.003790557
528 548 206 215 49 52 cost 0.0037844938
488 528 206 225 0 5 cost 0.0037707227
162 243 150 187 63 73 cost 0.0037507173
325 365 75 93 68 73 cost 0.0037436575
528 548 196 206 81 84 cost 0.0037383381
528 548 206 215 36 39 cost 0.0037302416
365 406 93 112 26 31 cost 0.0037193043
528 548 206 215 39 42 cost 0.0036644833
569 610 187 206 52 57 cost 0.0036392647
81 162 225 263 21 31 cost 0.0035811687
365 406 131 150 31 36 cost 0.0035697529
548 569 187 196 44 47 cost 0.0035629317
121 162 112 131 73 78 cost 0.0035422338
406 447 131 150 21 26 cost 0.0035365986
528 569 150 168 31 36 cost 0.003531695
162 325 0 75 0 21 cost 0.0035309139
528 569 150 168 63 68 cost 0.0035132633
548 569 187 196 57 60 cost 0.003497867
548 569 187 196 33 36 cost 0.0034788081
406 447 112 131 26 31 cost 0.003406394
548 569 187 196 47 49 cost 0.0033960796
243 284 131 150 42 47 cost 0.0033909943
406 447 112 131 68 73 cost 0.00337638
406 488 263 301 52 63 cost 0.0033696456
548 569 187 196 60 63 cost 0.003362746
406 447 187 206 0 5 cost 0.0033583897
121 162 112 131 26 31 cost 0.0033485481
365 406 150 168 31 36 cost 0.0032739175
325 406 37 75 52 63 cost 0.0032280839
528 548 206 215 44 47 cost 0.00322162
365 406 93 112 21 26 cost 0.0032215823
81 121 112 131 63 68 cost 0.0032027537
528 548 206 215 52 54 cost 0.0031659858
243 284 112 131 36 42 cost 0.0031497272
569 610 187 206 57 63 cost 0.0031402638
569 610 187 206 42 47 cost 0.003134312
528 548 206 215 54 57 cost 0.0031291199
121 162 168 187 47 52 cost 0.0031257779
121 162 168 187 52 57 cost 0.0030815447
121 162 112 131 15 21 cost 0.0030357677
365 406 112 131 31 36 cost 0.0030091765
162 325 225 301 0 21 cost 0.0029445854
548 569 187 196 42 44 cost 0.0029335828
0 81 187 225 21 31 cost 0.0029321363
528 548 206 215 47 49 cost 0.0029024319
243 284 131 150 47 52 cost 0.0028501196
0 81 187 225 73 84 cost 0.0028475137
121 162 112 131 78 84 cost 0.0027968281
81 121 112 131 36 42 cost 0.0027668529
528 548 206 215 57 60 cost 0.0027304645
202 243 112 131 36 42 cost 0.002726262
243 284 112 131 42 47 cost 0.0027138151
121 162 112 131 21 26 cost 0.0027136092
325 406 263 301 63 73 cost 0.0026941456
528 548 206 215 42 44 cost 0.0026419495
121 162 168 187 42 47 cost 0.0026362857
406 488 263 301 42 52 cost 0.0026307732
406 488 263 301 31 42 cost 0.0026125938
162 325 0 75 63 84 cost 0.0025913578
406 447 244 263 52 57 cost 0.0025909489
548 569 187 196 65 68 cost 0.0025895933
528 548 206 215 60 63 cost 0.0025645371
528 569 150 168 26 31 cost 0.0025537349
406 447 112 131 21 26 cost 0.0025337843
528 548 206 215 75 78 cost 0.0025271233
406 447 244 263 47 52 cost 0.0025103094
202 243 112 131 42 47 cost 0.0024838003
162 243 150 187 73 84 cost 0.0024639558
365 406 131 150 26 31 cost 0.0024615254
0 81 187 225 10 21 cost 0.0024492878
81 162 187 225 0 10 cost 0.0024464564
121 162 112 131 10 15 cost 0.0023989392
243 284 131 150 31 36 cost 0.0023693212
548 569 187 196 63 65 cost 0.0023453569
406 447 244 263 57 63 cost 0.0023396638
121 162 168 187 57 63 cost 0.0023269616
548 569 187 196 75 78 cost 0.0023202535
548 569 187 196 78 81 cost 0.0023071746
365 406 112 131 26 31 cost 0.0022861654
406 488 263 301 63 73 cost 0.0022770144
325 406 263 301 21 31 cost 0.0022613587
548 569 187 196 31 33 cost 0.0022325036
243 284 112 131 47 52 cost 0.0021803319
121 162 168 187 36 42 cost 0.0021587533
406 447 244 263 36 42 cost 0.0021260902
325 406 263 301 73 84 cost 0.0021022816
243 284 112 131 31 36 cost 0.0020748077
406 447 75 93 47 52 cost 0.0020546482
202 243 112 131 47 52 cost 0.0019946871
548 569 187 196 70 73 cost 0.0019907394
81 121 112 131 68 73 cost 0.001986878
406 447 244 263 42 47 cost 0.0019850542
406 447 75 93 42 47 cost 0.0019805434
528 548 215 225 49 52 cost 0.0019222114
528 569 150 168 68 73 cost 0.001915559
81 121 112 131 31 36 cost 0.0018819129
365 406 75 93 47 52 cost 0.001875289
528 548 206 215 73 75 cost 0.0018535692
406 488 263 301 21 31 cost 0.0018526662
528 569 150 168 73 78 cost 0.0018510367
162 243 75 112 42 52 cost 0.0018295231
406 447 75 93 52 57 cost 0.0017778164
365 406 131 150 21 26 cost 0.0017562351
81 121 112 131 73 78 cost 0.0017552314
528 548 215 225 36 39 cost 0.0017331514
202 243 131 150 42 47 cost 0.0017081757
528 548 215 225 39 42 cost 0.0017017086
202 243 131 150 47 52 cost 0.0016984979
243 284 93 112 36 42 cost 0.0016898682
202 243 131 150 36 42 cost 0.0016872146
162 243 75 112 31 42 cost 0.0016767192
202 243 112 131 31 36 cost 0.0016701786
406 447 244 263 31 36 cost 0.0016679168
548 569 187 196 68 70 cost 0.0016636982
365 406 112 131 21 26 cost 0.0016627283
528 569 150 168 21 26 cost 0.0016620093
528 548 215 225 52 54 cost 0.001644925
365 406 75 93 52 57 cost 0.0016437688
548 569 187 196 73 75 cost 0.0016367128
243 284 93 112 42 47 cost 0.0016302061
406 447 75 93 36 42 cost 0.001611139
121 162 168 187 31 36 cost 0.0015454149
528 569 150 168 78 84 cost 0.0015285451
0 81 187 225 0 10 cost 0.0014990375
81 121 112 131 26 31 cost 0.0014832923
528 548 215 225 44 47 cost 0.0014764435
528 548 215 225 54 57 cost 0.0014602988
325 406 37 75 21 31 cost 0.0014562395
548 569 187 196 81 84 cost 0.0014462757
528 548 215 225 47 49 cost 0.0014429406
406 447 75 93 57 63 cost 0.0014400251
325 406 263 301 10 21 cost 0.0014258776
365 406 75 93 42 47 cost 0.0014227518
528 548 215 225 60 63 cost 0.001361227
81 121 112 131 78 84 cost 0.0013077986
528 548 215 225 57 60 cost 0.0012641604
81 121 112 131 15 21 cost 0.0012601022
528 548 215 225 75 78 cost 0.0012227666
528 548 215 225 42 44 cost 0.001190563
81 121 112 131 21 26 cost 0.0011796133
365 406 75 93 57 63 cost 0.0011775186
406 488 263 301 73 84 cost 0.0011727976
243 284 93 112 47 52 cost 0.0011424712
406 488 263 301 10 21 cost 0.0011374266
447 488 244 263 57 63 cost 0.001124675
81 101 140 150 54 57 cost 0.0011242259
81 121 112 131 10 15 cost 0.0011148454
243 284 75 93 36 42 cost 0.0011099991
365 406 75 93 36 42 cost 0.0010730414
243 284 75 93 42 47 cost 0.0010537767
202 243 131 150 31 36 cost 0.0010455563
81 101 140 150 49 52 cost 0.0009931094
406 447 75 93 31 36 cost 0.0009572889
447 488 244 263 52 57 cost 0.0009507806
81 101 140 150 57 60 cost 0.0009468684
406 447 75 93 63 68 cost 0.0009334379
243 284 93 112 31 36 cost 0.0009167367
528 548 215 225 73 75 cost 0.0008958681
81 101 140 150 52 54 cost 0.0008844306
447 488 244 263 36 42 cost 0.000878205
325 406 263 301 0 10 cost 0.0008620196
162 243 75 112 52 63 cost 0.0008584567
243 284 75 93 47 52 cost 0.0008539542
447 488 244 263 47 52 cost 0.0008449852
365 406 75 93 63 68 cost 0.0008385483
447 488 244 263 31 36 cost 0.0008340251
406 488 263 301 0 10 cost 0.0008121338
0 81 112 150 52 63 cost 0.0008027782
81 101 140 150 60 63 cost 0.0007544371
141 162 140 150 49 52 cost 0.0007485741
162 243 75 112 21 31 cost 0.0006968567
141 162 131 140 49 52 cost 0.0006906304
243 284 75 93 31 36 cost 0.0006754376
81 101 140 150 47 49 cost 0.0006653399
447 488 244 263 42 47 cost 0.0006529275
141 162 131 140 54 57 cost 0.0006426119
406 447 75 93 68 73 cost 0.000642023
141 162 140 150 47 49 cost 0.0006415345
141 162 140 150 54 57 cost 0.0006049341
365 406 75 93 31 36 cost 0.0006027149
141 162 131 140 52 54 cost 0.0005761138
0 81 112 150 42 52 cost 0.0005752502
141 162 140 150 52 54 cost 0.0005680533
141 162 131 140 47 49 cost 0.000522197
365 406 75 93 68 73 cost 0.0005037964
162 243 75 112 63 73 cost 0.0004726129
162 243 75 112 10 21 cost 0.0004472846
365 406 75 93 26 31 cost 0.0004382897
0 81 112 150 63 73 cost 0.000423587
81 101 131 140 54 57 cost 0.0004207394
365 406 75 93 21 26 cost 0.0004037567
162 243 75 112 73 84 cost 0.0003944284
0 81 112 150 31 42 cost 0.0003917674
81 101 131 140 49 52 cost 0.0003805687
81 101 131 140 57 60 cost 0.0003695394
81 101 131 140 60 63 cost 0.0003277829
81 101 131 140 52 54 cost 0.0003251019
569 651 263 301 52 63 cost 0.0003124616
0 81 112 150 10 21 cost 0.0002782239
0 81 112 150 21 31 cost 0.0002768975
569 651 263 301 31 42 cost 0.0002689085
569 651 263 301 42 52 cost 0.0002651449
0 81 112 150 73 84 cost 0.0002645917
81 101 131 140 47 49 cost 0.0002630321
162 243 75 112 0 10 cost 0.000217214
406 488 0 37 42 52 cost 0.0001863684
569 651 263 301 63 73 cost 0.0001493388
0 81 112 150 0 10 cost 0.0001468601
406 488 0 37 52 63 cost 0.0001397587
406 488 0 37 31 42 cost 0.000125373
569 651 263 301 21 31 cost 0.0001250016
569 651 263 301 73 84 cost 0.0001005703
406 488 0 37 21 31 cost 5.45271e-05
81 162 75 112 42 52 cost 5.42455e-05
81 162 75 112 31 42 cost 5.22366e-05
488 569 0 37 42 52 cost 4.26928e-05
488 569 0 37 52 63 cost 3.11577e-05
81 162 75 112 52 63 cost 2.86503e-05
488 569 0 37 31 42 cost 2.86334e-05
569 651 0 37 52 63 cost 2.4241e-05
488 569 263 301 42 52 cost 1.96603e-05
81 162 75 112 21 31 cost 1.77064e-05
81 162 75 112 10 21 cost 1.73811e-05
0 162 0 75 63 84 cost 1.21205e-05
0 162 0 75 42 63 cost 1.21205e-05
569 651 150 187 63 73 cost 1.13163e-05
0 162 0 75 0 21 cost 1.1145e-05
610 651 206 225 47 52 cost 1.03331e-05
569 651 150 187 42 52 cost 1.00738e-05
569 651 75 112 52 63 cost 9.194e-06
610 651 206 225 52 57 cost 8.3335e-06
569 651 75 112 42 52 cost 8.2185e-06
488 569 263 301 31 42 cost 7.9391e-06
0 81 75 112 21 31 cost 7.5173e-06
488 569 263 301 52 63 cost 6.9862e-06
488 569 0 37 21 31 cost 6.8478e-06
610 651 206 225 57 63 cost 6.4986e-06
610 651 206 225 42 47 cost 6.1848e-06
0 162 0 75 21 42 cost 5.7911e-06
569 651 112 150 42 52 cost 5.2157e-06
81 162 75 112 0 10 cost 4.6175e-06
81 162 75 112 73 84 cost 4.1324e-06
569 651 150 187 52 63 cost 3.6471e-06
569 651 150 187 31 42 cost 2.9509e-06
81 162 75 112 63 73 cost 2.2842e-06
528 569 56 75 47 52 cost 2.0927e-06
488 569 263 301 21 31 cost 1.0382e-06
569 651 150 187 10 21 cost 8.69e-07
569 651 150 187 21 31 cost 8.401e-07
569 651 150 187 73 84 cost 6.865e-07
569 651 150 187 0 10 cost 5.798e-07
488 569 263 301 63 73 cost 1.757e-07
610 651 187 206 57 63 cost 7.17e-08
569 651 37 75 21 31 cost 0
569 651 112 150 52 63 cost 0
569 651 37 75 52 63 cost 0
0 81 75 112 42 52 cost 0
325 406 0 37 21 31 cost 0
569 651 37 75 31 42 cost 0
528 569 56 75 36 42 cost 0
528 569 37 56 36 42 cost 0
569 651 75 112 21 31 cost 0
528 569 37 56 42 47 cost 0
488 569 263 301 73 84 cost 0
325 406 0 37 31 42 cost 0
569 651 112 150 21 31 cost 0
569 651 0 37 31 42 cost 0
569 651 75 112 31 42 cost 0
0 81 75 112 73 84 cost 0
325 406 0 37 52 63 cost 0
610 651 187 206 42 47 cost 0
610 651 187 206 47 52 cost 0
528 569 56 75 42 47 cost 0
0 81 75 112 63 73 cost 0
569 651 0 37 42 52 cost 0
569 651 0 37 21 31 cost 0
528 569 37 56 47 52 cost 0
0 81 75 112 0 10 cost 0
610 651 187 206 52 57 cost 0
569 651 112 150 31 42 cost 0
528 569 56 75 31 36 cost 0
325 406 0 37 42 52 cost 0
569 651 37 75 42 52 cost 0
0 81 75 112 31 42 cost 0
0 81 75 112 10 21 cost 0
528 569 37 56 31 36 cost 0
0 81 75 112 52 63 cost 0
partitioning time: 261.200381 seconds
