hostname : cph-bm1.uncc.edu
bounding: [-130;-65]x[20;50]x[5875;5958]
read 588189 observations
res: 0.5 0.5 1 bw: 1 1 3
box size: 131 x 61 x 84
nbparts: 16
mem: 0.0005593299866 GB (this is an order of magnitude)
1542 states processed
solution: 0.0616299716 in 16 boxes.
naive: 0.4197653131 speedup:6.811058032
sumload:0.4433982995 overhead:1.056300475
96 128 32 61 32 64 cost 0.0616299716
64 96 0 32 32 64 cost 0.0587713335
64 96 32 61 32 64 cost 0.0502621394
32 64 0 61 0 84 cost 0.0394931064
0 32 32 61 0 84 cost 0.037908659
0 32 0 32 0 84 cost 0.0347712709
96 128 0 32 0 84 cost 0.0343791604
96 128 32 61 64 84 cost 0.0263844642
96 128 32 61 0 32 cost 0.0244753127
64 96 0 32 0 32 cost 0.0200448088
64 96 32 61 0 32 cost 0.0200361796
64 96 32 61 64 84 cost 0.0188679226
64 96 0 32 64 84 cost 0.0163716377
128 131 0 61 32 64 cost 1.3895e-06
128 131 0 61 0 32 cost 5.334e-07
128 131 0 61 64 84 cost 4.098e-07
partitioning time: 14.879566 seconds
