hostname : cph-c76.uncc.edu
bounding: [-130;-65]x[20;50]x[5875;5958]
read 588189 observations
res: 0.01 0.01 1 bw: 1 1 3
box size: 6501 x 3001 x 84
nbparts: 128
solution: 22.79282475 in 134 boxes.
naive: 643.6159509 speedup:28.23765628
sumload:763.7308229 overhead:1.18662507
4875 5688 1875 2250 52 63 cost 22.79282475
4875 5688 1875 2250 42 52 cost 22.47026639
0 1625 1500 2250 42 63 cost 20.42872273
4875 5688 1875 2250 31 42 cost 19.80984013
1625 3250 750 1500 42 63 cost 18.77460757
4875 6501 1500 2250 0 21 cost 17.91072443
1625 3250 750 1500 21 42 cost 17.18844123
812 1625 1125 1500 52 63 cost 15.7123522
3250 4875 1500 2250 0 21 cost 14.45185356
4875 5688 1875 2250 73 84 cost 14.34032379
4875 5688 1875 2250 63 73 cost 14.29547009
4062 4875 1875 2250 52 63 cost 14.09574496
4062 4875 1875 2250 42 52 cost 13.82332612
3250 4875 750 1500 0 21 cost 13.63986872
812 1625 1125 1500 42 52 cost 13.59080836
3250 4875 2250 3001 42 63 cost 12.70055137
4062 4875 1875 2250 31 42 cost 11.49795827
0 1625 2250 3001 42 63 cost 11.30846815
4875 5688 1875 2250 21 31 cost 10.91830866
0 1625 750 1500 63 84 cost 10.78271684
3250 4062 750 1125 42 52 cost 10.63396777
1625 3250 1500 2250 42 63 cost 10.11307342
0 1625 750 1500 21 42 cost 9.947402562
4062 4875 1125 1500 42 52 cost 9.653295122
3250 4875 2250 3001 21 42 cost 9.350774694
4875 5688 1500 1875 52 63 cost 9.316698858
0 1625 1500 2250 63 84 cost 9.221241927
0 1625 1500 2250 21 42 cost 9.202946427
4062 4875 1125 1500 52 63 cost 9.03670173
4875 6501 750 1500 42 63 cost 8.998933311
4062 4875 1875 2250 63 73 cost 8.734906728
3250 4062 750 1125 31 42 cost 8.538170935
4875 5688 1500 1875 42 52 cost 8.474361351
4062 4875 750 1125 42 52 cost 7.993466672
3250 4875 2250 3001 63 84 cost 7.99318456
3250 4062 1125 1500 42 52 cost 7.933502181
0 1625 2250 3001 63 84 cost 7.795470181
3250 4062 1125 1500 31 42 cost 7.738827159
4062 4875 1500 1875 42 52 cost 7.380080783
4062 4875 1500 1875 52 63 cost 7.334660891
4875 5688 1500 1875 31 42 cost 7.282326536
4875 6501 0 750 42 63 cost 7.254583936
4062 4875 1875 2250 21 31 cost 6.948738756
4062 4875 1125 1500 31 42 cost 6.948084309
4062 4875 1875 2250 73 84 cost 6.721567427
4875 6501 2250 3001 42 63 cost 6.645812953
3250 4062 750 1125 52 63 cost 6.38738071
4062 4875 750 1125 52 63 cost 6.238708093
1625 3250 1500 2250 21 42 cost 6.154773117
4062 4875 1500 1875 31 42 cost 6.06417182
4062 4875 750 1125 31 42 cost 5.964091926
1625 3250 750 1500 63 84 cost 5.711114537
1625 3250 750 1500 0 21 cost 5.511956227
4062 4875 1125 1500 63 73 cost 5.5095085
4875 6501 750 1500 21 42 cost 5.319480961
0 1625 2250 3001 21 42 cost 5.213423787
0 1625 1500 2250 0 21 cost 5.197439137
0 1625 750 1500 0 21 cost 5.1729821
4875 5688 1500 1875 63 73 cost 5.171047278
3250 4875 0 750 42 63 cost 5.04980511
3250 4062 1500 1875 42 52 cost 4.798662238
4875 6501 2250 3001 21 42 cost 4.728693052
1625 3250 1500 2250 63 84 cost 4.610198168
4875 6501 0 750 21 42 cost 4.499619059
4062 4875 1500 1875 63 73 cost 4.44617305
4875 5688 1500 1875 21 31 cost 4.348284801
3250 4062 1875 2250 42 52 cost 4.325373968
3250 4062 1125 1500 52 63 cost 4.301345813
5688 6501 1875 2250 42 52 cost 4.12445586
4875 6501 2250 3001 63 84 cost 4.122710792
3250 4875 2250 3001 0 21 cost 4.057163564
3250 4062 750 1125 21 31 cost 3.867927863
3250 4062 750 1125 63 73 cost 3.862424114
4875 5688 1500 1875 73 84 cost 3.782014416
3250 4062 1500 1875 31 42 cost 3.712009664
5688 6501 1875 2250 52 63 cost 3.702342268
3250 4062 1875 2250 31 42 cost 3.652032005
4062 4875 1125 1500 21 31 cost 3.505056592
4062 4875 750 1125 63 73 cost 3.419221054
4875 6501 750 1500 63 84 cost 3.414527306
3250 4062 1125 1500 21 31 cost 3.402946406
4062 4875 1500 1875 73 84 cost 3.396133941
3250 4062 750 1125 73 84 cost 3.380580524
5688 6501 1875 2250 31 42 cost 3.31141081
3250 4062 1500 1875 52 63 cost 3.28583645
4062 4875 1500 1875 21 31 cost 3.244147912
3250 4875 0 750 21 42 cost 3.242936594
3250 4062 1875 2250 52 63 cost 3.190069177
4062 4875 1125 1500 73 84 cost 3.085122693
5688 6501 1875 2250 63 73 cost 2.692616879
3250 4062 1125 1500 63 73 cost 2.679867355
5688 6501 1875 2250 73 84 cost 2.63622118
4062 4875 750 1125 21 31 cost 2.635561723
0 1625 2250 3001 0 21 cost 2.613369983
1625 3250 1500 2250 0 21 cost 2.327571008
3250 4062 1125 1500 73 84 cost 2.234391052
4875 6501 0 750 63 84 cost 2.129445596
4875 6501 2250 3001 0 21 cost 2.10986306
5688 6501 1875 2250 21 31 cost 1.942322137
3250 4062 1875 2250 21 31 cost 1.828585771
4062 4875 750 1125 73 84 cost 1.768339806
3250 4062 1500 1875 21 31 cost 1.711899456
3250 4062 1875 2250 63 73 cost 1.676031693
3250 4062 1875 2250 73 84 cost 1.651821838
3250 4062 1500 1875 63 73 cost 1.641144854
4875 6501 750 1500 0 21 cost 1.628758603
1625 3250 0 750 42 63 cost 1.55085515
3250 4875 0 750 63 84 cost 1.462458158
3250 4062 1500 1875 73 84 cost 1.271790422
4875 6501 0 750 0 21 cost 1.184226079
1625 3250 0 750 21 42 cost 1.139402163
1625 3250 2250 3001 42 63 cost 0.9753832905
3250 4875 0 750 0 21 cost 0.8276227717
1625 3250 2250 3001 21 42 cost 0.6636731463
1625 3250 2250 3001 63 84 cost 0.5696732766
1625 3250 0 750 0 21 cost 0.3239628463
1625 3250 2250 3001 0 21 cost 0.2645951634
1625 3250 0 750 63 84 cost 0.2375776848
0 812 1125 1500 52 63 cost 0.0736172972
0 812 1125 1500 42 52 cost 0.0526505096
812 1625 750 1125 42 52 cost 0.0053173391
812 1625 750 1125 52 63 cost 0.002737141
0 1625 0 750 63 84 cost 0.0011070245
0 1625 0 750 42 63 cost 0.0011070245
0 1625 0 750 0 21 cost 0.001018137
5688 6501 1500 1875 63 73 cost 0.0009186698
5688 6501 1500 1875 42 52 cost 0.0008727287
0 1625 0 750 21 42 cost 0.0005758755
5688 6501 1500 1875 52 63 cost 0.0003004074
5688 6501 1500 1875 31 42 cost 0.0002066339
5688 6501 1500 1875 21 31 cost 6.0495e-05
5688 6501 1500 1875 73 84 cost 3.85652e-05
0 812 750 1125 42 52 cost 0
0 812 750 1125 52 63 cost 0
partitioning time: 13.631169 seconds
