hostname : cph-c17.uncc.edu
bounding: [-130;-65]x[20;50]x[5875;5958]
read 588189 observations
res: 0.1 0.1 1 bw: 1 1 3
box size: 651 x 301 x 84
nbparts: 512
solution: 0.0678955169 in 512 boxes.
naive: 7.046724289 speedup:103.7877699
sumload:9.469570581 overhead:1.343825896
406 488 75 112 52 63 cost 0.0678955169
162 325 150 225 21 42 cost 0.0676067251
528 569 187 206 36 42 cost 0.0669466787
406 488 150 187 31 42 cost 0.0661980214
406 488 75 112 31 42 cost 0.0650046607
162 325 75 150 63 84 cost 0.062933459
528 569 187 206 57 63 cost 0.0620449084
406 488 112 150 63 73 cost 0.0615940412
162 325 75 150 0 21 cost 0.0606650858
488 569 187 225 0 10 cost 0.0595216797
162 243 112 150 31 42 cost 0.0591355777
528 569 187 206 42 47 cost 0.0590670869
325 488 0 75 42 63 cost 0.0583943874
162 243 112 150 42 52 cost 0.0579233026
0 162 150 225 0 21 cost 0.057355302
0 162 225 301 21 42 cost 0.0570204777
488 651 75 150 21 42 cost 0.056967206
0 162 75 150 0 21 cost 0.0561879041
488 569 150 187 63 73 cost 0.0552005549
406 488 187 225 10 21 cost 0.0525966459
528 569 206 225 47 52 cost 0.0524940038
243 325 75 112 42 52 cost 0.0522135004
488 651 225 301 21 42 cost 0.0521604498
325 406 150 187 42 52 cost 0.0514203407
406 488 225 263 52 63 cost 0.0510945459
488 569 37 75 42 52 cost 0.0510432227
162 325 150 225 63 84 cost 0.0506413314
528 569 206 225 52 57 cost 0.0505016867
81 121 131 150 52 57 cost 0.0492773845
528 569 206 225 36 42 cost 0.0488788512
406 488 150 187 63 73 cost 0.0484525259
488 651 0 75 21 42 cost 0.0481690103
325 406 187 225 42 52 cost 0.0479092838
81 121 131 150 47 52 cost 0.0476601254
325 406 112 150 52 63 cost 0.0476533968
528 569 187 206 31 36 cost 0.0476431898
488 569 150 187 21 31 cost 0.0465186042
528 569 206 225 57 63 cost 0.0462574064
569 651 187 225 42 52 cost 0.0455426084
488 651 225 301 63 84 cost 0.0455378248
528 569 187 206 73 78 cost 0.0452734045
325 365 93 112 36 42 cost 0.0450362378
325 488 225 301 0 21 cost 0.0449086902
528 569 187 206 63 68 cost 0.0446935102
325 365 93 112 42 47 cost 0.0444759473
81 162 112 150 73 84 cost 0.0444311811
528 569 206 225 42 47 cost 0.0441304941
81 121 131 150 57 63 cost 0.0436509613
243 325 75 112 31 42 cost 0.0434563501
406 488 225 263 42 52 cost 0.0432429899
81 162 112 150 21 31 cost 0.0424497388
325 406 75 112 21 31 cost 0.0418954225
243 325 112 150 42 52 cost 0.0418411524
325 406 75 112 63 73 cost 0.0417531316
528 569 187 206 78 84 cost 0.0414613609
569 651 187 225 52 63 cost 0.0411081117
243 325 112 150 31 42 cost 0.040998262
406 488 225 263 31 42 cost 0.0404950137
325 406 187 225 31 42 cost 0.0403423305
488 569 150 187 73 84 cost 0.0402774115
121 162 131 150 52 57 cost 0.0399201874
325 406 150 187 31 42 cost 0.039804515
121 162 131 150 47 52 cost 0.0392633198
406 488 112 150 21 31 cost 0.0391955565
325 365 93 112 47 52 cost 0.0390898511
81 162 150 187 31 42 cost 0.0390780746
528 569 206 225 73 78 cost 0.0383109258
528 569 187 206 68 73 cost 0.0378615121
325 406 112 150 21 31 cost 0.0374460038
325 488 0 75 21 42 cost 0.0374428191
406 488 187 225 0 10 cost 0.0371934938
406 488 75 112 63 73 cost 0.0370673782
488 569 112 150 42 52 cost 0.0370402237
406 488 150 187 73 84 cost 0.036942408
121 162 131 150 57 63 cost 0.0368629805
325 406 75 112 73 84 cost 0.0366754974
488 651 75 150 63 84 cost 0.0366614979
569 651 187 225 31 42 cost 0.0366492211
488 569 37 75 52 63 cost 0.0362947364
162 243 112 150 52 63 cost 0.0361624684
0 81 150 187 52 63 cost 0.0360080267
406 488 225 263 63 73 cost 0.0359185506
488 569 112 150 52 63 cost 0.0357846911
528 569 206 225 78 84 cost 0.0356710664
528 569 206 225 63 68 cost 0.0355161903
406 488 150 187 21 31 cost 0.035408484
325 406 187 225 52 63 cost 0.035338682
528 569 206 225 31 36 cost 0.0352518266
325 406 150 187 52 63 cost 0.0350944468
81 162 150 187 63 73 cost 0.0350200676
406 488 112 150 73 84 cost 0.0344477951
528 569 187 206 26 31 cost 0.0334912129
81 121 131 150 42 47 cost 0.0331157397
406 447 206 225 47 52 cost 0.0331140301
325 406 75 112 10 21 cost 0.0330641045
447 488 131 150 47 52 cost 0.031792822
325 365 112 131 36 42 cost 0.0311351295
406 447 206 225 52 57 cost 0.0310659962
528 569 206 225 68 73 cost 0.0303516688
162 243 112 150 21 31 cost 0.0303227238
569 651 187 225 63 73 cost 0.0298164834
325 406 112 150 63 73 cost 0.0296791593
569 651 187 225 73 84 cost 0.0293195156
406 447 206 225 57 63 cost 0.0292251583
447 488 131 150 52 57 cost 0.029042827
488 569 150 187 10 21 cost 0.0287378069
406 488 75 112 21 31 cost 0.0287261122
0 162 225 301 0 21 cost 0.028593552
406 447 206 225 42 47 cost 0.0282768614
447 488 131 150 57 63 cost 0.0282050725
0 81 150 187 42 52 cost 0.0281671463
121 162 131 150 42 47 cost 0.0279909791
406 447 206 225 36 42 cost 0.0279678679
325 365 112 131 42 47 cost 0.0279021253
447 488 131 150 42 47 cost 0.0276224266
325 406 225 263 42 52 cost 0.0274343864
81 121 131 150 63 68 cost 0.0269683376
447 488 206 225 47 52 cost 0.026528059
548 569 196 206 49 52 cost 0.0262612555
447 488 206 225 52 57 cost 0.0260346519
325 365 93 112 31 36 cost 0.0258850871
325 406 112 150 10 21 cost 0.0256828744
528 569 187 206 21 26 cost 0.0256159145
325 365 93 112 52 57 cost 0.0255812099
447 488 206 225 57 63 cost 0.025565775
162 325 150 225 0 21 cost 0.0255567436
81 162 150 187 21 31 cost 0.0255271093
0 81 225 263 52 63 cost 0.025389012
325 406 225 263 31 42 cost 0.0253508479
406 488 225 263 21 31 cost 0.0252300315
406 488 112 150 10 21 cost 0.0252283741
528 569 206 225 26 31 cost 0.0251136433
528 569 187 206 15 21 cost 0.0248143521
325 406 112 150 73 84 cost 0.0246570619
569 651 225 263 42 52 cost 0.0245346039
81 121 131 150 36 42 cost 0.0244852801
406 488 225 263 73 84 cost 0.024315645
325 406 225 263 52 63 cost 0.0242647556
447 488 187 206 47 52 cost 0.0241640778
243 325 75 112 52 63 cost 0.0238567878
0 81 263 301 52 63 cost 0.023827925
447 488 75 93 42 47 cost 0.0238208179
447 488 75 93 47 52 cost 0.0237867957
488 528 187 206 47 52 cost 0.0236243012
406 488 150 187 10 21 cost 0.0235802345
447 488 187 206 52 57 cost 0.0234729319
447 488 131 150 36 42 cost 0.0233753492
447 488 206 225 36 42 cost 0.0233413176
488 651 225 301 0 21 cost 0.0232955885
121 162 131 150 63 68 cost 0.0232318058
488 528 187 206 52 57 cost 0.0229447866
243 325 187 225 42 52 cost 0.0228610533
488 651 0 75 63 84 cost 0.0228033158
548 569 196 206 52 54 cost 0.0224403324
488 528 150 168 52 57 cost 0.0222217177
569 651 225 263 52 63 cost 0.0222130657
447 488 206 225 42 47 cost 0.0222107213
406 447 206 225 63 68 cost 0.0221226953
81 162 150 187 73 84 cost 0.0218189226
81 121 168 187 52 57 cost 0.0218121062
548 569 196 206 54 57 cost 0.0215714666
243 325 150 187 42 52 cost 0.0215362931
0 81 150 187 63 73 cost 0.021497685
488 528 150 168 47 52 cost 0.0214004913
569 651 187 225 21 31 cost 0.021382701
325 365 112 131 47 52 cost 0.0213578537
0 81 263 301 63 73 cost 0.0212212581
488 528 187 206 36 42 cost 0.0210036218
488 569 75 112 42 52 cost 0.0208987788
447 488 187 206 57 63 cost 0.0207487991
325 406 75 112 0 10 cost 0.0207204497
81 121 168 187 47 52 cost 0.0205469182
406 447 206 225 31 36 cost 0.0205157472
325 365 112 131 31 36 cost 0.0203939735
447 488 187 206 42 47 cost 0.02032517
0 81 225 263 42 52 cost 0.0202330109
488 528 187 206 42 47 cost 0.0202128983
548 569 196 206 47 49 cost 0.0202007778
325 406 187 225 21 31 cost 0.0201860117
121 162 131 150 36 42 cost 0.0200779091
447 488 187 206 36 42 cost 0.020040276
81 121 168 187 57 63 cost 0.019921156
488 528 150 168 57 63 cost 0.0198569063
325 365 131 150 36 42 cost 0.0197946324
447 488 206 225 31 36 cost 0.0196291608
447 488 206 225 63 68 cost 0.0195887813
243 325 187 225 52 63 cost 0.0193239591
243 325 112 150 52 63 cost 0.0192475489
406 488 75 112 73 84 cost 0.01923017
488 528 187 206 57 63 cost 0.0191891721
406 447 206 225 73 78 cost 0.0191155221
488 569 225 263 42 52 cost 0.0191018494
528 569 206 225 21 26 cost 0.0189619871
325 406 187 225 63 73 cost 0.0185394705
162 243 187 225 52 63 cost 0.0184368397
488 569 225 263 52 63 cost 0.0184099281
488 528 150 168 36 42 cost 0.0183743607
325 406 150 187 21 31 cost 0.0183187934
528 569 206 225 15 21 cost 0.0182888979
325 365 131 150 42 47 cost 0.0182321379
325 406 187 225 73 84 cost 0.0181702064
488 569 150 187 0 10 cost 0.017939798
406 488 112 150 0 10 cost 0.0177364095
81 121 131 150 68 73 cost 0.0177355294
488 528 150 168 42 47 cost 0.0177011122
528 569 168 187 52 57 cost 0.0176735078
162 243 187 225 42 52 cost 0.0175773339
81 162 263 301 52 63 cost 0.0175443071
325 406 150 187 63 73 cost 0.0175363267
488 651 75 150 0 21 cost 0.0175048711
406 488 75 112 10 21 cost 0.0171880534
325 365 93 112 57 63 cost 0.0171210704
488 528 168 187 52 57 cost 0.0171102048
0 81 263 301 42 52 cost 0.0169713568
162 325 0 75 42 63 cost 0.0169399773
406 447 206 225 68 73 cost 0.0168764388
325 488 0 75 63 84 cost 0.0168696114
528 569 168 187 47 52 cost 0.0168645661
528 569 187 206 10 15 cost 0.0168324775
81 121 131 150 31 36 cost 0.0168010602
488 528 187 206 31 36 cost 0.0166892738
447 488 131 150 31 36 cost 0.0165865719
0 81 150 187 31 42 cost 0.0165397443
243 325 112 150 21 31 cost 0.0164320763
488 528 168 187 47 52 cost 0.0164311461
406 488 150 187 0 10 cost 0.0162579486
528 569 168 187 57 63 cost 0.0162535904
447 488 112 131 47 52 cost 0.0161748571
243 325 75 112 21 31 cost 0.0159890961
325 365 75 93 42 47 cost 0.0158978077
406 447 187 206 47 52 cost 0.0158228329
81 162 187 225 52 63 cost 0.0158215145
325 406 225 263 63 73 cost 0.0157621909
447 488 150 168 47 52 cost 0.0156957356
488 569 75 112 52 63 cost 0.015680128
447 488 206 225 26 31 cost 0.0156128949
406 447 93 112 47 52 cost 0.0155449699
406 447 206 225 26 31 cost 0.0155435447
325 406 112 150 0 10 cost 0.0154661401
488 528 168 187 57 63 cost 0.015239588
406 447 206 225 78 84 cost 0.0152012197
447 488 187 206 31 36 cost 0.015096988
81 162 263 301 63 73 cost 0.0150774674
0 81 225 263 63 73 cost 0.01495494
406 447 187 206 36 42 cost 0.0149540779
81 162 187 225 42 52 cost 0.0148507894
447 488 150 168 52 57 cost 0.0148487657
528 569 168 187 36 42 cost 0.0148215273
488 528 150 168 31 36 cost 0.0147285467
325 365 75 93 36 42 cost 0.0147262277
569 651 187 225 10 21 cost 0.0147225401
406 447 93 112 42 47 cost 0.0147155295
406 447 187 206 42 47 cost 0.014684633
447 488 187 206 63 68 cost 0.0146324009
488 528 168 187 36 42 cost 0.0145427822
325 365 131 150 47 52 cost 0.0144628748
81 121 168 187 42 47 cost 0.0142481641
447 488 112 131 52 57 cost 0.0142358488
447 488 112 131 42 47 cost 0.0141521579
81 121 150 168 52 57 cost 0.0141393205
488 528 206 225 47 52 cost 0.0140671657
325 406 187 225 10 21 cost 0.0139799199
406 447 187 206 52 57 cost 0.0139549441
528 569 168 187 42 47 cost 0.0139145941
325 406 225 263 73 84 cost 0.0138752265
406 447 150 168 47 52 cost 0.0138559201
447 488 150 168 42 47 cost 0.0138296544
325 365 75 93 47 52 cost 0.0138123616
81 121 150 168 47 52 cost 0.0138046058
447 488 206 225 68 73 cost 0.0136552504
325 406 150 187 73 84 cost 0.0135858137
488 528 168 187 42 47 cost 0.0135511963
488 528 187 206 73 78 cost 0.0135260954
121 162 131 150 68 73 cost 0.0134751662
325 406 225 263 21 31 cost 0.013390365
0 81 150 187 73 84 cost 0.0133686506
447 488 112 131 57 63 cost 0.0132995184
447 488 206 225 73 78 cost 0.0132492138
121 162 112 131 47 52 cost 0.0132105593
488 528 187 206 63 68 cost 0.0132042188
121 162 112 131 52 57 cost 0.0131906502
365 406 93 112 47 52 cost 0.0131539272
447 488 187 206 73 78 cost 0.0131020086
528 548 187 196 49 52 cost 0.0130864457
121 162 131 150 31 36 cost 0.0129724021
325 406 150 187 10 21 cost 0.0129495992
0 81 150 187 21 31 cost 0.0129032005
447 488 150 168 57 63 cost 0.0129021077
0 81 263 301 73 84 cost 0.0128912627
488 528 206 225 36 42 cost 0.0128349627
406 447 150 168 52 57 cost 0.0128349428
406 447 206 225 21 26 cost 0.0127982707
406 447 187 206 57 63 cost 0.0127929232
488 528 206 225 52 57 cost 0.0127903858
325 365 131 150 31 36 cost 0.0127791314
488 528 187 206 26 31 cost 0.0127742405
528 569 206 225 10 15 cost 0.0127589605
488 651 0 75 0 21 cost 0.0126250878
121 162 150 168 47 52 cost 0.0125958603
447 488 93 112 47 52 cost 0.0125953591
81 162 263 301 42 52 cost 0.0125735055
406 447 131 150 47 52 cost 0.0124332192
162 325 0 75 21 42 cost 0.0124331466
447 488 187 206 26 31 cost 0.0124022897
447 488 112 131 36 42 cost 0.0123936477
406 447 150 168 42 47 cost 0.0121793847
447 488 93 112 42 47 cost 0.0120382071
488 528 206 225 42 47 cost 0.0120150988
528 548 187 196 54 57 cost 0.011944502
121 162 150 168 52 57 cost 0.0119056295
81 162 225 263 52 63 cost 0.0118882638
488 528 187 206 68 73 cost 0.011810533
121 162 112 131 57 63 cost 0.0117637965
365 406 93 112 52 57 cost 0.0117617363
488 528 168 187 31 36 cost 0.011751573
488 528 206 225 31 36 cost 0.0117365993
81 121 150 168 57 63 cost 0.0116001766
447 488 206 225 21 26 cost 0.0113108958
528 548 187 196 52 54 cost 0.0112194125
406 447 131 150 42 47 cost 0.0111979066
406 447 150 168 57 63 cost 0.0111912376
406 447 168 187 47 52 cost 0.0111894454
488 528 187 206 78 84 cost 0.0110713512
528 548 196 206 49 52 cost 0.0110662622
447 488 168 187 52 57 cost 0.0110554748
569 651 187 225 0 10 cost 0.0110366796
447 488 168 187 47 52 cost 0.0109804312
406 447 131 150 52 57 cost 0.0109320631
447 488 187 206 68 73 cost 0.0109124133
447 488 168 187 57 63 cost 0.0109084783
243 325 150 187 52 63 cost 0.0108713806
528 569 168 187 31 36 cost 0.0108590216
162 325 225 301 42 63 cost 0.0108315056
406 447 131 150 36 42 cost 0.0107824938
406 488 75 112 0 10 cost 0.01073957
406 447 187 206 31 36 cost 0.010666695
121 162 150 168 42 47 cost 0.0106527615
447 488 187 206 78 84 cost 0.0106116505
406 447 168 187 52 57 cost 0.0103953877
81 162 225 263 42 52 cost 0.0103262002
162 243 150 187 42 52 cost 0.0103221885
406 447 168 187 57 63 cost 0.0102985673
365 406 93 112 42 47 cost 0.0102331416
406 447 168 187 42 47 cost 0.010075377
488 528 206 225 57 63 cost 0.0100727257
447 488 206 225 78 84 cost 0.0098886091
81 121 150 168 42 47 cost 0.0098490491
528 548 196 206 54 57 cost 0.0097383381
406 447 112 131 47 52 cost 0.009656962
447 488 168 187 42 47 cost 0.0096333351
447 488 187 206 21 26 cost 0.0096264051
488 528 187 206 21 26 cost 0.0096147747
325 488 0 75 0 21 cost 0.0096047101
0 81 225 263 73 84 cost 0.0095838958
528 548 196 206 52 54 cost 0.0093858544
121 162 112 131 42 47 cost 0.009384169
528 548 187 196 47 49 cost 0.009338149
406 447 131 150 57 63 cost 0.0093243817
325 406 187 225 0 10 cost 0.0093151008
365 406 93 112 57 63 cost 0.0092108656
488 528 206 225 26 31 cost 0.0092082256
121 162 150 168 57 63 cost 0.0091979461
406 447 112 131 42 47 cost 0.0091731388
406 447 187 206 63 68 cost 0.0091553252
488 528 187 206 15 21 cost 0.0089713615
325 406 150 187 0 10 cost 0.0088463675
81 162 263 301 73 84 cost 0.0088080141
365 406 93 112 36 42 cost 0.0084202377
447 488 112 131 31 36 cost 0.0084123123
406 447 112 131 36 42 cost 0.0082937159
406 447 187 206 73 78 cost 0.0082274209
528 548 196 206 47 49 cost 0.0080548422
325 365 75 93 52 57 cost 0.0080175712
162 243 150 187 52 63 cost 0.007844906
0 81 187 225 52 63 cost 0.0078239169
406 447 112 131 52 57 cost 0.0078064233
406 447 187 206 26 31 cost 0.0077324154
325 365 75 93 31 36 cost 0.0077137745
81 162 187 225 63 73 cost 0.0077059203
488 528 206 225 73 78 cost 0.0076986545
406 447 187 206 68 73 cost 0.0075385774
81 162 225 263 63 73 cost 0.0075189555
81 162 187 225 31 42 cost 0.007414024
162 325 225 301 21 42 cost 0.0074000753
488 528 206 225 63 68 cost 0.0073887396
121 162 112 131 63 68 cost 0.0072362161
0 81 187 225 42 52 cost 0.0071482077
406 447 131 150 31 36 cost 0.0069050807
365 406 131 150 47 52 cost 0.0066876832
121 162 112 131 36 42 cost 0.0065961571
365 406 131 150 42 47 cost 0.0065683983
488 528 206 225 68 73 cost 0.0065126896
488 528 206 225 78 84 cost 0.0065115344
162 325 225 301 63 84 cost 0.006345361
406 447 112 131 57 63 cost 0.0063251311
488 528 206 225 21 26 cost 0.0061601947
406 447 187 206 78 84 cost 0.0060811169
406 447 187 206 21 26 cost 0.0058987754
488 528 187 206 10 15 cost 0.005829701
488 528 206 225 15 21 cost 0.0057845379
81 121 112 131 52 57 cost 0.0057104083
81 121 112 131 47 52 cost 0.0055452672
365 406 112 131 47 52 cost 0.0055229834
365 406 131 150 36 42 cost 0.0054741278
528 569 150 168 57 63 cost 0.0053091707
365 406 112 131 42 47 cost 0.0051794731
406 447 112 131 31 36 cost 0.0051275359
81 121 112 131 57 63 cost 0.0050885884
528 569 150 168 52 57 cost 0.0049520497
365 406 93 112 31 36 cost 0.0049315889
548 569 187 196 49 52 cost 0.0047938517
81 162 187 225 73 84 cost 0.0047858518
81 162 187 225 21 31 cost 0.0047028405
325 365 75 93 57 63 cost 0.0046311766
365 406 112 131 36 42 cost 0.0046118695
81 162 225 263 73 84 cost 0.004583342
325 406 263 301 42 52 cost 0.0044945086
0 81 187 225 31 42 cost 0.0044584926
0 81 187 225 63 73 cost 0.0044491754
528 569 150 168 47 52 cost 0.0044470683
325 406 263 301 31 42 cost 0.0043090025
528 569 150 168 36 42 cost 0.004278281
121 162 112 131 31 36 cost 0.0042746002
548 569 187 196 54 57 cost 0.0041605139
548 569 187 196 52 54 cost 0.0041294334
121 162 112 131 68 73 cost 0.0039397495
325 406 263 301 52 63 cost 0.0039208449
488 528 206 225 10 15 cost 0.0039037094
81 121 112 131 42 47 cost 0.0038068013
528 569 150 168 42 47 cost 0.0038028528
365 406 131 150 31 36 cost 0.0035697529
528 569 150 168 31 36 cost 0.003531695
162 325 0 75 0 21 cost 0.0035309139
548 569 187 196 47 49 cost 0.0033960796
406 488 263 301 52 63 cost 0.0033696456
81 121 112 131 63 68 cost 0.0032027537
121 162 168 187 47 52 cost 0.0031257779
121 162 168 187 52 57 cost 0.0030815447
365 406 112 131 31 36 cost 0.0030091765
162 325 225 301 0 21 cost 0.0029445854
0 81 187 225 21 31 cost 0.0029321363
0 81 187 225 73 84 cost 0.0028475137
81 121 112 131 36 42 cost 0.0027668529
325 406 263 301 63 73 cost 0.0026941456
121 162 168 187 42 47 cost 0.0026362857
406 488 263 301 42 52 cost 0.0026307732
406 488 263 301 31 42 cost 0.0026125938
162 325 0 75 63 84 cost 0.0025913578
121 162 168 187 57 63 cost 0.0023269616
406 488 263 301 63 73 cost 0.0022770144
325 406 263 301 21 31 cost 0.0022613587
325 406 263 301 73 84 cost 0.0021022816
406 447 75 93 47 52 cost 0.0020546482
81 121 112 131 68 73 cost 0.001986878
406 447 75 93 42 47 cost 0.0019805434
81 121 112 131 31 36 cost 0.0018819129
365 406 75 93 47 52 cost 0.001875289
406 488 263 301 21 31 cost 0.0018526662
162 243 75 112 42 52 cost 0.0018295231
162 243 75 112 31 42 cost 0.0016767192
365 406 75 93 52 57 cost 0.0016437688
365 406 75 93 42 47 cost 0.0014227518
365 406 75 93 57 63 cost 0.0011775186
406 488 263 301 73 84 cost 0.0011727976
365 406 75 93 36 42 cost 0.0010730414
162 243 75 112 52 63 cost 0.0008584567
0 81 112 150 52 63 cost 0.0008027782
162 243 75 112 21 31 cost 0.0006968567
365 406 75 93 31 36 cost 0.0006027149
0 81 112 150 42 52 cost 0.0005752502
0 81 112 150 63 73 cost 0.000423587
0 81 112 150 31 42 cost 0.0003917674
569 651 263 301 52 63 cost 0.0003124616
0 81 112 150 21 31 cost 0.0002768975
569 651 263 301 42 52 cost 0.0002651449
0 81 112 150 73 84 cost 0.0002645917
81 162 75 112 42 52 cost 5.42455e-05
81 162 75 112 31 42 cost 5.22366e-05
488 569 0 37 42 52 cost 4.26928e-05
488 569 0 37 52 63 cost 3.11577e-05
81 162 75 112 52 63 cost 2.86503e-05
569 651 0 37 52 63 cost 2.4241e-05
488 569 263 301 42 52 cost 1.96603e-05
81 162 75 112 21 31 cost 1.77064e-05
0 162 0 75 42 63 cost 1.21205e-05
0 162 0 75 63 84 cost 1.21205e-05
569 651 150 187 63 73 cost 1.13163e-05
0 162 0 75 0 21 cost 1.1145e-05
569 651 150 187 42 52 cost 1.00738e-05
569 651 75 112 52 63 cost 9.194e-06
569 651 75 112 42 52 cost 8.2185e-06
0 81 75 112 21 31 cost 7.5173e-06
488 569 263 301 52 63 cost 6.9862e-06
0 162 0 75 21 42 cost 5.7911e-06
569 651 112 150 42 52 cost 5.2157e-06
81 162 75 112 73 84 cost 4.1324e-06
569 651 150 187 52 63 cost 3.6471e-06
569 651 150 187 31 42 cost 2.9509e-06
81 162 75 112 63 73 cost 2.2842e-06
569 651 150 187 10 21 cost 8.69e-07
569 651 150 187 21 31 cost 8.401e-07
569 651 150 187 73 84 cost 6.865e-07
569 651 150 187 0 10 cost 5.798e-07
0 81 75 112 52 63 cost 0
0 81 75 112 63 73 cost 0
0 81 75 112 73 84 cost 0
569 651 0 37 42 52 cost 0
569 651 37 75 52 63 cost 0
569 651 37 75 42 52 cost 0
0 81 75 112 42 52 cost 0
0 81 75 112 31 42 cost 0
569 651 112 150 52 63 cost 0
partitioning time: 118.507753 seconds
