hostname : cph-c43.uncc.edu
bounding: [1053872.965;1068485.726]x[860186.8419;879395.9741]x[3;730]
read 11056 observations
res: 100 100 1 bw: 250 250 1
box size: 148 x 194 x 728
nbparts: 64
max states: 341376
mem: 0.03052139282 GB (this is an order of magnitude)
34126 states processed
solution: 0.0010610747 in 23 boxes.
naive: 0.0102500115 speedup:9.660028177
sumload:0.0103256389 overhead:1.007378275
64 96 96 128 0 256 cost 0.0010610747
32 64 96 194 0 728 cost 0.0009442332
32 64 64 96 0 728 cost 0.0009379734
64 96 64 96 0 256 cost 0.0009097124
64 96 128 194 0 728 cost 0.0008861787
96 128 96 128 0 256 cost 0.000778615
32 64 32 64 0 728 cost 0.0007143687
96 148 64 96 0 728 cost 0.0006977916
96 128 128 160 0 256 cost 0.0006501936
96 128 160 194 0 728 cost 0.0005619268
128 148 96 128 0 728 cost 0.0003657627
64 148 32 64 0 728 cost 0.0003623574
64 96 96 128 256 728 cost 0.0003513337
96 128 96 128 256 728 cost 0.0003453002
64 96 64 96 256 728 cost 0.0002859073
96 128 128 160 256 728 cost 0.0002212935
0 32 0 194 0 728 cost 0.0001765098
32 148 0 32 0 728 cost 4.01949e-05
128 148 128 160 0 256 cost 2.38731e-05
128 148 128 160 256 728 cost 1.03185e-05
128 148 160 194 0 256 cost 3.612e-07
128 148 160 194 512 728 cost 1.806e-07
128 148 160 194 256 512 cost 1.779e-07
partitioning time: 5.534716 seconds
