hostname : cph-gpu2.uncc.edu
bounding: [-130;-65]x[20;50]x[5875;5958]
read 588189 observations
res: 0.1 0.1 1 bw: 1 1 3
box size: 651 x 301 x 84
nbparts: 16
mem: 0.3539958 GB (this is an order of magnitude)
80076 states processed
solution: 0.5663220437 in 16 boxes.
naive: 7.046724289 speedup:12.44296309
sumload:7.123499385 overhead:1.010895147
480 544 0 160 0 84 cost 0.5663220437
384 448 0 192 0 84 cost 0.5467911816
544 651 0 301 32 64 cost 0.5363256447
320 384 0 128 0 84 cost 0.5137061637
96 128 0 301 0 84 cost 0.5068927581
0 96 0 301 0 84 cost 0.5005636618
320 384 128 301 0 84 cost 0.4946208745
384 448 192 301 0 84 cost 0.4759974252
480 544 192 301 0 84 cost 0.4567487401
448 480 160 301 0 84 cost 0.4291111959
128 192 0 301 0 84 cost 0.4279526984
448 480 0 160 0 84 cost 0.4214396425
192 320 0 301 0 84 cost 0.4173315746
480 544 160 192 0 84 cost 0.3714783307
544 651 0 301 64 84 cost 0.2537737625
544 651 0 301 0 32 cost 0.2044436867
partitioning time: 985.931395 seconds
