hostname : cph-c60.uncc.edu
bounding: [-130;-65]x[20;50]x[5875;5958]
read 588189 observations
res: 0.01 0.01 1 bw: 0.5 0.5 3
box size: 6501 x 3001 x 84
nbparts: 1024
solution: 0.8492951999 in 1030 boxes.
naive: 162.5264313 speedup:191.3662427
sumload:237.9889532 overhead:1.464309228
3250 4062 1500 1875 52 63 cost 0.8492951999
4062 4875 1500 1875 73 84 cost 0.8452734695
3250 4062 1875 2250 52 63 cost 0.8392322903
4062 4875 2250 2625 31 42 cost 0.8387048602
4875 5688 1125 1500 42 52 cost 0.8361090523
3250 3656 1125 1312 42 47 cost 0.835538255
1625 2437 1125 1500 52 63 cost 0.8352667092
812 1218 1312 1500 63 68 cost 0.8308751886
5688 6501 1875 2250 52 63 cost 0.8263252697
4062 4468 2062 2250 47 52 cost 0.8236913872
5281 5688 2062 2250 31 36 cost 0.8199413715
5484 5688 2062 2156 49 52 cost 0.8138110047
812 1625 1500 1875 31 42 cost 0.8043320351
4468 4875 1312 1500 47 52 cost 0.7981076608
4875 6501 750 1500 63 84 cost 0.796471204
4875 5688 1125 1500 52 63 cost 0.7952788074
4062 4875 1500 1875 21 31 cost 0.7851629585
1218 1625 1312 1500 52 57 cost 0.7784298366
4062 4468 2062 2250 52 57 cost 0.7760097071
1218 1625 1312 1500 47 52 cost 0.7690786807
3250 4062 750 1125 10 21 cost 0.7687473086
5688 6501 1875 2250 31 42 cost 0.7684147276
0 812 1500 1875 42 52 cost 0.7600501626
4062 4875 1125 1500 73 84 cost 0.7590526125
812 1218 1312 1500 36 42 cost 0.7552616879
4062 4875 2250 2625 63 73 cost 0.751296445
1218 1625 1312 1500 57 63 cost 0.7471635406
5281 5688 2062 2250 68 73 cost 0.7447731021
4468 4875 1312 1500 52 57 cost 0.7332132882
4062 4468 2062 2250 57 63 cost 0.7268478695
4062 4875 750 1125 21 31 cost 0.7231253098
4468 4875 1312 1500 57 63 cost 0.7203311155
3250 4062 1125 1500 63 73 cost 0.714735264
3250 4875 0 750 21 42 cost 0.7107458713
1625 2437 1125 1500 21 31 cost 0.7081302867
4062 4468 2062 2250 42 47 cost 0.6963104446
4468 4875 1312 1500 42 47 cost 0.6923790115
5484 5688 2062 2156 52 54 cost 0.6889161279
4062 4468 2062 2250 36 42 cost 0.6855821672
0 812 2250 2625 52 63 cost 0.6751212194
812 1625 1500 1875 63 73 cost 0.6744709915
2437 3250 1125 1500 42 52 cost 0.6732075066
5281 5688 1875 2062 21 26 cost 0.6655537138
0 1625 2250 3001 0 21 cost 0.6604900288
2437 3250 1125 1500 31 42 cost 0.6603733625
5484 5688 2062 2156 39 42 cost 0.6596522158
3250 3656 937 1125 31 36 cost 0.6575742638
5484 5688 1968 2062 49 52 cost 0.6514032421
3250 3656 937 1125 52 57 cost 0.6477775256
5484 5688 2062 2156 47 49 cost 0.647628775
0 812 2625 3001 52 63 cost 0.6473514254
5484 5688 2062 2156 78 81 cost 0.6469550082
5281 5688 1875 2062 15 21 cost 0.6469339453
5484 5688 2062 2156 54 57 cost 0.6459384305
4468 4875 750 937 42 47 cost 0.6454007505
4468 4875 750 937 47 52 cost 0.6445036656
4468 4875 2062 2250 47 52 cost 0.6428802143
3250 3656 1125 1312 47 52 cost 0.6423321534
5484 5688 2062 2156 75 78 cost 0.6421856211
3250 4062 1125 1500 10 21 cost 0.6408557569
4875 5688 1500 1875 10 21 cost 0.6397270878
5484 5688 2062 2156 44 47 cost 0.6375088268
5484 5688 2062 2156 57 60 cost 0.6283005394
4468 4875 750 937 36 42 cost 0.6264588576
2437 3250 750 1125 52 63 cost 0.6216442575
4468 4875 2062 2250 52 57 cost 0.6216264336
5484 5688 2062 2156 60 63 cost 0.6209101748
5688 6501 1875 2250 63 73 cost 0.6134493561
5688 6094 2062 2250 47 52 cost 0.6133489141
5484 5688 2062 2156 36 39 cost 0.6111560565
1625 2031 1312 1500 36 42 cost 0.6105155283
4875 5688 1125 1500 31 42 cost 0.6100381456
812 1625 1125 1500 0 10 cost 0.609452559
3250 4062 1125 1500 73 84 cost 0.6033693165
4875 5281 562 750 42 47 cost 0.601711862
3250 4062 2250 2625 42 52 cost 0.5981833775
4468 4875 2062 2250 57 63 cost 0.5978199381
1015 1218 1312 1406 49 52 cost 0.5975745356
0 812 1500 1875 63 73 cost 0.5960743879
4875 5281 1500 1687 52 57 cost 0.5928723697
1625 3250 1500 2250 0 21 cost 0.5908644118
3250 3656 1125 1312 31 36 cost 0.5905736369
0 812 2625 3001 63 73 cost 0.5896114555
4875 5281 562 750 47 52 cost 0.5889365884
5281 5688 2062 2250 26 31 cost 0.5873185403
4468 4875 1312 1500 36 42 cost 0.5808890763
5688 6501 1875 2250 73 84 cost 0.5797204553
2437 3250 1875 2250 42 52 cost 0.5713048906
4875 5281 1500 1687 47 52 cost 0.5707208351
2843 3250 937 1125 36 42 cost 0.5695747895
4468 4875 1875 2062 47 52 cost 0.5672662276
2843 3250 937 1125 42 47 cost 0.5668202392
1625 2031 1312 1500 42 47 cost 0.5612260706
812 1218 1312 1500 68 73 cost 0.5600572363
5484 5688 1968 2062 52 54 cost 0.55814168
406 812 1687 1875 52 57 cost 0.5578119465
1218 1625 1312 1500 42 47 cost 0.5569079445
4468 4875 1875 2062 52 57 cost 0.5566943286
406 812 1687 1875 57 63 cost 0.5551668182
4062 4875 1125 1500 10 21 cost 0.554142393
4468 4875 1312 1500 63 68 cost 0.5531579671
4062 4468 2062 2250 63 68 cost 0.5516802567
3250 4062 2250 2625 31 42 cost 0.5497123315
4468 4875 2062 2250 36 42 cost 0.548866399
1015 1218 1312 1406 54 57 cost 0.5466102116
5484 5688 1968 2062 39 42 cost 0.5453303161
3250 4062 2250 2625 52 63 cost 0.5415853683
5484 5688 1968 2062 54 57 cost 0.5391812028
0 812 2250 2625 42 52 cost 0.5371010427
4468 4875 2062 2250 42 47 cost 0.5332756134
4468 4875 750 937 52 57 cost 0.5329654598
4062 4875 375 750 42 52 cost 0.5292248344
4875 6501 0 750 63 84 cost 0.5279234202
4062 4875 1500 1875 10 21 cost 0.5272928988
4875 5281 562 750 36 42 cost 0.5258880142
3250 3453 1218 1312 39 42 cost 0.5249768691
4875 5281 1500 1687 57 63 cost 0.5249645661
812 1625 1500 1875 21 31 cost 0.5243328337
812 1218 1312 1500 31 36 cost 0.5234747002
5484 5688 1968 2062 36 39 cost 0.521474209
4062 4875 2250 2625 21 31 cost 0.5210197884
1015 1218 1406 1500 49 52 cost 0.5164212074
5484 5688 2062 2156 65 68 cost 0.5105887355
4875 6501 2250 3001 0 21 cost 0.5066960123
4062 4468 2062 2250 31 36 cost 0.5039239314
5484 5688 2062 2156 42 44 cost 0.5025169685
1015 1218 1312 1406 52 54 cost 0.5020075036
4875 5281 1875 2062 47 52 cost 0.5008349261
5484 5688 1968 2062 57 60 cost 0.4990293164
5688 6501 2250 2625 42 52 cost 0.4987008406
5688 6094 2062 2250 42 47 cost 0.496579456
2843 3250 937 1125 47 52 cost 0.4957652811
2437 3250 1500 1875 42 52 cost 0.4957156499
5484 5688 1968 2062 47 49 cost 0.4954938382
5484 5688 1968 2062 44 47 cost 0.4949633196
2437 3250 1875 2250 52 63 cost 0.4921081335
4062 4875 2250 2625 73 84 cost 0.4887513144
5484 5688 1968 2062 60 63 cost 0.4885567805
4468 4875 1875 2062 57 63 cost 0.4880664911
4875 5281 1875 2062 52 57 cost 0.4846749478
3250 4062 1875 2250 21 31 cost 0.484131775
4062 4875 750 1125 73 84 cost 0.4840003117
812 1218 1312 1500 73 78 cost 0.4827708084
4062 4468 2062 2250 73 78 cost 0.4826687415
4875 5281 1500 1687 36 42 cost 0.4826144319
3250 3656 937 1125 26 31 cost 0.4790159581
812 1218 1687 1875 52 57 cost 0.4785529341
5484 5688 2062 2156 63 65 cost 0.4780783098
3250 4062 750 1125 0 10 cost 0.476188588
1625 2031 1312 1500 47 52 cost 0.4759312249
4468 4875 1875 2062 42 47 cost 0.4742073673
4875 5281 562 750 52 57 cost 0.4741724123
4468 4875 1875 2062 36 42 cost 0.4733914851
1218 1625 1312 1500 63 68 cost 0.4724929254
4062 4875 375 750 52 63 cost 0.4713776392
1015 1218 1406 1500 54 57 cost 0.4698408854
1015 1218 1312 1406 57 60 cost 0.4692409227
4875 5281 1500 1687 42 47 cost 0.4684311839
5281 5484 1875 1968 49 52 cost 0.4676725889
5484 5688 1968 2062 78 81 cost 0.4654157539
4468 4875 2062 2250 31 36 cost 0.4633617947
5281 5688 1875 2062 5 10 cost 0.4629750807
5688 6501 1875 2250 21 31 cost 0.4600529835
4875 5688 750 1125 42 52 cost 0.4593587987
5484 5688 1968 2062 75 78 cost 0.4591627225
4468 4875 2062 2250 63 68 cost 0.458646118
0 812 2625 3001 42 52 cost 0.4574282571
1625 2031 1312 1500 31 36 cost 0.455393585
4875 5688 2250 2625 42 52 cost 0.4534443044
0 812 1500 1875 31 42 cost 0.4521060395
812 1218 1687 1875 47 52 cost 0.4505156838
5688 6501 2250 2625 52 63 cost 0.449596777
3250 3453 1218 1312 36 39 cost 0.4473703144
5484 5688 2062 2156 73 75 cost 0.4468492005
3250 4062 1500 1875 21 31 cost 0.4462697105
4875 5281 1875 2062 36 42 cost 0.4446262094
3250 4062 1875 2250 63 73 cost 0.4434432648
4875 5688 2250 2625 52 63 cost 0.4418065119
5281 5688 2062 2250 21 26 cost 0.4416743998
3250 4062 1875 2250 73 84 cost 0.440289534
5281 5688 1875 2062 10 15 cost 0.4376404695
5484 5688 1968 2062 33 36 cost 0.4363521841
3250 3656 937 1125 57 63 cost 0.4362361548
812 1625 1500 1875 10 21 cost 0.4349648283
812 1218 1687 1875 57 63 cost 0.4333607228
1015 1218 1312 1406 47 49 cost 0.4323503321
4468 4875 750 937 31 36 cost 0.4313599348
812 1625 1500 1875 73 84 cost 0.4308981584
4062 4875 750 1125 10 21 cost 0.4305661819
5281 5484 1875 1968 54 57 cost 0.4305236682
4468 4875 1312 1500 68 73 cost 0.4295387443
4875 5281 1875 2062 42 47 cost 0.4288037257
1015 1218 1312 1406 60 63 cost 0.4266750172
5281 5688 2062 2250 15 21 cost 0.4262765371
3250 4062 1500 1875 63 73 cost 0.4260082078
1625 2437 1125 1500 10 21 cost 0.4258707862
1015 1218 1406 1500 52 54 cost 0.423846928
4062 4468 2062 2250 68 73 cost 0.4232908184
4468 4875 1312 1500 31 36 cost 0.4154230741
812 1218 1312 1500 26 31 cost 0.4137767852
1015 1218 1312 1406 44 47 cost 0.4134815972
1015 1218 1406 1500 57 60 cost 0.4106257986
2437 3250 750 1125 21 31 cost 0.4093924198
2437 3250 1500 1875 31 42 cost 0.4087371982
5484 5688 2062 2156 81 84 cost 0.4051159945
3250 3656 1125 1312 52 57 cost 0.4045091213
4875 5281 1875 2062 57 63 cost 0.4034080731
4875 5688 2250 2625 31 42 cost 0.4032281674
5281 5484 1875 1968 52 54 cost 0.4026976578
5688 6501 2250 2625 31 42 cost 0.4020764895
5484 5688 1968 2062 42 44 cost 0.401374151
0 812 2250 2625 63 73 cost 0.3990956305
4875 5688 1500 1875 0 10 cost 0.3988962604
3250 3656 937 1125 63 68 cost 0.3928149931
4062 4875 1125 1500 0 10 cost 0.3917710876
4468 4875 750 937 57 63 cost 0.3911668492
3250 3656 937 1125 73 78 cost 0.3880461106
1218 1625 1312 1500 36 42 cost 0.3871262066
5484 5688 1968 2062 65 68 cost 0.3869350774
4062 4468 937 1125 47 52 cost 0.3869297451
4062 4468 2062 2250 78 84 cost 0.38596334
4875 5281 1500 1687 31 36 cost 0.3850034975
4062 4468 2062 2250 26 31 cost 0.384126243
3250 4062 1125 1500 0 10 cost 0.3836296507
1015 1218 1406 1500 47 49 cost 0.3831739959
3250 3656 1125 1312 26 31 cost 0.3809823543
4875 6501 750 1500 0 21 cost 0.3796756555
1625 3250 0 750 42 63 cost 0.3785425887
5281 5484 1875 1968 39 42 cost 0.3770403317
1625 2437 1875 2250 52 63 cost 0.3762147888
3250 3656 937 1125 68 73 cost 0.3734048994
4062 4468 937 1125 42 47 cost 0.3730644243
3250 3656 1312 1500 36 42 cost 0.373011752
3250 3656 937 1125 78 84 cost 0.3723351008
0 812 1500 1875 73 84 cost 0.3713878159
1015 1218 1406 1500 60 63 cost 0.370462945
1015 1218 1406 1500 44 47 cost 0.3703606206
4875 5281 1500 1687 63 68 cost 0.3694806645
3656 4062 937 1125 47 52 cost 0.3693337851
4468 4875 2062 2250 26 31 cost 0.3691490083
4062 4875 1500 1875 0 10 cost 0.3647867115
5484 5688 1968 2062 63 65 cost 0.3642537855
1625 2437 1125 1500 63 73 cost 0.3639395117
4875 5688 375 750 21 31 cost 0.3628822173
5281 5688 1875 2062 0 5 cost 0.3627592773
4062 4468 1875 2062 47 52 cost 0.3615146326
4875 5281 1875 2062 31 36 cost 0.3597562061
0 812 2625 3001 73 84 cost 0.359295114
3250 3656 937 1125 21 26 cost 0.3587943996
0 812 1500 1875 21 31 cost 0.3574123896
1625 2437 1875 2250 42 52 cost 0.3572114132
5281 5484 1875 1968 57 60 cost 0.3571830729
5281 5484 1875 1968 44 47 cost 0.3570175827
4468 4875 1500 1687 47 52 cost 0.3568020294
4468 4875 1875 2062 31 36 cost 0.3564318934
4062 4875 2250 2625 10 21 cost 0.3560802128
4875 5688 750 1125 31 42 cost 0.3553119282
3250 4062 2250 2625 63 73 cost 0.351527
4062 4468 1875 2062 36 42 cost 0.3476148898
5281 5688 1687 1875 52 57 cost 0.346667621
4875 5281 562 750 57 63 cost 0.3441420346
4468 4875 1875 2062 63 68 cost 0.3424477147
812 1218 1312 1500 78 84 cost 0.3418439139
4062 4468 1500 1687 47 52 cost 0.3412808063
5281 5484 1875 1968 36 39 cost 0.3411754689
812 1625 1875 2250 52 63 cost 0.3407007264
4875 5281 1687 1875 52 57 cost 0.3401348438
4062 4468 1875 2062 42 47 cost 0.3398240209
0 812 1500 1875 10 21 cost 0.3384277252
4875 5688 750 1125 52 63 cost 0.3381697797
5484 5688 1968 2062 70 73 cost 0.3374390482
3250 4062 1875 2250 10 21 cost 0.3343828048
3250 4875 0 750 63 84 cost 0.3343661051
812 1218 1312 1500 15 21 cost 0.3343266259
3250 4062 1500 1875 73 84 cost 0.3335091841
4468 4875 1500 1687 52 57 cost 0.3327081169
3453 3656 937 1031 39 42 cost 0.3320259068
3453 3656 937 1031 44 47 cost 0.3316632582
3250 3656 1312 1500 42 47 cost 0.3316534405
3656 4062 937 1125 52 57 cost 0.3311218635
5281 5484 1875 1968 47 49 cost 0.3308667396
5281 5688 1687 1875 47 52 cost 0.3301448683
4875 5281 1687 1875 47 52 cost 0.3269221049
4875 5281 562 750 31 36 cost 0.3249265414
5281 5688 1687 1875 57 63 cost 0.3244181917
812 1218 1312 1500 21 26 cost 0.3240018941
5281 5688 2062 2250 5 10 cost 0.3225927273
812 1625 1875 2250 42 52 cost 0.3224903012
2437 3250 1875 2250 31 42 cost 0.3209606674
4468 4875 1875 2062 73 78 cost 0.32062081
4468 4875 1500 1687 36 42 cost 0.3201916832
2437 3250 750 1125 63 73 cost 0.3200756898
4468 4875 1312 1500 26 31 cost 0.3191978814
4062 4468 2062 2250 21 26 cost 0.3188505919
5484 5688 1968 2062 73 75 cost 0.3180231825
4468 4875 1500 1687 42 47 cost 0.317752258
812 1218 1312 1500 10 15 cost 0.3172721716
4875 5281 1500 1687 26 31 cost 0.3168036074
4062 4468 1500 1687 52 57 cost 0.3154676752
5281 5484 1875 1968 60 63 cost 0.3152091042
3250 4062 1500 1875 10 21 cost 0.3147277864
4468 4875 2062 2250 68 73 cost 0.3132695068
4062 4468 1875 2062 52 57 cost 0.3124075275
5688 6501 1875 2250 10 21 cost 0.3109741756
4062 4468 2062 2250 15 21 cost 0.3109218057
812 1218 1687 1875 42 47 cost 0.3098927012
4468 4875 1125 1312 47 52 cost 0.3078766131
4062 4468 937 1125 52 57 cost 0.3075230209
0 812 2250 2625 31 42 cost 0.3067797672
1218 1625 1500 1687 47 52 cost 0.3059480379
4875 5281 1687 1875 57 63 cost 0.3038463101
0 812 2625 3001 31 42 cost 0.3021814498
5281 5688 2062 2250 10 15 cost 0.3015978006
4062 4468 1500 1687 42 47 cost 0.3010683577
3250 4062 2250 2625 73 84 cost 0.3009405373
5688 6501 2250 2625 63 73 cost 0.3003864875
2437 3250 1125 1500 52 63 cost 0.300221588
5484 5688 1968 2062 28 31 cost 0.3000273066
4875 6501 0 750 0 21 cost 0.2996280117
4468 4875 1875 2062 26 31 cost 0.2977413281
1218 1625 1125 1312 47 52 cost 0.2957087053
5281 5484 1875 1968 42 44 cost 0.2931575876
3453 3656 937 1031 49 52 cost 0.2923319916
5484 5688 1968 2062 81 84 cost 0.292211905
3250 4062 2250 2625 21 31 cost 0.2916998279
4875 5281 1875 2062 73 78 cost 0.2913893858
5281 5688 1687 1875 36 42 cost 0.2911938014
2437 3250 750 1125 10 21 cost 0.2905482247
4468 4875 2250 2437 57 63 cost 0.290537923
1218 1625 1125 1312 52 57 cost 0.2900009219
4468 4875 2062 2250 73 78 cost 0.2897700583
1625 3250 0 750 21 42 cost 0.2894070309
3453 3656 937 1031 42 44 cost 0.2893941816
1218 1625 1500 1687 52 57 cost 0.2880121557
4875 5281 1687 1875 36 42 cost 0.2871384298
3250 3453 937 1031 39 42 cost 0.2866885607
2843 3250 937 1125 31 36 cost 0.2864191485
4875 5281 2062 2250 47 52 cost 0.2838243384
5484 5688 1968 2062 31 33 cost 0.2837235201
5281 5484 1875 1968 33 36 cost 0.2836714738
3453 3656 937 1031 47 49 cost 0.2826323438
4062 4468 1875 2062 57 63 cost 0.2825124965
812 1625 2625 3001 52 63 cost 0.2825021265
4062 4468 937 1125 36 42 cost 0.2824360676
4875 5688 1125 1500 21 31 cost 0.2821737704
3656 4062 937 1125 42 47 cost 0.282044894
4468 4875 1500 1687 57 63 cost 0.2816111971
4062 4468 1500 1687 36 42 cost 0.2807381773
4875 5281 1875 2062 63 68 cost 0.2797984638
4062 4468 2250 2437 47 52 cost 0.2786143162
4062 4468 1500 1687 57 63 cost 0.2757023102
4062 4468 2250 2437 57 63 cost 0.2748737882
4875 5281 1875 2062 26 31 cost 0.2743986397
3453 3656 937 1031 36 39 cost 0.2743572375
5281 5688 1687 1875 42 47 cost 0.2742946053
3250 3656 1500 1687 36 42 cost 0.273888894
5484 5688 1968 2062 68 70 cost 0.2738405024
3250 3656 1500 1687 42 47 cost 0.2727226323
812 1625 1500 1875 0 10 cost 0.2715168473
4468 4875 937 1125 47 52 cost 0.2702295732
4062 4468 2250 2437 52 57 cost 0.2701225775
3250 3656 1125 1312 57 63 cost 0.2697414829
3250 3453 937 1031 44 47 cost 0.2694927082
4062 4875 750 1125 0 10 cost 0.2688190581
4468 4875 1125 1312 52 57 cost 0.2683766853
4875 5688 2250 2625 63 73 cost 0.2681021558
2437 3250 1875 2250 63 73 cost 0.2678053658
4062 4468 937 1125 57 63 cost 0.267753391
4468 4875 2062 2250 21 26 cost 0.2673261589
4468 4875 1125 1312 42 47 cost 0.2672237622
4875 5281 2062 2250 36 42 cost 0.2666850418
4875 5281 1687 1875 42 47 cost 0.2659834656
3250 3656 1312 1500 47 52 cost 0.2648411746
5281 5688 2062 2250 0 5 cost 0.2644314575
812 1218 1500 1687 47 52 cost 0.2642857552
812 1218 1500 1687 52 57 cost 0.2637848434
1015 1218 1312 1406 42 44 cost 0.2636326064
1218 1625 1500 1687 42 47 cost 0.2623498822
5688 6501 2250 2625 73 84 cost 0.2620989803
5281 5484 1875 1968 75 78 cost 0.2616392364
3656 4062 937 1125 57 63 cost 0.2608731903
4468 4875 1875 2062 78 84 cost 0.2603457224
2437 3250 750 1125 73 84 cost 0.2588322143
2437 3250 1125 1500 21 31 cost 0.2583755509
4875 5281 2062 2250 52 57 cost 0.2582959635
4468 4875 1875 2062 68 73 cost 0.2580775197
4062 4468 1312 1500 47 52 cost 0.2562602299
4062 4875 2250 2625 0 10 cost 0.2560161065
4468 4875 750 937 63 68 cost 0.2557874126
1625 2437 1875 2250 63 73 cost 0.255596148
3250 3656 1500 1687 47 52 cost 0.254842794
4875 5281 1875 2062 68 73 cost 0.2547800633
4468 4875 937 1125 42 47 cost 0.25469932
0 812 2250 2625 73 84 cost 0.2542284325
4875 5281 2062 2250 31 36 cost 0.2527705164
4875 5688 2250 2625 73 84 cost 0.2521201559
3250 3453 937 1031 49 52 cost 0.2513455473
1218 1625 1312 1500 68 73 cost 0.2506797416
4062 4468 1875 2062 31 36 cost 0.2499790125
1625 2437 1125 1500 73 84 cost 0.2499519821
2843 3250 750 937 42 47 cost 0.2497187753
3250 3656 750 937 42 47 cost 0.2492594834
4468 4875 1125 1312 57 63 cost 0.248801579
4875 5281 1687 1875 31 36 cost 0.2475515753
3250 3453 937 1031 36 39 cost 0.2468924751
1218 1625 1125 1312 57 63 cost 0.246213384
4875 5281 2062 2250 42 47 cost 0.2458536301
3250 3656 1312 1500 31 36 cost 0.2454672948
5281 5484 1875 1968 78 81 cost 0.2451733973
5281 5484 1875 1968 65 68 cost 0.243884441
2437 3250 1500 1875 52 63 cost 0.2437474893
4062 4468 1687 1875 47 52 cost 0.24354582
4468 4875 937 1125 36 42 cost 0.2425987229
4062 4468 1687 1875 57 63 cost 0.2412863374
3250 3453 937 1031 42 44 cost 0.2412062553
1625 2437 1500 1875 42 52 cost 0.2411846636
3250 3656 1125 1312 21 26 cost 0.2409587531
812 1625 2625 3001 63 73 cost 0.2401141508
4468 4875 2062 2250 15 21 cost 0.2398509851
3250 3453 937 1031 47 49 cost 0.2396343071
1218 1625 1312 1500 31 36 cost 0.2393110895
4468 4875 1125 1312 36 42 cost 0.2378829189
4062 4468 2250 2437 42 47 cost 0.2366197034
4875 5688 2250 2625 21 31 cost 0.2357571242
1015 1218 1406 1500 42 44 cost 0.2354811148
4875 5281 1875 2062 78 84 cost 0.23525457
2437 3250 1875 2250 73 84 cost 0.2347814461
4062 4468 1312 1500 42 47 cost 0.2346641977
4468 4875 1875 2062 21 26 cost 0.2343118884
1625 2437 1875 2250 31 42 cost 0.2341268465
5688 6501 1875 2250 0 10 cost 0.2341064961
4468 4875 937 1125 52 57 cost 0.2337572149
2843 3250 750 937 36 42 cost 0.2331412974
4875 5281 1500 1687 68 73 cost 0.2331350299
1625 2031 1125 1312 36 42 cost 0.2327890351
4062 4468 1687 1875 52 57 cost 0.2310386696
4062 4468 1312 1500 36 42 cost 0.230149004
5281 5484 1875 1968 63 65 cost 0.2276192943
1625 3250 2250 3001 42 63 cost 0.2275470876
4062 4468 1687 1875 36 42 cost 0.2261829974
3656 4062 937 1125 36 42 cost 0.2255397364
0 812 2625 3001 21 31 cost 0.2250225947
4468 4875 1687 1875 57 63 cost 0.2247416612
4468 4875 2250 2437 52 57 cost 0.2238099764
4875 5281 1500 1687 21 26 cost 0.2237918992
4468 4875 1500 1687 31 36 cost 0.2235876894
4062 4468 1312 1500 52 57 cost 0.2228781979
1625 2437 1125 1500 0 10 cost 0.2228148572
3250 4062 1875 2250 0 10 cost 0.2224573693
4468 4875 1687 1875 52 57 cost 0.2211247837
2437 3250 750 1125 0 10 cost 0.2192020123
3250 4062 375 750 42 52 cost 0.2190624992
5281 5484 1968 2062 49 52 cost 0.2186837785
4062 4468 937 1125 63 68 cost 0.218679059
4468 4875 2062 2250 78 84 cost 0.2173120841
4062 4468 1687 1875 42 47 cost 0.216714191
4468 4875 1687 1875 47 52 cost 0.2161799339
5281 5484 1875 1968 70 73 cost 0.2158571311
1218 1625 1500 1687 57 63 cost 0.2158002467
0 812 2250 2625 21 31 cost 0.2154848316
3250 3656 750 937 36 42 cost 0.2154266253
5281 5688 1687 1875 63 68 cost 0.2144878243
5281 5484 1968 2062 36 39 cost 0.2141997071
1218 1625 1312 1500 73 78 cost 0.2136132551
3250 4062 1500 1875 0 10 cost 0.213336091
5281 5688 1687 1875 31 36 cost 0.212425926
4875 5281 1500 1687 73 78 cost 0.2121311129
3250 3656 1875 2062 42 47 cost 0.2121157323
4468 4875 1312 1500 21 26 cost 0.2119575145
4062 4468 1500 1687 31 36 cost 0.2118349566
3250 3656 1875 2062 47 52 cost 0.2115742522
3250 3656 750 937 47 52 cost 0.2113410773
1218 1625 1125 1312 42 47 cost 0.2110980621
5281 5484 1968 2062 39 42 cost 0.2101443302
4468 4875 1875 2062 15 21 cost 0.2092324415
5688 6501 2250 2625 21 31 cost 0.2084392132
5281 5484 1875 1968 28 31 cost 0.2077680116
4062 4468 2062 2250 5 10 cost 0.2072923023
2843 3250 750 937 47 52 cost 0.206975503
4875 5281 1875 2062 21 26 cost 0.2069649431
4468 4875 2250 2437 47 52 cost 0.2068298583
812 1625 2250 2625 52 63 cost 0.2058458649
4468 4875 750 937 68 73 cost 0.2055293343
1625 2031 1125 1312 42 47 cost 0.2052640165
3656 4062 937 1125 63 68 cost 0.2051326764
4875 5281 1687 1875 63 68 cost 0.2050991076
0 812 1500 1875 0 10 cost 0.2046365037
4468 4875 937 1125 57 63 cost 0.2046242818
812 1625 2625 3001 42 52 cost 0.2031460306
3250 4062 2250 2625 10 21 cost 0.2021427478
4062 4468 1875 2062 63 68 cost 0.2018144362
4468 4875 1687 1875 36 42 cost 0.2014058897
1625 2437 1500 1875 31 42 cost 0.2010374582
812 1218 1500 1687 57 63 cost 0.2005034065
5484 5688 1968 2062 26 28 cost 0.2004024314
4875 5281 2062 2250 26 31 cost 0.199071082
4875 5281 2062 2250 57 63 cost 0.1979847148
4468 4875 1500 1687 63 68 cost 0.197952844
3250 3656 1875 2062 36 42 cost 0.1977066339
4875 5281 1687 1875 26 31 cost 0.1971562624
4062 4468 2062 2250 10 15 cost 0.1960965768
3250 3656 2062 2250 36 42 cost 0.1948505411
5281 5484 1875 1968 73 75 cost 0.1942257131
5281 5484 1968 2062 33 36 cost 0.1939478073
812 1218 1500 1687 42 47 cost 0.1938855276
4875 5281 1875 2062 15 21 cost 0.1931446882
4468 4875 1687 1875 42 47 cost 0.1904489705
1625 2031 1125 1312 47 52 cost 0.1901678316
5281 5484 1968 2062 54 57 cost 0.1891038581
4062 4468 1500 1687 63 68 cost 0.1886088611
3656 4062 1687 1875 47 52 cost 0.1885183116
4062 4468 1687 1875 63 68 cost 0.1884996634
4062 4468 1312 1500 57 63 cost 0.1882261862
5281 5484 1875 1968 31 33 cost 0.1875518265
812 1625 2250 2625 42 52 cost 0.1866041636
5281 5484 1968 2062 52 54 cost 0.1862821261
4062 4468 1875 2062 73 78 cost 0.185356477
4468 4875 1125 1312 63 68 cost 0.1851884198
4468 4875 2250 2437 42 47 cost 0.183859549
1218 1625 1312 1500 26 31 cost 0.1834999788
4875 5281 1687 1875 73 78 cost 0.1834433105
1625 2437 1500 1875 52 63 cost 0.1831472011
3250 3656 1687 1875 36 42 cost 0.1818377713
4062 4468 1875 2062 26 31 cost 0.1816967938
3250 3656 2062 2250 42 47 cost 0.1806360734
3656 4062 2062 2250 36 42 cost 0.180418995
5281 5484 1875 1968 68 70 cost 0.1801053318
3250 3656 2062 2250 47 52 cost 0.1780631641
5281 5484 1968 2062 44 47 cost 0.1761956994
5281 5688 1687 1875 73 78 cost 0.1751866981
4875 5281 1500 1687 78 84 cost 0.1750278454
4062 4468 2062 2250 0 5 cost 0.1737227936
3250 3656 1687 1875 42 47 cost 0.1736125231
3250 4875 0 750 0 21 cost 0.1734692709
3250 3656 1312 1500 52 57 cost 0.1733083889
4468 4875 937 1125 31 36 cost 0.171587972
4468 4875 2062 2250 5 10 cost 0.1714912202
2437 3250 1125 1500 63 73 cost 0.1711422054
2437 3250 1125 1500 10 21 cost 0.1706144558
1625 2437 1875 2250 73 84 cost 0.1686599432
2437 3250 1875 2250 21 31 cost 0.1686048262
4062 4468 1125 1312 47 52 cost 0.1680294502
4062 4468 1875 2062 68 73 cost 0.1670001929
5281 5688 1687 1875 68 73 cost 0.1658002609
2437 3250 1500 1875 21 31 cost 0.1657447963
4468 4875 1687 1875 63 68 cost 0.1648162897
4062 4468 1687 1875 31 36 cost 0.1645994495
1218 1625 1312 1500 78 84 cost 0.1641281655
812 1625 1875 2250 63 73 cost 0.1640522989
3656 4062 1500 1687 47 52 cost 0.1627960111
4875 5281 1687 1875 68 73 cost 0.1620568972
1218 1625 1312 1500 15 21 cost 0.1619667133
3250 3656 1500 1687 31 36 cost 0.1618976532
5281 5484 1968 2062 47 49 cost 0.1618489156
3656 4062 1687 1875 42 47 cost 0.1616252069
4062 4468 1125 1312 42 47 cost 0.1613382166
3656 4062 1875 2062 47 52 cost 0.1601437235
1625 2031 1125 1312 31 36 cost 0.159837727
4875 5281 1687 1875 78 84 cost 0.159223363
4875 5281 2062 2250 73 78 cost 0.158960132
5281 5484 1968 2062 57 60 cost 0.1583434141
812 1625 2625 3001 31 42 cost 0.1578434447
812 1625 1875 2250 31 42 cost 0.1575912527
3250 3656 1312 1500 26 31 cost 0.1573686444
4062 4468 937 1125 68 73 cost 0.156469312
3656 4062 2062 2250 42 47 cost 0.1560255471
4468 4875 2062 2250 10 15 cost 0.1551898554
4468 4875 1125 1312 31 36 cost 0.1547770235
4468 4875 937 1125 63 68 cost 0.1547333268
5281 5688 1687 1875 26 31 cost 0.154430632
3250 3656 1687 1875 47 52 cost 0.1543407885
4062 4468 1125 1312 36 42 cost 0.1519913297
3656 4062 2062 2250 47 52 cost 0.1512088278
3656 4062 1312 1500 47 52 cost 0.1505171597
4062 4468 1687 1875 68 73 cost 0.1498347728
1218 1625 1312 1500 21 26 cost 0.1489138065
1218 1625 1125 1312 36 42 cost 0.1485908042
5281 5484 1968 2062 42 44 cost 0.1484392455
5281 5484 1875 1968 26 28 cost 0.1478399314
3656 4062 1312 1500 42 47 cost 0.1477993846
1218 1625 1125 1312 63 68 cost 0.1474679083
1625 3250 2250 3001 21 42 cost 0.1472700998
5281 5484 1875 1968 81 84 cost 0.1467581398
3250 3453 1031 1125 39 42 cost 0.1467396417
4468 4875 1500 1687 68 73 cost 0.1461235856
4875 5281 375 562 47 52 cost 0.1460573275
3656 4062 1500 1687 42 47 cost 0.1455946353
4062 4468 937 1125 31 36 cost 0.1455363282
4468 4875 1875 2062 5 10 cost 0.143804875
3250 4062 2250 2625 0 10 cost 0.14350452
4062 4468 1500 1687 68 73 cost 0.1430825851
4062 4468 1312 1500 31 36 cost 0.1430439033
4875 5281 2062 2250 63 68 cost 0.1429440834
2437 3250 1125 1500 73 84 cost 0.1427036423
5281 5688 1687 1875 78 84 cost 0.1422830717
5281 5484 1968 2062 60 63 cost 0.1416291728
4875 5281 1875 2062 5 10 cost 0.1411427045
4875 5688 750 1125 21 31 cost 0.1409886265
4468 4875 1125 1312 68 73 cost 0.1391539739
4875 5281 375 562 42 47 cost 0.1389666306
4468 4875 1687 1875 31 36 cost 0.1388976301
4468 4875 1875 2062 10 15 cost 0.138165633
3656 4062 1687 1875 36 42 cost 0.1374688712
4062 4468 1875 2062 78 84 cost 0.136567711
4062 4468 1875 2062 21 26 cost 0.1363967684
4468 4875 2062 2250 0 5 cost 0.1363266551
4875 5281 2062 2250 78 84 cost 0.1356789406
3656 4062 937 1125 31 36 cost 0.1356278429
5281 5484 1968 2062 28 31 cost 0.1353278946
3250 3656 2062 2250 31 36 cost 0.1349063159
4062 4468 1125 1312 52 57 cost 0.1348647233
1218 1625 1312 1500 10 15 cost 0.1345106913
3656 4062 1875 2062 42 47 cost 0.1341667384
812 1625 2625 3001 73 84 cost 0.133981093
5281 5484 1968 2062 75 78 cost 0.1339572635
4062 4468 1875 2062 15 21 cost 0.1330368009
4875 5281 2062 2250 68 73 cost 0.1326975014
5281 5484 1968 2062 78 81 cost 0.1325137501
4875 5281 1687 1875 21 26 cost 0.1317970926
3656 4062 937 1125 68 73 cost 0.1313160491
1625 2437 1875 2250 21 31 cost 0.1309439273
2437 3250 1125 1500 0 10 cost 0.1296167158
5281 5484 1968 2062 31 33 cost 0.1289021126
1625 3250 2250 3001 63 84 cost 0.1286737028
3656 4062 937 1125 73 78 cost 0.1285294147
3250 3453 1031 1125 36 39 cost 0.1281213816
4875 5281 2062 2250 21 26 cost 0.1280235316
2437 3250 1500 1875 63 73 cost 0.1279404155
812 1625 2250 2625 63 73 cost 0.1259724048
5281 5688 1500 1687 57 63 cost 0.1256082721
4062 4468 1312 1500 63 68 cost 0.1247861503
4875 5281 1875 2062 10 15 cost 0.1236382681
4875 5281 375 562 52 57 cost 0.1231187717
3250 3656 1875 2062 31 36 cost 0.1230354451
3656 4062 1312 1500 36 42 cost 0.1226559986
4468 4875 1687 1875 68 73 cost 0.1220062583
4875 5281 2062 2250 15 21 cost 0.1212347895
3250 4062 2625 3001 42 52 cost 0.1197688725
3656 4062 1125 1312 47 52 cost 0.1192752107
5281 5484 1968 2062 65 68 cost 0.1191953747
3656 4062 1875 2062 36 42 cost 0.1188807296
5281 5688 1500 1687 52 57 cost 0.1173201226
3656 4062 1125 1312 42 47 cost 0.1167857577
3250 3453 1031 1125 44 47 cost 0.1167100678
4468 4875 937 1125 68 73 cost 0.1166536849
4468 4875 1875 2062 0 5 cost 0.1164166971
3250 4062 2625 3001 31 42 cost 0.1160499392
4875 5281 375 562 36 42 cost 0.1153255331
3250 3453 1031 1125 42 44 cost 0.1150503354
3656 4062 1500 1687 36 42 cost 0.1149290576
5281 5688 1687 1875 21 26 cost 0.1148129492
4875 5281 1875 2062 0 5 cost 0.113476956
2843 3250 750 937 31 36 cost 0.112632685
3656 4062 1312 1500 52 57 cost 0.112564541
4468 4875 1125 1312 26 31 cost 0.112475839
0 812 1875 2250 52 63 cost 0.1117327729
5281 5484 1968 2062 70 73 cost 0.1109141488
3250 3656 750 937 52 57 cost 0.1097615775
3656 4062 2062 2250 31 36 cost 0.109670343
3250 3656 1312 1500 57 63 cost 0.1088373181
3656 4062 937 1125 78 84 cost 0.1079824791
3250 3656 750 937 31 36 cost 0.1077091397
812 1625 2625 3001 21 31 cost 0.1058470548
3656 4062 1125 1312 36 42 cost 0.1050252684
5281 5688 1500 1687 47 52 cost 0.1047784883
4062 4468 1125 1312 57 63 cost 0.1046402292
3250 4062 2625 3001 52 63 cost 0.1043256313
3250 3453 1031 1125 49 52 cost 0.1041750468
3656 4062 937 1125 26 31 cost 0.1035750538
5281 5484 1968 2062 63 65 cost 0.1018205564
5281 5688 1500 1687 36 42 cost 0.1017577498
812 1625 1875 2250 73 84 cost 0.1009202533
0 812 1875 2250 42 52 cost 0.1008376993
3250 3656 1312 1500 21 26 cost 0.1003259124
4062 4468 1875 2062 5 10 cost 0.099905776
3250 3453 1031 1125 47 49 cost 0.0994069551
3656 4062 1125 1312 52 57 cost 0.0988975762
3250 3656 1687 1875 31 36 cost 0.0981200998
4062 4468 1312 1500 26 31 cost 0.0979926986
812 1625 1875 2250 21 31 cost 0.0978010182
1625 2437 1500 1875 21 31 cost 0.0975722817
1218 1625 1125 1312 31 36 cost 0.0960078203
4062 4468 1875 2062 10 15 cost 0.095415082
4062 4468 1125 1312 31 36 cost 0.0952174527
812 1625 2250 2625 31 42 cost 0.0949767706
5281 5484 1968 2062 73 75 cost 0.094649181
3656 4062 1687 1875 31 36 cost 0.0942917651
2437 3250 1500 1875 73 84 cost 0.0940524974
4875 5281 2062 2250 5 10 cost 0.090758448
3656 4062 937 1125 21 26 cost 0.0902810698
5281 5484 1968 2062 26 28 cost 0.0902136907
5281 5688 1500 1687 42 47 cost 0.0894242315
5281 5484 1968 2062 68 70 cost 0.0894020069
4062 4468 1312 1500 68 73 cost 0.0888369666
1625 2437 1500 1875 63 73 cost 0.087734417
4875 5281 375 562 57 63 cost 0.0866714742
1625 3250 0 750 0 21 cost 0.0858890122
3656 4062 1875 2062 31 36 cost 0.0842756462
5281 5688 1500 1687 63 68 cost 0.0839011774
5281 5688 1500 1687 31 36 cost 0.0838628932
3656 4062 1125 1312 57 63 cost 0.0837098143
4875 5281 2062 2250 10 15 cost 0.0822570318
4875 5281 2062 2250 0 5 cost 0.081182577
3656 4062 1312 1500 57 63 cost 0.0804486503
1218 1625 1125 1312 68 73 cost 0.0803409185
5281 5484 1968 2062 81 84 cost 0.0800516916
3656 4062 1312 1500 31 36 cost 0.0797827313
3656 4062 1500 1687 31 36 cost 0.0796733405
5484 5688 1875 1968 49 52 cost 0.0793627017
812 1625 2250 2625 73 84 cost 0.079340957
2031 2437 1125 1312 36 42 cost 0.0791288709
4062 4468 1875 2062 0 5 cost 0.0787149629
4062 4875 2625 3001 52 63 cost 0.0784838867
812 1625 1875 2250 10 21 cost 0.0778218152
4468 4875 1125 1312 21 26 cost 0.0773733358
1218 1625 1125 1312 26 31 cost 0.0751505823
4062 4468 1125 1312 63 68 cost 0.0741494724
1218 1625 1125 1312 73 78 cost 0.0738910954
4062 4468 1312 1500 21 26 cost 0.0731342813
2031 2437 1125 1312 42 47 cost 0.0720641572
3250 4062 2625 3001 63 73 cost 0.0717878824
5484 5688 1875 1968 54 57 cost 0.0698730544
3656 4062 1125 1312 31 36 cost 0.0695868581
1218 1625 1125 1312 15 21 cost 0.0692225981
3453 3656 1031 1125 39 42 cost 0.0687499917
0 812 1875 2250 31 42 cost 0.0686526974
5484 5688 1875 1968 52 54 cost 0.0686058359
3250 4062 375 750 52 63 cost 0.068389387
4875 5281 375 562 31 36 cost 0.0676062885
3250 3656 750 937 26 31 cost 0.0672964385
5484 5688 1875 1968 39 42 cost 0.06588673
3453 3656 1031 1125 44 47 cost 0.0646730403
5484 5688 1875 1968 36 39 cost 0.0637142681
0 812 1875 2250 63 73 cost 0.0630629667
4062 4468 1125 1312 26 31 cost 0.062519549
4062 4875 2625 3001 42 52 cost 0.0623227343
1625 3250 0 750 63 84 cost 0.0621515235
5484 5688 2156 2250 49 52 cost 0.0620259417
4062 4875 2625 3001 31 42 cost 0.0618239379
3250 4062 2625 3001 21 31 cost 0.0613448592
5281 5688 1500 1687 26 31 cost 0.0608011745
1218 1625 1125 1312 21 26 cost 0.0606313243
1625 3250 2250 3001 0 21 cost 0.0601757029
5484 5688 1875 1968 57 60 cost 0.0597370586
3453 3656 1031 1125 42 44 cost 0.0592679468
5484 5688 1875 1968 44 47 cost 0.0591014962
1218 1625 1125 1312 78 84 cost 0.0588517801
5484 5688 1875 1968 60 63 cost 0.058472652
3453 3656 1031 1125 36 39 cost 0.0582724467
2031 2437 1125 1312 47 52 cost 0.0570376257
812 1625 2250 2625 21 31 cost 0.0566122844
1625 2437 1500 1875 73 84 cost 0.0563134848
4062 4468 2437 2625 52 57 cost 0.0561270686
5484 5688 2156 2250 44 47 cost 0.0558163057
5484 5688 1875 1968 33 36 cost 0.0556242432
5484 5688 1875 1968 47 49 cost 0.0555549185
3250 3453 1125 1218 39 42 cost 0.0554977368
3250 4062 2625 3001 73 84 cost 0.0550953779
3453 3656 1031 1125 49 52 cost 0.0550478546
5281 5484 2062 2156 49 52 cost 0.0542701976
5281 5484 2062 2156 36 39 cost 0.0542362824
3656 4062 1312 1500 26 31 cost 0.0538270108
4062 4468 2437 2625 47 52 cost 0.0536373265
5281 5484 2062 2156 39 42 cost 0.0534787632
4062 4875 2625 3001 63 73 cost 0.0533227792
3656 4062 1125 1312 26 31 cost 0.0532469905
4062 4468 1125 1312 68 73 cost 0.0529985592
3250 3656 750 937 57 63 cost 0.0529917151
1218 1625 1125 1312 10 15 cost 0.0524319196
5484 5688 2156 2250 39 42 cost 0.0519046269
4062 4468 2437 2625 57 63 cost 0.0510829822
3453 3656 1031 1125 47 49 cost 0.0510811784
5281 5484 2062 2156 44 47 cost 0.0510120339
5484 5688 2156 2250 47 49 cost 0.0509631887
812 1625 1875 2250 0 10 cost 0.0506450297
2031 2437 1125 1312 31 36 cost 0.0498421457
5484 5688 2156 2250 52 54 cost 0.0483620012
4062 4468 1125 1312 21 26 cost 0.0476941863
5484 5688 1875 1968 42 44 cost 0.047342997
3250 3453 1125 1218 36 39 cost 0.0471801239
5484 5688 2156 2250 60 63 cost 0.0468238127
3250 3656 750 937 21 26 cost 0.0464874362
5484 5688 2156 2250 36 39 cost 0.0453015878
5281 5484 2062 2156 52 54 cost 0.0452895852
5484 5688 1875 1968 65 68 cost 0.0448658851
4062 4875 2625 3001 21 31 cost 0.0447902933
5281 5484 2062 2156 54 57 cost 0.0445735146
5281 5688 1500 1687 68 73 cost 0.0445249982
5281 5484 2062 2156 75 78 cost 0.0442093935
5281 5484 2062 2156 47 49 cost 0.0433508701
0 812 1875 2250 21 31 cost 0.0433298024
3250 3656 750 937 73 78 cost 0.0432432285
5484 5688 2156 2250 54 57 cost 0.0429666182
4062 4468 2437 2625 42 47 cost 0.0429099008
5281 5688 1500 1687 73 78 cost 0.0425300953
3250 3656 750 937 63 68 cost 0.0420178955
3250 3656 750 937 68 73 cost 0.0411423647
5281 5484 2062 2156 57 60 cost 0.0408965958
5484 5688 2156 2250 57 60 cost 0.0405276509
5484 5688 1875 1968 63 65 cost 0.040421028
3250 3656 750 937 78 84 cost 0.040355454
0 812 1875 2250 73 84 cost 0.0400731952
5484 5688 2156 2250 42 44 cost 0.0400588151
5281 5484 2062 2156 78 81 cost 0.0399938124
5281 5484 2062 2156 60 63 cost 0.0397156377
5281 5484 2062 2156 42 44 cost 0.0394499031
5281 5688 1500 1687 21 26 cost 0.0393196653
3453 3656 1125 1218 39 42 cost 0.0390985343
3656 4062 1125 1312 21 26 cost 0.0387498885
3250 4062 2625 3001 10 21 cost 0.0385829976
3656 4062 1312 1500 21 26 cost 0.0381058134
5484 5688 2156 2250 75 78 cost 0.0377970831
3453 3656 1125 1218 36 39 cost 0.0377094838
5484 5688 1875 1968 75 78 cost 0.0370640078
5281 5484 2156 2250 49 52 cost 0.0366490149
5484 5688 2156 2250 65 68 cost 0.0365572278
5484 5688 2156 2250 78 81 cost 0.0364474553
4062 4468 750 937 47 52 cost 0.0362562799
5484 5688 1875 1968 28 31 cost 0.0357317151
5484 5688 1875 1968 78 81 cost 0.0355844361
5484 5688 2156 2250 63 65 cost 0.0355173503
5281 5484 2062 2156 65 68 cost 0.0354851154
5484 5688 1875 1968 31 33 cost 0.0352638686
5281 5688 1500 1687 78 84 cost 0.0351940737
2437 2843 937 1125 42 47 cost 0.0349709018
5281 5484 2062 2156 73 75 cost 0.0349188559
2437 2843 937 1125 36 42 cost 0.0349108336
4062 4468 750 937 42 47 cost 0.0343857233
5484 5688 1875 1968 70 73 cost 0.0342228585
0 812 1875 2250 10 21 cost 0.0338514656
2031 2437 1312 1500 42 47 cost 0.0338380184
2031 2437 1312 1500 47 52 cost 0.0337630335
2031 2437 1312 1500 36 42 cost 0.0337498241
3453 3656 1218 1312 39 42 cost 0.0333940937
4062 4468 750 937 52 57 cost 0.0328633229
5281 5484 2156 2250 52 54 cost 0.0320425059
406 812 1500 1687 52 57 cost 0.0319330898
5281 5484 2156 2250 36 39 cost 0.0311897285
5281 5484 2156 2250 39 42 cost 0.0303934714
406 812 1500 1687 57 63 cost 0.0302135496
5281 5484 2062 2156 63 65 cost 0.029594091
3453 3656 1218 1312 36 39 cost 0.0286652898
4062 4468 750 937 36 42 cost 0.0285802662
5484 5688 1875 1968 68 70 cost 0.0280258981
4062 4875 2625 3001 73 84 cost 0.0275619215
4062 4875 2625 3001 10 21 cost 0.0272892735
812 1015 1406 1500 54 57 cost 0.0271646947
5281 5484 2156 2250 54 57 cost 0.0265417253
5484 5688 1875 1968 73 75 cost 0.0264834179
1625 2437 750 1125 42 52 cost 0.02637386
5281 5484 2156 2250 47 49 cost 0.0263634192
5484 5688 2156 2250 73 75 cost 0.0256526561
4062 4468 750 937 57 63 cost 0.025608441
2437 2843 750 937 36 42 cost 0.0254868611
5281 5484 2156 2250 44 47 cost 0.0252734905
4468 4875 2437 2625 57 63 cost 0.024989131
5484 5688 1875 1968 26 28 cost 0.0245328985
2437 2843 937 1125 47 52 cost 0.02380395
2437 2843 750 937 42 47 cost 0.023498586
812 1015 1406 1500 57 60 cost 0.0231340849
812 1015 1406 1500 49 52 cost 0.0228190199
1625 2437 750 1125 31 42 cost 0.0225569624
3250 4062 2625 3001 0 10 cost 0.0224119965
1218 1625 1687 1875 52 57 cost 0.0221400755
5484 5688 1875 1968 81 84 cost 0.0221160483
5281 5484 2156 2250 60 63 cost 0.0218351075
0 812 1875 2250 0 10 cost 0.0216319173
2031 2437 1312 1500 31 36 cost 0.0213419269
5281 5484 2156 2250 42 44 cost 0.0212579187
5484 5688 2156 2250 81 84 cost 0.0209751508
812 1015 1406 1500 52 54 cost 0.0207887884
5281 5484 2156 2250 65 68 cost 0.0206298098
1218 1625 1687 1875 47 52 cost 0.0204763992
5281 5484 2156 2250 57 60 cost 0.0203845625
5281 5484 2062 2156 81 84 cost 0.0202771898
4468 4875 2437 2625 52 57 cost 0.0198626773
4062 4875 2625 3001 0 10 cost 0.0198556553
2437 2843 750 937 47 52 cost 0.0196172824
5281 5484 2156 2250 75 78 cost 0.0189817291
0 812 1125 1500 52 63 cost 0.0187159787
5281 5484 2156 2250 78 81 cost 0.0185521021
812 1015 1406 1500 60 63 cost 0.0182908341
5281 5484 2156 2250 63 65 cost 0.0180251597
4062 4468 750 937 31 36 cost 0.0176662516
4468 4875 2437 2625 47 52 cost 0.0175642033
1218 1625 1687 1875 57 63 cost 0.0171642763
2437 2843 937 1125 31 36 cost 0.0170095217
1218 1625 1687 1875 42 47 cost 0.0168991751
2437 2843 750 937 31 36 cost 0.0163233352
5688 6094 1875 2062 47 52 cost 0.0153776682
812 1015 1406 1500 47 49 cost 0.0152819863
4062 4468 750 937 63 68 cost 0.0146365029
812 1015 1406 1500 44 47 cost 0.0139153112
4468 4875 2437 2625 42 47 cost 0.0136379093
0 812 1125 1500 42 52 cost 0.0132687383
5281 5484 2156 2250 73 75 cost 0.0130669827
5281 5484 2156 2250 81 84 cost 0.0118209992
5688 6094 1875 2062 42 47 cost 0.0116195881
3656 4062 750 937 52 57 cost 0.0115931427
3656 4062 750 937 47 52 cost 0.0112898594
1625 2437 750 1125 52 63 cost 0.0104131184
4062 4468 750 937 68 73 cost 0.0103525723
0 812 1125 1500 63 73 cost 0.0097343767
0 812 1125 1500 31 42 cost 0.0093916888
812 1015 1406 1500 42 44 cost 0.0093288236
1625 2437 750 1125 21 31 cost 0.009164469
3656 4062 750 937 57 63 cost 0.0083527842
5688 6501 2625 3001 52 63 cost 0.0073773933
5688 6501 2625 3001 31 42 cost 0.0067622169
0 812 1125 1500 21 31 cost 0.0066758555
3656 4062 750 937 42 47 cost 0.0065982938
0 812 1125 1500 10 21 cost 0.0063307444
0 812 1125 1500 73 84 cost 0.0062943378
5688 6501 2625 3001 42 52 cost 0.0061232799
1625 2437 750 1125 10 21 cost 0.006113384
812 1218 1125 1312 52 57 cost 0.005983461
3656 4062 750 937 63 68 cost 0.0055830749
812 1218 1125 1312 47 52 cost 0.0054884798
812 1218 1125 1312 57 63 cost 0.0053719958
1625 2437 750 1125 63 73 cost 0.0052501705
3656 4062 750 937 36 42 cost 0.0048566024
812 1218 1125 1312 42 47 cost 0.0043962358
812 1015 1312 1406 54 57 cost 0.0040614935
1625 2437 750 1125 73 84 cost 0.0039971921
812 1015 1312 1406 49 52 cost 0.0038880784
5688 6501 2625 3001 63 73 cost 0.0037291546
812 1015 1312 1406 57 60 cost 0.0036241089
812 1015 1312 1406 52 54 cost 0.0033659548
0 812 1125 1500 0 10 cost 0.0033209798
812 1218 1125 1312 36 42 cost 0.0032971861
812 1015 1312 1406 60 63 cost 0.0031233362
812 1015 1312 1406 44 47 cost 0.0030897981
812 1218 1125 1312 63 68 cost 0.0030213771
812 1015 1312 1406 47 49 cost 0.0029703843
5688 6501 2625 3001 21 31 cost 0.0028466454
1625 2437 750 1125 0 10 cost 0.0026154705
3656 4062 750 937 68 73 cost 0.0025435492
812 1218 1125 1312 73 78 cost 0.0025179121
812 1218 1125 1312 31 36 cost 0.0024373447
5688 6501 2625 3001 73 84 cost 0.0024114493
812 1218 1125 1312 68 73 cost 0.0023887814
812 1015 1312 1406 42 44 cost 0.0023820431
3656 4062 750 937 31 36 cost 0.0023161396
3656 4062 750 937 73 78 cost 0.0022881241
812 1218 1125 1312 78 84 cost 0.0019911169
3656 4062 750 937 78 84 cost 0.0017396206
812 1218 1125 1312 26 31 cost 0.0016797069
3656 4062 750 937 21 26 cost 0.0015247353
3656 4062 750 937 26 31 cost 0.0013112124
812 1218 1125 1312 15 21 cost 0.0013049012
812 1218 1125 1312 21 26 cost 0.001008003
812 1218 1125 1312 10 15 cost 0.0007454767
812 1625 750 1125 42 52 cost 0.0007331547
5688 6501 0 375 52 63 cost 0.000559089
4875 5688 2625 3001 42 52 cost 0.000469299
812 1625 750 1125 52 63 cost 0.0004087059
812 1625 750 1125 31 42 cost 0.0003091748
812 1625 750 1125 10 21 cost 0.0002930126
4062 4875 0 375 42 52 cost 0.0002795445
0 1625 0 750 42 63 cost 0.0002795445
0 1625 0 750 63 84 cost 0.0002795445
0 1625 0 750 0 21 cost 0.000257097
0 1625 0 750 21 42 cost 0.0002470755
812 1625 750 1125 21 31 cost 0.0002460027
0 812 750 1125 21 31 cost 0.0002186617
5688 6501 750 1125 52 63 cost 0.000212202
5688 6501 1500 1875 63 73 cost 0.0002075921
5688 6501 750 1125 42 52 cost 0.0001897545
5688 6501 1500 1875 42 52 cost 0.0001799181
4875 5688 2625 3001 31 42 cost 0.000167307
4875 5688 2625 3001 52 63 cost 0.000167307
5688 6501 1125 1500 42 52 cost 9.96635e-05
4062 4875 0 375 52 63 cost 9.13613e-05
812 1625 750 1125 73 84 cost 6.38243e-05
812 1625 750 1125 0 10 cost 4.32279e-05
5281 5688 562 750 52 57 cost 3.48715e-05
5281 5688 562 750 57 63 cost 2.15183e-05
5281 5688 562 750 47 52 cost 2.15183e-05
6094 6501 2062 2250 47 52 cost 1.62875e-05
812 1625 750 1125 63 73 cost 8.1966e-06
4875 5688 0 375 42 52 cost 0
5688 6501 375 750 42 52 cost 0
4875 5688 2625 3001 73 84 cost 0
5688 6501 0 375 42 52 cost 0
5281 5688 375 562 57 63 cost 0
0 812 750 1125 52 63 cost 0
5688 6501 1125 1500 21 31 cost 0
5281 5688 375 562 47 52 cost 0
5688 6501 0 375 31 42 cost 0
4875 5688 2625 3001 21 31 cost 0
5688 6501 375 750 31 42 cost 0
5688 6501 1500 1875 52 63 cost 0
3250 4062 0 375 52 63 cost 0
4875 5688 0 375 52 63 cost 0
5688 6501 1500 1875 10 21 cost 0
5281 5688 375 562 36 42 cost 0
0 812 750 1125 73 84 cost 0
5688 6501 1125 1500 52 63 cost 0
5281 5688 375 562 31 36 cost 0
0 812 750 1125 31 42 cost 0
5281 5688 375 562 42 47 cost 0
0 812 750 1125 42 52 cost 0
5688 6501 1125 1500 31 42 cost 0
5688 6501 750 1125 31 42 cost 0
5688 6501 1500 1875 21 31 cost 0
5688 6501 0 375 21 31 cost 0
0 406 1500 1687 57 63 cost 0
5688 6501 1500 1875 73 84 cost 0
0 406 1687 1875 52 57 cost 0
0 406 1500 1687 52 57 cost 0
6094 6501 2062 2250 42 47 cost 0
4875 5688 0 375 21 31 cost 0
5688 6501 1500 1875 0 10 cost 0
6094 6501 1875 2062 42 47 cost 0
4875 5688 0 375 31 42 cost 0
5281 5688 562 750 31 36 cost 0
5688 6501 1500 1875 31 42 cost 0
0 406 1687 1875 57 63 cost 0
5281 5688 562 750 42 47 cost 0
3250 4062 0 375 42 52 cost 0
4875 5688 2625 3001 63 73 cost 0
0 812 750 1125 63 73 cost 0
5281 5688 375 562 52 57 cost 0
0 812 750 1125 10 21 cost 0
5688 6501 375 750 52 63 cost 0
5688 6501 375 750 21 31 cost 0
6094 6501 1875 2062 47 52 cost 0
5688 6501 750 1125 21 31 cost 0
5281 5688 562 750 36 42 cost 0
0 812 750 1125 0 10 cost 0
partitioning time: 146.182270 seconds
