hostname : cph-c8.uncc.edu
bounding: [1053872.965;1068485.726]x[860186.8419;879395.9741]x[3;730]
read 11056 observations
res: 50 50 1 bw: 100 100 1
box size: 294 x 386 x 728
nbparts: 64
max states: 98783744
mem: 8.831954956 GB (this is an order of magnitude)
9314840 states processed
solution: 9.40528e-05 in 64 boxes.
naive: 0.0053159259 speedup:56.52065542
sumload:0.0054071995 overhead:1.017169841
0 294 0 96 64 728 cost 9.40528e-05
96 160 256 320 64 192 cost 9.36127e-05
224 256 96 224 0 256 cost 9.33031e-05
224 294 256 320 64 192 cost 9.30878e-05
96 294 320 386 64 128 cost 9.29544e-05
160 294 320 386 256 728 cost 9.27451e-05
128 160 128 192 64 128 cost 9.24494e-05
128 224 96 224 384 512 cost 9.23412e-05
96 294 96 256 576 640 cost 9.19367e-05
0 294 96 256 640 728 cost 9.1821e-05
128 192 160 224 256 384 cost 9.12864e-05
0 96 160 256 128 640 cost 9.06075e-05
96 128 128 160 64 512 cost 9.05166e-05
96 294 256 320 192 256 cost 9.03931e-05
0 96 96 160 128 640 cost 9.02732e-05
0 96 256 386 64 728 cost 9.0066e-05
160 294 256 288 0 64 cost 8.98357e-05
224 294 96 224 256 512 cost 8.97339e-05
0 96 192 256 0 128 cost 8.97126e-05
160 224 224 256 64 128 cost 8.95734e-05
160 224 128 160 0 128 cost 8.92902e-05
128 192 192 224 64 128 cost 8.90986e-05
192 294 320 386 0 64 cost 8.86499e-05
192 224 160 224 192 384 cost 8.85972e-05
0 160 256 288 0 64 cost 8.78554e-05
160 294 288 320 256 728 cost 8.7409e-05
128 224 96 160 192 384 cost 8.73792e-05
192 224 224 256 128 512 cost 8.72737e-05
96 128 96 160 0 64 cost 8.7246e-05
128 224 160 192 128 192 cost 8.70836e-05
96 294 96 256 512 576 cost 8.70589e-05
128 160 128 192 0 64 cost 8.64809e-05
128 160 224 256 128 512 cost 8.62725e-05
96 128 192 256 64 192 cost 8.58562e-05
128 224 96 128 0 128 cost 8.53135e-05
224 294 224 256 128 512 cost 8.52716e-05
128 192 192 224 0 64 cost 8.48605e-05
160 224 224 256 0 64 cost 8.46943e-05
256 294 192 224 0 256 cost 8.436e-05
96 128 96 128 64 512 cost 8.40483e-05
96 160 256 386 256 728 cost 8.39556e-05
128 192 192 224 128 192 cost 8.35612e-05
96 128 160 256 192 512 cost 8.29498e-05
128 192 160 224 192 256 cost 8.29468e-05
96 128 160 192 0 192 cost 8.16086e-05
160 192 224 256 128 512 cost 8.12133e-05
96 294 320 386 128 256 cost 8.09866e-05
0 96 160 192 0 128 cost 8.0736e-05
192 224 192 224 0 192 cost 7.9731e-05
224 294 224 256 0 128 cost 7.9579e-05
160 224 160 192 0 64 cost 7.91252e-05
192 224 256 320 64 192 cost 7.90945e-05
160 294 256 288 256 728 cost 7.90466e-05
256 294 96 192 0 256 cost 7.89591e-05
192 294 288 320 0 64 cost 7.74485e-05
0 96 96 160 0 64 cost 7.70305e-05
0 96 96 160 64 128 cost 7.63788e-05
0 192 288 386 0 64 cost 7.6185e-05
160 192 256 320 64 192 cost 7.46484e-05
160 224 160 192 64 128 cost 7.05537e-05
128 160 224 256 0 128 cost 6.78765e-05
96 128 192 256 0 64 cost 6.5087e-05
0 294 0 96 0 64 cost 6.28139e-05
128 224 96 160 128 192 cost 6.12818e-05
partitioning time: 1927.962681 seconds
