hostname : cph-gpu1.uncc.edu
bounding: [1053872.965;1068485.726]x[860186.8419;879395.9741]x[3;730]
read 11056 observations
res: 100 100 1 bw: 500 500 7
box size: 148 x 194 x 728
nbparts: 64
mem: 1.95459938 GB (this is an order of magnitude)
161325 states processed
solution: 0.0015116561 in 63 boxes.
naive: 0.0609225435 speedup:40.30185404
sumload:0.0650965188 overhead:1.068512821
64 96 64 96 32 64 cost 0.0015116561
64 96 96 128 160 224 cost 0.001473279
64 96 96 128 224 352 cost 0.0014564147
64 96 64 96 288 728 cost 0.0014288157
96 148 96 128 32 64 cost 0.0014050391
96 148 128 160 256 728 cost 0.0013954012
64 96 128 194 128 256 cost 0.0013545486
64 96 128 194 64 128 cost 0.0013287105
0 64 128 194 0 128 cost 0.0013270455
64 96 96 128 32 64 cost 0.0013182266
0 64 64 96 64 96 cost 0.0013040189
64 96 128 194 256 728 cost 0.001295634
96 148 128 160 128 256 cost 0.0012923995
96 148 96 128 416 728 cost 0.0012813433
64 96 96 128 64 96 cost 0.0012686956
0 64 64 96 32 64 cost 0.0012498863
96 148 96 128 64 96 cost 0.0012466927
64 96 96 128 352 728 cost 0.0012463524
96 148 0 96 128 256 cost 0.0012374778
0 64 64 96 128 256 cost 0.0012308929
96 148 128 160 64 128 cost 0.0012176206
96 148 0 96 256 728 cost 0.0012160065
64 96 64 96 64 96 cost 0.0012153132
64 96 0 64 96 728 cost 0.0012032566
0 64 128 194 128 728 cost 0.0011889731
0 64 0 64 96 192 cost 0.0011777991
0 64 96 128 0 64 cost 0.0011757399
0 64 64 96 256 728 cost 0.0011715177
96 148 96 128 160 224 cost 0.0011503767
64 96 128 194 32 64 cost 0.0011393366
0 64 0 64 32 64 cost 0.0011383693
0 64 96 128 192 728 cost 0.0011332312
0 64 96 128 96 192 cost 0.001102435
96 148 128 160 32 64 cost 0.0010995877
64 96 64 96 192 288 cost 0.0010975553
64 96 64 96 128 192 cost 0.0010579953
64 96 0 64 0 96 cost 0.0010459428
96 148 96 128 288 416 cost 0.0010458734
0 64 0 64 192 728 cost 0.0010259947
96 148 96 128 224 288 cost 0.0009865288
96 148 0 96 64 128 cost 0.0009695369
96 148 0 96 0 64 cost 0.0009342464
96 148 96 128 96 128 cost 0.000890137
64 96 96 128 128 160 cost 0.0008622057
0 64 0 64 64 96 cost 0.0007925807
0 64 64 96 96 128 cost 0.0007920979
0 64 96 128 64 96 cost 0.0007905609
64 96 96 128 96 128 cost 0.0007888971
96 148 96 128 128 160 cost 0.0007812686
96 148 160 194 32 64 cost 0.0007622594
96 148 160 194 320 728 cost 0.0007202681
64 96 64 96 96 128 cost 0.0007108033
96 148 96 128 0 32 cost 0.0007021709
96 148 160 194 160 320 cost 0.0006919568
64 96 96 128 0 32 cost 0.0005925469
64 96 64 96 0 32 cost 0.0005910201
96 148 160 194 96 160 cost 0.0005463147
0 64 0 64 0 32 cost 0.0005448351
0 64 64 96 0 32 cost 0.0005416178
96 148 128 160 0 32 cost 0.0005377176
64 96 128 194 0 32 cost 0.0004638183
96 148 160 194 64 96 cost 0.0004400695
96 148 160 194 0 32 cost 0.0004076052
partitioning time: 118.693099 seconds
