hostname : cph-gpu1.uncc.edu
bounding: [1053872.965;1068485.726]x[860186.8419;879395.9741]x[3;730]
read 11056 observations
res: 100 100 1 bw: 500 500 7
box size: 148 x 194 x 728
nbparts: 32
max states: 0
mem: 0 GB (this is an order of magnitude)
1777 states processed
solution: 0.0120771361 in 23 boxes.
naive: 0.0609225435 speedup:5.04445284
sumload:0.0677082675 overhead:1.111382809
0 148 0 194 32 64 cost 0.0120771361
0 148 0 194 64 96 cost 0.0098382642
0 148 0 194 96 128 cost 0.0067241538
0 148 0 194 128 160 cost 0.0055755777
0 148 0 194 0 32 cost 0.0055148162
0 148 0 194 160 192 cost 0.0045011914
0 148 0 194 224 256 cost 0.0036668219
0 148 0 194 192 224 cost 0.0033073901
0 148 0 194 256 288 cost 0.0027631166
0 148 0 194 288 320 cost 0.002003747
0 148 0 194 320 352 cost 0.0017254575
0 148 0 194 352 384 cost 0.001246785
0 148 0 194 384 416 cost 0.001234578
0 148 0 194 416 448 cost 0.001101636
0 148 0 194 576 608 cost 0.0009743977
0 148 0 194 544 576 cost 0.0009413678
0 148 0 194 512 544 cost 0.0008071998
0 148 0 194 480 512 cost 0.0007249332
0 148 0 194 608 640 cost 0.000712746
0 148 0 194 640 672 cost 0.0006385581
0 148 0 194 672 704 cost 0.0006161649
0 148 0 194 448 480 cost 0.000577596
0 148 0 194 704 728 cost 0.0004346325
partitioning time: 0.253842 seconds
