hostname : cph-bm1.uncc.edu
bounding: [1053872.965;1068485.726]x[860186.8419;879395.9741]x[3;730]
read 11056 observations
res: 100 100 1 bw: 250 250 1
box size: 148 x 194 x 728
nbparts: 16
max states: 1366272
mem: 0.1221542358 GB (this is an order of magnitude)
117852 states processed
solution: 0.0007301694 in 16 boxes.
naive: 0.0102500115 speedup:14.03785409
sumload:0.0103769867 overhead:1.01238781
96 148 96 128 64 256 cost 0.0007301694
0 148 160 194 0 576 cost 0.0007268937
0 148 96 128 256 576 cost 0.0007230369
64 148 64 96 64 192 cost 0.0007172968
0 64 0 128 0 64 cost 0.0007140038
0 96 128 160 0 192 cost 0.000711048
0 148 0 64 64 576 cost 0.0007047641
0 64 64 96 64 576 cost 0.0006730776
0 96 96 128 128 256 cost 0.0006196644
64 148 96 128 0 64 cost 0.0006158364
0 148 128 160 192 576 cost 0.0006079604
64 148 64 96 192 576 cost 0.0006015603
64 148 0 96 0 64 cost 0.0005991423
96 148 128 160 0 192 cost 0.0005881875
0 96 96 128 64 128 cost 0.0005222023
0 148 0 194 576 728 cost 0.0005221428
partitioning time: 18.570612 seconds
