hostname : cph-c78.uncc.edu
bounding: [-130;-65]x[20;50]x[5875;5958]
read 588189 observations
res: 0.01 0.01 1 bw: 1 1 3
box size: 6501 x 3001 x 84
nbparts: 256
solution: 10.91830866 in 260 boxes.
naive: 643.6159509 speedup:58.94831983
sumload:811.2561901 overhead:1.260466259
4875 5688 1875 2250 21 31 cost 10.91830866
0 1625 750 1500 63 84 cost 10.78271684
3250 4062 750 1125 42 52 cost 10.63396777
1625 3250 1500 2250 42 63 cost 10.11307342
0 1625 750 1500 21 42 cost 9.947402562
4062 4875 1125 1500 42 52 cost 9.653295122
3250 4875 2250 3001 21 42 cost 9.350774694
4875 5688 1500 1875 52 63 cost 9.316698858
0 1625 1500 2250 63 84 cost 9.221241927
0 1625 1500 2250 21 42 cost 9.202946427
4062 4875 1125 1500 52 63 cost 9.03670173
4875 6501 750 1500 42 63 cost 8.998933311
4062 4875 1875 2250 63 73 cost 8.734906728
3250 4062 750 1125 31 42 cost 8.538170935
4875 5688 1500 1875 42 52 cost 8.474361351
4062 4875 750 1125 42 52 cost 7.993466672
3250 4875 2250 3001 63 84 cost 7.99318456
3250 4062 1125 1500 42 52 cost 7.933502181
0 1625 2250 3001 63 84 cost 7.795470181
3250 4062 1125 1500 31 42 cost 7.738827159
4875 5688 1875 2250 10 21 cost 7.5066185
4062 4875 1500 1875 42 52 cost 7.380080783
4062 4875 1500 1875 52 63 cost 7.334660891
4875 5688 1500 1875 31 42 cost 7.282326536
4875 6501 0 750 42 63 cost 7.254583936
4062 4875 1875 2250 21 31 cost 6.948738756
4062 4875 1125 1500 31 42 cost 6.948084309
812 1625 1500 1875 52 63 cost 6.931521842
4062 4875 1875 2250 73 84 cost 6.721567427
4875 6501 2250 3001 42 63 cost 6.645812953
5281 5688 1875 2062 52 57 cost 6.565348471
5281 5688 1875 2062 47 52 cost 6.525299661
812 1625 1500 1875 42 52 cost 6.420329392
3250 4062 750 1125 52 63 cost 6.38738071
4062 4875 750 1125 52 63 cost 6.238708093
5281 5688 1875 2062 36 42 cost 6.169369761
1625 3250 1500 2250 21 42 cost 6.154773117
4062 4875 1500 1875 31 42 cost 6.06417182
4062 4875 750 1125 31 42 cost 5.964091926
5281 5688 1875 2062 57 63 cost 5.711598891
1625 3250 750 1500 63 84 cost 5.711114537
1625 3250 750 1500 0 21 cost 5.511956227
4062 4875 1125 1500 63 73 cost 5.5095085
5281 5688 1875 2062 42 47 cost 5.439281747
4875 5688 1875 2250 0 10 cost 5.421187545
1625 2437 1125 1500 31 42 cost 5.407792265
4875 6501 750 1500 21 42 cost 5.319480961
1625 2437 1125 1500 42 52 cost 5.295245191
0 1625 2250 3001 21 42 cost 5.213423787
0 1625 1500 2250 0 21 cost 5.197439137
0 1625 750 1500 0 21 cost 5.1729821
4875 5688 1500 1875 63 73 cost 5.171047278
3250 4875 0 750 42 63 cost 5.04980511
812 1218 1312 1500 52 57 cost 4.870382796
2437 3250 750 1125 42 52 cost 4.856544097
3250 4062 1500 1875 42 52 cost 4.798662238
4062 4875 1875 2250 10 21 cost 4.760047471
4875 6501 2250 3001 21 42 cost 4.728693052
812 1218 1312 1500 47 52 cost 4.71250596
5281 5688 2062 2250 47 52 cost 4.695192159
1625 3250 1500 2250 63 84 cost 4.610198168
4062 4875 2250 2625 52 63 cost 4.582698039
5281 5688 2062 2250 52 57 cost 4.522103407
4875 6501 0 750 21 42 cost 4.499619059
4062 4875 1500 1875 63 73 cost 4.44617305
5281 5688 1875 2062 31 36 cost 4.39602713
5281 5688 2062 2250 36 42 cost 4.363373811
4875 5688 1500 1875 21 31 cost 4.348284801
3250 4062 1875 2250 42 52 cost 4.325373968
812 1218 1312 1500 57 63 cost 4.314670714
3250 4062 1125 1500 52 63 cost 4.301345813
5281 5688 1875 2062 73 78 cost 4.176893092
5281 5688 2062 2250 57 63 cost 4.147423476
5688 6501 1875 2250 42 52 cost 4.12445586
4875 6501 2250 3001 63 84 cost 4.122710792
5281 5688 1875 2062 63 68 cost 4.118492354
3250 4875 2250 3001 0 21 cost 4.057163564
2437 3250 750 1125 31 42 cost 4.037795434
5281 5688 2062 2250 42 47 cost 3.949343333
3250 4062 750 1125 21 31 cost 3.867927863
4062 4875 2250 2625 42 52 cost 3.86692748
3250 4062 750 1125 63 73 cost 3.862424114
5281 5688 1875 2062 78 84 cost 3.827093996
4875 5688 1500 1875 73 84 cost 3.782014416
3250 4062 1500 1875 31 42 cost 3.712009664
5688 6501 1875 2250 52 63 cost 3.702342268
3250 4062 1875 2250 31 42 cost 3.652032005
2437 3250 1125 1500 42 52 cost 3.65127523
2437 3250 1125 1500 31 42 cost 3.585941457
4062 4875 1125 1500 21 31 cost 3.505056592
5281 5688 1875 2062 68 73 cost 3.489633108
5281 5688 2062 2250 73 78 cost 3.437387886
0 812 1500 1875 52 63 cost 3.433314328
4062 4875 750 1125 63 73 cost 3.419221054
4875 6501 750 1500 63 84 cost 3.414527306
3250 4062 1125 1500 21 31 cost 3.402946406
4062 4875 1500 1875 73 84 cost 3.396133941
3250 4062 750 1125 73 84 cost 3.380580524
4062 4875 1875 2250 0 10 cost 3.365448231
1218 1625 1312 1500 52 57 cost 3.358526251
5688 6501 1875 2250 31 42 cost 3.31141081
1218 1625 1312 1500 47 52 cost 3.30619262
1625 2437 1125 1500 52 63 cost 3.302154453
3250 4062 1500 1875 52 63 cost 3.28583645
812 1218 1312 1500 42 47 cost 3.277278769
4062 4875 1500 1875 21 31 cost 3.244147912
3250 4875 0 750 21 42 cost 3.242936594
5281 5688 2062 2250 78 84 cost 3.199473634
3250 4062 1875 2250 52 63 cost 3.190069177
5281 5688 2062 2250 63 68 cost 3.185106185
5281 5688 2062 2250 31 36 cost 3.148894893
1218 1625 1312 1500 57 63 cost 3.111570653
4062 4875 1125 1500 73 84 cost 3.085122693
3250 4062 750 1125 10 21 cost 3.047827872
4062 4468 2062 2250 47 52 cost 3.024809296
4062 4468 2062 2250 52 57 cost 2.841041475
1625 2437 1125 1500 21 31 cost 2.775053232
5281 5688 2062 2250 68 73 cost 2.722550898
5688 6501 1875 2250 63 73 cost 2.692616879
0 812 1500 1875 42 52 cost 2.688188265
4875 5688 1500 1875 10 21 cost 2.686671313
3250 4062 1125 1500 63 73 cost 2.679867355
4062 4468 2062 2250 57 63 cost 2.669455581
5688 6501 1875 2250 73 84 cost 2.63622118
4062 4875 750 1125 21 31 cost 2.635561723
0 1625 2250 3001 0 21 cost 2.613369983
4062 4468 2062 2250 42 47 cost 2.580128181
4062 4468 2062 2250 36 42 cost 2.548297581
3250 4062 2250 2625 42 52 cost 2.481374001
4468 4875 2062 2250 47 52 cost 2.378826907
1218 1625 1312 1500 42 47 cost 2.361917685
4468 4875 2062 2250 52 57 cost 2.338332472
3250 4062 1125 1500 10 21 cost 2.332698897
1625 3250 1500 2250 0 21 cost 2.327571008
0 812 2250 2625 52 63 cost 2.326823547
4468 4875 2062 2250 57 63 cost 2.299917812
4062 4875 1125 1500 10 21 cost 2.258451535
0 812 2625 3001 52 63 cost 2.257847619
3250 4062 1125 1500 73 84 cost 2.234391052
2437 3250 750 1125 52 63 cost 2.224484811
3250 4062 2250 2625 52 63 cost 2.199677515
4468 4875 1875 2062 47 52 cost 2.184715025
4062 4875 1500 1875 10 21 cost 2.165930633
4875 6501 0 750 63 84 cost 2.129445596
4875 5281 1875 2062 47 52 cost 2.129406902
4468 4875 1875 2062 52 57 cost 2.122175321
4875 6501 2250 3001 0 21 cost 2.10986306
4468 4875 2062 2250 36 42 cost 2.096164249
4875 5281 1875 2062 52 57 cost 2.067115831
4468 4875 2062 2250 42 47 cost 1.991348137
5688 6501 1875 2250 21 31 cost 1.942322137
3250 4062 750 1125 0 10 cost 1.907446064
4875 5281 1875 2062 36 42 cost 1.896637311
4468 4875 1875 2062 57 63 cost 1.872061337
4062 4468 2062 2250 31 36 cost 1.86801528
0 812 2250 2625 42 52 cost 1.855710013
4468 4875 1875 2062 42 47 cost 1.837685216
3250 4062 1875 2250 21 31 cost 1.828585771
4875 5281 1875 2062 42 47 cost 1.825983919
4468 4875 1875 2062 36 42 cost 1.810790617
4468 4875 2062 2250 31 36 cost 1.769505518
4062 4875 750 1125 73 84 cost 1.768339806
4875 5281 1875 2062 57 63 cost 1.726104731
3250 4062 1500 1875 21 31 cost 1.711899456
4875 5688 1500 1875 0 10 cost 1.680409282
2437 3250 1125 1500 52 63 cost 1.676092324
3250 4062 1875 2250 63 73 cost 1.676031693
3250 4062 1875 2250 73 84 cost 1.651821838
3250 4062 1500 1875 63 73 cost 1.641144854
4875 6501 750 1500 0 21 cost 1.628758603
0 812 2625 3001 42 52 cost 1.607544038
4062 4875 1125 1500 0 10 cost 1.590234791
4062 4875 750 1125 10 21 cost 1.576623775
812 1625 2625 3001 52 63 cost 1.572823649
1625 3250 0 750 42 63 cost 1.55085515
4875 5281 1875 2062 31 36 cost 1.512041293
4062 4875 1500 1875 0 10 cost 1.491432878
2437 3250 750 1125 21 31 cost 1.486838093
3250 4875 0 750 63 84 cost 1.462458158
2437 3250 1125 1500 21 31 cost 1.434052901
4062 4468 1875 2062 47 52 cost 1.406243031
3250 4062 1125 1500 0 10 cost 1.403526604
4468 4875 1875 2062 31 36 cost 1.364486346
812 1625 1875 2250 52 63 cost 1.3484564
5688 6501 1875 2250 10 21 cost 1.339771713
4062 4468 1875 2062 36 42 cost 1.335171406
4062 4468 1875 2062 42 47 cost 1.309599895
4875 5281 2062 2250 47 52 cost 1.290749944
812 1625 1875 2250 42 52 cost 1.273661637
3250 4062 1500 1875 73 84 cost 1.271790422
3250 4062 1875 2250 10 21 cost 1.265200616
4062 4468 1875 2062 52 57 cost 1.234558495
4875 5281 1875 2062 73 78 cost 1.218142542
3250 4062 1500 1875 10 21 cost 1.207995845
4875 5281 1875 2062 63 68 cost 1.18843604
4875 6501 0 750 0 21 cost 1.184226079
4875 5281 2062 2250 52 57 cost 1.174288231
4875 5281 2062 2250 36 42 cost 1.171527372
1218 1625 1125 1312 47 52 cost 1.152579471
1218 1625 1125 1312 52 57 cost 1.149274071
1625 3250 0 750 21 42 cost 1.139402163
4062 4468 1875 2062 57 63 cost 1.129015211
812 1625 2625 3001 42 52 cost 1.125302388
4875 5281 2062 2250 42 47 cost 1.100857402
4875 5281 2062 2250 31 36 cost 1.070717878
4875 5281 1875 2062 68 73 cost 1.06448876
1218 1625 1125 1312 57 63 cost 1.022874243
812 1625 2250 2625 52 63 cost 1.008986089
5688 6501 1875 2250 0 10 cost 1.003837656
4875 5281 1875 2062 78 84 cost 0.9954832507
4062 4875 750 1125 0 10 cost 0.9851638817
1625 3250 2250 3001 42 63 cost 0.9753832905
4062 4468 1875 2062 31 36 cost 0.9526160597
4875 5281 2062 2250 57 63 cost 0.9221856967
812 1625 2250 2625 42 52 cost 0.888537465
3250 4062 1875 2250 0 10 cost 0.842285883
3250 4875 0 750 0 21 cost 0.8276227717
3250 4062 1500 1875 0 10 cost 0.8248383233
1218 1625 1125 1312 42 47 cost 0.820569808
4875 5281 2062 2250 73 78 cost 0.7019334603
4875 5281 2062 2250 63 68 cost 0.6768764812
1625 3250 2250 3001 21 42 cost 0.6636731463
0 812 1875 2250 52 63 cost 0.6273359096
4875 5281 2062 2250 68 73 cost 0.5954591576
4875 5281 2062 2250 78 84 cost 0.5933942203
0 812 1875 2250 42 52 cost 0.580223335
1625 3250 2250 3001 63 84 cost 0.5696732766
812 1218 1125 1312 52 57 cost 0.5348701593
812 1218 1125 1312 47 52 cost 0.5195616092
812 1218 1125 1312 57 63 cost 0.4764670448
3250 4062 2625 3001 42 52 cost 0.4249227793
3250 4062 2625 3001 52 63 cost 0.3719756951
812 1218 1125 1312 42 47 cost 0.3572156481
1625 3250 0 750 0 21 cost 0.3239628463
4062 4875 2625 3001 52 63 cost 0.3158867273
1625 3250 2250 3001 0 21 cost 0.2645951634
4062 4875 2625 3001 42 52 cost 0.2469282646
1625 3250 0 750 63 84 cost 0.2375776848
1625 2437 750 1125 42 52 cost 0.1801801415
1625 2437 750 1125 31 42 cost 0.1660879762
1625 2437 750 1125 52 63 cost 0.0847692137
0 812 1125 1500 52 63 cost 0.0736172972
1625 2437 750 1125 21 31 cost 0.0693326942
0 812 1125 1500 42 52 cost 0.0526505096
812 1625 750 1125 42 52 cost 0.0053173391
812 1625 750 1125 52 63 cost 0.002737141
0 1625 0 750 42 63 cost 0.0011070245
0 1625 0 750 63 84 cost 0.0011070245
0 1625 0 750 0 21 cost 0.001018137
5688 6501 1500 1875 63 73 cost 0.0009186698
5688 6501 1500 1875 42 52 cost 0.0008727287
0 1625 0 750 21 42 cost 0.0005758755
5688 6501 1500 1875 52 63 cost 0.0003004074
5688 6501 1500 1875 31 42 cost 0.0002066339
5688 6501 1500 1875 21 31 cost 6.0495e-05
5688 6501 1500 1875 10 21 cost 5.05114e-05
5688 6501 1500 1875 0 10 cost 4.79266e-05
5688 6501 1500 1875 73 84 cost 3.85652e-05
0 812 750 1125 42 52 cost 0
0 812 750 1125 52 63 cost 0
partitioning time: 30.495477 seconds
