hostname : cph-c53.uncc.edu
bounding: [1053872.965;1068485.726]x[860186.8419;879395.9741]x[3;730]
read 11056 observations
res: 100 100 1 bw: 2500 2500 1
box size: 148 x 194 x 728
nbparts: 64
max load allowed: 0.02442560064
max states: 21861824
mem: 1.95459938 GB (this is an order of magnitude)
273081 states processed
solution: 0.0242034475 in 31 boxes.
naive: 0.5210794803 speedup:21.52914292
sumload:0.5231047484 overhead:1.003886678
32 64 0 64 0 256 cost 0.0242034475
96 128 128 160 0 192 cost 0.024170607
64 96 128 160 0 192 cost 0.0239030013
64 96 0 64 0 728 cost 0.0237684395
64 96 96 128 96 256 cost 0.0236868079
64 96 96 128 0 96 cost 0.0228139863
0 32 0 128 0 728 cost 0.0222402392
64 96 64 96 0 96 cost 0.022098775
32 64 96 128 0 160 cost 0.0220330918
32 64 64 96 96 728 cost 0.0219257596
96 128 0 96 0 192 cost 0.0216458763
128 148 0 128 0 728 cost 0.0213318401
96 128 96 128 96 288 cost 0.0207763233
96 128 160 194 0 728 cost 0.0203436694
32 64 64 96 0 96 cost 0.0198912417
32 64 128 194 0 728 cost 0.0191649377
64 96 64 96 96 256 cost 0.0188875819
96 128 96 128 0 96 cost 0.0175777008
64 96 96 128 256 728 cost 0.0159054323
96 128 0 96 192 728 cost 0.0148964714
128 148 128 194 0 704 cost 0.0145553514
64 96 160 194 0 728 cost 0.0136305072
96 128 128 160 192 728 cost 0.0131569554
64 96 64 96 256 728 cost 0.012864769
64 96 128 160 192 728 cost 0.0126923979
96 128 96 128 288 728 cost 0.0122054578
32 64 96 128 160 480 cost 0.0107994134
32 64 0 64 256 728 cost 0.0046500778
0 32 128 194 0 728 cost 0.0044534862
32 64 96 128 480 728 cost 0.0027298024
128 148 128 194 704 728 cost 0.0001012999
partitioning time: 712.664104 seconds
