hostname : cph-c54.uncc.edu
bounding: [1053872.965;1068485.726]x[860186.8419;879395.9741]x[3;730]
read 11056 observations
res: 50 50 1 bw: 2500 2500 1
box size: 294 x 386 x 728
nbparts: 64
mem: 8.831954956 GB (this is an order of magnitude)
753503 states processed
solution: 0.0393286928 in 64 boxes.
naive: 2.038316503 speedup:51.82772062
sumload:2.066288787 overhead:1.013723229
160 256 160 192 128 256 cost 0.0393286928
256 294 0 386 256 728 cost 0.0393091456
0 96 128 192 128 728 cost 0.0391939531
160 256 160 192 256 728 cost 0.0390452681
0 96 96 128 0 728 cost 0.0383701412
160 256 192 224 0 64 cost 0.0380470016
160 256 192 224 64 128 cost 0.0380192326
160 256 0 160 0 64 cost 0.0374348475
160 256 0 160 128 256 cost 0.0367422707
0 96 192 386 64 128 cost 0.0367325552
96 128 192 386 128 256 cost 0.0365109919
128 160 224 386 128 256 cost 0.0364901147
160 256 320 386 0 64 cost 0.0360408323
160 256 224 256 0 64 cost 0.0360327696
160 256 288 320 64 192 cost 0.0359793012
96 128 192 386 64 128 cost 0.0357982264
256 294 0 386 128 256 cost 0.0353027714
160 256 256 288 128 256 cost 0.0348660901
96 128 192 386 0 64 cost 0.0348480276
160 256 192 224 320 728 cost 0.0348065372
160 256 224 256 64 128 cost 0.0344831773
128 160 0 160 0 64 cost 0.0343177279
96 128 96 160 128 728 cost 0.0342399772
0 96 192 386 0 64 cost 0.0340686499
160 256 192 224 192 320 cost 0.0339967617
160 256 256 288 0 64 cost 0.0339364435
160 256 0 160 256 728 cost 0.0339073116
160 256 288 320 192 728 cost 0.0337693416
128 160 224 386 0 64 cost 0.0332710945
128 160 160 224 128 256 cost 0.0331825681
160 256 0 160 64 128 cost 0.0330252186
0 96 128 192 64 128 cost 0.032963655
128 160 224 386 256 728 cost 0.0325062124
0 96 0 96 0 728 cost 0.0323457299
160 256 256 288 256 728 cost 0.032014343
256 294 0 386 64 128 cost 0.0318317513
256 294 0 386 0 64 cost 0.0317118483
96 128 192 386 256 728 cost 0.0316690933
160 256 224 256 320 728 cost 0.0314695443
128 160 0 160 192 728 cost 0.0314465234
128 160 224 386 64 128 cost 0.0313393922
160 256 160 192 0 64 cost 0.0312350088
128 160 160 224 0 64 cost 0.0306811616
128 160 160 224 64 128 cost 0.0304828549
160 256 256 288 64 128 cost 0.030418722
128 160 0 160 64 128 cost 0.0303418264
160 256 320 386 256 728 cost 0.0299596036
96 128 0 96 0 728 cost 0.029648672
160 256 224 256 192 320 cost 0.0294895356
160 256 160 192 64 128 cost 0.0294007028
128 160 160 224 256 728 cost 0.0293332987
0 96 128 192 0 64 cost 0.0288690974
160 256 192 224 128 192 cost 0.0287616832
160 256 288 320 0 64 cost 0.0287554764
96 128 160 192 0 128 cost 0.0284267119
0 96 192 386 128 256 cost 0.0284156919
96 128 96 160 0 64 cost 0.0263489412
160 256 224 256 128 192 cost 0.0262364176
160 256 320 386 64 128 cost 0.0258876539
96 128 96 160 64 128 cost 0.0256024618
160 256 320 386 128 256 cost 0.024909097
0 96 192 386 256 728 cost 0.024820396
96 128 160 192 128 728 cost 0.0217606103
128 160 0 160 128 192 cost 0.0161080261
partitioning time: 459.629940 seconds
