hostname : cph-c54.uncc.edu
bounding: [1053872.965;1068485.726]x[860186.8419;879395.9741]x[3;730]
read 11056 observations
res: 50 50 1 bw: 2500 2500 1
box size: 294 x 386 x 728
nbparts: 32
max states: 2695392
mem: 0.240986824 GB (this is an order of magnitude)
762182 states processed
solution: 0.182837873 in 17 boxes.
naive: 2.038316503 speedup:11.1482182
sumload:2.039453668 overhead:1.000557894
192 294 256 320 0 728 cost 0.182837873
128 192 192 256 0 256 cost 0.1817076844
64 192 64 128 0 728 cost 0.1810808087
192 256 192 256 0 512 cost 0.1801281977
192 294 64 192 0 728 cost 0.170521653
64 128 128 192 0 728 cost 0.1635235721
128 192 128 192 0 256 cost 0.1601869711
128 294 320 386 0 728 cost 0.1508177476
128 192 256 320 0 728 cost 0.1427554406
64 128 192 256 0 728 cost 0.139021072
128 192 128 256 256 728 cost 0.1130172255
0 64 64 386 0 728 cost 0.1012833289
64 128 256 386 0 728 cost 0.0745388887
256 294 192 256 0 728 cost 0.0519530603
0 294 0 64 0 256 cost 0.0232834649
192 256 192 256 512 728 cost 0.0178161416
0 294 0 64 256 728 cost 0.0049805378
partitioning time: 128.027287 seconds
