hostname : cph-c45.uncc.edu
bounding: [1053872.965;1068485.726]x[860186.8419;879395.9741]x[3;730]
read 11056 observations
res: 50 50 1 bw: 100 100 1
box size: 294 x 386 x 728
nbparts: 32
max states: 2695392
mem: 0.240986824 GB (this is an order of magnitude)
346604 states processed
solution: 0.0002006667 in 32 boxes.
naive: 0.0053159259 speedup:26.49132068
sumload:0.0054089391 overhead:1.017497084
0 192 192 256 128 192 cost 0.0002006667
0 294 320 386 64 320 cost 0.0001971346
0 192 256 320 128 320 cost 0.0001942144
128 192 0 256 384 728 cost 0.0001934271
0 294 0 128 0 64 cost 0.0001931134
0 128 0 386 320 728 cost 0.0001909074
192 294 128 320 192 256 cost 0.0001886034
128 294 0 386 320 384 cost 0.0001878376
0 192 192 256 192 320 cost 0.0001855178
192 294 0 256 384 728 cost 0.0001797138
0 192 128 192 192 320 cost 0.0001794746
128 192 256 320 0 128 cost 0.0001736958
192 294 192 256 64 128 cost 0.0001736611
192 294 256 320 64 192 cost 0.000171912
128 192 128 192 0 64 cost 0.0001692874
128 294 256 386 384 728 cost 0.0001680258
0 128 128 192 64 128 cost 0.0001679317
192 294 128 256 128 192 cost 0.000166139
128 192 192 256 64 128 cost 0.000164992
192 294 192 256 0 64 cost 0.0001638056
0 128 192 320 64 128 cost 0.0001617537
0 294 0 128 64 128 cost 0.0001603106
192 294 128 192 0 128 cost 0.0001598124
0 294 0 128 128 320 cost 0.0001589394
0 128 192 320 0 64 cost 0.0001584585
128 192 128 192 64 128 cost 0.0001569035
0 192 128 192 128 192 cost 0.0001565821
128 192 192 256 0 64 cost 0.0001507139
192 294 256 320 0 64 cost 0.0001421526
0 128 128 192 0 64 cost 0.000137501
192 294 128 320 256 320 cost 0.0001302909
0 294 320 386 0 64 cost 0.0001254593
partitioning time: 52.446359 seconds
