hostname : cph-gpu1.uncc.edu
bounding: [1053872.965;1068485.726]x[860186.8419;879395.9741]x[3;730]
read 11056 observations
res: 100 100 1 bw: 250 250 1
box size: 148 x 194 x 728
nbparts: 64
mem: 0.4886169434 GB (this is an order of magnitude)
89520 states processed
solution: 0.0003278082 in 51 boxes.
naive: 0.0102500115 speedup:31.2683194
sumload:0.010449706 overhead:1.019482368
64 96 64 96 0 64 cost 0.0003278082
0 64 64 96 64 128 cost 0.0003227769
64 96 96 128 64 128 cost 0.0003191803
96 128 128 160 64 192 cost 0.0003181108
0 64 96 194 64 128 cost 0.0003122624
0 64 96 194 0 64 cost 0.0003065651
64 96 64 96 128 256 cost 0.000303572
96 128 128 160 192 728 cost 0.0003025236
64 96 64 96 64 128 cost 0.0002987202
64 96 96 128 0 64 cost 0.0002947682
96 128 160 194 0 128 cost 0.0002925048
64 96 96 128 128 192 cost 0.0002877886
64 96 64 96 256 728 cost 0.0002859073
96 128 0 96 0 192 cost 0.0002818134
0 64 0 64 128 728 cost 0.000281054
64 96 96 128 192 320 cost 0.0002738475
96 128 160 194 128 728 cost 0.00027295
0 64 64 96 192 728 cost 0.0002708673
96 128 96 128 320 728 cost 0.0002700494
0 64 64 96 0 64 cost 0.0002648855
0 64 0 64 0 64 cost 0.0002599035
0 64 96 194 128 256 cost 0.0002593142
96 128 128 160 0 64 cost 0.0002567807
64 96 96 128 320 728 cost 0.0002540678
96 128 96 128 0 64 cost 0.0002535637
64 96 128 194 0 64 cost 0.000248535
96 128 96 128 64 128 cost 0.0002382442
0 64 96 194 256 728 cost 0.0002225442
64 96 0 64 0 128 cost 0.0002214925
64 96 128 194 128 256 cost 0.0002195918
64 96 128 194 64 128 cost 0.0002176354
64 96 128 194 256 728 cost 0.0002154525
96 128 0 96 192 728 cost 0.0002145069
96 128 96 128 192 320 cost 0.0002139644
0 64 0 64 64 128 cost 0.0002087314
96 128 96 128 128 192 cost 0.0001632975
64 96 0 64 128 728 cost 0.000161204
0 64 64 96 128 192 cost 0.0001238281
128 148 96 128 64 128 cost 9.91355e-05
128 148 0 96 192 728 cost 8.12028e-05
128 148 0 96 64 192 cost 7.88673e-05
128 148 96 128 192 320 cost 7.87125e-05
128 148 96 128 0 64 cost 6.95556e-05
128 148 96 128 320 728 cost 6.59766e-05
128 148 96 128 128 192 cost 5.80105e-05
128 148 0 96 0 64 cost 4.28637e-05
128 148 128 194 64 128 cost 8.1675e-06
128 148 128 194 320 728 cost 7.3806e-06
128 148 128 194 192 320 cost 6.6374e-06
128 148 128 194 0 64 cost 6.4533e-06
128 148 128 194 128 192 cost 6.1294e-06
partitioning time: 41.048096 seconds
