hostname : cph-c54.uncc.edu
bounding: [1053872.965;1068485.726]x[860186.8419;879395.9741]x[3;730]
read 11056 observations
res: 50 50 1 bw: 2500 2500 1
box size: 294 x 386 x 728
nbparts: 32
max load allowed: 0.1273947814
max states: 197567552
mem: 17.66391563 GB (this is an order of magnitude)
893222 states processed
solution: 0.1271723844 in 26 boxes.
naive: 2.038316503 speedup:16.02798054
sumload:2.039342688 overhead:1.000503448
160 224 288 384 0 384 cost 0.1271723844
160 224 192 224 0 728 cost 0.1268693599
96 128 192 386 0 480 cost 0.1259198704
96 128 96 192 0 480 cost 0.1249642962
224 294 224 288 0 728 cost 0.1236126042
128 160 224 386 0 544 cost 0.1234218941
224 294 160 224 0 728 cost 0.1225003405
128 160 160 224 0 728 cost 0.1221132833
0 96 0 160 0 728 cost 0.1218070575
0 96 160 256 0 480 cost 0.1196962196
160 224 0 160 0 728 cost 0.1182675223
160 224 224 256 0 728 cost 0.1139488755
128 160 0 160 0 728 cost 0.1101994118
160 224 160 192 0 728 cost 0.1046815883
160 224 256 288 0 728 cost 0.093866677
224 294 288 386 0 512 cost 0.0887672157
0 96 256 386 0 728 cost 0.0424591279
224 294 0 160 0 728 cost 0.0300775019
96 128 0 96 0 728 cost 0.029648672
160 224 288 384 384 728 cost 0.0213527691
96 128 192 386 480 728 cost 0.0111470288
96 128 96 192 480 728 cost 0.0097386322
0 96 160 256 480 728 cost 0.0088139626
224 294 288 386 512 728 cost 0.0087893216
128 160 224 386 544 728 cost 0.0083839957
160 224 384 386 0 728 cost 0.0011230756
partitioning time: 2388.222603 seconds
