hostname : cph-gpu3.uncc.edu
bounding: [1053872.965;1068485.726]x[860186.8419;879395.9741]x[3;730]
read 11056 observations
res: 50 50 1 bw: 100 100 1
box size: 294 x 386 x 728
nbparts: 64
max load allowed: 0.0001661226844
max states: 98783744
mem: 8.831954956 GB (this is an order of magnitude)
873086 states processed
solution: 0.000161301 in 64 boxes.
naive: 0.0053159259 speedup:32.95655886
sumload:0.0053586614 overhead:1.008039145
96 128 160 224 0 256 cost 0.000161301
192 224 256 320 0 256 cost 0.0001610367
224 294 288 386 0 192 cost 0.0001573059
192 224 224 256 0 256 cost 0.0001565453
96 128 64 128 0 256 cost 0.0001544469
192 224 0 224 0 128 cost 0.0001499917
128 160 160 192 0 256 cost 0.000147525
160 192 224 256 0 384 cost 0.0001467234
160 192 192 224 0 192 cost 0.0001398665
96 128 224 386 0 192 cost 0.0001388361
0 96 0 128 0 192 cost 0.0001379748
192 224 0 224 128 320 cost 0.0001352206
128 160 256 320 0 320 cost 0.0001327983
160 192 0 160 0 192 cost 0.0001320219
224 294 224 256 0 256 cost 0.0001301271
0 96 160 192 0 728 cost 0.0001296171
128 160 192 224 0 256 cost 0.0001294809
160 192 288 386 0 320 cost 0.0001286607
224 294 256 288 0 728 cost 0.000126624
224 294 192 224 0 192 cost 0.0001259337
192 224 320 386 0 256 cost 0.0001246617
128 160 224 256 0 256 cost 0.0001244778
0 96 224 386 0 256 cost 0.0001178388
0 96 192 224 0 384 cost 0.0001141116
160 192 160 192 0 192 cost 0.0001134657
128 160 0 128 0 256 cost 0.0001115406
96 128 128 160 0 192 cost 0.0001000761
160 192 256 288 0 728 cost 9.72297e-05
192 224 0 224 320 704 cost 9.55249e-05
0 96 128 160 0 192 cost 8.88687e-05
224 294 0 192 0 192 cost 8.50788e-05
128 160 128 160 0 192 cost 7.9503e-05
96 128 224 386 192 728 cost 7.72953e-05
160 192 0 160 192 728 cost 6.73017e-05
224 294 0 192 192 728 cost 6.51066e-05
160 192 160 192 192 728 cost 6.31797e-05
224 294 192 224 192 384 cost 6.16023e-05
160 192 192 224 256 728 cost 5.9718e-05
224 294 288 386 192 384 cost 5.68983e-05
128 160 320 386 0 728 cost 5.48662e-05
96 128 160 224 256 728 cost 5.28027e-05
192 224 256 320 256 728 cost 4.89163e-05
128 160 160 192 256 728 cost 4.82571e-05
192 224 224 256 256 728 cost 4.78624e-05
192 224 320 386 256 728 cost 4.44246e-05
224 294 224 256 256 728 cost 4.42392e-05
0 96 0 128 192 728 cost 4.26477e-05
128 160 192 224 256 728 cost 4.20444e-05
224 294 288 386 384 728 cost 4.17342e-05
128 160 224 256 256 728 cost 3.88377e-05
128 160 128 160 192 728 cost 3.54819e-05
224 294 192 224 384 728 cost 3.51237e-05
96 128 128 160 192 728 cost 3.07896e-05
160 192 192 224 192 256 cost 3.04756e-05
96 128 64 128 256 728 cost 2.88879e-05
0 96 128 160 192 728 cost 2.61696e-05
128 160 256 320 320 728 cost 2.58327e-05
0 96 224 386 256 728 cost 2.48844e-05
160 192 288 386 320 728 cost 2.38296e-05
128 160 0 128 256 728 cost 2.33112e-05
160 192 224 256 384 728 cost 1.74129e-05
96 128 0 64 0 728 cost 1.24422e-05
0 96 192 224 384 728 cost 8.2095e-06
192 224 0 224 704 728 cost 3.6612e-06
partitioning time: 639.297223 seconds
