hostname : cph-gpu1.uncc.edu
bounding: [1053872.965;1068485.726]x[860186.8419;879395.9741]x[3;730]
read 11056 observations
res: 100 100 1 bw: 250 250 1
box size: 148 x 194 x 728
nbparts: 16
max load allowed: 0.001921877156
max states: 5465456
mem: 0.4886498451 GB (this is an order of magnitude)
66068 states processed
solution: 0.0019216118 in 16 boxes.
naive: 0.0102500115 speedup:5.334069816
sumload:0.0102917833 overhead:1.004075293
0 64 32 128 0 256 cost 0.0019216118
64 96 96 194 0 288 cost 0.0018155829
96 148 0 128 0 288 cost 0.0016463855
64 96 0 96 0 672 cost 0.0015506874
96 148 128 194 0 384 cost 0.0012430692
96 148 0 128 288 728 cost 0.0005324917
64 96 96 194 288 728 cost 0.0004771605
0 64 128 194 0 320 cost 0.0003600603
0 64 32 128 256 480 cost 0.00025762
0 64 32 128 480 728 cost 0.0001626695
96 148 128 194 512 728 cost 0.0001254381
96 148 128 194 384 512 cost 9.26604e-05
0 64 128 194 320 544 cost 4.36221e-05
0 64 0 32 0 728 cost 2.43669e-05
64 96 0 96 672 728 cost 2.14416e-05
0 64 128 194 544 728 cost 1.69154e-05
partitioning time: 178.336967 seconds
