hostname : cph-gpu2.uncc.edu
bounding: [1053872.965;1068485.726]x[860186.8419;879395.9741]x[3;730]
read 11056 observations
res: 50 50 1 bw: 100 100 1
box size: 294 x 386 x 728
nbparts: 64
max load allowed: 0.0002491840266
max states: 6173952
mem: 0.5519943237 GB (this is an order of magnitude)
390823 states processed
solution: 0.0002487108 in 42 boxes.
naive: 0.0053159259 speedup:21.37392465
sumload:0.0053480978 overhead:1.006051984
96 160 256 320 0 728 cost 0.0002487108
96 160 128 160 0 728 cost 0.0002448648
160 192 224 288 0 512 cost 0.0002423472
96 160 96 128 0 728 cost 0.0002398809
96 160 160 192 0 256 cost 0.0002393826
192 256 224 256 0 256 cost 0.0002366513
160 192 128 192 0 256 cost 0.0002365011
192 256 192 224 0 512 cost 0.0002358237
0 96 160 224 0 512 cost 0.0002357121
192 256 288 320 0 512 cost 0.0002346882
96 160 224 256 0 256 cost 0.0002250678
192 256 320 386 0 256 cost 0.0002063019
192 256 256 288 0 728 cost 0.000206106
0 96 96 160 0 256 cost 0.0002052081
96 160 192 224 0 256 cost 0.0001977318
256 294 160 256 0 256 cost 0.0001969017
192 256 0 192 0 256 cost 0.0001814964
160 192 192 224 0 256 cost 0.0001698021
160 192 288 386 0 728 cost 0.0001524903
0 96 224 386 0 256 cost 0.0001178388
96 160 0 96 0 728 cost 9.08751e-05
96 160 160 192 256 728 cost 8.57355e-05
192 256 320 386 256 728 cost 7.81782e-05
160 192 128 192 256 728 cost 7.37628e-05
192 256 224 256 256 728 cost 7.35118e-05
192 256 0 192 256 728 cost 7.20006e-05
160 192 0 128 0 728 cost 6.46398e-05
96 160 224 256 256 728 cost 6.29817e-05
256 294 160 256 256 512 cost 6.1038e-05
160 192 192 224 256 728 cost 5.9718e-05
96 160 192 224 256 728 cost 5.71938e-05
96 160 320 386 0 728 cost 5.48662e-05
0 96 0 96 0 728 cost 4.90344e-05
192 256 192 224 512 728 cost 4.11408e-05
0 96 96 160 256 728 cost 4.0512e-05
0 96 224 386 256 728 cost 2.48844e-05
192 256 288 320 512 728 cost 2.17906e-05
256 294 0 160 0 728 cost 1.95468e-05
160 192 224 288 512 728 cost 1.83828e-05
256 294 160 256 512 728 cost 1.67703e-05
0 96 160 224 512 728 cost 1.44453e-05
256 294 256 386 0 728 cost 1.35813e-05
partitioning time: 166.183126 seconds
