hostname : cph-gpu1.uncc.edu
bounding: [-130;-65]x[20;50]x[5875;5958]
read 588189 observations
res: 0.1 0.1 1 bw: 1 1 3
box size: 651 x 301 x 84
nbparts: 32
max load allowed: 0.6606304021
max states: 123712
mem: 0.01106071472 GB (this is an order of magnitude)
300352 states processed
solution: 0.6601019534 in 15 boxes.
naive: 7.046724289 speedup:10.67520593
sumload:7.055226771 overhead:1.001206587
384 448 160 301 0 84 cost 0.6601019534
544 576 192 224 0 84 cost 0.6509132056
288 384 0 128 0 84 cost 0.6417285814
0 160 160 301 0 84 cost 0.6340832758
512 544 0 301 0 84 cost 0.6043770842
448 512 128 192 0 84 cost 0.586471283
0 160 0 160 0 84 cost 0.5790977248
288 384 128 301 0 84 cost 0.5559280981
448 512 0 128 0 84 cost 0.5543357813
448 512 192 301 0 84 cost 0.4975693778
160 288 0 301 0 84 cost 0.4481094998
384 448 0 160 0 84 cost 0.362427282
576 651 0 301 0 84 cost 0.1968745224
544 576 0 192 0 84 cost 0.0423864072
544 576 224 301 0 84 cost 0.0408226944
partitioning time: 4551.342450 seconds
