hostname : cph-c21.uncc.edu
bounding: [1053872.965;1068485.726]x[860186.8419;879395.9741]x[3;730]
read 11056 observations
res: 50 50 1 bw: 2500 2500 1
box size: 294 x 386 x 728
nbparts: 32
max states: 2695392
mem: 0.240986824 GB (this is an order of magnitude)
671132 states processed
solution: 0.1272972448 in 23 boxes.
naive: 2.038316503 speedup:16.01225938
sumload:2.04219195 overhead:1.001901298
128 294 320 386 0 384 cost 0.1272972448
192 256 256 320 0 384 cost 0.1267555277
128 192 256 320 0 384 cost 0.1248617543
192 256 128 192 0 728 cost 0.1227325316
192 256 192 256 0 192 cost 0.1181619015
64 128 128 192 0 192 cost 0.1180544246
256 294 0 320 0 728 cost 0.1175112517
64 128 0 128 0 728 cost 0.1134942111
128 192 192 256 128 512 cost 0.1134764399
128 256 0 128 0 728 cost 0.1125579605
128 192 192 256 0 128 cost 0.1117058246
64 128 192 256 0 256 cost 0.1086931161
128 192 128 192 0 128 cost 0.1063958586
128 192 128 192 128 728 cost 0.1053898207
0 64 0 386 0 728 cost 0.1035784492
192 256 192 256 192 728 cost 0.0801256498
64 128 256 386 0 728 cost 0.0745388887
64 128 128 192 192 728 cost 0.0457909755
128 256 256 320 384 728 cost 0.0372950953
64 128 192 256 256 728 cost 0.0304091719
128 294 320 386 384 704 cost 0.0220611003
128 192 192 256 512 728 cost 0.0198453492
128 294 320 386 704 728 cost 0.0014594025
partitioning time: 110.890400 seconds
