hostname : cph-c78.uncc.edu
bounding: [-130;-65]x[20;50]x[5875;5958]
read 588189 observations
res: 0.1 0.1 1 bw: 2.5 2.5 7
box size: 651 x 301 x 84
nbparts: 32
max states: 7680
mem: 0.0006866455078 GB (this is an order of magnitude)
22538 states processed
solution: 7.440616471 in 21 boxes.
naive: 67.21899211 speedup:9.034062215
sumload:67.28613046 overhead:1.0009988
512 576 192 256 0 84 cost 7.440616471
384 651 64 128 0 84 cost 6.248430598
448 512 128 192 0 84 cost 5.449498905
64 128 64 192 0 84 cost 5.389298308
384 448 192 301 0 84 cost 4.658777235
512 651 128 192 0 84 cost 4.53159123
320 384 64 128 0 84 cost 4.530094566
448 512 192 301 0 84 cost 4.512867524
128 192 64 301 0 84 cost 4.351153465
320 384 128 301 0 84 cost 4.33507713
256 320 64 301 0 84 cost 3.284381873
384 448 128 192 0 84 cost 3.253904781
64 128 192 301 0 84 cost 2.387413371
576 640 192 256 0 84 cost 2.267432552
192 256 64 301 0 84 cost 1.768839291
64 651 0 64 0 84 cost 1.683839818
0 64 0 301 0 84 cost 1.09043881
576 640 256 301 0 84 cost 0.0564132597
512 576 256 301 0 84 cost 0.0435522928
640 651 192 256 0 84 cost 0.0014102309
640 651 256 301 0 84 cost 0.0010987517
partitioning time: 124.871801 seconds
