hostname : cph-gpu1.uncc.edu
bounding: [1053872.965;1068485.726]x[860186.8419;879395.9741]x[3;730]
read 11056 observations
res: 50 50 1 bw: 100 100 1
box size: 294 x 386 x 728
nbparts: 64
max load allowed: 0.0002491840266
max states: 98783744
mem: 8.831954956 GB (this is an order of magnitude)
1398581 states processed
solution: 0.0002465688 in 44 boxes.
naive: 0.0053159259 speedup:21.55960486
sumload:0.0053455966 overhead:1.005581474
192 224 288 386 0 384 cost 0.0002465688
96 160 256 386 0 320 cost 0.0002460583
160 192 0 192 0 192 cost 0.000244788
224 294 224 288 0 320 cost 0.0002439675
96 160 96 128 0 728 cost 0.0002398809
96 160 160 192 0 256 cost 0.0002393826
160 192 224 288 0 384 cost 0.0002325699
0 96 160 224 0 384 cost 0.0002305152
192 224 0 224 128 704 cost 0.0002305055
0 96 0 160 0 192 cost 0.0002255238
96 160 224 256 0 256 cost 0.0002250678
192 224 224 288 0 256 cost 0.0002211113
224 294 288 386 0 384 cost 0.0002140842
224 294 0 224 0 192 cost 0.0002105673
96 160 192 224 0 256 cost 0.0001977318
96 160 128 160 0 192 cost 0.0001788795
160 192 192 224 0 256 cost 0.0001698021
160 192 288 386 0 728 cost 0.0001524903
192 224 0 224 0 128 cost 0.0001499917
224 294 0 224 192 448 cost 0.0001251075
0 96 224 386 0 256 cost 0.0001178388
96 160 0 96 0 728 cost 9.08751e-05
160 192 0 192 256 728 cost 9.05658e-05
96 160 128 160 192 728 cost 6.59853e-05
96 160 224 256 256 728 cost 6.29817e-05
96 160 160 192 320 728 cost 6.13773e-05
160 192 192 224 256 728 cost 5.9718e-05
0 96 0 160 192 576 cost 5.79465e-05
96 160 256 386 320 728 cost 5.74392e-05
96 160 192 224 256 728 cost 5.71938e-05
192 224 224 288 256 640 cost 5.71696e-05
224 294 224 288 320 728 cost 5.63391e-05
192 224 288 386 384 728 cost 4.65282e-05
224 294 288 386 384 728 cost 4.17342e-05
160 192 0 192 192 256 cost 3.95022e-05
224 294 0 224 448 728 cost 3.63435e-05
160 192 224 288 384 728 cost 2.81601e-05
96 160 160 192 256 320 cost 2.43582e-05
0 96 160 224 384 728 cost 1.96422e-05
0 96 224 386 320 728 cost 1.43046e-05
0 96 224 386 256 320 cost 1.05798e-05
0 96 0 160 576 728 cost 1.04415e-05
192 224 224 288 640 728 cost 1.03167e-05
192 224 0 224 704 728 cost 3.6612e-06
partitioning time: 1758.905667 seconds
