hostname : cph-c7.uncc.edu
bounding: [1053872.965;1068485.726]x[860186.8419;879395.9741]x[3;730]
read 11056 observations
res: 50 50 1 bw: 100 100 1
box size: 294 x 386 x 728
nbparts: 32
max states: 197567552
mem: 17.66391563 GB (this is an order of magnitude)
28314461 states processed
solution: 0.0003239355 in 32 boxes.
naive: 0.0053159259 speedup:16.4104456
sumload:0.0053371512 overhead:1.003992776
160 224 128 192 0 192 cost 0.0003239355
160 224 192 224 0 352 cost 0.0003102932
160 294 288 320 0 384 cost 0.0003094002
0 128 64 128 0 256 cost 0.000307674
128 160 224 386 0 288 cost 0.0003005419
160 294 320 386 0 384 cost 0.0002845197
0 160 128 160 0 192 cost 0.0002663331
96 160 160 192 0 256 cost 0.0002393826
224 294 224 288 0 288 cost 0.0002312304
0 96 160 224 0 384 cost 0.0002305152
160 224 224 288 96 288 cost 0.0002209724
160 224 224 288 0 96 cost 0.0002134441
224 294 128 224 0 192 cost 0.0002105673
96 160 192 224 0 256 cost 0.0001977318
0 128 224 386 96 480 cost 0.0001888488
160 224 128 224 352 728 cost 0.0001722417
224 294 128 224 192 728 cost 0.000161451
128 294 64 128 0 256 cost 0.0001535715
0 128 224 386 0 96 cost 0.0001440192
160 294 224 288 288 512 cost 0.0001234764
160 294 224 386 512 728 cost 0.0001221969
160 224 128 192 192 352 cost 0.0001155888
0 160 128 386 480 608 cost 9.03822e-05
0 160 128 160 192 480 cost 6.95247e-05
96 160 160 224 256 384 cost 6.25401e-05
0 160 128 386 608 728 cost 5.87058e-05
0 294 64 128 384 728 cost 5.15709e-05
128 160 224 386 288 480 cost 4.3833e-05
160 294 288 386 384 512 cost 4.34988e-05
0 294 64 128 256 384 cost 3.99171e-05
0 160 160 224 384 480 cost 2.91381e-05
0 294 0 64 0 728 cost 2.01048e-05
partitioning time: 5834.537944 seconds
