hostname : cph-c53.uncc.edu
bounding: [1053872.965;1068485.726]x[860186.8419;879395.9741]x[3;730]
read 11056 observations
res: 100 100 1 bw: 2500 2500 1
box size: 148 x 194 x 728
nbparts: 32
max load allowed: 0.04885120128
max states: 596224
mem: 0.05330657959 GB (this is an order of magnitude)
22402 states processed
solution: 0.0483844648 in 17 boxes.
naive: 0.5210794803 speedup:10.76956173
sumload:0.5251305721 overhead:1.007774422
64 128 128 194 96 384 cost 0.0483844648
64 128 64 128 0 64 cost 0.047025302
64 128 64 128 64 128 cost 0.0452998996
64 128 128 194 0 96 cost 0.0449412567
0 64 64 128 96 480 cost 0.0442568825
64 128 64 128 288 728 cost 0.043862479
0 64 64 128 0 96 cost 0.0427206154
128 148 0 194 0 704 cost 0.0357707593
0 64 0 64 0 728 cost 0.0347089991
64 128 64 128 128 192 cost 0.0326056604
64 128 64 128 192 288 cost 0.0312138265
64 128 0 64 0 728 cost 0.0289335009
0 64 128 194 0 608 cost 0.0228930103
64 128 128 194 384 728 cost 0.0147660639
0 64 64 128 480 728 cost 0.006837248
0 64 128 194 608 728 cost 0.000717877
128 148 0 194 704 728 cost 0.0001927267
partitioning time: 55.385975 seconds
