hostname : cph-gpu1.uncc.edu
bounding: [1053872.965;1068485.726]x[860186.8419;879395.9741]x[3;730]
read 11056 observations
res: 50 50 1 bw: 2500 2500 1
box size: 294 x 386 x 728
nbparts: 32
max states: 2695392
mem: 0.240986824 GB (this is an order of magnitude)
393572 states processed
solution: 0.0732476118 in 32 boxes.
naive: 2.038316503 speedup:27.82775373
sumload:2.068336175 overhead:1.014727679
192 256 256 320 0 128 cost 0.0732476118
0 128 192 386 64 128 cost 0.0725178867
128 192 64 320 192 256 cost 0.0723707292
192 256 128 256 0 64 cost 0.0720441099
128 294 320 386 128 728 cost 0.0718486267
0 294 64 128 0 64 cost 0.0718111418
128 294 64 192 128 192 cost 0.0717638309
128 294 64 256 256 320 cost 0.0716481049
192 294 64 320 192 256 cost 0.0707770668
64 128 192 386 192 728 cost 0.0706952144
128 256 320 386 0 128 cost 0.0702934869
128 192 256 320 0 128 cost 0.0702878383
64 128 64 192 192 728 cost 0.0697189854
64 128 64 386 128 192 cost 0.0697104195
192 256 128 256 64 128 cost 0.0691187392
0 128 192 386 0 64 cost 0.0689048426
128 294 64 320 576 728 cost 0.0685954783
192 294 192 320 128 192 cost 0.0680925381
128 192 192 320 128 192 cost 0.0673823018
128 192 64 256 320 576 cost 0.0660281826
128 294 256 320 256 576 cost 0.0657106772
0 128 128 192 64 128 cost 0.0628858668
0 294 64 128 64 128 cost 0.0627310799
256 294 128 386 0 128 cost 0.0622194026
192 294 64 256 320 576 cost 0.0616187402
0 128 128 192 0 64 cost 0.0571859405
128 192 192 256 0 64 cost 0.0569146514
128 192 192 256 64 128 cost 0.0563868492
128 192 128 192 0 64 cost 0.0557310723
128 192 128 192 64 128 cost 0.0524138103
0 64 64 386 128 728 cost 0.0394169457
0 294 0 64 0 728 cost 0.0282640027
partitioning time: 61.720780 seconds
