hostname : cph-c54.uncc.edu
bounding: [1053872.965;1068485.726]x[860186.8419;879395.9741]x[3;730]
read 11056 observations
res: 100 100 1 bw: 500 500 7
box size: 148 x 194 x 728
nbparts: 64
mem: 0.4886169434 GB (this is an order of magnitude)
90976 states processed
solution: 0.0019952402 in 51 boxes.
naive: 0.0609225435 speedup:30.53393947
sumload:0.0633433259 overhead:1.039735413
64 96 64 96 0 64 cost 0.0019952402
0 64 64 96 64 128 cost 0.0019890288
64 96 96 128 64 128 cost 0.0019556647
0 64 96 194 64 128 cost 0.001893117
0 64 96 194 0 64 cost 0.0018723635
96 128 128 160 64 192 cost 0.0018674469
64 96 64 96 64 128 cost 0.0018524605
64 96 64 96 128 256 cost 0.0018158971
64 96 96 128 0 64 cost 0.0018111135
96 128 128 160 192 728 cost 0.001770691
96 128 160 194 0 128 cost 0.0017480984
64 96 96 128 128 192 cost 0.0017360616
96 128 0 96 0 192 cost 0.0017321337
64 96 64 96 256 728 cost 0.0017309092
0 64 64 96 0 64 cost 0.0016923961
64 96 96 128 192 320 cost 0.0016868327
0 64 0 64 128 728 cost 0.0016760209
0 64 64 96 192 728 cost 0.0016273408
96 128 160 194 128 728 cost 0.0016221203
96 128 96 128 320 728 cost 0.0015950534
0 64 96 194 128 256 cost 0.0015776425
0 64 0 64 0 64 cost 0.0015613924
96 128 96 128 0 64 cost 0.001547705
64 96 128 194 0 64 cost 0.0015320189
64 96 96 128 320 728 cost 0.0015109335
96 128 128 160 0 64 cost 0.0014987127
96 128 96 128 64 128 cost 0.0014526978
0 64 96 194 256 728 cost 0.0013614683
64 96 128 194 128 256 cost 0.0013545486
64 96 128 194 64 128 cost 0.0013287105
96 128 0 96 192 728 cost 0.0013203309
96 128 96 128 192 320 cost 0.0013047364
64 96 0 64 0 128 cost 0.0012962987
64 96 128 194 256 728 cost 0.001295634
0 64 0 64 64 128 cost 0.0012883376
96 128 96 128 128 192 cost 0.000996176
64 96 0 64 128 728 cost 0.0009365447
0 64 64 96 128 192 cost 0.0007657578
128 148 96 128 64 128 cost 0.0005886809
128 148 96 128 192 320 cost 0.0004682905
128 148 0 96 64 192 cost 0.0004676381
128 148 0 96 192 728 cost 0.0004650272
128 148 96 128 0 64 cost 0.000444233
128 148 96 128 320 728 cost 0.0003954561
128 148 96 128 128 192 cost 0.0003578788
128 148 0 96 0 64 cost 0.0002609892
128 148 128 194 64 128 cost 6.83457e-05
128 148 128 194 0 64 cost 6.33549e-05
128 148 128 194 320 728 cost 6.27764e-05
128 148 128 194 192 320 cost 5.38393e-05
128 148 128 194 128 192 cost 4.71792e-05
partitioning time: 42.874543 seconds
