hostname : cph-bm1.uncc.edu
bounding: [1053872.965;1068485.726]x[860186.8419;879395.9741]x[3;730]
read 11056 observations
res: 100 100 1 bw: 2500 2500 1
box size: 148 x 194 x 728
nbparts: 16
max states: 5465456
mem: 0.4886498451 GB (this is an order of magnitude)
307102 states processed
solution: 0.0349053113 in 16 boxes.
naive: 0.5210794803 speedup:14.92837224
sumload:0.5257492916 overhead:1.008961802
64 96 96 128 32 192 cost 0.0349053113
0 64 96 128 32 384 cost 0.034869171
96 148 0 96 32 384 cost 0.0347112194
0 96 128 194 96 384 cost 0.0345578664
0 96 0 64 64 384 cost 0.0339416302
96 148 96 128 32 192 cost 0.0338692312
0 148 0 194 384 544 cost 0.0336893483
0 96 0 96 32 64 cost 0.0336406648
0 148 0 194 544 728 cost 0.033432822
64 96 64 96 64 384 cost 0.0328288297
96 148 128 194 96 384 cost 0.0320800374
0 64 64 96 64 384 cost 0.0311305879
64 148 96 128 192 384 cost 0.0310039931
0 148 0 128 0 32 cost 0.030795344
0 96 128 194 0 96 cost 0.0301666775
96 148 128 194 0 96 cost 0.0301265574
partitioning time: 50.058576 seconds
