hostname : cph-c54.uncc.edu
bounding: [1053872.965;1068485.726]x[860186.8419;879395.9741]x[3;730]
read 11056 observations
res: 50 50 1 bw: 2500 2500 14
box size: 294 x 386 x 728
nbparts: 32
mem: 0.2759971619 GB (this is an order of magnitude)
172127 states processed
solution: 0.3353520558 in 32 boxes.
naive: 8.268027147 speedup:24.65476804
sumload:8.288259645 overhead:1.002447077
64 128 128 160 0 728 cost 0.3353520558
192 256 256 288 0 728 cost 0.3331317218
64 128 160 192 0 728 cost 0.3292813654
256 294 0 256 0 728 cost 0.3284176991
128 160 256 386 0 728 cost 0.3206507983
192 256 320 386 0 728 cost 0.320640415
192 256 160 192 0 728 cost 0.319712468
64 128 192 224 0 728 cost 0.3049151122
160 192 0 160 0 728 cost 0.3036721516
64 128 256 386 0 728 cost 0.3026512124
192 256 192 224 0 256 cost 0.2964273991
160 192 288 386 0 728 cost 0.2804282662
160 192 192 224 0 728 cost 0.2801969904
192 256 224 256 0 256 cost 0.2789600216
64 128 224 256 0 728 cost 0.2599477932
192 256 288 320 0 728 cost 0.2594790961
192 256 0 160 0 728 cost 0.2593921987
128 160 192 224 0 728 cost 0.2541007038
64 128 96 128 0 728 cost 0.2508854204
160 192 224 256 0 728 cost 0.243458536
128 160 160 192 0 728 cost 0.2425136028
128 160 0 128 0 728 cost 0.2398068888
160 192 160 192 0 728 cost 0.2384716345
0 64 0 192 0 728 cost 0.2339417591
256 294 256 386 0 728 cost 0.2257038192
128 160 224 256 0 728 cost 0.2145191487
64 128 0 96 0 728 cost 0.2104442626
128 160 128 160 0 728 cost 0.2076871607
160 192 256 288 0 728 cost 0.1917744962
0 64 192 386 0 728 cost 0.1875555173
192 256 192 224 256 728 cost 0.1222070956
192 256 224 256 256 728 cost 0.1119328348
partitioning time: 58.042378 seconds
