hostname : cph-c72.uncc.edu
bounding: [1053872.965;1068485.726]x[860186.8419;879395.9741]x[3;730]
read 11056 observations
res: 50 50 1 bw: 2500 2500 1
box size: 294 x 386 x 728
nbparts: 2048
solution: 0.0034632404 in 2052 boxes.
naive: 2.038316503 speedup:588.5576129
sumload:2.104524117 overhead:1.032481518
0 73 96 193 364 546 cost 0.0034632404
128 147 217 241 0 45 cost 0.0034539611
238 257 193 217 45 91 cost 0.0034511783
91 110 144 168 91 136 cost 0.0034355762
147 183 144 193 455 546 cost 0.0034314571
36 73 144 193 182 273 cost 0.0034281917
165 183 168 193 91 136 cost 0.0034180893
54 73 144 168 45 91 cost 0.0034090678
147 165 168 193 136 182 cost 0.0034052776
183 201 193 217 91 136 cost 0.0033935834
73 91 193 217 45 91 cost 0.0033870402
165 183 217 241 91 136 cost 0.0033868388
110 128 241 265 45 91 cost 0.0033845734
201 220 193 217 136 182 cost 0.003363594
238 257 241 265 45 91 cost 0.0033600076
201 220 313 337 45 91 cost 0.0033570503
201 220 217 241 136 182 cost 0.0033552449
128 147 168 193 136 182 cost 0.00334999
147 165 217 241 91 136 cost 0.0033494117
165 183 241 265 136 182 cost 0.0033452058
165 183 241 265 0 45 cost 0.0033335611
201 220 217 241 0 45 cost 0.003333518
91 110 120 144 0 45 cost 0.0033284014
128 147 120 144 91 136 cost 0.0033263051
220 257 96 144 91 182 cost 0.0033191498
110 128 120 144 91 136 cost 0.0033176228
128 147 265 289 45 91 cost 0.0033029191
201 220 265 289 0 45 cost 0.0032885969
183 201 241 265 0 45 cost 0.0032785966
147 165 241 265 136 182 cost 0.0032744751
201 220 241 265 0 45 cost 0.0032634997
183 201 241 265 136 182 cost 0.0032345641
128 147 217 241 91 136 cost 0.003228416
110 128 193 217 91 136 cost 0.0032204763
73 91 96 120 45 91 cost 0.0032166408
201 220 193 217 0 45 cost 0.0031973771
183 201 265 289 0 45 cost 0.0031892385
220 257 144 193 364 455 cost 0.0031841394
183 201 168 193 0 45 cost 0.0031823638
91 110 168 193 0 45 cost 0.0031821243
183 220 241 289 546 637 cost 0.0031785034
238 257 265 289 45 91 cost 0.0031731871
91 110 168 193 91 136 cost 0.0031720141
201 220 241 265 136 182 cost 0.0031695377
201 220 193 217 91 136 cost 0.0031641588
73 147 289 386 546 728 cost 0.0031611951
110 128 193 217 0 45 cost 0.0031518152
110 147 48 96 182 273 cost 0.0031501559
220 238 289 313 45 91 cost 0.0031475178
183 201 313 337 45 91 cost 0.0031420914
183 201 168 193 136 182 cost 0.0031397171
73 91 217 241 45 91 cost 0.003127792
165 183 144 168 0 45 cost 0.003117714
147 165 241 265 0 45 cost 0.0031143368
147 183 193 241 637 728 cost 0.0031120521
257 294 289 337 182 273 cost 0.0030969597
36 73 96 144 182 273 cost 0.0030946929
183 201 217 241 91 136 cost 0.0030926846
110 147 241 289 364 455 cost 0.0030922189
147 165 96 120 45 91 cost 0.0030862465
147 165 144 168 91 136 cost 0.0030693352
73 110 96 144 273 364 cost 0.0030650899
54 73 120 144 45 91 cost 0.0030613169
128 147 96 120 0 45 cost 0.0030579205
183 220 193 241 637 728 cost 0.0030398651
73 147 0 96 364 546 cost 0.0030312485
165 183 265 289 0 45 cost 0.0030265909
110 128 217 241 0 45 cost 0.0030251549
201 220 289 313 0 45 cost 0.003023383
54 73 168 193 45 91 cost 0.0030010377
183 220 144 193 455 546 cost 0.0029865106
201 220 144 168 45 91 cost 0.0029843784
110 128 96 120 0 45 cost 0.0029802137
147 165 120 144 0 45 cost 0.0029694314
91 110 120 144 91 136 cost 0.0029693086
201 220 217 241 91 136 cost 0.0029670675
257 294 241 289 273 364 cost 0.0029517309
91 110 241 265 45 91 cost 0.0029469093
147 165 289 313 45 91 cost 0.0029459075
183 201 168 193 91 136 cost 0.0029431392
110 128 72 96 45 91 cost 0.0029349439
183 201 289 313 0 45 cost 0.0029261983
110 128 217 241 91 136 cost 0.0029258147
128 147 241 265 136 182 cost 0.0029249992
220 238 217 241 0 45 cost 0.0029141841
147 183 241 289 546 637 cost 0.0028925892
201 220 168 193 136 182 cost 0.0028731374
91 110 217 241 0 45 cost 0.0028701016
165 183 241 265 91 136 cost 0.0028590742
91 110 193 217 91 136 cost 0.0028440402
165 183 144 168 91 136 cost 0.0028402875
36 73 193 241 182 273 cost 0.0028349767
220 238 241 265 0 45 cost 0.0028342787
201 220 168 193 0 45 cost 0.0028157768
128 147 72 96 45 91 cost 0.0028108857
220 257 193 241 455 546 cost 0.0028077643
147 165 241 265 91 136 cost 0.0027986352
220 238 193 217 91 136 cost 0.0027952268
201 220 241 265 91 136 cost 0.0027835646
73 110 48 96 182 273 cost 0.0027821913
73 110 241 289 273 364 cost 0.0027814014
220 238 193 217 0 45 cost 0.0027790317
128 147 144 168 136 182 cost 0.0027712878
220 238 265 289 0 45 cost 0.002767732
73 147 0 96 546 728 cost 0.0027671342
91 110 193 217 0 45 cost 0.0027666822
36 73 289 337 0 91 cost 0.0027593518
238 257 168 193 45 91 cost 0.0027558074
128 147 241 265 0 45 cost 0.0027473563
91 110 96 120 0 45 cost 0.0027455735
183 220 289 337 364 455 cost 0.0027397877
110 128 193 217 136 182 cost 0.0027256785
183 201 241 265 91 136 cost 0.0027154448
91 110 72 96 45 91 cost 0.0027138985
91 110 217 241 91 136 cost 0.0027118377
220 238 313 337 45 91 cost 0.0027108212
110 128 217 241 136 182 cost 0.0026977433
165 183 289 313 0 45 cost 0.0026816617
183 201 120 144 45 91 cost 0.0026746663
201 220 168 193 91 136 cost 0.0026412439
73 91 144 168 91 136 cost 0.0026223054
147 165 265 289 0 45 cost 0.0026184374
220 238 193 217 136 182 cost 0.0026173039
238 257 289 313 45 91 cost 0.0026168342
165 183 313 337 45 91 cost 0.0026095864
73 110 193 241 364 455 cost 0.0025994019
110 147 144 193 455 546 cost 0.0025992203
220 238 217 241 136 182 cost 0.0025922385
73 91 144 168 0 45 cost 0.0025852852
257 294 144 193 273 364 cost 0.0025801096
73 110 144 193 364 455 cost 0.002574235
0 36 193 241 0 91 cost 0.002572105
201 220 265 289 136 182 cost 0.0025688651
220 238 217 241 91 136 cost 0.0025658565
183 201 265 289 136 182 cost 0.0025635725
201 220 265 289 91 136 cost 0.0025607818
165 183 265 289 136 182 cost 0.0025435787
201 220 337 361 45 91 cost 0.0025334712
73 91 120 144 0 45 cost 0.0025321896
201 220 313 337 0 45 cost 0.0025296268
128 147 241 265 91 136 cost 0.0025289508
220 257 144 193 546 637 cost 0.0025268376
110 128 168 193 136 182 cost 0.0025266761
110 147 96 144 364 455 cost 0.0025238482
110 128 96 120 91 136 cost 0.00251625
257 294 193 241 364 455 cost 0.0025118024
165 183 120 144 0 45 cost 0.0024950563
147 165 144 168 136 182 cost 0.0024938906
0 36 241 289 0 91 cost 0.0024857989
165 183 193 217 227 273 cost 0.0024794161
0 73 193 289 364 546 cost 0.002478804
165 183 193 217 182 227 cost 0.0024761043
220 257 241 289 546 637 cost 0.0024726659
220 238 241 265 136 182 cost 0.0024714229
183 220 241 289 455 546 cost 0.0024690189
220 238 289 313 0 45 cost 0.00246101
54 73 96 120 45 91 cost 0.0024610026
147 165 120 144 91 136 cost 0.0024600495
147 165 265 289 136 182 cost 0.0024580617
165 183 265 289 91 136 cost 0.0024480667
183 220 241 289 637 728 cost 0.0024388991
183 201 313 337 0 45 cost 0.0024363125
128 147 96 120 91 136 cost 0.0024281683
128 147 289 313 45 91 cost 0.0024209297
183 201 265 289 91 136 cost 0.0024196196
238 257 193 217 91 136 cost 0.0024192771
220 257 96 144 182 273 cost 0.0024129575
110 128 265 289 45 91 cost 0.0024079616
183 201 337 361 45 91 cost 0.0024050605
238 257 217 241 0 45 cost 0.0023971977
147 183 241 289 455 546 cost 0.0023927871
183 201 193 217 182 227 cost 0.0023914268
165 183 144 168 136 182 cost 0.002389634
147 183 144 193 637 728 cost 0.0023851278
110 147 193 241 455 546 cost 0.0023806307
220 238 241 265 91 136 cost 0.0023771305
110 128 144 168 136 182 cost 0.002375277
257 294 337 386 91 182 cost 0.0023723461
147 183 241 289 637 728 cost 0.0023607894
183 201 144 168 0 45 cost 0.0023560861
73 110 289 337 182 273 cost 0.0023430567
257 275 217 241 45 91 cost 0.0023400057
220 257 289 337 364 455 cost 0.0023359095
238 257 313 337 45 91 cost 0.0023344663
147 165 265 289 91 136 cost 0.0023311335
238 257 241 265 0 45 cost 0.0023284708
238 257 265 289 0 45 cost 0.0023200775
73 91 120 144 91 136 cost 0.0023173673
73 91 168 193 91 136 cost 0.0023120302
54 73 193 217 45 91 cost 0.0023088089
183 201 144 168 91 136 cost 0.0023048181
220 257 193 241 637 728 cost 0.0023006075
0 73 0 96 182 364 cost 0.0022990569
165 183 168 193 182 227 cost 0.0022942754
128 147 120 144 136 182 cost 0.0022936268
0 73 193 289 546 728 cost 0.0022914637
220 238 168 193 91 136 cost 0.0022877466
220 238 168 193 0 45 cost 0.0022862551
110 147 289 337 273 364 cost 0.0022816413
110 147 193 241 637 728 cost 0.0022803939
165 183 217 241 227 273 cost 0.0022790153
201 220 193 217 182 227 cost 0.0022740696
0 73 289 386 182 364 cost 0.0022736089
238 257 217 241 91 136 cost 0.0022726415
147 165 193 217 227 273 cost 0.0022669831
73 91 72 96 45 91 cost 0.0022641471
257 275 193 217 45 91 cost 0.0022619569
183 220 48 96 0 91 cost 0.0022602155
165 183 96 120 45 91 cost 0.0022568303
165 183 168 193 227 273 cost 0.0022567584
73 110 144 193 546 637 cost 0.0022549567
147 165 193 217 182 227 cost 0.0022489372
183 220 96 144 273 364 cost 0.0022430278
110 128 241 265 0 45 cost 0.0022365965
257 275 241 265 45 91 cost 0.0022355534
183 201 193 217 227 273 cost 0.0022307836
183 220 337 386 273 364 cost 0.002225592
91 110 96 120 91 136 cost 0.0022229016
147 183 337 386 182 273 cost 0.0022198316
165 183 217 241 182 227 cost 0.0022145091
183 220 289 337 546 637 cost 0.0022139614
54 73 217 241 45 91 cost 0.0022136947
36 73 144 193 273 364 cost 0.002212267
73 91 168 193 0 45 cost 0.0022035822
220 238 144 168 45 91 cost 0.002202594
220 238 168 193 136 182 cost 0.0021965814
128 147 265 289 0 45 cost 0.0021822784
73 91 96 120 0 45 cost 0.0021810485
110 147 96 144 546 637 cost 0.0021787198
238 257 193 217 0 45 cost 0.0021744396
183 201 168 193 182 227 cost 0.0021737705
165 183 120 144 91 136 cost 0.0021630193
183 201 217 241 182 227 cost 0.0021547012
110 128 72 96 0 45 cost 0.0021514259
54 73 144 168 91 136 cost 0.002149637
91 110 193 217 136 182 cost 0.0021388688
128 147 265 289 136 182 cost 0.0021338675
147 165 217 241 227 273 cost 0.0021325271
183 220 144 193 637 728 cost 0.0021282561
110 128 241 265 136 182 cost 0.0021276724
91 110 265 289 45 91 cost 0.0021247365
220 238 265 289 91 136 cost 0.0021204789
183 201 144 168 136 182 cost 0.0021174321
91 110 217 241 136 182 cost 0.0021139608
257 294 241 289 364 455 cost 0.0021129699
147 165 168 193 182 227 cost 0.0021109058
201 220 193 217 227 273 cost 0.0021091537
238 257 217 241 136 182 cost 0.0021074465
238 257 289 313 0 45 cost 0.0021069642
147 165 168 193 227 273 cost 0.0021005176
147 165 289 313 0 45 cost 0.0020845885
220 257 144 193 455 546 cost 0.0020820146
220 238 313 337 0 45 cost 0.002078402
110 147 337 386 91 182 cost 0.0020724622
91 110 241 265 0 45 cost 0.0020711307
220 238 337 361 45 91 cost 0.002070643
201 220 289 313 91 136 cost 0.0020634896
201 220 168 193 182 227 cost 0.0020620611
128 147 72 96 0 45 cost 0.0020557949
73 91 217 241 0 45 cost 0.0020535747
110 128 120 144 136 182 cost 0.0020516681
110 147 144 193 637 728 cost 0.0020512345
73 110 193 241 546 637 cost 0.0020478037
183 201 217 241 227 273 cost 0.0020469339
238 257 241 265 91 136 cost 0.0020464939
147 183 96 144 364 455 cost 0.002045839
147 165 96 120 0 45 cost 0.0020429368
128 147 193 217 227 273 cost 0.0020405477
110 147 241 289 546 637 cost 0.0020390448
91 110 72 96 0 45 cost 0.0020368185
128 147 193 217 182 227 cost 0.0020362049
147 165 217 241 182 227 cost 0.0020335278
36 54 144 168 45 91 cost 0.00202876
110 128 241 265 91 136 cost 0.0020264692
201 220 217 241 182 227 cost 0.0020215076
128 147 168 193 182 227 cost 0.0020171905
91 110 168 193 136 182 cost 0.0020171388
36 73 241 289 182 273 cost 0.0020150788
73 91 241 265 45 91 cost 0.002013557
238 257 193 217 136 182 cost 0.002011999
110 147 96 144 455 546 cost 0.0020118913
238 257 241 265 136 182 cost 0.0020118526
201 220 337 361 0 45 cost 0.002010472
183 201 168 193 227 273 cost 0.0020082519
128 147 265 289 91 136 cost 0.0020050824
257 275 265 289 45 91 cost 0.0020006823
165 183 313 337 0 45 cost 0.0019862909
128 147 168 193 227 273 cost 0.0019853157
201 220 120 144 45 91 cost 0.0019807505
183 201 289 313 91 136 cost 0.0019748908
201 220 144 168 0 45 cost 0.0019741773
201 220 217 241 227 273 cost 0.0019726841
73 91 193 217 91 136 cost 0.0019718766
91 110 144 168 136 182 cost 0.0019716141
220 238 265 289 136 182 cost 0.0019640077
54 73 120 144 0 45 cost 0.0019596727
257 294 289 337 273 364 cost 0.0019583673
183 201 337 361 0 45 cost 0.0019580743
165 183 241 265 227 273 cost 0.0019575865
73 91 217 241 91 136 cost 0.0019573168
165 183 289 313 91 136 cost 0.0019410581
238 257 168 193 91 136 cost 0.0019379565
201 220 289 313 136 182 cost 0.0019356598
147 183 289 337 364 455 cost 0.0019297946
165 183 337 361 45 91 cost 0.0019289925
54 73 144 168 0 45 cost 0.0019266595
54 73 120 144 91 136 cost 0.001921359
220 257 241 289 455 546 cost 0.0019196807
73 110 241 289 364 455 cost 0.001914052
128 147 217 241 227 273 cost 0.0019092802
220 238 193 217 227 273 cost 0.0019018916
201 220 168 193 227 273 cost 0.0018965233
147 165 313 337 45 91 cost 0.0018920215
183 220 289 337 637 728 cost 0.0018904818
165 183 241 265 182 227 cost 0.001888659
183 220 289 337 455 546 cost 0.0018862623
201 220 144 168 91 136 cost 0.0018860417
128 147 217 241 182 227 cost 0.0018842597
238 257 313 337 0 45 cost 0.0018645237
183 201 289 313 136 182 cost 0.0018615421
36 54 168 193 45 91 cost 0.0018610782
220 257 337 386 273 364 cost 0.0018432627
147 183 96 144 546 637 cost 0.0018377546
147 165 120 144 136 182 cost 0.0018374988
147 165 241 265 227 273 cost 0.0018359034
183 201 241 265 182 227 cost 0.0018358341
91 110 241 265 91 136 cost 0.0018343593
257 275 168 193 45 91 cost 0.0018312132
73 91 193 217 0 45 cost 0.0018200238
36 73 193 241 273 364 cost 0.0018182579
73 91 96 120 91 136 cost 0.0018165854
238 257 337 361 45 91 cost 0.0018164733
110 128 72 96 91 136 cost 0.0018145081
54 73 168 193 91 136 cost 0.0018102969
0 36 144 193 0 91 cost 0.0018052256
201 220 144 168 136 182 cost 0.0017944982
220 257 289 337 546 637 cost 0.001793605
201 220 241 265 227 273 cost 0.0017924927
147 165 241 265 182 227 cost 0.0017868685
73 110 96 144 364 455 cost 0.0017868118
183 201 120 144 0 45 cost 0.0017852962
183 201 241 265 227 273 cost 0.00178023
54 73 72 96 45 91 cost 0.0017773258
110 147 0 48 0 91 cost 0.0017724242
220 238 193 217 182 227 cost 0.0017708963
110 128 289 313 45 91 cost 0.0017692575
238 257 265 289 91 136 cost 0.0017602674
147 165 289 313 91 136 cost 0.0017601324
275 294 193 217 45 91 cost 0.0017599463
183 220 48 96 91 182 cost 0.00175959
220 257 241 289 637 728 cost 0.0017560845
91 110 120 144 136 182 cost 0.0017507257
201 220 241 265 182 227 cost 0.0017341066
128 147 144 168 227 273 cost 0.0017338711
220 238 168 193 227 273 cost 0.0017264475
110 147 241 289 455 546 cost 0.0017253748
54 73 96 120 0 45 cost 0.0017219443
201 220 313 337 91 136 cost 0.001720154
110 147 48 96 273 364 cost 0.0017154525
220 238 217 241 227 273 cost 0.0017110199
128 147 289 313 0 45 cost 0.0017094928
275 294 217 241 45 91 cost 0.0017060278
147 183 96 144 455 546 cost 0.0017038314
165 183 289 313 136 182 cost 0.0016961225
147 165 144 168 227 273 cost 0.0016896595
183 201 120 144 91 136 cost 0.0016846899
165 183 144 168 227 273 cost 0.001683218
36 73 289 337 91 182 cost 0.0016781206
128 147 72 96 91 136 cost 0.0016745653
147 165 72 96 45 91 cost 0.0016720104
73 91 72 96 0 45 cost 0.0016644463
220 238 337 361 0 45 cost 0.0016571953
238 257 168 193 0 45 cost 0.0016514685
128 147 96 120 136 182 cost 0.0016496618
220 238 289 313 91 136 cost 0.001649141
257 275 289 313 45 91 cost 0.0016432589
110 128 265 289 0 45 cost 0.0016411813
238 257 193 217 227 273 cost 0.0016381183
238 257 265 289 136 182 cost 0.0016349234
128 147 144 168 182 227 cost 0.0016343459
128 147 241 265 227 273 cost 0.001634225
165 183 120 144 136 182 cost 0.0016271394
128 147 241 265 182 227 cost 0.0016208076
54 73 168 193 0 45 cost 0.0016184106
36 54 120 144 45 91 cost 0.0016152764
165 183 144 168 182 227 cost 0.0016128588
183 201 313 337 91 136 cost 0.0016084379
91 110 241 265 136 182 cost 0.0016077647
238 257 144 168 45 91 cost 0.0016035793
147 183 289 337 546 637 cost 0.0016021196
165 183 337 361 0 45 cost 0.0016004186
238 257 168 193 136 182 cost 0.0015968116
110 147 241 289 637 728 cost 0.0015942456
275 294 168 193 45 91 cost 0.0015934432
220 257 289 337 637 728 cost 0.0015933396
0 36 289 337 0 91 cost 0.0015928555
36 54 217 241 45 91 cost 0.0015923198
257 275 193 217 91 136 cost 0.0015895179
110 128 265 289 136 182 cost 0.0015867503
220 257 144 193 637 728 cost 0.0015846613
165 183 96 120 0 45 cost 0.0015831602
110 128 168 193 227 273 cost 0.0015814743
257 275 217 241 91 136 cost 0.0015806831
110 128 96 120 136 182 cost 0.0015803541
110 128 193 217 227 273 cost 0.0015788062
220 238 217 241 182 227 cost 0.0015751044
91 110 72 96 91 136 cost 0.0015725436
165 183 265 289 227 273 cost 0.0015653925
54 73 96 120 91 136 cost 0.0015554753
201 220 265 289 227 273 cost 0.0015526297
73 110 144 193 455 546 cost 0.0015500622
147 165 144 168 182 227 cost 0.0015487705
73 110 96 144 546 637 cost 0.0015458149
110 128 217 241 227 273 cost 0.0015430588
147 165 96 120 91 136 cost 0.0015379875
257 275 313 337 45 91 cost 0.0015356728
91 110 265 289 0 45 cost 0.0015330663
220 238 168 193 182 227 cost 0.0015313369
110 128 265 289 91 136 cost 0.0015305431
73 110 144 193 637 728 cost 0.0015277303
147 165 289 313 136 182 cost 0.0015252429
275 294 241 265 45 91 cost 0.001524623
183 220 337 386 546 637 cost 0.001522622
238 257 337 361 0 45 cost 0.001520867
0 36 241 289 91 182 cost 0.0015160202
91 110 289 313 45 91 cost 0.0015141742
257 294 144 193 364 455 cost 0.0015118515
220 238 241 265 227 273 cost 0.00151058
0 36 193 241 91 182 cost 0.0015080421
110 128 217 241 182 227 cost 0.0015039049
110 128 193 217 182 227 cost 0.0015022923
220 257 289 337 455 546 cost 0.001501224
183 201 144 168 182 227 cost 0.0014976312
110 128 48 72 45 91 cost 0.0014943841
110 128 144 168 227 273 cost 0.0014918838
128 147 289 313 91 136 cost 0.0014882638
36 54 193 217 45 91 cost 0.0014830293
73 110 193 241 637 728 cost 0.0014821317
73 110 0 48 0 91 cost 0.0014792947
238 257 168 193 227 273 cost 0.0014781218
220 238 289 313 136 182 cost 0.0014754003
220 238 144 168 91 136 cost 0.0014740243
147 165 265 289 227 273 cost 0.0014703082
238 257 217 241 227 273 cost 0.0014687122
183 201 265 289 227 273 cost 0.0014680553
183 201 96 120 45 91 cost 0.001464843
73 91 241 265 0 45 cost 0.001458974
183 220 337 386 364 455 cost 0.0014585435
220 238 144 168 0 45 cost 0.0014567108
110 128 168 193 182 227 cost 0.0014536309
73 91 144 168 136 182 cost 0.001451514
257 275 217 241 0 45 cost 0.0014482728
257 275 241 265 91 136 cost 0.0014403089
73 91 265 289 45 91 cost 0.0014368849
183 201 144 168 227 273 cost 0.0014364747
257 275 241 265 0 45 cost 0.0014349792
73 110 96 144 455 546 cost 0.0014325784
201 220 313 337 136 182 cost 0.0014319695
257 275 217 241 136 182 cost 0.0014315586
128 147 48 72 45 91 cost 0.0014298765
183 201 265 289 182 227 cost 0.0014212288
257 294 193 241 546 637 cost 0.0014193697
165 183 193 217 273 318 cost 0.0014168975
257 294 337 386 182 273 cost 0.0014152561
147 183 289 337 455 546 cost 0.0014128021
36 73 96 144 273 364 cost 0.0014116406
147 183 289 337 637 728 cost 0.001411238
220 238 313 337 91 136 cost 0.0014111801
183 201 120 144 136 182 cost 0.0014047685
165 183 265 289 182 227 cost 0.0014046282
147 220 0 96 364 546 cost 0.0014045097
91 110 265 289 91 136 cost 0.0014026915
257 275 265 289 0 45 cost 0.0014013088
147 220 0 96 546 728 cost 0.0013967854
128 147 313 337 45 91 cost 0.0013929464
201 220 144 168 182 227 cost 0.0013914379
54 73 193 217 91 136 cost 0.0013886697
257 275 241 265 136 182 cost 0.0013884207
54 73 217 241 0 45 cost 0.0013871552
128 147 120 144 227 273 cost 0.0013816821
238 257 193 217 182 227 cost 0.0013798165
201 220 265 289 182 227 cost 0.0013781059
147 183 337 386 273 364 cost 0.0013769416
183 201 193 217 273 318 cost 0.0013768264
54 73 217 241 91 136 cost 0.0013690214
201 220 120 144 0 45 cost 0.0013679262
183 201 361 386 45 91 cost 0.001366701
238 257 289 313 91 136 cost 0.0013647083
73 110 193 241 455 546 cost 0.0013641263
73 91 120 144 136 182 cost 0.0013636413
73 91 217 241 136 182 cost 0.0013628241
36 54 144 168 91 136 cost 0.0013606654
91 110 48 72 45 91 cost 0.0013570646
147 183 48 96 182 273 cost 0.0013544887
165 183 217 241 273 318 cost 0.0013513349
128 147 120 144 182 227 cost 0.0013504731
73 91 168 193 136 182 cost 0.0013454853
183 220 337 386 637 728 cost 0.0013430077
201 220 361 386 45 91 cost 0.0013372508
183 220 96 144 546 637 cost 0.0013370833
183 201 217 241 273 318 cost 0.0013354481
110 147 96 144 637 728 cost 0.0013352155
91 110 96 120 136 182 cost 0.0013349759
73 91 193 217 136 182 cost 0.0013337066
220 238 241 265 182 227 cost 0.0013301611
165 183 168 193 273 318 cost 0.0013205499
147 165 193 217 273 318 cost 0.0013195075
110 128 144 168 182 227 cost 0.0013194294
54 73 72 96 0 45 cost 0.0013149627
201 220 337 361 91 136 cost 0.0013080899
183 220 96 144 364 455 cost 0.0013071693
91 110 217 241 182 227 cost 0.0013068478
165 183 313 337 91 136 cost 0.0013041757
183 201 313 337 136 182 cost 0.0013035261
201 220 144 168 227 273 cost 0.0013031674
201 220 289 313 227 273 cost 0.0013025507
73 91 72 96 91 136 cost 0.0013016603
201 220 217 241 273 318 cost 0.0013012237
238 257 217 241 182 227 cost 0.0012986023
257 294 289 337 364 455 cost 0.0012981197
73 110 289 337 273 364 cost 0.001292376
128 147 289 313 136 182 cost 0.0012923035
257 275 193 217 136 182 cost 0.0012903315
201 220 120 144 91 136 cost 0.0012901505
147 165 265 289 182 227 cost 0.0012871471
110 147 289 337 364 455 cost 0.0012819503
54 73 241 265 45 91 cost 0.0012796221
73 91 241 265 91 136 cost 0.0012793462
183 201 361 386 0 45 cost 0.001279338
257 294 96 144 0 91 cost 0.0012769926
128 147 265 289 227 273 cost 0.001275475
110 128 241 265 227 273 cost 0.0012754719
220 238 265 289 227 273 cost 0.0012741442
147 165 217 241 273 318 cost 0.0012722542
183 220 337 386 455 546 cost 0.0012711935
91 110 144 168 227 273 cost 0.0012696833
238 257 241 265 227 273 cost 0.001268743
183 201 337 361 91 136 cost 0.001265248
201 220 193 217 273 318 cost 0.0012613185
147 165 168 193 273 318 cost 0.0012596815
257 275 289 313 0 45 cost 0.0012577425
147 165 337 361 45 91 cost 0.0012567355
73 110 48 96 273 364 cost 0.0012566499
257 275 193 217 0 45 cost 0.0012548496
91 110 168 193 227 273 cost 0.0012536492
110 128 241 265 182 227 cost 0.0012523802
201 220 361 386 0 45 cost 0.0012508609
220 238 120 144 45 91 cost 0.001248482
147 165 313 337 0 45 cost 0.0012472032
110 128 289 313 0 45 cost 0.0012462752
257 275 168 193 91 136 cost 0.0012443097
91 110 217 241 227 273 cost 0.0012418849
110 128 120 144 227 273 cost 0.0012382803
238 257 289 313 136 182 cost 0.0012358343
220 257 337 386 364 455 cost 0.0012348666
220 238 144 168 136 182 cost 0.0012344
220 257 337 386 546 637 cost 0.0012199311
128 147 168 193 273 318 cost 0.0012190817
183 201 168 193 273 318 cost 0.0012179494
36 54 96 120 45 91 cost 0.0012129141
91 110 193 217 227 273 cost 0.0012109662
275 294 193 217 91 136 cost 0.0012083454
238 257 144 168 91 136 cost 0.0012069252
91 110 193 217 182 227 cost 0.0012061797
238 257 313 337 91 136 cost 0.0012035293
220 257 337 386 637 728 cost 0.0011969317
147 165 120 144 227 273 cost 0.0011936124
91 110 265 289 136 182 cost 0.0011902563
183 201 289 313 227 273 cost 0.0011868012
257 294 241 289 546 637 cost 0.001186747
128 147 193 217 273 318 cost 0.0011788047
165 183 96 120 91 136 cost 0.0011770263
275 294 265 289 45 91 cost 0.0011763389
257 275 265 289 91 136 cost 0.0011752725
257 275 313 337 0 45 cost 0.0011745504
54 73 193 217 0 45 cost 0.0011725685
110 128 48 72 0 45 cost 0.0011712593
257 294 193 241 455 546 cost 0.0011669444
147 165 72 96 0 45 cost 0.0011662146
165 183 289 313 227 273 cost 0.0011635556
275 294 217 241 91 136 cost 0.0011600596
110 128 72 96 136 182 cost 0.0011571918
147 165 120 144 182 227 cost 0.0011524171
110 128 120 144 182 227 cost 0.0011513766
220 238 144 168 227 273 cost 0.0011507504
257 275 337 361 45 91 cost 0.0011500019
128 147 48 72 0 45 cost 0.0011465721
110 128 289 313 91 136 cost 0.0011465066
36 54 168 193 91 136 cost 0.001145308
73 91 48 72 45 91 cost 0.0011445256
0 36 144 193 91 182 cost 0.0011425205
54 73 72 96 91 136 cost 0.0011392804
220 238 361 386 45 91 cost 0.0011377235
91 110 289 313 0 45 cost 0.0011358286
147 165 96 120 136 182 cost 0.0011322489
220 238 313 337 136 182 cost 0.0011314877
201 220 120 144 136 182 cost 0.0011267956
165 183 217 241 318 364 cost 0.0011241465
91 110 168 193 182 227 cost 0.0011217376
128 147 217 241 273 318 cost 0.0011204442
165 183 193 217 318 364 cost 0.0011200527
238 257 168 193 182 227 cost 0.0011181915
54 73 144 168 136 182 cost 0.0011175015
147 183 96 144 637 728 cost 0.0011123273
73 110 241 289 546 637 cost 0.0011115903
220 238 193 217 273 318 cost 0.0011102479
220 238 217 241 273 318 cost 0.0011081515
183 201 217 241 318 364 cost 0.001106536
54 73 120 144 136 182 cost 0.00110579
128 147 265 289 182 227 cost 0.0011044872
201 220 313 337 227 273 cost 0.0011040964
73 91 265 289 0 45 cost 0.0011002947
220 238 265 289 182 227 cost 0.0010987602
165 183 120 144 227 273 cost 0.00109856
137 147 180 193 45 68 cost 0.0010984921
183 220 96 144 455 546 cost 0.0010971899
91 110 120 144 227 273 cost 0.0010951241
165 183 120 144 182 227 cost 0.0010930793
165 183 361 386 45 91 cost 0.0010912776
91 110 48 72 0 45 cost 0.0010904849
36 54 120 144 91 136 cost 0.0010903994
201 220 168 193 273 318 cost 0.0010886094
257 275 265 289 136 182 cost 0.0010883066
257 275 193 217 227 273 cost 0.0010833095
238 257 241 265 182 227 cost 0.0010803603
220 238 337 361 91 136 cost 0.0010777824
220 257 337 386 455 546 cost 0.0010768626
73 91 96 120 136 182 cost 0.0010768508
91 110 144 168 182 227 cost 0.0010751444
201 220 217 241 318 364 cost 0.0010717605
73 110 241 289 455 546 cost 0.0010711851
183 201 193 217 318 364 cost 0.0010704108
128 147 72 96 136 182 cost 0.0010694654
128 147 144 168 273 318 cost 0.0010684237
91 110 241 265 182 227 cost 0.0010682634
220 238 361 386 0 45 cost 0.0010677626
91 110 289 313 91 136 cost 0.0010676148
147 165 193 217 318 364 cost 0.0010631025
220 238 289 313 227 273 cost 0.0010609254
183 201 241 265 273 318 cost 0.0010607932
147 183 0 48 0 91 cost 0.0010582054
201 220 241 265 273 318 cost 0.0010557043
165 183 313 337 136 182 cost 0.0010552672
238 257 265 289 227 273 cost 0.001053089
165 183 361 386 0 45 cost 0.0010499434
0 36 289 337 91 182 cost 0.0010469705
165 183 72 96 45 91 cost 0.0010448531
147 165 217 241 318 364 cost 0.0010445289
36 54 144 168 0 45 cost 0.0010443275
275 294 241 265 91 136 cost 0.0010422308
201 220 289 313 182 227 cost 0.0010339764
165 183 241 265 273 318 cost 0.00103084
238 257 361 386 45 91 cost 0.0010295821
147 165 289 313 227 273 cost 0.0010288796
165 174 180 193 45 68 cost 0.0010281427
183 201 96 120 0 45 cost 0.0010274338
137 147 156 168 45 68 cost 0.0010271025
275 294 168 193 91 136 cost 0.0010263407
183 201 289 313 182 227 cost 0.0010250216
257 275 168 193 136 182 cost 0.0010247366
257 294 193 241 637 728 cost 0.0010242952
220 257 96 144 273 364 cost 0.0010230138
147 165 313 337 91 136 cost 0.001022756
137 147 168 180 45 68 cost 0.0010225675
147 183 48 96 273 364 cost 0.0010221969
147 156 180 193 45 68 cost 0.0010219428
165 183 144 168 273 318 cost 0.0010212502
238 257 361 386 0 45 cost 0.001020545
91 110 241 265 227 273 cost 0.0010191007
147 165 144 168 273 318 cost 0.0010173442
156 165 180 193 45 68 cost 0.0010164065
257 294 96 144 91 182 cost 0.0010140471
257 275 144 168 45 91 cost 0.0010134357
220 238 144 168 182 227 cost 0.001012076
73 91 241 265 136 182 cost 0.0010062116
36 73 144 193 546 637 cost 0.0010023161
137 147 144 156 45 68 cost 0.0009968918
91 110 72 96 136 182 cost 0.0009956837
201 220 193 217 318 364 cost 0.0009945834
147 165 241 265 273 318 cost 0.0009891204
110 128 265 289 227 273 cost 0.000987667
257 275 217 241 227 273 cost 0.0009862713
137 147 193 205 45 68 cost 0.0009859108
36 54 120 144 0 45 cost 0.0009833665
73 91 289 313 45 91 cost 0.0009808878
73 91 265 289 91 136 cost 0.000979432
238 257 144 168 0 45 cost 0.0009775119
165 183 337 361 91 136 cost 0.0009768684
257 275 168 193 227 273 cost 0.0009768118
201 220 337 361 136 182 cost 0.0009754216
128 137 156 168 45 68 cost 0.0009734089
201 220 241 265 318 364 cost 0.000971191
165 183 241 265 318 364 cost 0.0009708617
128 137 180 193 45 68 cost 0.0009688849
183 201 241 265 318 364 cost 0.0009687027
36 54 217 241 91 136 cost 0.0009681438
110 128 168 193 273 318 cost 0.0009675047
220 238 168 193 273 318 cost 0.0009659014
183 201 313 337 227 273 cost 0.000964249
201 220 96 120 45 91 cost 0.0009610965
174 183 180 193 45 68 cost 0.000956883
275 294 241 265 136 182 cost 0.0009562189
238 257 144 168 227 273 cost 0.0009555815
91 110 120 144 182 227 cost 0.000954562
73 110 96 144 637 728 cost 0.0009542445
238 257 217 241 273 318 cost 0.0009538321
257 294 144 193 546 637 cost 0.0009536482
165 174 205 217 45 68 cost 0.0009530143
165 174 193 205 45 68 cost 0.000952123
119 128 156 168 45 68 cost 0.0009519631
128 137 144 156 45 68 cost 0.0009514025
275 294 217 241 136 182 cost 0.0009508665
165 183 289 313 182 227 cost 0.0009501775
110 128 289 313 136 182 cost 0.00094924
147 165 72 96 91 136 cost 0.0009487627
238 257 337 361 91 136 cost 0.0009485865
275 294 289 313 45 91 cost 0.0009482107
257 294 337 386 273 364 cost 0.0009466783
238 257 313 337 136 182 cost 0.0009466525
137 147 205 217 45 68 cost 0.000945753
238 257 193 217 273 318 cost 0.0009457205
54 73 241 265 0 45 cost 0.0009429477
128 137 168 180 45 68 cost 0.0009427442
156 165 193 205 45 68 cost 0.0009403798
128 147 313 337 0 45 cost 0.0009398627
54 73 96 120 136 182 cost 0.0009397176
183 201 120 144 182 227 cost 0.0009396888
238 257 265 289 182 227 cost 0.0009394372
137 147 132 144 45 68 cost 0.0009382415
201 220 265 289 273 318 cost 0.0009372591
119 128 144 156 45 68 cost 0.0009370735
165 183 168 193 318 364 cost 0.0009365748
275 294 217 241 0 45 cost 0.0009355447
183 201 337 361 136 182 cost 0.0009318952
147 165 168 193 318 364 cost 0.000930955
220 238 313 337 227 273 cost 0.0009307067
147 156 193 205 45 68 cost 0.0009300431
156 165 205 217 45 68 cost 0.0009268192
128 137 132 144 45 68 cost 0.0009260621
128 147 96 120 227 273 cost 0.0009220375
137 147 180 193 68 91 cost 0.0009203839
220 238 217 241 318 364 cost 0.0009190127
36 73 241 289 273 364 cost 0.0009187797
128 147 193 217 318 364 cost 0.0009174457
257 275 337 361 0 45 cost 0.0009153739
128 147 96 120 182 227 cost 0.0009114638
100 110 156 168 45 68 cost 0.000911016
54 73 168 193 136 182 cost 0.0009108316
119 128 180 193 45 68 cost 0.0009096029
110 128 265 289 182 227 cost 0.0009095962
257 275 168 193 0 45 cost 0.0009091631
257 294 289 337 546 637 cost 0.0009081732
119 128 132 144 45 68 cost 0.0009077124
238 257 289 313 227 273 cost 0.0009070309
119 128 168 180 45 68 cost 0.000906269
110 128 144 168 273 318 cost 0.0009052475
174 183 205 217 45 68 cost 0.0009049172
165 174 217 229 45 68 cost 0.0009022435
147 156 205 217 45 68 cost 0.0009019122
36 54 168 193 0 45 cost 0.0009014433
100 110 144 156 45 68 cost 0.0008989866
275 294 144 168 45 91 cost 0.0008981059
147 165 241 265 318 364 cost 0.0008981042
110 128 193 217 273 318 cost 0.0008975894
147 156 168 180 45 68 cost 0.0008971357
110 119 156 168 45 68 cost 0.0008954045
183 201 144 168 273 318 cost 0.0008953364
174 183 193 205 45 68 cost 0.0008918581
220 238 241 265 273 318 cost 0.000891729
147 165 337 361 0 45 cost 0.0008911052
147 156 156 168 45 68 cost 0.0008907258
183 201 168 193 318 364 cost 0.0008874481
147 183 337 386 546 637 cost 0.0008872574
165 183 96 120 136 182 cost 0.0008851787
110 147 289 337 455 546 cost 0.0008842132
54 73 48 72 45 91 cost 0.0008836873
128 147 217 241 318 364 cost 0.0008834914
220 238 120 144 0 45 cost 0.0008834814
183 201 265 289 273 318 cost 0.0008828995
257 275 241 265 227 273 cost 0.000882276
110 119 144 156 45 68 cost 0.000879043
36 54 96 120 91 136 cost 0.0008776751
275 294 241 265 0 45 cost 0.0008774952
183 201 96 120 91 136 cost 0.0008773905
36 54 72 96 45 91 cost 0.0008771923
275 294 193 217 0 45 cost 0.0008735307
110 128 48 72 91 136 cost 0.0008708649
137 147 217 229 45 68 cost 0.0008702619
36 54 96 120 0 45 cost 0.0008699146
128 147 337 361 45 91 cost 0.0008695117
73 91 48 72 0 45 cost 0.0008690515
128 147 289 313 227 273 cost 0.0008690376
110 128 96 120 227 273 cost 0.0008682254
257 275 289 313 91 136 cost 0.0008681147
257 275 193 217 182 227 cost 0.0008680221
156 165 168 180 45 68 cost 0.0008673141
257 294 96 144 182 273 cost 0.0008665156
128 137 120 132 45 68 cost 0.0008656692
110 128 217 241 273 318 cost 0.0008653094
156 165 217 229 45 68 cost 0.0008641224
54 73 265 289 45 91 cost 0.0008633791
174 183 217 229 45 68 cost 0.0008631765
257 294 241 289 455 546 cost 0.0008629697
128 147 168 193 318 364 cost 0.0008628796
36 73 96 144 546 637 cost 0.0008625637
257 275 217 241 182 227 cost 0.0008623991
137 147 168 180 68 91 cost 0.0008617637
137 147 120 132 45 68 cost 0.0008615924
220 238 193 217 318 364 cost 0.0008603779
275 294 193 217 136 182 cost 0.0008602934
110 128 313 337 45 91 cost 0.0008599794
36 54 241 265 45 91 cost 0.0008598533
183 192 180 193 45 68 cost 0.000859753
147 156 144 156 45 68 cost 0.0008596026
128 147 241 265 273 318 cost 0.0008589909
73 91 144 168 227 273 cost 0.0008583202
36 54 193 217 91 136 cost 0.0008581418
36 54 217 241 0 45 cost 0.0008579807
165 174 168 180 45 68 cost 0.0008569351
128 147 120 144 273 318 cost 0.0008542354
100 110 132 144 45 68 cost 0.0008525429
128 137 193 205 45 68 cost 0.0008522341
201 220 313 337 182 227 cost 0.0008517964
100 110 168 180 45 68 cost 0.0008490237
110 128 96 120 182 227 cost 0.0008474437
119 128 120 132 45 68 cost 0.0008467035
91 110 265 289 227 273 cost 0.0008461565
0 36 241 289 182 273 cost 0.0008461434
110 119 132 144 45 68 cost 0.0008430671
183 201 120 144 227 273 cost 0.000842866
156 165 156 168 45 68 cost 0.000842384
238 257 144 168 136 182 cost 0.0008412805
201 220 265 289 318 364 cost 0.0008411114
110 119 168 180 45 68 cost 0.0008410045
36 73 144 193 637 728 cost 0.000839868
73 110 241 289 637 728 cost 0.0008391535
238 257 313 337 227 273 cost 0.0008390601
147 165 48 72 45 91 cost 0.0008384048
128 147 48 72 91 136 cost 0.0008382087
257 275 289 313 136 182 cost 0.0008374468
147 156 217 229 45 68 cost 0.0008368753
73 91 217 241 182 227 cost 0.0008366375
91 110 168 193 273 318 cost 0.0008360087
91 110 144 168 273 318 cost 0.0008346708
183 192 205 217 45 68 cost 0.0008327973
147 156 180 193 68 91 cost 0.0008319892
110 119 180 193 45 68 cost 0.0008313692
100 110 156 168 68 91 cost 0.000831129
165 183 265 289 273 318 cost 0.0008304446
201 220 120 144 182 227 cost 0.0008288817
137 147 156 168 68 91 cost 0.0008278741
147 183 337 386 637 728 cost 0.0008276091
100 110 180 193 45 68 cost 0.0008275111
156 165 180 193 68 91 cost 0.0008273513
137 147 193 205 68 91 cost 0.0008262895
119 128 156 168 68 91 cost 0.0008244641
220 238 289 313 182 227 cost 0.0008240237
128 137 180 193 68 91 cost 0.000822317
119 128 180 193 68 91 cost 0.000820682
100 110 168 180 68 91 cost 0.000819855
257 275 313 337 91 136 cost 0.0008197633
147 183 337 386 364 455 cost 0.0008196518
119 128 168 180 68 91 cost 0.0008194201
183 192 193 205 45 68 cost 0.0008193583
238 257 168 193 273 318 cost 0.0008186185
201 220 217 241 364 409 cost 0.0008179434
165 174 229 241 45 68 cost 0.0008159499
220 238 241 265 318 364 cost 0.0008136838
137 147 180 193 22 45 cost 0.0008107458
165 174 156 168 45 68 cost 0.0008106198
73 91 144 168 182 227 cost 0.0008101472
201 220 168 193 318 364 cost 0.0008096889
91 110 265 289 182 227 cost 0.0008093209
156 165 144 156 45 68 cost 0.0008089469
128 137 205 217 45 68 cost 0.0008087757
165 174 180 193 68 91 cost 0.0008079282
128 137 168 180 68 91 cost 0.0008074612
128 137 156 168 68 91 cost 0.0008072082
110 147 0 48 91 182 cost 0.0008070437
165 183 193 217 364 409 cost 0.0008056509
201 220 193 217 364 409 cost 0.0008051381
110 119 156 168 68 91 cost 0.0008050242
100 110 180 193 68 91 cost 0.000804681
183 192 217 229 45 68 cost 0.0008040572
73 91 72 96 136 182 cost 0.00080385
147 165 313 337 136 182 cost 0.0008036022
100 110 144 156 68 91 cost 0.0008028331
147 165 289 313 182 227 cost 0.0008025544
275 294 313 337 45 91 cost 0.0008017584
210 220 205 217 45 68 cost 0.0007998628
110 119 168 180 68 91 cost 0.0007995665
119 128 193 205 45 68 cost 0.0007981189
147 165 193 217 364 409 cost 0.0007965258
183 201 265 289 318 364 cost 0.0007951381
156 165 180 193 22 45 cost 0.0007943999
137 147 205 217 68 91 cost 0.0007940169
110 119 180 193 68 91 cost 0.0007934323
183 201 361 386 91 136 cost 0.0007922166
137 147 229 241 45 68 cost 0.0007921307
165 183 313 337 227 273 cost 0.0007921092
192 201 180 193 45 68 cost 0.0007916796
220 238 337 361 136 182 cost 0.000791073
73 91 289 313 0 45 cost 0.0007894114
238 257 120 144 45 91 cost 0.0007893715
137 147 144 156 68 91 cost 0.000786827
201 220 144 168 273 318 cost 0.0007865858
275 294 193 217 227 273 cost 0.0007863019
54 73 241 265 91 136 cost 0.0007857963
165 174 180 193 22 45 cost 0.0007857236
100 110 120 132 45 68 cost 0.0007856463
137 147 156 168 22 45 cost 0.0007855313
174 183 168 180 45 68 cost 0.0007854915
210 220 180 193 45 68 cost 0.0007845865
174 183 229 241 45 68 cost 0.0007831203
220 238 265 289 273 318 cost 0.0007824172
147 165 265 289 273 318 cost 0.0007819897
91 110 48 72 91 136 cost 0.0007816779
73 91 217 241 227 273 cost 0.0007814866
156 165 229 241 45 68 cost 0.0007814645
73 91 168 193 227 273 cost 0.0007810715
183 201 313 337 182 227 cost 0.0007808693
110 119 120 132 45 68 cost 0.0007800083
91 110 96 120 227 273 cost 0.000779716
183 201 193 217 364 409 cost 0.0007796495
192 201 205 217 45 68 cost 0.000779372
73 91 120 144 227 273 cost 0.0007776589
119 128 144 156 68 91 cost 0.0007775841
201 220 289 313 273 318 cost 0.0007769958
210 220 217 229 45 68 cost 0.0007769302
275 294 265 289 91 136 cost 0.0007768506
147 165 168 193 364 409 cost 0.0007765182
238 257 217 241 318 364 cost 0.0007752025
156 165 193 205 68 91 cost 0.0007734142
165 183 168 193 364 409 cost 0.0007730325
137 147 168 180 22 45 cost 0.0007727927
165 174 205 217 68 91 cost 0.000772309
183 220 96 144 637 728 cost 0.0007701704
165 183 265 289 318 364 cost 0.0007695652
165 174 144 156 45 68 cost 0.0007690568
183 201 217 241 364 409 cost 0.0007689518
137 147 144 156 22 45 cost 0.0007688497
128 137 144 156 68 91 cost 0.000768477
156 165 205 217 68 91 cost 0.0007683647
210 220 193 205 45 68 cost 0.0007667683
0 73 0 96 364 546 cost 0.0007666934
201 210 180 193 45 68 cost 0.0007666487
165 183 72 96 0 45 cost 0.0007659832
147 156 193 205 68 91 cost 0.0007657905
147 156 132 144 45 68 cost 0.0007647133
147 156 180 193 22 45 cost 0.0007645957
165 174 193 205 68 91 cost 0.000764568
128 147 313 337 91 136 cost 0.0007640321
165 183 337 361 136 182 cost 0.0007619675
201 220 361 386 91 136 cost 0.0007614817
201 220 337 361 227 273 cost 0.0007611294
91 110 217 241 273 318 cost 0.0007598635
201 210 205 217 45 68 cost 0.000759792
110 119 144 156 68 91 cost 0.000759757
73 91 265 289 136 182 cost 0.0007593304
165 183 217 241 364 409 cost 0.0007592202
210 220 265 277 45 68 cost 0.0007583471
128 137 108 120 45 68 cost 0.0007571075
137 147 132 144 22 45 cost 0.0007568379
147 156 229 241 45 68 cost 0.0007567795
192 201 193 205 45 68 cost 0.0007567087
128 147 168 193 364 409 cost 0.0007565296
91 100 156 168 45 68 cost 0.0007561036
192 201 217 229 45 68 cost 0.0007559129
110 128 120 144 273 318 cost 0.0007555427
128 147 241 265 318 364 cost 0.0007549428
156 165 205 217 22 45 cost 0.0007542559
119 128 205 217 45 68 cost 0.0007541236
73 91 168 193 182 227 cost 0.00075401
73 91 120 144 182 227 cost 0.0007533909
128 137 132 144 22 45 cost 0.0007529735
238 257 241 265 273 318 cost 0.0007515562
128 147 193 217 364 409 cost 0.0007508769
119 128 108 120 45 68 cost 0.0007497047
257 294 144 193 455 546 cost 0.0007493878
73 91 193 217 182 227 cost 0.0007493182
165 174 205 217 22 45 cost 0.0007487708
201 220 168 193 364 409 cost 0.0007483437
91 100 144 156 45 68 cost 0.0007475101
210 220 253 265 45 68 cost 0.0007474908
174 183 180 193 22 45 cost 0.000747436
165 174 241 253 45 68 cost 0.0007474085
128 137 156 168 22 45 cost 0.0007473659
275 294 168 193 227 273 cost 0.0007453398
275 294 265 289 0 45 cost 0.0007450657
174 183 180 193 68 91 cost 0.0007446589
147 156 205 217 68 91 cost 0.0007442131
137 147 132 144 68 91 cost 0.0007441973
275 294 168 193 0 45 cost 0.0007440631
183 192 229 241 45 68 cost 0.0007435512
257 294 144 193 637 728 cost 0.0007426189
201 210 217 229 45 68 cost 0.000742564
210 220 229 241 45 68 cost 0.0007424556
147 165 217 241 364 409 cost 0.0007423578
128 137 132 144 68 91 cost 0.0007418372
54 73 217 241 136 182 cost 0.0007407284
201 220 96 120 0 45 cost 0.0007403995
183 201 96 120 136 182 cost 0.0007397363
128 137 217 229 45 68 cost 0.0007392648
137 147 108 120 45 68 cost 0.000739199
128 137 144 156 22 45 cost 0.0007382235
0 73 0 96 546 728 cost 0.0007378711
110 147 337 386 273 364 cost 0.0007376344
110 128 193 217 318 364 cost 0.0007373864
119 128 132 144 22 45 cost 0.0007363511
165 174 217 229 22 45 cost 0.0007360286
156 165 193 205 22 45 cost 0.0007359236
119 128 156 168 22 45 cost 0.0007355993
156 165 217 229 22 45 cost 0.0007354488
100 110 193 205 45 68 cost 0.0007351592
165 174 217 229 68 91 cost 0.0007348907
201 210 193 205 45 68 cost 0.0007341195
91 110 193 217 273 318 cost 0.0007339747
147 156 168 180 68 91 cost 0.0007327141
183 201 168 193 364 409 cost 0.000732517
174 183 156 168 45 68 cost 0.0007320394
174 183 205 217 68 91 cost 0.0007307381
110 119 193 205 45 68 cost 0.0007307232
210 220 241 253 45 68 cost 0.0007305891
275 294 168 193 136 182 cost 0.0007300778
119 128 132 144 68 91 cost 0.0007297853
110 128 168 193 318 364 cost 0.0007293777
137 147 205 217 22 45 cost 0.0007293407
137 147 193 205 22 45 cost 0.0007277619
100 110 156 168 22 45 cost 0.0007260829
100 110 132 144 68 91 cost 0.0007260779
119 128 144 156 22 45 cost 0.0007259932
128 147 144 168 318 364 cost 0.0007256705
174 183 241 253 45 68 cost 0.0007256354
73 110 289 337 364 455 cost 0.000724679
238 257 289 313 182 227 cost 0.000723946
238 257 193 217 318 364 cost 0.0007237941
165 174 193 205 22 45 cost 0.0007237833
156 165 217 229 68 91 cost 0.0007236867
238 257 144 168 182 227 cost 0.0007233038
54 73 72 96 136 182 cost 0.0007229211
0 36 193 241 182 273 cost 0.0007225403
257 275 241 265 182 227 cost 0.0007216012
128 137 193 205 68 91 cost 0.0007215002
73 91 289 313 91 136 cost 0.0007211076
147 165 120 144 273 318 cost 0.0007210904
119 128 193 205 68 91 cost 0.0007192336
174 183 193 205 68 91 cost 0.0007190663
54 73 193 217 136 182 cost 0.0007183609
257 275 265 289 227 273 cost 0.0007177055
100 110 144 156 22 45 cost 0.0007170511
174 183 205 217 22 45 cost 0.0007168944
165 174 253 265 45 68 cost 0.0007167373
147 165 144 168 318 364 cost 0.0007161828
192 201 229 241 45 68 cost 0.0007139412
100 110 205 217 45 68 cost 0.0007127662
137 147 217 229 68 91 cost 0.0007126135
156 165 241 253 45 68 cost 0.000710709
183 201 289 313 273 318 cost 0.0007103907
156 165 132 144 45 68 cost 0.0007102414
201 220 217 241 409 455 cost 0.0007099811
201 210 265 277 45 68 cost 0.000709794
174 183 253 265 45 68 cost 0.0007096508
91 110 289 313 136 182 cost 0.0007095399
201 210 229 241 45 68 cost 0.0007090866
201 220 193 217 409 455 cost 0.0007088352
91 100 132 144 45 68 cost 0.0007079808
128 137 168 180 22 45 cost 0.0007078649
137 147 241 253 45 68 cost 0.0007070628
147 183 337 386 455 546 cost 0.0007070264
192 201 265 277 45 68 cost 0.000706922
91 110 96 120 182 227 cost 0.000706403
147 156 205 217 22 45 cost 0.0007062367
275 294 217 241 227 273 cost 0.000706133
128 137 120 132 22 45 cost 0.0007058905
156 165 168 180 68 91 cost 0.0007058691
183 192 241 253 45 68 cost 0.0007058034
110 128 217 241 318 364 cost 0.0007057919
257 294 289 337 455 546 cost 0.0007052512
257 275 144 168 91 136 cost 0.0007045063
73 91 193 217 227 273 cost 0.0007043837
100 110 193 205 68 91 cost 0.0007041351
165 183 193 217 409 455 cost 0.0007040658
147 165 337 361 91 136 cost 0.0007030357
174 183 217 229 22 45 cost 0.0007026525
174 183 217 229 68 91 cost 0.0007025337
183 192 253 265 45 68 cost 0.0007019578
192 201 253 265 45 68 cost 0.0007017844
220 238 313 337 182 227 cost 0.0007016542
201 210 253 265 45 68 cost 0.000701585
147 165 265 289 318 364 cost 0.000701585
110 119 205 217 45 68 cost 0.0007009457
137 147 120 132 22 45 cost 0.0006996674
201 220 120 144 227 273 cost 0.0006994378
91 100 168 180 45 68 cost 0.0006993349
110 119 132 144 68 91 cost 0.000698552
100 110 217 229 45 68 cost 0.000698455
257 275 168 193 182 227 cost 0.0006975763
100 110 108 120 45 68 cost 0.0006975601
110 119 108 120 45 68 cost 0.0006974354
147 156 193 205 22 45 cost 0.000697252
128 137 180 193 22 45 cost 0.0006972352
119 128 217 229 45 68 cost 0.0006970651
183 192 168 180 45 68 cost 0.0006967578
156 165 168 180 22 45 cost 0.0006966578
220 238 265 289 318 364 cost 0.0006965963
183 192 265 277 45 68 cost 0.0006964929
174 183 265 277 45 68 cost 0.0006950263
110 119 132 144 22 45 cost 0.0006945195
147 156 217 229 22 45 cost 0.0006942272
110 119 156 168 22 45 cost 0.0006939042
201 210 241 253 45 68 cost 0.0006934556
110 119 193 205 68 91 cost 0.0006932353
174 183 193 205 22 45 cost 0.0006926729
275 294 265 289 136 182 cost 0.0006923371
128 137 205 217 68 91 cost 0.0006913502
147 156 156 168 68 91 cost 0.0006912361
183 201 193 217 409 455 cost 0.000690686
257 294 241 289 637 728 cost 0.0006898596
192 201 241 253 45 68 cost 0.0006892739
119 128 168 180 22 45 cost 0.0006890397
119 128 120 132 22 45 cost 0.0006886969
165 174 265 277 45 68 cost 0.000688319
147 156 168 180 22 45 cost 0.000688306
147 165 96 120 227 273 cost 0.0006881163
165 183 193 217 546 591 cost 0.0006877139
147 156 217 229 68 91 cost 0.0006872652
147 156 156 168 22 45 cost 0.0006868299
128 147 217 241 364 409 cost 0.0006867207
210 220 277 289 45 68 cost 0.0006865491
220 238 168 193 318 364 cost 0.0006860139
110 119 144 156 22 45 cost 0.0006847404
174 183 144 156 45 68 cost 0.0006846149
119 128 205 217 68 91 cost 0.0006844372
128 147 289 313 182 227 cost 0.0006842449
220 229 205 217 45 68 cost 0.0006838647
165 183 72 96 91 136 cost 0.0006836064
165 183 193 217 591 637 cost 0.0006828846
110 128 289 313 227 273 cost 0.0006825016
165 174 168 180 68 91 cost 0.0006808554
147 156 120 132 45 68 cost 0.0006805534
82 91 156 168 45 68 cost 0.0006789526
54 73 48 72 0 45 cost 0.0006789499
165 183 217 241 409 455 cost 0.000678786
183 201 337 361 227 273 cost 0.0006771063
183 192 205 217 68 91 cost 0.000676519
91 100 156 168 68 91 cost 0.0006758846
128 137 229 241 45 68 cost 0.0006746115
156 165 253 265 45 68 cost 0.0006742403
147 156 241 253 45 68 cost 0.0006737828
238 257 241 265 318 364 cost 0.000673547
54 73 265 289 0 45 cost 0.0006728833
110 128 144 168 318 364 cost 0.0006720218
165 174 229 241 22 45 cost 0.000671503
183 201 217 241 409 455 cost 0.0006713618
165 174 168 180 22 45 cost 0.0006710358
82 91 144 156 45 68 cost 0.0006702225
165 174 132 144 45 68 cost 0.0006700715
220 229 217 229 45 68 cost 0.0006700469
220 238 217 241 364 409 cost 0.0006699537
201 220 241 265 364 409 cost 0.0006698717
91 100 180 193 45 68 cost 0.0006698131
110 119 217 229 45 68 cost 0.000669381
156 165 229 241 22 45 cost 0.0006686366
128 137 120 132 68 91 cost 0.0006685065
165 183 168 193 546 591 cost 0.0006676222
183 192 205 217 22 45 cost 0.0006671611
156 165 156 168 22 45 cost 0.0006665087
238 257 337 361 136 182 cost 0.0006657319
165 183 168 193 409 455 cost 0.0006650172
137 147 120 132 68 91 cost 0.0006645353
165 174 229 241 68 91 cost 0.0006642734
183 192 217 229 68 91 cost 0.0006637673
147 165 193 217 546 591 cost 0.000663059
128 147 168 193 546 591 cost 0.0006630568
100 110 205 217 68 91 cost 0.000662353
119 128 180 193 22 45 cost 0.0006620813
91 100 144 156 68 91 cost 0.000661582
128 147 193 217 546 591 cost 0.0006606516
165 183 144 168 318 364 cost 0.0006597642
183 192 180 193 68 91 cost 0.000659759
110 119 205 217 68 91 cost 0.0006579901
220 238 144 168 273 318 cost 0.0006578864
36 54 144 168 136 182 cost 0.0006576863
220 238 361 386 91 136 cost 0.0006573272
147 156 144 156 22 45 cost 0.0006571998
73 110 337 386 0 91 cost 0.0006571202
220 238 337 361 227 273 cost 0.0006568903
183 192 193 205 68 91 cost 0.0006567983
91 100 120 132 45 68 cost 0.0006562709
165 183 120 144 273 318 cost 0.0006554841
119 128 120 132 68 91 cost 0.0006549022
91 100 168 180 68 91 cost 0.0006539212
156 165 229 241 68 91 cost 0.0006538273
257 275 361 386 45 91 cost 0.0006534483
192 201 277 289 45 68 cost 0.0006531475
257 275 313 337 136 182 cost 0.0006522697
220 238 217 241 409 455 cost 0.0006516827
156 165 156 168 68 91 cost 0.0006504492
165 183 168 193 591 637 cost 0.0006501791
110 119 120 132 22 45 cost 0.0006499955
183 192 217 229 22 45 cost 0.0006498729
147 165 168 193 546 591 cost 0.0006498012
220 229 180 193 45 68 cost 0.000649657
110 147 337 386 182 273 cost 0.0006490331
128 147 337 361 0 45 cost 0.0006487353
201 220 289 313 318 364 cost 0.0006484737
36 54 72 96 0 45 cost 0.0006478505
147 165 193 217 409 455 cost 0.0006474267
128 147 265 289 273 318 cost 0.0006469774
36 54 72 96 91 136 cost 0.0006468202
257 275 217 241 273 318 cost 0.000646649
147 165 361 386 45 91 cost 0.0006465908
183 201 193 217 591 637 cost 0.0006458675
201 210 277 289 45 68 cost 0.0006456163
110 119 168 180 22 45 cost 0.0006448343
147 165 96 120 182 227 cost 0.0006444133
147 165 48 72 0 45 cost 0.0006444036
174 183 229 241 22 45 cost 0.0006443488
220 229 193 205 45 68 cost 0.0006441203
210 220 289 301 45 68 cost 0.000643934
220 238 289 313 273 318 cost 0.0006437939
82 91 132 144 45 68 cost 0.0006437465
220 238 193 217 364 409 cost 0.0006435734
100 110 120 132 68 91 cost 0.00064243
147 156 144 156 68 91 cost 0.0006404882
165 183 313 337 182 227 cost 0.0006399261
201 220 168 193 409 455 cost 0.0006396182
100 110 229 241 45 68 cost 0.0006394277
183 201 193 217 546 591 cost 0.0006389972
183 192 193 205 22 45 cost 0.0006384804
201 220 193 217 591 637 cost 0.0006381693
73 91 48 72 91 136 cost 0.0006377349
192 201 168 180 45 68 cost 0.0006374306
119 128 229 241 45 68 cost 0.0006374095
229 238 205 217 45 68 cost 0.0006372873
137 147 229 241 68 91 cost 0.0006370789
257 275 193 217 273 318 cost 0.0006370285
275 294 241 265 227 273 cost 0.000636909
137 147 253 265 45 68 cost 0.0006368794
220 238 193 217 409 455 cost 0.000636858
73 91 241 265 182 227 cost 0.0006363435
174 183 229 241 68 91 cost 0.0006361888
192 201 205 217 68 91 cost 0.0006349624
156 165 265 277 45 68 cost 0.0006334746
183 201 168 193 409 455 cost 0.0006331229
91 100 180 193 68 91 cost 0.0006305554
192 201 217 229 68 91 cost 0.0006301445
183 192 277 289 45 68 cost 0.0006296525
257 294 289 337 637 728 cost 0.0006293326
220 229 229 241 45 68 cost 0.000629259
147 156 229 241 22 45 cost 0.0006292201
119 128 96 108 45 68 cost 0.0006290445
73 91 241 265 227 273 cost 0.0006286934
238 257 265 289 273 318 cost 0.0006283296
229 238 217 229 45 68 cost 0.0006273341
238 257 313 337 182 227 cost 0.0006271634
128 137 96 108 45 68 cost 0.0006270332
156 165 144 156 22 45 cost 0.0006269411
156 165 120 132 45 68 cost 0.0006269095
192 201 205 217 22 45 cost 0.000626824
147 156 253 265 45 68 cost 0.0006265728
183 192 156 168 45 68 cost 0.0006258283
165 183 217 241 546 591 cost 0.0006254106
165 174 241 253 68 91 cost 0.0006248559
174 183 168 180 22 45 cost 0.0006239293
82 91 168 180 45 68 cost 0.0006235436
165 183 289 313 273 318 cost 0.0006233456
174 183 277 289 45 68 cost 0.0006217982
110 128 241 265 273 318 cost 0.0006208536
192 201 289 301 45 68 cost 0.0006207425
110 119 120 132 68 91 cost 0.0006204574
165 174 156 168 68 91 cost 0.0006200497
192 201 217 229 22 45 cost 0.0006193161
257 275 361 386 0 45 cost 0.0006192662
36 54 265 289 45 91 cost 0.0006192047
147 156 229 241 68 91 cost 0.0006191356
220 229 265 277 45 68 cost 0.0006190672
275 294 289 313 0 45 cost 0.0006184151
147 165 168 193 409 455 cost 0.0006178269
147 165 72 96 136 182 cost 0.0006167174
183 201 241 265 364 409 cost 0.0006165411
110 119 180 193 22 45 cost 0.0006162857
220 229 253 265 45 68 cost 0.0006154461
210 220 168 180 45 68 cost 0.0006148498
165 183 241 265 364 409 cost 0.0006138699
36 54 193 217 0 45 cost 0.0006131354
183 201 289 313 318 364 cost 0.0006125477
156 165 241 253 68 91 cost 0.0006121267
165 174 277 289 45 68 cost 0.0006121069
220 229 241 253 45 68 cost 0.000611967
201 220 337 361 182 227 cost 0.000611913
201 210 168 180 45 68 cost 0.0006110434
257 275 144 168 227 273 cost 0.000610657
201 210 289 301 45 68 cost 0.0006105221
128 147 144 168 364 409 cost 0.0006101736
119 128 217 229 68 91 cost 0.00061013
183 192 229 241 22 45 cost 0.0006098708
183 192 229 241 68 91 cost 0.0006097184
128 137 217 229 68 91 cost 0.0006094067
174 183 168 180 68 91 cost 0.0006092599
100 110 217 229 68 91 cost 0.0006091882
147 165 217 241 409 455 cost 0.0006083379
110 119 229 241 45 68 cost 0.0006081606
238 257 361 386 91 136 cost 0.0006081159
238 257 337 361 227 273 cost 0.0006080784
128 137 193 205 22 45 cost 0.000607144
210 220 301 313 45 68 cost 0.000606569
201 220 241 265 409 455 cost 0.0006064621
174 183 241 253 68 91 cost 0.0006057727
183 201 168 193 546 591 cost 0.0006054138
110 128 48 72 136 182 cost 0.0006040796
128 137 205 217 22 45 cost 0.0006034868
110 119 217 229 68 91 cost 0.0006030949
91 100 156 168 22 45 cost 0.0006025844
147 165 217 241 546 591 cost 0.0006019653
147 165 241 265 364 409 cost 0.0006018888
82 91 156 168 68 91 cost 0.0006009708
192 201 193 205 68 91 cost 0.0006006585
82 91 120 132 45 68 cost 0.000600437
91 100 132 144 68 91 cost 0.000599856
192 201 229 241 68 91 cost 0.0005994094
91 100 144 156 22 45 cost 0.0005993801
238 257 217 241 409 455 cost 0.0005984459
100 110 96 108 45 68 cost 0.0005983578
128 147 313 337 136 182 cost 0.0005965991
183 201 144 168 318 364 cost 0.0005960589
229 238 193 205 45 68 cost 0.0005958908
210 220 205 217 68 91 cost 0.0005951078
137 147 96 108 45 68 cost 0.0005947408
192 201 229 241 22 45 cost 0.0005945449
110 119 96 108 45 68 cost 0.0005941851
73 110 0 48 91 182 cost 0.0005934711
91 100 193 205 45 68 cost 0.0005934291
210 220 265 277 68 91 cost 0.0005932671
183 201 168 193 591 637 cost 0.0005928064
210 220 217 229 68 91 cost 0.0005926064
137 147 241 253 68 91 cost 0.0005922617
183 201 217 241 546 591 cost 0.0005919593
156 165 144 156 68 91 cost 0.0005919064
183 192 241 253 68 91 cost 0.0005912551
192 201 180 193 68 91 cost 0.0005909964
174 183 132 144 45 68 cost 0.0005905651
229 238 180 193 45 68 cost 0.0005904131
36 54 120 144 136 182 cost 0.0005903648
82 91 144 156 68 91 cost 0.0005898186
128 137 241 253 45 68 cost 0.0005896238
165 183 217 241 591 637 cost 0.0005890097
183 192 289 301 45 68 cost 0.0005889215
165 183 193 217 500 546 cost 0.0005886855
165 183 361 386 91 136 cost 0.0005883966
201 210 217 229 68 91 cost 0.0005877586
91 100 108 120 45 68 cost 0.0005874026
192 201 241 253 68 91 cost 0.0005853783
229 238 229 241 45 68 cost 0.0005852617
73 91 144 168 273 318 cost 0.0005850326
257 275 265 289 182 227 cost 0.0005847962
201 210 205 217 68 91 cost 0.0005843044
192 201 193 205 22 45 cost 0.0005840226
128 147 96 120 273 318 cost 0.0005838944
201 220 193 217 546 591 cost 0.0005830696
137 147 180 193 91 113 cost 0.0005830122
201 220 96 120 91 136 cost 0.0005826015
201 220 361 386 136 182 cost 0.0005825364
36 54 241 265 0 45 cost 0.0005822814
147 165 193 217 591 637 cost 0.0005822481
82 91 180 193 45 68 cost 0.0005813935
210 220 253 265 68 91 cost 0.0005803888
238 257 168 193 318 364 cost 0.0005792754
147 156 241 253 68 91 cost 0.0005792446
192 201 301 313 45 68 cost 0.0005792115
174 183 289 301 45 68 cost 0.0005784103
119 128 156 168 91 113 cost 0.0005783167
183 201 193 217 500 546 cost 0.0005780488
201 220 168 193 591 637 cost 0.0005778521
128 147 48 72 136 182 cost 0.0005772524
119 128 144 156 91 113 cost 0.0005769669
165 174 120 132 45 68 cost 0.0005769155
201 210 301 313 45 68 cost 0.0005765251
275 294 144 168 91 136 cost 0.0005763278
210 220 229 241 68 91 cost 0.0005759849
82 91 168 180 68 91 cost 0.0005757907
91 100 205 217 45 68 cost 0.0005756105
210 220 241 253 68 91 cost 0.0005741149
73 91 96 120 227 273 cost 0.0005736761
73 91 217 241 273 318 cost 0.0005734582
147 165 144 168 364 409 cost 0.0005731086
183 192 144 156 45 68 cost 0.0005726293
238 257 217 241 364 409 cost 0.0005714817
165 174 253 265 68 91 cost 0.0005712141
128 147 217 241 546 591 cost 0.0005708019
220 238 241 265 364 409 cost 0.0005706672
147 156 132 144 68 91 cost 0.000570234
147 165 168 193 591 637 cost 0.0005698593
91 110 168 193 318 364 cost 0.0005697876
128 147 193 217 409 455 cost 0.0005690868
91 100 217 229 45 68 cost 0.0005690564
147 183 0 48 91 182 cost 0.000569001
73 91 96 120 182 227 cost 0.0005687223
201 210 229 241 68 91 cost 0.0005684933
147 156 265 277 45 68 cost 0.0005676951
91 110 193 217 318 364 cost 0.0005675061
137 147 205 217 91 113 cost 0.0005661384
183 201 337 361 182 227 cost 0.0005657745
73 82 156 168 45 68 cost 0.0005653334
110 128 313 337 0 45 cost 0.0005647419
54 73 265 289 91 136 cost 0.0005638976
192 201 253 265 68 91 cost 0.0005638882
110 128 289 313 182 227 cost 0.0005636209
238 257 193 217 409 455 cost 0.0005632356
257 294 337 386 364 455 cost 0.0005631143
137 147 193 205 91 113 cost 0.0005625471
201 210 241 253 68 91 cost 0.0005624623
165 174 144 156 68 91 cost 0.0005616245
128 147 168 193 409 455 cost 0.0005613221
128 147 120 144 318 364 cost 0.0005612879
238 257 265 289 318 364 cost 0.0005609291
165 174 289 301 45 68 cost 0.0005606609
156 165 277 289 45 68 cost 0.0005605341
229 238 241 253 45 68 cost 0.0005604933
91 110 144 168 318 364 cost 0.0005603709
147 165 313 337 227 273 cost 0.0005603675
128 147 265 289 318 364 cost 0.0005603521
229 238 265 277 45 68 cost 0.0005593991
147 165 193 217 500 546 cost 0.0005590877
183 192 253 265 68 91 cost 0.0005590624
174 183 253 265 68 91 cost 0.0005587969
174 183 205 217 159 182 cost 0.0005586949
220 238 241 265 409 455 cost 0.0005586737
229 238 253 265 45 68 cost 0.0005579923
183 201 217 241 591 637 cost 0.0005578007
110 128 168 193 364 409 cost 0.0005577047
128 137 108 120 68 91 cost 0.0005576873
165 174 205 217 159 182 cost 0.000557449
165 183 289 313 318 364 cost 0.0005567582
147 165 289 313 273 318 cost 0.0005567228
91 110 217 241 318 364 cost 0.0005566259
183 201 361 386 136 182 cost 0.000556488
110 119 156 168 91 113 cost 0.0005563474
165 183 96 120 227 273 cost 0.0005561453
110 128 168 193 546 591 cost 0.0005561341
192 201 156 168 45 68 cost 0.0005553492
201 220 217 241 546 591 cost 0.0005550176
73 82 144 156 45 68 cost 0.0005544304
201 220 193 217 500 546 cost 0.0005543405
192 201 265 277 68 91 cost 0.0005542439
54 73 48 72 91 136 cost 0.0005542206
36 54 241 265 91 136 cost 0.0005534705
110 128 193 217 364 409 cost 0.0005528064
220 229 277 289 45 68 cost 0.0005526919
156 165 205 217 91 113 cost 0.0005523882
201 220 217 241 591 637 cost 0.0005522328
165 174 205 217 91 113 cost 0.0005521537
110 119 144 156 91 113 cost 0.0005520131
201 210 265 277 68 91 cost 0.0005518794
210 220 193 205 68 91 cost 0.000550698
238 247 217 229 45 68 cost 0.0005505219
156 165 253 265 68 91 cost 0.0005495154
128 137 156 168 91 113 cost 0.0005489751
174 183 156 168 68 91 cost 0.0005489515
91 110 313 337 45 91 cost 0.000548159
128 137 144 156 91 113 cost 0.0005481287
110 128 241 265 318 364 cost 0.0005479543
183 201 241 265 409 455 cost 0.0005478673
73 91 168 193 273 318 cost 0.000547371
275 294 289 313 91 136 cost 0.0005473268
119 128 108 120 68 91 cost 0.000547202
183 201 217 241 500 546 cost 0.0005469439
174 183 205 217 91 113 cost 0.0005468794
137 147 205 217 136 159 cost 0.0005468215
137 147 108 120 68 91 cost 0.0005467563
201 210 253 265 68 91 cost 0.000546584
73 82 132 144 45 68 cost 0.0005463143
91 100 193 205 68 91 cost 0.0005458069
100 110 229 241 68 91 cost 0.0005455786
137 147 168 180 91 113 cost 0.00054554
156 165 205 217 136 159 cost 0.0005454066
36 73 96 144 637 728 cost 0.0005451672
201 220 313 337 273 318 cost 0.0005451637
119 128 168 180 91 113 cost 0.0005449523
183 192 301 313 45 68 cost 0.0005444862
165 174 205 217 136 159 cost 0.0005432992
82 91 180 193 68 91 cost 0.0005430276
183 192 265 277 68 91 cost 0.0005423351
156 165 205 217 159 182 cost 0.0005420915
119 128 229 241 68 91 cost 0.0005409921
119 128 180 193 91 113 cost 0.000540789
110 119 229 241 68 91 cost 0.0005407708
100 110 108 120 68 91 cost 0.0005405806
183 192 205 217 159 182 cost 0.0005405364
128 147 144 168 546 591 cost 0.0005396838
174 183 217 229 159 182 cost 0.0005389884
201 210 193 205 68 91 cost 0.0005387179
128 137 229 241 68 91 cost 0.0005387033
165 174 217 229 159 182 cost 0.0005380866
137 147 156 168 91 113 cost 0.0005375505
238 257 289 313 273 318 cost 0.00053711
137 147 144 156 91 113 cost 0.0005370637
165 183 217 241 500 546 cost 0.0005365353
165 183 144 168 364 409 cost 0.0005359311
91 100 120 132 68 91 cost 0.0005357011
36 54 168 193 136 182 cost 0.0005351531
165 183 96 120 182 227 cost 0.0005350635
165 174 265 277 68 91 cost 0.0005350426
128 137 180 193 91 113 cost 0.0005347229
165 183 241 265 409 455 cost 0.0005344533
82 91 132 144 68 91 cost 0.0005341322
137 147 205 217 159 182 cost 0.0005335409
201 220 217 241 500 546 cost 0.0005329635
174 183 265 277 68 91 cost 0.0005329085
201 220 168 193 546 591 cost 0.000532908
156 165 180 193 91 113 cost 0.0005321643
220 238 337 361 182 227 cost 0.0005310671
73 91 265 289 227 273 cost 0.0005299467
91 110 48 72 136 182 cost 0.0005296261
220 238 289 313 318 364 cost 0.0005294099
110 128 193 217 546 591 cost 0.0005288009
128 137 168 180 91 113 cost 0.0005286007
110 128 217 241 364 409 cost 0.0005284089
238 257 193 217 364 409 cost 0.0005282444
210 220 277 289 68 91 cost 0.0005280657
147 156 205 217 91 113 cost 0.0005277044
183 192 168 180 68 91 cost 0.0005262156
156 165 193 205 91 113 cost 0.0005260911
210 220 180 193 68 91 cost 0.0005259644
220 238 193 217 591 637 cost 0.0005258667
201 210 180 193 68 91 cost 0.0005257927
110 119 168 180 91 113 cost 0.0005253695
156 165 217 229 159 182 cost 0.0005250389
147 156 180 193 91 113 cost 0.000524759
183 192 217 229 159 182 cost 0.0005246098
165 174 193 205 159 182 cost 0.000524363
174 183 193 205 159 182 cost 0.0005236773
165 174 193 205 91 113 cost 0.0005231031
110 119 108 120 68 91 cost 0.0005227569
174 183 301 313 45 68 cost 0.0005224831
137 147 217 229 136 159 cost 0.0005219212
73 82 168 180 45 68 cost 0.0005218353
147 156 205 217 159 182 cost 0.0005216128
238 257 241 265 409 455 cost 0.0005210768
165 174 217 229 136 159 cost 0.000521
128 147 217 241 409 455 cost 0.0005205492
0 36 193 241 273 364 cost 0.0005202366
238 247 229 241 45 68 cost 0.0005201751
201 220 144 168 318 364 cost 0.0005193298
91 100 229 241 45 68 cost 0.0005188512
110 119 180 193 91 113 cost 0.0005186295
156 165 217 229 136 159 cost 0.0005178493
174 183 205 217 136 159 cost 0.0005177669
91 100 205 217 68 91 cost 0.0005173083
165 183 48 72 45 91 cost 0.0005170577
137 147 193 205 136 159 cost 0.0005168826
238 257 144 168 273 318 cost 0.0005159323
110 128 96 120 273 318 cost 0.0005158605
147 165 337 361 136 182 cost 0.0005158283
220 229 205 217 68 91 cost 0.0005157685
147 156 253 265 68 91 cost 0.0005155443
137 147 217 229 159 182 cost 0.0005149675
174 183 193 205 91 113 cost 0.0005147121
165 174 193 205 136 159 cost 0.0005145316
147 156 193 205 91 113 cost 0.0005144928
174 183 180 193 159 182 cost 0.0005140059
137 147 253 265 68 91 cost 0.0005136118
156 165 132 144 68 91 cost 0.0005134981
165 174 180 193 159 182 cost 0.0005133202
165 174 180 193 136 159 cost 0.0005132727
156 165 193 205 159 182 cost 0.0005131488
156 165 265 277 68 91 cost 0.0005130898
128 137 253 265 45 68 cost 0.0005122254
73 82 156 168 68 91 cost 0.000512162
257 294 337 386 546 637 cost 0.0005120502
220 229 217 229 68 91 cost 0.0005115869
156 165 193 205 136 159 cost 0.0005115669
73 82 120 132 45 68 cost 0.0005112142
147 156 205 217 136 159 cost 0.0005111682
238 257 120 144 0 45 cost 0.0005097893
220 257 96 144 546 637 cost 0.0005095864
137 147 193 205 159 182 cost 0.0005093837
183 192 193 205 159 182 cost 0.0005088998
110 128 120 144 318 364 cost 0.0005086814
91 100 96 108 45 68 cost 0.0005085845
201 220 96 120 136 182 cost 0.0005083575
147 156 217 229 159 182 cost 0.0005063546
147 165 217 241 591 637 cost 0.0005058758
192 201 205 217 159 182 cost 0.0005058396
147 165 120 144 318 364 cost 0.0005048046
220 229 168 180 45 68 cost 0.0005043007
147 165 361 386 0 45 cost 0.0005038334
73 82 144 156 68 91 cost 0.0005031703
147 165 144 168 546 591 cost 0.0005019366
128 137 193 205 91 113 cost 0.0005014698
220 229 265 277 68 91 cost 0.0005013999
174 183 229 241 159 182 cost 0.0005012911
183 201 144 168 364 409 cost 0.0005010927
257 275 144 168 0 45 cost 0.0005003884
275 294 337 361 45 91 cost 0.0005001852
165 174 229 241 159 182 cost 0.0005000512
73 91 265 289 182 227 cost 0.0004998517
229 238 205 217 68 91 cost 0.0004998353
192 201 277 289 68 91 cost 0.0004997275
128 137 205 217 91 113 cost 0.0004994433
220 229 253 265 68 91 cost 0.0004994219
192 201 144 156 45 68 cost 0.0004985125
147 156 277 289 45 68 cost 0.0004984666
247 257 217 229 45 68 cost 0.00049823
147 165 217 241 500 546 cost 0.0004981562
192 201 217 229 159 182 cost 0.000498114
275 294 313 337 0 45 cost 0.0004978904
220 229 229 241 68 91 cost 0.0004974279
275 294 289 313 136 182 cost 0.0004971423
174 183 217 229 136 159 cost 0.0004971081
201 220 265 289 364 409 cost 0.0004970971
201 210 277 289 68 91 cost 0.0004966854
174 183 120 132 45 68 cost 0.0004955144
137 147 229 241 136 159 cost 0.0004954012
147 156 193 205 159 182 cost 0.0004952391
229 238 277 289 45 68 cost 0.000495182
147 156 120 132 68 91 cost 0.0004947045
220 229 241 253 68 91 cost 0.0004944181
165 174 301 313 45 68 cost 0.0004943679
174 183 180 193 136 159 cost 0.0004939965
229 238 217 229 68 91 cost 0.0004935549
174 183 193 205 136 159 cost 0.0004930801
183 201 313 337 273 318 cost 0.0004923631
257 275 144 168 136 182 cost 0.0004921765
201 220 144 168 364 409 cost 0.0004920799
147 165 289 313 318 364 cost 0.0004908828
183 192 229 241 159 182 cost 0.000490461
257 275 217 241 318 364 cost 0.0004902475
36 54 96 120 136 182 cost 0.0004902387
110 128 144 168 364 409 cost 0.0004895365
238 257 337 361 182 227 cost 0.0004887567
156 165 229 241 159 182 cost 0.0004886045
147 156 217 229 136 159 cost 0.0004885114
275 294 217 241 182 227 cost 0.0004873316
165 174 229 241 136 159 cost 0.0004872971
156 165 229 241 136 159 cost 0.000487079
73 82 168 180 68 91 cost 0.0004870169
220 257 96 144 364 455 cost 0.0004861668
220 238 193 217 546 591 cost 0.0004859422
82 91 120 132 68 91 cost 0.0004858317
110 128 144 168 546 591 cost 0.0004856071
275 294 265 289 227 273 cost 0.0004854465
147 165 241 265 409 455 cost 0.00048387
110 128 313 337 91 136 cost 0.000483629
165 174 132 144 68 91 cost 0.0004833254
275 294 193 217 182 227 cost 0.0004831355
220 238 361 386 136 182 cost 0.0004831058
174 183 144 156 68 91 cost 0.0004829068
183 192 277 289 68 91 cost 0.0004828158
128 137 241 253 68 91 cost 0.0004827859
147 156 193 205 136 159 cost 0.0004825475
238 257 241 265 364 409 cost 0.0004824968
147 165 144 168 409 455 cost 0.0004807351
220 229 193 205 68 91 cost 0.0004807284
183 192 205 217 136 159 cost 0.0004804003
54 73 241 265 136 182 cost 0.0004797909
165 183 144 168 591 637 cost 0.0004792327
192 201 193 205 159 182 cost 0.0004789986
137 147 229 241 159 182 cost 0.0004778202
165 183 144 168 546 591 cost 0.0004773592
247 257 229 241 45 68 cost 0.0004769569
128 147 168 193 591 637 cost 0.0004759667
91 100 217 229 68 91 cost 0.00047548
257 294 337 386 455 546 cost 0.0004750027
73 91 193 217 273 318 cost 0.0004741997
128 137 205 217 136 159 cost 0.0004729257
229 238 229 241 68 91 cost 0.0004728474
192 201 229 241 159 182 cost 0.0004726524
147 156 229 241 159 182 cost 0.0004721409
275 294 193 217 273 318 cost 0.0004719022
110 128 265 289 273 318 cost 0.0004712767
110 128 337 361 45 91 cost 0.0004704335
174 183 277 289 68 91 cost 0.0004700675
229 238 193 205 68 91 cost 0.0004688728
257 294 337 386 637 728 cost 0.0004685971
165 174 277 289 68 91 cost 0.0004684479
183 220 48 96 273 364 cost 0.0004675227
201 220 265 289 409 455 cost 0.0004667325
220 238 217 241 591 637 cost 0.0004661085
147 156 265 277 68 91 cost 0.0004659825
110 128 217 241 546 591 cost 0.0004655268
174 183 229 241 136 159 cost 0.0004654835
192 201 168 180 68 91 cost 0.0004646309
183 192 217 229 136 159 cost 0.0004644039
229 238 253 265 68 91 cost 0.0004642663
201 220 313 337 318 364 cost 0.0004642293
128 147 144 168 409 455 cost 0.000464191
229 238 241 253 68 91 cost 0.0004641741
73 82 180 193 45 68 cost 0.0004632703
275 294 313 337 91 136 cost 0.0004632368
275 294 217 241 273 318 cost 0.0004629693
275 294 144 168 227 273 cost 0.0004624798
220 238 313 337 273 318 cost 0.0004622724
183 192 156 168 68 91 cost 0.0004619264
147 156 229 241 136 159 cost 0.0004616938
220 238 217 241 546 591 cost 0.000460814
165 183 144 168 409 455 cost 0.0004585845
73 82 132 144 68 91 cost 0.0004585215
36 54 48 72 45 91 cost 0.0004584892
229 238 265 277 68 91 cost 0.000458305
147 156 168 180 91 113 cost 0.0004581165
128 147 361 386 45 91 cost 0.0004577032
73 91 289 313 136 182 cost 0.0004575854
183 192 193 205 136 159 cost 0.0004567476
257 294 96 144 273 364 cost 0.0004546133
220 229 180 193 68 91 cost 0.0004543961
210 220 289 301 68 91 cost 0.0004539573
147 165 48 72 91 136 cost 0.0004538242
91 100 108 120 68 91 cost 0.0004524398
73 110 289 337 455 546 cost 0.00045213
128 137 96 108 68 91 cost 0.0004516109
229 238 168 180 45 68 cost 0.0004510466
128 147 193 217 591 637 cost 0.0004507522
183 201 265 289 364 409 cost 0.0004506469
36 54 217 241 136 182 cost 0.0004503567
137 147 180 193 113 136 cost 0.0004494097
156 165 168 180 91 113 cost 0.0004486025
257 275 193 217 318 364 cost 0.0004484364
0 73 289 386 364 546 cost 0.0004478568
128 137 217 229 136 159 cost 0.0004474578
257 275 144 168 182 227 cost 0.0004469213
192 201 205 217 136 159 cost 0.0004465169
165 174 205 217 113 136 cost 0.0004458078
220 229 277 289 68 91 cost 0.0004457457
156 165 205 217 113 136 cost 0.0004457423
165 183 361 386 136 182 cost 0.0004453056
119 128 96 108 68 91 cost 0.0004452659
73 82 180 193 68 91 cost 0.0004448642
183 201 313 337 318 364 cost 0.000444479
0 36 96 144 0 91 cost 0.0004439938
183 192 229 241 136 159 cost 0.0004428046
128 137 193 205 136 159 cost 0.0004427443
36 73 0 48 0 91 cost 0.0004416199
110 128 193 217 409 455 cost 0.0004406439
147 165 144 168 591 637 cost 0.0004402645
73 110 337 386 91 182 cost 0.0004401688
238 257 289 313 318 364 cost 0.0004399877
147 165 96 120 273 318 cost 0.0004395139
36 54 265 289 0 45 cost 0.000439308
192 201 289 301 68 91 cost 0.0004391401
229 238 180 193 68 91 cost 0.0004391247
192 201 217 229 136 159 cost 0.0004384543
156 165 180 193 113 136 cost 0.0004382292
100 110 96 108 68 91 cost 0.0004377678
137 147 205 217 113 136 cost 0.0004367247
156 165 277 289 68 91 cost 0.0004351693
0 36 144 193 182 273 cost 0.000435159
156 165 120 132 68 91 cost 0.0004351123
275 294 168 193 182 227 cost 0.0004347684
137 147 193 205 113 136 cost 0.0004328194
165 183 48 72 0 45 cost 0.0004321089
201 210 289 301 68 91 cost 0.0004319112
137 147 96 108 68 91 cost 0.0004310588
110 128 217 241 409 455 cost 0.0004298109
192 201 229 241 136 159 cost 0.0004295584
137 147 168 180 113 136 cost 0.0004291495
165 183 265 289 364 409 cost 0.0004287727
110 128 168 193 409 455 cost 0.0004283248
165 183 72 96 136 182 cost 0.0004279736
147 165 265 289 364 409 cost 0.0004274734
137 147 156 168 113 136 cost 0.0004271546
128 147 144 168 591 637 cost 0.0004268601
220 238 265 289 364 409 cost 0.0004265011
147 165 313 337 182 227 cost 0.0004264752
91 100 229 241 68 91 cost 0.0004259841
156 165 193 205 113 136 cost 0.0004256395
165 174 193 205 113 136 cost 0.0004246251
110 119 96 108 68 91 cost 0.0004245902
119 128 144 156 113 136 cost 0.0004245661
174 183 205 217 113 136 cost 0.0004244876
119 128 156 168 113 136 cost 0.0004242006
275 294 241 265 182 227 cost 0.0004239932
275 294 144 168 0 45 cost 0.0004239802
128 137 229 241 136 159 cost 0.0004237427
183 192 289 301 68 91 cost 0.0004224894
73 82 120 132 68 91 cost 0.0004224056
192 201 193 205 136 159 cost 0.0004222402
128 137 205 217 159 182 cost 0.0004210838
238 247 217 229 68 91 cost 0.0004197086
147 156 180 193 113 136 cost 0.0004191549
36 54 265 289 91 136 cost 0.0004190554
137 147 144 156 113 136 cost 0.000418308
220 257 96 144 455 546 cost 0.0004182515
128 147 313 337 227 273 cost 0.0004179368
73 91 144 168 318 364 cost 0.0004177407
128 137 156 168 113 136 cost 0.0004162856
183 201 96 120 182 227 cost 0.0004160797
147 156 205 217 113 136 cost 0.0004160328
128 137 144 156 113 136 cost 0.0004157217
183 201 144 168 591 637 cost 0.0004155801
174 183 289 301 68 91 cost 0.0004155459
220 238 265 289 409 455 cost 0.0004150843
183 201 144 168 409 455 cost 0.0004145637
165 174 289 301 68 91 cost 0.0004139935
110 119 144 156 113 136 cost 0.0004133664
174 183 193 205 113 136 cost 0.0004133071
201 220 144 168 409 455 cost 0.0004117125
165 174 168 180 136 159 cost 0.0004112609
110 119 156 168 113 136 cost 0.0004097524
165 183 120 144 318 364 cost 0.0004092234
210 220 301 313 68 91 cost 0.0004091735
183 220 48 96 182 273 cost 0.0004088954
128 137 217 229 159 182 cost 0.0004079605
73 91 48 72 136 182 cost 0.0004078208
147 156 193 205 113 136 cost 0.0004076043
174 183 132 144 68 91 cost 0.0004070521
201 220 361 386 227 273 cost 0.0004057657
183 201 144 168 546 591 cost 0.0004039517
238 247 229 241 68 91 cost 0.0004036034
229 238 277 289 68 91 cost 0.0004028525
238 257 193 217 546 591 cost 0.0004023241
220 238 144 168 318 364 cost 0.000401534
165 174 120 132 68 91 cost 0.0004012616
201 210 168 180 68 91 cost 0.0004007669
238 257 217 241 546 591 cost 0.0004005397
0 36 241 289 273 364 cost 0.0004003521
128 137 168 180 113 136 cost 0.0004001295
238 257 193 217 591 637 cost 0.0003996577
238 257 361 386 136 182 cost 0.0003994857
192 201 156 168 68 91 cost 0.0003978597
183 192 144 156 68 91 cost 0.0003972397
0 36 144 193 273 364 cost 0.0003968108
183 201 96 120 227 273 cost 0.0003967046
165 183 193 217 455 500 cost 0.0003964551
119 128 168 180 113 136 cost 0.0003962151
36 54 193 217 136 182 cost 0.0003957201
192 201 301 313 68 91 cost 0.0003956607
183 201 265 289 409 455 cost 0.00039514
238 257 313 337 273 318 cost 0.0003936837
110 128 265 289 318 364 cost 0.000393148
128 137 253 265 68 91 cost 0.0003924347
165 174 168 180 159 182 cost 0.000392292
201 220 144 168 591 637 cost 0.0003919648
183 201 361 386 227 273 cost 0.0003916645
174 183 168 180 136 159 cost 0.0003914689
220 238 313 337 318 364 cost 0.0003910775
156 165 168 180 113 136 cost 0.0003910606
201 210 301 313 68 91 cost 0.0003908926
128 137 180 193 113 136 cost 0.0003907124
128 137 193 205 159 182 cost 0.0003900485
220 238 96 120 45 91 cost 0.0003898623
73 91 168 193 318 364 cost 0.0003897641
174 183 168 180 159 182 cost 0.0003890661
36 54 72 96 136 182 cost 0.0003885078
128 147 361 386 0 45 cost 0.0003883699
165 183 265 289 409 455 cost 0.0003872409
247 257 217 229 68 91 cost 0.000386597
147 165 361 386 91 136 cost 0.000386579
147 156 277 289 68 91 cost 0.0003840409
210 220 168 180 68 91 cost 0.0003836342
110 128 144 168 409 455 cost 0.0003811938
110 119 168 180 113 136 cost 0.0003799152
119 128 180 193 113 136 cost 0.0003797632
128 147 217 241 591 637 cost 0.0003790567
147 165 265 289 409 455 cost 0.0003778563
165 183 313 337 273 318 cost 0.000377115
128 137 229 241 159 182 cost 0.0003761779
147 156 168 180 113 136 cost 0.0003758984
147 165 193 217 455 500 cost 0.000375532
91 100 96 108 68 91 cost 0.0003755214
183 192 301 313 68 91 cost 0.0003753644
238 257 265 289 364 409 cost 0.000374035
238 257 265 289 409 455 cost 0.0003732894
247 257 229 241 68 91 cost 0.000372102
238 257 217 241 591 637 cost 0.000370783
128 147 96 120 318 364 cost 0.000370769
128 137 205 217 113 136 cost 0.0003707463
137 147 180 193 0 22 cost 0.0003692607
128 137 193 205 113 136 cost 0.000367564
73 91 217 241 318 364 cost 0.0003671902
275 294 313 337 136 182 cost 0.0003666161
73 91 193 217 318 364 cost 0.0003661728
110 147 0 48 182 273 cost 0.000363783
54 73 48 72 136 182 cost 0.0003619433
91 110 313 337 0 45 cost 0.0003615179
110 119 180 193 113 136 cost 0.0003614054
174 183 301 313 68 91 cost 0.0003612451
201 220 361 386 182 227 cost 0.0003597249
183 201 193 217 455 500 cost 0.0003596576
220 238 96 120 0 45 cost 0.0003587969
165 183 313 337 318 364 cost 0.0003559085
220 238 361 386 227 273 cost 0.0003551015
201 220 193 217 455 500 cost 0.000353888
165 174 301 313 68 91 cost 0.000351936
110 128 337 361 0 45 cost 0.0003506256
165 183 217 241 455 500 cost 0.0003483423
275 294 217 241 318 364 cost 0.0003473949
238 257 313 337 318 364 cost 0.0003472118
54 73 265 289 136 182 cost 0.0003465883
201 220 144 168 546 591 cost 0.0003455037
110 128 96 120 318 364 cost 0.0003441908
165 183 96 120 273 318 cost 0.0003431085
110 147 0 48 273 364 cost 0.0003386148
147 156 180 193 0 22 cost 0.0003377209
183 201 361 386 182 227 cost 0.000337157
110 128 313 337 136 182 cost 0.0003357502
192 201 144 156 68 91 cost 0.0003340756
91 110 313 337 91 136 cost 0.0003320379
201 220 217 241 455 500 cost 0.0003305721
238 257 361 386 227 273 cost 0.0003301666
137 147 193 205 0 22 cost 0.0003294404
147 165 48 72 136 182 cost 0.0003293621
147 165 217 241 455 500 cost 0.0003284134
156 165 180 193 0 22 cost 0.0003281882
275 294 193 217 318 364 cost 0.0003280664
220 229 168 180 68 91 cost 0.000327304
174 183 120 132 68 91 cost 0.0003269451
36 54 48 72 0 45 cost 0.0003268753
137 147 156 168 0 22 cost 0.0003240593
137 147 168 180 0 22 cost 0.0003219918
128 137 180 193 0 22 cost 0.0003211352
220 238 361 386 182 227 cost 0.0003206821
110 128 168 193 591 637 cost 0.0003205419
165 174 180 193 0 22 cost 0.0003202931
220 257 96 144 637 728 cost 0.0003200779
110 128 144 168 591 637 cost 0.000319439
238 257 144 168 318 364 cost 0.0003184604
183 201 217 241 455 500 cost 0.0003167984
137 147 205 217 0 22 cost 0.0003164485
275 294 337 361 0 45 cost 0.0003159857
229 238 168 180 68 91 cost 0.0003131168
201 220 96 120 182 227 cost 0.0003124038
275 294 265 289 182 227 cost 0.0003117893
137 147 144 156 0 22 cost 0.0003117544
165 174 205 217 0 22 cost 0.0003103627
165 174 217 229 0 22 cost 0.000309854
119 128 180 193 0 22 cost 0.0003094819
174 183 205 217 0 22 cost 0.0003093379
174 183 217 229 0 22 cost 0.0003091843
174 183 180 193 0 22 cost 0.0003088964
275 294 144 168 136 182 cost 0.0003083999
238 257 361 386 182 227 cost 0.0003071681
147 156 193 205 0 22 cost 0.0003050277
165 183 48 72 91 136 cost 0.0003048268
156 165 205 217 0 22 cost 0.0003034307
156 165 193 205 0 22 cost 0.0003033246
165 174 193 205 0 22 cost 0.0003026993
0 36 96 144 91 182 cost 0.0003012342
110 128 193 217 591 637 cost 0.0003010462
128 137 156 168 0 22 cost 0.000300738
156 165 217 229 0 22 cost 0.0003007235
110 128 361 386 45 91 cost 0.0002981203
137 147 132 144 0 22 cost 0.0002980395
147 165 96 120 318 364 cost 0.0002977161
174 183 193 205 0 22 cost 0.0002975469
128 147 313 337 182 227 cost 0.0002973439
147 156 205 217 0 22 cost 0.0002971297
110 147 337 386 364 455 cost 0.0002942877
119 128 156 168 0 22 cost 0.0002936851
128 137 168 180 0 22 cost 0.0002930888
128 137 144 156 0 22 cost 0.0002917431
110 119 180 193 0 22 cost 0.0002912533
147 156 217 229 0 22 cost 0.0002907572
183 192 205 217 0 22 cost 0.0002897438
183 192 217 229 0 22 cost 0.0002888588
36 54 48 72 91 136 cost 0.0002861665
128 137 132 144 0 22 cost 0.0002858306
147 165 313 337 273 318 cost 0.0002850819
119 128 144 156 0 22 cost 0.0002848402
119 128 168 180 0 22 cost 0.0002848135
201 220 96 120 227 273 cost 0.0002817126
100 110 156 168 0 22 cost 0.0002816216
165 174 229 241 0 22 cost 0.0002814436
128 137 193 205 0 22 cost 0.0002806305
147 156 168 180 0 22 cost 0.0002806186
147 183 0 48 273 364 cost 0.0002805696
174 183 229 241 0 22 cost 0.000280535
110 128 217 241 591 637 cost 0.0002802876
73 110 0 48 182 273 cost 0.0002776119
119 128 132 144 0 22 cost 0.0002776044
110 119 156 168 0 22 cost 0.0002765315
36 54 241 265 136 182 cost 0.0002758046
183 192 193 205 0 22 cost 0.0002749379
147 156 156 168 0 22 cost 0.0002749128
183 192 229 241 0 22 cost 0.0002742479
137 147 120 132 0 22 cost 0.00027389
100 110 144 156 0 22 cost 0.0002726437
156 165 229 241 0 22 cost 0.0002721804
275 294 144 168 182 227 cost 0.0002709862
192 201 217 229 0 22 cost 0.0002708492
147 165 361 386 136 182 cost 0.0002708272
110 119 144 156 0 22 cost 0.0002705666
192 201 205 217 0 22 cost 0.0002697119
128 137 205 217 0 22 cost 0.0002695081
110 119 168 180 0 22 cost 0.0002674766
110 147 337 386 455 546 cost 0.0002673419
156 165 168 180 0 22 cost 0.0002668429
147 165 313 337 318 364 cost 0.0002667432
192 201 229 241 0 22 cost 0.0002665146
110 128 313 337 227 273 cost 0.0002663381
0 73 289 386 546 728 cost 0.0002662507
128 137 120 132 0 22 cost 0.0002631321
147 156 144 156 0 22 cost 0.0002622028
165 174 168 180 0 22 cost 0.0002609133
110 119 132 144 0 22 cost 0.0002592458
147 156 229 241 0 22 cost 0.0002583343
192 201 193 205 0 22 cost 0.0002556086
147 183 0 48 182 273 cost 0.0002551992
156 165 156 168 0 22 cost 0.0002533217
119 128 120 132 0 22 cost 0.0002528839
174 183 168 180 0 22 cost 0.0002449916
73 110 0 48 273 364 cost 0.0002447115
110 128 361 386 0 45 cost 0.0002430146
156 165 144 156 0 22 cost 0.0002404695
110 119 120 132 0 22 cost 0.0002339514
165 183 48 72 136 182 cost 0.0002278315
91 100 156 168 0 22 cost 0.0002275695
73 91 313 337 45 91 cost 0.0002259187
165 183 96 120 318 364 cost 0.0002258363
91 100 144 156 0 22 cost 0.0002227976
183 220 0 48 0 91 cost 0.0002079733
36 54 265 289 136 182 cost 0.0002048139
0 36 144 193 637 728 cost 0.000202803
275 294 361 386 45 91 cost 0.00019877
91 110 313 337 136 182 cost 0.0001958467
110 128 313 337 182 227 cost 0.0001907283
36 54 48 72 136 182 cost 0.0001803814
73 91 313 337 0 45 cost 0.0001650124
36 73 0 48 91 182 cost 0.0001630706
73 91 313 337 91 136 cost 0.0001585063
238 257 96 120 0 45 cost 0.0001564354
257 294 96 144 364 455 cost 0.0001529574
73 110 337 386 273 364 cost 0.0001524454
238 257 96 120 45 91 cost 0.0001509371
183 220 0 48 91 182 cost 0.0001434261
275 294 361 386 0 45 cost 0.0001429557
257 294 96 144 546 637 cost 0.0001206074
73 110 337 386 182 273 cost 0.0001149099
0 36 144 193 546 637 cost 0.0001114125
257 294 96 144 637 728 cost 0.0001039735
0 36 96 144 182 273 cost 8.69745e-05
220 294 0 96 0 182 cost 8.5288e-05
0 36 48 96 0 91 cost 8.47392e-05
73 91 313 337 136 182 cost 8.08635e-05
0 36 48 96 91 182 cost 7.83042e-05
0 36 96 144 273 364 cost 7.58825e-05
0 36 96 144 546 637 cost 7.00696e-05
0 36 96 144 637 728 cost 6.73632e-05
183 220 0 48 182 273 cost 5.47554e-05
183 220 0 48 273 364 cost 5.10114e-05
257 294 96 144 455 546 cost 4.76076e-05
73 110 337 386 455 546 cost 4.34679e-05
73 110 337 386 364 455 cost 3.98957e-05
220 294 0 96 546 728 cost 2.76133e-05
0 36 337 386 91 182 cost 1.8106e-05
220 294 0 96 182 364 cost 1.53239e-05
36 73 337 386 91 182 cost 1.17624e-05
0 36 337 386 0 91 cost 9.9227e-06
220 294 0 96 364 546 cost 6.6e-06
36 73 337 386 0 91 cost 6.2751e-06
0 36 0 48 0 91 cost 1.0839e-06
0 36 0 48 91 182 cost 2.922e-07
partitioning time: 7.896101 seconds
