hostname : cph-c12.uncc.edu
bounding: [1053872.965;1068485.726]x[860186.8419;879395.9741]x[3;730]
read 11056 observations
res: 50 50 1 bw: 2500 2500 14
box size: 294 x 386 x 728
nbparts: 16
mem: 0.120493412 GB (this is an order of magnitude)
14416 states processed
solution: 0.6295121767 in 16 boxes.
naive: 8.268027147 speedup:13.13402259
sumload:8.571595606 overhead:1.036715949
0 256 192 256 64 128 cost 0.6295121767
0 256 0 128 0 128 cost 0.6066233885
0 256 192 256 0 64 cost 0.6062418072
0 256 128 192 64 128 cost 0.5996154147
0 256 256 386 0 64 cost 0.5952818831
0 256 128 192 0 64 cost 0.5821689674
0 256 128 192 128 256 cost 0.554369643
256 294 0 386 0 728 cost 0.5538812322
0 256 256 386 128 256 cost 0.5309259152
0 256 256 386 256 728 cost 0.5212488294
0 256 256 386 64 128 cost 0.5150374978
0 256 128 192 256 728 cost 0.5148454714
0 256 192 256 192 320 cost 0.471183222
0 256 192 256 320 728 cost 0.4572726784
0 256 192 256 128 192 cost 0.4179053931
0 256 0 128 128 728 cost 0.4154820863
partitioning time: 8.607396 seconds
