hostname : cph-c21.uncc.edu
bounding: [-130;-65]x[20;50]x[5875;5958]
read 588189 observations
res: 0.1 0.1 1 bw: 5 5 14
box size: 651 x 301 x 84
nbparts: 16
max states: 3840
mem: 0.0003433227539 GB (this is an order of magnitude)
8376 states processed
solution: 34.04844684 in 16 boxes.
naive: 430.2508241 speedup:12.63643026
sumload:430.5461311 overhead:1.00068636
512 576 192 256 0 84 cost 34.04844684
448 512 128 192 0 84 cost 33.77601365
320 448 64 128 0 84 cost 33.17782907
0 320 64 128 0 84 cost 32.55504625
128 320 128 192 0 84 cost 32.45930067
0 320 192 301 0 84 cost 31.75781121
448 512 192 301 0 84 cost 29.97685356
320 384 128 301 0 84 cost 29.39845723
512 576 128 192 0 84 cost 27.67323377
448 651 64 128 0 84 cost 27.23910076
384 448 192 301 0 84 cost 25.4452736
384 448 128 192 0 84 cost 23.89636612
576 651 128 301 0 84 cost 23.88489175
0 128 128 192 0 84 cost 23.85142473
0 651 0 64 0 84 cost 18.67818803
512 576 256 301 0 84 cost 2.727893836
partitioning time: 69.756186 seconds
