hostname : cph-gpu1.uncc.edu
bounding: [1053872.965;1068485.726]x[860186.8419;879395.9741]x[3;730]
read 11056 observations
res: 50 50 1 bw: 100 100 1
box size: 294 x 386 x 728
nbparts: 64
mem: 8.831954956 GB (this is an order of magnitude)
747309 states processed
solution: 0.0001060452 in 64 boxes.
naive: 0.0053159259 speedup:50.12886863
sumload:0.0054038129 overhead:1.016532774
192 256 0 192 0 128 cost 0.0001060452
192 256 320 386 192 728 cost 0.0001045548
192 256 256 288 0 128 cost 0.0001045207
96 128 96 160 128 728 cost 0.0001042647
192 256 256 288 128 728 cost 0.0001027733
160 192 0 160 128 728 cost 0.0001013221
128 160 0 160 64 192 cost 0.0001004478
192 256 192 224 0 128 cost 0.0001003372
160 192 0 160 0 128 cost 9.96215e-05
160 192 256 386 64 192 cost 9.91252e-05
128 160 160 224 64 128 cost 9.86374e-05
160 192 160 192 128 728 cost 9.64222e-05
64 96 96 160 128 728 cost 9.57668e-05
96 128 160 256 0 64 cost 9.41611e-05
192 256 320 386 64 192 cost 9.37954e-05
192 256 288 320 64 192 cost 9.31225e-05
0 64 0 386 0 728 cost 9.30141e-05
128 160 224 386 64 128 cost 9.1845e-05
64 96 160 224 64 128 cost 9.17141e-05
192 256 192 224 128 320 cost 9.127e-05
96 128 256 386 0 728 cost 9.09702e-05
128 160 160 224 0 64 cost 9.0911e-05
128 160 224 386 0 64 cost 9.07214e-05
128 160 160 224 128 256 cost 9.06096e-05
192 256 288 320 192 728 cost 9.01216e-05
128 160 160 224 256 728 cost 9.00789e-05
128 160 224 386 256 728 cost 8.98782e-05
160 192 192 256 64 128 cost 8.92371e-05
192 256 224 256 128 256 cost 8.922e-05
192 256 320 386 0 64 cost 8.86499e-05
96 128 96 160 0 64 cost 8.7246e-05
256 294 0 386 256 728 cost 8.71123e-05
96 128 160 256 64 128 cost 8.63681e-05
192 256 192 224 320 728 cost 8.56573e-05
96 128 96 160 64 128 cost 8.48754e-05
96 128 160 256 128 256 cost 8.42424e-05
256 294 0 386 64 128 cost 8.4078e-05
160 192 192 256 128 192 cost 8.36415e-05
160 192 160 192 0 128 cost 8.19032e-05
128 160 0 160 0 64 cost 8.13318e-05
256 294 0 386 128 256 cost 8.03186e-05
64 96 160 224 128 728 cost 7.97271e-05
160 192 256 386 192 728 cost 7.85448e-05
160 192 192 256 192 320 cost 7.84824e-05
96 128 160 256 256 728 cost 7.7058e-05
64 96 96 160 0 64 cost 7.70305e-05
192 256 224 256 0 64 cost 7.68114e-05
64 96 224 386 0 728 cost 7.6584e-05
64 96 96 160 64 128 cost 7.63788e-05
192 256 288 320 0 64 cost 7.61147e-05
192 256 0 192 128 256 cost 7.57512e-05
192 256 224 256 64 128 cost 7.57319e-05
160 192 192 256 0 64 cost 7.53062e-05
160 192 256 386 0 64 cost 7.37894e-05
192 256 224 256 256 728 cost 7.35118e-05
192 256 0 192 256 728 cost 7.20006e-05
160 192 192 256 320 728 cost 7.02022e-05
128 160 0 160 192 728 cost 7.00797e-05
128 160 224 386 128 192 cost 6.10281e-05
256 294 0 386 0 64 cost 5.94297e-05
64 96 160 224 0 64 cost 5.76487e-05
96 128 0 96 0 728 cost 5.40636e-05
128 160 224 386 192 256 cost 4.95701e-05
64 96 0 96 0 728 cost 4.90344e-05
partitioning time: 302.954302 seconds
