hostname : cph-c53.uncc.edu
bounding: [-130;-65]x[20;50]x[5875;5958]
read 588189 observations
res: 0.01 0.01 1 bw: 1 1 3
box size: 6501 x 3001 x 84
nbparts: 32
max load allowed: 40.22599693
max states: 300128
mem: 0.02683353424 GB (this is an order of magnitude)
472320 states processed
solution: 40.17650741 in 26 boxes.
naive: 643.6159509 speedup:16.01970884
sumload:643.6310056 overhead:1.000023391
5120 5376 1536 3001 0 84 cost 40.17650741
3328 3840 0 1536 0 84 cost 39.83672407
3072 3328 0 2560 0 84 cost 39.80912043
5632 6501 1024 3001 0 84 cost 39.34582821
1280 2048 0 2560 0 84 cost 39.22757409
0 1280 512 1536 0 84 cost 38.93914277
4608 5120 0 1024 0 84 cost 37.81289628
4608 5120 1792 2304 0 84 cost 37.61984287
4096 4608 2048 3001 0 84 cost 36.76463433
4608 5120 1280 1792 0 84 cost 34.19224922
4096 4608 0 1536 0 84 cost 32.42736804
0 1280 1536 2304 0 84 cost 31.29525371
5376 5632 0 2048 0 84 cost 30.24283275
4096 4608 1536 2048 0 84 cost 29.05141168
5376 5632 2048 3001 0 84 cost 26.73476817
3328 3840 1536 3001 0 84 cost 24.7446469
3840 4096 0 3001 0 84 cost 23.43717063
2048 3072 0 3001 0 84 cost 23.18463376
0 1280 2304 3001 0 84 cost 21.93037089
4608 5120 1024 1280 0 84 cost 8.145940047
5120 5376 0 1536 0 84 cost 3.469031152
4608 5120 2304 3001 0 84 cost 3.244795051
1280 2048 2560 3001 0 84 cost 1.515627966
3072 3328 2560 3001 0 84 cost 0.4771889603
5632 6501 0 1024 0 84 cost 0.0033210735
0 1280 0 512 0 84 cost 0.0021251615
partitioning time: 5434.296644 seconds
