hostname : cph-c12.uncc.edu
bounding: [1053872.965;1068485.726]x[860186.8419;879395.9741]x[3;730]
read 11056 observations
res: 100 100 1 bw: 2500 2500 1
box size: 148 x 194 x 728
nbparts: 64
max states: 5465088
mem: 0.4886169434 GB (this is an order of magnitude)
1720060 states processed
solution: 0.0325668988 in 24 boxes.
naive: 0.5210794803 speedup:16.00027941
sumload:0.5226071461 overhead:1.002931733
32 64 96 128 0 448 cost 0.0325668988
96 128 128 160 0 384 cost 0.0322957173
64 148 160 192 0 384 cost 0.0320100634
64 96 128 160 0 384 cost 0.0319076087
96 128 64 96 0 728 cost 0.031353115
128 148 64 160 0 728 cost 0.0306344149
96 128 96 128 0 192 cost 0.0300972361
32 64 64 96 0 192 cost 0.030027028
64 148 0 64 0 728 cost 0.0292773033
64 96 96 128 128 512 cost 0.0288625223
32 64 0 64 0 728 cost 0.0288480533
64 96 96 128 0 128 cost 0.0284765836
64 96 64 96 0 128 cost 0.0270825704
64 96 64 96 128 728 cost 0.0268227235
0 32 0 194 0 728 cost 0.0266860298
96 128 96 128 192 728 cost 0.0203792178
32 64 128 194 0 728 cost 0.0191649377
32 64 64 96 192 728 cost 0.0116701893
64 128 128 160 384 728 cost 0.0095334487
64 148 160 194 384 704 cost 0.0057011169
64 96 96 128 512 728 cost 0.0050503086
32 64 96 128 448 728 cost 0.0029303808
64 148 192 194 0 384 cost 0.0008535672
64 148 160 194 704 728 cost 0.0003761107
partitioning time: 414.825897 seconds
