hostname : cph-c14.uncc.edu
bounding: [1053872.965;1068485.726]x[860186.8419;879395.9741]x[3;730]
read 11056 observations
res: 50 50 1 bw: 100 100 1
box size: 294 x 386 x 728
nbparts: 32
max states: 168416
mem: 0.01505756378 GB (this is an order of magnitude)
60065 states processed
solution: 0.0006525885 in 16 boxes.
naive: 0.0053159259 speedup:8.145908026
sumload:0.0053367883 overhead:1.003924509
128 256 128 192 0 256 cost 0.0006525885
192 256 192 256 0 728 cost 0.0005855115
0 192 256 320 0 728 cost 0.0005644935
128 192 192 256 0 256 cost 0.0005458688
0 256 0 128 0 256 cost 0.0004754244
192 294 256 320 0 728 cost 0.0004750054
0 256 64 192 256 728 cost 0.000411079
0 128 128 192 0 256 cost 0.0004023113
128 294 320 386 0 512 cost 0.00035676
256 294 0 256 0 728 cost 0.0002940573
0 128 192 256 0 256 cost 0.000286032
0 192 192 256 256 728 cost 0.0002393284
128 294 320 386 512 728 cost 4.30383e-05
0 256 0 64 256 728 cost 5.2899e-06
0 64 320 386 0 728 cost 0
64 128 320 386 0 728 cost 0
partitioning time: 9.648659 seconds
