hostname : cph-c54.uncc.edu
bounding: [1053872.965;1068485.726]x[860186.8419;879395.9741]x[3;730]
read 11056 observations
res: 100 100 1 bw: 2500 2500 1
box size: 148 x 194 x 728
nbparts: 16
mem: 0.02665328979 GB (this is an order of magnitude)
6235 states processed
solution: 0.0410106121 in 16 boxes.
naive: 0.5210794803 speedup:12.70596691
sumload:0.5298219904 overhead:1.01677769
64 128 0 128 96 160 cost 0.0410106121
64 128 128 194 64 192 cost 0.0407083572
64 128 0 128 32 64 cost 0.0392356189
64 128 128 194 192 728 cost 0.0374657264
64 128 0 128 224 352 cost 0.0361450783
128 148 0 194 0 728 cost 0.035963486
64 128 0 128 352 728 cost 0.0357496682
0 64 0 64 0 728 cost 0.0347089991
0 64 64 194 64 128 cost 0.0345620615
0 64 64 194 0 64 cost 0.0322144398
64 128 0 128 64 96 cost 0.0320518445
64 128 128 194 0 64 cost 0.0305502938
0 64 64 194 224 728 cost 0.030123703
64 128 0 128 160 224 cost 0.0296365384
0 64 64 194 128 224 cost 0.0219850859
64 128 0 128 0 32 cost 0.0177104773
partitioning time: 5.230808 seconds
