hostname : cph-c53.uncc.edu
bounding: [-130;-65]x[20;50]x[5875;5958]
read 588189 observations
res: 0.01 0.01 1 bw: 0.5 0.5 3
box size: 6501 x 3001 x 84
nbparts: 32
mem: 1.717540741 GB (this is an order of magnitude)
482379 states processed
solution: 7.465630212 in 32 boxes.
naive: 162.5264313 speedup:21.76995467
sumload:165.4150829 overhead:1.017773426
2560 3328 0 1280 0 84 cost 7.465630212
3328 4352 2048 2304 0 84 cost 7.334892458
4352 4608 0 1792 0 84 cost 7.239024704
5376 5632 0 2048 0 84 cost 7.234405477
3328 4352 1280 1792 0 84 cost 7.025512987
768 1280 0 1536 32 64 cost 6.849678512
1792 2560 0 3001 0 84 cost 6.798034222
768 1280 1536 3001 0 64 cost 6.657015012
5632 6501 0 3001 0 64 cost 6.646591054
4608 5376 768 1280 0 84 cost 6.626337068
4608 5376 2048 3001 32 84 cost 6.505644042
4352 4608 1792 3001 0 84 cost 6.501439844
4608 5376 1792 2048 32 64 cost 6.40101182
1280 1792 0 3001 0 84 cost 6.297034032
3328 4352 0 1024 0 84 cost 6.089530803
5376 5632 2048 3001 0 64 cost 5.949386537
2560 3328 1280 3001 0 84 cost 5.882267732
4608 5376 1536 1792 0 84 cost 5.850429325
4608 5376 1280 1536 0 84 cost 5.225676155
0 768 0 3001 0 84 cost 5.15981844
4608 5376 0 768 0 84 cost 4.994396713
3328 4352 1024 1280 0 84 cost 4.950644788
3328 4352 1792 2048 0 84 cost 4.073333044
3328 4352 2304 3001 0 84 cost 3.536833057
4608 5376 1792 2048 64 84 cost 2.556508159
4608 5376 1792 2048 0 32 cost 2.539256536
5632 6501 0 3001 64 84 cost 2.36194931
5376 5632 2048 3001 64 84 cost 2.264961328
768 1280 0 1536 64 84 cost 2.199938765
4608 5376 2048 3001 0 32 cost 2.175032874
768 1280 1536 3001 64 84 cost 2.05303077
768 1280 0 1536 0 32 cost 1.969837114
partitioning time: 5948.695582 seconds
