hostname : cph-gpu1.uncc.edu
bounding: [-130;-65]x[20;50]x[5875;5958]
read 588189 observations
res: 0.1 0.1 1 bw: 1 1 3
box size: 651 x 301 x 84
nbparts: 16
max states: 3959376
mem: 0.3539958 GB (this is an order of magnitude)
389249 states processed
solution: 0.508605675 in 16 boxes.
naive: 7.046724289 speedup:13.85498557
sumload:7.330206898 overhead:1.040228991
384 651 192 301 0 32 cost 0.508605675
96 128 0 301 0 84 cost 0.5068927581
288 480 192 224 32 84 cost 0.5027413829
0 96 0 301 0 84 cost 0.5005636618
128 288 0 224 32 84 cost 0.4917176703
288 480 128 160 32 84 cost 0.4822152202
128 651 224 301 32 84 cost 0.478779928
480 651 0 160 32 84 cost 0.4743460135
544 651 160 224 32 64 cost 0.4575614085
480 544 160 224 32 64 cost 0.4569103777
128 384 0 301 0 32 cost 0.4474422932
384 651 0 192 0 32 cost 0.4371462679
288 352 0 128 32 84 cost 0.4308291818
352 480 0 128 32 84 cost 0.4273600765
480 651 160 224 64 84 cost 0.3937247793
288 480 160 192 32 84 cost 0.3333702034
partitioning time: 2958.001080 seconds
