hostname : cph-c34.uncc.edu
bounding: [-130;-65]x[20;50]x[5875;5958]
read 588189 observations
res: 0.1 0.1 1 bw: 1 1 3
box size: 651 x 301 x 84
nbparts: 32
max states: 492320
mem: 0.04401683807 GB (this is an order of magnitude)
156620 states processed
solution: 0.8376769169 in 15 boxes.
naive: 7.046724289 speedup:8.412222119
sumload:7.086238303 overhead:1.00560743
0 128 0 256 0 84 cost 0.8376769169
384 448 128 301 0 84 cost 0.822093988
512 576 192 256 32 84 cost 0.7796522559
384 512 0 128 0 84 cost 0.7543514065
256 384 0 128 0 84 cost 0.6639163968
256 384 128 301 0 84 cost 0.610375359
448 512 128 192 0 84 cost 0.586471283
128 256 0 256 0 84 cost 0.5604108719
448 512 192 301 0 84 cost 0.4975693778
512 651 64 192 0 84 cost 0.3707944883
512 576 192 256 0 32 cost 0.218053164
576 651 192 301 0 84 cost 0.1968206603
0 256 256 301 0 84 cost 0.1874945523
512 576 256 301 0 84 cost 0.000532153
512 651 0 64 0 84 cost 2.54289e-05
partitioning time: 1200.165979 seconds
