hostname : cph-gpu3.uncc.edu
bounding: [-130;-65]x[20;50]x[5875;5958]
read 588189 observations
res: 0.1 0.1 1 bw: 1 1 3
box size: 651 x 301 x 84
nbparts: 16
max states: 246160
mem: 0.02200841904 GB (this is an order of magnitude)
42641 states processed
solution: 0.5575126263 in 16 boxes.
naive: 7.046724289 speedup:12.63957793
sumload:7.348951209 overhead:1.042888995
448 576 128 301 0 32 cost 0.5575126263
512 576 192 301 32 64 cost 0.5567624419
0 384 0 301 64 84 cost 0.5565363801
448 651 0 128 0 84 cost 0.5556909056
384 448 0 192 0 84 cost 0.5467911816
0 384 0 192 0 32 cost 0.5140112523
0 384 192 301 0 64 cost 0.5093159254
128 384 0 128 32 64 cost 0.4973661797
128 384 128 192 32 64 cost 0.4884020184
448 512 128 192 32 84 cost 0.4780978929
384 448 192 301 0 84 cost 0.4759974252
0 128 0 192 32 64 cost 0.4681587309
448 512 192 301 32 84 cost 0.3877190285
512 576 128 192 32 84 cost 0.3008521981
512 576 192 301 64 84 cost 0.2588948334
576 651 128 301 0 84 cost 0.1968421887
partitioning time: 220.608252 seconds
