hostname : cph-c21.uncc.edu
bounding: [1053872.965;1068485.726]x[860186.8419;879395.9741]x[3;730]
read 11056 observations
res: 50 50 1 bw: 2500 2500 1
box size: 294 x 386 x 728
nbparts: 16
max states: 1347696
mem: 0.120493412 GB (this is an order of magnitude)
112489 states processed
solution: 0.1409444953 in 16 boxes.
naive: 2.038316503 speedup:14.46183832
sumload:2.054879984 overhead:1.00812606
192 294 192 256 128 728 cost 0.1409444953
192 294 256 386 128 728 cost 0.1404642257
64 128 192 256 0 728 cost 0.139021072
64 192 256 386 0 128 cost 0.1365032139
192 294 192 386 0 64 cost 0.1360762201
64 294 128 192 0 64 cost 0.1359071691
64 294 128 192 64 128 cost 0.1353873641
64 192 256 386 128 728 cost 0.1348445846
64 294 128 192 128 256 cost 0.1337348718
128 192 192 256 128 728 cost 0.1331873651
64 294 128 192 256 728 cost 0.1267176974
192 294 192 386 64 128 cost 0.1195103434
128 294 0 128 0 728 cost 0.1138028771
64 128 0 128 0 728 cost 0.1134942111
128 192 192 256 0 128 cost 0.1117058246
0 64 0 386 0 728 cost 0.1035784492
partitioning time: 16.751633 seconds
