hostname : cph-gpu2.uncc.edu
bounding: [1053872.965;1068485.726]x[860186.8419;879395.9741]x[3;730]
read 11056 observations
res: 50 50 1 bw: 2500 2500 14
box size: 294 x 386 x 728
nbparts: 64
mem: 0.002861022949 GB (this is an order of magnitude)
6940 states processed
solution: 1.104822187 in 24 boxes.
naive: 8.268027147 speedup:7.483581742
sumload:8.802779849 overhead:1.064677183
0 256 0 256 32 64 cost 1.104822187
0 256 256 386 0 128 cost 1.062119041
0 256 256 386 128 728 cost 1.037720997
0 256 0 256 192 320 cost 0.9938249481
0 256 0 256 64 96 cost 0.9687919143
0 256 0 256 320 728 cost 0.9524111697
0 256 0 256 128 192 cost 0.9001006662
0 256 0 256 96 128 cost 0.6538774068
0 256 0 256 0 32 cost 0.5302379932
256 294 0 256 32 64 cost 0.0531208443
256 294 0 256 256 384 cost 0.0526423953
256 294 0 256 128 192 cost 0.0504789175
256 294 0 256 64 96 cost 0.0490512218
256 294 0 256 384 728 cost 0.0468809592
256 294 256 386 32 64 cost 0.0452708299
256 294 256 386 128 224 cost 0.0428270653
256 294 0 256 192 256 cost 0.0422546935
256 294 256 386 224 352 cost 0.0391221341
256 294 0 256 96 128 cost 0.0385108082
256 294 256 386 352 728 cost 0.0383998056
256 294 256 386 64 96 cost 0.0325099559
256 294 256 386 96 128 cost 0.0239441277
256 294 0 256 0 32 cost 0.0223374833
256 294 256 386 0 32 cost 0.0215222847
partitioning time: 5.666575 seconds
