hostname : cph-bm1.uncc.edu
bounding: [1053872.965;1068485.726]x[860186.8419;879395.9741]x[3;730]
read 11056 observations
res: 50 50 1 bw: 2500 2500 1
box size: 294 x 386 x 728
nbparts: 64
max states: 32000
mem: 0.002861022949 GB (this is an order of magnitude)
41080 states processed
solution: 0.2574327378 in 61 boxes.
naive: 2.038316503 speedup:7.917860487
sumload:2.120342715 overhead:1.040242137
0 256 0 256 32 64 cost 0.2574327378
0 256 0 256 64 96 cost 0.2186236274
0 294 0 386 0 32 cost 0.1735280283
0 256 0 256 96 128 cost 0.1465112858
0 256 0 256 128 160 cost 0.1246680329
0 256 256 386 32 64 cost 0.0994260482
0 256 0 256 160 192 cost 0.0973426736
0 256 0 256 224 256 cost 0.0793302047
0 294 0 256 192 224 cost 0.0745422453
0 256 256 386 64 96 cost 0.0726467869
0 256 0 256 256 288 cost 0.0527785011
0 256 256 386 96 128 cost 0.0507555831
0 256 256 386 128 160 cost 0.0425492667
0 256 0 256 288 320 cost 0.0406841446
0 256 256 386 160 192 cost 0.0367750826
0 256 0 256 320 352 cost 0.0350362374
0 256 256 386 224 256 cost 0.0288292311
0 294 256 386 192 224 cost 0.026261328
0 256 0 256 352 384 cost 0.0249243797
0 256 0 256 384 416 cost 0.0248616443
0 256 0 256 576 608 cost 0.0235936323
0 294 0 386 480 512 cost 0.0231110418
256 294 0 386 32 64 cost 0.0225871212
0 256 0 256 416 448 cost 0.0223442656
0 256 256 386 256 288 cost 0.0212479639
0 294 0 256 544 576 cost 0.0212276921
256 294 0 386 64 96 cost 0.0183421782
0 294 0 386 448 480 cost 0.017573361
0 294 0 256 512 544 cost 0.0172519372
0 256 256 386 288 320 cost 0.015336262
0 256 256 386 320 352 cost 0.0142242738
256 294 0 386 96 128 cost 0.0141778931
0 256 0 256 640 672 cost 0.013627173
0 256 0 256 608 640 cost 0.0131991542
256 294 0 386 128 160 cost 0.0119594159
0 256 0 256 672 704 cost 0.0109994828
0 256 256 386 352 384 cost 0.0100884517
0 256 256 386 416 448 cost 0.0099591962
0 256 256 386 672 728 cost 0.0098365956
0 256 0 256 704 728 cost 0.0090537391
256 294 0 386 224 256 cost 0.0089283773
0 256 256 386 384 416 cost 0.0086220891
256 294 0 386 160 192 cost 0.0082171313
0 294 256 386 544 576 cost 0.0079257692
256 294 0 386 256 288 cost 0.00718577
0 294 256 386 512 544 cost 0.0071115271
0 256 256 386 576 608 cost 0.0069755474
0 256 256 386 640 672 cost 0.0057315014
0 256 256 386 608 640 cost 0.0054891095
256 294 0 386 288 320 cost 0.0054734307
256 294 0 386 320 352 cost 0.0047775243
256 294 0 386 384 416 cost 0.0033562239
256 294 0 386 416 448 cost 0.0030672293
256 294 0 386 352 384 cost 0.0029019147
256 294 0 386 576 608 cost 0.0019219223
256 294 0 386 640 672 cost 0.0016610528
256 294 0 386 608 640 cost 0.0015594874
256 294 0 256 672 704 cost 0.0007747157
256 294 256 386 672 704 cost 0.0006885152
256 294 256 386 704 728 cost 0.0003824137
256 294 0 256 704 728 cost 0.0003435627
partitioning time: 5.969394 seconds
