hostname : cph-bm1.uncc.edu
bounding: [1053872.965;1068485.726]x[860186.8419;879395.9741]x[3;730]
read 11056 observations
res: 50 50 1 bw: 2500 2500 1
box size: 294 x 386 x 728
nbparts: 16
max states: 1543488
mem: 0.1379985809 GB (this is an order of magnitude)
125476 states processed
solution: 0.1395538128 in 16 boxes.
naive: 2.038316503 speedup:14.60595352
sumload:2.04088762 overhead:1.001261393
128 224 192 224 0 256 cost 0.1395538128
0 224 256 288 0 256 cost 0.138984798
0 256 96 386 512 728 cost 0.1382342614
256 294 96 386 0 728 cost 0.1363959446
224 256 192 320 0 512 cost 0.136353796
128 160 96 192 0 512 cost 0.1351856582
0 128 192 256 0 256 cost 0.1321975977
0 96 96 192 0 512 cost 0.1294777326
0 256 320 386 0 512 cost 0.1270796727
96 128 96 192 0 512 cost 0.126446921
160 256 160 192 0 512 cost 0.1246237933
128 224 224 256 0 256 cost 0.1228580642
0 224 192 288 256 512 cost 0.1199814488
0 224 288 320 0 512 cost 0.1176717298
160 256 96 160 0 512 cost 0.1133443843
0 294 0 96 0 728 cost 0.1024980047
partitioning time: 21.193855 seconds
