hostname : cph-c54.uncc.edu
bounding: [1053872.965;1068485.726]x[860186.8419;879395.9741]x[3;730]
read 11056 observations
res: 50 50 1 bw: 2500 2500 1
box size: 294 x 386 x 728
nbparts: 64
mem: 35.32783127 GB (this is an order of magnitude)
1310665 states processed
solution: 0.0386817037 in 64 boxes.
naive: 2.038316503 speedup:52.69458963
sumload:2.06179387 overhead:1.011518019
32 96 128 224 0 64 cost 0.0386817037
160 256 192 224 0 64 cost 0.0380470016
160 256 192 224 64 128 cost 0.0380192326
96 128 128 192 64 160 cost 0.0377704762
160 256 0 160 0 64 cost 0.0374348475
160 256 0 160 128 256 cost 0.0367422707
32 96 128 224 192 728 cost 0.0367361731
96 128 192 386 128 256 cost 0.0365109919
128 160 224 386 128 256 cost 0.0364901147
32 96 256 386 0 728 cost 0.0364476823
256 294 0 288 224 728 cost 0.0360699681
160 256 320 386 0 64 cost 0.0360408323
160 256 224 256 0 64 cost 0.0360327696
160 256 288 320 64 192 cost 0.0359793012
32 96 0 128 0 96 cost 0.0358657591
96 128 192 386 64 128 cost 0.0357982264
160 256 320 386 224 728 cost 0.0355033964
32 96 224 256 0 728 cost 0.0351763861
256 294 0 288 0 96 cost 0.0351359776
160 256 256 288 128 256 cost 0.0348660901
32 96 0 128 96 728 cost 0.0348498062
96 128 192 386 0 64 cost 0.0348480276
160 256 192 224 320 728 cost 0.0348065372
256 294 288 386 0 728 cost 0.034763871
32 96 128 224 96 192 cost 0.034706954
160 256 224 256 64 128 cost 0.0344831773
160 256 192 224 192 320 cost 0.0339967617
160 256 256 288 0 64 cost 0.0339364435
160 256 0 160 256 728 cost 0.0339073116
160 256 288 320 192 728 cost 0.0337693416
96 128 128 192 160 728 cost 0.033657552
128 160 224 386 0 64 cost 0.0332710945
96 128 0 128 0 96 cost 0.0331872318
160 256 0 160 64 128 cost 0.0330252186
128 160 192 224 128 728 cost 0.0329273403
96 128 0 128 96 728 cost 0.0325795383
128 160 224 386 256 728 cost 0.0325062124
160 256 256 288 256 728 cost 0.032014343
96 128 192 386 256 728 cost 0.0316690933
160 256 224 256 320 728 cost 0.0314695443
128 160 224 386 64 128 cost 0.0313393922
160 256 160 192 0 64 cost 0.0312350088
256 294 0 288 96 224 cost 0.0310183575
128 160 160 192 0 128 cost 0.0304414709
160 256 256 288 64 128 cost 0.030418722
128 160 0 128 96 728 cost 0.0300478431
128 160 192 224 0 128 cost 0.0298613859
128 160 160 192 128 728 cost 0.0295562283
160 256 224 256 192 320 cost 0.0294895356
160 256 320 386 96 224 cost 0.0294200061
160 256 160 192 64 128 cost 0.0294007028
128 160 0 128 0 96 cost 0.0293214263
160 256 192 224 128 192 cost 0.0287616832
160 256 288 320 0 64 cost 0.0287554764
96 128 128 192 0 64 cost 0.0283315983
160 256 160 192 320 728 cost 0.028273458
128 160 128 160 96 728 cost 0.0280588942
160 256 160 192 192 320 cost 0.0279697291
32 96 128 224 64 96 cost 0.0277708968
160 256 224 256 128 192 cost 0.0262364176
128 160 128 160 0 96 cost 0.0232907718
160 256 160 192 128 192 cost 0.0222635298
160 256 320 386 64 96 cost 0.015902204
0 32 0 386 0 728 cost 0.0149045301
partitioning time: 1374.631800 seconds
