hostname : cph-c34.uncc.edu
bounding: [-130;-65]x[20;50]x[5875;5958]
read 588189 observations
res: 0.1 0.1 1 bw: 2.5 2.5 7
box size: 651 x 301 x 84
nbparts: 64
max states: 247424
mem: 0.02212142944 GB (this is an order of magnitude)
466899 states processed
solution: 3.386928911 in 40 boxes.
naive: 67.21899211 speedup:19.84659078
sumload:67.34832797 overhead:1.001924097
544 576 192 224 0 84 cost 3.386928911
384 651 96 128 0 84 cost 3.377211692
480 512 160 301 0 84 cost 3.340743301
320 352 64 128 0 84 cost 3.090762247
512 544 192 301 0 84 cost 2.977857635
384 416 128 301 0 84 cost 2.877049105
384 651 64 96 0 84 cost 2.874527489
416 448 192 301 0 84 cost 2.866258236
96 128 64 160 0 84 cost 2.843150457
448 480 128 192 0 84 cost 2.817996873
128 160 64 301 0 84 cost 2.700427286
448 480 192 301 0 84 cost 2.560737549
288 320 64 301 0 84 cost 2.468363733
320 352 128 301 0 84 cost 2.32285104
416 448 128 192 0 84 cost 2.173976681
512 544 160 192 0 84 cost 2.146462737
480 651 128 160 0 84 cost 1.977641983
352 384 64 160 0 84 cost 1.897081248
64 96 192 301 0 84 cost 1.75407603
64 96 64 192 0 84 cost 1.716071927
544 651 160 192 0 84 cost 1.664927882
160 192 64 301 0 84 cost 1.652722811
64 651 32 64 0 84 cost 1.636647509
352 384 160 301 0 84 cost 1.560281095
96 128 160 301 0 84 cost 1.473696964
576 608 192 224 0 84 cost 1.256910261
544 576 224 301 0 84 cost 1.13271071
32 64 0 301 0 84 cost 1.089212886
192 224 64 301 0 84 cost 0.8884892322
224 256 64 301 0 84 cost 0.8809189292
576 608 224 301 0 84 cost 0.8485931013
256 288 64 301 0 84 cost 0.8167708455
608 640 224 256 0 84 cost 0.113676375
608 651 192 224 0 84 cost 0.0928420678
64 651 0 32 0 84 cost 0.0473953519
608 640 256 301 0 84 cost 0.0187829289
0 32 0 301 0 84 cost 0.0012399002
640 651 224 256 0 84 cost 0.0012311904
640 651 256 288 0 84 cost 0.0010183468
640 651 288 301 0 84 cost 8.34206e-05
partitioning time: 3638.354309 seconds
