hostname : cph-c26.uncc.edu
bounding: [1053872.965;1068485.726]x[860186.8419;879395.9741]x[3;730]
read 11056 observations
res: 50 50 1 bw: 100 100 1
box size: 294 x 386 x 728
nbparts: 32
solution: 0.0007154697 in 36 boxes.
naive: 0.0053159259 speedup:7.429980473
sumload:0.0053383358 overhead:1.004215616
73 147 96 193 0 182 cost 0.0007154697
147 220 193 289 0 182 cost 0.0006345724
73 147 193 289 0 182 cost 0.0004650634
147 220 96 193 0 182 cost 0.0004471401
147 294 193 386 364 728 cost 0.0003757959
220 294 193 289 0 182 cost 0.0003323247
147 220 289 386 0 182 cost 0.0002957863
147 220 193 289 182 364 cost 0.0002709971
220 294 289 386 0 182 cost 0.0001788091
73 147 96 193 182 364 cost 0.0001757118
147 220 96 193 182 364 cost 0.0001636461
73 147 193 289 182 364 cost 0.0001482188
220 294 193 289 182 364 cost 0.0001408548
147 294 0 193 364 728 cost 0.0001368225
0 147 0 193 364 728 cost 0.0001260465
0 147 193 386 364 728 cost 0.000106758
73 147 0 96 0 182 cost 9.89502e-05
220 294 96 193 0 182 cost 9.16185e-05
147 220 289 386 182 364 cost 8.52024e-05
0 73 193 289 0 182 cost 8.11083e-05
220 294 289 386 182 364 cost 6.24012e-05
220 294 96 193 182 364 cost 5.46459e-05
0 73 96 193 0 182 cost 3.27666e-05
73 147 289 386 0 182 cost 2.78214e-05
0 73 193 289 182 364 cost 2.68608e-05
147 220 0 96 0 182 cost 2.17074e-05
73 147 0 96 182 364 cost 1.71582e-05
73 147 289 386 182 364 cost 8.7186e-06
0 73 96 193 182 364 cost 8.64e-06
147 220 0 96 182 364 cost 3.6771e-06
0 73 289 386 0 182 cost 2.8401e-06
0 73 289 386 182 364 cost 2.019e-07
0 73 0 96 0 182 cost 0
0 73 0 96 182 364 cost 0
220 294 0 96 0 182 cost 0
220 294 0 96 182 364 cost 0
partitioning time: 0.097239 seconds
