hostname : cph-c53.uncc.edu
bounding: [-130;-65]x[20;50]x[5875;5958]
read 588189 observations
res: 0.1 0.1 1 bw: 1 1 3
box size: 651 x 301 x 84
nbparts: 16
mem: 0.02200841904 GB (this is an order of magnitude)
19700 states processed
solution: 0.6639163968 in 16 boxes.
naive: 7.046724289 speedup:10.61387296
sumload:7.140525265 overhead:1.013311288
256 384 0 128 0 84 cost 0.6639163968
256 384 128 301 0 84 cost 0.610375359
0 128 0 192 32 84 cost 0.5922833322
448 512 128 192 0 84 cost 0.586471283
128 256 0 301 0 84 cost 0.5782399454
512 576 192 301 32 64 cost 0.5567624419
448 512 0 128 0 84 cost 0.5543357813
384 448 0 192 0 84 cost 0.5467911816
448 512 192 301 0 84 cost 0.4975693778
384 448 192 301 0 84 cost 0.4759974252
512 576 0 192 0 84 cost 0.3707661293
0 128 192 301 0 84 cost 0.2849883603
512 576 192 301 64 84 cost 0.2588948334
512 576 192 301 0 32 cost 0.2181790646
576 651 0 301 0 84 cost 0.1968745224
0 128 0 192 0 32 cost 0.1480798312
partitioning time: 238.359819 seconds
