hostname : cph-gpu1.uncc.edu
bounding: [-130;-65]x[20;50]x[5875;5958]
read 588189 observations
res: 0.1 0.1 1 bw: 1 1 3
box size: 651 x 301 x 84
nbparts: 64
mem: 0.3539886475 GB (this is an order of magnitude)
199871 states processed
solution: 0.4924927228 in 26 boxes.
naive: 7.046724289 speedup:14.30828104
sumload:7.096269867 overhead:1.007031009
544 576 192 224 0 64 cost 0.4924927228
480 512 128 301 0 84 cost 0.4506163459
0 128 0 160 0 84 cost 0.4417628277
448 480 160 301 0 84 cost 0.4291111959
128 192 0 301 0 84 cost 0.4279526984
352 448 128 192 0 84 cost 0.4231269901
448 480 0 160 0 84 cost 0.4214396425
192 320 0 301 0 84 cost 0.4173315746
320 352 0 128 0 84 cost 0.4158176672
352 448 192 224 0 84 cost 0.3566646313
480 512 0 128 0 84 cost 0.3381513911
512 544 0 192 0 84 cost 0.3291189926
352 448 0 128 0 84 cost 0.2989522868
320 352 128 301 0 84 cost 0.2898212525
0 128 192 301 0 84 cost 0.2849883603
0 128 160 192 0 84 cost 0.2808138713
512 544 192 301 0 84 cost 0.2766689039
352 448 224 301 0 84 cost 0.2490741186
544 576 192 224 64 84 cost 0.1833326388
576 651 192 224 0 64 cost 0.0814786919
576 651 224 301 0 64 cost 0.0731148938
544 576 0 192 0 84 cost 0.0423864072
544 576 224 301 0 84 cost 0.0408226944
576 651 192 224 64 84 cost 0.0279578879
576 651 224 301 64 84 cost 0.0232172807
576 651 0 192 0 84 cost 5.38992e-05
partitioning time: 2763.127469 seconds
