hostname : cph-c40.uncc.edu
bounding: [-130;-65]x[20;50]x[5875;5958]
read 588189 observations
res: 0.01 0.01 1 bw: 0.5 0.5 3
box size: 6501 x 3001 x 84
nbparts: 16
max states: 2401280
mem: 0.2146911621 GB (this is an order of magnitude)
826135 states processed
solution: 20.14271349 in 15 boxes.
naive: 162.5264313 speedup:8.068745626
sumload:162.5298319 overhead:1.000020923
4096 4864 1792 2560 0 84 cost 20.14271349
4096 5632 1280 1792 0 84 cost 19.35229969
3072 3584 0 1792 0 84 cost 18.90087941
0 2048 1536 3001 0 84 cost 17.15350329
0 2048 0 1536 0 84 cost 16.41046743
4096 5632 256 1280 0 84 cost 15.50144807
5376 5632 1792 3001 0 84 cost 14.46490358
4864 5376 1792 3001 0 84 cost 12.25079082
5632 6400 0 3001 0 84 cost 8.659483806
3072 4096 1792 3001 0 84 cost 8.555014043
2048 3072 0 3001 0 84 cost 5.677163017
3584 4096 0 1792 0 84 cost 5.063742045
4096 4864 2560 3001 0 84 cost 0.3967782712
6400 6501 0 3001 0 84 cost 0.000365371
4096 5632 0 256 0 84 cost 0.0002795445
partitioning time: 6069.078943 seconds
