hostname : cph-gpu2.uncc.edu
bounding: [1053872.965;1068485.726]x[860186.8419;879395.9741]x[3;730]
read 11056 observations
res: 50 50 1 bw: 2500 2500 14
box size: 294 x 386 x 728
nbparts: 32
max states: 10781664
mem: 0.9639558792 GB (this is an order of magnitude)
2372266 states processed
solution: 0.5164644167 in 23 boxes.
naive: 8.268027147 speedup:16.0088999
sumload:8.308741063 overhead:1.00492426
128 192 256 320 0 416 cost 0.5164644167
192 256 256 320 0 384 cost 0.514405571
64 128 192 256 0 416 cost 0.5094781592
128 192 128 192 0 160 cost 0.5026910765
192 256 128 192 0 728 cost 0.4984745548
192 256 192 256 0 192 cost 0.4785185508
64 128 128 192 0 192 cost 0.4783084916
256 294 128 320 0 728 cost 0.4723552689
64 128 0 128 0 728 cost 0.4610812243
128 294 0 128 0 728 cost 0.4609086675
128 192 192 256 128 480 cost 0.4559539231
128 192 192 256 0 128 cost 0.4545634139
0 64 0 386 0 728 cost 0.4213535404
192 294 320 386 0 728 cost 0.3971114006
128 192 128 192 160 728 cost 0.3616066057
192 256 192 256 192 728 cost 0.3298660934
64 128 256 386 0 728 cost 0.3026512124
128 192 320 386 0 728 cost 0.2133518873
64 128 128 192 192 728 cost 0.1886451044
128 192 192 256 480 728 cost 0.0917014956
192 256 256 320 384 728 cost 0.0796690371
128 192 256 320 416 728 cost 0.0635261819
64 128 192 256 416 728 cost 0.056055186
partitioning time: 430.205824 seconds
