hostname : cph-c12.uncc.edu
bounding: [1053872.965;1068485.726]x[860186.8419;879395.9741]x[3;730]
read 11056 observations
res: 100 100 1 bw: 2500 2500 1
box size: 148 x 194 x 728
nbparts: 64
mem: 1.95459938 GB (this is an order of magnitude)
168077 states processed
solution: 0.0106558806 in 64 boxes.
naive: 0.5210794803 speedup:48.90064931
sumload:0.530567181 overhead:1.01820778
96 128 160 194 0 128 cost 0.0106558806
96 128 0 96 128 256 cost 0.0104717843
96 128 128 160 0 64 cost 0.0103712966
0 32 0 194 128 728 cost 0.0103653428
128 148 0 194 256 728 cost 0.0103543752
96 128 0 96 256 728 cost 0.0103120958
64 96 96 128 32 64 cost 0.0101824951
64 96 96 128 224 352 cost 0.0101130279
64 96 64 96 32 64 cost 0.0100536259
32 64 96 128 64 128 cost 0.0098963472
64 96 128 160 128 256 cost 0.0098854434
96 128 160 194 128 728 cost 0.0097969048
64 96 96 128 352 728 cost 0.0097894662
32 64 96 128 224 728 cost 0.0096588498
32 64 128 194 128 728 cost 0.0096270375
32 64 128 194 0 128 cost 0.0096251642
64 96 128 160 0 64 cost 0.009608175
32 64 32 64 64 160 cost 0.0095797185
96 128 128 160 256 728 cost 0.0094798205
96 128 128 160 128 256 cost 0.0093692289
128 148 0 194 128 256 cost 0.0093097286
64 96 64 96 192 320 cost 0.0092922417
64 96 64 96 320 728 cost 0.0092681977
32 64 96 128 0 64 cost 0.0092313003
64 96 128 160 256 728 cost 0.0089275645
96 128 96 128 352 728 cost 0.0089091699
64 96 96 128 160 224 cost 0.0088585028
0 32 0 194 64 128 cost 0.0088237312
96 128 96 128 96 160 cost 0.0088062443
64 96 96 128 64 96 cost 0.0086984633
96 128 96 128 224 352 cost 0.0086410537
64 96 128 160 64 128 cost 0.0086117243
96 128 128 160 64 128 cost 0.0085763564
64 96 0 64 64 160 cost 0.008552744
32 64 32 64 0 64 cost 0.0084598701
96 128 0 96 0 64 cost 0.008453055
32 64 64 96 32 64 cost 0.0084309718
128 148 0 194 64 128 cost 0.0084018753
64 96 64 96 128 192 cost 0.0083930241
128 148 0 194 0 64 cost 0.0083597469
64 96 64 96 64 96 cost 0.0083587873
32 64 64 96 256 728 cost 0.0081767536
32 64 64 96 96 160 cost 0.0081740618
32 64 64 96 64 96 cost 0.0081561644
0 32 0 194 0 64 cost 0.0078776198
64 96 0 64 160 728 cost 0.0078482344
96 128 96 128 32 64 cost 0.0078401312
96 128 0 96 64 128 cost 0.0077945326
64 96 0 64 0 64 cost 0.0076561931
64 96 160 194 0 128 cost 0.0074392545
32 64 32 64 160 728 cost 0.0073667192
32 64 96 128 128 224 cost 0.0072041983
96 128 96 128 160 224 cost 0.0070318852
96 128 96 128 64 96 cost 0.0065800395
64 96 160 194 128 728 cost 0.0062707407
64 96 96 128 96 128 cost 0.0058926853
64 96 96 128 128 160 cost 0.005722434
32 64 64 96 160 256 cost 0.0056642602
64 96 64 96 96 128 cost 0.0051960034
64 96 96 128 0 32 cost 0.0046126839
64 96 64 96 0 32 cost 0.0043003898
32 64 64 96 0 32 cost 0.0038048055
32 64 0 32 0 728 cost 0.0036985031
96 128 96 128 0 32 cost 0.0036984541
partitioning time: 174.791684 seconds
