hostname : cph-gpu1.uncc.edu
bounding: [-130;-65]x[20;50]x[5875;5958]
read 588189 observations
res: 0.1 0.1 1 bw: 2.5 2.5 7
box size: 651 x 301 x 84
nbparts: 32
mem: 0.1769943237 GB (this is an order of magnitude)
199723 states processed
solution: 2.897407302 in 32 boxes.
naive: 67.21899211 speedup:23.19970411
sumload:67.76113067 overhead:1.008065259
352 416 192 301 0 84 cost 2.897407302
416 448 192 301 0 84 cost 2.866258236
96 128 0 160 0 84 cost 2.843205998
448 480 128 192 0 84 cost 2.817996873
224 352 96 128 0 64 cost 2.727234094
128 160 0 301 0 84 cost 2.700480968
480 512 0 128 0 84 cost 2.685173347
224 352 160 301 0 84 cost 2.671480411
480 512 128 192 0 84 cost 2.636932142
544 576 192 224 0 64 cost 2.628951025
448 480 192 301 0 84 cost 2.560737549
448 480 0 128 0 84 cost 2.555791088
160 224 0 301 0 84 cost 2.541055502
576 651 0 301 0 84 cost 2.534401511
0 96 192 301 0 84 cost 2.475908618
512 544 192 301 0 64 cost 2.370310606
352 416 0 128 0 84 cost 2.249118124
416 448 128 192 0 84 cost 2.173976681
512 544 160 192 0 84 cost 2.146462737
0 96 0 192 0 84 cost 2.08170148
224 352 128 160 0 84 cost 2.047096443
224 352 0 96 0 84 cost 1.996214679
352 416 128 192 0 84 cost 1.995711929
480 512 192 301 0 84 cost 1.955456413
544 576 0 192 0 84 cost 1.5719121
96 128 160 301 0 84 cost 1.473696964
416 448 0 128 0 84 cost 1.164682219
544 576 224 301 0 84 cost 1.13271071
512 544 0 160 0 84 cost 1.078706756
544 576 192 224 64 84 cost 0.9332624146
512 544 192 301 64 84 cost 0.7547777775
224 352 96 128 64 84 cost 0.4923179672
partitioning time: 2645.855043 seconds
