hostname : cph-c14.uncc.edu
bounding: [1053872.965;1068485.726]x[860186.8419;879395.9741]x[3;730]
read 11056 observations
res: 50 50 1 bw: 2500 2500 1
box size: 294 x 386 x 728
nbparts: 512
solution: 0.0156465289 in 512 boxes.
naive: 2.038316503 speedup:130.2727599
sumload:2.074012022 overhead:1.017512256
36 73 144 193 0 91 cost 0.0156465289
73 147 96 193 546 728 cost 0.015438988
147 183 144 193 182 273 cost 0.0150099993
110 147 48 96 0 91 cost 0.0149383319
73 147 193 289 546 728 cost 0.0147859918
73 110 96 144 91 182 cost 0.0146688196
73 110 241 289 0 91 cost 0.0143935819
220 294 193 289 546 728 cost 0.0142675375
183 220 337 386 0 91 cost 0.0138579186
110 147 193 241 182 273 cost 0.0136831011
36 73 96 144 0 91 cost 0.013678031
183 220 289 337 91 182 cost 0.0136441861
183 220 144 193 182 273 cost 0.0135324096
110 147 144 193 182 273 cost 0.0129535127
73 110 48 96 0 91 cost 0.0129119461
147 183 241 289 182 273 cost 0.0128985583
183 220 241 289 182 273 cost 0.0127187947
147 183 96 144 91 182 cost 0.0125809435
220 257 144 193 91 182 cost 0.012529535
220 257 193 241 182 273 cost 0.0125187652
257 294 193 241 0 91 cost 0.0122778682
147 220 289 386 364 546 cost 0.0121748861
0 73 0 96 0 182 cost 0.011756433
183 220 96 144 0 91 cost 0.0116640561
147 220 289 386 546 728 cost 0.0116509521
36 73 193 241 0 91 cost 0.0115580996
73 147 289 386 182 364 cost 0.0113315052
257 294 241 289 0 91 cost 0.0111154894
220 257 337 386 0 91 cost 0.0111003965
0 73 96 193 182 364 cost 0.0109540614
147 183 289 337 91 182 cost 0.0109294771
110 147 289 337 0 91 cost 0.0105583097
220 257 289 337 91 182 cost 0.0102100247
73 147 0 96 182 364 cost 0.0101240722
257 294 193 241 91 182 cost 0.0098778971
73 110 241 289 91 182 cost 0.0098747775
0 73 193 289 182 364 cost 0.009818373
110 147 241 289 182 273 cost 0.0097861526
36 73 144 193 91 182 cost 0.0095942101
147 183 193 241 273 364 cost 0.0095488585
220 257 144 193 182 273 cost 0.0094584745
220 257 241 289 182 273 cost 0.0094094431
183 220 193 241 273 364 cost 0.0093765116
220 294 289 386 364 546 cost 0.0091015587
147 183 337 386 0 91 cost 0.0087767801
220 294 96 193 364 546 cost 0.008584455
36 73 96 144 91 182 cost 0.0084997308
110 147 48 96 91 182 cost 0.0084808815
110 147 96 144 182 273 cost 0.0084505599
257 294 241 289 91 182 cost 0.0084173331
220 294 289 386 546 728 cost 0.0082731022
257 294 289 337 0 91 cost 0.0082277791
183 220 96 144 91 182 cost 0.008059015
183 220 289 337 182 273 cost 0.0080488021
73 110 193 241 182 273 cost 0.007884918
73 110 144 193 182 273 cost 0.0078073501
257 294 144 193 0 91 cost 0.0077024715
147 183 144 193 273 364 cost 0.0076725756
183 220 241 289 273 364 cost 0.0074574173
220 257 193 241 273 364 cost 0.0073249955
110 147 193 241 273 364 cost 0.0071880537
128 147 168 193 45 91 cost 0.0071827687
183 220 337 386 91 182 cost 0.0070755582
0 73 289 386 0 182 cost 0.0070462802
110 147 144 193 273 364 cost 0.0069848137
110 147 289 337 91 182 cost 0.0069770054
147 183 48 96 0 91 cost 0.0069573341
73 110 48 96 91 182 cost 0.0069316028
147 183 241 289 273 364 cost 0.0069104909
128 147 144 168 45 91 cost 0.0068902821
220 294 96 193 546 728 cost 0.0068070099
36 73 193 241 91 182 cost 0.0068058758
147 183 96 144 182 273 cost 0.0068048756
147 165 168 193 45 91 cost 0.0066555896
183 220 144 193 273 364 cost 0.0066440426
110 128 144 168 45 91 cost 0.0066094837
147 165 193 217 45 91 cost 0.0065288205
110 128 168 193 45 91 cost 0.0064974779
220 257 289 337 182 273 cost 0.0064672372
165 183 193 217 45 91 cost 0.0064668663
128 147 193 217 45 91 cost 0.0064181297
165 183 168 193 45 91 cost 0.006254377
128 147 120 144 45 91 cost 0.0061945834
36 73 241 289 0 91 cost 0.006192505
147 183 289 337 182 273 cost 0.0061899849
257 294 193 241 182 273 cost 0.006117111
91 110 144 168 45 91 cost 0.0060898637
73 110 96 144 182 273 cost 0.0060605533
257 294 144 193 91 182 cost 0.0059773079
183 220 193 241 364 455 cost 0.005928785
165 183 217 241 45 91 cost 0.0059088514
110 128 120 144 45 91 cost 0.0058758411
73 110 241 289 182 273 cost 0.0058625298
220 257 241 289 273 364 cost 0.0057749786
91 110 168 193 45 91 cost 0.0057591808
147 165 144 168 45 91 cost 0.0057589695
147 165 217 241 45 91 cost 0.0057442627
147 183 193 241 364 455 cost 0.0057317658
73 110 289 337 0 91 cost 0.0055862735
110 128 193 217 45 91 cost 0.0055753636
183 201 193 217 45 91 cost 0.0055628248
220 257 337 386 91 182 cost 0.0055354436
128 147 217 241 45 91 cost 0.0054206246
183 201 217 241 45 91 cost 0.0053399278
91 110 120 144 45 91 cost 0.0053245937
201 220 193 217 45 91 cost 0.0051425317
201 220 217 241 45 91 cost 0.0051223663
165 183 241 265 45 91 cost 0.0051032768
183 201 168 193 45 91 cost 0.0050532046
165 183 144 168 45 91 cost 0.0050320643
201 220 241 265 45 91 cost 0.0049903285
257 294 289 337 91 182 cost 0.0049715083
183 201 241 265 45 91 cost 0.0049438069
91 110 193 217 45 91 cost 0.0049155239
147 183 144 193 364 455 cost 0.0048694486
147 183 193 241 546 637 cost 0.00486419
220 257 144 193 273 364 cost 0.0048578814
220 257 193 241 364 455 cost 0.0048312791
201 220 265 289 45 91 cost 0.0048214388
110 147 241 289 273 364 cost 0.0048079595
147 165 241 265 45 91 cost 0.0048005251
110 128 217 241 45 91 cost 0.004779404
183 220 193 241 546 637 cost 0.0047232432
257 294 241 289 182 273 cost 0.0046834792
183 220 289 337 273 364 cost 0.0046443959
73 110 144 193 273 364 cost 0.0046340037
147 165 120 144 45 91 cost 0.0046329447
183 201 265 289 45 91 cost 0.0046202621
183 220 96 144 182 273 cost 0.00461427
147 183 337 386 91 182 cost 0.0046023135
128 147 96 120 45 91 cost 0.0045538242
183 220 144 193 364 455 cost 0.0045537023
73 91 144 168 45 91 cost 0.0045135494
165 183 265 289 45 91 cost 0.0044902717
110 147 193 241 364 455 cost 0.0044708106
110 128 96 120 45 91 cost 0.0044596783
201 220 168 193 45 91 cost 0.0044511405
257 294 144 193 182 273 cost 0.0044476181
110 147 96 144 273 364 cost 0.0043811581
91 110 217 241 45 91 cost 0.0043808434
220 238 193 217 45 91 cost 0.0043806424
257 294 337 386 0 91 cost 0.0043602918
220 238 217 241 45 91 cost 0.0043535339
147 183 144 193 546 637 cost 0.0043439853
73 110 193 241 273 364 cost 0.0043379749
128 147 241 265 45 91 cost 0.0043121061
220 257 96 144 0 91 cost 0.0043105076
110 147 144 193 364 455 cost 0.004222861
183 220 241 289 364 455 cost 0.0042188121
220 238 241 265 45 91 cost 0.0041541456
128 147 168 193 0 45 cost 0.0041267886
128 147 144 168 0 45 cost 0.0041121571
73 91 168 193 45 91 cost 0.0040865158
91 110 96 120 45 91 cost 0.0040603119
73 91 120 144 45 91 cost 0.0040507743
165 183 193 217 136 182 cost 0.004048605
147 165 168 193 0 45 cost 0.0040095244
201 220 289 313 45 91 cost 0.0039930219
73 147 289 386 364 546 cost 0.0039856867
165 183 193 217 0 45 cost 0.0039834393
183 220 337 386 182 273 cost 0.003979738
147 165 193 217 0 45 cost 0.0039628159
147 165 193 217 136 182 cost 0.0039538723
147 165 265 289 45 91 cost 0.00394405
147 183 48 96 91 182 cost 0.0039190192
220 238 265 289 45 91 cost 0.0039169006
128 147 120 144 0 45 cost 0.0039037814
147 220 0 96 182 364 cost 0.0038923762
165 183 217 241 136 182 cost 0.003863654
147 183 241 289 364 455 cost 0.0038483233
165 183 168 193 0 45 cost 0.0038444291
183 201 289 313 45 91 cost 0.0038323428
165 183 120 144 45 91 cost 0.003830774
183 220 144 193 546 637 cost 0.0038288868
110 128 144 168 0 45 cost 0.0038118306
257 294 193 241 273 364 cost 0.0038107306
165 183 217 241 0 45 cost 0.0038095441
110 128 144 168 91 136 cost 0.0037896733
147 165 217 241 136 182 cost 0.0037755687
165 183 193 217 91 136 cost 0.0037718917
128 147 168 193 91 136 cost 0.0037470241
147 165 193 217 91 136 cost 0.00372378
128 147 144 168 91 136 cost 0.0037204075
128 147 193 217 0 45 cost 0.0037192656
220 257 289 337 273 364 cost 0.0037171876
183 201 144 168 45 91 cost 0.0037065851
147 165 217 241 0 45 cost 0.0036999497
0 73 96 193 546 728 cost 0.0036992896
128 147 193 217 136 182 cost 0.003682426
220 257 241 289 364 455 cost 0.0036691876
183 201 193 217 136 182 cost 0.0036688043
73 110 289 337 91 182 cost 0.0036651232
110 128 120 144 0 45 cost 0.0036608122
128 147 193 217 91 136 cost 0.0036317637
110 128 168 193 0 45 cost 0.0036136635
220 238 168 193 45 91 cost 0.0036060982
147 183 193 241 455 546 cost 0.0036001131
110 147 337 386 0 91 cost 0.0035948624
183 201 217 241 136 182 cost 0.0035874956
165 183 289 313 45 91 cost 0.0035810517
36 73 241 289 91 182 cost 0.0035618294
147 165 144 168 0 45 cost 0.0035459114
183 220 193 241 455 546 cost 0.0035451846
238 257 217 241 45 91 cost 0.0035438939
110 128 168 193 91 136 cost 0.0035240684
128 147 217 241 136 182 cost 0.0035104131
183 201 193 217 0 45 cost 0.0035100782
147 183 96 144 273 364 cost 0.0035091888
91 110 144 168 0 45 cost 0.0035031954
147 165 168 193 91 136 cost 0.0034971272
220 257 337 386 182 273 cost 0.0034860988
147 183 289 337 273 364 cost 0.0034782532
183 201 217 241 0 45 cost 0.0034691534
165 183 168 193 136 182 cost 0.0034665176
0 73 96 193 364 546 cost 0.0034632404
128 147 217 241 0 45 cost 0.0034539611
238 257 193 217 45 91 cost 0.0034511783
91 110 144 168 91 136 cost 0.0034355762
147 183 144 193 455 546 cost 0.0034314571
165 183 168 193 91 136 cost 0.0034180893
147 165 168 193 136 182 cost 0.0034052776
183 201 193 217 91 136 cost 0.0033935834
73 91 193 217 45 91 cost 0.0033870402
165 183 217 241 91 136 cost 0.0033868388
110 128 241 265 45 91 cost 0.0033845734
201 220 193 217 136 182 cost 0.003363594
238 257 241 265 45 91 cost 0.0033600076
201 220 313 337 45 91 cost 0.0033570503
201 220 217 241 136 182 cost 0.0033552449
128 147 168 193 136 182 cost 0.00334999
147 165 217 241 91 136 cost 0.0033494117
165 183 241 265 136 182 cost 0.0033452058
165 183 241 265 0 45 cost 0.0033335611
201 220 217 241 0 45 cost 0.003333518
91 110 120 144 0 45 cost 0.0033284014
128 147 120 144 91 136 cost 0.0033263051
220 257 96 144 91 182 cost 0.0033191498
110 128 120 144 91 136 cost 0.0033176228
128 147 265 289 45 91 cost 0.0033029191
201 220 265 289 0 45 cost 0.0032885969
183 201 241 265 0 45 cost 0.0032785966
147 165 241 265 136 182 cost 0.0032744751
201 220 241 265 0 45 cost 0.0032634997
183 201 241 265 136 182 cost 0.0032345641
128 147 217 241 91 136 cost 0.003228416
110 128 193 217 91 136 cost 0.0032204763
73 91 96 120 45 91 cost 0.0032166408
201 220 193 217 0 45 cost 0.0031973771
183 201 265 289 0 45 cost 0.0031892385
183 201 168 193 0 45 cost 0.0031823638
91 110 168 193 0 45 cost 0.0031821243
183 220 241 289 546 637 cost 0.0031785034
238 257 265 289 45 91 cost 0.0031731871
91 110 168 193 91 136 cost 0.0031720141
201 220 241 265 136 182 cost 0.0031695377
201 220 193 217 91 136 cost 0.0031641588
73 147 289 386 546 728 cost 0.0031611951
110 128 193 217 0 45 cost 0.0031518152
220 238 289 313 45 91 cost 0.0031475178
183 201 313 337 45 91 cost 0.0031420914
183 201 168 193 136 182 cost 0.0031397171
73 91 217 241 45 91 cost 0.003127792
165 183 144 168 0 45 cost 0.003117714
147 165 241 265 0 45 cost 0.0031143368
147 183 193 241 637 728 cost 0.0031120521
257 294 289 337 182 273 cost 0.0030969597
183 201 217 241 91 136 cost 0.0030926846
110 147 241 289 364 455 cost 0.0030922189
147 165 96 120 45 91 cost 0.0030862465
147 165 144 168 91 136 cost 0.0030693352
73 110 96 144 273 364 cost 0.0030650899
128 147 96 120 0 45 cost 0.0030579205
183 220 193 241 637 728 cost 0.0030398651
73 147 0 96 364 546 cost 0.0030312485
165 183 265 289 0 45 cost 0.0030265909
110 128 217 241 0 45 cost 0.0030251549
201 220 289 313 0 45 cost 0.003023383
183 220 144 193 455 546 cost 0.0029865106
201 220 144 168 45 91 cost 0.0029843784
110 128 96 120 0 45 cost 0.0029802137
147 165 120 144 0 45 cost 0.0029694314
201 220 217 241 91 136 cost 0.0029670675
257 294 241 289 273 364 cost 0.0029517309
147 165 289 313 45 91 cost 0.0029459075
183 201 168 193 91 136 cost 0.0029431392
183 201 289 313 0 45 cost 0.0029261983
110 128 217 241 91 136 cost 0.0029258147
128 147 241 265 136 182 cost 0.0029249992
220 238 217 241 0 45 cost 0.0029141841
147 183 241 289 546 637 cost 0.0028925892
201 220 168 193 136 182 cost 0.0028731374
91 110 217 241 0 45 cost 0.0028701016
165 183 241 265 91 136 cost 0.0028590742
91 110 193 217 91 136 cost 0.0028440402
165 183 144 168 91 136 cost 0.0028402875
220 238 241 265 0 45 cost 0.0028342787
201 220 168 193 0 45 cost 0.0028157768
220 257 193 241 455 546 cost 0.0028077643
147 165 241 265 91 136 cost 0.0027986352
220 238 193 217 91 136 cost 0.0027952268
201 220 241 265 91 136 cost 0.0027835646
73 110 241 289 273 364 cost 0.0027814014
220 238 193 217 0 45 cost 0.0027790317
128 147 144 168 136 182 cost 0.0027712878
220 238 265 289 0 45 cost 0.002767732
73 147 0 96 546 728 cost 0.0027671342
91 110 193 217 0 45 cost 0.0027666822
238 257 168 193 45 91 cost 0.0027558074
128 147 241 265 0 45 cost 0.0027473563
91 110 96 120 0 45 cost 0.0027455735
110 128 193 217 136 182 cost 0.0027256785
183 201 241 265 91 136 cost 0.0027154448
91 110 217 241 91 136 cost 0.0027118377
220 238 313 337 45 91 cost 0.0027108212
110 128 217 241 136 182 cost 0.0026977433
165 183 289 313 0 45 cost 0.0026816617
201 220 168 193 91 136 cost 0.0026412439
73 91 144 168 91 136 cost 0.0026223054
147 165 265 289 0 45 cost 0.0026184374
220 238 193 217 136 182 cost 0.0026173039
238 257 289 313 45 91 cost 0.0026168342
165 183 313 337 45 91 cost 0.0026095864
73 110 193 241 364 455 cost 0.0025994019
110 147 144 193 455 546 cost 0.0025992203
220 238 217 241 136 182 cost 0.0025922385
73 91 144 168 0 45 cost 0.0025852852
257 294 144 193 273 364 cost 0.0025801096
73 110 144 193 364 455 cost 0.002574235
0 36 193 241 0 91 cost 0.002572105
201 220 265 289 136 182 cost 0.0025688651
220 238 217 241 91 136 cost 0.0025658565
183 201 265 289 136 182 cost 0.0025635725
201 220 265 289 91 136 cost 0.0025607818
165 183 265 289 136 182 cost 0.0025435787
73 91 120 144 0 45 cost 0.0025321896
201 220 313 337 0 45 cost 0.0025296268
128 147 241 265 91 136 cost 0.0025289508
110 128 168 193 136 182 cost 0.0025266761
110 147 96 144 364 455 cost 0.0025238482
110 128 96 120 91 136 cost 0.00251625
257 294 193 241 364 455 cost 0.0025118024
165 183 120 144 0 45 cost 0.0024950563
147 165 144 168 136 182 cost 0.0024938906
0 36 241 289 0 91 cost 0.0024857989
165 183 193 217 227 273 cost 0.0024794161
0 73 193 289 364 546 cost 0.002478804
165 183 193 217 182 227 cost 0.0024761043
220 238 241 265 136 182 cost 0.0024714229
183 220 241 289 455 546 cost 0.0024690189
220 238 289 313 0 45 cost 0.00246101
147 165 265 289 136 182 cost 0.0024580617
165 183 265 289 91 136 cost 0.0024480667
183 220 241 289 637 728 cost 0.0024388991
183 201 313 337 0 45 cost 0.0024363125
128 147 96 120 91 136 cost 0.0024281683
183 201 265 289 91 136 cost 0.0024196196
238 257 193 217 91 136 cost 0.0024192771
220 257 96 144 182 273 cost 0.0024129575
110 128 265 289 45 91 cost 0.0024079616
238 257 217 241 0 45 cost 0.0023971977
147 183 241 289 455 546 cost 0.0023927871
183 201 193 217 182 227 cost 0.0023914268
165 183 144 168 136 182 cost 0.002389634
147 183 144 193 637 728 cost 0.0023851278
110 147 193 241 455 546 cost 0.0023806307
220 238 241 265 91 136 cost 0.0023771305
110 128 144 168 136 182 cost 0.002375277
257 294 337 386 91 182 cost 0.0023723461
147 183 241 289 637 728 cost 0.0023607894
183 201 144 168 0 45 cost 0.0023560861
238 257 313 337 45 91 cost 0.0023344663
147 165 265 289 91 136 cost 0.0023311335
238 257 241 265 0 45 cost 0.0023284708
238 257 265 289 0 45 cost 0.0023200775
73 91 168 193 91 136 cost 0.0023120302
183 201 144 168 91 136 cost 0.0023048181
0 73 0 96 182 364 cost 0.0022990569
128 147 120 144 136 182 cost 0.0022936268
0 73 193 289 546 728 cost 0.0022914637
220 238 168 193 0 45 cost 0.0022862551
165 183 217 241 227 273 cost 0.0022790153
201 220 193 217 182 227 cost 0.0022740696
0 73 289 386 182 364 cost 0.0022736089
238 257 217 241 91 136 cost 0.0022726415
147 165 193 217 227 273 cost 0.0022669831
183 220 48 96 0 91 cost 0.0022602155
165 183 96 120 45 91 cost 0.0022568303
147 165 193 217 182 227 cost 0.0022489372
183 220 96 144 273 364 cost 0.0022430278
110 128 241 265 0 45 cost 0.0022365965
183 201 193 217 227 273 cost 0.0022307836
183 220 337 386 273 364 cost 0.002225592
147 183 337 386 182 273 cost 0.0022198316
165 183 217 241 182 227 cost 0.0022145091
73 91 168 193 0 45 cost 0.0022035822
220 238 144 168 45 91 cost 0.002202594
128 147 265 289 0 45 cost 0.0021822784
73 91 96 120 0 45 cost 0.0021810485
238 257 193 217 0 45 cost 0.0021744396
183 201 217 241 182 227 cost 0.0021547012
91 110 193 217 136 182 cost 0.0021388688
128 147 265 289 136 182 cost 0.0021338675
147 165 217 241 227 273 cost 0.0021325271
183 220 144 193 637 728 cost 0.0021282561
110 128 241 265 136 182 cost 0.0021276724
220 238 265 289 91 136 cost 0.0021204789
183 201 144 168 136 182 cost 0.0021174321
91 110 217 241 136 182 cost 0.0021139608
257 294 241 289 364 455 cost 0.0021129699
201 220 193 217 227 273 cost 0.0021091537
238 257 217 241 136 182 cost 0.0021074465
238 257 289 313 0 45 cost 0.0021069642
147 165 289 313 0 45 cost 0.0020845885
220 238 313 337 0 45 cost 0.002078402
110 147 337 386 91 182 cost 0.0020724622
73 91 217 241 0 45 cost 0.0020535747
110 128 120 144 136 182 cost 0.0020516681
183 201 217 241 227 273 cost 0.0020469339
238 257 241 265 91 136 cost 0.0020464939
147 183 96 144 364 455 cost 0.002045839
147 165 96 120 0 45 cost 0.0020429368
147 165 217 241 182 227 cost 0.0020335278
110 128 241 265 91 136 cost 0.0020264692
201 220 217 241 182 227 cost 0.0020215076
91 110 168 193 136 182 cost 0.0020171388
238 257 193 217 136 182 cost 0.002011999
110 147 96 144 455 546 cost 0.0020118913
238 257 241 265 136 182 cost 0.0020118526
128 147 265 289 91 136 cost 0.0020050824
165 183 313 337 0 45 cost 0.0019862909
201 220 144 168 0 45 cost 0.0019741773
201 220 217 241 227 273 cost 0.0019726841
73 91 193 217 91 136 cost 0.0019718766
91 110 144 168 136 182 cost 0.0019716141
220 238 265 289 136 182 cost 0.0019640077
257 294 289 337 273 364 cost 0.0019583673
73 91 217 241 91 136 cost 0.0019573168
220 257 241 289 455 546 cost 0.0019196807
73 110 241 289 364 455 cost 0.001914052
147 165 313 337 45 91 cost 0.0018920215
201 220 144 168 91 136 cost 0.0018860417
238 257 313 337 0 45 cost 0.0018645237
220 257 337 386 273 364 cost 0.0018432627
147 183 96 144 546 637 cost 0.0018377546
73 91 193 217 0 45 cost 0.0018200238
0 36 144 193 0 91 cost 0.0018052256
201 220 144 168 136 182 cost 0.0017944982
73 110 96 144 364 455 cost 0.0017868118
110 147 0 48 0 91 cost 0.0017724242
238 257 265 289 91 136 cost 0.0017602674
183 220 48 96 91 182 cost 0.00175959
110 147 241 289 455 546 cost 0.0017253748
147 183 96 144 455 546 cost 0.0017038314
238 257 168 193 0 45 cost 0.0016514685
128 147 96 120 136 182 cost 0.0016496618
110 128 265 289 0 45 cost 0.0016411813
238 257 265 289 136 182 cost 0.0016349234
238 257 144 168 45 91 cost 0.0016035793
110 128 265 289 136 182 cost 0.0015867503
165 183 96 120 0 45 cost 0.0015831602
110 128 96 120 136 182 cost 0.0015803541
73 110 144 193 455 546 cost 0.0015500622
110 128 265 289 91 136 cost 0.0015305431
0 36 241 289 91 182 cost 0.0015160202
0 36 193 241 91 182 cost 0.0015080421
73 110 0 48 0 91 cost 0.0014792947
220 238 144 168 0 45 cost 0.0014567108
73 91 144 168 136 182 cost 0.001451514
73 110 96 144 455 546 cost 0.0014325784
257 294 337 386 182 273 cost 0.0014152561
147 220 0 96 364 546 cost 0.0014045097
147 220 0 96 546 728 cost 0.0013967854
147 183 337 386 273 364 cost 0.0013769416
73 110 193 241 455 546 cost 0.0013641263
73 91 217 241 136 182 cost 0.0013628241
73 91 168 193 136 182 cost 0.0013454853
183 220 96 144 546 637 cost 0.0013370833
73 91 193 217 136 182 cost 0.0013337066
183 220 96 144 364 455 cost 0.0013071693
257 294 96 144 0 91 cost 0.0012769926
147 165 313 337 0 45 cost 0.0012472032
257 294 193 241 455 546 cost 0.0011669444
0 36 144 193 91 182 cost 0.0011425205
147 183 96 144 637 728 cost 0.0011123273
183 220 96 144 455 546 cost 0.0010971899
73 110 241 289 455 546 cost 0.0010711851
147 183 0 48 0 91 cost 0.0010582054
220 257 96 144 273 364 cost 0.0010230138
257 294 96 144 91 182 cost 0.0010140471
238 257 144 168 0 45 cost 0.0009775119
257 294 337 386 273 364 cost 0.0009466783
257 294 96 144 182 273 cost 0.0008665156
257 294 241 289 455 546 cost 0.0008629697
110 147 0 48 91 182 cost 0.0008070437
183 220 96 144 637 728 cost 0.0007701704
0 73 0 96 364 546 cost 0.0007666934
0 73 0 96 546 728 cost 0.0007378711
73 110 337 386 0 91 cost 0.0006571202
73 110 0 48 91 182 cost 0.0005934711
147 183 0 48 91 182 cost 0.000569001
257 294 96 144 273 364 cost 0.0004546133
0 73 289 386 364 546 cost 0.0004478568
0 36 96 144 0 91 cost 0.0004439938
73 110 337 386 91 182 cost 0.0004401688
0 36 96 144 91 182 cost 0.0003012342
0 73 289 386 546 728 cost 0.0002662507
183 220 0 48 0 91 cost 0.0002079733
183 220 0 48 91 182 cost 0.0001434261
220 294 0 96 0 182 cost 8.5288e-05
220 294 0 96 546 728 cost 2.76133e-05
220 294 0 96 182 364 cost 1.53239e-05
220 294 0 96 364 546 cost 6.6e-06
partitioning time: 2.569188 seconds
