hostname : cph-c53.uncc.edu
bounding: [1053872.965;1068485.726]x[860186.8419;879395.9741]x[3;730]
read 11056 observations
res: 50 50 1 bw: 2500 2500 1
box size: 294 x 386 x 728
nbparts: 32
max states: 10781664
mem: 0.9639558792 GB (this is an order of magnitude)
2395283 states processed
solution: 0.1272972448 in 24 boxes.
naive: 2.038316503 speedup:16.01225938
sumload:2.041752865 overhead:1.001685883
128 294 320 386 0 384 cost 0.1272972448
192 256 256 320 0 384 cost 0.1267555277
128 192 256 320 0 384 cost 0.1248617543
128 192 128 192 96 728 cost 0.1246616943
192 256 128 192 0 728 cost 0.1227325316
192 256 192 256 0 192 cost 0.1181619015
256 294 0 320 0 728 cost 0.1175112517
128 256 0 128 0 728 cost 0.1125579605
128 192 192 256 0 128 cost 0.1117058246
128 192 192 256 128 480 cost 0.1105342097
64 128 128 192 0 160 cost 0.1095581953
64 128 192 256 0 256 cost 0.1086931161
64 128 0 128 0 480 cost 0.1063962655
0 64 0 386 0 480 cost 0.0971989423
128 192 128 192 0 96 cost 0.086833789
192 256 192 256 192 728 cost 0.0801256498
64 128 256 386 0 480 cost 0.0685614936
64 128 128 192 160 480 cost 0.042319602
0 128 0 386 480 728 cost 0.0420573501
128 256 256 320 384 728 cost 0.0372950953
128 192 192 256 480 728 cost 0.0227029314
128 294 320 386 384 704 cost 0.0220611003
64 128 192 256 256 480 cost 0.0197100311
128 294 320 386 704 728 cost 0.0014594025
partitioning time: 434.372737 seconds
