hostname : cph-gpu3.uncc.edu
bounding: [-130;-65]x[20;50]x[5875;5958]
read 588189 observations
res: 0.1 0.1 1 bw: 5 5 14
box size: 651 x 301 x 84
nbparts: 64
max load allowed: 26.89067651
max states: 984640
mem: 0.08803367615 GB (this is an order of magnitude)
118100 states processed
solution: 26.80589564 in 29 boxes.
naive: 430.2508241 speedup:16.05060431
sumload:440.8359826 overhead:1.024602297
448 512 192 256 0 84 cost 26.80589564
384 448 192 301 0 84 cost 25.4452736
128 192 0 192 0 84 cost 25.02569735
256 320 0 192 0 84 cost 24.52778241
576 651 0 301 0 84 cost 24.07869722
384 448 128 192 0 84 cost 23.89636612
0 128 128 192 0 84 cost 23.85142473
320 384 0 128 0 84 cost 22.40927635
512 576 128 192 32 84 cost 22.04406857
448 512 128 192 32 64 cost 20.97014116
448 512 64 128 0 84 cost 20.71882078
512 576 192 256 32 64 cost 20.18657098
0 128 192 301 0 84 cost 20.14257011
320 384 128 192 0 84 cost 17.65281442
384 448 0 128 0 84 cost 16.77186847
192 256 0 301 0 84 cost 12.91400329
320 384 192 301 0 84 cost 11.75597477
512 576 0 128 0 84 cost 9.243829391
512 576 192 256 64 84 cost 9.152962363
512 576 192 256 0 32 cost 9.013108692
448 512 128 192 0 32 cost 8.800560307
448 512 128 192 64 84 cost 8.353830263
0 128 0 128 0 84 cost 8.301541985
448 512 0 64 0 84 cost 7.285377564
512 576 128 192 0 32 cost 7.226808801
128 192 192 301 0 84 cost 4.2791858
256 320 192 301 0 84 cost 4.068729335
448 512 256 301 0 84 cost 3.184908248
512 576 256 301 0 84 cost 2.727893836
partitioning time: 2493.547286 seconds
