hostname : cph-c36.uncc.edu
bounding: [1053872.965;1068485.726]x[860186.8419;879395.9741]x[3;730]
read 11056 observations
res: 50 50 1 bw: 100 100 1
box size: 294 x 386 x 728
nbparts: 32
max states: 2695392
mem: 0.240986824 GB (this is an order of magnitude)
725937 states processed
solution: 0.0004819558 in 25 boxes.
naive: 0.0053159259 speedup:11.02990336
sumload:0.0053388518 overhead:1.004312682
128 192 128 256 192 728 cost 0.0004819558
0 294 0 128 0 256 cost 0.0004754244
128 192 192 256 0 192 cost 0.0004577496
0 128 192 386 0 256 cost 0.0004499427
192 256 192 256 0 320 cost 0.0004417006
192 294 256 320 0 384 cost 0.0004130613
128 192 256 386 0 384 cost 0.0004066242
128 192 128 192 0 192 cost 0.0004060853
0 128 128 192 0 256 cost 0.0004023113
0 128 128 386 256 728 cost 0.0002150517
192 294 320 386 0 256 cost 0.0002063019
192 256 128 256 320 704 cost 0.0001883591
256 294 128 256 0 192 cost 0.0001783734
128 294 256 386 384 704 cost 0.0001575834
192 256 128 192 0 192 cost 0.0001446057
256 294 128 256 192 448 cost 9.2553e-05
192 256 128 192 192 320 cost 5.80365e-05
0 294 0 128 256 448 cost 5.42988e-05
0 294 0 128 448 728 cost 4.24791e-05
192 294 320 386 256 384 cost 2.6808e-05
256 294 128 256 576 704 cost 1.11696e-05
256 294 128 256 448 576 cost 1.05186e-05
192 294 128 256 704 728 cost 7.4154e-06
192 294 256 386 704 728 cost 6.3003e-06
128 192 256 386 704 728 cost 4.1421e-06
partitioning time: 120.201646 seconds
