hostname : cph-gpu2.uncc.edu
bounding: [1053872.965;1068485.726]x[860186.8419;879395.9741]x[3;730]
read 11056 observations
res: 100 100 1 bw: 500 500 7
box size: 148 x 194 x 728
nbparts: 64
max states: 21861824
mem: 1.95459938 GB (this is an order of magnitude)
2377704 states processed
solution: 0.0015116561 in 64 boxes.
naive: 0.0609225435 speedup:40.30185404
sumload:0.0654545439 overhead:1.074389547
64 96 64 96 32 64 cost 0.0015116561
32 64 64 128 192 352 cost 0.0015021677
32 64 96 128 32 96 cost 0.0014954872
32 64 32 64 0 64 cost 0.0014943765
32 64 64 194 352 728 cost 0.001410124
96 148 96 128 32 64 cost 0.0014050391
64 148 128 194 0 32 cost 0.0014031256
32 64 128 194 32 352 cost 0.0013798633
32 64 64 128 128 192 cost 0.0013447937
64 96 96 128 32 64 cost 0.0013182266
32 148 32 64 224 728 cost 0.0013116744
64 148 96 128 0 32 cost 0.0012901227
64 96 96 128 64 96 cost 0.0012686956
32 64 64 96 64 96 cost 0.0012599525
32 64 32 64 64 128 cost 0.0012556033
32 64 64 128 96 128 cost 0.0012515159
64 148 32 64 0 128 cost 0.0012503444
96 148 96 128 64 96 cost 0.0012466927
96 148 128 194 64 96 cost 0.0012320726
64 96 64 96 64 96 cost 0.0012153132
32 148 32 64 128 224 cost 0.0012133792
32 64 64 96 32 64 cost 0.0012106419
64 96 128 194 32 64 cost 0.0011393366
96 148 128 160 32 64 cost 0.0010995877
0 32 0 194 0 728 cost 0.00108564
32 64 64 194 0 32 cost 0.0010578616
64 96 96 128 160 192 cost 0.0009909399
64 148 160 194 320 728 cost 0.0009899361
64 96 96 160 416 640 cost 0.0009827621
96 128 64 96 160 320 cost 0.0009736015
128 148 64 194 96 192 cost 0.0009678481
64 148 64 160 640 728 cost 0.0009667515
96 128 64 128 96 128 cost 0.0009660546
96 128 96 160 128 160 cost 0.000965367
96 148 96 128 320 448 cost 0.0009520849
64 128 128 160 224 288 cost 0.0009428387
64 96 64 96 224 320 cost 0.0009252506
64 96 64 96 160 224 cost 0.0009231988
64 128 160 194 160 320 cost 0.0009162719
64 148 64 96 448 640 cost 0.0009118519
64 96 96 128 224 288 cost 0.000903716
64 96 96 160 320 416 cost 0.0009003598
96 128 96 160 160 192 cost 0.0008685672
64 148 64 96 0 32 cost 0.0008676835
64 96 96 128 128 160 cost 0.0008622057
64 128 128 160 96 128 cost 0.0008587492
64 128 96 160 288 320 cost 0.0008558449
64 128 64 96 128 160 cost 0.0008550461
96 148 128 160 320 640 cost 0.0008268717
96 148 96 128 448 640 cost 0.0008225248
64 148 64 96 320 448 cost 0.0008207673
64 128 160 194 96 160 cost 0.0008136943
128 148 64 194 192 320 cost 0.0008058214
64 96 128 194 64 96 cost 0.0008006683
64 96 96 128 96 128 cost 0.0007888971
96 148 160 194 32 64 cost 0.0007622594
64 96 96 160 192 224 cost 0.0007488818
96 128 96 128 224 288 cost 0.0007259289
64 96 64 96 96 128 cost 0.0007108033
96 148 64 96 32 64 cost 0.0007089594
96 128 96 160 192 224 cost 0.0006806093
64 96 128 160 128 192 cost 0.0006712355
96 148 64 96 64 96 cost 0.0005016473
32 148 0 32 0 728 cost 0.00026475
partitioning time: 402.509188 seconds
