hostname : cph-c53.uncc.edu
bounding: [1053872.965;1068485.726]x[860186.8419;879395.9741]x[3;730]
read 11056 observations
res: 100 100 1 bw: 2500 2500 1
box size: 148 x 194 x 728
nbparts: 64
max states: 341376
mem: 0.03052139282 GB (this is an order of magnitude)
37187 states processed
solution: 0.0462707062 in 26 boxes.
naive: 0.5210794803 speedup:11.26154155
sumload:0.5222703556 overhead:1.0022854
64 96 96 128 0 256 cost 0.0462707062
32 64 64 96 0 728 cost 0.0416155693
64 96 64 96 0 256 cost 0.0407741489
96 148 64 96 0 728 cost 0.0386575374
64 96 128 194 0 256 cost 0.0379396785
96 128 96 128 0 256 cost 0.0360621385
32 64 96 128 0 728 cost 0.0354804316
64 96 96 194 256 728 cost 0.0281704596
96 128 128 160 0 256 cost 0.0278297899
0 32 0 194 0 728 cost 0.0266860298
64 148 32 64 0 728 cost 0.0262781838
32 64 32 64 0 728 cost 0.0251615918
96 128 160 194 0 728 cost 0.0203436694
32 64 128 194 0 728 cost 0.0191649377
96 128 96 128 256 728 cost 0.0144060954
128 148 96 128 0 728 cost 0.0136836153
64 96 64 96 256 728 cost 0.012864769
96 128 128 160 256 728 cost 0.0094798205
128 148 128 160 0 256 cost 0.007064124
32 148 0 32 0 728 cost 0.0066975431
128 148 160 192 0 256 cost 0.0034683158
128 148 128 160 256 728 cost 0.0026248026
128 148 160 192 256 728 cost 0.0014150166
128 148 192 194 0 256 cost 9.41323e-05
128 148 192 194 256 512 cost 2.2809e-05
128 148 192 194 512 728 cost 1.44396e-05
partitioning time: 5.917668 seconds
