hostname : cph-gpu3.uncc.edu
bounding: [1053872.965;1068485.726]x[860186.8419;879395.9741]x[3;730]
read 11056 observations
res: 50 50 1 bw: 2500 2500 14
box size: 294 x 386 x 728
nbparts: 32
mem: 0.9639558792 GB (this is an order of magnitude)
67505 states processed
solution: 0.3225835955 in 32 boxes.
naive: 8.268027147 speedup:25.63064974
sumload:8.642113446 overhead:1.045244929
64 192 0 128 64 160 cost 0.3225835955
192 256 320 386 0 728 cost 0.320640415
64 192 128 192 32 64 cost 0.312514767
64 192 128 192 160 288 cost 0.3080700167
64 192 256 386 0 64 cost 0.3050328663
64 192 128 192 96 160 cost 0.303391297
256 294 0 386 0 160 cost 0.3021973755
192 256 0 192 0 160 cost 0.3018689721
192 256 256 320 128 728 cost 0.3014098797
192 256 256 320 0 128 cost 0.2970628124
64 192 256 386 128 256 cost 0.2902329606
64 192 192 256 192 320 cost 0.2883488916
192 256 192 256 224 728 cost 0.285283863
64 192 128 192 288 728 cost 0.283966587
192 256 192 256 0 96 cost 0.2838766793
192 256 0 192 160 728 cost 0.2833612298
64 192 128 192 64 96 cost 0.2831718261
64 192 0 128 0 64 cost 0.2824368086
64 192 192 256 32 64 cost 0.2804636795
64 192 192 256 320 728 cost 0.2748394671
64 192 256 386 64 128 cost 0.2748235212
64 192 192 256 128 192 cost 0.2697005567
64 192 256 386 256 728 cost 0.2694936046
64 192 0 128 160 728 cost 0.2634619214
256 294 0 386 160 728 cost 0.2572556487
64 192 192 256 64 96 cost 0.2563965849
192 256 192 256 96 224 cost 0.2549620539
0 64 0 386 96 728 cost 0.2255363149
0 64 0 386 0 96 cost 0.2056768455
64 192 192 256 96 128 cost 0.1715059194
64 192 128 192 0 32 cost 0.1466223024
64 192 192 256 0 32 cost 0.135924183
partitioning time: 43.803092 seconds
