hostname : cph-c54.uncc.edu
bounding: [1053872.965;1068485.726]x[860186.8419;879395.9741]x[3;730]
read 11056 observations
res: 50 50 1 bw: 2500 2500 14
box size: 294 x 386 x 728
nbparts: 64
mem: 0.5519943237 GB (this is an order of magnitude)
409501 states processed
solution: 0.2066204401 in 59 boxes.
naive: 8.268027147 speedup:40.01553352
sumload:8.311909791 overhead:1.005307511
160 192 192 224 0 256 cost 0.2066204401
224 294 192 224 0 256 cost 0.2028646013
96 128 160 192 0 728 cost 0.2026894622
96 128 256 386 0 728 cost 0.2010277889
96 128 128 160 0 728 cost 0.199279629
0 96 160 192 0 728 cost 0.1967628396
224 294 224 256 0 256 cost 0.1954914253
96 128 192 224 0 728 cost 0.1935305341
128 160 192 224 0 256 cost 0.1924334991
160 192 256 288 0 728 cost 0.1917744962
192 224 256 288 0 728 cost 0.1894974986
192 224 160 192 0 728 cost 0.1871341678
128 160 160 192 0 256 cost 0.1858619411
160 192 224 256 0 256 cost 0.1796163828
192 224 320 386 0 728 cost 0.1779517478
224 294 288 320 0 728 cost 0.1760244571
192 224 0 160 0 728 cost 0.175917592
160 192 160 192 0 256 cost 0.175757288
0 96 256 386 0 728 cost 0.1727328186
0 96 128 160 0 256 cost 0.1704157542
224 294 256 288 0 256 cost 0.1699095185
192 224 192 224 0 256 cost 0.1693422245
0 96 192 224 0 728 cost 0.1680890716
160 192 128 160 0 728 cost 0.1678574961
128 160 288 386 0 728 cost 0.1652548494
128 160 128 160 0 256 cost 0.1633759119
96 128 224 256 0 728 cost 0.1625991037
128 160 224 256 0 256 cost 0.1617331496
224 294 320 386 0 256 cost 0.1591740121
192 224 224 256 0 256 cost 0.1588655603
0 96 224 256 0 728 cost 0.1578335743
0 96 96 128 0 728 cost 0.156133324
128 160 256 288 0 728 cost 0.1557073186
192 224 288 320 0 728 cost 0.1480457367
224 294 160 192 0 256 cost 0.1467655811
96 128 96 128 0 728 cost 0.1459467692
160 192 320 386 0 728 cost 0.1446732488
128 160 96 128 0 728 cost 0.1394577309
160 192 0 128 0 728 cost 0.1361272018
160 192 288 320 0 728 cost 0.1360230649
0 96 0 96 0 728 cost 0.1316177421
224 294 0 160 0 728 cost 0.1223051279
96 128 0 96 0 728 cost 0.1204743108
128 160 0 96 0 728 cost 0.1006047133
224 294 192 224 256 728 cost 0.0861345168
224 294 224 256 256 728 cost 0.0798478672
160 192 192 224 256 728 cost 0.0753964823
192 224 192 224 256 728 cost 0.0680465208
224 294 160 192 256 728 cost 0.0666858889
160 192 224 256 256 728 cost 0.0654889612
160 192 160 192 256 728 cost 0.0643457345
128 160 192 224 256 728 cost 0.0632180367
192 224 224 256 256 728 cost 0.062513418
224 294 320 386 256 728 cost 0.0619891364
224 294 256 288 256 728 cost 0.0604790767
128 160 160 192 256 728 cost 0.0581475697
128 160 224 256 256 728 cost 0.0542297191
128 160 128 160 256 728 cost 0.0455304728
0 96 128 160 256 728 cost 0.0385556839
partitioning time: 155.206202 seconds
