hostname : cph-bm1.uncc.edu
bounding: [1053872.965;1068485.726]x[860186.8419;879395.9741]x[3;730]
read 11056 observations
res: 100 100 1 bw: 2500 2500 1
box size: 148 x 194 x 728
nbparts: 64
max states: 0
mem: 0 GB (this is an order of magnitude)
3608 states processed
solution: 0.0969837305 in 23 boxes.
naive: 0.5210794803 speedup:5.372854577
sumload:0.5420264043 overhead:1.040199096
0 148 0 194 32 64 cost 0.0969837305
0 148 0 194 64 96 cost 0.0791299628
0 148 0 194 96 128 cost 0.054062904
0 148 0 194 128 160 cost 0.0457983117
0 148 0 194 0 32 cost 0.0443438053
0 148 0 194 160 192 cost 0.0363603351
0 148 0 194 224 256 cost 0.0299338388
0 148 0 194 192 224 cost 0.0257636173
0 148 0 194 256 288 cost 0.0207768138
0 148 0 194 288 320 cost 0.0157260505
0 148 0 194 320 352 cost 0.0138180431
0 148 0 194 352 384 cost 0.0096939491
0 148 0 194 384 416 cost 0.0094203338
0 148 0 194 416 448 cost 0.0090442913
0 148 0 194 576 608 cost 0.0083064353
0 148 0 194 544 576 cost 0.0074538326
0 148 0 194 512 544 cost 0.0062262176
0 148 0 194 480 512 cost 0.0059096566
0 148 0 194 640 672 cost 0.0053787198
0 148 0 194 608 640 cost 0.0051804657
0 148 0 194 672 704 cost 0.00457798
0 148 0 194 448 480 cost 0.004500121
0 148 0 194 704 728 cost 0.0036369886
partitioning time: 0.472334 seconds
