hostname : cph-c34.uncc.edu
bounding: [1053872.965;1068485.726]x[860186.8419;879395.9741]x[3;730]
read 11056 observations
res: 100 100 1 bw: 2500 2500 1
box size: 148 x 194 x 728
nbparts: 64
max states: 5465088
mem: 0.4886169434 GB (this is an order of magnitude)
1627081 states processed
solution: 0.0242222433 in 31 boxes.
naive: 0.5210794803 speedup:21.51243689
sumload:0.5239605886 overhead:1.005529115
32 64 96 128 0 192 cost 0.0242222433
32 64 0 64 0 256 cost 0.0242034475
96 128 128 160 0 192 cost 0.024170607
96 128 96 128 128 512 cost 0.0239821375
64 96 128 160 0 192 cost 0.0239030013
0 64 128 194 0 728 cost 0.0236108873
64 148 0 64 0 256 cost 0.0233554317
128 148 96 160 0 728 cost 0.0233299925
64 96 96 128 128 320 cost 0.0223860722
96 148 64 96 0 192 cost 0.022353938
0 32 0 128 0 728 cost 0.0222402392
96 128 96 128 0 128 cost 0.022083346
32 64 64 96 64 256 cost 0.0217229384
64 96 64 96 64 192 cost 0.0214482068
96 148 160 194 0 384 cost 0.0212092091
64 96 64 96 192 728 cost 0.0185049274
96 148 64 96 192 728 cost 0.0163269394
64 128 128 160 192 384 cost 0.0163083828
64 96 96 128 0 64 cost 0.014523079
64 96 96 128 64 128 cost 0.0143610606
64 96 64 96 0 64 cost 0.0141832557
32 64 0 96 256 728 cost 0.0128189132
32 64 64 96 0 64 cost 0.0120504973
64 96 160 194 0 384 cost 0.0116691661
64 96 96 128 320 728 cost 0.0115641027
32 64 96 128 192 728 cost 0.0113610643
64 128 128 160 384 728 cost 0.0095334487
64 148 0 64 256 728 cost 0.0059332116
64 148 160 194 384 704 cost 0.0057011169
96 128 96 128 512 728 cost 0.0045236144
64 148 160 194 704 728 cost 0.0003761107
partitioning time: 340.593446 seconds
