hostname : cph-c22.uncc.edu
bounding: [1053872.965;1068485.726]x[860186.8419;879395.9741]x[3;730]
read 11056 observations
res: 50 50 1 bw: 100 100 1
box size: 294 x 386 x 728
nbparts: 32
max states: 49391872
mem: 4.415977478 GB (this is an order of magnitude)
8917685 states processed
solution: 0.0004975662 in 30 boxes.
naive: 0.0053159259 speedup:10.68385654
sumload:0.0053327003 overhead:1.003155499
96 160 224 288 0 728 cost 0.0004975662
160 224 224 288 0 448 cost 0.000496905
96 224 160 192 0 256 cost 0.0004900737
224 294 160 256 0 448 cost 0.000476163
96 224 192 224 0 256 cost 0.000465062
0 128 64 160 0 192 cost 0.000464867
192 294 288 386 0 384 cost 0.0004593651
128 224 64 160 0 256 cost 0.0003848379
96 224 160 224 256 728 cost 0.0003618231
0 96 160 224 0 384 cost 0.0002305152
96 192 288 386 0 320 cost 0.0002023923
0 224 64 160 256 728 cost 0.000197136
0 96 224 386 0 256 cost 0.0001178388
96 294 288 386 384 704 cost 0.0001100037
224 294 256 288 0 320 cost 0.0001046676
224 294 160 288 448 728 cost 5.58957e-05
160 224 224 288 448 728 cost 5.06136e-05
0 128 64 160 192 256 cost 4.67707e-05
0 294 0 64 0 728 cost 2.01048e-05
0 96 224 386 256 448 cost 1.8306e-05
224 294 256 288 320 448 cost 1.56543e-05
0 96 160 386 448 640 cost 1.25217e-05
96 192 288 386 320 384 cost 1.21632e-05
224 294 64 160 0 192 cost 1.03008e-05
224 294 64 160 192 728 cost 9.246e-06
0 96 160 386 640 728 cost 8.967e-06
160 294 288 386 704 728 cost 6.1914e-06
0 96 160 224 384 448 cost 4.716e-06
128 160 288 386 704 728 cost 2.0325e-06
96 128 288 386 704 728 cost 0
partitioning time: 1674.591440 seconds
