hostname : cph-c54.uncc.edu
bounding: [1053872.965;1068485.726]x[860186.8419;879395.9741]x[3;730]
read 11056 observations
res: 50 50 1 bw: 2500 2500 14
box size: 294 x 386 x 728
nbparts: 16
mem: 0.4819779396 GB (this is an order of magnitude)
22478 states processed
solution: 0.6062418072 in 16 boxes.
naive: 8.268027147 speedup:13.63816723
sumload:8.605644214 overhead:1.040834054
0 256 192 256 0 64 cost 0.6062418072
0 256 128 192 64 128 cost 0.5996154147
0 256 256 386 0 64 cost 0.5952818831
0 256 192 256 160 288 cost 0.5835310197
0 256 128 192 0 64 cost 0.5821689674
0 256 128 192 128 256 cost 0.554369643
256 294 0 386 0 728 cost 0.5538812322
0 256 192 256 288 728 cost 0.5375557166
0 256 256 386 128 256 cost 0.5309259152
0 256 0 128 96 728 cost 0.5305403975
0 256 256 386 256 728 cost 0.5212488294
0 256 256 386 64 128 cost 0.5150374978
0 256 128 192 256 728 cost 0.5148454714
0 256 0 128 0 96 cost 0.4963808813
0 256 192 256 96 160 cost 0.4848902579
0 256 192 256 64 96 cost 0.39912928
partitioning time: 21.599784 seconds
