hostname : cph-c48.uncc.edu
bounding: [1053872.965;1068485.726]x[860186.8419;879395.9741]x[3;730]
read 11056 observations
res: 50 50 1 bw: 2500 2500 1
box size: 294 x 386 x 728
nbparts: 16
max states: 2000
mem: 0.0001788139343 GB (this is an order of magnitude)
2955 states processed
solution: 0.367250985 in 16 boxes.
naive: 2.038316503 speedup:5.550200234
sumload:2.075248065 overhead:1.018118659
0 256 0 256 0 64 cost 0.367250985
0 256 0 256 64 128 cost 0.3596592532
0 256 0 256 128 192 cost 0.2165235865
0 256 0 256 192 256 cost 0.1446683782
0 256 256 386 0 64 cost 0.144391122
0 294 0 386 256 320 cost 0.1413008171
0 294 0 256 448 728 cost 0.1371938833
0 256 256 386 64 128 cost 0.121341718
0 294 0 256 320 448 cost 0.1120908376
0 294 256 386 320 728 cost 0.1025792409
0 256 256 386 128 192 cost 0.0776065853
0 256 256 386 192 256 cost 0.0515858625
256 294 0 386 64 128 cost 0.0318317513
256 294 0 386 0 64 cost 0.0317118483
256 294 0 386 128 192 cost 0.0196682632
256 294 0 386 192 256 cost 0.0158439322
partitioning time: 0.445953 seconds
