hostname : cph-c14.uncc.edu
bounding: [1053872.965;1068485.726]x[860186.8419;879395.9741]x[3;730]
read 11056 observations
res: 100 100 1 bw: 500 500 7
box size: 148 x 194 x 728
nbparts: 32
max states: 596224
mem: 0.05330657959 GB (this is an order of magnitude)
107113 states processed
solution: 0.0043783762 in 32 boxes.
naive: 0.0609225435 speedup:13.91441501
sumload:0.0658651338 overhead:1.081129086
64 128 64 128 32 64 cost 0.0043783762
64 128 64 128 64 96 cost 0.0036769424
0 64 64 194 192 728 cost 0.0035986451
0 148 0 64 96 728 cost 0.0033850984
0 148 0 64 0 96 cost 0.0032892791
0 64 64 194 96 192 cost 0.003235053
0 148 64 128 0 32 cost 0.0030741303
64 128 128 194 32 64 cost 0.0029380209
0 64 64 194 32 64 cost 0.0026016909
64 128 64 128 96 128 cost 0.002454413
0 64 64 194 64 96 cost 0.0024463754
64 128 64 128 160 192 cost 0.0022804848
64 128 64 128 128 160 cost 0.0022532487
64 148 64 194 320 384 cost 0.0021426021
64 148 64 128 384 544 cost 0.0021139827
64 148 64 194 256 288 cost 0.0020928103
64 148 64 128 544 728 cost 0.0019987442
64 128 128 194 64 96 cost 0.0019924602
64 148 64 128 224 256 cost 0.0019850462
64 148 128 194 384 728 cost 0.00195604
64 148 64 128 192 224 cost 0.0018176711
0 148 128 194 0 32 cost 0.001645387
64 148 64 194 288 320 cost 0.0014907136
64 148 128 194 192 256 cost 0.0013548996
64 128 128 194 96 128 cost 0.0013518788
64 128 128 194 128 160 cost 0.0011509068
64 128 128 194 160 192 cost 0.0009523215
128 148 64 194 32 64 cost 0.0005947955
128 148 64 194 64 96 cost 0.0005737239
128 148 64 194 96 128 cost 0.000460845
128 148 64 194 128 160 cost 0.0003847013
128 148 64 194 160 192 cost 0.0001938458
partitioning time: 16.834801 seconds
