hostname : cph-c70.uncc.edu
bounding: [1053872.965;1068485.726]x[860186.8419;879395.9741]x[3;730]
read 11056 observations
res: 100 100 1 bw: 250 250 1
box size: 148 x 194 x 728
nbparts: 2048
solution: 2.02999e-05 in 2052 boxes.
naive: 0.0102500115 speedup:504.9291622
sumload:0.0109532032 overhead:1.068603991
74 83 109 121 136 182 cost 2.02999e-05
111 120 169 181 0 45 cost 2.02609e-05
55 74 72 97 455 546 cost 2.01681e-05
83 92 72 84 91 136 cost 2.01288e-05
129 138 109 121 45 91 cost 2.01012e-05
18 37 97 121 0 91 cost 1.99113e-05
101 111 84 97 182 227 cost 1.98896e-05
46 55 48 60 136 182 cost 1.98853e-05
55 64 97 109 45 91 cost 1.96697e-05
0 37 48 97 182 364 cost 1.96557e-05
92 101 72 84 91 136 cost 1.96536e-05
37 55 121 145 182 273 cost 1.95732e-05
101 111 84 97 227 273 cost 1.95727e-05
64 74 109 121 182 227 cost 1.94304e-05
74 92 72 97 455 546 cost 1.92953e-05
55 64 84 97 0 45 cost 1.92682e-05
37 46 36 48 45 91 cost 1.9259e-05
64 74 109 121 0 45 cost 1.91547e-05
92 101 72 84 136 182 cost 1.90195e-05
37 55 48 72 546 637 cost 1.89964e-05
83 92 84 97 0 45 cost 1.89474e-05
55 64 60 72 0 45 cost 1.89349e-05
74 83 84 97 0 45 cost 1.89143e-05
111 129 145 169 364 455 cost 1.88491e-05
37 55 48 72 364 455 cost 1.86984e-05
74 83 48 60 45 91 cost 1.84527e-05
46 55 97 109 0 45 cost 1.83816e-05
83 92 121 133 91 136 cost 1.82451e-05
74 92 48 72 273 364 cost 1.82427e-05
74 83 97 109 227 273 cost 1.82365e-05
64 74 97 109 91 136 cost 1.82241e-05
74 92 97 121 637 728 cost 1.81683e-05
129 138 97 109 45 91 cost 1.80948e-05
120 129 109 121 45 91 cost 1.80029e-05
111 120 121 133 91 136 cost 1.78669e-05
55 64 84 97 91 136 cost 1.7814e-05
74 83 109 121 0 45 cost 1.77485e-05
55 74 121 145 546 637 cost 1.76955e-05
37 46 48 60 0 45 cost 1.76286e-05
138 148 84 97 45 91 cost 1.74785e-05
83 92 97 109 0 45 cost 1.74617e-05
92 111 121 145 546 637 cost 1.74372e-05
101 111 109 121 91 136 cost 1.74167e-05
92 101 109 121 182 227 cost 1.73977e-05
55 64 109 121 0 45 cost 1.73964e-05
64 74 84 97 227 273 cost 1.73952e-05
111 120 133 145 0 45 cost 1.73713e-05
92 101 121 133 91 136 cost 1.72935e-05
111 120 133 145 45 91 cost 1.72667e-05
111 129 97 121 546 637 cost 1.72293e-05
37 46 84 97 0 45 cost 1.72035e-05
101 111 97 109 227 273 cost 1.71803e-05
101 111 145 157 0 45 cost 1.71133e-05
37 55 48 72 455 546 cost 1.71059e-05
101 111 109 121 182 227 cost 1.69854e-05
46 55 84 97 45 91 cost 1.69619e-05
64 74 121 133 227 273 cost 1.68891e-05
37 46 72 84 91 136 cost 1.6807e-05
111 129 72 97 273 364 cost 1.68029e-05
92 101 145 157 0 45 cost 1.67323e-05
74 83 109 121 91 136 cost 1.67272e-05
55 74 48 72 273 364 cost 1.66962e-05
55 64 121 133 227 273 cost 1.66677e-05
101 111 97 109 136 182 cost 1.66475e-05
74 83 133 145 45 91 cost 1.66411e-05
92 101 97 109 91 136 cost 1.65266e-05
101 111 97 109 45 91 cost 1.64696e-05
111 120 121 133 136 182 cost 1.64426e-05
55 74 121 145 455 546 cost 1.6404e-05
83 92 84 97 91 136 cost 1.64019e-05
92 101 157 169 45 91 cost 1.63779e-05
83 92 157 169 45 91 cost 1.6362e-05
83 92 133 145 45 91 cost 1.63426e-05
55 64 109 121 136 182 cost 1.62977e-05
111 120 145 157 0 45 cost 1.62766e-05
111 120 169 181 91 136 cost 1.62328e-05
101 111 84 97 0 45 cost 1.61437e-05
64 74 72 84 227 273 cost 1.61197e-05
92 111 121 145 364 455 cost 1.61145e-05
120 129 157 169 45 91 cost 1.60206e-05
92 111 145 169 637 728 cost 1.59456e-05
55 74 97 121 637 728 cost 1.59108e-05
55 64 72 84 91 136 cost 1.58571e-05
120 129 133 145 136 182 cost 1.58114e-05
83 92 121 133 0 45 cost 1.58058e-05
138 148 109 121 136 182 cost 1.57496e-05
138 148 97 109 91 136 cost 1.57063e-05
83 92 145 157 0 45 cost 1.56975e-05
27 37 84 97 91 136 cost 1.56729e-05
74 83 60 72 45 91 cost 1.54938e-05
83 92 97 109 227 273 cost 1.54343e-05
111 120 181 194 45 91 cost 1.51961e-05
101 111 109 121 227 273 cost 1.51949e-05
111 129 145 169 546 637 cost 1.51818e-05
92 111 48 72 0 91 cost 1.51623e-05
55 64 84 97 136 182 cost 1.51109e-05
120 129 145 157 0 45 cost 1.50129e-05
74 83 84 97 136 182 cost 1.49673e-05
27 37 133 145 0 45 cost 1.49229e-05
64 74 121 133 182 227 cost 1.49158e-05
74 83 48 60 136 182 cost 1.49034e-05
46 55 72 84 0 45 cost 1.49031e-05
83 92 72 84 227 273 cost 1.47747e-05
46 50 42 48 22 45 cost 1.47657e-05
55 64 72 84 0 45 cost 1.47529e-05
64 74 109 121 227 273 cost 1.46886e-05
55 74 97 121 546 637 cost 1.46439e-05
92 111 72 97 637 728 cost 1.45176e-05
64 74 133 145 91 136 cost 1.4517e-05
92 101 72 84 227 273 cost 1.44781e-05
92 111 121 145 637 728 cost 1.43917e-05
74 92 145 169 273 364 cost 1.43832e-05
92 101 97 109 227 273 cost 1.43749e-05
129 138 84 97 91 136 cost 1.43478e-05
27 37 133 145 91 136 cost 1.43042e-05
74 83 72 84 182 227 cost 1.43009e-05
55 64 121 133 182 227 cost 1.41891e-05
111 120 109 121 91 136 cost 1.41592e-05
46 55 84 97 91 136 cost 1.4108e-05
37 46 36 48 0 45 cost 1.41046e-05
55 74 169 194 0 91 cost 1.41027e-05
92 101 84 97 182 227 cost 1.40928e-05
111 120 109 121 0 45 cost 1.40657e-05
74 83 97 109 182 227 cost 1.39739e-05
55 64 36 48 45 91 cost 1.396e-05
101 111 72 84 91 136 cost 1.3941e-05
138 148 109 121 91 136 cost 1.39355e-05
55 64 109 121 91 136 cost 1.38777e-05
37 46 84 97 136 182 cost 1.38324e-05
111 120 133 145 136 182 cost 1.38006e-05
120 129 145 157 91 136 cost 1.37552e-05
120 129 109 121 91 136 cost 1.37486e-05
111 129 169 194 273 364 cost 1.37445e-05
111 120 145 157 91 136 cost 1.37097e-05
92 101 84 97 136 182 cost 1.36882e-05
74 92 169 194 91 182 cost 1.36557e-05
41 46 60 66 22 45 cost 1.36449e-05
46 55 84 97 0 45 cost 1.36374e-05
83 92 109 121 91 136 cost 1.36049e-05
101 111 97 109 0 45 cost 1.35449e-05
74 83 72 84 91 136 cost 1.35381e-05
129 138 109 121 136 182 cost 1.34755e-05
18 37 97 121 91 182 cost 1.34082e-05
92 111 145 169 364 455 cost 1.33725e-05
129 138 97 109 91 136 cost 1.33598e-05
55 64 60 72 91 136 cost 1.334e-05
74 83 60 72 91 136 cost 1.32613e-05
120 129 97 109 0 45 cost 1.32561e-05
74 83 36 48 45 91 cost 1.32528e-05
18 37 121 145 273 364 cost 1.32374e-05
92 101 145 157 91 136 cost 1.32322e-05
92 101 109 121 227 273 cost 1.32292e-05
64 74 60 72 0 45 cost 1.32005e-05
55 74 145 169 91 182 cost 1.30999e-05
74 92 24 48 91 182 cost 1.30455e-05
46 55 97 109 91 136 cost 1.30367e-05
83 92 157 169 0 45 cost 1.30187e-05
41 46 60 66 45 68 cost 1.29955e-05
74 92 121 145 364 455 cost 1.29207e-05
101 111 84 97 273 318 cost 1.29005e-05
64 74 133 145 0 45 cost 1.28996e-05
120 129 145 157 227 273 cost 1.28832e-05
74 92 97 121 455 546 cost 1.27836e-05
92 101 121 133 136 182 cost 1.27834e-05
92 101 84 97 227 273 cost 1.26918e-05
129 138 109 121 91 136 cost 1.26806e-05
74 92 121 145 546 637 cost 1.26438e-05
111 129 97 121 455 546 cost 1.26416e-05
83 92 157 169 91 136 cost 1.26112e-05
111 120 157 169 0 45 cost 1.25907e-05
74 83 72 84 136 182 cost 1.25851e-05
27 37 121 133 45 91 cost 1.25416e-05
74 83 121 133 182 227 cost 1.2539e-05
101 111 157 169 182 227 cost 1.2512e-05
55 74 72 97 637 728 cost 1.24995e-05
37 55 97 121 273 364 cost 1.24769e-05
101 111 157 169 91 136 cost 1.24618e-05
74 83 48 60 0 45 cost 1.24604e-05
64 74 133 145 227 273 cost 1.24441e-05
37 55 72 97 546 637 cost 1.24293e-05
64 74 109 121 91 136 cost 1.24029e-05
92 101 121 133 227 273 cost 1.23826e-05
120 129 109 121 136 182 cost 1.23756e-05
101 111 97 109 91 136 cost 1.23591e-05
83 92 84 97 182 227 cost 1.22336e-05
74 83 121 133 0 45 cost 1.21569e-05
101 111 181 194 45 91 cost 1.20883e-05
37 55 72 97 364 455 cost 1.2081e-05
111 129 145 169 455 546 cost 1.20692e-05
111 120 145 157 227 273 cost 1.20165e-05
46 55 48 60 182 227 cost 1.19282e-05
64 74 84 97 273 318 cost 1.19246e-05
55 64 97 109 0 45 cost 1.19068e-05
74 83 97 109 318 364 cost 1.18638e-05
74 92 145 169 364 455 cost 1.18581e-05
111 120 121 133 182 227 cost 1.18517e-05
111 120 157 169 45 91 cost 1.18494e-05
83 92 97 109 273 318 cost 1.18447e-05
92 111 169 194 546 637 cost 1.184e-05
0 37 48 97 546 728 cost 1.18287e-05
74 83 121 133 91 136 cost 1.17813e-05
46 50 66 72 22 45 cost 1.17761e-05
74 83 157 169 45 91 cost 1.17506e-05
55 64 84 97 227 273 cost 1.17281e-05
55 64 72 84 136 182 cost 1.16836e-05
83 92 109 121 182 227 cost 1.16619e-05
92 101 97 109 500 546 cost 1.16427e-05
101 111 97 109 182 227 cost 1.15815e-05
37 46 48 60 136 182 cost 1.15808e-05
74 92 72 97 637 728 cost 1.15764e-05
92 101 72 84 182 227 cost 1.15698e-05
101 111 121 133 182 227 cost 1.15069e-05
120 129 97 109 91 136 cost 1.14758e-05
46 55 36 48 91 136 cost 1.14419e-05
92 101 109 121 273 318 cost 1.13764e-05
74 83 109 121 227 273 cost 1.13653e-05
55 64 48 60 91 136 cost 1.13618e-05
83 92 48 60 45 91 cost 1.13423e-05
92 101 145 157 136 182 cost 1.1341e-05
92 101 133 145 45 91 cost 1.1306e-05
83 92 60 72 45 91 cost 1.1297e-05
0 18 121 145 0 91 cost 1.12804e-05
92 101 97 109 182 227 cost 1.12602e-05
120 129 133 145 91 136 cost 1.12377e-05
111 120 97 109 136 182 cost 1.12333e-05
92 111 145 169 455 546 cost 1.11726e-05
101 111 157 169 227 273 cost 1.11659e-05
41 46 97 103 68 91 cost 1.11624e-05
55 74 0 24 0 91 cost 1.11594e-05
120 129 133 145 0 45 cost 1.11444e-05
74 83 121 133 227 273 cost 1.11001e-05
129 138 72 84 45 91 cost 1.10945e-05
64 74 72 84 136 182 cost 1.10869e-05
46 50 60 66 45 68 cost 1.10427e-05
37 55 24 48 182 273 cost 1.09947e-05
74 83 84 97 182 227 cost 1.09806e-05
46 55 109 121 45 91 cost 1.09746e-05
37 55 97 121 364 455 cost 1.09653e-05
92 111 121 145 455 546 cost 1.09631e-05
37 46 97 109 136 182 cost 1.09267e-05
37 74 0 48 546 728 cost 1.09116e-05
101 111 169 181 91 136 cost 1.08659e-05
101 111 72 84 45 91 cost 1.08339e-05
46 55 60 72 227 273 cost 1.08326e-05
92 101 169 181 45 91 cost 1.07909e-05
101 111 72 84 0 45 cost 1.07505e-05
92 101 84 97 273 318 cost 1.07128e-05
64 69 90 97 45 68 cost 1.067e-05
92 111 169 194 364 455 cost 1.06518e-05
92 111 145 169 546 637 cost 1.05825e-05
37 46 36 48 91 136 cost 1.05636e-05
83 92 109 121 0 45 cost 1.05365e-05
74 83 72 84 227 273 cost 1.05174e-05
41 46 48 54 45 68 cost 1.04701e-05
74 92 121 145 455 546 cost 1.04541e-05
111 120 97 109 45 91 cost 1.04395e-05
111 129 121 145 546 637 cost 1.04391e-05
83 92 109 121 227 273 cost 1.04333e-05
101 111 145 157 136 182 cost 1.04151e-05
55 74 169 194 91 182 cost 1.04019e-05
111 129 145 169 637 728 cost 1.03941e-05
27 37 84 97 0 45 cost 1.03725e-05
37 41 97 103 68 91 cost 1.02909e-05
111 120 181 194 0 45 cost 1.02573e-05
138 148 109 121 45 91 cost 1.02378e-05
55 74 97 121 455 546 cost 1.02345e-05
64 74 72 84 273 318 cost 1.02343e-05
96 101 90 97 45 68 cost 1.02332e-05
46 50 60 66 22 45 cost 1.0228e-05
92 111 169 194 455 546 cost 1.0224e-05
46 50 48 54 22 45 cost 1.01622e-05
129 138 109 121 0 45 cost 1.0155e-05
83 92 133 145 136 182 cost 1.01518e-05
129 138 109 121 227 273 cost 1.01385e-05
37 46 72 84 0 45 cost 1.01358e-05
101 111 72 84 136 182 cost 1.01334e-05
41 46 60 66 113 136 cost 1.01213e-05
50 55 60 66 45 68 cost 1.01207e-05
83 92 145 157 91 136 cost 1.01058e-05
129 138 84 97 227 273 cost 1.00898e-05
120 129 145 157 136 182 cost 1.00595e-05
50 55 60 66 68 91 cost 1.00463e-05
55 74 145 169 182 273 cost 1.00191e-05
106 111 127 133 22 45 cost 1.0016e-05
111 120 84 97 91 136 cost 1.00151e-05
101 111 97 109 409 455 cost 1.00005e-05
129 148 97 121 455 546 cost 9.9996e-06
64 74 60 72 91 136 cost 9.9954e-06
46 55 121 133 45 91 cost 9.9453e-06
37 55 48 72 637 728 cost 9.945e-06
64 69 54 60 45 68 cost 9.8942e-06
92 111 169 194 637 728 cost 9.8854e-06
64 69 84 90 45 68 cost 9.8755e-06
83 92 97 109 364 409 cost 9.7881e-06
37 55 97 121 546 637 cost 9.7617e-06
46 50 42 48 45 68 cost 9.7411e-06
74 92 48 72 455 546 cost 9.7059e-06
138 148 84 97 91 136 cost 9.7038e-06
74 83 169 181 45 91 cost 9.7006e-06
129 148 97 121 546 637 cost 9.6954e-06
32 37 90 97 68 91 cost 9.6823e-06
55 64 97 109 91 136 cost 9.6564e-06
46 50 48 54 45 68 cost 9.6419e-06
41 46 97 103 45 68 cost 9.6334e-06
74 92 48 72 546 637 cost 9.6288e-06
74 92 48 72 364 455 cost 9.6207e-06
101 111 145 157 227 273 cost 9.6203e-06
129 138 84 97 136 182 cost 9.6117e-06
101 111 169 181 136 182 cost 9.5967e-06
55 64 24 36 45 91 cost 9.5844e-06
111 120 84 97 182 227 cost 9.563e-06
129 138 97 109 136 182 cost 9.5313e-06
101 111 145 157 91 136 cost 9.4981e-06
120 129 97 109 227 273 cost 9.4824e-06
69 74 72 78 68 91 cost 9.4554e-06
64 69 84 90 68 91 cost 9.419e-06
129 138 97 109 0 45 cost 9.4084e-06
111 120 181 194 91 136 cost 9.4015e-06
41 46 48 54 68 91 cost 9.3974e-06
111 120 157 169 91 136 cost 9.3943e-06
74 83 145 157 45 91 cost 9.3801e-06
74 83 97 109 273 318 cost 9.3705e-06
41 46 66 72 22 45 cost 9.3514e-06
92 101 133 145 0 45 cost 9.3329e-06
101 111 121 133 273 318 cost 9.303e-06
64 74 145 157 45 91 cost 9.2856e-06
111 120 109 121 136 182 cost 9.2427e-06
55 74 48 72 364 455 cost 9.2064e-06
111 129 97 121 637 728 cost 9.1983e-06
37 46 48 60 182 227 cost 9.1535e-06
111 120 97 109 227 273 cost 9.1435e-06
74 83 84 97 227 273 cost 9.1198e-06
111 120 109 121 182 227 cost 9.1185e-06
64 74 48 60 91 136 cost 9.1072e-06
120 129 121 133 0 45 cost 9.0929e-06
37 41 90 97 68 91 cost 9.0694e-06
46 55 72 84 227 273 cost 9.054e-06
101 111 169 181 227 273 cost 9.0503e-06
41 46 60 66 91 113 cost 9.0465e-06
55 74 121 145 637 728 cost 9.0049e-06
74 92 121 145 637 728 cost 9.0042e-06
111 129 72 97 364 455 cost 8.9923e-06
37 46 84 97 182 227 cost 8.988e-06
46 50 66 72 68 91 cost 8.987e-06
55 64 133 145 0 45 cost 8.9692e-06
27 37 133 145 182 227 cost 8.9672e-06
101 111 133 145 45 91 cost 8.9623e-06
106 111 127 133 45 68 cost 8.9362e-06
83 92 133 145 91 136 cost 8.9299e-06
64 74 97 109 182 227 cost 8.9154e-06
37 46 60 72 227 273 cost 8.9132e-06
83 92 48 60 91 136 cost 8.9121e-06
46 50 66 72 45 68 cost 8.9106e-06
106 111 175 181 22 45 cost 8.9061e-06
111 120 145 157 136 182 cost 8.8955e-06
59 64 127 133 113 136 cost 8.8921e-06
74 83 157 169 91 136 cost 8.8097e-06
55 64 48 60 136 182 cost 8.8005e-06
129 138 97 109 227 273 cost 8.7985e-06
37 55 121 145 364 455 cost 8.7918e-06
37 46 84 97 273 318 cost 8.7889e-06
37 74 0 48 364 546 cost 8.7882e-06
101 111 97 109 546 591 cost 8.7732e-06
46 55 48 60 227 273 cost 8.766e-06
55 64 133 145 45 91 cost 8.7407e-06
46 50 60 66 68 91 cost 8.717e-06
92 101 121 133 318 364 cost 8.688e-06
41 46 97 103 91 113 cost 8.6847e-06
74 83 157 169 0 45 cost 8.6429e-06
46 55 60 72 182 227 cost 8.6418e-06
101 106 127 133 22 45 cost 8.6404e-06
92 96 109 115 68 91 cost 8.6272e-06
74 83 60 72 136 182 cost 8.6172e-06
64 74 84 97 182 227 cost 8.6046e-06
111 120 97 109 91 136 cost 8.5871e-06
101 111 157 169 136 182 cost 8.5819e-06
129 138 72 84 227 273 cost 8.575e-06
18 27 133 145 45 91 cost 8.5338e-06
83 92 133 145 0 45 cost 8.5116e-06
37 46 133 145 45 91 cost 8.4939e-06
64 74 36 48 0 45 cost 8.4905e-06
41 46 66 72 45 68 cost 8.4899e-06
111 129 169 194 455 546 cost 8.4873e-06
74 83 60 72 0 45 cost 8.4821e-06
74 83 145 157 0 45 cost 8.4769e-06
87 92 72 78 45 68 cost 8.4625e-06
46 55 109 121 0 45 cost 8.4513e-06
55 64 97 109 136 182 cost 8.4331e-06
120 129 121 133 45 91 cost 8.4265e-06
111 120 121 133 227 273 cost 8.4221e-06
111 129 169 194 637 728 cost 8.3742e-06
111 120 157 169 136 182 cost 8.3708e-06
101 111 181 194 0 45 cost 8.3583e-06
55 64 121 133 273 318 cost 8.3541e-06
92 101 157 169 91 136 cost 8.3529e-06
46 55 72 84 136 182 cost 8.3295e-06
83 87 72 78 45 68 cost 8.3109e-06
37 46 97 109 182 227 cost 8.2896e-06
41 46 60 66 68 91 cost 8.2874e-06
18 27 133 145 0 45 cost 8.285e-06
37 41 90 97 45 68 cost 8.2435e-06
74 83 36 48 0 45 cost 8.2423e-06
87 92 84 90 45 68 cost 8.238e-06
111 120 84 97 136 182 cost 8.2151e-06
59 64 121 127 136 159 cost 8.2136e-06
50 55 60 66 22 45 cost 8.2129e-06
111 129 169 194 546 637 cost 8.2089e-06
64 74 97 109 227 273 cost 8.2075e-06
74 83 109 121 182 227 cost 8.2003e-06
74 83 109 121 273 318 cost 8.1971e-06
37 46 36 48 136 182 cost 8.1828e-06
59 64 127 133 22 45 cost 8.1736e-06
74 92 145 169 546 637 cost 8.1675e-06
138 148 84 97 227 273 cost 8.1675e-06
37 46 121 133 45 91 cost 8.166e-06
46 50 48 54 68 91 cost 8.1241e-06
92 111 169 194 273 364 cost 8.0982e-06
92 96 90 97 45 68 cost 8.0707e-06
83 92 157 169 136 182 cost 8.065e-06
111 129 169 194 364 455 cost 8.0484e-06
138 148 109 121 0 45 cost 8.0471e-06
111 120 121 133 273 318 cost 8.0346e-06
129 138 84 97 0 45 cost 7.9934e-06
138 148 97 109 136 182 cost 7.9893e-06
101 106 157 163 45 68 cost 7.9793e-06
92 101 97 109 273 318 cost 7.9787e-06
78 83 97 103 68 91 cost 7.9377e-06
120 129 84 97 45 91 cost 7.9363e-06
83 92 60 72 0 45 cost 7.9344e-06
59 64 78 84 45 68 cost 7.9217e-06
64 69 72 78 68 91 cost 7.8743e-06
101 106 84 90 113 136 cost 7.8736e-06
37 41 90 97 91 113 cost 7.8707e-06
83 92 121 133 227 273 cost 7.8586e-06
55 64 109 121 182 227 cost 7.8424e-06
138 148 97 109 0 45 cost 7.8335e-06
83 92 72 84 273 318 cost 7.8252e-06
83 92 145 157 136 182 cost 7.8103e-06
55 64 84 97 182 227 cost 7.8065e-06
129 148 72 97 364 455 cost 7.801e-06
101 111 97 109 591 637 cost 7.7979e-06
64 69 127 133 45 68 cost 7.7932e-06
92 101 157 169 0 45 cost 7.7925e-06
92 101 109 121 318 364 cost 7.7898e-06
101 111 109 121 318 364 cost 7.7793e-06
59 64 121 127 22 45 cost 7.7655e-06
78 83 103 109 68 91 cost 7.7655e-06
138 148 84 97 0 45 cost 7.7386e-06
50 55 66 72 68 91 cost 7.735e-06
111 129 121 145 455 546 cost 7.734e-06
50 55 48 54 22 45 cost 7.7253e-06
83 92 133 145 227 273 cost 7.7123e-06
37 74 145 194 546 728 cost 7.7025e-06
87 92 103 109 159 182 cost 7.6869e-06
101 106 109 115 45 68 cost 7.6758e-06
46 50 48 54 91 113 cost 7.6664e-06
129 138 72 84 91 136 cost 7.6492e-06
92 101 97 109 318 364 cost 7.644e-06
55 59 121 127 22 45 cost 7.6413e-06
106 111 157 163 22 45 cost 7.6255e-06
96 101 115 121 68 91 cost 7.624e-06
96 101 115 121 45 68 cost 7.6128e-06
64 74 133 145 136 182 cost 7.6106e-06
55 74 24 48 182 273 cost 7.6068e-06
46 55 36 48 136 182 cost 7.6011e-06
37 41 97 103 91 113 cost 7.5852e-06
59 64 127 133 45 68 cost 7.5756e-06
120 129 157 169 91 136 cost 7.5737e-06
41 46 90 97 45 68 cost 7.5365e-06
59 64 84 90 68 91 cost 7.5362e-06
120 129 109 121 0 45 cost 7.5298e-06
0 18 121 145 91 182 cost 7.5266e-06
46 55 121 133 0 45 cost 7.5237e-06
106 111 157 163 45 68 cost 7.5119e-06
27 37 84 97 136 182 cost 7.503e-06
78 83 72 78 45 68 cost 7.5028e-06
55 64 72 84 227 273 cost 7.4889e-06
92 96 115 121 68 91 cost 7.4861e-06
87 92 72 78 22 45 cost 7.4768e-06
37 55 121 145 273 364 cost 7.4757e-06
64 69 54 60 22 45 cost 7.4727e-06
74 83 169 181 0 45 cost 7.4598e-06
74 111 0 48 182 364 cost 7.4526e-06
101 111 145 157 182 227 cost 7.4418e-06
111 120 97 109 182 227 cost 7.4418e-06
129 148 72 97 637 728 cost 7.4316e-06
101 111 97 109 500 546 cost 7.4313e-06
37 46 60 72 182 227 cost 7.4272e-06
83 87 84 90 45 68 cost 7.422e-06
69 74 90 97 45 68 cost 7.4178e-06
64 69 127 133 22 45 cost 7.4083e-06
87 92 103 109 45 68 cost 7.3948e-06
41 46 48 54 91 113 cost 7.3352e-06
78 83 90 97 45 68 cost 7.3338e-06
111 120 133 145 91 136 cost 7.3271e-06
64 69 90 97 68 91 cost 7.3214e-06
106 111 169 175 22 45 cost 7.312e-06
37 55 72 97 637 728 cost 7.296e-06
83 92 145 157 227 273 cost 7.2883e-06
111 129 121 145 637 728 cost 7.2801e-06
74 83 133 145 136 182 cost 7.2636e-06
64 74 121 133 318 364 cost 7.2453e-06
64 69 72 78 45 68 cost 7.2373e-06
55 64 121 133 318 364 cost 7.2135e-06
46 55 97 109 136 182 cost 7.1764e-06
106 111 163 169 22 45 cost 7.1682e-06
83 92 109 121 318 364 cost 7.1682e-06
64 69 90 97 22 45 cost 7.144e-06
101 111 121 133 318 364 cost 7.1337e-06
27 37 121 133 0 45 cost 7.1312e-06
101 111 97 109 273 318 cost 7.1273e-06
74 92 169 194 273 364 cost 7.1165e-06
120 129 133 145 227 273 cost 7.1112e-06
111 120 84 97 227 273 cost 7.1095e-06
46 50 48 54 113 136 cost 7.0969e-06
74 83 133 145 91 136 cost 7.0967e-06
101 111 97 109 318 364 cost 7.0889e-06
64 74 84 97 546 591 cost 7.0774e-06
69 74 84 90 68 91 cost 7.0704e-06
55 74 48 72 455 546 cost 7.0674e-06
120 129 121 133 91 136 cost 7.0649e-06
92 101 97 109 364 409 cost 7.062e-06
41 46 78 84 68 91 cost 7.0361e-06
138 148 109 121 273 318 cost 7.0116e-06
59 64 84 90 45 68 cost 7.0059e-06
55 64 60 72 136 182 cost 6.9972e-06
59 64 127 133 68 91 cost 6.9911e-06
101 111 97 109 364 409 cost 6.9744e-06
59 64 121 127 45 68 cost 6.9708e-06
101 111 169 181 182 227 cost 6.9664e-06
64 69 72 78 22 45 cost 6.9596e-06
101 106 127 133 45 68 cost 6.9487e-06
59 64 66 72 68 91 cost 6.9426e-06
120 129 157 169 0 45 cost 6.9306e-06
74 83 72 84 273 318 cost 6.9225e-06
120 129 133 145 182 227 cost 6.917e-06
111 120 169 181 182 227 cost 6.9157e-06
83 92 169 181 0 45 cost 6.9138e-06
69 74 72 78 45 68 cost 6.9116e-06
92 101 84 97 546 591 cost 6.9076e-06
83 92 72 84 591 637 cost 6.9e-06
111 120 169 181 136 182 cost 6.8986e-06
64 69 84 90 113 136 cost 6.8941e-06
120 129 109 121 227 273 cost 6.8841e-06
74 92 169 194 182 273 cost 6.8772e-06
74 83 133 145 0 45 cost 6.8472e-06
96 101 72 78 45 68 cost 6.8382e-06
120 129 97 109 182 227 cost 6.8175e-06
37 46 133 145 91 136 cost 6.8152e-06
41 46 48 54 113 136 cost 6.8149e-06
59 64 78 84 68 91 cost 6.8109e-06
69 74 90 97 68 91 cost 6.7997e-06
83 92 109 121 273 318 cost 6.7908e-06
83 92 72 84 318 364 cost 6.7781e-06
46 55 48 60 273 318 cost 6.7725e-06
46 50 60 66 91 113 cost 6.7669e-06
55 64 133 145 91 136 cost 6.7668e-06
101 111 121 133 227 273 cost 6.7511e-06
101 106 84 90 45 68 cost 6.7411e-06
55 64 72 84 182 227 cost 6.7405e-06
96 101 115 121 91 113 cost 6.7228e-06
92 101 97 109 591 637 cost 6.7054e-06
96 101 97 103 68 91 cost 6.703e-06
41 46 90 97 68 91 cost 6.7026e-06
32 37 90 97 45 68 cost 6.6986e-06
133 138 84 90 45 68 cost 6.6968e-06
92 101 97 109 409 455 cost 6.6954e-06
101 106 121 127 45 68 cost 6.6894e-06
55 64 36 48 0 45 cost 6.689e-06
74 78 103 109 68 91 cost 6.6828e-06
96 101 72 78 22 45 cost 6.675e-06
92 101 145 157 182 227 cost 6.6699e-06
46 50 97 103 45 68 cost 6.6651e-06
83 92 97 109 318 364 cost 6.662e-06
37 46 48 60 227 273 cost 6.6583e-06
101 106 157 163 22 45 cost 6.6508e-06
96 101 97 103 45 68 cost 6.6449e-06
83 87 78 84 45 68 cost 6.5957e-06
37 55 72 97 455 546 cost 6.5892e-06
83 87 72 78 22 45 cost 6.5846e-06
138 148 97 109 273 318 cost 6.5679e-06
37 74 145 194 364 546 cost 6.567e-06
111 120 169 181 227 273 cost 6.5539e-06
101 111 157 169 273 318 cost 6.5444e-06
101 106 109 115 22 45 cost 6.5432e-06
74 83 145 157 136 182 cost 6.5355e-06
32 37 133 139 45 68 cost 6.5296e-06
64 69 78 84 68 91 cost 6.5255e-06
106 111 109 115 45 68 cost 6.5188e-06
83 92 133 145 182 227 cost 6.512e-06
96 101 109 115 45 68 cost 6.5111e-06
96 101 115 121 159 182 cost 6.4988e-06
87 92 78 84 45 68 cost 6.4941e-06
27 37 121 133 91 136 cost 6.4934e-06
46 50 78 84 68 91 cost 6.489e-06
111 120 84 97 0 45 cost 6.4882e-06
46 55 60 72 318 364 cost 6.4835e-06
92 96 109 115 159 182 cost 6.4813e-06
101 111 133 145 0 45 cost 6.4716e-06
101 106 121 127 22 45 cost 6.4666e-06
64 69 127 133 113 136 cost 6.4637e-06
120 129 97 109 136 182 cost 6.4549e-06
92 101 169 181 136 182 cost 6.4486e-06
37 46 72 84 136 182 cost 6.4482e-06
87 92 109 115 159 182 cost 6.4472e-06
87 92 78 84 159 182 cost 6.4384e-06
50 55 48 54 91 113 cost 6.4317e-06
46 55 109 121 91 136 cost 6.4207e-06
41 46 78 84 45 68 cost 6.4105e-06
27 32 133 139 45 68 cost 6.3934e-06
55 64 133 145 227 273 cost 6.3738e-06
0 37 97 145 364 546 cost 6.3687e-06
59 64 54 60 45 68 cost 6.3662e-06
41 46 66 72 113 136 cost 6.3653e-06
106 111 127 133 68 91 cost 6.3532e-06
69 74 84 90 22 45 cost 6.3479e-06
92 96 115 121 45 68 cost 6.3322e-06
96 101 109 115 68 91 cost 6.325e-06
92 101 121 133 273 318 cost 6.3218e-06
96 101 84 90 45 68 cost 6.3188e-06
41 46 97 103 22 45 cost 6.3061e-06
64 74 157 169 45 91 cost 6.2932e-06
101 106 127 133 68 91 cost 6.2692e-06
74 83 84 97 273 318 cost 6.2579e-06
78 83 78 84 45 68 cost 6.2493e-06
27 37 133 145 136 182 cost 6.2491e-06
101 106 157 163 68 91 cost 6.2419e-06
83 92 84 97 227 273 cost 6.241e-06
55 64 133 145 273 318 cost 6.2409e-06
55 74 0 24 273 364 cost 6.2307e-06
92 101 84 97 318 364 cost 6.2277e-06
101 111 84 97 318 364 cost 6.2055e-06
87 92 151 157 45 68 cost 6.2038e-06
64 69 78 84 45 68 cost 6.1951e-06
32 37 133 139 68 91 cost 6.185e-06
92 96 103 109 159 182 cost 6.183e-06
83 92 121 133 273 318 cost 6.1824e-06
111 120 97 109 273 318 cost 6.1775e-06
46 55 72 84 182 227 cost 6.1677e-06
83 92 169 181 45 91 cost 6.165e-06
111 120 84 97 45 91 cost 6.1535e-06
129 148 72 97 546 637 cost 6.1482e-06
50 55 54 60 22 45 cost 6.1471e-06
96 101 90 97 22 45 cost 6.144e-06
64 74 133 145 182 227 cost 6.141e-06
101 106 115 121 45 68 cost 6.1409e-06
92 101 133 145 136 182 cost 6.1263e-06
87 92 103 109 182 204 cost 6.1053e-06
55 74 145 169 273 364 cost 6.0939e-06
87 92 90 97 45 68 cost 6.0937e-06
111 120 121 133 318 364 cost 6.0897e-06
92 96 78 84 22 45 cost 6.0814e-06
64 74 48 60 136 182 cost 6.076e-06
96 101 121 127 45 68 cost 6.0726e-06
74 83 48 60 227 273 cost 6.0696e-06
83 92 84 97 273 318 cost 6.0643e-06
101 111 109 121 273 318 cost 6.0631e-06
78 83 84 90 45 68 cost 6.0563e-06
64 74 109 121 364 409 cost 6.0525e-06
18 27 133 145 91 136 cost 6.0468e-06
55 64 97 109 227 273 cost 6.0301e-06
64 74 84 97 318 364 cost 6.0235e-06
78 83 109 115 45 68 cost 6.0071e-06
92 101 133 145 91 136 cost 5.9954e-06
37 55 97 121 637 728 cost 5.9835e-06
92 101 84 97 500 546 cost 5.9765e-06
106 111 121 127 22 45 cost 5.976e-06
64 69 121 127 45 68 cost 5.9671e-06
59 64 54 60 22 45 cost 5.9563e-06
101 111 72 84 227 273 cost 5.9511e-06
37 46 121 133 0 45 cost 5.9379e-06
74 83 121 133 273 318 cost 5.9328e-06
120 129 97 109 364 409 cost 5.9315e-06
92 101 121 133 182 227 cost 5.9271e-06
138 148 109 121 227 273 cost 5.9247e-06
64 69 97 103 45 68 cost 5.921e-06
96 101 145 151 68 91 cost 5.9108e-06
133 138 84 90 68 91 cost 5.9076e-06
111 120 133 145 227 273 cost 5.8989e-06
92 96 109 115 45 68 cost 5.8976e-06
64 69 84 90 22 45 cost 5.8927e-06
46 55 84 97 136 182 cost 5.8883e-06
41 46 72 78 45 68 cost 5.8867e-06
41 46 90 97 91 113 cost 5.881e-06
55 59 127 133 22 45 cost 5.8782e-06
74 78 90 97 68 91 cost 5.8724e-06
92 96 109 115 91 113 cost 5.871e-06
64 69 66 72 45 68 cost 5.867e-06
111 120 181 194 136 182 cost 5.8557e-06
55 59 60 66 45 68 cost 5.8517e-06
64 74 157 169 0 45 cost 5.8477e-06
111 120 133 145 273 318 cost 5.8452e-06
18 37 97 121 182 273 cost 5.843e-06
83 87 151 157 45 68 cost 5.836e-06
69 74 84 90 45 68 cost 5.8322e-06
101 111 84 97 364 409 cost 5.8239e-06
55 64 84 97 273 318 cost 5.8151e-06
64 74 36 48 45 91 cost 5.8111e-06
138 148 97 109 227 273 cost 5.811e-06
74 92 48 72 637 728 cost 5.8109e-06
50 55 66 72 45 68 cost 5.8029e-06
64 69 115 121 45 68 cost 5.8018e-06
55 74 24 48 273 364 cost 5.7948e-06
64 69 97 103 22 45 cost 5.7932e-06
37 46 84 97 227 273 cost 5.7896e-06
64 74 72 84 182 227 cost 5.7775e-06
41 46 84 90 68 91 cost 5.7738e-06
46 50 72 78 45 68 cost 5.7721e-06
129 138 109 121 273 318 cost 5.7708e-06
69 74 72 78 22 45 cost 5.767e-06
120 124 151 157 45 68 cost 5.7558e-06
129 138 97 109 273 318 cost 5.7306e-06
59 64 127 133 91 113 cost 5.727e-06
115 120 151 157 45 68 cost 5.7268e-06
74 83 97 109 364 409 cost 5.715e-06
96 101 127 133 22 45 cost 5.7149e-06
41 46 60 66 136 159 cost 5.7073e-06
115 120 145 151 68 91 cost 5.7038e-06
69 74 97 103 22 45 cost 5.6987e-06
96 101 84 90 22 45 cost 5.6943e-06
129 138 97 109 182 227 cost 5.6843e-06
64 74 84 97 591 637 cost 5.6823e-06
41 46 60 66 159 182 cost 5.6689e-06
129 138 72 84 0 45 cost 5.6689e-06
37 41 97 103 45 68 cost 5.6233e-06
92 101 169 181 0 45 cost 5.6224e-06
106 111 115 121 22 45 cost 5.6188e-06
92 101 169 181 91 136 cost 5.6061e-06
78 83 54 60 91 113 cost 5.6058e-06
106 111 121 127 45 68 cost 5.6053e-06
92 96 109 115 22 45 cost 5.5974e-06
55 59 54 60 45 68 cost 5.5936e-06
59 64 90 97 45 68 cost 5.5805e-06
46 50 60 66 113 136 cost 5.5768e-06
111 120 145 157 273 318 cost 5.5599e-06
74 111 0 48 546 728 cost 5.5595e-06
55 59 121 127 136 159 cost 5.5491e-06
96 101 78 84 22 45 cost 5.5448e-06
83 92 121 133 182 227 cost 5.5442e-06
129 138 72 84 182 227 cost 5.5442e-06
50 55 54 60 45 68 cost 5.5435e-06
101 106 115 121 22 45 cost 5.543e-06
64 74 133 145 273 318 cost 5.5392e-06
69 74 103 109 22 45 cost 5.536e-06
87 92 78 84 22 45 cost 5.5351e-06
69 74 54 60 45 68 cost 5.5342e-06
78 83 97 103 136 159 cost 5.5152e-06
0 37 145 194 0 182 cost 5.5131e-06
87 92 127 133 45 68 cost 5.5113e-06
87 92 121 127 68 91 cost 5.51e-06
83 92 145 157 182 227 cost 5.5078e-06
87 92 97 103 45 68 cost 5.5008e-06
46 50 42 48 68 91 cost 5.49e-06
78 83 84 90 68 91 cost 5.4887e-06
87 92 103 109 136 159 cost 5.487e-06
87 92 109 115 45 68 cost 5.4812e-06
96 101 145 151 45 68 cost 5.4779e-06
78 83 109 115 68 91 cost 5.4731e-06
59 64 115 121 45 68 cost 5.4635e-06
87 92 103 109 91 113 cost 5.4603e-06
83 87 115 121 159 182 cost 5.4537e-06
83 92 84 97 364 409 cost 5.4519e-06
59 64 121 127 159 182 cost 5.4414e-06
124 129 103 109 45 68 cost 5.4403e-06
69 74 78 84 91 113 cost 5.4334e-06
50 55 48 54 45 68 cost 5.4258e-06
92 101 97 109 546 591 cost 5.4212e-06
101 106 175 181 45 68 cost 5.4174e-06
69 74 78 84 68 91 cost 5.4095e-06
64 74 48 60 182 227 cost 5.407e-06
87 92 109 115 68 91 cost 5.4024e-06
69 74 127 133 45 68 cost 5.3961e-06
111 120 133 145 182 227 cost 5.3887e-06
111 115 175 181 45 68 cost 5.3879e-06
59 64 127 133 136 159 cost 5.3846e-06
111 120 109 121 227 273 cost 5.3826e-06
50 55 78 84 68 91 cost 5.3803e-06
55 64 84 97 364 409 cost 5.3775e-06
37 46 133 145 0 45 cost 5.3748e-06
92 96 84 90 45 68 cost 5.3664e-06
111 129 72 97 637 728 cost 5.3655e-06
59 64 115 121 68 91 cost 5.3596e-06
83 92 97 109 409 455 cost 5.3457e-06
46 55 121 133 91 136 cost 5.3391e-06
92 101 133 145 227 273 cost 5.3368e-06
59 64 72 78 68 91 cost 5.3351e-06
120 129 84 97 227 273 cost 5.3319e-06
92 96 103 109 45 68 cost 5.3318e-06
0 37 48 97 364 546 cost 5.3085e-06
74 83 109 121 318 364 cost 5.3074e-06
69 74 115 121 45 68 cost 5.2979e-06
83 92 48 60 0 45 cost 5.2912e-06
59 64 72 78 45 68 cost 5.283e-06
37 41 60 66 22 45 cost 5.2698e-06
64 74 72 84 364 409 cost 5.2686e-06
74 83 109 121 546 591 cost 5.2686e-06
83 92 60 72 136 182 cost 5.266e-06
111 120 145 157 182 227 cost 5.2632e-06
55 64 121 133 364 409 cost 5.25e-06
129 138 72 84 273 318 cost 5.2452e-06
55 64 109 121 227 273 cost 5.2389e-06
0 37 97 145 546 728 cost 5.2314e-06
78 83 97 103 45 68 cost 5.2289e-06
96 101 109 115 22 45 cost 5.2276e-06
96 101 97 103 22 45 cost 5.2273e-06
87 92 72 78 159 182 cost 5.2142e-06
83 92 84 97 546 591 cost 5.2023e-06
64 74 109 121 318 364 cost 5.1971e-06
92 96 115 121 159 182 cost 5.1927e-06
27 37 133 145 227 273 cost 5.1833e-06
64 74 121 133 273 318 cost 5.1833e-06
69 74 109 115 45 68 cost 5.1831e-06
55 64 84 97 409 455 cost 5.181e-06
92 111 48 72 91 182 cost 5.1761e-06
59 64 121 127 68 91 cost 5.1625e-06
111 120 109 121 409 455 cost 5.1624e-06
101 111 72 84 182 227 cost 5.1621e-06
106 111 175 181 45 68 cost 5.1606e-06
101 106 84 90 91 113 cost 5.1594e-06
50 55 97 103 45 68 cost 5.1567e-06
64 69 66 72 68 91 cost 5.1563e-06
96 101 84 90 113 136 cost 5.1553e-06
92 96 103 109 22 45 cost 5.153e-06
83 92 121 133 318 364 cost 5.133e-06
64 74 60 72 227 273 cost 5.094e-06
50 55 60 66 91 113 cost 5.0836e-06
46 55 109 121 136 182 cost 5.0648e-06
78 83 90 97 91 113 cost 5.0626e-06
41 46 66 72 91 113 cost 5.0594e-06
46 55 60 72 273 318 cost 5.0578e-06
120 129 121 133 182 227 cost 5.0577e-06
41 46 66 72 68 91 cost 5.052e-06
55 74 48 72 546 637 cost 5.0481e-06
59 64 127 133 159 182 cost 5.0344e-06
74 78 72 78 45 68 cost 5.032e-06
37 41 90 97 113 136 cost 5.0306e-06
55 64 60 72 227 273 cost 5.0279e-06
83 87 109 115 45 68 cost 5.027e-06
120 129 133 145 318 364 cost 5.0109e-06
64 69 127 133 91 113 cost 5.0018e-06
37 41 60 66 45 68 cost 4.996e-06
83 87 84 90 68 91 cost 4.9931e-06
83 92 60 72 91 136 cost 4.9931e-06
106 111 115 121 45 68 cost 4.976e-06
78 83 90 97 68 91 cost 4.9735e-06
120 129 121 133 136 182 cost 4.9697e-06
96 101 121 127 22 45 cost 4.9648e-06
74 78 97 103 68 91 cost 4.9483e-06
50 55 48 54 68 91 cost 4.9424e-06
55 64 48 60 182 227 cost 4.9366e-06
101 111 84 97 591 637 cost 4.9338e-06
87 92 115 121 159 182 cost 4.9319e-06
87 92 115 121 68 91 cost 4.9138e-06
64 69 109 115 136 159 cost 4.9084e-06
92 96 84 90 22 45 cost 4.9046e-06
111 120 133 145 318 364 cost 4.902e-06
37 46 121 133 91 136 cost 4.902e-06
64 69 121 127 22 45 cost 4.8893e-06
59 64 66 72 45 68 cost 4.8886e-06
106 111 127 133 91 113 cost 4.8777e-06
55 64 36 48 91 136 cost 4.8645e-06
101 106 169 175 22 45 cost 4.8644e-06
55 59 121 127 45 68 cost 4.8624e-06
115 120 175 181 45 68 cost 4.8595e-06
74 83 145 157 91 136 cost 4.8468e-06
64 69 121 127 113 136 cost 4.8379e-06
64 74 97 109 273 318 cost 4.8376e-06
129 148 97 121 637 728 cost 4.833e-06
37 46 84 97 318 364 cost 4.833e-06
87 92 127 133 68 91 cost 4.8191e-06
96 101 151 157 68 91 cost 4.8185e-06
101 106 127 133 91 113 cost 4.8076e-06
138 143 97 103 45 68 cost 4.8033e-06
106 111 151 157 45 68 cost 4.8016e-06
46 55 84 97 227 273 cost 4.7965e-06
111 120 97 109 409 455 cost 4.7955e-06
111 120 97 109 0 45 cost 4.7945e-06
115 120 127 133 22 45 cost 4.7873e-06
37 55 121 145 455 546 cost 4.7745e-06
129 148 121 145 91 182 cost 4.7699e-06
55 59 78 84 45 68 cost 4.7688e-06
111 115 115 121 68 91 cost 4.7683e-06
92 96 121 127 68 91 cost 4.7512e-06
87 92 97 103 159 182 cost 4.7504e-06
111 115 127 133 45 68 cost 4.7455e-06
92 101 145 157 227 273 cost 4.7362e-06
50 55 66 72 22 45 cost 4.7286e-06
64 69 109 115 45 68 cost 4.7264e-06
120 129 84 97 0 45 cost 4.7162e-06
74 83 121 133 318 364 cost 4.7133e-06
92 101 109 121 591 637 cost 4.7115e-06
55 64 121 133 409 455 cost 4.7079e-06
46 50 78 84 45 68 cost 4.7028e-06
101 111 181 194 136 182 cost 4.7025e-06
78 83 127 133 159 182 cost 4.6992e-06
92 96 97 103 22 45 cost 4.6835e-06
111 129 72 97 546 637 cost 4.6817e-06
41 46 84 90 45 68 cost 4.6752e-06
133 138 90 97 45 68 cost 4.6657e-06
50 55 42 48 22 45 cost 4.6634e-06
101 106 145 151 45 68 cost 4.6627e-06
92 101 157 169 136 182 cost 4.6576e-06
78 83 103 109 45 68 cost 4.6505e-06
129 138 109 121 364 409 cost 4.6443e-06
74 83 48 60 182 227 cost 4.644e-06
74 92 145 169 455 546 cost 4.6311e-06
92 101 109 121 364 409 cost 4.6203e-06
74 78 78 84 68 91 cost 4.6173e-06
64 74 121 133 364 409 cost 4.6122e-06
55 64 133 145 182 227 cost 4.6066e-06
92 101 72 84 500 546 cost 4.6044e-06
59 64 60 66 68 91 cost 4.6015e-06
64 69 54 60 0 22 cost 4.599e-06
87 92 72 78 68 91 cost 4.5954e-06
138 148 97 109 182 227 cost 4.587e-06
87 92 97 103 182 204 cost 4.5866e-06
55 59 54 60 22 45 cost 4.5813e-06
55 64 48 60 227 273 cost 4.5806e-06
74 78 90 97 45 68 cost 4.5733e-06
101 111 109 121 409 455 cost 4.5564e-06
138 148 109 121 182 227 cost 4.5513e-06
120 129 157 169 136 182 cost 4.549e-06
69 74 103 109 68 91 cost 4.5461e-06
111 120 157 169 227 273 cost 4.543e-06
92 96 115 121 22 45 cost 4.5398e-06
69 74 84 90 91 113 cost 4.5394e-06
69 74 127 133 91 113 cost 4.5368e-06
78 83 127 133 136 159 cost 4.5352e-06
120 129 157 169 273 318 cost 4.5312e-06
64 69 84 90 91 113 cost 4.5293e-06
74 92 169 194 546 637 cost 4.518e-06
55 64 84 97 546 591 cost 4.5165e-06
37 46 60 72 273 318 cost 4.5147e-06
46 50 72 78 68 91 cost 4.5128e-06
92 96 121 127 22 45 cost 4.5124e-06
64 69 139 145 68 91 cost 4.5052e-06
59 64 60 66 45 68 cost 4.5001e-06
64 69 90 97 113 136 cost 4.5e-06
74 83 60 72 182 227 cost 4.4931e-06
74 83 84 97 318 364 cost 4.4734e-06
92 96 78 84 45 68 cost 4.4731e-06
74 78 97 103 136 159 cost 4.4591e-06
111 120 133 145 364 409 cost 4.4556e-06
69 74 121 127 159 182 cost 4.4507e-06
92 96 109 115 136 159 cost 4.4459e-06
124 129 97 103 45 68 cost 4.4451e-06
64 74 97 109 409 455 cost 4.4424e-06
120 129 84 97 182 227 cost 4.4355e-06
64 74 60 72 182 227 cost 4.4349e-06
64 74 48 60 227 273 cost 4.4318e-06
115 120 151 157 68 91 cost 4.4294e-06
83 87 90 97 45 68 cost 4.4287e-06
41 46 103 109 22 45 cost 4.4254e-06
92 96 97 103 45 68 cost 4.4221e-06
55 64 72 84 409 455 cost 4.4211e-06
124 129 145 151 45 68 cost 4.4192e-06
55 64 97 109 182 227 cost 4.4088e-06
37 46 97 109 227 273 cost 4.408e-06
78 83 72 78 22 45 cost 4.4068e-06
64 69 121 127 136 159 cost 4.3981e-06
92 96 103 109 136 159 cost 4.3953e-06
106 111 115 121 68 91 cost 4.3766e-06
78 83 54 60 113 136 cost 4.3733e-06
83 87 97 103 159 182 cost 4.3704e-06
64 69 78 84 113 136 cost 4.3683e-06
129 138 97 109 318 364 cost 4.3599e-06
92 101 84 97 364 409 cost 4.3545e-06
59 64 90 97 68 91 cost 4.3522e-06
111 115 121 127 45 68 cost 4.3493e-06
69 74 127 133 22 45 cost 4.3428e-06
50 55 78 84 91 113 cost 4.3398e-06
74 78 72 78 68 91 cost 4.3338e-06
64 74 109 121 409 455 cost 4.3254e-06
64 74 97 109 318 364 cost 4.3211e-06
87 92 84 90 159 182 cost 4.3176e-06
92 96 103 109 68 91 cost 4.3173e-06
87 92 121 127 45 68 cost 4.3101e-06
83 87 90 97 159 182 cost 4.3083e-06
115 120 121 127 45 68 cost 4.3081e-06
92 101 157 169 227 273 cost 4.3048e-06
69 74 103 109 136 159 cost 4.3028e-06
64 69 78 84 91 113 cost 4.3024e-06
69 74 97 103 45 68 cost 4.2872e-06
69 74 121 127 45 68 cost 4.2774e-06
50 55 78 84 113 136 cost 4.276e-06
59 64 121 127 113 136 cost 4.2656e-06
74 83 72 84 364 409 cost 4.251e-06
83 87 103 109 45 68 cost 4.2469e-06
69 74 78 84 45 68 cost 4.2453e-06
41 46 103 109 68 91 cost 4.2399e-06
120 124 139 145 45 68 cost 4.239e-06
115 120 121 127 22 45 cost 4.2317e-06
37 46 60 72 318 364 cost 4.2285e-06
129 138 109 121 318 364 cost 4.227e-06
50 55 78 84 45 68 cost 4.2269e-06
92 101 72 84 273 318 cost 4.2224e-06
111 115 175 181 68 91 cost 4.2178e-06
92 101 72 84 318 364 cost 4.2089e-06
74 83 133 145 227 273 cost 4.2052e-06
64 69 127 133 136 159 cost 4.2047e-06
78 83 103 109 22 45 cost 4.2042e-06
87 92 78 84 68 91 cost 4.2022e-06
92 96 90 97 22 45 cost 4.2017e-06
115 120 115 121 68 91 cost 4.2015e-06
96 101 109 115 91 113 cost 4.1977e-06
87 92 90 97 159 182 cost 4.1803e-06
69 74 97 103 136 159 cost 4.1747e-06
96 101 121 127 68 91 cost 4.168e-06
92 101 97 109 637 682 cost 4.1671e-06
0 18 121 145 182 273 cost 4.1634e-06
69 74 84 90 136 159 cost 4.1618e-06
74 78 90 97 91 113 cost 4.1595e-06
69 74 90 97 22 45 cost 4.1569e-06
87 92 90 97 68 91 cost 4.1517e-06
46 50 66 72 113 136 cost 4.1499e-06
46 50 60 66 0 22 cost 4.1471e-06
92 96 121 127 45 68 cost 4.147e-06
92 101 72 84 591 637 cost 4.1394e-06
106 111 127 133 159 182 cost 4.1363e-06
55 74 0 24 91 182 cost 4.1343e-06
129 138 109 121 409 455 cost 4.1316e-06
96 101 115 121 136 159 cost 4.1259e-06
64 74 145 157 0 45 cost 4.1229e-06
18 37 97 121 273 364 cost 4.1197e-06
96 101 109 115 159 182 cost 4.1128e-06
59 64 48 54 45 68 cost 4.1118e-06
27 32 90 97 68 91 cost 4.11e-06
50 55 72 78 68 91 cost 4.1064e-06
106 111 127 133 136 159 cost 4.103e-06
92 96 115 121 91 113 cost 4.0928e-06
92 101 97 109 682 728 cost 4.0895e-06
46 55 97 109 227 273 cost 4.089e-06
74 83 97 109 409 455 cost 4.0836e-06
101 106 163 169 22 45 cost 4.0779e-06
64 69 90 97 0 22 cost 4.0751e-06
87 92 84 90 68 91 cost 4.0702e-06
46 55 121 133 136 182 cost 4.0701e-06
55 64 24 36 91 136 cost 4.0677e-06
83 92 72 84 364 409 cost 4.065e-06
87 92 103 109 204 227 cost 4.0594e-06
129 138 84 97 182 227 cost 4.0587e-06
106 111 109 115 22 45 cost 4.0562e-06
50 55 42 48 45 68 cost 4.0497e-06
74 83 109 121 364 409 cost 4.0491e-06
92 96 72 78 45 68 cost 4.0487e-06
106 111 121 127 68 91 cost 4.0445e-06
83 92 133 145 273 318 cost 4.0445e-06
64 69 127 133 68 91 cost 4.0364e-06
78 83 127 133 45 68 cost 4.0336e-06
111 115 151 157 45 68 cost 4.0292e-06
101 106 109 115 136 159 cost 4.0267e-06
138 148 84 97 273 318 cost 4.0219e-06
64 69 103 109 45 68 cost 4.009e-06
74 83 157 169 136 182 cost 4.0065e-06
120 129 157 169 318 364 cost 3.996e-06
129 138 84 97 318 364 cost 3.9933e-06
37 55 121 145 637 728 cost 3.9807e-06
83 92 72 84 409 455 cost 3.9798e-06
64 69 115 121 68 91 cost 3.9668e-06
69 74 121 127 91 113 cost 3.964e-06
96 101 103 109 22 45 cost 3.9599e-06
101 111 181 194 91 136 cost 3.9596e-06
55 64 109 121 318 364 cost 3.9543e-06
87 92 115 121 45 68 cost 3.9476e-06
64 74 36 48 136 182 cost 3.9475e-06
50 55 72 78 45 68 cost 3.9464e-06
129 138 84 97 273 318 cost 3.9415e-06
106 111 84 90 159 182 cost 3.9414e-06
92 101 84 97 409 455 cost 3.9294e-06
78 83 97 103 159 182 cost 3.9277e-06
83 87 103 109 91 113 cost 3.9264e-06
101 106 175 181 22 45 cost 3.9191e-06
120 129 109 121 182 227 cost 3.9189e-06
50 55 48 54 113 136 cost 3.9157e-06
55 64 84 97 318 364 cost 3.9113e-06
92 101 145 157 318 364 cost 3.9084e-06
92 101 109 121 500 546 cost 3.8976e-06
64 69 115 121 136 159 cost 3.8951e-06
64 69 90 97 91 113 cost 3.8906e-06
78 83 103 109 136 159 cost 3.8895e-06
74 78 121 127 159 182 cost 3.8852e-06
83 87 109 115 68 91 cost 3.8818e-06
120 124 103 109 45 68 cost 3.8811e-06
46 50 60 66 136 159 cost 3.8807e-06
37 41 97 103 22 45 cost 3.8751e-06
106 111 121 127 159 182 cost 3.8716e-06
46 50 66 72 91 113 cost 3.8716e-06
37 41 60 66 113 136 cost 3.871e-06
120 129 109 121 364 409 cost 3.8685e-06
101 106 121 127 91 113 cost 3.8612e-06
59 64 121 127 91 113 cost 3.8512e-06
69 74 78 84 22 45 cost 3.849e-06
74 78 84 90 45 68 cost 3.8463e-06
74 78 78 84 45 68 cost 3.846e-06
120 124 145 151 45 68 cost 3.8457e-06
74 78 127 133 45 68 cost 3.8446e-06
138 143 97 103 68 91 cost 3.8443e-06
55 59 66 72 68 91 cost 3.8441e-06
120 129 157 169 227 273 cost 3.8357e-06
92 96 78 84 68 91 cost 3.8356e-06
55 59 60 66 68 91 cost 3.8329e-06
55 64 133 145 136 182 cost 3.8324e-06
92 96 127 133 22 45 cost 3.8291e-06
120 129 145 157 182 227 cost 3.8283e-06
83 87 103 109 182 204 cost 3.8256e-06
64 69 84 90 0 22 cost 3.8171e-06
55 74 48 72 637 728 cost 3.8154e-06
120 124 145 151 68 91 cost 3.8152e-06
111 129 72 97 455 546 cost 3.8145e-06
83 87 97 103 136 159 cost 3.8142e-06
120 129 145 157 318 364 cost 3.8046e-06
37 46 133 145 136 182 cost 3.8e-06
96 101 78 84 45 68 cost 3.7984e-06
101 111 84 97 546 591 cost 3.7969e-06
111 120 97 109 364 409 cost 3.7968e-06
96 101 103 109 45 68 cost 3.7839e-06
74 78 84 90 91 113 cost 3.7838e-06
83 92 84 97 409 455 cost 3.7833e-06
46 50 78 84 91 113 cost 3.7789e-06
96 101 90 97 68 91 cost 3.7691e-06
111 120 121 133 364 409 cost 3.7674e-06
101 106 127 133 136 159 cost 3.7546e-06
64 69 97 103 68 91 cost 3.7534e-06
74 78 127 133 159 182 cost 3.7523e-06
120 129 97 109 409 455 cost 3.7523e-06
64 69 78 84 22 45 cost 3.7485e-06
87 92 78 84 204 227 cost 3.7451e-06
106 111 169 175 45 68 cost 3.7426e-06
101 106 115 121 68 91 cost 3.7419e-06
101 111 84 97 500 546 cost 3.7382e-06
74 78 103 109 22 45 cost 3.7381e-06
101 106 84 90 136 159 cost 3.7377e-06
87 92 72 78 204 227 cost 3.733e-06
41 46 60 66 0 22 cost 3.7223e-06
59 64 54 60 0 22 cost 3.7221e-06
37 55 121 145 546 637 cost 3.7197e-06
138 143 103 109 68 91 cost 3.7137e-06
78 83 103 109 91 113 cost 3.7131e-06
74 92 145 169 637 728 cost 3.6957e-06
106 111 115 121 136 159 cost 3.6882e-06
129 148 145 169 91 182 cost 3.6871e-06
120 129 84 97 91 136 cost 3.6813e-06
87 92 109 115 136 159 cost 3.6801e-06
115 120 127 133 45 68 cost 3.6799e-06
83 92 133 145 318 364 cost 3.6744e-06
120 129 133 145 409 455 cost 3.6681e-06
55 64 72 84 273 318 cost 3.6637e-06
64 74 72 84 318 364 cost 3.6636e-06
64 69 103 109 136 159 cost 3.6612e-06
87 92 72 78 136 159 cost 3.6592e-06
83 87 103 109 159 182 cost 3.6558e-06
87 92 121 127 159 182 cost 3.6531e-06
64 69 109 115 68 91 cost 3.644e-06
138 148 109 121 318 364 cost 3.6399e-06
69 74 90 97 91 113 cost 3.6393e-06
129 138 72 84 136 182 cost 3.6374e-06
87 92 72 78 0 22 cost 3.636e-06
101 106 115 121 0 22 cost 3.6245e-06
83 92 97 109 591 637 cost 3.6241e-06
74 78 109 115 68 91 cost 3.6172e-06
83 87 78 84 159 182 cost 3.616e-06
111 120 145 157 318 364 cost 3.6159e-06
55 74 0 24 182 273 cost 3.6135e-06
96 101 127 133 0 22 cost 3.6088e-06
101 106 121 127 68 91 cost 3.6087e-06
101 111 157 169 318 364 cost 3.6018e-06
69 74 103 109 45 68 cost 3.5937e-06
46 50 103 109 45 68 cost 3.592e-06
106 111 84 90 45 68 cost 3.5912e-06
83 87 115 121 136 159 cost 3.5896e-06
46 50 60 66 159 182 cost 3.5865e-06
64 69 133 139 45 68 cost 3.5863e-06
37 41 60 66 91 113 cost 3.5846e-06
74 111 0 48 364 546 cost 3.5841e-06
115 120 175 181 68 91 cost 3.5798e-06
111 120 121 133 409 455 cost 3.5784e-06
64 69 121 127 91 113 cost 3.5749e-06
69 74 109 115 159 182 cost 3.5726e-06
74 78 54 60 91 113 cost 3.5692e-06
101 106 127 133 0 22 cost 3.569e-06
74 83 97 109 546 591 cost 3.5682e-06
87 92 78 84 182 204 cost 3.5665e-06
64 74 72 84 591 637 cost 3.5662e-06
37 55 97 121 455 546 cost 3.5655e-06
120 129 121 133 273 318 cost 3.5655e-06
120 129 145 157 273 318 cost 3.5628e-06
74 78 109 115 45 68 cost 3.5606e-06
92 96 72 78 22 45 cost 3.5599e-06
74 92 169 194 455 546 cost 3.5547e-06
101 111 145 157 318 364 cost 3.5496e-06
64 74 133 145 409 455 cost 3.5496e-06
37 46 72 84 182 227 cost 3.5496e-06
101 111 133 145 136 182 cost 3.5412e-06
120 129 133 145 364 409 cost 3.537e-06
111 120 157 169 182 227 cost 3.5301e-06
120 129 133 145 273 318 cost 3.5283e-06
46 50 72 78 91 113 cost 3.5272e-06
41 46 72 78 68 91 cost 3.5232e-06
120 129 121 133 227 273 cost 3.521e-06
124 129 151 157 45 68 cost 3.5197e-06
87 92 97 103 204 227 cost 3.5095e-06
87 92 97 103 68 91 cost 3.4948e-06
101 111 109 121 591 637 cost 3.4943e-06
92 96 97 103 68 91 cost 3.4758e-06
69 74 72 78 91 113 cost 3.4753e-06
69 74 133 139 45 68 cost 3.4751e-06
41 46 103 109 45 68 cost 3.4695e-06
55 59 127 133 136 159 cost 3.465e-06
129 148 121 145 0 91 cost 3.4612e-06
83 87 97 103 45 68 cost 3.4611e-06
92 96 90 97 68 91 cost 3.4601e-06
101 111 97 109 637 682 cost 3.4566e-06
101 106 169 175 45 68 cost 3.4556e-06
55 59 78 84 68 91 cost 3.4544e-06
78 83 103 109 113 136 cost 3.4462e-06
111 115 151 157 68 91 cost 3.4413e-06
87 92 78 84 136 159 cost 3.4359e-06
120 129 97 109 318 364 cost 3.4353e-06
69 74 97 103 68 91 cost 3.435e-06
74 83 84 97 546 591 cost 3.4346e-06
64 74 60 72 136 182 cost 3.4272e-06
101 106 151 157 68 91 cost 3.4271e-06
101 106 151 157 45 68 cost 3.4255e-06
120 129 157 169 182 227 cost 3.4213e-06
41 46 97 103 113 136 cost 3.4157e-06
74 83 133 145 182 227 cost 3.4148e-06
120 124 133 139 45 68 cost 3.4133e-06
78 83 127 133 68 91 cost 3.4099e-06
83 87 127 133 136 159 cost 3.409e-06
64 69 121 127 68 91 cost 3.4075e-06
111 115 121 127 68 91 cost 3.4073e-06
69 74 121 127 68 91 cost 3.406e-06
120 124 139 145 68 91 cost 3.4037e-06
138 143 103 109 45 68 cost 3.4034e-06
50 55 54 60 68 91 cost 3.4024e-06
50 55 60 66 0 22 cost 3.4017e-06
46 55 97 109 182 227 cost 3.3981e-06
129 138 97 109 409 455 cost 3.3948e-06
27 37 121 133 182 227 cost 3.39e-06
46 50 48 54 0 22 cost 3.3879e-06
96 101 151 157 45 68 cost 3.3816e-06
59 64 109 115 68 91 cost 3.3798e-06
87 92 145 151 45 68 cost 3.379e-06
64 69 103 109 22 45 cost 3.3773e-06
78 83 78 84 22 45 cost 3.3771e-06
106 111 109 115 136 159 cost 3.3758e-06
120 124 151 157 68 91 cost 3.3718e-06
78 83 97 103 91 113 cost 3.3631e-06
83 87 121 127 159 182 cost 3.36e-06
101 111 109 121 364 409 cost 3.3582e-06
115 120 145 151 45 68 cost 3.3519e-06
106 111 121 127 91 113 cost 3.35e-06
78 83 121 127 159 182 cost 3.349e-06
92 101 157 169 273 318 cost 3.3464e-06
64 69 90 97 159 182 cost 3.3393e-06
83 87 145 151 45 68 cost 3.3393e-06
92 101 145 157 273 318 cost 3.3392e-06
64 69 121 127 159 182 cost 3.3392e-06
69 74 54 60 22 45 cost 3.3388e-06
124 129 139 145 45 68 cost 3.3378e-06
92 111 48 72 182 273 cost 3.3307e-06
106 111 90 97 136 159 cost 3.3203e-06
27 37 121 133 136 182 cost 3.3166e-06
83 87 90 97 136 159 cost 3.3153e-06
83 87 97 103 68 91 cost 3.3102e-06
106 111 115 121 0 22 cost 3.3075e-06
55 64 109 121 273 318 cost 3.2978e-06
55 64 36 48 136 182 cost 3.2931e-06
78 83 97 103 113 136 cost 3.2903e-06
74 83 84 97 591 637 cost 3.2897e-06
111 115 121 127 22 45 cost 3.2887e-06
83 92 157 169 227 273 cost 3.2883e-06
96 101 109 115 136 159 cost 3.2749e-06
74 83 84 97 409 455 cost 3.2733e-06
50 55 103 109 45 68 cost 3.2703e-06
64 69 54 60 68 91 cost 3.2683e-06
46 55 72 84 273 318 cost 3.2664e-06
64 69 103 109 68 91 cost 3.26e-06
74 78 103 109 45 68 cost 3.2453e-06
74 78 84 90 68 91 cost 3.2438e-06
55 64 72 84 318 364 cost 3.2383e-06
115 120 115 121 45 68 cost 3.2353e-06
96 101 109 115 0 22 cost 3.2335e-06
111 120 109 121 318 364 cost 3.2307e-06
129 148 72 97 455 546 cost 3.2258e-06
64 69 90 97 136 159 cost 3.222e-06
37 41 66 72 45 68 cost 3.2217e-06
55 64 97 109 273 318 cost 3.2154e-06
55 64 133 145 409 455 cost 3.2148e-06
138 148 84 97 136 182 cost 3.2046e-06
50 55 54 60 91 113 cost 3.2045e-06
87 92 115 121 136 159 cost 3.198e-06
96 101 127 133 68 91 cost 3.1961e-06
64 74 133 145 364 409 cost 3.1935e-06
87 92 90 97 136 159 cost 3.1933e-06
106 111 169 175 0 22 cost 3.1905e-06
83 92 109 121 364 409 cost 3.1881e-06
74 78 97 103 113 136 cost 3.1805e-06
92 96 90 97 91 113 cost 3.1778e-06
83 92 84 97 591 637 cost 3.1749e-06
69 74 78 84 113 136 cost 3.171e-06
133 138 90 97 68 91 cost 3.1641e-06
120 129 169 181 0 45 cost 3.1548e-06
92 96 84 90 68 91 cost 3.1498e-06
41 46 54 60 45 68 cost 3.1482e-06
64 74 36 48 91 136 cost 3.1466e-06
27 32 90 97 45 68 cost 3.1428e-06
129 133 84 90 45 68 cost 3.1415e-06
74 78 103 109 136 159 cost 3.1411e-06
138 148 97 109 318 364 cost 3.1404e-06
111 120 97 109 318 364 cost 3.1404e-06
101 106 121 127 0 22 cost 3.138e-06
50 55 66 72 91 113 cost 3.1379e-06
37 55 24 48 273 364 cost 3.1323e-06
115 120 121 127 68 91 cost 3.1283e-06
83 87 127 133 68 91 cost 3.1235e-06
83 87 127 133 45 68 cost 3.1232e-06
41 46 84 90 91 113 cost 3.1151e-06
87 92 151 157 68 91 cost 3.1121e-06
92 101 72 84 409 455 cost 3.111e-06
69 74 109 115 68 91 cost 3.1096e-06
55 64 72 84 364 409 cost 3.1083e-06
96 101 103 109 159 182 cost 3.104e-06
37 46 48 60 273 318 cost 3.1032e-06
78 83 103 109 159 182 cost 3.1029e-06
37 41 97 103 113 136 cost 3.1003e-06
27 32 133 139 68 91 cost 3.0969e-06
129 148 145 169 0 91 cost 3.0935e-06
83 87 151 157 68 91 cost 3.0846e-06
111 120 133 145 409 455 cost 3.0792e-06
41 46 97 103 0 22 cost 3.0769e-06
101 111 97 109 455 500 cost 3.0741e-06
46 55 133 145 0 45 cost 3.0738e-06
37 41 60 66 68 91 cost 3.0711e-06
64 69 60 66 68 91 cost 3.0693e-06
41 46 54 60 91 113 cost 3.059e-06
55 59 127 133 113 136 cost 3.0532e-06
69 74 109 115 136 159 cost 3.045e-06
74 83 84 97 364 409 cost 3.042e-06
96 101 90 97 91 113 cost 3.0394e-06
18 27 133 145 182 227 cost 3.0342e-06
92 96 127 133 68 91 cost 3.0312e-06
78 83 90 97 113 136 cost 3.0303e-06
106 111 121 127 0 22 cost 3.0256e-06
111 120 181 194 182 227 cost 3.0188e-06
64 69 72 78 91 113 cost 3.0184e-06
111 115 127 133 22 45 cost 3.0171e-06
41 46 90 97 113 136 cost 3.0167e-06
27 37 121 133 227 273 cost 3.014e-06
59 64 127 133 0 22 cost 3.0122e-06
83 87 78 84 204 227 cost 3.0061e-06
111 115 145 151 45 68 cost 3.0007e-06
92 101 84 97 455 500 cost 2.9943e-06
96 101 103 109 68 91 cost 2.9926e-06
92 96 72 78 68 91 cost 2.9926e-06
83 87 127 133 159 182 cost 2.9921e-06
106 111 163 169 45 68 cost 2.9832e-06
83 87 90 97 68 91 cost 2.9811e-06
83 87 103 109 68 91 cost 2.9796e-06
37 55 0 24 0 91 cost 2.9757e-06
69 74 60 66 45 68 cost 2.9699e-06
46 50 66 72 0 22 cost 2.9657e-06
101 111 84 97 409 455 cost 2.9622e-06
101 106 127 133 113 136 cost 2.9615e-06
106 111 84 90 113 136 cost 2.96e-06
83 87 97 103 91 113 cost 2.9538e-06
69 74 84 90 0 22 cost 2.9496e-06
69 74 90 97 113 136 cost 2.9463e-06
87 92 121 127 136 159 cost 2.9443e-06
101 106 90 97 68 91 cost 2.9422e-06
74 78 103 109 91 113 cost 2.941e-06
92 101 169 181 227 273 cost 2.9386e-06
124 129 133 139 45 68 cost 2.933e-06
106 111 157 163 0 22 cost 2.9188e-06
83 87 109 115 159 182 cost 2.9178e-06
101 106 115 121 136 159 cost 2.9178e-06
64 69 60 66 45 68 cost 2.9163e-06
111 115 115 121 45 68 cost 2.9091e-06
55 64 60 72 182 227 cost 2.9032e-06
92 96 115 121 136 159 cost 2.9017e-06
106 111 157 163 68 91 cost 2.8952e-06
64 69 84 90 159 182 cost 2.8948e-06
59 64 54 60 68 91 cost 2.8911e-06
87 92 127 133 159 182 cost 2.8905e-06
138 148 84 97 182 227 cost 2.8886e-06
78 83 78 84 68 91 cost 2.8833e-06
55 59 127 133 91 113 cost 2.8807e-06
69 74 121 127 22 45 cost 2.8806e-06
92 96 90 97 113 136 cost 2.88e-06
120 129 97 109 273 318 cost 2.88e-06
101 111 109 121 500 546 cost 2.8773e-06
59 64 48 54 68 91 cost 2.877e-06
111 120 157 169 273 318 cost 2.8716e-06
111 120 181 194 227 273 cost 2.8684e-06
74 83 72 84 546 591 cost 2.8681e-06
129 138 97 109 364 409 cost 2.8668e-06
55 59 115 121 68 91 cost 2.8585e-06
78 83 103 109 0 22 cost 2.8455e-06
83 92 48 60 136 182 cost 2.8392e-06
83 92 60 72 182 227 cost 2.8369e-06
18 27 133 145 136 182 cost 2.8327e-06
101 106 157 163 0 22 cost 2.8307e-06
101 106 121 127 159 182 cost 2.8278e-06
64 69 127 133 159 182 cost 2.8267e-06
96 101 115 121 22 45 cost 2.825e-06
41 46 54 60 113 136 cost 2.8236e-06
83 87 103 109 136 159 cost 2.8188e-06
83 87 103 109 113 136 cost 2.8185e-06
101 106 90 97 91 113 cost 2.8182e-06
106 111 127 133 0 22 cost 2.8166e-06
87 92 97 103 136 159 cost 2.8163e-06
41 46 66 72 0 22 cost 2.8149e-06
101 111 109 121 682 728 cost 2.8137e-06
64 69 115 121 159 182 cost 2.8114e-06
92 101 72 84 455 500 cost 2.811e-06
83 87 78 84 22 45 cost 2.8068e-06
106 111 90 97 45 68 cost 2.8037e-06
92 101 84 97 591 637 cost 2.8002e-06
87 92 103 109 68 91 cost 2.7954e-06
37 46 72 84 273 318 cost 2.7899e-06
101 111 109 121 637 682 cost 2.7874e-06
64 74 109 121 273 318 cost 2.7855e-06
55 59 48 54 22 45 cost 2.7829e-06
92 96 127 133 45 68 cost 2.7708e-06
92 101 72 84 546 591 cost 2.7684e-06
46 55 84 97 273 318 cost 2.7677e-06
106 111 145 151 68 91 cost 2.7521e-06
55 59 72 78 68 91 cost 2.7505e-06
87 92 72 78 182 204 cost 2.7478e-06
96 101 84 90 68 91 cost 2.7445e-06
59 64 48 54 22 45 cost 2.7441e-06
106 111 163 169 0 22 cost 2.7431e-06
64 74 72 84 546 591 cost 2.7395e-06
106 111 145 151 45 68 cost 2.7363e-06
115 120 109 115 45 68 cost 2.7336e-06
69 74 139 145 68 91 cost 2.7313e-06
101 106 109 115 68 91 cost 2.726e-06
101 106 169 175 0 22 cost 2.7256e-06
78 83 48 54 91 113 cost 2.7226e-06
120 129 84 97 136 182 cost 2.7174e-06
74 78 78 84 22 45 cost 2.7161e-06
115 120 169 175 45 68 cost 2.7125e-06
55 59 121 127 159 182 cost 2.7023e-06
83 87 115 121 45 68 cost 2.7018e-06
74 78 121 127 45 68 cost 2.699e-06
83 87 97 103 204 227 cost 2.6987e-06
64 69 97 103 159 182 cost 2.694e-06
106 111 84 90 91 113 cost 2.6937e-06
87 92 103 109 113 136 cost 2.6915e-06
50 55 60 66 113 136 cost 2.6914e-06
55 59 127 133 45 68 cost 2.6893e-06
74 78 127 133 68 91 cost 2.685e-06
83 92 36 48 45 91 cost 2.6832e-06
69 74 121 127 0 22 cost 2.681e-06
69 74 115 121 136 159 cost 2.6757e-06
55 59 121 127 68 91 cost 2.672e-06
69 74 139 145 45 68 cost 2.6637e-06
74 78 97 103 22 45 cost 2.6611e-06
101 111 84 97 455 500 cost 2.6595e-06
69 74 115 121 159 182 cost 2.6574e-06
32 37 84 90 45 68 cost 2.656e-06
101 106 90 97 136 159 cost 2.6515e-06
83 92 97 109 546 591 cost 2.6513e-06
120 129 169 181 91 136 cost 2.6449e-06
69 74 127 133 68 91 cost 2.6407e-06
101 106 115 121 159 182 cost 2.6397e-06
74 83 97 109 591 637 cost 2.6355e-06
64 74 84 97 364 409 cost 2.6355e-06
50 55 48 54 0 22 cost 2.6343e-06
50 55 66 72 136 159 cost 2.633e-06
64 69 127 133 0 22 cost 2.6311e-06
83 87 97 103 113 136 cost 2.625e-06
111 115 145 151 68 91 cost 2.6242e-06
101 106 145 151 68 91 cost 2.618e-06
37 46 72 84 227 273 cost 2.6107e-06
138 148 84 97 318 364 cost 2.6064e-06
64 69 97 103 136 159 cost 2.5983e-06
69 74 121 127 136 159 cost 2.5974e-06
101 106 109 115 0 22 cost 2.5825e-06
92 96 84 90 113 136 cost 2.5815e-06
55 59 48 54 45 68 cost 2.5697e-06
64 69 48 54 45 68 cost 2.5672e-06
64 74 72 84 409 455 cost 2.5665e-06
96 101 72 78 68 91 cost 2.56e-06
41 46 103 109 91 113 cost 2.5585e-06
55 64 24 36 0 45 cost 2.5584e-06
55 59 115 121 45 68 cost 2.5567e-06
106 111 115 121 159 182 cost 2.5542e-06
138 148 72 84 91 136 cost 2.553e-06
69 74 84 90 113 136 cost 2.5465e-06
64 74 121 133 409 455 cost 2.5452e-06
46 50 66 72 159 182 cost 2.5426e-06
64 69 48 54 22 45 cost 2.5423e-06
106 111 163 169 68 91 cost 2.5387e-06
78 83 97 103 22 45 cost 2.5322e-06
55 74 169 194 273 364 cost 2.5283e-06
74 78 72 78 22 45 cost 2.5183e-06
74 78 78 84 0 22 cost 2.5123e-06
101 106 84 90 68 91 cost 2.5115e-06
46 55 84 97 318 364 cost 2.5107e-06
55 59 127 133 68 91 cost 2.5096e-06
69 74 127 133 159 182 cost 2.5055e-06
92 101 72 84 364 409 cost 2.5053e-06
92 96 145 151 68 91 cost 2.4969e-06
46 50 97 103 68 91 cost 2.4957e-06
41 46 66 72 159 182 cost 2.4918e-06
74 83 60 72 227 273 cost 2.4906e-06
129 148 145 169 182 273 cost 2.4894e-06
96 101 78 84 68 91 cost 2.4849e-06
101 111 181 194 182 227 cost 2.4831e-06
41 46 54 60 68 91 cost 2.4824e-06
101 111 133 145 91 136 cost 2.4822e-06
92 101 157 169 182 227 cost 2.4818e-06
74 83 145 157 182 227 cost 2.4813e-06
41 46 66 72 136 159 cost 2.4798e-06
74 78 121 127 136 159 cost 2.4774e-06
106 111 175 181 0 22 cost 2.4763e-06
64 69 84 90 136 159 cost 2.4728e-06
69 74 90 97 136 159 cost 2.4705e-06
74 78 97 103 45 68 cost 2.468e-06
115 120 127 133 68 91 cost 2.4654e-06
101 106 90 97 113 136 cost 2.4627e-06
55 59 127 133 159 182 cost 2.4591e-06
106 111 90 97 159 182 cost 2.4563e-06
92 101 133 145 318 364 cost 2.4522e-06
37 41 60 66 159 182 cost 2.447e-06
50 55 97 103 68 91 cost 2.4468e-06
69 74 78 84 0 22 cost 2.446e-06
46 50 66 72 136 159 cost 2.4396e-06
101 106 90 97 45 68 cost 2.4388e-06
69 74 90 97 0 22 cost 2.4366e-06
41 46 103 109 0 22 cost 2.4343e-06
96 101 72 78 0 22 cost 2.4341e-06
96 101 115 121 113 136 cost 2.428e-06
101 106 84 90 159 182 cost 2.4278e-06
92 96 151 157 45 68 cost 2.4232e-06
101 106 163 169 68 91 cost 2.4229e-06
27 37 72 84 45 91 cost 2.4193e-06
74 78 115 121 45 68 cost 2.4175e-06
64 74 24 36 91 136 cost 2.415e-06
78 83 115 121 45 68 cost 2.4147e-06
83 87 103 109 204 227 cost 2.414e-06
55 64 109 121 409 455 cost 2.4123e-06
55 59 66 72 45 68 cost 2.4104e-06
115 120 121 127 0 22 cost 2.4096e-06
83 87 72 78 0 22 cost 2.4088e-06
92 96 72 78 0 22 cost 2.4044e-06
92 101 109 121 409 455 cost 2.4018e-06
55 59 84 90 45 68 cost 2.4005e-06
111 115 121 127 0 22 cost 2.3973e-06
18 27 121 133 91 136 cost 2.3912e-06
83 87 115 121 68 91 cost 2.3856e-06
55 59 121 127 91 113 cost 2.3846e-06
64 69 133 139 68 91 cost 2.3821e-06
64 74 133 145 318 364 cost 2.3805e-06
92 96 109 115 113 136 cost 2.3795e-06
87 92 84 90 136 159 cost 2.3789e-06
69 74 103 109 159 182 cost 2.3786e-06
69 74 90 97 159 182 cost 2.3751e-06
74 78 103 109 159 182 cost 2.3685e-06
74 78 103 109 113 136 cost 2.3645e-06
37 41 84 90 68 91 cost 2.3521e-06
83 92 109 121 546 591 cost 2.3433e-06
92 101 133 145 273 318 cost 2.3402e-06
83 92 157 169 182 227 cost 2.3376e-06
92 96 145 151 45 68 cost 2.3349e-06
92 101 97 109 455 500 cost 2.3301e-06
69 74 48 54 22 45 cost 2.3228e-06
92 96 97 103 159 182 cost 2.3202e-06
101 111 145 157 273 318 cost 2.308e-06
78 83 72 78 68 91 cost 2.2996e-06
106 111 84 90 136 159 cost 2.2982e-06
106 111 84 90 68 91 cost 2.2931e-06
96 101 90 97 113 136 cost 2.2767e-06
37 41 103 109 22 45 cost 2.268e-06
120 129 109 121 318 364 cost 2.2662e-06
55 59 72 78 45 68 cost 2.2628e-06
143 148 97 103 45 68 cost 2.2608e-06
106 111 90 97 68 91 cost 2.26e-06
138 148 97 109 409 455 cost 2.2557e-06
83 87 84 90 159 182 cost 2.2551e-06
74 78 127 133 136 159 cost 2.254e-06
64 69 109 115 159 182 cost 2.2535e-06
96 101 127 133 45 68 cost 2.2527e-06
46 55 72 84 318 364 cost 2.2476e-06
83 87 78 84 68 91 cost 2.2472e-06
101 106 121 127 113 136 cost 2.2449e-06
55 59 109 115 68 91 cost 2.2438e-06
46 55 84 97 182 227 cost 2.2422e-06
55 64 133 145 364 409 cost 2.2422e-06
78 83 72 78 0 22 cost 2.2397e-06
83 87 72 78 136 159 cost 2.2341e-06
120 124 133 139 68 91 cost 2.2289e-06
74 83 72 84 318 364 cost 2.2288e-06
69 74 127 133 0 22 cost 2.2263e-06
120 124 97 103 68 91 cost 2.2238e-06
83 87 97 103 182 204 cost 2.2227e-06
78 83 97 103 0 22 cost 2.209e-06
96 101 103 109 0 22 cost 2.2069e-06
96 101 103 109 136 159 cost 2.205e-06
78 83 121 127 45 68 cost 2.195e-06
96 101 121 127 0 22 cost 2.1935e-06
69 74 127 133 113 136 cost 2.1924e-06
101 106 163 169 0 22 cost 2.1865e-06
143 148 103 109 68 91 cost 2.1846e-06
83 87 72 78 159 182 cost 2.1786e-06
129 138 109 121 182 227 cost 2.1759e-06
92 101 169 181 182 227 cost 2.1688e-06
106 111 175 181 68 91 cost 2.1674e-06
69 74 84 90 159 182 cost 2.1565e-06
101 111 97 109 682 728 cost 2.1468e-06
92 96 97 103 0 22 cost 2.1454e-06
124 129 103 109 68 91 cost 2.1449e-06
37 41 66 72 22 45 cost 2.1409e-06
101 106 121 127 136 159 cost 2.1405e-06
74 78 103 109 0 22 cost 2.1389e-06
55 64 133 145 318 364 cost 2.1387e-06
74 92 169 194 637 728 cost 2.1309e-06
92 111 48 72 546 637 cost 2.1228e-06
120 129 121 133 364 409 cost 2.1201e-06
78 83 121 127 136 159 cost 2.1145e-06
37 41 54 60 113 136 cost 2.1093e-06
69 74 66 72 68 91 cost 2.0987e-06
143 148 97 103 68 91 cost 2.0961e-06
106 111 109 115 159 182 cost 2.0909e-06
74 78 97 103 91 113 cost 2.0877e-06
37 41 103 109 68 91 cost 2.0867e-06
69 74 133 139 68 91 cost 2.077e-06
69 74 54 60 68 91 cost 2.0749e-06
129 133 90 97 45 68 cost 2.0613e-06
18 27 133 145 227 273 cost 2.0511e-06
78 83 84 90 91 113 cost 2.0505e-06
96 101 97 103 0 22 cost 2.0465e-06
101 106 109 115 159 182 cost 2.0411e-06
83 87 72 78 204 227 cost 2.0376e-06
50 55 66 72 159 182 cost 2.0353e-06
83 87 72 78 68 91 cost 2.0322e-06
111 120 157 169 318 364 cost 2.0303e-06
120 129 121 133 318 364 cost 2.0298e-06
111 115 169 175 45 68 cost 2.0284e-06
64 74 84 97 409 455 cost 2.0271e-06
74 83 145 157 227 273 cost 2.0244e-06
69 74 66 72 45 68 cost 2.021e-06
92 101 109 121 682 728 cost 2.0177e-06
92 101 133 145 182 227 cost 2.0085e-06
69 74 115 121 68 91 cost 1.9977e-06
106 111 151 157 68 91 cost 1.996e-06
74 78 121 127 68 91 cost 1.9954e-06
59 64 109 115 45 68 cost 1.9917e-06
124 129 97 103 68 91 cost 1.9891e-06
50 55 66 72 113 136 cost 1.9867e-06
41 46 84 90 113 136 cost 1.9768e-06
50 55 60 66 136 159 cost 1.9637e-06
78 83 78 84 0 22 cost 1.9632e-06
111 115 109 115 45 68 cost 1.9482e-06
96 101 84 90 91 113 cost 1.9473e-06
106 111 127 133 113 136 cost 1.9419e-06
83 87 121 127 45 68 cost 1.9413e-06
101 106 127 133 159 182 cost 1.9381e-06
124 129 139 145 68 91 cost 1.9341e-06
74 83 109 121 409 455 cost 1.9341e-06
64 69 72 78 0 22 cost 1.9341e-06
74 78 54 60 113 136 cost 1.9242e-06
106 111 90 97 91 113 cost 1.9155e-06
69 74 127 133 136 159 cost 1.9153e-06
92 111 48 72 273 364 cost 1.9101e-06
83 92 84 97 318 364 cost 1.9081e-06
46 50 54 60 22 45 cost 1.9019e-06
111 120 109 121 273 318 cost 1.8996e-06
120 129 169 181 45 91 cost 1.8963e-06
92 96 84 90 91 113 cost 1.8954e-06
83 87 121 127 136 159 cost 1.8948e-06
50 55 60 66 159 182 cost 1.8783e-06
37 41 78 84 68 91 cost 1.871e-06
55 74 169 194 182 273 cost 1.8705e-06
18 27 121 133 45 91 cost 1.8699e-06
50 55 72 78 113 136 cost 1.8588e-06
92 96 109 115 0 22 cost 1.8571e-06
78 83 121 127 68 91 cost 1.8568e-06
18 27 121 133 0 45 cost 1.8513e-06
83 92 60 72 227 273 cost 1.8357e-06
37 41 54 60 45 68 cost 1.8303e-06
83 87 121 127 68 91 cost 1.8234e-06
92 96 115 121 0 22 cost 1.8203e-06
106 111 121 127 136 159 cost 1.816e-06
120 129 72 84 227 273 cost 1.812e-06
37 41 84 90 91 113 cost 1.8108e-06
87 92 127 133 136 159 cost 1.8096e-06
74 78 48 54 91 113 cost 1.8012e-06
46 50 78 84 113 136 cost 1.7985e-06
115 120 109 115 68 91 cost 1.7958e-06
111 115 127 133 68 91 cost 1.7799e-06
78 83 115 121 68 91 cost 1.7772e-06
78 83 84 90 113 136 cost 1.759e-06
106 111 109 115 68 91 cost 1.7505e-06
101 106 175 181 0 22 cost 1.7505e-06
55 59 54 60 0 22 cost 1.7434e-06
55 59 90 97 45 68 cost 1.7365e-06
74 78 97 103 0 22 cost 1.7333e-06
83 92 109 121 591 637 cost 1.7241e-06
55 59 84 90 68 91 cost 1.7145e-06
129 148 121 145 182 273 cost 1.7082e-06
74 78 72 78 0 22 cost 1.7052e-06
37 41 84 90 45 68 cost 1.702e-06
120 129 109 121 273 318 cost 1.6977e-06
74 83 109 121 591 637 cost 1.6977e-06
64 69 72 78 113 136 cost 1.6927e-06
55 59 54 60 68 91 cost 1.6807e-06
74 78 97 103 159 182 cost 1.677e-06
83 92 36 48 0 45 cost 1.6683e-06
92 101 109 121 455 500 cost 1.6632e-06
120 129 109 121 409 455 cost 1.6605e-06
92 96 103 109 0 22 cost 1.6448e-06
96 101 115 121 0 22 cost 1.6448e-06
50 55 54 60 0 22 cost 1.6429e-06
69 74 72 78 0 22 cost 1.6427e-06
101 111 109 121 546 591 cost 1.6365e-06
46 55 48 60 318 364 cost 1.6365e-06
83 87 109 115 136 159 cost 1.6359e-06
37 41 60 66 136 159 cost 1.6339e-06
69 74 97 103 159 182 cost 1.6332e-06
120 124 97 103 45 68 cost 1.6279e-06
106 111 109 115 0 22 cost 1.623e-06
74 83 72 84 409 455 cost 1.6206e-06
96 101 97 103 136 159 cost 1.6123e-06
55 59 121 127 113 136 cost 1.6116e-06
120 124 103 109 68 91 cost 1.6098e-06
138 148 72 84 45 91 cost 1.6071e-06
92 101 157 169 318 364 cost 1.6047e-06
64 74 24 36 136 182 cost 1.6047e-06
78 83 48 54 113 136 cost 1.6037e-06
55 59 90 97 68 91 cost 1.5977e-06
46 55 109 121 182 227 cost 1.5939e-06
120 129 72 84 182 227 cost 1.5678e-06
101 106 163 169 45 68 cost 1.5676e-06
120 129 72 84 91 136 cost 1.5648e-06
37 46 121 133 136 182 cost 1.563e-06
37 41 78 84 45 68 cost 1.5549e-06
138 148 109 121 409 455 cost 1.5543e-06
37 41 97 103 0 22 cost 1.5498e-06
129 133 84 90 68 91 cost 1.5462e-06
138 148 72 84 227 273 cost 1.5345e-06
37 41 66 72 91 113 cost 1.5285e-06
69 74 72 78 113 136 cost 1.5277e-06
69 74 121 127 113 136 cost 1.5237e-06
124 129 151 157 68 91 cost 1.5231e-06
37 41 66 72 113 136 cost 1.5213e-06
87 92 97 103 91 113 cost 1.5192e-06
64 69 139 145 45 68 cost 1.5152e-06
101 111 72 84 455 500 cost 1.5144e-06
69 74 103 109 0 22 cost 1.508e-06
124 129 145 151 68 91 cost 1.5076e-06
96 101 84 90 0 22 cost 1.5063e-06
87 92 97 103 113 136 cost 1.4998e-06
55 59 109 115 45 68 cost 1.4987e-06
120 129 169 181 227 273 cost 1.4935e-06
74 83 72 84 591 637 cost 1.4931e-06
46 50 42 48 0 22 cost 1.4914e-06
50 55 66 72 0 22 cost 1.4895e-06
32 37 84 90 68 91 cost 1.4894e-06
74 83 157 169 182 227 cost 1.4879e-06
74 78 48 54 113 136 cost 1.4866e-06
124 129 133 139 68 91 cost 1.485e-06
50 55 72 78 91 113 cost 1.4849e-06
37 41 72 78 45 68 cost 1.4825e-06
18 37 48 72 91 182 cost 1.4799e-06
59 64 121 127 0 22 cost 1.4718e-06
115 120 127 133 0 22 cost 1.4718e-06
83 87 72 78 182 204 cost 1.4637e-06
46 50 103 109 68 91 cost 1.4637e-06
37 41 54 60 91 113 cost 1.4478e-06
111 115 127 133 0 22 cost 1.4453e-06
64 74 97 109 364 409 cost 1.44e-06
92 101 109 121 637 682 cost 1.4389e-06
138 148 109 121 364 409 cost 1.4373e-06
106 111 169 175 68 91 cost 1.4364e-06
74 78 84 90 113 136 cost 1.435e-06
27 32 84 90 45 68 cost 1.4292e-06
106 111 121 127 113 136 cost 1.4265e-06
120 129 121 133 409 455 cost 1.4203e-06
37 46 48 60 318 364 cost 1.4187e-06
92 111 48 72 364 455 cost 1.4133e-06
101 106 169 175 68 91 cost 1.4125e-06
64 69 103 109 0 22 cost 1.4044e-06
74 78 90 97 113 136 cost 1.3992e-06
55 64 97 109 409 455 cost 1.3869e-06
69 74 97 103 0 22 cost 1.3868e-06
83 92 72 84 546 591 cost 1.3815e-06
96 101 97 103 159 182 cost 1.3797e-06
37 41 103 109 45 68 cost 1.3637e-06
64 69 121 127 0 22 cost 1.3575e-06
92 96 121 127 0 22 cost 1.355e-06
55 64 97 109 318 364 cost 1.3499e-06
101 111 133 145 273 318 cost 1.3443e-06
129 148 145 169 546 637 cost 1.3416e-06
55 59 48 54 68 91 cost 1.3354e-06
64 69 48 54 0 22 cost 1.3335e-06
59 64 48 54 0 22 cost 1.3308e-06
46 50 54 60 68 91 cost 1.322e-06
101 111 133 145 227 273 cost 1.3203e-06
96 101 78 84 0 22 cost 1.3203e-06
50 55 103 109 68 91 cost 1.3176e-06
101 111 181 194 227 273 cost 1.3065e-06
92 101 109 121 546 591 cost 1.3044e-06
46 50 72 78 113 136 cost 1.3017e-06
129 138 72 84 318 364 cost 1.2909e-06
74 83 133 145 273 318 cost 1.2831e-06
37 46 109 121 45 91 cost 1.2795e-06
46 55 133 145 91 136 cost 1.254e-06
46 50 54 60 91 113 cost 1.2532e-06
83 87 78 84 136 159 cost 1.2504e-06
50 55 42 48 68 91 cost 1.2502e-06
64 69 78 84 0 22 cost 1.2432e-06
92 96 151 157 68 91 cost 1.2377e-06
64 74 24 36 0 45 cost 1.2354e-06
111 115 109 115 68 91 cost 1.2219e-06
101 111 133 145 182 227 cost 1.2179e-06
64 69 48 54 68 91 cost 1.2115e-06
101 111 72 84 500 546 cost 1.2114e-06
64 69 97 103 0 22 cost 1.2075e-06
92 96 115 121 113 136 cost 1.2045e-06
96 101 109 115 113 136 cost 1.1797e-06
69 74 48 54 0 22 cost 1.1769e-06
96 101 90 97 0 22 cost 1.1632e-06
106 111 90 97 113 136 cost 1.1521e-06
87 92 145 151 68 91 cost 1.1403e-06
120 129 169 181 182 227 cost 1.1327e-06
41 46 103 109 113 136 cost 1.1211e-06
83 87 78 84 182 204 cost 1.1108e-06
46 55 133 145 45 91 cost 1.1025e-06
138 148 72 84 0 45 cost 1.1025e-06
69 74 48 54 45 68 cost 1.0963e-06
37 41 84 90 113 136 cost 1.0933e-06
55 59 48 54 0 22 cost 1.0892e-06
55 64 72 84 591 637 cost 1.0866e-06
101 111 109 121 455 500 cost 1.0734e-06
69 74 54 60 0 22 cost 1.0626e-06
74 78 115 121 68 91 cost 1.0599e-06
101 106 90 97 159 182 cost 1.0577e-06
37 41 103 109 91 113 cost 1.0556e-06
120 129 72 84 45 91 cost 1.0525e-06
143 148 103 109 45 68 cost 1.0513e-06
92 96 97 103 136 159 cost 1.0467e-06
138 148 72 84 273 318 cost 1.0422e-06
101 111 72 84 591 637 cost 1.0335e-06
55 64 72 84 546 591 cost 1.0308e-06
83 92 109 121 409 455 cost 1.0281e-06
27 37 72 84 91 136 cost 1.0022e-06
55 64 84 97 591 637 cost 9.963e-07
69 74 48 54 68 91 cost 9.723e-07
69 74 60 66 68 91 cost 9.594e-07
37 41 66 72 68 91 cost 9.51e-07
83 87 84 90 136 159 cost 9.488e-07
129 148 121 145 364 455 cost 9.432e-07
129 148 145 169 364 455 cost 9.432e-07
55 59 127 133 0 22 cost 9.404e-07
64 69 103 109 159 182 cost 9.315e-07
37 46 72 84 318 364 cost 9.219e-07
55 64 109 121 364 409 cost 9.165e-07
37 41 66 72 159 182 cost 9.138e-07
87 92 78 84 0 22 cost 9.082e-07
92 111 48 72 637 728 cost 9.06e-07
129 133 90 97 68 91 cost 9.033e-07
92 96 127 133 0 22 cost 8.893e-07
37 41 48 54 45 68 cost 8.844e-07
27 32 84 90 68 91 cost 8.662e-07
27 37 72 84 0 45 cost 8.661e-07
37 41 48 54 68 91 cost 8.231e-07
92 96 90 97 0 22 cost 8.213e-07
111 120 72 84 136 182 cost 8.208e-07
37 41 54 60 68 91 cost 8.181e-07
101 111 72 84 273 318 cost 8.181e-07
92 96 78 84 0 22 cost 8.112e-07
55 64 97 109 364 409 cost 7.758e-07
50 55 54 60 113 136 cost 7.575e-07
101 106 175 181 68 91 cost 7.229e-07
46 50 54 60 113 136 cost 7.209e-07
83 92 48 60 227 273 cost 7.173e-07
0 18 121 145 273 364 cost 7.146e-07
111 115 169 175 68 91 cost 7.132e-07
74 92 169 194 364 455 cost 6.994e-07
111 120 109 121 364 409 cost 6.987e-07
83 87 145 151 68 91 cost 6.865e-07
46 55 24 36 45 91 cost 6.85e-07
0 37 145 194 182 364 cost 6.828e-07
83 87 78 84 0 22 cost 6.81e-07
120 129 72 84 136 182 cost 6.801e-07
37 41 60 66 0 22 cost 6.782e-07
50 55 42 48 0 22 cost 6.748e-07
37 55 0 24 182 273 cost 6.642e-07
64 74 24 36 45 91 cost 6.615e-07
18 27 121 133 182 227 cost 6.561e-07
138 148 72 84 318 364 cost 6.456e-07
37 41 103 109 0 22 cost 6.414e-07
138 148 97 109 364 409 cost 6.27e-07
92 96 84 90 0 22 cost 6.27e-07
50 55 36 42 45 68 cost 6.269e-07
120 129 72 84 0 45 cost 6.176e-07
138 148 72 84 136 182 cost 6.084e-07
101 111 72 84 409 455 cost 6.057e-07
55 64 145 157 45 91 cost 5.79e-07
46 50 54 60 45 68 cost 5.79e-07
115 120 169 175 68 91 cost 5.631e-07
74 83 157 169 227 273 cost 5.554e-07
74 83 24 36 45 91 cost 5.472e-07
46 55 109 121 227 273 cost 5.472e-07
120 129 169 181 136 182 cost 5.447e-07
92 111 48 72 455 546 cost 5.34e-07
37 46 109 121 0 45 cost 5.1e-07
37 41 72 78 68 91 cost 4.969e-07
129 148 121 145 546 637 cost 4.782e-07
129 148 121 145 273 364 cost 4.782e-07
74 83 133 145 318 364 cost 4.728e-07
101 111 72 84 318 364 cost 4.728e-07
46 50 36 42 22 45 cost 4.674e-07
92 101 181 194 227 273 cost 4.542e-07
111 120 72 84 227 273 cost 4.542e-07
18 27 121 133 136 182 cost 4.465e-07
101 111 133 145 318 364 cost 4.383e-07
111 120 72 84 182 227 cost 4.356e-07
37 46 109 121 182 227 cost 4.356e-07
37 46 109 121 136 182 cost 4.356e-07
55 59 121 127 0 22 cost 4.17e-07
129 148 121 145 637 728 cost 4.065e-07
37 41 103 109 113 136 cost 4.038e-07
138 148 72 84 182 227 cost 3.825e-07
111 120 72 84 91 136 cost 3.612e-07
129 148 145 169 273 364 cost 3.507e-07
46 50 54 60 0 22 cost 3.121e-07
92 101 181 194 136 182 cost 3.081e-07
83 92 48 60 182 227 cost 2.922e-07
101 111 72 84 546 591 cost 2.895e-07
74 92 0 24 0 91 cost 2.763e-07
129 148 145 169 637 728 cost 2.763e-07
101 111 72 84 364 409 cost 2.736e-07
32 37 139 145 68 91 cost 2.709e-07
46 55 133 145 136 182 cost 2.55e-07
18 37 48 72 0 91 cost 2.55e-07
37 41 66 72 0 22 cost 2.429e-07
55 64 24 36 136 182 cost 2.391e-07
92 101 181 194 91 136 cost 2.391e-07
32 37 139 145 45 68 cost 2.151e-07
50 55 36 42 68 91 cost 2.055e-07
37 41 48 54 91 113 cost 2.011e-07
37 46 109 121 227 273 cost 1.992e-07
37 46 109 121 91 136 cost 1.896e-07
46 55 24 36 0 45 cost 1.853e-07
120 129 181 194 0 45 cost 1.851e-07
37 41 66 72 136 159 cost 1.647e-07
37 55 0 24 91 182 cost 1.461e-07
120 129 181 194 227 273 cost 1.434e-07
111 120 72 84 45 91 cost 1.434e-07
46 55 24 36 91 136 cost 1.434e-07
120 129 181 194 45 91 cost 1.338e-07
18 27 84 97 0 45 cost 1.275e-07
46 50 36 42 45 68 cost 1.275e-07
18 27 121 133 227 273 cost 1.275e-07
18 27 84 97 45 91 cost 1.275e-07
74 92 0 24 91 182 cost 1.275e-07
83 92 24 36 45 91 cost 1.221e-07
92 101 181 194 45 91 cost 1.089e-07
120 129 181 194 136 182 cost 9.03e-08
27 32 139 145 45 68 cost 9.03e-08
55 64 145 157 0 45 cost 9.03e-08
18 27 84 97 91 136 cost 7.17e-08
46 50 36 42 68 91 cost 7.17e-08
46 55 24 36 136 182 cost 5.31e-08
50 55 36 42 22 45 cost 3.37e-08
129 148 48 72 364 455 cost 0
50 55 36 42 0 22 cost 0
129 148 169 194 0 91 cost 0
37 41 48 54 113 136 cost 0
129 148 169 194 91 182 cost 0
111 148 0 48 364 546 cost 0
37 46 24 36 91 136 cost 0
83 92 181 194 0 45 cost 0
111 129 48 72 91 182 cost 0
92 111 24 48 0 91 cost 0
92 111 0 24 91 182 cost 0
129 148 48 72 455 546 cost 0
111 148 0 48 182 364 cost 0
74 83 181 194 45 91 cost 0
129 148 169 194 455 546 cost 0
37 46 24 36 0 45 cost 0
111 129 48 72 546 637 cost 0
27 32 139 145 68 91 cost 0
111 129 48 72 0 91 cost 0
92 101 181 194 0 45 cost 0
83 92 24 36 0 45 cost 0
18 27 72 84 0 45 cost 0
18 27 84 97 136 182 cost 0
0 18 48 72 91 182 cost 0
111 129 48 72 637 728 cost 0
18 27 72 84 136 182 cost 0
129 148 145 169 455 546 cost 0
46 50 36 42 0 22 cost 0
0 18 72 97 91 182 cost 0
37 55 169 194 0 91 cost 0
129 148 48 72 91 182 cost 0
37 55 169 194 273 364 cost 0
0 37 0 48 182 364 cost 0
0 18 97 121 91 182 cost 0
111 129 48 72 364 455 cost 0
37 55 169 194 91 182 cost 0
129 148 169 194 182 273 cost 0
37 55 169 194 182 273 cost 0
37 55 145 169 0 91 cost 0
37 46 24 36 45 91 cost 0
74 83 24 36 0 45 cost 0
129 148 169 194 364 455 cost 0
129 148 48 72 182 273 cost 0
55 64 157 169 45 91 cost 0
0 18 97 121 182 273 cost 0
111 129 48 72 455 546 cost 0
37 46 24 36 136 182 cost 0
0 18 48 72 0 91 cost 0
120 129 181 194 91 136 cost 0
0 37 145 194 364 546 cost 0
129 148 48 72 637 728 cost 0
129 148 169 194 273 364 cost 0
27 37 72 84 136 182 cost 0
129 148 48 72 273 364 cost 0
111 148 0 48 546 728 cost 0
74 83 181 194 0 45 cost 0
111 148 0 48 0 182 cost 0
37 55 145 169 273 364 cost 0
0 37 145 194 546 728 cost 0
37 55 145 169 182 273 cost 0
120 129 181 194 182 227 cost 0
37 55 145 169 91 182 cost 0
92 111 0 24 0 91 cost 0
129 148 169 194 637 728 cost 0
18 27 72 84 91 136 cost 0
37 55 0 24 273 364 cost 0
18 27 72 84 45 91 cost 0
129 148 121 145 455 546 cost 0
0 37 0 48 364 546 cost 0
83 92 181 194 45 91 cost 0
129 148 48 72 546 637 cost 0
111 129 48 72 273 364 cost 0
0 18 72 97 0 91 cost 0
129 148 48 72 0 91 cost 0
92 111 24 48 91 182 cost 0
92 101 181 194 182 227 cost 0
111 120 72 84 0 45 cost 0
0 18 97 121 273 364 cost 0
0 37 0 48 546 728 cost 0
0 37 0 48 0 182 cost 0
129 148 169 194 546 637 cost 0
55 64 157 169 0 45 cost 0
0 18 97 121 0 91 cost 0
111 129 48 72 182 273 cost 0
partitioning time: 5.608905 seconds
