hostname : cph-gpu2.uncc.edu
bounding: [1053872.965;1068485.726]x[860186.8419;879395.9741]x[3;730]
read 11056 observations
res: 100 100 1 bw: 2500 2500 1
box size: 148 x 194 x 728
nbparts: 64
max load allowed: 0.03256746752
max states: 21861824
mem: 1.95459938 GB (this is an order of magnitude)
355490 states processed
solution: 0.0325668988 in 30 boxes.
naive: 0.5210794803 speedup:16.00027941
sumload:0.5225525074 overhead:1.002826876
32 64 96 128 0 448 cost 0.0325668988
96 128 128 160 0 384 cost 0.0322957173
64 96 128 160 0 384 cost 0.0319076087
64 96 64 96 96 728 cost 0.0317313269
128 148 32 194 0 384 cost 0.0308396345
96 128 0 96 0 352 cost 0.0302008575
96 128 96 128 0 192 cost 0.0300972361
64 96 96 128 0 128 cost 0.0284765836
64 96 96 128 128 480 cost 0.0281141207
32 64 64 96 0 160 cost 0.0278638715
32 64 0 64 0 480 cost 0.0270356067
0 32 0 194 0 728 cost 0.0266860298
64 96 0 64 0 728 cost 0.0237684395
64 96 64 96 0 96 cost 0.022098775
96 128 96 128 192 728 cost 0.0203792178
32 64 128 194 0 728 cost 0.0191649377
96 128 160 194 0 384 cost 0.0170642333
64 96 160 194 0 384 cost 0.0116691661
32 64 64 96 160 480 cost 0.010782303
96 128 0 96 352 728 cost 0.0063278102
64 96 96 128 480 728 cost 0.0057773622
128 148 32 194 384 728 cost 0.0051397635
96 128 128 160 384 728 cost 0.0049457691
64 96 128 160 384 728 cost 0.0045961225
96 128 160 194 384 728 cost 0.0032794361
32 64 64 96 480 728 cost 0.0030395108
32 64 96 128 448 728 cost 0.0029303808
64 96 160 194 384 728 cost 0.0019613411
32 64 0 64 480 728 cost 0.0018124466
128 148 0 32 0 728 cost 0
partitioning time: 988.526688 seconds
