hostname : cph-gpu3.uncc.edu
bounding: [1053872.965;1068485.726]x[860186.8419;879395.9741]x[3;730]
read 11056 observations
res: 50 50 1 bw: 100 100 1
box size: 294 x 386 x 728
nbparts: 32
max load allowed: 0.0004983680531
max states: 3086976
mem: 0.2759971619 GB (this is an order of magnitude)
240281 states processed
solution: 0.0004871985 in 22 boxes.
naive: 0.0053159259 speedup:10.91121155
sumload:0.0053361645 overhead:1.003807164
192 256 288 386 0 512 cost 0.0004871985
192 256 160 224 0 728 cost 0.0004786242
192 256 224 288 0 512 cost 0.0004769499
128 192 128 192 0 256 cost 0.0004719666
128 192 256 386 0 728 cost 0.0004616643
0 128 160 224 0 512 cost 0.0004335597
0 128 96 160 0 256 cost 0.0004319115
0 128 224 386 0 728 cost 0.000358173
128 192 224 256 0 728 cost 0.0003267045
128 192 192 224 0 256 cost 0.0002983767
256 294 0 256 0 512 cost 0.0002768061
128 192 0 128 0 728 cost 0.0001986012
128 192 128 192 256 728 cost 0.0001473927
0 128 0 96 0 728 cost 0.0001023666
128 192 192 224 256 728 cost 0.0001014444
0 128 96 160 256 728 cost 8.3001e-05
192 256 288 386 512 728 cost 5.27163e-05
192 256 0 160 0 728 cost 5.01243e-05
192 256 224 288 512 728 cost 3.76533e-05
0 128 160 224 512 728 cost 3.00972e-05
256 294 0 256 512 728 cost 1.72512e-05
256 294 256 386 0 728 cost 1.35813e-05
partitioning time: 57.603915 seconds
