hostname : cph-c3.uncc.edu
bounding: [1053872.965;1068485.726]x[860186.8419;879395.9741]x[3;730]
read 11056 observations
res: 50 50 1 bw: 100 100 1
box size: 294 x 386 x 728
nbparts: 64
max load allowed: 0.0002491840266
max states: 5390784
mem: 0.4819736481 GB (this is an order of magnitude)
115004 states processed
solution: 0.0002487804 in 46 boxes.
naive: 0.0053159259 speedup:21.36794498
sumload:0.0053681152 overhead:1.009817537
192 256 192 256 0 128 cost 0.0002487804
64 128 192 256 0 192 cost 0.0002479642
128 192 128 192 64 192 cost 0.0002436979
192 256 256 320 0 128 cost 0.0002382151
128 192 192 256 128 256 cost 0.0002365709
128 192 256 320 0 192 cost 0.0002306528
64 128 128 192 64 192 cost 0.0002253179
128 192 128 192 192 728 cost 0.000213034
192 256 320 386 0 256 cost 0.0002063019
192 256 192 256 128 320 cost 0.0001949122
64 128 0 128 64 256 cost 0.0001878434
256 294 0 256 0 192 cost 0.0001783734
128 192 128 192 0 64 cost 0.0001692874
192 256 256 320 128 384 cost 0.0001665452
128 192 192 256 64 128 cost 0.000164992
128 192 0 128 0 256 cost 0.0001585824
64 128 256 386 0 728 cost 0.0001526919
128 192 192 256 0 64 cost 0.0001507139
192 256 0 192 0 192 cost 0.0001446057
192 256 192 256 320 728 cost 0.0001441109
64 128 128 192 0 64 cost 0.0001340495
64 128 128 192 192 728 cost 0.0001339991
64 128 0 128 0 64 cost 0.0001319464
128 192 192 256 256 448 cost 0.0001182226
128 192 256 320 192 728 cost 0.00011728
128 192 320 386 0 728 cost 0.0001155408
256 294 0 256 192 448 cost 9.2553e-05
64 128 192 256 192 728 cost 8.70641e-05
192 256 320 386 256 728 cost 7.81782e-05
128 192 192 256 448 728 cost 6.1557e-05
192 256 256 320 384 728 cost 5.93083e-05
192 256 0 192 192 320 cost 5.80365e-05
0 64 256 386 0 256 cost 5.72001e-05
64 128 0 128 256 728 cost 5.68863e-05
192 256 0 192 320 728 cost 5.05548e-05
128 192 0 128 256 728 cost 4.00188e-05
0 64 0 256 0 256 cost 1.87464e-05
256 294 0 256 512 728 cost 1.72512e-05
0 64 256 386 256 728 cost 9.4797e-06
256 294 256 386 64 384 cost 8.5839e-06
256 294 0 256 448 512 cost 5.8797e-06
0 64 0 256 320 728 cost 4.0038e-06
0 64 0 256 256 320 cost 3.5841e-06
256 294 256 386 0 64 cost 2.2503e-06
256 294 256 386 384 576 cost 1.5516e-06
256 294 256 386 576 728 cost 1.1955e-06
partitioning time: 143.856165 seconds
