hostname : cph-c22.uncc.edu
bounding: [1053872.965;1068485.726]x[860186.8419;879395.9741]x[3;730]
read 11056 observations
res: 100 100 1 bw: 500 500 7
box size: 148 x 194 x 728
nbparts: 64
max states: 21861824
mem: 1.95459938 GB (this is an order of magnitude)
6017063 states processed
solution: 0.0037350448 in 24 boxes.
naive: 0.0609225435 speedup:16.31106098
sumload:0.0617888237 overhead:1.01421937
0 64 96 128 0 480 cost 0.0037350448
0 64 32 64 0 288 cost 0.0036851603
64 96 64 96 0 128 cost 0.0036767367
64 96 128 160 0 480 cost 0.0036718723
64 96 96 128 0 128 cost 0.0036134542
64 96 96 128 128 352 cost 0.0036021794
0 64 64 96 0 128 cost 0.0035332009
96 148 128 160 0 192 cost 0.0034341644
96 148 160 194 0 728 cost 0.0033605137
128 148 64 128 0 728 cost 0.0033455856
0 128 64 128 480 728 cost 0.0031788591
96 128 96 128 128 480 cost 0.0030415694
96 128 96 128 0 128 cost 0.0028890788
64 96 64 96 128 480 cost 0.0028523776
96 128 64 96 0 480 cost 0.0027184296
0 64 128 160 0 480 cost 0.0023287456
64 148 32 64 0 728 cost 0.0020993059
0 64 64 96 128 480 cost 0.0019664481
96 148 128 160 192 728 cost 0.0018728222
0 96 160 194 0 480 cost 0.0012225644
0 96 128 194 480 728 cost 0.0006065016
64 96 96 128 352 480 cost 0.000546992
0 64 32 64 288 728 cost 0.0005424671
0 148 0 32 0 728 cost 0.00026475
partitioning time: 1499.775747 seconds
