hostname : cph-gpu1.uncc.edu
bounding: [1053872.965;1068485.726]x[860186.8419;879395.9741]x[3;730]
read 11056 observations
res: 100 100 1 bw: 500 500 7
box size: 148 x 194 x 728
nbparts: 16
mem: 0.1221542358 GB (this is an order of magnitude)
14737 states processed
solution: 0.0047103431 in 16 boxes.
naive: 0.0609225435 speedup:12.93378045
sumload:0.0628727435 overhead:1.032011139
0 128 160 194 0 728 cost 0.0047103431
0 128 96 128 64 128 cost 0.0046149432
0 128 96 128 0 64 cost 0.0045087421
0 128 64 96 64 128 cost 0.0044513012
0 128 128 160 64 192 cost 0.0044278093
0 128 64 96 0 64 cost 0.0043389091
0 128 0 64 0 128 cost 0.0040338814
0 128 64 96 128 256 cost 0.0039839326
0 128 128 160 192 728 cost 0.0039778351
0 128 64 96 256 728 cost 0.0037596398
0 128 96 128 320 728 cost 0.0036670174
128 148 0 194 0 728 cost 0.0036340626
0 128 96 128 192 320 cost 0.0035349564
0 128 96 128 128 192 cost 0.003338344
0 128 128 160 0 64 cost 0.0032835301
0 128 0 64 128 728 cost 0.0026074961
partitioning time: 6.346459 seconds
