hostname : cph-gpu1.uncc.edu
bounding: [-130;-65]x[20;50]x[5875;5958]
read 588189 observations
res: 0.1 0.1 1 bw: 2.5 2.5 7
box size: 651 x 301 x 84
nbparts: 16
max states: 3959376
mem: 0.3539958 GB (this is an order of magnitude)
381433 states processed
solution: 4.730721681 in 16 boxes.
naive: 67.21899211 speedup:14.20903546
sumload:68.45320954 overhead:1.018361142
544 651 192 224 0 84 cost 4.730721681
128 651 0 160 64 84 cost 4.64475152
128 384 96 128 0 64 cost 4.609475173
384 480 96 160 0 64 cost 4.579735212
0 96 0 301 0 84 cost 4.555696188
384 512 160 192 0 84 cost 4.44217672
384 480 192 224 0 84 cost 4.417556608
480 651 0 160 0 64 cost 4.41207207
128 384 128 160 0 64 cost 4.353353282
96 128 0 301 0 84 cost 4.311931415
128 384 160 224 0 84 cost 4.22808281
448 651 224 301 0 84 cost 4.057441839
128 480 0 96 0 64 cost 4.013915601
480 544 192 224 0 84 cost 3.834427339
512 651 160 192 0 84 cost 3.804238507
128 448 224 301 0 84 cost 3.457633575
partitioning time: 2989.040901 seconds
