hostname : cph-c25.uncc.edu
bounding: [-130;-65]x[20;50]x[5875;5958]
read 588189 observations
res: 0.1 0.1 1 bw: 1 1 3
box size: 651 x 301 x 84
nbparts: 16
mem: 0.00550031662 GB (this is an order of magnitude)
14986 states processed
solution: 0.7434229285 in 16 boxes.
naive: 7.046724289 speedup:9.478755656
sumload:7.102179519 overhead:1.007869647
512 576 192 256 0 64 cost 0.7434229285
0 128 0 192 0 84 cost 0.7223637874
320 448 0 128 0 84 cost 0.7140121494
320 448 192 301 0 84 cost 0.6755846302
320 448 128 192 0 84 cost 0.6417141492
128 320 128 301 0 84 cost 0.6051077661
448 512 128 192 0 84 cost 0.586471283
448 512 0 128 0 84 cost 0.5543357813
448 512 192 301 0 84 cost 0.4975693778
512 576 0 192 0 84 cost 0.3707661293
0 128 192 301 0 84 cost 0.2849883603
512 576 192 256 64 84 cost 0.2587620434
128 320 0 128 0 84 cost 0.2413254462
576 651 0 301 0 64 cost 0.1541861346
576 651 0 301 64 84 cost 0.0510373998
512 576 256 301 0 84 cost 0.000532153
partitioning time: 173.545153 seconds
