hostname : cph-c12.uncc.edu
bounding: [-130;-65]x[20;50]x[5875;5958]
read 588189 observations
res: 0.1 0.1 1 bw: 2.5 2.5 7
box size: 651 x 301 x 84
nbparts: 64
mem: 0.3539886475 GB (this is an order of magnitude)
294927 states processed
solution: 2.628951025 in 41 boxes.
naive: 67.21899211 speedup:25.56875023
sumload:68.14565889 overhead:1.013785788
544 576 192 224 0 64 cost 2.628951025
352 448 224 301 0 84 cost 2.59926278
352 448 192 224 0 64 cost 2.580596087
448 480 192 301 0 84 cost 2.560737549
448 480 0 128 0 84 cost 2.555791088
0 96 192 301 0 84 cost 2.475908618
128 224 128 160 0 84 cost 2.475152255
224 320 128 301 0 84 cost 2.397402723
512 544 192 301 0 64 cost 2.370310606
320 352 128 301 0 84 cost 2.32285104
448 480 128 192 0 64 cost 2.304059042
352 448 96 128 0 84 cost 2.256857903
352 448 160 192 0 84 cost 2.178873615
512 544 160 192 0 84 cost 2.146462737
0 96 0 192 0 84 cost 2.08170148
480 512 96 160 0 84 cost 2.035101345
96 128 128 160 0 84 cost 2.010767118
352 448 128 160 0 84 cost 1.991220168
320 352 96 128 0 84 cost 1.986653928
480 512 192 301 0 84 cost 1.955456413
224 320 0 128 0 84 cost 1.9052868
480 512 0 96 0 84 cost 1.899738793
544 576 0 192 0 84 cost 1.5719121
128 224 160 301 0 84 cost 1.501794823
96 128 160 301 0 84 cost 1.473696964
480 512 160 192 0 84 cost 1.390312384
128 224 0 128 0 84 cost 1.271414652
320 352 0 96 0 84 cost 1.232213873
352 448 0 96 0 84 cost 1.158892809
544 576 224 301 0 84 cost 1.13271071
512 544 0 160 0 84 cost 1.078706756
576 651 192 224 0 64 cost 1.041469471
544 576 192 224 64 84 cost 0.9332624146
96 128 0 128 0 84 cost 0.8358238209
576 651 224 301 0 64 cost 0.7719658673
512 544 192 301 64 84 cost 0.7547777775
352 448 192 224 64 84 cost 0.7478122031
448 480 128 192 64 84 cost 0.680386423
576 651 192 224 64 84 cost 0.3771612885
576 651 224 301 64 84 cost 0.2602504129
576 651 0 192 0 84 cost 0.2119510255
partitioning time: 4457.095665 seconds
