hostname : cph-c37.uncc.edu
bounding: [1053872.965;1068485.726]x[860186.8419;879395.9741]x[3;730]
read 11056 observations
res: 50 50 1 bw: 2500 2500 14
box size: 294 x 386 x 728
nbparts: 64
max states: 5390784
mem: 0.4819736481 GB (this is an order of magnitude)
1407558 states processed
solution: 0.2576729896 in 45 boxes.
naive: 8.268027147 speedup:32.08728691
sumload:8.480267264 overhead:1.025669983
192 256 320 386 0 320 cost 0.2576729896
64 128 256 320 0 512 cost 0.2526567415
64 128 64 128 0 128 cost 0.2516193167
64 128 192 256 64 192 cost 0.2472147768
64 192 320 386 0 728 cost 0.2461155106
128 192 64 128 0 192 cost 0.2402804441
128 192 192 256 192 384 cost 0.2401850018
128 192 192 256 64 128 cost 0.239364188
128 192 192 256 0 64 cost 0.2374324539
128 192 256 320 64 192 cost 0.2359920193
192 256 192 256 256 728 cost 0.2339687245
192 256 128 192 128 448 cost 0.2328500288
128 192 128 192 0 64 cost 0.2310639012
192 256 192 256 128 256 cost 0.2301778308
192 256 256 320 64 192 cost 0.2293139395
128 192 128 192 128 256 cost 0.2276999477
64 128 128 192 128 448 cost 0.2268344145
256 294 256 386 0 728 cost 0.2257038192
0 64 64 192 0 728 cost 0.2246034592
128 192 128 192 64 128 cost 0.2244543662
192 256 128 192 0 128 cost 0.2140872291
64 128 128 192 64 128 cost 0.2139047733
192 256 256 320 192 728 cost 0.2123080128
256 294 192 256 0 728 cost 0.2112780475
128 192 128 192 256 728 cost 0.2089000031
128 192 256 320 192 728 cost 0.2039947954
64 128 128 192 0 64 cost 0.1974387213
0 64 192 386 0 728 cost 0.1875555173
192 256 192 256 0 64 cost 0.1851688286
192 256 192 256 64 128 cost 0.1849490363
64 128 192 256 192 728 cost 0.1826039461
128 192 192 256 128 192 cost 0.1795793672
192 256 256 320 0 64 cost 0.1675268398
64 128 64 128 128 728 cost 0.1564099277
128 192 256 320 0 64 cost 0.1558572839
64 128 192 256 0 64 cost 0.1510720543
128 192 192 256 384 728 cost 0.1367660337
0 294 0 64 0 728 cost 0.1146798545
256 294 128 192 0 728 cost 0.112323423
128 192 64 128 192 728 cost 0.0934229262
192 294 64 128 0 728 cost 0.081967371
192 256 320 386 320 728 cost 0.0639658014
192 256 128 192 448 728 cost 0.0587294009
64 128 128 192 448 728 cost 0.0529305469
64 128 256 320 512 728 cost 0.0176436489
partitioning time: 303.673322 seconds
