hostname : cph-gpu4.uncc.edu
bounding: [1053872.965;1068485.726]x[860186.8419;879395.9741]x[3;730]
read 11056 observations
res: 50 50 1 bw: 2500 2500 14
box size: 294 x 386 x 728
nbparts: 64
max load allowed: 0.2583758484
max states: 98783744
mem: 8.831954956 GB (this is an order of magnitude)
1008665 states processed
solution: 0.2559456699 in 44 boxes.
naive: 8.268027147 speedup:32.30383679
sumload:8.287155452 overhead:1.002313527
160 192 96 160 0 728 cost 0.2559456699
224 256 256 320 0 728 cost 0.2555795361
128 160 192 224 0 728 cost 0.2541007038
256 294 224 320 0 728 cost 0.2538909241
128 160 256 320 0 728 cost 0.2519748999
160 192 192 224 0 448 cost 0.250339962
160 192 224 256 0 728 cost 0.243458536
128 160 160 192 0 728 cost 0.2425136028
64 96 96 160 0 728 cost 0.2414365885
128 160 0 128 0 728 cost 0.2398068888
64 96 160 224 0 728 cost 0.2384965809
160 192 160 192 0 728 cost 0.2384716345
192 224 192 224 0 728 cost 0.2357830013
0 64 0 192 0 728 cost 0.2339417591
96 128 64 128 0 728 cost 0.2323350964
160 192 288 352 0 728 cost 0.2264886078
256 294 0 224 0 728 cost 0.223787635
192 224 224 256 0 728 cost 0.2198989583
224 256 0 192 0 728 cost 0.2164239387
128 160 224 256 0 728 cost 0.2145191487
128 160 128 160 0 728 cost 0.2076871607
96 128 160 192 0 728 cost 0.2026894622
96 128 256 386 0 728 cost 0.2010277889
64 96 224 386 0 728 cost 0.199295201
96 128 128 160 0 728 cost 0.199279629
96 128 192 224 0 728 cost 0.1935305341
160 192 256 288 0 728 cost 0.1917744962
192 224 256 288 0 728 cost 0.1894974986
0 64 192 386 0 728 cost 0.1875555173
192 224 160 192 0 728 cost 0.1871341678
224 256 192 224 0 728 cost 0.1803699165
192 224 320 386 0 728 cost 0.1779517478
192 224 0 160 0 728 cost 0.175917592
224 256 224 256 0 728 cost 0.1688572911
96 128 224 256 0 728 cost 0.1625991037
192 224 288 320 0 728 cost 0.1480457367
224 256 320 386 0 728 cost 0.1429214909
64 96 0 96 0 728 cost 0.0901744311
256 294 320 386 0 728 cost 0.0766359852
128 160 320 386 0 728 cost 0.0688306266
160 192 352 386 0 728 cost 0.0541230172
160 192 0 96 0 728 cost 0.0478526482
96 128 0 64 0 728 cost 0.0339531603
160 192 192 224 448 728 cost 0.0302575764
partitioning time: 847.853915 seconds
