hostname : cph-c54.uncc.edu
bounding: [1053872.965;1068485.726]x[860186.8419;879395.9741]x[3;730]
read 11056 observations
res: 100 100 1 bw: 500 500 7
box size: 148 x 194 x 728
nbparts: 32
max load allowed: 0.005711488453
max states: 2732544
mem: 0.2443084717 GB (this is an order of magnitude)
75685 states processed
solution: 0.00557205 in 16 boxes.
naive: 0.0609225435 speedup:10.93359598
sumload:0.0615958165 overhead:1.011051295
0 64 96 194 0 320 cost 0.00557205
0 64 64 96 0 512 cost 0.0054870803
64 96 64 96 0 256 cost 0.0054335938
64 96 128 194 0 728 cost 0.005324648
96 148 128 160 0 728 cost 0.0052889026
96 148 96 128 0 192 cost 0.0051624197
64 96 96 128 128 728 cost 0.0048259958
0 64 0 64 0 728 cost 0.0043739269
96 148 0 96 0 728 cost 0.0041950516
96 148 96 128 192 728 cost 0.0037256548
64 96 96 128 0 128 cost 0.0036134542
96 148 160 194 0 728 cost 0.0033605137
64 96 0 64 0 728 cost 0.0022048834
64 96 64 96 256 728 cost 0.0017309092
0 64 96 194 320 728 cost 0.0009287333
0 64 64 96 512 728 cost 0.0003679992
partitioning time: 99.752246 seconds
