hostname : cph-c28.uncc.edu
bounding: [1053872.965;1068485.726]x[860186.8419;879395.9741]x[3;730]
read 11056 observations
res: 50 50 1 bw: 2500 2500 14
box size: 294 x 386 x 728
nbparts: 32
solution: 0.9406857328 in 36 boxes.
naive: 8.268027147 speedup:8.789361696
sumload:8.362697155 overhead:1.011450133
147 220 193 289 0 182 cost 0.9406857328
73 147 96 193 0 182 cost 0.8521599907
73 147 193 289 0 182 cost 0.6609713819
147 220 96 193 0 182 cost 0.6488448472
147 294 193 386 364 728 cost 0.5451931087
220 294 193 289 0 182 cost 0.5083945895
147 220 289 386 0 182 cost 0.4104436272
147 220 193 289 182 364 cost 0.3932513855
220 294 289 386 0 182 cost 0.2641788441
147 220 96 193 182 364 cost 0.2522071143
73 147 193 289 182 364 cost 0.2352744151
147 294 0 193 364 728 cost 0.2349000928
73 147 96 193 182 364 cost 0.2237040306
220 294 193 289 182 364 cost 0.2213297165
220 294 96 193 0 182 cost 0.2102047436
0 73 96 193 0 182 cost 0.2057599632
0 147 0 193 364 728 cost 0.1984854897
73 147 0 96 0 182 cost 0.1937913031
0 147 193 386 364 728 cost 0.1879486079
0 73 193 289 0 182 cost 0.1461107687
73 147 289 386 0 182 cost 0.135481306
147 220 289 386 182 364 cost 0.1328597751
220 294 96 193 182 364 cost 0.1094771243
220 294 289 386 182 364 cost 0.0948272531
147 220 0 96 0 182 cost 0.0678667034
0 73 0 96 0 182 cost 0.0481137985
73 147 289 386 182 364 cost 0.047348446
0 73 96 193 182 364 cost 0.0456574885
73 147 0 96 182 364 cost 0.0417364583
0 73 193 289 182 364 cost 0.0409365446
0 73 289 386 0 182 cost 0.0288942262
147 220 0 96 182 364 cost 0.016240031
0 73 0 96 182 364 cost 0.0095413534
0 73 289 386 182 364 cost 0.0094590278
220 294 0 96 0 182 cost 0.0003464805
220 294 0 96 182 364 cost 7.13848e-05
partitioning time: 0.112103 seconds
