hostname : cph-c40.uncc.edu
bounding: [-130;-65]x[20;50]x[5875;5958]
read 588189 observations
res: 0.01 0.01 1 bw: 0.5 0.5 3
box size: 6501 x 3001 x 84
nbparts: 32
mem: 0.4293823242 GB (this is an order of magnitude)
393003 states processed
solution: 8.096357957 in 32 boxes.
naive: 162.5264313 speedup:20.0740175
sumload:163.6197944 overhead:1.006727294
1024 1280 1280 1536 0 64 cost 8.096357957
3328 3840 1280 3001 0 84 cost 8.031164245
5376 5632 2048 3001 0 84 cost 7.903273797
3328 3840 0 1280 0 84 cost 7.670575749
4864 5376 1280 1792 0 84 cost 7.506579712
2560 3328 0 1280 0 84 cost 7.465630212
3840 4352 2048 3001 0 84 cost 7.379217368
4352 4608 0 1792 0 84 cost 7.239024704
5376 5632 0 2048 0 84 cost 7.234405477
1280 2560 0 1536 0 84 cost 6.984187979
0 1024 0 2048 0 84 cost 6.982841931
4864 5376 1792 2048 0 64 cost 6.690966755
4352 4608 1792 3001 0 84 cost 6.501439844
1280 2560 1536 3001 0 84 cost 6.110409482
4608 4864 1280 2048 0 84 cost 5.931198213
4608 4864 0 1280 0 84 cost 5.916707515
2560 3328 1280 3001 0 84 cost 5.882267732
4864 5376 0 1280 0 84 cost 5.704237737
5632 6501 2048 2304 0 64 cost 5.453168636
0 1024 2048 3001 0 84 cost 5.307980562
3840 4352 0 1536 0 84 cost 5.219969557
3840 4352 1536 2048 0 84 cost 4.708803229
4608 4864 2048 3001 0 84 cost 4.509428916
4864 5376 2048 3001 0 84 cost 3.839748274
1024 1280 1280 1536 64 84 cost 2.08196747
4864 5376 1792 2048 64 84 cost 2.007131825
5632 6501 2048 2304 64 84 cost 1.95090703
1024 1280 1536 3001 0 84 cost 1.44038514
5632 6501 2304 3001 0 64 cost 0.778961893
5632 6501 0 2048 0 84 cost 0.5618505462
1024 1280 0 1280 0 84 cost 0.2861139064
5632 6501 2304 3001 64 84 cost 0.242891039
partitioning time: 4680.872671 seconds
