hostname : cph-gpu1.uncc.edu
bounding: [1053872.965;1068485.726]x[860186.8419;879395.9741]x[3;730]
read 11056 observations
res: 100 100 1 bw: 500 500 7
box size: 148 x 194 x 728
nbparts: 64
mem: 0.02661895752 GB (this is an order of magnitude)
17298 states processed
solution: 0.0059890711 in 23 boxes.
naive: 0.0609225435 speedup:10.1722859
sumload:0.0631520647 overhead:1.036595997
64 128 64 128 0 64 cost 0.0059890711
64 128 64 128 64 128 cost 0.0058576234
0 64 0 194 64 128 cost 0.005143888
0 64 0 194 0 64 cost 0.0051014646
64 128 128 194 64 192 cost 0.0050765993
64 128 64 128 192 320 cost 0.0049990268
64 128 64 128 320 728 cost 0.0048802927
64 128 128 194 192 728 cost 0.0047717121
0 64 0 194 192 728 cost 0.004615121
64 128 64 128 128 192 cost 0.0042724335
64 128 128 194 0 64 cost 0.0041004771
0 64 0 194 128 192 cost 0.0023843936
64 128 0 64 0 728 cost 0.0022049284
128 148 0 128 64 128 cost 0.0009257484
128 148 0 128 192 320 cost 0.0007523001
128 148 0 128 0 64 cost 0.000702339
128 148 0 128 320 728 cost 0.0005735901
128 148 0 128 128 192 cost 0.00050556
128 148 128 194 64 128 cost 6.83457e-05
128 148 128 194 0 64 cost 6.33549e-05
128 148 128 194 320 728 cost 6.27764e-05
128 148 128 194 192 320 cost 5.38393e-05
128 148 128 194 128 192 cost 4.71792e-05
partitioning time: 9.247903 seconds
