hostname : cph-c77.uncc.edu
bounding: [1053872.965;1068485.726]x[860186.8419;879395.9741]x[3;730]
read 11056 observations
res: 50 50 1 bw: 2500 2500 14
box size: 294 x 386 x 728
nbparts: 16
max states: 1347696
mem: 0.120493412 GB (this is an order of magnitude)
110371 states processed
solution: 0.5772029389 in 16 boxes.
naive: 8.268027147 speedup:14.32429842
sumload:8.446785532 overhead:1.02162044
64 294 128 192 64 128 cost 0.5772029389
192 294 256 386 0 128 cost 0.5754086236
192 294 256 386 128 728 cost 0.574517635
64 294 128 192 0 64 cost 0.564716667
64 128 192 256 0 728 cost 0.5643914492
64 294 128 192 128 256 cost 0.5554540466
64 192 256 386 0 128 cost 0.5544214275
128 294 192 256 256 728 cost 0.5537104019
64 192 256 386 128 728 cost 0.5522540572
64 294 128 192 256 728 cost 0.5238466436
128 192 192 256 64 256 cost 0.5237127727
192 294 192 256 64 256 cost 0.5148719707
128 294 192 256 0 64 cost 0.4689334664
64 128 0 128 0 728 cost 0.4610812243
128 294 0 128 0 728 cost 0.4609086675
0 64 0 386 0 728 cost 0.4213535404
partitioning time: 11.433229 seconds
