hostname : cph-c37.uncc.edu
bounding: [-130;-65]x[20;50]x[5875;5958]
read 588189 observations
res: 0.01 0.01 1 bw: 1 1 3
box size: 6501 x 3001 x 84
nbparts: 32
mem: 0.4293823242 GB (this is an order of magnitude)
371133 states processed
solution: 29.7555524 in 32 boxes.
naive: 643.6159509 speedup:21.63011267
sumload:648.9011233 overhead:1.008211686
1024 1280 1280 1536 0 64 cost 29.7555524
4864 5376 1280 1792 0 84 cost 28.92402809
2560 3328 0 1280 0 84 cost 28.82513
3328 4352 1280 1792 0 84 cost 28.78049642
3328 4352 2048 2304 0 84 cost 28.71134631
4352 4608 0 1792 0 84 cost 28.13533989
0 1024 0 2048 0 84 cost 27.96937837
1280 1792 0 3001 0 84 cost 27.71357409
5376 5632 2048 3001 0 84 cost 26.73476817
4608 4864 1280 2048 0 84 cost 25.60978244
5632 6501 2048 3001 0 64 cost 25.55803555
4864 5376 1792 2048 0 64 cost 25.12905153
1792 2560 0 3001 0 84 cost 24.89824234
4352 4608 1792 3001 0 84 cost 24.40829383
5376 5632 0 2048 0 64 cost 23.83070539
4864 5376 0 1280 0 84 cost 23.08125793
4608 4864 0 1280 0 84 cost 22.98227621
3328 4352 1024 1280 0 84 cost 22.92926867
2560 3328 1280 3001 0 84 cost 22.77845616
3328 4352 0 1024 0 84 cost 22.33081561
0 1024 2048 3001 0 84 cost 21.07053644
4608 4864 2048 3001 0 84 cost 16.86085641
3328 4352 1792 2048 0 84 cost 16.39351324
4864 5376 2048 3001 0 84 cost 15.6581524
3328 4352 2304 3001 0 84 cost 14.57560277
5632 6501 2048 3001 64 84 cost 9.096432945
1024 1280 1280 1536 64 84 cost 7.634977956
5376 5632 0 2048 64 84 cost 7.551503465
4864 5376 1792 2048 64 84 cost 7.488979206
5632 6501 0 2048 0 84 cost 6.052268368
1024 1280 1536 3001 0 84 cost 5.730858426
1024 1280 0 1280 0 84 cost 1.701642256
partitioning time: 4432.307001 seconds
