hostname : cph-c45.uncc.edu
bounding: [1053872.965;1068485.726]x[860186.8419;879395.9741]x[3;730]
read 11056 observations
res: 50 50 1 bw: 2500 2500 1
box size: 294 x 386 x 728
nbparts: 64
max states: 8000
mem: 0.0007152557373 GB (this is an order of magnitude)
13140 states processed
solution: 0.367250985 in 35 boxes.
naive: 2.038316503 speedup:5.550200234
sumload:2.080301086 overhead:1.020597676
0 256 0 256 0 64 cost 0.367250985
0 256 0 256 64 128 cost 0.3596592532
0 256 0 256 128 192 cost 0.2165235865
0 256 0 256 192 256 cost 0.1446683782
0 256 256 386 0 64 cost 0.144391122
0 256 256 386 64 128 cost 0.121341718
0 256 0 256 256 320 cost 0.0925883497
0 256 256 386 128 192 cost 0.0776065853
0 256 0 256 320 384 cost 0.0589855331
0 256 256 386 192 256 cost 0.0515858625
0 256 0 256 384 448 cost 0.0457504059
0 256 0 256 576 640 cost 0.0362849585
0 256 256 386 256 320 cost 0.0361617779
0 256 0 256 512 576 cost 0.0360427691
0 256 0 256 640 728 cost 0.0332843829
256 294 0 386 64 128 cost 0.0318317513
256 294 0 386 0 64 cost 0.0317118483
0 294 0 256 448 512 cost 0.0285169018
0 256 256 386 576 728 cost 0.0274234899
0 256 256 386 320 384 cost 0.0235861615
256 294 0 386 128 192 cost 0.0196682632
0 256 256 386 384 448 cost 0.0178314053
256 294 0 386 192 256 cost 0.0158439322
0 256 256 386 512 576 cost 0.0135098385
256 294 0 386 256 320 cost 0.0125597207
0 294 256 386 448 512 cost 0.0115070157
256 294 0 386 320 384 cost 0.007593387
256 294 0 386 384 448 cost 0.0061575692
256 294 0 386 512 576 cost 0.0032310597
256 294 0 256 576 640 cost 0.0019806168
256 294 0 256 640 704 cost 0.0017861727
256 294 256 386 576 640 cost 0.0014874654
256 294 256 386 640 704 cost 0.0012228428
256 294 256 386 704 728 cost 0.0003824137
256 294 0 256 704 728 cost 0.0003435627
partitioning time: 1.878641 seconds
