hostname : cph-c23.uncc.edu
bounding: [1053872.965;1068485.726]x[860186.8419;879395.9741]x[3;730]
read 11056 observations
res: 100 100 1 bw: 500 500 7
box size: 148 x 194 x 728
nbparts: 16
max states: 74432
mem: 0.00665473938 GB (this is an order of magnitude)
13204 states processed
solution: 0.0059890711 in 16 boxes.
naive: 0.0609225435 speedup:10.1722859
sumload:0.0631964239 overhead:1.037324121
64 128 64 128 0 64 cost 0.0059890711
64 128 64 128 64 128 cost 0.0058576234
64 148 128 194 128 448 cost 0.0054362801
0 64 64 194 128 728 cost 0.0052726401
64 148 64 128 128 192 cost 0.0047740609
64 148 64 128 256 448 cost 0.0047686917
64 148 64 194 448 728 cost 0.00439992
64 128 128 194 0 64 cost 0.0041004771
0 148 0 64 0 128 cost 0.0040338814
0 64 64 194 64 128 cost 0.0038686414
64 148 64 128 192 256 cost 0.0035750053
0 64 64 194 0 64 cost 0.0035536667
64 128 128 194 64 128 cost 0.003199859
0 148 0 64 128 728 cost 0.0026074961
128 148 64 194 64 128 cost 0.0009936489
128 148 64 194 0 64 cost 0.0007654607
partitioning time: 1.865665 seconds
