hostname : cph-c73.uncc.edu
bounding: [1053872.965;1068485.726]x[860186.8419;879395.9741]x[3;730]
read 11056 observations
res: 50 50 1 bw: 2500 2500 14
box size: 294 x 386 x 728
nbparts: 2048
solution: 0.01473378 in 2052 boxes.
naive: 8.268027147 speedup:561.1613006
sumload:9.217435912 overhead:1.114828937
220 257 337 386 182 273 cost 0.01473378
128 147 217 241 0 45 cost 0.0147239089
128 147 120 144 91 136 cost 0.0147184026
110 147 193 241 546 637 cost 0.0147064443
147 183 96 144 273 364 cost 0.0146998342
183 201 193 217 0 45 cost 0.0146787729
128 147 217 241 136 182 cost 0.0146559784
110 128 193 217 91 136 cost 0.0146552294
110 128 120 144 91 136 cost 0.0146455935
110 147 337 386 0 91 cost 0.0146064249
183 201 217 241 0 45 cost 0.0145533848
165 183 168 193 136 182 cost 0.0145130341
128 147 217 241 91 136 cost 0.0144842377
238 257 241 265 45 91 cost 0.0144734097
54 73 144 168 45 91 cost 0.0144713575
91 110 168 193 91 136 cost 0.0144666685
73 91 193 217 45 91 cost 0.0144105467
91 110 120 144 0 45 cost 0.0143803917
36 73 144 193 182 273 cost 0.0143608198
220 257 193 241 546 637 cost 0.0143472473
147 165 168 193 136 182 cost 0.0142304073
201 220 313 337 45 91 cost 0.0142294158
128 147 265 289 45 91 cost 0.014216105
128 147 168 193 136 182 cost 0.0141169897
201 220 217 241 0 45 cost 0.01410363
201 220 193 217 136 182 cost 0.0140666452
165 183 241 265 0 45 cost 0.0139957601
201 220 265 289 0 45 cost 0.013931738
183 201 217 241 91 136 cost 0.0139017475
201 220 193 217 91 136 cost 0.0138881104
73 91 96 120 45 91 cost 0.0138446794
201 220 241 265 0 45 cost 0.0137821961
165 183 241 265 136 182 cost 0.0137744891
110 147 48 96 182 273 cost 0.0137565942
220 257 96 144 91 182 cost 0.0137542738
201 220 217 241 136 182 cost 0.0137473842
183 201 241 265 0 45 cost 0.013710988
91 110 168 193 0 45 cost 0.0136354677
147 165 144 168 91 136 cost 0.0135999223
238 257 265 289 45 91 cost 0.0135963229
201 220 193 217 0 45 cost 0.0135858054
73 91 217 241 45 91 cost 0.0135727058
220 238 289 313 45 91 cost 0.0135207529
147 165 241 265 136 182 cost 0.0134677979
183 201 168 193 0 45 cost 0.0134541527
110 128 193 217 0 45 cost 0.013436365
183 201 265 289 0 45 cost 0.0134132378
183 201 313 337 45 91 cost 0.013402552
201 220 217 241 91 136 cost 0.0133769014
165 183 144 168 0 45 cost 0.0132950053
110 128 217 241 91 136 cost 0.0132478083
183 201 241 265 136 182 cost 0.0132114453
220 257 144 193 364 455 cost 0.013211203
183 220 144 193 455 546 cost 0.0131873911
147 165 96 120 45 91 cost 0.0131817865
183 220 241 289 546 637 cost 0.0131817083
257 294 289 337 182 273 cost 0.0131704565
183 201 168 193 136 182 cost 0.0131701546
91 110 120 144 91 136 cost 0.0131501573
110 147 241 289 364 455 cost 0.0131491193
54 73 120 144 45 91 cost 0.0131196008
36 73 96 144 182 273 cost 0.0131085631
147 165 241 265 0 45 cost 0.0131064637
128 147 96 120 0 45 cost 0.0130431678
91 110 193 217 91 136 cost 0.0130399785
183 201 168 193 91 136 cost 0.0130116956
257 294 241 289 273 364 cost 0.0129788693
165 183 241 265 91 136 cost 0.0129619476
73 147 0 96 364 546 cost 0.0129358399
91 110 241 265 45 91 cost 0.0129171181
110 128 96 120 0 45 cost 0.0128787784
201 220 241 265 136 182 cost 0.01287079
110 128 217 241 0 45 cost 0.012817851
201 220 289 313 0 45 cost 0.0127829939
165 183 265 289 0 45 cost 0.0127635988
54 73 168 193 45 91 cost 0.0127422651
201 220 144 168 45 91 cost 0.0127401433
201 220 241 265 91 136 cost 0.0127155991
73 147 289 386 546 728 cost 0.0126977109
110 128 72 96 45 91 cost 0.0126701505
73 110 96 144 273 364 cost 0.0126664725
147 165 289 313 45 91 cost 0.0126396362
147 165 120 144 0 45 cost 0.0125896718
147 165 241 265 91 136 cost 0.0125892948
165 183 144 168 91 136 cost 0.0124879062
183 201 241 265 91 136 cost 0.0123625965
220 257 193 241 455 546 cost 0.0123004155
91 110 217 241 91 136 cost 0.0122892505
220 238 217 241 0 45 cost 0.0122853485
73 110 241 289 273 364 cost 0.0122697036
220 238 193 217 91 136 cost 0.0122652264
183 201 289 313 0 45 cost 0.0122616566
147 183 193 241 637 728 cost 0.0122481335
183 220 193 241 637 728 cost 0.0122179462
128 147 241 265 136 182 cost 0.0121858035
128 147 72 96 45 91 cost 0.0121685884
201 220 168 193 0 45 cost 0.0120874166
91 110 217 241 0 45 cost 0.0120794336
147 183 241 289 546 637 cost 0.0120140866
201 220 168 193 136 182 cost 0.0119954883
183 220 289 337 364 455 cost 0.0119178368
220 238 241 265 0 45 cost 0.0118913067
128 147 144 168 136 182 cost 0.0118857227
91 110 96 120 0 45 cost 0.0118680768
73 110 48 96 182 273 cost 0.0118667108
91 110 193 217 0 45 cost 0.011800321
220 238 193 217 0 45 cost 0.0117362563
165 183 193 217 182 227 cost 0.0117240596
36 73 193 241 182 273 cost 0.0116962941
73 91 144 168 91 136 cost 0.0116850139
91 110 72 96 45 91 cost 0.011676833
220 238 265 289 0 45 cost 0.0116628532
238 257 168 193 45 91 cost 0.0116383595
128 147 241 265 0 45 cost 0.0116305212
201 220 265 289 91 136 cost 0.0115866539
220 238 313 337 45 91 cost 0.0115733772
220 238 217 241 91 136 cost 0.0115470116
201 220 168 193 91 136 cost 0.0115418975
257 294 144 193 273 364 cost 0.0115113083
183 201 120 144 45 91 cost 0.0114940969
110 147 144 193 455 546 cost 0.0114555136
128 147 241 265 91 136 cost 0.0114355861
110 128 193 217 136 182 cost 0.0114109714
36 73 289 337 0 91 cost 0.0113140748
110 128 217 241 136 182 cost 0.0113112945
73 91 144 168 0 45 cost 0.0112705728
183 201 193 217 182 227 cost 0.0112429438
238 257 289 313 45 91 cost 0.01122753
165 183 289 313 0 45 cost 0.011196432
73 147 0 96 546 728 cost 0.0111797128
165 183 313 337 45 91 cost 0.0111274461
110 128 96 120 91 136 cost 0.0110726058
147 165 265 289 0 45 cost 0.0110421105
73 91 120 144 0 45 cost 0.0110205832
165 183 265 289 91 136 cost 0.0109985452
183 201 265 289 91 136 cost 0.0109766474
73 110 193 241 364 455 cost 0.0109519873
220 238 193 217 136 182 cost 0.0108857218
201 220 337 361 45 91 cost 0.010879072
220 238 241 265 91 136 cost 0.0108159885
147 165 120 144 91 136 cost 0.0108121848
110 128 168 193 136 182 cost 0.0107888739
201 220 313 337 0 45 cost 0.010772473
73 110 144 193 364 455 cost 0.010750707
128 147 96 120 91 136 cost 0.0107343864
165 183 193 217 227 273 cost 0.0107185646
0 73 193 289 364 546 cost 0.0106855522
147 165 193 217 182 227 cost 0.0106831801
165 183 265 289 136 182 cost 0.0106544199
183 201 265 289 136 182 cost 0.0106434971
110 147 96 144 364 455 cost 0.0106393365
201 220 193 217 182 227 cost 0.01062823
201 220 265 289 136 182 cost 0.0106221967
54 73 96 120 45 91 cost 0.0106170286
147 165 144 168 136 182 cost 0.0106155484
165 183 168 193 182 227 cost 0.0106140962
238 257 193 217 91 136 cost 0.0105891153
183 220 241 289 455 546 cost 0.0105814492
165 183 217 241 182 227 cost 0.0105510588
110 147 193 241 455 546 cost 0.0105425123
165 183 120 144 0 45 cost 0.010515066
220 257 96 144 182 273 cost 0.0105023126
220 238 217 241 136 182 cost 0.0104710239
73 91 168 193 91 136 cost 0.0104498376
110 128 265 289 45 91 cost 0.0104465016
257 294 193 241 364 455 cost 0.0104455672
183 201 337 361 45 91 cost 0.0104050274
220 257 144 193 546 637 cost 0.0103907755
128 147 289 313 45 91 cost 0.0103820597
220 238 289 313 0 45 cost 0.0103789412
0 36 193 241 0 91 cost 0.0103713814
147 165 265 289 91 136 cost 0.0103504473
110 128 144 168 136 182 cost 0.0103483656
147 183 241 289 455 546 cost 0.0103311062
0 36 241 289 0 91 cost 0.010229116
147 165 265 289 136 182 cost 0.0102231503
238 257 217 241 91 136 cost 0.0102221973
183 201 313 337 0 45 cost 0.0102078824
165 183 144 168 136 182 cost 0.010200276
220 257 241 289 546 637 cost 0.01019416
73 91 120 144 91 136 cost 0.0101869978
183 201 217 241 182 227 cost 0.0101550928
238 257 217 241 0 45 cost 0.0101366429
183 201 144 168 91 136 cost 0.0100400991
220 238 168 193 91 136 cost 0.0100354948
257 275 217 241 45 91 cost 0.0100264821
183 201 168 193 182 227 cost 0.010024577
238 257 313 337 45 91 cost 0.0100129914
183 201 144 168 0 45 cost 0.01000533
128 147 120 144 136 182 cost 0.0099723564
220 257 289 337 364 455 cost 0.0099477957
220 238 241 265 136 182 cost 0.0099092145
165 183 168 193 227 273 cost 0.0099038877
110 147 289 337 273 364 cost 0.0098488529
238 257 241 265 0 45 cost 0.0098310351
91 110 96 120 91 136 cost 0.0098247287
54 73 193 217 45 91 cost 0.0098245285
73 110 289 337 182 273 cost 0.0098120121
238 257 265 289 0 45 cost 0.0098045052
183 201 193 217 227 273 cost 0.00978829
220 238 168 193 0 45 cost 0.0097740734
147 165 168 193 182 227 cost 0.0097711492
183 220 241 289 637 728 cost 0.0097489997
147 165 193 217 227 273 cost 0.0097462471
165 183 217 241 227 273 cost 0.0097421646
147 165 217 241 182 227 cost 0.009737783
73 91 72 96 45 91 cost 0.0097320686
257 294 337 386 91 182 cost 0.0097283772
165 183 96 120 45 91 cost 0.0096553491
128 147 193 217 182 227 cost 0.0096408124
54 73 217 241 45 91 cost 0.009627783
147 183 337 386 182 273 cost 0.0095962598
257 275 241 265 45 91 cost 0.0095921769
73 91 168 193 0 45 cost 0.0095772991
220 238 265 289 91 136 cost 0.0095652752
257 275 193 217 45 91 cost 0.0095595287
54 73 144 168 91 136 cost 0.009542534
0 73 0 96 182 364 cost 0.0095413534
201 220 217 241 182 227 cost 0.0094948781
201 220 168 193 182 227 cost 0.009480382
0 73 289 386 182 364 cost 0.0094590278
183 220 96 144 273 364 cost 0.009455955
147 183 144 193 637 728 cost 0.0094353696
73 91 96 120 0 45 cost 0.0094217379
201 220 289 313 91 136 cost 0.0094196167
110 128 241 265 0 45 cost 0.0094189843
220 257 193 241 637 728 cost 0.0094169647
183 220 337 386 273 364 cost 0.0094139696
165 183 120 144 91 136 cost 0.0094100757
220 238 144 168 45 91 cost 0.0093613457
91 110 265 289 45 91 cost 0.0093435859
238 257 241 265 91 136 cost 0.009341771
183 220 48 96 0 91 cost 0.0093383538
110 128 72 96 0 45 cost 0.0093212675
73 110 144 193 546 637 cost 0.0092932374
201 220 193 217 227 273 cost 0.0092893232
128 147 168 193 182 227 cost 0.0092603696
110 128 241 265 91 136 cost 0.0092347034
238 257 193 217 0 45 cost 0.0092267117
220 257 144 193 455 546 cost 0.0092122841
183 220 289 337 546 637 cost 0.0092051222
128 147 265 289 0 45 cost 0.0092025143
147 165 168 193 227 273 cost 0.0091780068
36 73 144 193 273 364 cost 0.0091665462
147 183 241 289 637 728 cost 0.0091414511
110 147 96 144 546 637 cost 0.0091334299
220 238 168 193 136 182 cost 0.009115464
0 73 193 289 546 728 cost 0.0091134723
110 128 120 144 136 182 cost 0.009062168
183 201 289 313 91 136 cost 0.0090268562
147 165 217 241 227 273 cost 0.0090262523
73 91 193 217 91 136 cost 0.009020504
183 201 144 168 136 182 cost 0.0090180555
91 110 193 217 136 182 cost 0.0089874899
165 183 241 265 182 227 cost 0.0089855501
91 110 217 241 136 182 cost 0.0089806888
128 147 265 289 136 182 cost 0.0089561481
220 238 337 361 45 91 cost 0.0089460312
183 201 168 193 227 273 cost 0.0089400091
183 201 217 241 227 273 cost 0.0089280999
238 257 289 313 0 45 cost 0.0089250505
128 147 265 289 91 136 cost 0.0089113419
73 91 217 241 91 136 cost 0.0089085508
128 147 217 241 182 227 cost 0.0088925154
73 91 241 265 45 91 cost 0.0088734902
110 128 241 265 136 182 cost 0.0088590075
220 238 313 337 0 45 cost 0.008855102
91 110 72 96 0 45 cost 0.0088403247
128 147 72 96 0 45 cost 0.008834437
110 147 193 241 637 728 cost 0.0088097951
110 147 96 144 455 546 cost 0.0088083809
257 294 241 289 364 455 cost 0.0087886338
147 165 289 313 0 45 cost 0.0087481289
165 183 289 313 91 136 cost 0.0087406663
128 147 193 217 227 273 cost 0.0087355061
183 201 241 265 182 227 cost 0.0087294675
147 165 96 120 0 45 cost 0.0087182301
73 91 217 241 0 45 cost 0.0086686791
201 220 217 241 227 273 cost 0.0086561032
128 147 168 193 227 273 cost 0.008652989
91 110 168 193 136 182 cost 0.0086353212
91 110 144 168 136 182 cost 0.0086328476
110 147 337 386 91 182 cost 0.0086322469
147 183 96 144 364 455 cost 0.0086283779
91 110 241 265 0 45 cost 0.0086238655
36 54 144 168 45 91 cost 0.008606171
54 73 120 144 0 45 cost 0.0085917462
147 183 289 337 364 455 cost 0.0085780093
238 257 217 241 136 182 cost 0.0085679548
110 147 241 289 546 637 cost 0.0085425016
201 220 120 144 45 91 cost 0.0085302663
257 275 265 289 45 91 cost 0.0085090425
201 220 337 361 0 45 cost 0.0085032965
147 165 241 265 182 227 cost 0.008486531
238 257 193 217 136 182 cost 0.0084708954
257 294 289 337 273 364 cost 0.0084630027
201 220 168 193 227 273 cost 0.0084591291
238 257 168 193 91 136 cost 0.0084584164
201 220 144 168 0 45 cost 0.0084533986
54 73 144 168 0 45 cost 0.0084512882
183 220 144 193 637 728 cost 0.0084336727
73 110 193 241 546 637 cost 0.0084197497
54 73 120 144 91 136 cost 0.0083696113
165 183 337 361 45 91 cost 0.0083558066
220 238 193 217 182 227 cost 0.0083477461
165 183 241 265 227 273 cost 0.0083129608
91 110 241 265 91 136 cost 0.0082918558
165 183 313 337 0 45 cost 0.0082889146
201 220 241 265 182 227 cost 0.0082849097
220 238 193 217 227 273 cost 0.0082483743
36 73 241 289 182 273 cost 0.0082244252
110 147 144 193 637 728 cost 0.0082165914
220 257 241 289 455 546 cost 0.0082046714
54 73 168 193 91 136 cost 0.0081720915
183 201 337 361 0 45 cost 0.0081643924
220 238 265 289 136 182 cost 0.0080748916
238 257 241 265 136 182 cost 0.0080673649
73 110 241 289 364 455 cost 0.008059853
183 220 289 337 455 546 cost 0.0080419193
201 220 144 168 91 136 cost 0.0080302413
128 147 217 241 227 273 cost 0.0080292283
201 220 289 313 136 182 cost 0.0080136487
238 257 265 289 91 136 cost 0.0079946254
110 128 72 96 91 136 cost 0.007982357
238 257 313 337 0 45 cost 0.0079733618
73 91 96 120 91 136 cost 0.0079564065
147 165 313 337 45 91 cost 0.0079559088
73 91 193 217 0 45 cost 0.0079047665
220 257 337 386 273 364 cost 0.0078993156
238 257 337 361 45 91 cost 0.0078930613
36 54 168 193 45 91 cost 0.0078808891
147 165 120 144 136 182 cost 0.0078803834
147 165 289 313 91 136 cost 0.007801416
147 183 96 144 546 637 cost 0.0077853137
147 165 241 265 227 273 cost 0.0077815577
91 110 120 144 136 182 cost 0.0077728365
183 201 289 313 136 182 cost 0.007772103
201 220 313 337 91 136 cost 0.0077222905
36 73 193 241 273 364 cost 0.0076840067
110 128 289 313 45 91 cost 0.0076627975
201 220 241 265 227 273 cost 0.0076612243
201 220 144 168 136 182 cost 0.0076590072
183 201 241 265 227 273 cost 0.0076565017
54 73 72 96 45 91 cost 0.0076529737
257 275 168 193 45 91 cost 0.0076200907
110 147 241 289 455 546 cost 0.0075638259
128 147 241 265 182 227 cost 0.0075614373
220 238 217 241 182 227 cost 0.0075337369
183 220 289 337 637 728 cost 0.0075253895
128 147 144 168 182 227 cost 0.00751274
183 201 120 144 0 45 cost 0.0075019661
128 147 144 168 227 273 cost 0.0075007529
220 238 289 313 91 136 cost 0.0074980157
220 238 168 193 227 273 cost 0.0074966543
73 110 96 144 364 455 cost 0.0074839649
165 183 144 168 182 227 cost 0.0074771532
54 73 96 120 0 45 cost 0.0074584965
220 257 289 337 546 637 cost 0.0074237027
147 183 96 144 455 546 cost 0.0074138832
220 238 217 241 227 273 cost 0.0073983507
275 294 193 217 45 91 cost 0.0073627322
128 147 72 96 91 136 cost 0.0073595997
110 147 0 48 0 91 cost 0.0073298054
165 183 144 168 227 273 cost 0.0073181882
147 165 144 168 227 273 cost 0.0072908068
183 220 48 96 91 182 cost 0.0072813344
128 147 96 120 136 182 cost 0.0072722995
183 201 313 337 91 136 cost 0.007268401
147 165 72 96 45 91 cost 0.0072537902
183 201 120 144 91 136 cost 0.0072531505
0 36 144 193 0 91 cost 0.0072464529
275 294 217 241 45 91 cost 0.0072431995
165 183 289 313 136 182 cost 0.0072258982
73 91 72 96 0 45 cost 0.0072205073
220 257 241 289 637 728 cost 0.0072137616
36 73 289 337 91 182 cost 0.007196454
220 238 168 193 182 227 cost 0.0071758674
147 165 144 168 182 227 cost 0.0071663776
128 147 289 313 0 45 cost 0.0071628676
238 257 168 193 0 45 cost 0.0071575659
73 110 144 193 455 546 cost 0.0071055844
54 73 168 193 0 45 cost 0.0070979632
257 275 217 241 91 136 cost 0.0070741135
110 128 217 241 182 227 cost 0.0070676367
110 128 96 120 136 182 cost 0.0070568785
238 257 193 217 227 273 cost 0.0070419282
220 238 337 361 0 45 cost 0.0070291458
257 275 193 217 91 136 cost 0.007000727
110 128 193 217 182 227 cost 0.0069921638
165 183 120 144 136 182 cost 0.0069856374
257 275 289 313 45 91 cost 0.0069798273
91 110 72 96 91 136 cost 0.0069411646
110 147 48 96 273 364 cost 0.0069262819
36 54 120 144 45 91 cost 0.0069212216
183 201 144 168 182 227 cost 0.0069172731
110 128 265 289 0 45 cost 0.0068869417
110 128 168 193 227 273 cost 0.0068792647
36 54 217 241 45 91 cost 0.006864656
0 36 193 241 91 182 cost 0.0068628866
128 147 241 265 227 273 cost 0.0068627736
110 128 193 217 227 273 cost 0.0068437399
110 128 265 289 91 136 cost 0.0068313442
91 110 241 265 136 182 cost 0.0068228217
183 201 265 289 182 227 cost 0.0068103455
147 165 96 120 91 136 cost 0.0068009668
165 183 265 289 182 227 cost 0.0067791185
54 73 96 120 91 136 cost 0.006756329
238 257 144 168 45 91 cost 0.0067444309
238 257 265 289 136 182 cost 0.0067439358
91 110 289 313 45 91 cost 0.006717199
165 183 96 120 0 45 cost 0.0067155148
147 183 289 337 546 637 cost 0.0067152076
238 257 168 193 136 182 cost 0.0067077126
110 128 265 289 136 182 cost 0.006675337
110 128 168 193 182 227 cost 0.0066407174
128 147 289 313 91 136 cost 0.0066214192
201 220 265 289 182 227 cost 0.0066176927
165 183 337 361 0 45 cost 0.0066148346
0 36 289 337 0 91 cost 0.0065804515
275 294 168 193 45 91 cost 0.0065764768
257 275 313 337 45 91 cost 0.0065745306
220 238 241 265 182 227 cost 0.0065659538
257 275 241 265 91 136 cost 0.0065617616
275 294 241 265 45 91 cost 0.0065536746
165 183 265 289 227 273 cost 0.0065270103
238 257 193 217 182 227 cost 0.0065041677
110 128 217 241 227 273 cost 0.0064856545
147 165 289 313 136 182 cost 0.0064795395
0 36 241 289 91 182 cost 0.0064692548
110 128 48 72 45 91 cost 0.006464138
220 257 289 337 455 546 cost 0.0064635274
110 128 144 168 227 273 cost 0.0064429914
201 220 265 289 227 273 cost 0.0064409587
238 257 337 361 0 45 cost 0.0064396983
220 257 289 337 637 728 cost 0.0064315836
73 91 144 168 136 182 cost 0.0064107815
73 110 96 144 546 637 cost 0.0064043302
54 73 193 217 91 136 cost 0.0063992715
73 91 265 289 45 91 cost 0.006392338
91 110 265 289 0 45 cost 0.0063698272
220 238 241 265 227 273 cost 0.0063679914
201 220 144 168 182 227 cost 0.0063667101
220 257 144 193 637 728 cost 0.0063601163
54 73 217 241 91 136 cost 0.0063478662
183 201 144 168 227 273 cost 0.0063431311
257 294 144 193 364 455 cost 0.0063397028
73 110 96 144 455 546 cost 0.0063366867
238 257 217 241 227 273 cost 0.006334128
238 257 168 193 227 273 cost 0.0063043515
220 238 144 168 91 136 cost 0.0063030398
147 165 265 289 182 227 cost 0.006298976
220 238 313 337 91 136 cost 0.0062984131
165 183 193 217 273 318 cost 0.0062863826
183 201 96 120 45 91 cost 0.0062840777
183 220 337 386 364 455 cost 0.0062558236
36 54 193 217 45 91 cost 0.006253024
257 275 217 241 0 45 cost 0.0062415342
238 257 289 313 91 136 cost 0.0062125225
73 110 144 193 637 728 cost 0.0062116526
128 147 48 72 45 91 cost 0.006210988
220 238 144 168 0 45 cost 0.0062103962
183 201 361 386 45 91 cost 0.0062073342
147 183 48 96 182 273 cost 0.0061860087
183 220 337 386 546 637 cost 0.0061761842
238 257 217 241 182 227 cost 0.0061740322
91 110 265 289 91 136 cost 0.0061685052
257 275 241 265 0 45 cost 0.0061653444
73 110 193 241 455 546 cost 0.0061640503
183 201 265 289 227 273 cost 0.0061603076
73 110 0 48 0 91 cost 0.0061446345
128 147 120 144 227 273 cost 0.0061384796
165 183 217 241 273 318 cost 0.0061346897
128 147 120 144 182 227 cost 0.0061266968
73 91 120 144 136 182 cost 0.0061222154
257 294 337 386 182 273 cost 0.0061072044
36 54 144 168 91 136 cost 0.0061050918
147 165 265 289 227 273 cost 0.006101145
183 201 193 217 273 318 cost 0.0060962919
220 238 289 313 136 182 cost 0.006072418
73 91 241 265 0 45 cost 0.0060608253
201 220 313 337 136 182 cost 0.006045904
147 220 0 96 364 546 cost 0.0060379014
110 128 144 168 182 227 cost 0.0060245414
183 201 217 241 273 318 cost 0.0060144402
147 183 289 337 455 546 cost 0.0060092801
110 147 241 289 637 728 cost 0.0060091446
201 220 361 386 45 91 cost 0.006001951
91 110 96 120 136 182 cost 0.0060001033
257 275 265 289 0 45 cost 0.0059992637
183 201 120 144 136 182 cost 0.0059887685
91 110 217 241 182 227 cost 0.0059460403
165 183 313 337 91 136 cost 0.0059455813
91 110 48 72 45 91 cost 0.0058980111
36 73 96 144 273 364 cost 0.0058934411
147 165 193 217 273 318 cost 0.0058622051
201 220 217 241 273 318 cost 0.0058607247
110 128 241 265 182 227 cost 0.0058605475
257 275 217 241 136 182 cost 0.0058563051
128 147 313 337 45 91 cost 0.0058562653
54 73 217 241 0 45 cost 0.0058370844
257 294 193 241 546 637 cost 0.0058295824
147 165 217 241 273 318 cost 0.0058262254
73 91 168 193 136 182 cost 0.0058215795
73 91 217 241 136 182 cost 0.0058015387
73 91 241 265 91 136 cost 0.005794232
73 110 193 241 637 728 cost 0.0057788695
201 220 120 144 0 45 cost 0.0057728184
201 220 144 168 227 273 cost 0.0057708148
165 183 168 193 273 318 cost 0.0057631729
201 220 337 361 91 136 cost 0.0057446151
73 91 72 96 91 136 cost 0.005736735
73 110 289 337 273 364 cost 0.0057225502
54 73 72 96 0 45 cost 0.0057100232
54 73 241 265 45 91 cost 0.0056968362
201 220 193 217 273 318 cost 0.005656991
147 183 337 386 273 364 cost 0.0056515306
73 91 193 217 136 182 cost 0.0056447668
183 220 337 386 455 546 cost 0.0056176391
183 220 96 144 546 637 cost 0.0056111385
147 220 0 96 546 728 cost 0.0056096537
110 147 289 337 364 455 cost 0.0056028012
183 201 337 361 91 136 cost 0.0055997433
257 275 241 265 136 182 cost 0.0055949138
91 110 168 193 227 273 cost 0.0055644921
183 201 313 337 136 182 cost 0.0055536063
91 110 144 168 227 273 cost 0.0055415458
257 275 168 193 91 136 cost 0.0055222788
128 147 289 313 136 182 cost 0.0055143542
110 128 120 144 227 273 cost 0.0054992015
147 165 168 193 273 318 cost 0.0054928287
110 147 96 144 637 728 cost 0.0054848714
147 183 289 337 637 728 cost 0.0054751535
257 275 193 217 0 45 cost 0.0054454365
257 275 193 217 136 182 cost 0.0054316941
91 110 193 217 182 227 cost 0.005422328
183 220 96 144 364 455 cost 0.0054192
257 275 289 313 0 45 cost 0.0054158049
257 294 289 337 364 455 cost 0.0054150348
201 220 120 144 91 136 cost 0.0053908299
220 238 120 144 45 91 cost 0.0053873227
91 110 193 217 227 273 cost 0.0053788031
128 147 265 289 182 227 cost 0.0053745866
147 165 337 361 45 91 cost 0.0053693167
201 220 289 313 227 273 cost 0.0053543234
275 294 193 217 91 136 cost 0.0053502021
257 275 265 289 91 136 cost 0.0053464949
183 201 168 193 273 318 cost 0.0053432024
183 220 337 386 637 728 cost 0.0053388003
220 238 265 289 182 227 cost 0.0053373591
238 257 313 337 91 136 cost 0.0053345199
238 257 241 265 227 273 cost 0.00532796
220 238 144 168 136 182 cost 0.0053255609
110 128 241 265 227 273 cost 0.005324059
238 257 241 265 182 227 cost 0.0053047982
147 165 120 144 182 227 cost 0.0052870574
238 257 168 193 182 227 cost 0.0052858614
91 110 217 241 227 273 cost 0.0052727714
147 165 120 144 227 273 cost 0.005269646
36 54 96 120 45 91 cost 0.0052681653
36 54 168 193 91 136 cost 0.005266043
0 36 144 193 91 182 cost 0.0052621956
220 238 265 289 227 273 cost 0.0052469469
128 147 265 289 227 273 cost 0.0052465325
147 165 313 337 0 45 cost 0.0052381494
275 294 217 241 91 136 cost 0.0052251597
183 201 361 386 0 45 cost 0.0052151492
128 147 168 193 273 318 cost 0.005207226
110 128 289 313 0 45 cost 0.0052004913
165 183 96 120 91 136 cost 0.0051941859
220 257 337 386 364 455 cost 0.0051886455
201 220 361 386 0 45 cost 0.0051658582
73 110 48 96 273 364 cost 0.0051648984
110 128 120 144 182 227 cost 0.0051606945
128 147 193 217 273 318 cost 0.0051606704
54 73 193 217 0 45 cost 0.0051535536
110 128 72 96 136 182 cost 0.0051337877
257 294 96 144 0 91 cost 0.00512004
91 110 265 289 136 182 cost 0.005119122
238 257 144 168 91 136 cost 0.0051143405
220 238 361 386 45 91 cost 0.005111595
128 147 217 241 273 318 cost 0.0050990252
165 183 120 144 182 227 cost 0.0050889915
238 257 289 313 136 182 cost 0.0050851965
110 128 289 313 91 136 cost 0.0050849025
220 238 217 241 273 318 cost 0.0050824048
220 238 193 217 273 318 cost 0.0050805925
275 294 265 289 45 91 cost 0.0050490296
257 275 313 337 0 45 cost 0.0050487626
220 257 337 386 546 637 cost 0.0050318553
110 128 48 72 0 45 cost 0.0050284455
147 165 72 96 0 45 cost 0.0050267072
91 110 168 193 182 227 cost 0.0050239029
257 294 193 241 455 546 cost 0.0050176743
257 275 337 361 45 91 cost 0.0050086133
54 73 72 96 91 136 cost 0.0050019088
54 73 120 144 136 182 cost 0.0049991635
54 73 144 168 136 182 cost 0.0049884472
137 147 180 193 45 68 cost 0.0049671026
73 91 48 72 45 91 cost 0.0049641329
220 238 144 168 227 273 cost 0.0049564835
165 183 361 386 45 91 cost 0.0049522483
183 201 289 313 227 273 cost 0.0049228071
201 220 241 265 273 318 cost 0.004920272
183 201 241 265 273 318 cost 0.004911125
257 294 241 289 546 637 cost 0.0048989428
73 91 96 120 136 182 cost 0.0048890915
128 147 48 72 0 45 cost 0.0048829457
91 110 241 265 182 227 cost 0.0048825239
201 220 168 193 273 318 cost 0.0048824236
165 183 241 265 273 318 cost 0.0048679273
165 183 193 217 318 364 cost 0.0048651366
91 110 120 144 227 273 cost 0.0048633499
165 183 120 144 227 273 cost 0.0048512047
91 110 144 168 182 227 cost 0.0048484224
147 165 96 120 136 182 cost 0.0048462009
201 220 120 144 136 182 cost 0.0048305912
165 183 217 241 318 364 cost 0.004823687
201 220 289 313 182 227 cost 0.0047987984
165 183 289 313 227 273 cost 0.0047980104
220 257 337 386 637 728 cost 0.0047867514
220 238 313 337 136 182 cost 0.0047865456
183 220 96 144 455 546 cost 0.0047832334
36 54 120 144 91 136 cost 0.0047650856
183 201 217 241 318 364 cost 0.0047627368
128 147 72 96 136 182 cost 0.0047491483
220 257 337 386 455 546 cost 0.0047468028
275 294 241 265 91 136 cost 0.0047438234
183 201 289 313 182 227 cost 0.0047388019
220 238 337 361 91 136 cost 0.0047335302
91 110 48 72 0 45 cost 0.004698711
91 110 289 313 0 45 cost 0.004678553
147 165 241 265 273 318 cost 0.0046760365
183 201 193 217 318 364 cost 0.0046719329
73 110 241 289 546 637 cost 0.0046684099
238 257 361 386 45 91 cost 0.0046658881
36 54 144 168 0 45 cost 0.0046627861
73 110 241 289 455 546 cost 0.0046494301
91 110 289 313 91 136 cost 0.0046427003
147 165 193 217 318 364 cost 0.0046319693
220 238 144 168 182 227 cost 0.0046270522
147 165 313 337 91 136 cost 0.0046261038
201 220 217 241 318 364 cost 0.0046211572
137 147 168 180 45 68 cost 0.0046151102
156 165 180 193 45 68 cost 0.0046133793
147 156 180 193 45 68 cost 0.0046108833
165 174 180 193 45 68 cost 0.0046018638
137 147 156 168 45 68 cost 0.0046017596
275 294 168 193 91 136 cost 0.0046016094
165 183 72 96 45 91 cost 0.0045828151
257 275 193 217 227 273 cost 0.0045743134
201 220 313 337 227 273 cost 0.0045658945
36 54 217 241 91 136 cost 0.004560908
165 183 313 337 136 182 cost 0.0045540402
73 91 265 289 0 45 cost 0.0045348938
128 147 144 168 273 318 cost 0.0045303174
147 165 217 241 318 364 cost 0.0045241918
137 147 193 205 45 68 cost 0.0044867649
220 257 96 144 273 364 cost 0.0044763313
257 275 265 289 136 182 cost 0.0044613426
91 110 72 96 136 182 cost 0.0044609818
238 257 265 289 182 227 cost 0.0044350312
220 238 168 193 273 318 cost 0.0044342623
137 147 144 156 45 68 cost 0.0044284736
147 165 144 168 273 318 cost 0.004426963
183 201 120 144 182 227 cost 0.0044241471
165 183 144 168 273 318 cost 0.0044207201
165 183 289 313 182 227 cost 0.0044194499
36 54 120 144 0 45 cost 0.0044178612
0 36 289 337 91 182 cost 0.0044116333
147 183 96 144 637 728 cost 0.004409966
220 238 361 386 0 45 cost 0.0044084064
110 128 265 289 182 227 cost 0.0044007095
73 91 289 313 45 91 cost 0.004392356
147 183 0 48 0 91 cost 0.0043885979
257 294 96 144 91 182 cost 0.0043872407
165 183 337 361 91 136 cost 0.004385516
128 137 180 193 45 68 cost 0.0043691466
128 137 156 168 45 68 cost 0.0043661827
238 257 265 289 227 273 cost 0.0043606452
201 220 193 217 318 364 cost 0.0043490424
183 201 96 120 0 45 cost 0.0043311091
201 220 265 289 273 318 cost 0.0043302953
137 147 205 217 45 68 cost 0.0043212096
73 91 265 289 91 136 cost 0.00431301
220 238 289 313 227 273 cost 0.004308467
165 174 205 217 45 68 cost 0.0043050078
156 165 193 205 45 68 cost 0.0043040074
36 73 144 193 364 455 cost 0.0042952624
165 174 193 205 45 68 cost 0.0042947781
174 183 180 193 45 68 cost 0.0042946628
119 128 156 168 45 68 cost 0.0042833427
238 257 217 241 273 318 cost 0.0042793192
73 91 241 265 136 182 cost 0.0042748809
257 275 168 193 136 182 cost 0.0042722215
238 257 193 217 273 318 cost 0.0042702238
156 165 205 217 45 68 cost 0.0042595219
128 137 168 180 45 68 cost 0.0042506231
54 73 96 120 136 182 cost 0.0042495693
91 110 120 144 182 227 cost 0.00424589
91 110 241 265 227 273 cost 0.0042419617
238 257 144 168 0 45 cost 0.0042414784
257 294 193 241 637 728 cost 0.0042384012
147 156 193 205 45 68 cost 0.0042352886
128 137 144 156 45 68 cost 0.0042317374
165 183 361 386 0 45 cost 0.004230199
147 165 289 313 227 273 cost 0.0042241671
137 147 180 193 68 91 cost 0.004207912
238 257 361 386 0 45 cost 0.0042055296
201 220 337 361 136 182 cost 0.0042035627
220 238 241 265 273 318 cost 0.0041968409
257 275 217 241 227 273 cost 0.0041921949
137 147 132 144 45 68 cost 0.0041823608
201 220 96 120 45 91 cost 0.0041748119
119 128 144 156 45 68 cost 0.004165116
275 294 217 241 0 45 cost 0.0041598244
147 165 72 96 91 136 cost 0.0041534909
165 183 168 193 318 364 cost 0.0041404203
183 201 241 265 318 364 cost 0.0041396081
119 128 180 193 45 68 cost 0.0041370009
201 220 241 265 318 364 cost 0.0041364567
257 275 193 217 182 227 cost 0.0041341093
128 147 96 120 227 273 cost 0.0041278432
147 156 205 217 45 68 cost 0.0041262153
257 275 144 168 45 91 cost 0.0041209321
128 137 132 144 45 68 cost 0.004120023
110 128 168 193 273 318 cost 0.0041169638
119 128 168 180 45 68 cost 0.0041139511
257 275 217 241 182 227 cost 0.0041122046
100 110 156 168 45 68 cost 0.0041074039
238 257 337 361 91 136 cost 0.0041040357
36 73 241 289 273 364 cost 0.0040990252
165 183 241 265 318 364 cost 0.0040987308
147 165 168 193 318 364 cost 0.0040966381
165 174 217 229 45 68 cost 0.0040919771
174 183 205 217 45 68 cost 0.0040908742
257 275 168 193 227 273 cost 0.0040905652
110 128 289 313 136 182 cost 0.0040798988
238 257 144 168 227 273 cost 0.0040767254
36 54 193 217 91 136 cost 0.004073893
110 128 265 289 227 273 cost 0.0040713967
257 275 168 193 0 45 cost 0.0040712215
36 73 144 193 546 637 cost 0.0040634038
128 147 241 265 273 318 cost 0.0040616589
183 201 265 289 273 318 cost 0.0040577303
147 156 168 180 45 68 cost 0.004051032
183 201 337 361 136 182 cost 0.0040411542
128 147 193 217 318 364 cost 0.0040385453
238 257 313 337 136 182 cost 0.0040375556
174 183 193 205 45 68 cost 0.0040350513
54 73 168 193 136 182 cost 0.0040311485
110 119 156 168 45 68 cost 0.0040306894
119 128 132 144 45 68 cost 0.0040230049
100 110 144 156 45 68 cost 0.0040227221
147 183 48 96 273 364 cost 0.0040193113
128 147 96 120 182 227 cost 0.0040184426
183 201 313 337 227 273 cost 0.0040168481
137 147 217 229 45 68 cost 0.0040128718
73 110 96 144 637 728 cost 0.0040101779
220 238 217 241 318 364 cost 0.0040081796
257 275 289 313 91 136 cost 0.0040076393
36 54 168 193 0 45 cost 0.0040058533
275 294 289 313 45 91 cost 0.004002881
156 165 217 229 45 68 cost 0.003997412
147 156 156 168 45 68 cost 0.0039926522
257 294 337 386 273 364 cost 0.0039901206
156 165 168 180 45 68 cost 0.0039512994
110 128 48 72 91 136 cost 0.0039245495
110 128 217 241 273 318 cost 0.0039194316
174 183 217 229 45 68 cost 0.0039164989
110 119 144 156 45 68 cost 0.0039153418
128 147 217 241 318 364 cost 0.0039140374
275 294 193 217 0 45 cost 0.0039106448
183 201 168 193 318 364 cost 0.0039102656
128 147 313 337 0 45 cost 0.0039052056
110 128 193 217 273 318 cost 0.0039043082
137 147 168 180 68 91 cost 0.0039041008
54 73 265 289 45 91 cost 0.0039040714
201 220 217 241 364 409 cost 0.0039037349
165 183 265 289 273 318 cost 0.0039037111
220 238 289 313 182 227 cost 0.0038999972
183 201 144 168 273 318 cost 0.0038991579
257 275 337 361 0 45 cost 0.0038848442
54 73 241 265 0 45 cost 0.0038843277
201 220 313 337 182 227 cost 0.0038751049
201 220 120 144 182 227 cost 0.0038739693
275 294 241 265 0 45 cost 0.0038644106
147 156 217 229 45 68 cost 0.0038623291
165 174 168 180 45 68 cost 0.003859656
165 183 193 217 364 409 cost 0.0038560417
128 137 193 205 45 68 cost 0.0038553259
100 110 168 180 45 68 cost 0.0038552335
257 294 144 193 546 637 cost 0.003851316
183 192 180 193 45 68 cost 0.0038485154
54 73 48 72 45 91 cost 0.0038473784
147 165 289 313 182 227 cost 0.0038440239
128 147 168 193 318 364 cost 0.0038429365
100 110 156 168 68 91 cost 0.0038408582
36 54 241 265 45 91 cost 0.0038399249
110 128 144 168 273 318 cost 0.0038394015
91 110 265 289 182 227 cost 0.0038348192
110 128 96 120 227 273 cost 0.0038336456
128 137 120 132 45 68 cost 0.0038321822
137 147 193 205 68 91 cost 0.0038319855
36 54 96 120 0 45 cost 0.0038315871
137 147 120 132 45 68 cost 0.0038295355
147 165 241 265 318 364 cost 0.0038293981
110 119 168 180 45 68 cost 0.003827188
73 91 144 168 227 273 cost 0.0038242294
100 110 132 144 45 68 cost 0.0038230454
220 238 313 337 227 273 cost 0.0038218724
183 201 96 120 91 136 cost 0.0038175437
119 128 156 168 68 91 cost 0.0038099697
275 294 217 241 136 182 cost 0.0038080316
147 156 180 193 68 91 cost 0.0038055978
147 156 144 156 45 68 cost 0.0038036469
110 119 180 193 45 68 cost 0.0038013775
156 165 156 168 45 68 cost 0.0038006617
137 147 156 168 68 91 cost 0.0037999958
201 220 193 217 364 409 cost 0.0037972217
36 54 96 120 91 136 cost 0.0037955926
36 54 72 96 45 91 cost 0.0037929579
156 165 180 193 68 91 cost 0.0037924083
220 238 193 217 318 364 cost 0.0037923854
183 192 205 217 45 68 cost 0.0037873982
128 137 180 193 68 91 cost 0.0037832388
183 201 120 144 227 273 cost 0.0037829818
100 110 180 193 45 68 cost 0.0037796249
73 91 48 72 0 45 cost 0.0037711982
128 147 48 72 91 136 cost 0.0037689893
119 128 180 193 68 91 cost 0.0037559401
110 119 132 144 45 68 cost 0.0037526481
275 294 241 265 136 182 cost 0.0037493935
165 183 96 120 136 182 cost 0.0037427935
147 165 193 217 364 409 cost 0.0037427873
128 137 156 168 68 91 cost 0.0037328064
238 257 168 193 273 318 cost 0.003732733
165 174 180 193 68 91 cost 0.0037300968
238 257 144 168 136 182 cost 0.0037297689
110 147 289 337 455 546 cost 0.0037294406
119 128 120 132 45 68 cost 0.0037282722
100 110 144 156 68 91 cost 0.0037240189
183 201 193 217 364 409 cost 0.0037238597
110 128 96 120 182 227 cost 0.0037213025
257 294 289 337 546 637 cost 0.0037205972
100 110 168 180 68 91 cost 0.0037203578
119 128 168 180 68 91 cost 0.0037199786
137 147 180 193 22 45 cost 0.0037187153
183 192 193 205 45 68 cost 0.0037127534
110 119 156 168 68 91 cost 0.0037124597
73 91 217 241 182 227 cost 0.0037119978
257 294 241 289 455 546 cost 0.0037056503
183 201 217 241 364 409 cost 0.0037037088
147 165 265 289 273 318 cost 0.0037030873
147 165 337 361 0 45 cost 0.0037005543
238 257 289 313 227 273 cost 0.0036932004
137 147 205 217 68 91 cost 0.0036912281
165 174 229 241 45 68 cost 0.0036891069
128 137 168 180 68 91 cost 0.0036814965
128 137 205 217 45 68 cost 0.0036813062
257 294 96 144 182 273 cost 0.0036809948
220 238 120 144 0 45 cost 0.0036792392
165 183 217 241 364 409 cost 0.0036774228
100 110 180 193 68 91 cost 0.0036689405
147 183 337 386 364 455 cost 0.0036688187
183 192 217 229 45 68 cost 0.0036604052
137 147 144 156 68 91 cost 0.0036590461
257 275 313 337 91 136 cost 0.0036553788
110 128 313 337 45 91 cost 0.0036536726
119 128 144 156 68 91 cost 0.0036463075
165 174 205 217 68 91 cost 0.003639675
73 91 72 96 136 182 cost 0.0036391649
257 275 241 265 227 273 cost 0.0036385903
137 147 229 241 45 68 cost 0.0036373543
119 128 193 205 45 68 cost 0.0036371577
165 174 156 168 45 68 cost 0.0036324867
54 73 241 265 91 136 cost 0.0036255939
147 165 48 72 45 91 cost 0.0036251989
201 220 289 313 273 318 cost 0.0036250313
275 294 144 168 45 91 cost 0.0036234056
110 119 168 180 68 91 cost 0.0036165773
110 119 180 193 68 91 cost 0.0036144214
128 147 120 144 273 318 cost 0.003612202
220 238 265 289 273 318 cost 0.0036086573
165 183 168 193 364 409 cost 0.0036085631
156 165 229 241 45 68 cost 0.0036014978
147 165 168 193 364 409 cost 0.0036013811
156 165 205 217 68 91 cost 0.0035994936
156 165 193 205 68 91 cost 0.0035983741
128 137 144 156 68 91 cost 0.0035907996
36 54 217 241 0 45 cost 0.0035871582
156 165 144 156 45 68 cost 0.0035868563
257 275 241 265 182 227 cost 0.0035810833
165 174 193 205 68 91 cost 0.0035736063
147 183 337 386 546 637 cost 0.0035701828
201 220 265 289 318 364 cost 0.0035700739
137 147 156 168 22 45 cost 0.0035670068
73 91 144 168 182 227 cost 0.0035667208
201 220 168 193 318 364 cost 0.0035640701
156 165 180 193 22 45 cost 0.0035594631
73 91 168 193 227 273 cost 0.003559319
275 294 193 217 136 182 cost 0.0035574816
210 220 205 217 45 68 cost 0.0035562609
128 147 289 313 227 273 cost 0.0035553022
192 201 205 217 45 68 cost 0.0035522513
110 119 144 156 68 91 cost 0.0035455322
147 156 193 205 68 91 cost 0.0035450685
174 183 229 241 45 68 cost 0.0035424744
174 183 168 180 45 68 cost 0.0035313002
165 174 180 193 22 45 cost 0.003531243
183 201 313 337 182 227 cost 0.0035221725
137 147 168 180 22 45 cost 0.0035145864
220 238 241 265 318 364 cost 0.0035135965
192 201 180 193 45 68 cost 0.0035126279
100 110 120 132 45 68 cost 0.0035083627
128 147 313 337 91 136 cost 0.0035079126
36 73 96 144 546 637 cost 0.0035056327
128 147 168 193 364 409 cost 0.0035032189
238 257 241 265 273 318 cost 0.0034995625
91 110 48 72 91 136 cost 0.0034965186
147 156 180 193 22 45 cost 0.0034953973
137 147 144 156 22 45 cost 0.0034936129
91 110 168 193 273 318 cost 0.0034894846
128 147 193 217 364 409 cost 0.0034871425
128 137 132 144 68 91 cost 0.0034848388
210 220 217 229 45 68 cost 0.0034837074
91 110 144 168 273 318 cost 0.0034836899
137 147 132 144 68 91 cost 0.00348335
73 91 120 144 227 273 cost 0.0034826926
36 73 96 144 364 455 cost 0.0034810522
147 156 229 241 45 68 cost 0.0034802489
183 201 361 386 91 136 cost 0.0034776886
147 165 217 241 364 409 cost 0.0034766326
201 220 144 168 273 318 cost 0.0034737839
174 183 205 217 68 91 cost 0.0034731705
119 128 205 217 45 68 cost 0.003471272
275 294 265 289 91 136 cost 0.0034699184
238 257 217 241 318 364 cost 0.0034687505
147 156 205 217 68 91 cost 0.0034653575
174 183 180 193 68 91 cost 0.0034559071
192 201 217 229 45 68 cost 0.003455302
110 119 120 132 45 68 cost 0.0034541723
165 174 217 229 68 91 cost 0.0034483089
119 128 132 144 68 91 cost 0.0034397834
91 110 265 289 227 273 cost 0.0034346081
147 165 313 337 136 182 cost 0.0034270048
36 73 144 193 637 728 cost 0.0034227016
201 220 168 193 364 409 cost 0.0034219928
238 257 313 337 227 273 cost 0.0034188769
192 201 193 205 45 68 cost 0.0034175377
201 210 205 217 45 68 cost 0.0034170915
110 147 0 48 91 182 cost 0.0034134115
91 110 96 120 227 273 cost 0.003412055
165 174 241 253 45 68 cost 0.003410225
210 220 265 277 45 68 cost 0.0034040764
128 137 217 229 45 68 cost 0.0034027375
183 201 265 289 318 364 cost 0.003402436
183 201 168 193 364 409 cost 0.0034011244
275 294 168 193 0 45 cost 0.0033975307
91 100 156 168 45 68 cost 0.0033956814
220 238 337 361 136 182 cost 0.0033934842
165 174 144 156 45 68 cost 0.0033901961
210 220 180 193 45 68 cost 0.003390026
128 137 156 168 22 45 cost 0.0033879965
156 165 217 229 68 91 cost 0.0033853981
137 147 132 144 22 45 cost 0.0033838164
147 156 132 144 45 68 cost 0.0033812292
73 91 217 241 227 273 cost 0.0033810398
100 110 132 144 68 91 cost 0.0033755237
257 275 289 313 136 182 cost 0.0033736524
174 183 193 205 68 91 cost 0.0033730912
210 220 193 205 45 68 cost 0.0033726222
183 192 229 241 45 68 cost 0.0033725943
238 257 120 144 45 91 cost 0.0033694608
128 137 193 205 68 91 cost 0.0033680664
128 137 132 144 22 45 cost 0.003367601
156 165 205 217 22 45 cost 0.0033634309
174 183 180 193 22 45 cost 0.0033625436
201 210 217 229 45 68 cost 0.003361671
91 110 217 241 273 318 cost 0.0033607593
275 294 313 337 45 91 cost 0.0033581503
165 174 205 217 22 45 cost 0.003357237
201 220 361 386 91 136 cost 0.003356489
210 220 253 265 45 68 cost 0.0033543556
0 36 241 289 182 273 cost 0.003354258
100 110 193 205 45 68 cost 0.0033486904
137 147 193 205 22 45 cost 0.0033476411
128 137 144 156 22 45 cost 0.0033467791
110 119 193 205 45 68 cost 0.0033438385
91 100 144 156 45 68 cost 0.0033430645
201 210 180 193 45 68 cost 0.0033419501
238 257 289 313 182 227 cost 0.0033406372
119 128 156 168 22 45 cost 0.003339878
119 128 193 205 68 91 cost 0.0033371911
137 147 217 229 68 91 cost 0.0033351813
210 220 229 241 45 68 cost 0.0033343482
174 183 217 229 68 91 cost 0.0033337245
137 147 205 217 22 45 cost 0.0033301131
257 275 168 193 182 227 cost 0.0033272407
128 137 108 120 45 68 cost 0.0033246861
147 156 168 180 68 91 cost 0.0033162374
210 220 241 253 45 68 cost 0.0033157922
165 183 313 337 227 273 cost 0.0033138477
174 183 241 253 45 68 cost 0.0033125874
119 128 132 144 22 45 cost 0.003308257
165 183 337 361 136 182 cost 0.0033077063
165 174 217 229 22 45 cost 0.0033064732
119 128 144 156 22 45 cost 0.0033029717
156 165 241 253 45 68 cost 0.0033029327
156 165 193 205 22 45 cost 0.0032982883
73 91 120 144 182 227 cost 0.0032952417
183 201 289 313 273 318 cost 0.0032858882
73 91 168 193 182 227 cost 0.0032850832
137 147 241 253 45 68 cost 0.0032790048
201 220 241 265 364 409 cost 0.0032785699
73 91 265 289 136 182 cost 0.0032779106
238 257 144 168 182 227 cost 0.0032764091
110 119 132 144 68 91 cost 0.0032760088
165 183 72 96 0 45 cost 0.003274399
128 147 241 265 318 364 cost 0.0032737285
174 183 156 168 45 68 cost 0.0032728025
156 165 217 229 22 45 cost 0.0032725859
100 110 205 217 45 68 cost 0.0032717552
238 257 193 217 318 364 cost 0.0032680563
119 128 108 120 45 68 cost 0.0032668054
257 294 144 193 455 546 cost 0.0032632741
201 210 193 205 45 68 cost 0.0032611675
192 201 229 241 45 68 cost 0.0032606985
165 174 193 205 22 45 cost 0.0032605861
100 110 193 205 68 91 cost 0.0032571164
165 183 265 289 318 364 cost 0.0032550054
137 147 108 120 45 68 cost 0.0032548695
54 73 72 96 136 182 cost 0.003252061
100 110 156 168 22 45 cost 0.0032518693
73 91 289 313 0 45 cost 0.0032503944
73 91 193 217 227 273 cost 0.0032478666
110 128 193 217 318 364 cost 0.0032444019
220 238 313 337 182 227 cost 0.0032442968
73 91 193 217 182 227 cost 0.003244293
147 183 337 386 637 728 cost 0.003244225
275 294 265 289 0 45 cost 0.0032437462
100 110 217 229 45 68 cost 0.003239744
119 128 217 229 45 68 cost 0.0032393072
110 119 205 217 45 68 cost 0.003239263
110 128 168 193 318 364 cost 0.0032381047
165 174 253 265 45 68 cost 0.0032350658
128 137 168 180 22 45 cost 0.0032335512
128 147 289 313 182 227 cost 0.0032324597
128 137 180 193 22 45 cost 0.0032308479
128 147 144 168 318 364 cost 0.003230487
183 192 241 253 45 68 cost 0.0032284266
100 110 144 156 22 45 cost 0.0032283205
128 137 205 217 68 91 cost 0.0032232852
183 192 205 217 68 91 cost 0.0032229733
174 183 205 217 22 45 cost 0.0032228126
36 73 96 144 455 546 cost 0.0032172815
201 210 229 241 45 68 cost 0.0032144401
147 156 217 229 68 91 cost 0.0032109991
147 156 205 217 22 45 cost 0.0032105663
156 165 168 180 68 91 cost 0.0032058549
220 238 217 241 364 409 cost 0.0032049597
110 119 193 205 68 91 cost 0.0032025708
201 210 265 277 45 68 cost 0.0031960816
275 294 193 217 227 273 cost 0.0031953771
110 128 120 144 273 318 cost 0.0031950365
147 156 193 205 22 45 cost 0.003192568
174 183 253 265 45 68 cost 0.0031908337
54 73 217 241 136 182 cost 0.0031874485
192 201 253 265 45 68 cost 0.003186411
192 201 265 277 45 68 cost 0.0031848085
91 100 132 144 45 68 cost 0.0031847357
128 137 120 132 68 91 cost 0.0031786097
0 73 0 96 364 546 cost 0.0031783827
147 156 156 168 68 91 cost 0.0031718207
119 128 205 217 68 91 cost 0.0031714714
192 201 241 253 45 68 cost 0.0031711398
201 210 241 253 45 68 cost 0.0031674972
201 210 253 265 45 68 cost 0.0031664594
110 128 217 241 318 364 cost 0.0031660674
183 192 253 265 45 68 cost 0.0031660561
174 183 217 229 22 45 cost 0.0031651703
201 220 337 361 227 273 cost 0.0031605123
73 110 241 289 637 728 cost 0.0031524875
91 100 168 180 45 68 cost 0.0031508656
119 128 168 180 22 45 cost 0.0031493433
91 110 289 313 136 182 cost 0.0031470868
183 192 217 229 68 91 cost 0.0031465077
110 119 156 168 22 45 cost 0.0031459678
156 165 132 144 45 68 cost 0.0031428494
128 137 120 132 22 45 cost 0.0031423812
137 147 120 132 68 91 cost 0.0031423176
147 156 241 253 45 68 cost 0.0031397036
147 156 217 229 22 45 cost 0.003133463
73 91 289 313 91 136 cost 0.0031330335
91 100 156 168 68 91 cost 0.0031329557
128 147 217 241 364 409 cost 0.0031329503
147 165 144 168 318 364 cost 0.0031274751
91 110 193 217 273 318 cost 0.0031251261
165 174 229 241 68 91 cost 0.0031245388
147 183 337 386 455 546 cost 0.0031236344
174 183 193 205 22 45 cost 0.0031217059
119 128 120 132 68 91 cost 0.0031207165
147 156 168 180 22 45 cost 0.0031182871
147 165 337 361 91 136 cost 0.0031182299
183 192 265 277 45 68 cost 0.0031167042
110 119 217 229 45 68 cost 0.0031166313
110 119 144 156 22 45 cost 0.0031143856
137 147 120 132 22 45 cost 0.0031133032
110 119 132 144 22 45 cost 0.0031123104
147 156 156 168 22 45 cost 0.0031120441
183 192 168 180 45 68 cost 0.0031112172
165 174 168 180 68 91 cost 0.0031075093
156 165 168 180 22 45 cost 0.003099082
54 73 193 217 136 182 cost 0.0030983655
174 183 265 277 45 68 cost 0.0030969347
147 165 96 120 227 273 cost 0.0030968743
183 192 193 205 68 91 cost 0.0030963772
210 220 277 289 45 68 cost 0.0030944565
91 110 96 120 182 227 cost 0.0030914687
201 220 120 144 227 273 cost 0.0030899102
156 165 253 265 45 68 cost 0.0030885466
73 110 289 337 364 455 cost 0.003087893
100 110 108 120 45 68 cost 0.0030844202
183 192 180 193 68 91 cost 0.0030842305
128 137 229 241 45 68 cost 0.00308366
119 128 120 132 22 45 cost 0.0030828252
100 110 205 217 68 91 cost 0.0030822389
165 174 265 277 45 68 cost 0.0030806185
119 128 180 193 22 45 cost 0.0030722057
128 147 265 289 273 318 cost 0.0030715202
183 201 96 120 136 182 cost 0.0030696584
156 165 229 241 68 91 cost 0.0030676972
257 294 289 337 455 546 cost 0.0030657383
91 100 144 156 68 91 cost 0.0030643169
201 220 96 120 0 45 cost 0.0030631121
257 275 144 168 91 136 cost 0.0030614465
110 119 108 120 45 68 cost 0.0030511216
110 119 205 217 68 91 cost 0.0030504793
220 229 205 217 45 68 cost 0.0030470269
220 238 193 217 364 409 cost 0.0030469536
220 238 168 193 318 364 cost 0.0030368952
174 183 229 241 68 91 cost 0.0030342831
192 201 205 217 68 91 cost 0.0030332596
275 294 168 193 136 182 cost 0.0030305176
91 100 180 193 45 68 cost 0.0030302602
82 91 156 168 45 68 cost 0.0030255528
257 294 144 193 637 728 cost 0.0030158869
100 110 120 132 68 91 cost 0.0030154257
183 201 241 265 364 409 cost 0.0030141408
165 174 229 241 22 45 cost 0.0030114552
156 165 156 168 68 91 cost 0.0030053058
174 183 144 156 45 68 cost 0.0030037382
165 174 168 180 22 45 cost 0.0030034614
220 238 289 313 273 318 cost 0.0030034604
91 100 168 180 68 91 cost 0.0030006527
220 229 217 229 45 68 cost 0.0029991216
137 147 229 241 68 91 cost 0.0029990667
147 156 144 156 22 45 cost 0.0029966801
147 156 120 132 45 68 cost 0.002995769
275 294 168 193 227 273 cost 0.0029942012
147 156 144 156 68 91 cost 0.0029937818
192 201 217 229 68 91 cost 0.0029931995
257 275 361 386 45 91 cost 0.0029928454
82 91 144 156 45 68 cost 0.0029885947
156 165 156 168 22 45 cost 0.0029878952
165 183 72 96 91 136 cost 0.0029851032
147 165 265 289 318 364 cost 0.0029813694
220 238 265 289 318 364 cost 0.0029741958
156 165 229 241 22 45 cost 0.0029713657
183 220 96 144 637 728 cost 0.0029678226
110 128 144 168 318 364 cost 0.0029650315
238 257 241 265 318 364 cost 0.0029649789
54 73 48 72 0 45 cost 0.0029609186
165 183 193 217 546 591 cost 0.0029604281
257 294 241 289 637 728 cost 0.0029579328
165 183 289 313 273 318 cost 0.0029572842
257 275 217 241 273 318 cost 0.0029558157
220 238 144 168 273 318 cost 0.0029529697
36 54 144 168 136 182 cost 0.0029525064
165 174 132 144 45 68 cost 0.0029521367
110 128 241 265 273 318 cost 0.0029507267
100 110 229 241 45 68 cost 0.0029502359
0 73 0 96 546 728 cost 0.002947332
110 147 337 386 182 273 cost 0.0029443303
91 100 120 132 45 68 cost 0.0029437017
110 119 120 132 68 91 cost 0.0029411105
165 183 241 265 364 409 cost 0.0029386853
165 183 144 168 318 364 cost 0.0029378596
110 119 168 180 22 45 cost 0.002937635
119 128 229 241 45 68 cost 0.0029338821
192 201 277 289 45 68 cost 0.0029314948
165 183 193 217 591 637 cost 0.0029270006
165 174 241 253 68 91 cost 0.0029255858
238 257 337 361 136 182 cost 0.0029250247
257 275 265 289 227 273 cost 0.0029241867
137 147 253 265 45 68 cost 0.0029194698
257 275 193 217 273 318 cost 0.0029163657
201 210 277 289 45 68 cost 0.0029137465
165 183 168 193 546 591 cost 0.002913026
201 220 217 241 409 455 cost 0.0029101481
275 294 217 241 227 273 cost 0.0029085326
165 183 193 217 409 455 cost 0.0029084349
147 165 96 120 182 227 cost 0.0029068421
36 73 144 193 455 546 cost 0.0029049799
91 100 180 193 68 91 cost 0.0029014129
147 156 229 241 68 91 cost 0.0029009542
183 192 229 241 68 91 cost 0.0028998277
238 257 265 289 273 318 cost 0.0028979999
110 119 120 132 22 45 cost 0.0028929159
73 91 241 265 182 227 cost 0.0028887522
201 220 193 217 409 455 cost 0.0028880024
174 183 229 241 22 45 cost 0.0028876674
220 238 361 386 91 136 cost 0.0028866005
147 156 253 265 45 68 cost 0.0028851899
0 36 193 241 182 273 cost 0.0028848537
147 165 361 386 45 91 cost 0.0028804873
82 91 132 144 45 68 cost 0.0028790904
156 165 265 277 45 68 cost 0.0028787397
165 174 156 168 68 91 cost 0.0028787317
229 238 205 217 45 68 cost 0.0028717923
128 137 217 229 68 91 cost 0.0028685901
174 183 241 253 68 91 cost 0.0028685221
100 110 217 229 68 91 cost 0.0028663081
238 257 313 337 182 227 cost 0.0028620018
210 220 289 301 45 68 cost 0.0028619403
156 165 241 253 68 91 cost 0.002861222
110 147 337 386 273 364 cost 0.0028591907
210 220 205 217 68 91 cost 0.0028536471
119 128 217 229 68 91 cost 0.0028498422
36 54 72 96 91 136 cost 0.0028470594
192 201 193 205 68 91 cost 0.0028466906
110 119 180 193 22 45 cost 0.0028447297
220 229 193 205 45 68 cost 0.0028426219
36 54 72 96 0 45 cost 0.0028421459
156 165 144 156 22 45 cost 0.00284042
165 183 313 337 182 227 cost 0.0028389849
147 165 193 217 546 591 cost 0.0028371792
147 165 168 193 546 591 cost 0.0028353472
192 201 229 241 68 91 cost 0.0028346921
229 238 217 229 45 68 cost 0.0028344484
165 183 217 241 409 455 cost 0.0028343898
220 229 229 241 45 68 cost 0.0028339418
147 156 229 241 22 45 cost 0.0028338531
128 137 193 205 22 45 cost 0.0028330314
210 220 217 229 68 91 cost 0.0028299414
257 275 265 289 182 227 cost 0.0028297394
73 91 48 72 91 136 cost 0.0028278358
220 229 265 277 45 68 cost 0.0028243851
183 201 193 217 409 455 cost 0.0028240114
128 147 144 168 364 409 cost 0.0028235941
110 119 229 241 45 68 cost 0.0028187388
192 201 168 180 45 68 cost 0.0028186656
183 201 337 361 227 273 cost 0.0028185757
183 192 277 289 45 68 cost 0.0028181648
165 183 168 193 591 637 cost 0.0028130458
220 229 180 193 45 68 cost 0.0028127894
110 119 217 229 68 91 cost 0.0028071278
220 229 253 265 45 68 cost 0.0028049375
174 183 168 180 68 91 cost 0.0028047208
201 210 205 217 68 91 cost 0.0028031827
220 229 241 253 45 68 cost 0.0028018018
201 210 217 229 68 91 cost 0.0027993862
174 183 168 180 22 45 cost 0.0027983317
82 91 156 168 68 91 cost 0.0027962695
128 137 205 217 22 45 cost 0.0027940578
36 54 265 289 45 91 cost 0.0027939484
192 201 180 193 68 91 cost 0.0027921712
156 165 144 156 68 91 cost 0.0027881765
183 192 156 168 45 68 cost 0.0027868922
82 91 168 180 45 68 cost 0.0027854687
183 192 241 253 68 91 cost 0.0027807455
91 100 132 144 68 91 cost 0.0027791665
183 201 193 217 546 591 cost 0.0027788107
220 238 241 265 364 409 cost 0.0027777259
183 201 217 241 409 455 cost 0.0027725899
128 137 96 108 45 68 cost 0.0027705514
137 147 241 253 68 91 cost 0.0027679421
174 183 277 289 45 68 cost 0.002767647
201 220 337 361 182 227 cost 0.0027666439
119 128 96 108 45 68 cost 0.0027648626
110 128 289 313 227 273 cost 0.0027612411
156 165 120 132 45 68 cost 0.0027599801
147 165 241 265 364 409 cost 0.0027587729
275 294 289 313 0 45 cost 0.0027532501
183 201 193 217 591 637 cost 0.002752419
192 201 289 301 45 68 cost 0.0027508952
192 201 241 253 68 91 cost 0.002745706
165 174 277 289 45 68 cost 0.0027403561
238 257 217 241 364 409 cost 0.0027402595
82 91 144 156 68 91 cost 0.0027402149
128 147 168 193 546 591 cost 0.0027377729
54 73 265 289 0 45 cost 0.0027370368
210 220 265 277 68 91 cost 0.0027358773
210 220 253 265 68 91 cost 0.0027318
275 294 265 289 136 182 cost 0.0027258319
147 165 48 72 0 45 cost 0.0027258237
165 174 253 265 68 91 cost 0.0027245314
137 147 180 193 91 113 cost 0.0027232765
110 128 289 313 182 227 cost 0.0027231946
201 220 289 313 318 364 cost 0.0027231509
210 220 229 241 68 91 cost 0.0027212378
36 54 193 217 0 45 cost 0.0027203612
257 275 313 337 136 182 cost 0.002720327
201 210 289 301 45 68 cost 0.0027184057
128 137 241 253 45 68 cost 0.0027145598
100 110 156 168 91 113 cost 0.0027111602
91 100 144 156 22 45 cost 0.0027092794
91 100 156 168 22 45 cost 0.0027081301
147 165 193 217 409 455 cost 0.0027067383
147 156 132 144 68 91 cost 0.0026970259
210 220 241 253 68 91 cost 0.0026956579
165 183 193 217 500 546 cost 0.0026930817
174 183 253 265 68 91 cost 0.0026908993
165 183 168 193 409 455 cost 0.0026906513
73 110 337 386 0 91 cost 0.0026892193
147 156 241 253 68 91 cost 0.0026890102
165 183 217 241 546 591 cost 0.002687657
110 128 48 72 136 182 cost 0.0026869294
201 220 193 217 591 637 cost 0.0026853597
210 220 301 313 45 68 cost 0.0026850529
128 137 108 120 68 91 cost 0.0026834893
183 201 168 193 546 591 cost 0.0026834809
201 210 229 241 68 91 cost 0.0026826857
82 91 120 132 45 68 cost 0.0026821002
192 201 253 265 68 91 cost 0.0026759712
36 54 120 144 136 182 cost 0.002675801
147 165 72 96 136 182 cost 0.0026756597
91 100 193 205 45 68 cost 0.0026736559
147 165 144 168 364 409 cost 0.0026688576
119 128 156 168 91 113 cost 0.0026655183
257 294 289 337 637 728 cost 0.0026623858
100 110 96 108 45 68 cost 0.0026607508
82 91 168 180 68 91 cost 0.002659131
229 238 229 241 45 68 cost 0.0026587672
100 110 144 156 91 113 cost 0.0026578282
183 192 253 265 68 91 cost 0.00265668
201 210 168 180 45 68 cost 0.0026563741
165 183 361 386 91 136 cost 0.0026541682
229 238 193 205 45 68 cost 0.0026508228
147 165 289 313 273 318 cost 0.0026502927
165 174 144 156 68 91 cost 0.0026500634
220 238 217 241 409 455 cost 0.0026462913
119 128 108 120 68 91 cost 0.0026444132
183 201 144 168 318 364 cost 0.0026427383
210 220 168 180 45 68 cost 0.0026397882
201 210 241 253 68 91 cost 0.00263823
137 147 96 108 45 68 cost 0.0026347797
183 201 193 217 500 546 cost 0.0026342808
210 220 193 205 68 91 cost 0.0026339026
91 100 217 229 45 68 cost 0.0026302274
238 257 168 193 318 364 cost 0.002627741
156 165 253 265 68 91 cost 0.0026233468
183 192 289 301 45 68 cost 0.0026204839
91 100 205 217 45 68 cost 0.0026192617
91 100 108 120 45 68 cost 0.0026165203
110 119 96 108 45 68 cost 0.0026153301
165 183 168 193 500 546 cost 0.0026125554
137 147 193 205 91 113 cost 0.0026122478
110 128 168 193 364 409 cost 0.0026119686
137 147 108 120 68 91 cost 0.0026104155
110 119 156 168 91 113 cost 0.0026074673
119 128 144 156 91 113 cost 0.0026071558
147 156 265 277 45 68 cost 0.0026070344
82 91 180 193 45 68 cost 0.0026058371
201 220 168 193 409 455 cost 0.0026031257
238 257 361 386 91 136 cost 0.0026024564
192 201 265 277 68 91 cost 0.002601945
137 147 205 217 91 113 cost 0.0025974101
201 210 253 265 68 91 cost 0.0025972728
183 201 289 313 318 364 cost 0.002592346
174 183 132 144 45 68 cost 0.0025921595
100 110 229 241 68 91 cost 0.0025919231
73 91 241 265 227 273 cost 0.0025872907
229 238 180 193 45 68 cost 0.0025838126
201 210 193 205 68 91 cost 0.0025836089
229 238 241 253 45 68 cost 0.0025822147
192 201 301 313 45 68 cost 0.0025790521
201 220 313 337 273 318 cost 0.0025784048
275 294 241 265 227 273 cost 0.0025767748
147 165 217 241 409 455 cost 0.0025751688
257 275 144 168 227 273 cost 0.0025749991
201 210 265 277 68 91 cost 0.0025749669
174 183 289 301 45 68 cost 0.002574305
110 128 193 217 364 409 cost 0.0025739824
147 165 217 241 546 591 cost 0.0025709768
183 201 168 193 409 455 cost 0.0025697724
174 183 156 168 68 91 cost 0.0025692654
183 201 217 241 546 591 cost 0.0025671361
220 238 193 217 409 455 cost 0.0025665675
201 220 193 217 500 546 cost 0.0025643782
128 137 229 241 68 91 cost 0.0025624569
229 238 253 265 45 68 cost 0.0025614258
201 210 301 313 45 68 cost 0.0025600864
229 238 265 277 45 68 cost 0.0025586228
128 147 48 72 136 182 cost 0.002558307
183 192 265 277 68 91 cost 0.0025575883
201 220 193 217 546 591 cost 0.0025575362
137 147 168 180 91 113 cost 0.0025562728
119 128 229 241 68 91 cost 0.0025558331
174 183 265 277 68 91 cost 0.0025555111
183 201 168 193 591 637 cost 0.0025532966
100 110 108 120 68 91 cost 0.0025521633
91 110 168 193 318 364 cost 0.0025518218
91 100 193 205 68 91 cost 0.0025503062
165 174 265 277 68 91 cost 0.0025490899
220 229 277 289 45 68 cost 0.0025481
110 119 144 156 91 113 cost 0.0025467892
91 110 217 241 318 364 cost 0.0025454726
165 183 217 241 591 637 cost 0.0025430418
147 165 193 217 591 637 cost 0.0025428167
156 165 205 217 91 113 cost 0.0025422523
165 174 205 217 91 113 cost 0.0025404176
36 54 241 265 91 136 cost 0.0025391087
183 201 337 361 182 227 cost 0.0025378552
119 128 168 180 91 113 cost 0.0025370009
165 174 120 132 45 68 cost 0.0025368358
128 137 156 168 91 113 cost 0.0025367739
110 119 229 241 68 91 cost 0.0025348332
128 147 313 337 136 182 cost 0.0025328525
257 275 361 386 0 45 cost 0.0025316038
275 294 144 168 91 136 cost 0.002525804
73 91 96 120 227 273 cost 0.0025254679
147 165 168 193 409 455 cost 0.0025247795
156 165 277 289 45 68 cost 0.0025231412
201 210 180 193 68 91 cost 0.002519897
210 220 180 193 68 91 cost 0.0025181511
238 257 289 313 273 318 cost 0.0025169241
238 257 193 217 364 409 cost 0.0025147249
54 73 265 289 91 136 cost 0.0025146372
147 165 193 217 500 546 cost 0.0025136567
165 174 289 301 45 68 cost 0.0025128675
82 91 180 193 68 91 cost 0.0025108261
73 82 156 168 45 68 cost 0.0025093855
156 165 180 193 91 113 cost 0.0025083614
91 110 193 217 318 364 cost 0.0025078193
91 100 120 132 68 91 cost 0.0025034587
119 128 180 193 91 113 cost 0.0025030466
110 119 108 120 68 91 cost 0.0025020617
183 192 144 156 45 68 cost 0.0025013701
91 110 144 168 318 364 cost 0.0024991082
201 220 241 265 409 455 cost 0.0024957466
73 110 0 48 91 182 cost 0.0024947736
137 147 156 168 91 113 cost 0.0024939827
73 91 217 241 273 318 cost 0.0024907506
165 183 96 120 227 273 cost 0.0024899358
82 91 132 144 68 91 cost 0.0024885288
220 229 205 217 68 91 cost 0.0024875486
128 137 144 156 91 113 cost 0.0024874842
147 165 168 193 591 637 cost 0.0024856337
119 128 241 253 45 68 cost 0.0024836234
201 220 265 289 364 409 cost 0.0024825922
128 137 180 193 91 113 cost 0.0024824579
165 183 144 168 364 409 cost 0.0024822154
174 183 205 217 91 113 cost 0.002481591
110 119 168 180 91 113 cost 0.0024788781
147 165 168 193 500 546 cost 0.0024781989
165 183 96 120 182 227 cost 0.0024764224
165 174 205 217 159 182 cost 0.0024761696
165 174 180 193 91 113 cost 0.0024738445
73 82 144 156 45 68 cost 0.0024689088
128 137 168 180 91 113 cost 0.0024677638
147 156 180 193 91 113 cost 0.0024676118
54 73 48 72 91 136 cost 0.0024658439
156 165 193 205 91 113 cost 0.0024656807
275 294 289 313 91 136 cost 0.0024645947
238 247 217 229 45 68 cost 0.0024634671
73 91 96 120 182 227 cost 0.002462905
238 247 205 217 45 68 cost 0.0024627006
156 165 132 144 68 91 cost 0.0024584204
201 220 96 120 91 136 cost 0.0024582337
220 229 217 229 68 91 cost 0.0024566606
183 201 217 241 500 546 cost 0.00245641
128 147 96 120 273 318 cost 0.0024539168
192 201 156 168 45 68 cost 0.0024532859
201 220 168 193 591 637 cost 0.0024514099
137 147 144 156 91 113 cost 0.0024483749
165 174 193 205 91 113 cost 0.0024460263
174 183 205 217 159 182 cost 0.0024446223
238 257 217 241 409 455 cost 0.0024440574
238 257 265 289 318 364 cost 0.0024418028
183 192 301 313 45 68 cost 0.0024415667
165 183 217 241 500 546 cost 0.0024411102
183 192 168 180 68 91 cost 0.0024380244
210 220 277 289 68 91 cost 0.0024372622
73 91 144 168 273 318 cost 0.0024371123
73 82 132 144 45 68 cost 0.0024357642
156 165 265 277 68 91 cost 0.002435719
128 147 265 289 318 364 cost 0.0024348969
147 156 253 265 68 91 cost 0.0024331321
137 147 253 265 68 91 cost 0.0024329556
110 119 180 193 91 113 cost 0.0024314291
183 201 217 241 591 637 cost 0.0024311105
156 165 205 217 159 182 cost 0.0024297586
128 147 120 144 318 364 cost 0.0024258059
147 156 205 217 91 113 cost 0.0024232222
201 220 361 386 136 182 cost 0.0024232103
201 220 217 241 546 591 cost 0.0024205986
91 100 205 217 68 91 cost 0.002416411
165 174 205 217 136 159 cost 0.002415583
128 147 193 217 409 455 cost 0.0024142589
275 294 217 241 182 227 cost 0.0024139332
110 128 241 265 318 364 cost 0.0024132856
201 220 217 241 500 546 cost 0.0024056345
147 156 193 205 91 113 cost 0.0024050883
137 147 205 217 159 182 cost 0.0024031214
165 174 217 229 91 113 cost 0.0024030739
156 165 217 229 91 113 cost 0.0023994691
229 238 205 217 68 91 cost 0.0023986876
91 100 229 241 45 68 cost 0.0023972332
201 220 217 241 591 637 cost 0.0023955677
201 220 168 193 546 591 cost 0.0023941006
165 174 217 229 159 182 cost 0.0023927288
137 147 205 217 136 159 cost 0.0023927123
36 54 168 193 136 182 cost 0.0023920226
110 128 217 241 364 409 cost 0.0023905428
147 183 0 48 91 182 cost 0.0023856414
156 165 205 217 136 159 cost 0.0023846658
73 82 156 168 68 91 cost 0.0023845366
174 183 193 205 91 113 cost 0.0023799818
147 165 313 337 227 273 cost 0.0023734896
275 294 193 217 182 227 cost 0.0023710613
91 110 48 72 136 182 cost 0.002370304
174 183 180 193 91 113 cost 0.0023702871
147 156 120 132 68 91 cost 0.0023678204
36 54 241 265 0 45 cost 0.0023671045
238 257 241 265 364 409 cost 0.0023663391
229 238 217 229 68 91 cost 0.0023597662
91 110 313 337 45 91 cost 0.0023591732
174 183 217 229 159 182 cost 0.0023582674
183 192 205 217 159 182 cost 0.0023562455
220 229 229 241 68 91 cost 0.0023561457
156 165 217 229 159 182 cost 0.0023518962
174 183 217 229 91 113 cost 0.0023518539
174 183 301 313 45 68 cost 0.0023501935
73 82 144 156 68 91 cost 0.0023439038
220 229 253 265 68 91 cost 0.0023436123
238 247 229 241 45 68 cost 0.0023396688
73 91 265 289 182 227 cost 0.0023360246
110 128 313 337 0 45 cost 0.0023342215
165 183 289 313 318 364 cost 0.0023338878
174 183 205 217 136 159 cost 0.0023327844
183 201 361 386 136 182 cost 0.0023321514
128 137 253 265 45 68 cost 0.0023300805
220 229 241 253 68 91 cost 0.0023261447
192 201 277 289 68 91 cost 0.0023258073
183 192 205 217 91 113 cost 0.0023237812
128 137 193 205 91 113 cost 0.0023219459
147 156 205 217 159 182 cost 0.002321676
165 174 132 144 68 91 cost 0.0023209471
128 147 144 168 546 591 cost 0.0023187746
165 174 193 205 159 182 cost 0.0023166204
257 294 337 386 364 455 cost 0.0023165955
110 119 241 253 45 68 cost 0.0023162552
165 183 241 265 409 455 cost 0.0023158143
73 82 168 180 45 68 cost 0.0023128294
201 220 144 168 318 364 cost 0.0023109371
128 147 168 193 409 455 cost 0.0023105718
220 229 265 277 68 91 cost 0.0023083715
183 201 241 265 409 455 cost 0.0023072232
174 183 144 156 68 91 cost 0.0023022251
238 257 144 168 273 318 cost 0.0023007755
128 137 205 217 91 113 cost 0.0022987134
220 229 193 205 68 91 cost 0.0022968795
201 210 277 289 68 91 cost 0.0022955456
174 183 193 205 159 182 cost 0.00229081
128 137 241 253 68 91 cost 0.0022894339
238 257 193 217 409 455 cost 0.0022893347
110 128 144 168 364 409 cost 0.0022829856
229 238 277 289 45 68 cost 0.0022822
73 82 120 132 45 68 cost 0.0022818805
183 192 217 229 159 182 cost 0.0022813015
73 91 168 193 273 318 cost 0.0022811586
156 165 193 205 159 182 cost 0.0022799472
165 174 217 229 136 159 cost 0.0022795946
91 100 96 108 45 68 cost 0.0022775924
137 147 193 205 136 159 cost 0.0022764906
137 147 193 205 159 182 cost 0.0022749049
82 91 120 132 68 91 cost 0.0022742797
36 73 96 144 637 728 cost 0.0022739297
165 174 193 205 136 159 cost 0.002272449
183 201 313 337 273 318 cost 0.0022718964
147 165 217 241 500 546 cost 0.0022661814
165 174 205 217 113 136 cost 0.002265933
147 156 217 229 91 113 cost 0.0022649248
183 201 144 168 364 409 cost 0.0022637613
220 238 241 265 409 455 cost 0.0022611153
147 156 277 289 45 68 cost 0.0022608864
147 156 217 229 159 182 cost 0.002260151
183 192 277 289 68 91 cost 0.002260044
257 275 144 168 0 45 cost 0.0022568829
73 82 168 180 68 91 cost 0.0022558295
91 100 217 229 68 91 cost 0.0022534626
137 147 180 193 113 136 cost 0.0022495484
147 165 144 168 546 591 cost 0.0022483914
147 156 205 217 136 159 cost 0.0022478373
156 165 205 217 113 136 cost 0.0022469464
275 294 313 337 0 45 cost 0.0022466487
257 275 217 241 318 364 cost 0.0022460882
128 147 217 241 409 455 cost 0.0022417263
110 128 265 289 273 318 cost 0.0022412148
174 183 277 289 68 91 cost 0.0022408947
110 128 168 193 546 591 cost 0.002239574
156 165 217 229 136 159 cost 0.0022391339
229 238 229 241 68 91 cost 0.0022390594
156 165 193 205 136 159 cost 0.0022388816
238 247 193 205 45 68 cost 0.0022374358
247 257 217 229 45 68 cost 0.0022321173
147 165 217 241 591 637 cost 0.0022298714
91 100 156 168 91 113 cost 0.0022275533
220 238 289 313 318 364 cost 0.0022264114
165 174 301 313 45 68 cost 0.0022245582
229 238 193 205 68 91 cost 0.0022244602
137 147 205 217 113 136 cost 0.0022214418
275 294 193 217 273 318 cost 0.0022212536
165 174 277 289 68 91 cost 0.0022208595
275 294 241 265 182 227 cost 0.0022200178
165 174 229 241 159 182 cost 0.0022185471
183 192 193 205 159 182 cost 0.0022184912
165 183 48 72 45 91 cost 0.0022171863
36 54 96 120 136 182 cost 0.0022167332
183 201 265 289 364 409 cost 0.0022162181
192 201 205 217 91 113 cost 0.0022136404
183 192 193 205 91 113 cost 0.002213276
220 238 313 337 273 318 cost 0.0022114708
110 128 313 337 91 136 cost 0.0022099395
192 201 205 217 159 182 cost 0.0022088762
174 183 193 205 136 159 cost 0.0022086808
174 183 217 229 136 159 cost 0.0022078089
137 147 193 205 113 136 cost 0.0022037092
201 220 144 168 364 409 cost 0.0021999915
128 137 96 108 68 91 cost 0.0021989282
110 128 120 144 318 364 cost 0.0021978185
147 165 337 361 136 182 cost 0.0021977337
110 128 96 120 273 318 cost 0.002197601
247 257 205 217 45 68 cost 0.0021967976
156 165 229 241 91 113 cost 0.0021953493
174 183 205 217 113 136 cost 0.0021946444
91 100 144 156 91 113 cost 0.0021912793
165 174 229 241 91 113 cost 0.0021894099
156 165 229 241 159 182 cost 0.0021857983
147 156 193 205 159 182 cost 0.002185288
0 36 193 241 273 364 cost 0.0021852351
147 156 265 277 68 91 cost 0.0021823557
174 183 229 241 159 182 cost 0.0021812156
165 174 180 193 113 136 cost 0.0021802277
220 229 180 193 68 91 cost 0.0021771825
119 128 96 108 68 91 cost 0.0021769149
183 192 205 217 136 159 cost 0.002175922
229 238 241 253 68 91 cost 0.0021755799
192 201 168 180 68 91 cost 0.0021730739
119 128 241 253 68 91 cost 0.0021723733
183 192 156 168 68 91 cost 0.0021717753
165 174 193 205 113 136 cost 0.0021694756
174 183 120 132 45 68 cost 0.0021689553
229 238 253 265 68 91 cost 0.0021672064
192 201 144 156 45 68 cost 0.0021666958
147 156 168 180 91 113 cost 0.0021662939
156 165 180 193 113 136 cost 0.0021656496
257 275 144 168 136 182 cost 0.0021656367
192 201 217 229 159 182 cost 0.0021642606
174 183 229 241 91 113 cost 0.0021594671
220 229 168 180 45 68 cost 0.0021591466
275 294 217 241 273 318 cost 0.0021562774
156 165 193 205 113 136 cost 0.0021559492
165 183 144 168 546 591 cost 0.0021527195
247 257 229 241 45 68 cost 0.0021522959
238 257 120 144 0 45 cost 0.0021501795
128 147 168 193 591 637 cost 0.0021474488
147 165 241 265 409 455 cost 0.0021457066
220 238 265 289 364 409 cost 0.002141671
73 82 132 144 68 91 cost 0.0021415668
156 165 168 180 91 113 cost 0.0021406068
220 257 96 144 546 637 cost 0.0021381831
91 100 108 120 68 91 cost 0.0021320911
147 156 193 205 136 159 cost 0.0021304393
147 156 217 229 136 159 cost 0.0021286585
183 192 229 241 159 182 cost 0.0021257069
275 294 337 361 45 91 cost 0.0021231828
156 165 120 132 68 91 cost 0.0021206991
73 91 265 289 227 273 cost 0.0021178391
210 220 289 301 68 91 cost 0.0021165009
174 183 193 205 113 136 cost 0.0021163393
137 147 168 180 113 136 cost 0.0021154063
257 294 337 386 546 637 cost 0.0021150304
165 174 229 241 136 159 cost 0.0021089635
147 156 229 241 159 182 cost 0.0021077672
229 238 265 277 68 91 cost 0.0021037705
137 147 156 168 113 136 cost 0.0021034926
147 156 205 217 113 136 cost 0.0021031579
174 183 180 193 113 136 cost 0.0021023582
201 220 96 120 136 182 cost 0.0020894783
100 110 96 108 68 91 cost 0.0020892964
229 238 180 193 68 91 cost 0.0020886084
165 174 168 180 91 113 cost 0.002088271
137 147 96 108 68 91 cost 0.0020881122
275 294 168 193 182 227 cost 0.0020877944
119 128 156 168 113 136 cost 0.0020877364
257 294 337 386 455 546 cost 0.0020866298
192 201 193 205 159 182 cost 0.0020841843
238 257 241 265 409 455 cost 0.0020833221
156 165 229 241 136 159 cost 0.0020818358
147 156 180 193 113 136 cost 0.0020773618
147 156 229 241 91 113 cost 0.0020768423
192 201 193 205 91 113 cost 0.0020754024
156 165 277 289 68 91 cost 0.0020752201
165 183 265 289 364 409 cost 0.0020746832
110 119 241 253 68 91 cost 0.0020733307
183 192 217 229 136 159 cost 0.0020708539
257 275 193 217 318 364 cost 0.0020685752
73 82 180 193 45 68 cost 0.0020682606
73 82 180 193 68 91 cost 0.0020667381
119 128 253 265 45 68 cost 0.0020651144
183 192 193 205 136 159 cost 0.0020644334
147 156 193 205 113 136 cost 0.0020638973
128 137 156 168 113 136 cost 0.0020637592
119 128 144 156 113 136 cost 0.0020609079
110 119 96 108 68 91 cost 0.0020572162
165 174 217 229 113 136 cost 0.0020548824
192 201 289 301 68 91 cost 0.0020539928
192 201 229 241 159 182 cost 0.0020506714
220 229 277 289 68 91 cost 0.0020494663
165 183 144 168 591 637 cost 0.0020486642
147 165 289 313 318 364 cost 0.0020481461
174 183 229 241 136 159 cost 0.0020454681
147 165 361 386 0 45 cost 0.0020452487
137 147 144 156 113 136 cost 0.0020399693
183 220 48 96 182 273 cost 0.0020388751
156 165 217 229 113 136 cost 0.0020385765
238 247 205 217 68 91 cost 0.0020370334
128 137 205 217 136 159 cost 0.0020369493
147 165 48 72 91 136 cost 0.0020363136
91 100 229 241 68 91 cost 0.0020353442
54 73 241 265 136 182 cost 0.0020324732
192 201 205 217 136 159 cost 0.0020310895
128 137 144 156 113 136 cost 0.0020269965
238 247 217 229 68 91 cost 0.002026459
183 192 205 217 113 136 cost 0.0020261336
220 238 361 386 136 182 cost 0.0020244817
73 91 289 313 136 182 cost 0.0020244359
275 294 313 337 91 136 cost 0.0020180537
110 119 156 168 113 136 cost 0.0020135993
201 210 289 301 68 91 cost 0.0020122099
110 128 144 168 546 591 cost 0.0020103914
220 257 96 144 364 455 cost 0.0020055358
100 110 156 168 113 136 cost 0.0019994041
110 119 144 156 113 136 cost 0.0019959889
174 183 289 301 68 91 cost 0.0019946486
36 54 217 241 136 182 cost 0.001994096
147 165 144 168 409 455 cost 0.0019940194
147 156 229 241 136 159 cost 0.0019937342
183 192 289 301 68 91 cost 0.0019902059
128 137 180 193 113 136 cost 0.0019877061
257 275 144 168 182 227 cost 0.0019871674
128 137 168 180 113 136 cost 0.0019870462
100 110 144 156 113 136 cost 0.0019856314
201 220 265 289 409 455 cost 0.0019851748
73 91 193 217 273 318 cost 0.0019844343
257 294 96 144 273 364 cost 0.0019832332
174 183 132 144 68 91 cost 0.0019822979
147 165 144 168 500 546 cost 0.0019810317
174 183 217 229 113 136 cost 0.0019797866
147 165 313 337 182 227 cost 0.0019735002
73 82 120 132 68 91 cost 0.0019709174
183 201 96 120 182 227 cost 0.0019703381
165 174 289 301 68 91 cost 0.0019680376
183 192 193 205 113 136 cost 0.0019644914
0 73 289 386 364 546 cost 0.0019609939
165 174 120 132 68 91 cost 0.0019598633
36 54 48 72 45 91 cost 0.0019579007
174 183 168 180 91 113 cost 0.0019577892
192 201 217 229 136 159 cost 0.001956481
119 128 168 180 113 136 cost 0.0019542755
238 257 313 337 273 318 cost 0.0019523125
229 238 168 180 45 68 cost 0.0019515754
128 137 205 217 159 182 cost 0.0019498704
147 165 265 289 364 409 cost 0.0019474478
257 294 337 386 637 728 cost 0.0019429622
275 294 265 289 227 273 cost 0.001940002
247 257 193 205 45 68 cost 0.0019397999
183 192 229 241 136 159 cost 0.0019393505
275 294 289 313 136 182 cost 0.0019384862
73 110 289 337 455 546 cost 0.0019354207
238 247 229 241 68 91 cost 0.001933145
165 183 168 193 455 500 cost 0.0019304344
275 294 144 168 0 45 cost 0.001928701
128 147 144 168 409 455 cost 0.0019279538
201 220 313 337 318 364 cost 0.0019268836
147 156 217 229 113 136 cost 0.0019254626
128 137 205 217 113 136 cost 0.0019209818
119 128 180 193 113 136 cost 0.0019198296
192 201 193 205 136 159 cost 0.0019192391
192 201 205 217 113 136 cost 0.0019171867
128 137 193 205 136 159 cost 0.0019169893
201 210 168 180 68 91 cost 0.0019151338
183 192 144 156 68 91 cost 0.001912757
165 183 144 168 500 546 cost 0.0019109818
165 183 144 168 409 455 cost 0.0019098008
128 137 193 205 113 136 cost 0.001905592
147 165 144 168 591 637 cost 0.0018941159
128 137 253 265 68 91 cost 0.0018930332
156 165 168 180 113 136 cost 0.0018904858
210 220 301 313 68 91 cost 0.0018895208
73 110 337 386 91 182 cost 0.0018859643
165 183 193 217 455 500 cost 0.0018812761
192 201 156 168 68 91 cost 0.0018797721
192 201 229 241 136 159 cost 0.0018762844
238 257 289 313 318 364 cost 0.0018762774
247 257 205 217 68 91 cost 0.0018752936
73 91 48 72 136 182 cost 0.0018741786
110 119 168 180 113 136 cost 0.0018731843
238 257 265 289 364 409 cost 0.0018722447
165 174 168 180 113 136 cost 0.0018714443
110 128 193 217 409 455 cost 0.001868958
165 183 361 386 136 182 cost 0.0018676266
247 257 217 229 68 91 cost 0.001865813
238 247 193 205 68 91 cost 0.0018644659
165 174 229 241 113 136 cost 0.0018614471
110 119 253 265 45 68 cost 0.0018604776
210 220 168 180 68 91 cost 0.0018581284
110 128 217 241 409 455 cost 0.001856111
156 165 229 241 113 136 cost 0.0018560826
192 201 193 205 113 136 cost 0.0018546987
0 36 96 144 0 91 cost 0.0018538217
275 294 144 168 227 273 cost 0.0018528154
128 147 144 168 591 637 cost 0.001852697
183 201 313 337 318 364 cost 0.0018504786
147 165 168 193 455 500 cost 0.0018484709
229 238 277 289 68 91 cost 0.0018440164
147 156 168 180 113 136 cost 0.0018438108
165 183 72 96 136 182 cost 0.001843146
183 201 144 168 546 591 cost 0.0018430648
36 54 265 289 91 136 cost 0.0018397253
220 257 96 144 455 546 cost 0.0018314986
73 91 144 168 318 364 cost 0.0018301104
36 73 0 48 0 91 cost 0.0018282955
147 165 193 217 455 500 cost 0.0018256291
110 119 180 193 113 136 cost 0.0018239217
192 201 301 313 68 91 cost 0.001821914
183 220 48 96 273 364 cost 0.0018100785
183 201 96 120 227 273 cost 0.0018098075
174 183 229 241 113 136 cost 0.0018070152
147 156 277 289 68 91 cost 0.0018058201
165 183 48 72 0 45 cost 0.0018055799
201 210 301 313 68 91 cost 0.001803037
128 137 193 205 159 182 cost 0.0018029804
220 238 144 168 318 364 cost 0.0017902692
247 257 229 241 68 91 cost 0.0017840233
147 156 229 241 113 136 cost 0.0017834659
165 183 265 289 409 455 cost 0.0017834145
36 54 265 289 0 45 cost 0.0017819239
0 36 241 289 273 364 cost 0.0017779977
91 100 96 108 68 91 cost 0.001773746
183 201 144 168 591 637 cost 0.0017677602
174 183 168 180 113 136 cost 0.0017665382
0 36 144 193 182 273 cost 0.0017636487
110 147 0 48 182 273 cost 0.0017614882
147 165 265 289 409 455 cost 0.0017610796
128 147 313 337 227 273 cost 0.0017609637
183 201 265 289 409 455 cost 0.0017571688
36 54 72 96 136 182 cost 0.0017522866
110 128 265 289 318 364 cost 0.0017505469
36 54 193 217 136 182 cost 0.0017502626
183 201 144 168 409 455 cost 0.0017493067
165 183 313 337 273 318 cost 0.0017443725
183 192 301 313 68 91 cost 0.0017407596
147 165 361 386 91 136 cost 0.001740631
201 220 361 386 227 273 cost 0.0017378157
110 128 168 193 409 455 cost 0.0017319325
238 257 361 386 136 182 cost 0.0017284298
73 91 168 193 318 364 cost 0.0017275251
201 220 144 168 409 455 cost 0.0017199266
220 238 265 289 409 455 cost 0.0017191835
183 201 193 217 455 500 cost 0.0017190947
73 91 217 241 318 364 cost 0.0017015293
119 128 253 265 68 91 cost 0.0017013317
174 183 301 313 68 91 cost 0.001700875
220 238 96 120 45 91 cost 0.0016941075
247 257 193 205 68 91 cost 0.0016812393
183 201 361 386 227 273 cost 0.0016786108
54 73 48 72 136 182 cost 0.0016734303
275 294 217 241 318 364 cost 0.0016584034
201 220 193 217 455 500 cost 0.0016548862
201 220 144 168 591 637 cost 0.0016476056
165 174 301 313 68 91 cost 0.0016475168
0 36 144 193 273 364 cost 0.0016315359
174 183 120 132 68 91 cost 0.0016231494
275 294 265 289 182 227 cost 0.0016228444
192 201 144 156 68 91 cost 0.0016214887
73 91 193 217 318 364 cost 0.0016195089
165 183 217 241 455 500 cost 0.0016165375
91 100 144 156 113 136 cost 0.001609363
220 238 313 337 318 364 cost 0.0016059177
201 220 361 386 182 227 cost 0.0016051915
128 147 96 120 318 364 cost 0.001604044
91 100 156 168 113 136 cost 0.0015982268
220 229 168 180 68 91 cost 0.0015887421
201 220 144 168 546 591 cost 0.0015794116
110 119 253 265 68 91 cost 0.0015787199
275 294 193 217 318 364 cost 0.001571486
147 165 144 168 455 500 cost 0.0015639108
165 183 144 168 455 500 cost 0.0015629583
137 147 180 193 0 22 cost 0.0015477046
110 128 144 168 409 455 cost 0.0015440084
147 165 217 241 455 500 cost 0.0015421342
91 110 313 337 91 136 cost 0.0015288473
201 220 217 241 455 500 cost 0.0015199057
229 238 168 180 68 91 cost 0.0015062465
238 257 265 289 409 455 cost 0.0015040025
183 201 217 241 455 500 cost 0.0015020781
183 201 361 386 182 227 cost 0.0014984181
201 220 96 120 182 227 cost 0.0014939011
54 73 265 289 136 182 cost 0.0014924694
110 128 168 193 591 637 cost 0.0014898611
165 183 313 337 318 364 cost 0.0014866727
110 128 96 120 318 364 cost 0.001484237
91 110 313 337 0 45 cost 0.0014761389
110 128 313 337 136 182 cost 0.0014665245
238 257 144 168 318 364 cost 0.0014636956
220 238 96 120 0 45 cost 0.0014588938
275 294 313 337 136 182 cost 0.001451408
36 54 48 72 0 45 cost 0.0014465404
137 147 156 168 0 22 cost 0.0014424993
156 165 180 193 0 22 cost 0.0014399268
147 156 180 193 0 22 cost 0.0014355321
238 257 313 337 318 364 cost 0.0014223409
110 128 144 168 591 637 cost 0.0014219434
165 174 180 193 0 22 cost 0.0014216529
275 294 337 361 0 45 cost 0.0014187677
137 147 168 180 0 22 cost 0.0014176157
165 183 48 72 91 136 cost 0.0014167059
137 147 144 156 0 22 cost 0.0014154716
147 165 48 72 136 182 cost 0.0014079019
110 147 337 386 364 455 cost 0.0014064229
165 174 205 217 0 22 cost 0.0013994732
165 174 217 229 0 22 cost 0.0013945225
275 294 144 168 136 182 cost 0.0013878617
137 147 193 205 0 22 cost 0.0013872641
137 147 205 217 0 22 cost 0.0013796175
137 147 132 144 0 22 cost 0.0013772549
174 183 205 217 0 22 cost 0.001377042
174 183 217 229 0 22 cost 0.0013754839
156 165 205 217 0 22 cost 0.001372642
128 147 313 337 182 227 cost 0.0013625239
128 137 156 168 0 22 cost 0.0013603955
174 183 180 193 0 22 cost 0.0013598492
128 137 132 144 0 22 cost 0.0013576715
128 137 144 156 0 22 cost 0.0013549243
156 165 217 229 0 22 cost 0.0013532181
119 128 156 168 0 22 cost 0.0013472348
128 137 180 193 0 22 cost 0.0013438258
73 110 0 48 182 273 cost 0.0013429716
119 128 144 156 0 22 cost 0.001341521
119 128 132 144 0 22 cost 0.0013365025
165 174 193 205 0 22 cost 0.0013348613
156 165 193 205 0 22 cost 0.0013335692
100 110 156 168 0 22 cost 0.0013230778
100 110 144 156 0 22 cost 0.0013176673
147 156 205 217 0 22 cost 0.0013130939
36 54 48 72 91 136 cost 0.0013078387
119 128 180 193 0 22 cost 0.0013029976
128 137 168 180 0 22 cost 0.0013025396
147 156 193 205 0 22 cost 0.0013018552
174 183 193 205 0 22 cost 0.0012998376
0 36 96 144 91 182 cost 0.0012887653
147 156 217 229 0 22 cost 0.0012867951
165 174 229 241 0 22 cost 0.0012822146
110 119 144 156 0 22 cost 0.0012819991
119 128 168 180 0 22 cost 0.0012812439
110 119 156 168 0 22 cost 0.0012803322
137 147 120 132 0 22 cost 0.0012780698
110 147 0 48 273 364 cost 0.0012740115
174 183 229 241 0 22 cost 0.0012696381
147 183 0 48 182 273 cost 0.0012685983
201 220 96 120 227 273 cost 0.0012665711
128 137 120 132 0 22 cost 0.0012629777
110 119 132 144 0 22 cost 0.0012623442
147 165 313 337 273 318 cost 0.0012460275
156 165 229 241 0 22 cost 0.0012399382
147 156 168 180 0 22 cost 0.0012376019
119 128 120 132 0 22 cost 0.0012362068
110 119 180 193 0 22 cost 0.0012328578
220 257 96 144 637 728 cost 0.0012297597
147 156 156 168 0 22 cost 0.0012214193
110 119 168 180 0 22 cost 0.0012143647
156 165 168 180 0 22 cost 0.0012108176
36 54 241 265 136 182 cost 0.0012030043
165 174 168 180 0 22 cost 0.0011855958
128 137 193 205 0 22 cost 0.0011746774
147 156 144 156 0 22 cost 0.0011733948
128 137 205 217 0 22 cost 0.0011635627
147 156 229 241 0 22 cost 0.0011633171
110 119 120 132 0 22 cost 0.0011628538
275 294 144 168 182 227 cost 0.0011599857
156 165 156 168 0 22 cost 0.0011481877
147 165 313 337 318 364 cost 0.0011268101
110 147 337 386 455 546 cost 0.0011242814
110 128 313 337 227 273 cost 0.001115562
147 165 361 386 136 182 cost 0.001105691
174 183 168 180 0 22 cost 0.0011030844
91 100 144 156 0 22 cost 0.0010951965
156 165 144 156 0 22 cost 0.0010898167
91 100 156 168 0 22 cost 0.0010863271
147 183 0 48 273 364 cost 0.0010646209
0 73 289 386 546 728 cost 0.0010428437
73 91 313 337 45 91 cost 0.0009824188
165 183 48 72 136 182 cost 0.0009567747
36 54 265 289 136 182 cost 0.0009089744
73 110 0 48 273 364 cost 0.0009057926
110 128 313 337 182 227 cost 0.0008989951
91 110 313 337 136 182 cost 0.0008959747
275 294 361 386 45 91 cost 0.0008473147
36 54 48 72 136 182 cost 0.0008466545
183 220 0 48 0 91 cost 0.0008331173
0 36 144 193 637 728 cost 0.0008239733
73 91 313 337 91 136 cost 0.0007171392
36 73 0 48 91 182 cost 0.0007049618
73 91 313 337 0 45 cost 0.0006978124
238 257 96 120 45 91 cost 0.0006754807
257 294 96 144 364 455 cost 0.0006593209
275 294 361 386 0 45 cost 0.0006337943
238 257 96 120 0 45 cost 0.0006309402
183 220 0 48 91 182 cost 0.0006287415
73 110 337 386 273 364 cost 0.0005600043
73 110 337 386 182 273 cost 0.0005265556
257 294 96 144 546 637 cost 0.000490629
0 36 144 193 546 637 cost 0.0004273038
257 294 96 144 637 728 cost 0.0004180351
0 36 144 193 364 455 cost 0.0004026306
0 36 96 144 182 273 cost 0.0003857067
73 91 313 337 136 182 cost 0.0003751
0 36 48 96 0 91 cost 0.0003698902
220 294 0 96 0 182 cost 0.0003464805
0 36 144 193 455 546 cost 0.0003289388
0 36 48 96 91 182 cost 0.0003208737
0 36 96 144 273 364 cost 0.0003111335
0 36 96 144 546 637 cost 0.0002825662
0 36 96 144 637 728 cost 0.0002778146
183 220 0 48 182 273 cost 0.0002641626
0 36 96 144 455 546 cost 0.000237315
257 294 96 144 455 546 cost 0.0002221185
73 110 337 386 364 455 cost 0.0002218674
183 220 0 48 273 364 cost 0.0001994056
0 36 96 144 364 455 cost 0.0001630251
73 110 337 386 455 546 cost 0.0001587168
220 294 0 96 546 728 cost 0.0001028288
220 294 0 96 182 364 cost 7.13848e-05
0 36 337 386 91 182 cost 6.29521e-05
0 36 337 386 0 91 cost 5.5496e-05
36 73 337 386 91 182 cost 4.13317e-05
36 73 337 386 0 91 cost 3.49188e-05
220 294 0 96 364 546 cost 2.97443e-05
0 36 0 48 0 91 cost 5.0699e-06
0 36 0 48 91 182 cost 1.3698e-06
partitioning time: 7.891314 seconds
