hostname : cph-c25.uncc.edu
bounding: [-130;-65]x[20;50]x[5875;5958]
read 588189 observations
res: 0.01 0.01 1 bw: 1 1 3
box size: 6501 x 3001 x 84
nbparts: 512
solution: 6.238708093 in 512 boxes.
naive: 643.6159509 speedup:103.1649408
sumload:862.6855806 overhead:1.340373214
4062 4875 750 1125 52 63 cost 6.238708093
5281 5688 1875 2062 36 42 cost 6.169369761
1625 3250 1500 2250 21 42 cost 6.154773117
4062 4875 1500 1875 31 42 cost 6.06417182
4062 4875 750 1125 31 42 cost 5.964091926
5281 5688 1875 2062 57 63 cost 5.711598891
1625 3250 750 1500 63 84 cost 5.711114537
1625 3250 750 1500 0 21 cost 5.511956227
4062 4875 1125 1500 63 73 cost 5.5095085
5281 5688 1875 2062 42 47 cost 5.439281747
4875 5688 1875 2250 0 10 cost 5.421187545
1625 2437 1125 1500 31 42 cost 5.407792265
4875 6501 750 1500 21 42 cost 5.319480961
1625 2437 1125 1500 42 52 cost 5.295245191
0 1625 2250 3001 21 42 cost 5.213423787
0 1625 1500 2250 0 21 cost 5.197439137
0 1625 750 1500 0 21 cost 5.1729821
4875 5688 1500 1875 63 73 cost 5.171047278
3250 4875 0 750 42 63 cost 5.04980511
812 1218 1312 1500 52 57 cost 4.870382796
2437 3250 750 1125 42 52 cost 4.856544097
3250 4062 1500 1875 42 52 cost 4.798662238
4875 5688 375 750 42 52 cost 4.777222034
4062 4875 1875 2250 10 21 cost 4.760047471
4875 6501 2250 3001 21 42 cost 4.728693052
812 1218 1312 1500 47 52 cost 4.71250596
5281 5688 2062 2250 47 52 cost 4.695192159
1625 3250 1500 2250 63 84 cost 4.610198168
4062 4875 2250 2625 52 63 cost 4.582698039
5281 5688 2062 2250 52 57 cost 4.522103407
4875 6501 0 750 21 42 cost 4.499619059
4062 4875 1500 1875 63 73 cost 4.44617305
5281 5688 1875 2062 31 36 cost 4.39602713
5281 5688 2062 2250 36 42 cost 4.363373811
4875 5688 1500 1875 21 31 cost 4.348284801
3250 4062 1875 2250 42 52 cost 4.325373968
812 1218 1312 1500 57 63 cost 4.314670714
3250 4062 1125 1500 52 63 cost 4.301345813
5281 5688 1875 2062 73 78 cost 4.176893092
5281 5688 2062 2250 57 63 cost 4.147423476
5688 6501 1875 2250 42 52 cost 4.12445586
4875 6501 2250 3001 63 84 cost 4.122710792
5281 5688 1875 2062 63 68 cost 4.118492354
812 1625 1125 1500 73 84 cost 4.09322474
3250 4875 2250 3001 0 21 cost 4.057163564
3250 3656 937 1125 36 42 cost 4.047862507
2437 3250 750 1125 31 42 cost 4.037795434
3250 3656 937 1125 42 47 cost 3.990162125
5281 5688 2062 2250 42 47 cost 3.949343333
812 1625 1125 1500 21 31 cost 3.912171195
3250 4062 750 1125 21 31 cost 3.867927863
4062 4875 2250 2625 42 52 cost 3.86692748
3250 4062 750 1125 63 73 cost 3.862424114
5281 5688 1875 2062 78 84 cost 3.827093996
4875 5688 1500 1875 73 84 cost 3.782014416
3250 4062 1500 1875 31 42 cost 3.712009664
5688 6501 1875 2250 52 63 cost 3.702342268
3250 4062 1875 2250 31 42 cost 3.652032005
2437 3250 1125 1500 42 52 cost 3.65127523
4062 4875 2250 2625 31 42 cost 3.63110921
2437 3250 1125 1500 31 42 cost 3.585941457
812 1625 1500 1875 31 42 cost 3.516642625
4062 4875 1125 1500 21 31 cost 3.505056592
3250 3656 937 1125 47 52 cost 3.502883821
5281 5688 1875 2062 68 73 cost 3.489633108
5281 5688 2062 2250 73 78 cost 3.437387886
0 812 1500 1875 52 63 cost 3.433314328
4062 4875 750 1125 63 73 cost 3.419221054
4875 6501 750 1500 63 84 cost 3.414527306
4875 5688 1125 1500 42 52 cost 3.413778071
4875 5688 375 750 52 63 cost 3.402965577
3250 4062 1125 1500 21 31 cost 3.402946406
4062 4875 1500 1875 73 84 cost 3.396133941
3250 4062 750 1125 73 84 cost 3.380580524
4062 4875 1875 2250 0 10 cost 3.365448231
1218 1625 1312 1500 52 57 cost 3.358526251
5688 6501 1875 2250 31 42 cost 3.31141081
1218 1625 1312 1500 47 52 cost 3.30619262
1625 2437 1125 1500 52 63 cost 3.302154453
4875 5688 1125 1500 52 63 cost 3.289685618
3250 4062 1500 1875 52 63 cost 3.28583645
812 1218 1312 1500 42 47 cost 3.277278769
4062 4875 1500 1875 21 31 cost 3.244147912
3250 4875 0 750 21 42 cost 3.242936594
4062 4875 2250 2625 63 73 cost 3.231565245
5281 5688 2062 2250 78 84 cost 3.199473634
3250 4062 1875 2250 52 63 cost 3.190069177
5281 5688 2062 2250 63 68 cost 3.185106185
5281 5688 2062 2250 31 36 cost 3.148894893
812 1625 1500 1875 63 73 cost 3.131394237
1218 1625 1312 1500 57 63 cost 3.111570653
5281 5688 1875 2062 26 31 cost 3.087183274
4062 4875 1125 1500 73 84 cost 3.085122693
3250 4062 750 1125 10 21 cost 3.047827872
4062 4468 2062 2250 47 52 cost 3.024809296
4468 4875 1312 1500 47 52 cost 2.902026599
3250 3656 1125 1312 36 42 cost 2.878209206
4062 4468 2062 2250 52 57 cost 2.841041475
1625 2437 1125 1500 21 31 cost 2.775053232
5281 5688 2062 2250 68 73 cost 2.722550898
5688 6501 1875 2250 63 73 cost 2.692616879
0 812 1500 1875 42 52 cost 2.688188265
4875 5688 1500 1875 10 21 cost 2.686671313
3250 4062 1125 1500 63 73 cost 2.679867355
812 1218 1312 1500 63 68 cost 2.672639177
4062 4468 2062 2250 57 63 cost 2.669455581
4468 4875 1312 1500 52 57 cost 2.655092407
5688 6501 1875 2250 73 84 cost 2.63622118
4062 4875 750 1125 21 31 cost 2.635561723
0 1625 2250 3001 0 21 cost 2.613369983
3250 3656 1125 1312 42 47 cost 2.583359495
4468 4875 1312 1500 57 63 cost 2.583136193
4062 4468 2062 2250 42 47 cost 2.580128181
4062 4468 2062 2250 36 42 cost 2.548297581
4468 4875 1312 1500 42 47 cost 2.52204261
3250 4062 2250 2625 42 52 cost 2.481374001
812 1218 1312 1500 36 42 cost 2.425452117
5484 5688 1968 2062 49 52 cost 2.383760722
4468 4875 2062 2250 47 52 cost 2.378826907
5281 5688 1875 2062 21 26 cost 2.362059226
1218 1625 1312 1500 42 47 cost 2.361917685
4468 4875 2062 2250 52 57 cost 2.338332472
3250 3656 937 1125 31 36 cost 2.334623214
3250 4062 1125 1500 10 21 cost 2.332698897
1625 3250 1500 2250 0 21 cost 2.327571008
0 812 2250 2625 52 63 cost 2.326823547
4468 4875 2062 2250 57 63 cost 2.299917812
3250 3656 937 1125 52 57 cost 2.298222449
812 1625 1500 1875 21 31 cost 2.297627196
3250 4062 2250 2625 31 42 cost 2.290644476
5281 5688 1875 2062 15 21 cost 2.289596084
4062 4875 2250 2625 21 31 cost 2.263584257
4062 4875 1125 1500 10 21 cost 2.258451535
0 812 2625 3001 52 63 cost 2.257847619
5281 5688 2062 2250 26 31 cost 2.241351037
3250 4062 1125 1500 73 84 cost 2.234391052
2437 3250 750 1125 52 63 cost 2.224484811
5688 6501 2250 2625 42 52 cost 2.222056274
4468 4875 750 937 42 47 cost 2.218449371
4468 4875 750 937 47 52 cost 2.213787298
3250 4062 2250 2625 52 63 cost 2.199677515
4468 4875 1875 2062 47 52 cost 2.184715025
4062 4875 2250 2625 73 84 cost 2.180803075
4062 4875 1500 1875 10 21 cost 2.165930633
4875 5281 1500 1687 52 57 cost 2.139312903
4468 4875 1312 1500 36 42 cost 2.129589571
4875 6501 0 750 63 84 cost 2.129445596
4875 5281 1875 2062 47 52 cost 2.129406902
4468 4875 1875 2062 52 57 cost 2.122175321
4875 6501 2250 3001 0 21 cost 2.10986306
4468 4875 2062 2250 36 42 cost 2.096164249
4875 5281 1875 2062 52 57 cost 2.067115831
4875 5281 1500 1687 47 52 cost 2.0587298
0 812 1500 1875 63 73 cost 2.052120985
5484 5688 1968 2062 52 54 cost 2.040452208
4062 4468 2062 2250 63 68 cost 2.020845637
5688 6501 2250 2625 52 63 cost 2.01290781
0 812 2625 3001 63 73 cost 2.010583406
4875 5688 750 1125 42 52 cost 2.006349324
2437 3250 1875 2250 42 52 cost 2.004926075
4468 4875 2062 2250 42 47 cost 1.991348137
3250 3656 1125 1312 47 52 cost 1.975889948
2437 3250 1500 1875 42 52 cost 1.96902315
1218 1625 1312 1500 63 68 cost 1.959845545
5484 5688 1968 2062 54 57 cost 1.958456782
812 1625 1500 1875 73 84 cost 1.951340544
812 1218 1687 1875 52 57 cost 1.947589856
5688 6501 1875 2250 21 31 cost 1.942322137
4875 5281 1500 1687 57 63 cost 1.909645289
3250 4062 750 1125 0 10 cost 1.907446064
4875 5281 1875 2062 36 42 cost 1.896637311
3250 3656 1125 1312 31 36 cost 1.885968308
4468 4875 1875 2062 57 63 cost 1.872061337
4062 4468 2062 2250 31 36 cost 1.86801528
0 812 2250 2625 42 52 cost 1.855710013
4468 4875 1875 2062 42 47 cost 1.837685216
5484 5688 1968 2062 47 49 cost 1.837278793
812 1218 1687 1875 47 52 cost 1.835474468
3250 4062 1875 2250 21 31 cost 1.828585771
4875 5281 1875 2062 42 47 cost 1.825983919
4468 4875 1875 2062 36 42 cost 1.810790617
812 1218 1687 1875 57 63 cost 1.780039854
4875 5281 1500 1687 36 42 cost 1.770390279
4468 4875 2062 2250 31 36 cost 1.769505518
4062 4875 750 1125 73 84 cost 1.768339806
4468 4875 2062 2250 63 68 cost 1.766053238
3250 3656 1312 1500 36 42 cost 1.761606117
812 1218 1312 1500 68 73 cost 1.75804011
4062 4468 2062 2250 73 78 cost 1.748072254
4875 5688 2250 2625 42 52 cost 1.727947157
4875 5281 1875 2062 57 63 cost 1.726104731
1625 2437 1875 2250 52 63 cost 1.712888135
3250 4062 1500 1875 21 31 cost 1.711899456
4875 5281 1500 1687 42 47 cost 1.701847883
2437 3250 1875 2250 52 63 cost 1.698406552
5281 5688 2062 2250 21 26 cost 1.691024941
1218 1625 1312 1500 36 42 cost 1.689023495
4875 5688 1500 1875 0 10 cost 1.680409282
2437 3250 1125 1500 52 63 cost 1.676092324
3250 4062 1875 2250 63 73 cost 1.676031693
4875 5688 2250 2625 52 63 cost 1.668699825
812 1218 1312 1500 31 36 cost 1.663046621
3250 4062 1875 2250 73 84 cost 1.651821838
3250 4062 1500 1875 63 73 cost 1.641144854
1625 2437 1875 2250 42 52 cost 1.638507207
5281 5688 1687 1875 52 57 cost 1.633539551
5281 5688 2062 2250 15 21 cost 1.62877308
4875 6501 750 1500 0 21 cost 1.628758603
3250 3656 1312 1500 42 47 cost 1.624834654
0 812 2625 3001 42 52 cost 1.607544038
4062 4875 1125 1500 0 10 cost 1.590234791
0 812 1500 1875 31 42 cost 1.579252869
4062 4875 750 1125 10 21 cost 1.576623775
812 1625 2625 3001 52 63 cost 1.572823649
5281 5688 1687 1875 47 52 cost 1.563181758
5281 5688 1875 2062 10 15 cost 1.553121918
1625 3250 0 750 42 63 cost 1.55085515
3250 3656 750 937 42 47 cost 1.5497122
4062 4468 2062 2250 68 73 cost 1.541754884
3250 3656 937 1125 57 63 cost 1.539277104
4875 5281 1687 1875 52 57 cost 1.536839958
4468 4875 1312 1500 31 36 cost 1.514014805
4875 5281 1875 2062 31 36 cost 1.512041293
4875 5688 750 1125 52 63 cost 1.505429154
5281 5688 1687 1875 57 63 cost 1.49585958
4062 4875 1500 1875 0 10 cost 1.491432878
2437 3250 750 1125 21 31 cost 1.486838093
4875 5281 1687 1875 47 52 cost 1.480577922
3250 4875 0 750 63 84 cost 1.462458158
4468 4875 1500 1687 47 52 cost 1.440123709
4062 4468 937 1125 47 52 cost 1.439237646
4468 4875 1125 1312 47 52 cost 1.43735657
3250 3656 750 937 36 42 cost 1.436104783
2437 3250 1125 1500 21 31 cost 1.434052901
3250 4062 2250 2625 63 73 cost 1.430180349
4875 5281 1500 1687 31 36 cost 1.422830112
4062 4468 2062 2250 26 31 cost 1.415811695
4468 4875 2062 2250 26 31 cost 1.409675982
4062 4468 1875 2062 47 52 cost 1.406243031
3250 4062 1125 1500 0 10 cost 1.403526604
4062 4468 2062 2250 78 84 cost 1.390411899
5281 5688 1687 1875 36 42 cost 1.368948958
4875 5281 1687 1875 57 63 cost 1.365605852
4468 4875 1875 2062 31 36 cost 1.364486346
4062 4468 937 1125 42 47 cost 1.363575625
0 812 2250 2625 63 73 cost 1.36266883
4468 4875 1500 1687 52 57 cost 1.360026938
812 1625 1875 2250 52 63 cost 1.3484564
812 1625 2625 3001 63 73 cost 1.348096567
3250 3656 750 937 47 52 cost 1.346802179
5688 6501 1875 2250 10 21 cost 1.339771713
4062 4468 1875 2062 36 42 cost 1.335171406
4468 4875 1875 2062 63 68 cost 1.319778515
4062 4468 1875 2062 42 47 cost 1.309599895
4062 4468 1500 1687 47 52 cost 1.306996284
4875 5281 1687 1875 36 42 cost 1.301825434
5281 5484 1875 1968 49 52 cost 1.298189879
812 1218 1500 1687 52 57 cost 1.297757055
4875 5281 2062 2250 47 52 cost 1.290749944
3250 3656 1312 1500 47 52 cost 1.289048554
5281 5688 1687 1875 42 47 cost 1.289017301
0 812 1500 1875 73 84 cost 1.276410352
812 1218 1687 1875 42 47 cost 1.274595217
4468 4875 1500 1687 42 47 cost 1.274396706
812 1625 1875 2250 42 52 cost 1.273661637
3250 4062 1500 1875 73 84 cost 1.271790422
812 1218 1500 1687 47 52 cost 1.266409377
3250 4062 1875 2250 10 21 cost 1.265200616
4468 4875 1125 1312 52 57 cost 1.263441901
4468 4875 1125 1312 42 47 cost 1.256081778
3250 4062 2250 2625 73 84 cost 1.25476225
4062 4468 1875 2062 52 57 cost 1.234558495
0 812 1500 1875 21 31 cost 1.232948707
4468 4875 2062 2250 68 73 cost 1.228883223
0 812 2625 3001 73 84 cost 1.221713481
4875 5281 1687 1875 42 47 cost 1.218954592
4875 5281 1875 2062 73 78 cost 1.218142542
3656 4062 937 1125 47 52 cost 1.213950366
3250 4062 2250 2625 21 31 cost 1.210588531
4062 4468 1500 1687 52 57 cost 1.210062835
3250 4062 1500 1875 10 21 cost 1.207995845
4468 4875 1875 2062 73 78 cost 1.19091017
4875 5281 1875 2062 63 68 cost 1.18843604
4875 6501 0 750 0 21 cost 1.184226079
5281 5484 1875 1968 54 57 cost 1.183737932
4468 4875 2062 2250 73 78 cost 1.182756017
4468 4875 1125 1312 57 63 cost 1.180509175
4468 4875 1500 1687 57 63 cost 1.175645036
4875 5281 2062 2250 52 57 cost 1.174288231
4875 5281 2062 2250 36 42 cost 1.171527372
4062 4468 2062 2250 21 26 cost 1.167192675
1218 1625 1500 1687 47 52 cost 1.163195449
4875 5281 1875 2062 26 31 cost 1.15738981
1218 1625 1125 1312 47 52 cost 1.152579471
4062 4468 1500 1687 42 47 cost 1.150713798
1218 1625 1125 1312 52 57 cost 1.149274071
1625 3250 0 750 21 42 cost 1.139402163
3250 3656 1312 1500 31 36 cost 1.137529552
5281 5688 2062 2250 10 15 cost 1.137474164
4062 4468 1875 2062 57 63 cost 1.129015211
812 1625 2625 3001 42 52 cost 1.125302388
1218 1625 1312 1500 68 73 cost 1.124520446
4468 4875 1875 2062 26 31 cost 1.122908873
5281 5484 1875 1968 52 54 cost 1.115080262
4875 5281 2062 2250 42 47 cost 1.100857402
4468 4875 937 1125 47 52 cost 1.099682305
4468 4875 1125 1312 36 42 cost 1.098544962
1218 1625 1500 1687 52 57 cost 1.096476651
3656 4062 937 1125 52 57 cost 1.088367255
1218 1625 1312 1500 31 36 cost 1.085851984
4062 4468 1312 1500 47 52 cost 1.079330525
4875 5281 2062 2250 31 36 cost 1.070717878
4875 5281 1875 2062 68 73 cost 1.06448876
812 1218 1500 1687 57 63 cost 1.062114023
4062 4468 1500 1687 57 63 cost 1.056152142
4875 5281 1687 1875 31 36 cost 1.05213237
4468 4875 937 1125 42 47 cost 1.049910653
1218 1625 1125 1312 57 63 cost 1.022874243
4468 4875 2062 2250 21 26 cost 1.020160949
812 1625 2250 2625 52 63 cost 1.008986089
4468 4875 1687 1875 52 57 cost 1.008593506
5688 6501 1875 2250 0 10 cost 1.003837656
4468 4875 1687 1875 57 63 cost 1.003515726
5281 5688 1687 1875 31 36 cost 0.9999433737
4468 4875 1687 1875 47 52 cost 0.9986714424
4875 5281 1875 2062 78 84 cost 0.9954832507
2437 3250 1500 1875 52 63 cost 0.9930809412
1218 1625 1500 1687 42 47 cost 0.9907007228
4062 4875 750 1125 0 10 cost 0.9851638817
4468 4875 1875 2062 68 73 cost 0.9840594616
4062 4468 1687 1875 47 52 cost 0.9810418305
1625 3250 2250 3001 42 63 cost 0.9753832905
4062 4468 1312 1500 42 47 cost 0.9738888276
4468 4875 1875 2062 78 84 cost 0.9645780105
1625 2437 1500 1875 42 52 cost 0.961343946
4062 4468 1875 2062 31 36 cost 0.9526160597
4062 4468 1312 1500 52 57 cost 0.9493596172
3656 4062 937 1125 42 47 cost 0.9411365835
4062 4468 1312 1500 36 42 cost 0.9405509233
5281 5484 1875 1968 47 49 cost 0.9275149076
4875 5281 2062 2250 57 63 cost 0.9221856967
5281 5484 1968 2062 49 52 cost 0.9154131038
4062 4468 1687 1875 52 57 cost 0.9115247165
4062 4468 1687 1875 57 63 cost 0.9080317032
812 1218 1500 1687 42 47 cost 0.9042385572
812 1625 2250 2625 42 52 cost 0.888537465
4062 4468 1687 1875 42 47 cost 0.8831859491
4468 4875 2062 2250 78 84 cost 0.8821612534
0 812 2250 2625 73 84 cost 0.8741000762
4468 4875 1687 1875 42 47 cost 0.8732905274
4468 4875 1875 2062 21 26 cost 0.8709449464
4875 5281 1875 2062 21 26 cost 0.8708612289
3656 4062 937 1125 57 63 cost 0.8558154673
3250 4062 1875 2250 0 10 cost 0.842285883
4875 5281 2062 2250 26 31 cost 0.8407665052
1218 1625 1500 1687 57 63 cost 0.8388624401
3250 4875 0 750 0 21 cost 0.8276227717
3250 4062 1500 1875 0 10 cost 0.8248383233
1218 1625 1125 1312 42 47 cost 0.820569808
4062 4468 1125 1312 47 52 cost 0.8152863097
4875 5281 1875 2062 15 21 cost 0.8124609725
4062 4468 1875 2062 63 68 cost 0.8089805594
4062 4468 1312 1500 57 63 cost 0.8069470045
5281 5484 1968 2062 54 57 cost 0.8008272484
3250 3656 750 937 52 57 cost 0.785750206
812 1625 2625 3001 73 84 cost 0.7836332881
5281 5484 1968 2062 52 54 cost 0.7776985775
4062 4468 1125 1312 42 47 cost 0.7770844949
3656 4062 937 1125 36 42 cost 0.7734128253
3250 3656 750 937 31 36 cost 0.7557785904
4468 4875 1125 1312 31 36 cost 0.7425962785
1625 2437 1500 1875 52 63 cost 0.7310014209
4062 4468 1875 2062 73 78 cost 0.7279838035
4062 4468 1125 1312 36 42 cost 0.7121318578
4875 5281 2062 2250 73 78 cost 0.7019334603
4062 4468 1875 2062 26 31 cost 0.6890401891
4875 5281 2062 2250 63 68 cost 0.6768764812
5281 5484 1968 2062 47 49 cost 0.66839751
4062 4468 1875 2062 68 73 cost 0.6657854679
1625 3250 2250 3001 21 42 cost 0.6636731463
4062 4468 1125 1312 52 57 cost 0.6595609459
812 1625 1875 2250 63 73 cost 0.6519433164
812 1625 2250 2625 63 73 cost 0.6347494518
812 1625 1875 2250 31 42 cost 0.6305302439
1218 1625 1125 1312 63 68 cost 0.627867137
0 812 1875 2250 52 63 cost 0.6273359096
4062 4468 1312 1500 31 36 cost 0.5990802073
3656 4062 1312 1500 47 52 cost 0.5990340653
4875 5281 2062 2250 68 73 cost 0.5954591576
4875 5281 2062 2250 78 84 cost 0.5933942203
3656 4062 1312 1500 42 47 cost 0.5881034398
0 812 1875 2250 42 52 cost 0.580223335
1218 1625 1125 1312 36 42 cost 0.5757487403
1625 3250 2250 3001 63 84 cost 0.5696732766
4875 5281 2062 2250 21 26 cost 0.5611285631
4062 4468 1875 2062 78 84 cost 0.5383042669
812 1218 1125 1312 52 57 cost 0.5348701593
4062 4468 1125 1312 57 63 cost 0.5300664295
4875 5281 1875 2062 10 15 cost 0.5274455063
4875 5281 2062 2250 15 21 cost 0.5272058351
4062 4468 1875 2062 21 26 cost 0.524936442
812 1218 1125 1312 47 52 cost 0.5195616092
5281 5688 1500 1687 57 63 cost 0.5135839648
3656 4062 1312 1500 36 42 cost 0.4895592718
5281 5688 1500 1687 52 57 cost 0.4782879784
3656 4062 1125 1312 47 52 cost 0.4771098355
812 1218 1125 1312 57 63 cost 0.4764670448
5484 5688 1875 1968 49 52 cost 0.4727464217
3656 4062 937 1125 31 36 cost 0.4555038144
3250 3656 750 937 57 63 cost 0.455324999
3656 4062 1125 1312 42 47 cost 0.4544898939
4062 4468 1125 1312 31 36 cost 0.4429247254
5281 5688 1500 1687 47 52 cost 0.4288168152
3250 4062 2625 3001 42 52 cost 0.4249227793
5281 5688 1500 1687 36 42 cost 0.4129102454
5484 5688 1875 1968 54 57 cost 0.4084805337
3250 4062 2625 3001 31 42 cost 0.4082072215
5484 5688 1875 1968 52 54 cost 0.4072269677
3656 4062 1125 1312 36 42 cost 0.4070288295
812 1625 1875 2250 73 84 cost 0.4052879504
812 1625 1875 2250 21 31 cost 0.3969518275
812 1625 2250 2625 73 84 cost 0.3884484117
1218 1625 1125 1312 31 36 cost 0.372794831
3250 4062 2625 3001 52 63 cost 0.3719756951
5281 5688 1500 1687 42 47 cost 0.3661852266
0 812 1875 2250 31 42 cost 0.3659426139
812 1218 1125 1312 42 47 cost 0.3572156481
4875 5281 2062 2250 10 15 cost 0.3564173789
0 812 1875 2250 63 73 cost 0.3555210289
5281 5688 1500 1687 31 36 cost 0.3420035046
1218 1625 1125 1312 68 73 cost 0.3401557242
5484 5688 1875 1968 47 49 cost 0.3362845763
1625 3250 0 750 0 21 cost 0.3239628463
3656 4062 1312 1500 31 36 cost 0.3195464464
4062 4875 2625 3001 52 63 cost 0.3158867273
812 1218 1125 1312 63 68 cost 0.2992870207
3656 4062 1125 1312 31 36 cost 0.2681533032
1625 3250 2250 3001 0 21 cost 0.2645951634
812 1218 1125 1312 36 42 cost 0.2580118188
3250 4062 2625 3001 63 73 cost 0.2550228679
4062 4875 2625 3001 42 52 cost 0.2469282646
4062 4875 2625 3001 31 42 cost 0.2444053795
1625 3250 0 750 63 84 cost 0.2375776848
0 812 1875 2250 21 31 cost 0.2355458174
0 812 1875 2250 73 84 cost 0.2277497178
1218 1625 1687 1875 47 52 cost 0.2270855787
1218 1625 1687 1875 52 57 cost 0.2267608329
3250 4062 2625 3001 21 31 cost 0.2152479799
4062 4875 2625 3001 63 73 cost 0.2132863241
3250 4062 2625 3001 73 84 cost 0.1988043366
4062 4468 750 937 47 52 cost 0.197479723
1218 1625 1687 1875 42 47 cost 0.1909752164
4062 4468 750 937 42 47 cost 0.190835264
3656 4062 750 937 47 52 cost 0.1884745001
812 1218 1125 1312 68 73 cost 0.1841832203
1625 2437 750 1125 42 52 cost 0.1801801415
812 1218 1125 1312 31 36 cost 0.1760696563
4062 4875 2625 3001 21 31 cost 0.1739645424
1218 1625 1687 1875 57 63 cost 0.1717876306
3656 4062 750 937 52 57 cost 0.1663049071
1625 2437 750 1125 31 42 cost 0.1660879762
3656 4062 750 937 42 47 cost 0.1413000544
3656 4062 750 937 57 63 cost 0.1198814644
4062 4875 2625 3001 73 84 cost 0.1092915271
3656 4062 750 937 36 42 cost 0.106560024
1625 2437 750 1125 52 63 cost 0.0847692137
0 812 1125 1500 52 63 cost 0.0736172972
1625 2437 750 1125 21 31 cost 0.0693326942
3656 4062 750 937 31 36 cost 0.0607747011
0 812 1125 1500 42 52 cost 0.0526505096
0 812 1125 1500 63 73 cost 0.0388387828
0 812 1125 1500 31 42 cost 0.0358850012
5688 6501 2625 3001 52 63 cost 0.0295427596
0 812 1125 1500 21 31 cost 0.0255353585
5688 6501 2625 3001 42 52 cost 0.0251842088
0 812 1125 1500 73 84 cost 0.0241301003
812 1625 750 1125 42 52 cost 0.0053173391
812 1625 750 1125 31 42 cost 0.0050659151
4875 5688 0 375 42 52 cost 0.0040216699
4875 5688 0 375 52 63 cost 0.0029178829
812 1625 750 1125 52 63 cost 0.002737141
5688 6501 0 375 52 63 cost 0.002214049
4875 5688 2625 3001 42 52 cost 0.0018450641
812 1625 750 1125 21 31 cost 0.0017308256
0 1625 0 750 63 84 cost 0.0011070245
0 1625 0 750 42 63 cost 0.0011070245
0 1625 0 750 0 21 cost 0.001018137
5688 6501 1500 1875 63 73 cost 0.0009186698
5688 6501 1500 1875 42 52 cost 0.0008727287
5688 6501 750 1125 52 63 cost 0.000840362
5688 6501 750 1125 42 52 cost 0.0007514745
0 812 750 1125 21 31 cost 0.0007104917
4875 5688 2625 3001 52 63 cost 0.0006640682
0 1625 0 750 21 42 cost 0.0005758755
5688 6501 1125 1500 42 52 cost 0.0004736735
812 1625 750 1125 73 84 cost 0.0004392326
5688 6501 1500 1875 52 63 cost 0.0003004074
812 1625 750 1125 63 73 cost 0.000219465
5688 6501 1500 1875 31 42 cost 0.0002066339
5688 6501 1500 1875 21 31 cost 6.0495e-05
5688 6501 1500 1875 10 21 cost 5.05114e-05
5688 6501 1500 1875 0 10 cost 4.79266e-05
5688 6501 1500 1875 73 84 cost 3.85652e-05
5688 6501 1125 1500 52 63 cost 0
0 812 750 1125 52 63 cost 0
0 812 750 1125 63 73 cost 0
0 812 750 1125 31 42 cost 0
5688 6501 0 375 42 52 cost 0
0 812 750 1125 42 52 cost 0
0 812 750 1125 73 84 cost 0
5688 6501 375 750 42 52 cost 0
5688 6501 375 750 52 63 cost 0
partitioning time: 118.194260 seconds
