hostname : cph-gpu2.uncc.edu
bounding: [1053872.965;1068485.726]x[860186.8419;879395.9741]x[3;730]
read 11056 observations
res: 100 100 1 bw: 2500 2500 1
box size: 148 x 194 x 728
nbparts: 32
max states: 10930912
mem: 0.9772996902 GB (this is an order of magnitude)
1334347 states processed
solution: 0.0180520248 in 32 boxes.
naive: 0.5210794803 speedup:28.86543122
sumload:0.5299361446 overhead:1.016996763
0 64 0 128 160 256 cost 0.0180520248
0 148 160 194 128 640 cost 0.0180459486
64 96 64 96 32 96 cost 0.0179691452
32 148 128 160 96 160 cost 0.0179582647
96 148 96 128 32 96 cost 0.0179230415
0 148 160 194 32 128 cost 0.0179053314
32 96 64 96 96 160 cost 0.0178140729
64 128 0 128 160 192 cost 0.017779452
64 128 96 128 192 288 cost 0.0177387969
0 64 0 128 256 544 cost 0.0176994696
64 128 96 128 288 544 cost 0.0176965046
32 64 0 64 32 160 cost 0.0175278388
0 128 128 160 256 544 cost 0.0174567253
96 148 64 96 32 160 cost 0.0174077356
0 128 0 160 544 640 cost 0.0172404754
0 128 128 160 160 256 cost 0.0170662022
64 128 0 96 192 288 cost 0.0170504252
32 96 128 160 32 96 cost 0.0168567767
32 96 96 128 32 64 cost 0.0166651109
64 148 0 64 32 160 cost 0.016311527
32 64 64 96 32 96 cost 0.0162717162
0 32 0 160 32 160 cost 0.0162596445
32 148 96 128 96 128 cost 0.0161265811
64 128 0 96 288 544 cost 0.0155107619
0 96 0 96 0 32 cost 0.0152213937
96 148 128 160 32 96 cost 0.0150236426
32 96 96 128 64 96 cost 0.0146115817
32 148 96 128 128 160 cost 0.0146112882
96 148 0 194 0 32 cost 0.014575009
0 96 96 194 0 32 cost 0.0145609388
128 148 0 160 160 640 cost 0.0136143332
0 148 0 194 640 728 cost 0.0133843844
partitioning time: 221.433837 seconds
