hostname : cph-c54.uncc.edu
bounding: [1053872.965;1068485.726]x[860186.8419;879395.9741]x[3;730]
read 11056 observations
res: 50 50 1 bw: 100 100 1
box size: 294 x 386 x 728
nbparts: 16
max states: 98783776
mem: 8.831957817 GB (this is an order of magnitude)
11350382 states processed
solution: 0.0006636903 in 16 boxes.
naive: 0.0053159259 speedup:8.009648325
sumload:0.005328823 overhead:1.002426125
160 294 224 288 0 288 cost 0.0006636903
0 160 224 320 0 608 cost 0.0006566439
0 160 160 224 0 256 cost 0.0006445647
160 294 288 386 0 512 cost 0.0006363534
0 224 0 224 256 728 cost 0.0006051891
160 224 160 224 0 256 cost 0.0005184294
0 128 64 160 0 256 cost 0.0005108577
128 224 64 160 0 256 cost 0.0003848379
224 294 0 224 0 192 cost 0.0002105673
224 294 0 224 192 728 cost 0.000161451
160 294 224 288 288 512 cost 0.0001234764
160 294 224 386 512 704 cost 0.0001102347
0 160 320 386 0 608 cost 5.08171e-05
0 160 224 386 608 728 cost 2.4933e-05
0 224 0 64 0 256 cost 1.48149e-05
160 294 224 386 704 728 cost 1.19622e-05
partitioning time: 1933.972575 seconds
