hostname : cph-c41.uncc.edu
bounding: [1053872.965;1068485.726]x[860186.8419;879395.9741]x[3;730]
read 11056 observations
res: 50 50 1 bw: 2500 2500 14
box size: 294 x 386 x 728
nbparts: 32
max states: 168416
mem: 0.01505756378 GB (this is an order of magnitude)
19994 states processed
solution: 0.7389119986 in 26 boxes.
naive: 8.268027147 speedup:11.18946121
sumload:8.304530979 overhead:1.004415059
128 192 192 256 0 256 cost 0.7389119986
64 128 128 192 0 728 cost 0.664136896
128 192 128 192 0 256 cost 0.6513532231
192 294 128 192 0 728 cost 0.6105615342
128 192 256 386 0 256 cost 0.6014321769
192 256 192 256 0 256 cost 0.5749523437
64 128 192 256 0 728 cost 0.5643914492
128 192 192 386 256 728 cost 0.4536283815
192 256 256 320 0 256 cost 0.4428663426
0 64 0 386 0 728 cost 0.4213535404
128 294 64 128 0 728 cost 0.413974481
64 128 64 128 0 728 cost 0.4027883044
192 256 320 386 0 728 cost 0.320640415
64 128 256 386 0 728 cost 0.3026512124
192 256 192 256 256 728 cost 0.2339687245
256 294 192 256 0 728 cost 0.2112780475
128 192 128 192 256 728 cost 0.2089000031
192 256 256 320 256 728 cost 0.1536046775
256 294 256 320 0 256 cost 0.1089181814
64 294 0 64 0 728 cost 0.1053419945
256 294 320 384 0 256 cost 0.0539712473
256 294 256 320 256 728 cost 0.0415324947
256 294 320 384 256 728 cost 0.0223097493
256 294 384 386 0 256 cost 0.0007582871
256 294 384 386 256 512 cost 0.0001896069
256 294 384 386 512 728 cost 0.000115666
partitioning time: 3.161862 seconds
