hostname : cph-c51.uncc.edu
bounding: [1053872.965;1068485.726]x[860186.8419;879395.9741]x[3;730]
read 11056 observations
res: 50 50 1 bw: 100 100 1
box size: 294 x 386 x 728
nbparts: 64
max states: 21563328
mem: 1.927911758 GB (this is an order of magnitude)
5832869 states processed
solution: 0.0003291915 in 35 boxes.
naive: 0.0053159259 speedup:16.14843002
sumload:0.0053444083 overhead:1.005357938
192 294 256 320 0 224 cost 0.0003291915
64 128 128 192 0 160 cost 0.0003291274
128 256 192 256 288 728 cost 0.0003126378
128 192 192 256 0 128 cost 0.0003118659
128 256 128 192 192 640 cost 0.0003009154
0 128 192 386 96 480 cost 0.0002822603
128 192 256 320 0 288 cost 0.0002816745
128 192 128 192 0 96 cost 0.0002618738
64 128 64 128 0 160 cost 0.0002608813
128 192 192 256 128 288 cost 0.0002607389
0 128 192 386 0 96 cost 0.0002446486
192 256 192 256 96 288 cost 0.00022941
192 294 320 386 0 256 cost 0.0002063019
192 256 192 256 0 96 cost 0.00019932
256 294 128 256 0 192 cost 0.0001783734
0 128 64 192 160 352 cost 0.000170802
128 294 256 386 384 704 cost 0.0001575834
128 294 64 128 0 256 cost 0.0001535715
128 192 128 192 96 192 cost 0.0001461915
192 256 128 192 0 192 cost 0.0001446057
0 128 64 386 480 728 cost 9.63717e-05
256 294 128 256 192 448 cost 9.2553e-05
128 192 320 386 0 288 cost 9.12462e-05
192 294 256 320 224 384 cost 8.38698e-05
0 128 64 192 352 480 cost 3.7542e-05
128 294 64 128 256 728 cost 3.73194e-05
128 192 256 386 288 384 cost 3.40533e-05
192 294 320 386 256 384 cost 2.6808e-05
128 256 128 192 640 728 cost 2.0217e-05
0 294 0 64 0 728 cost 2.01048e-05
256 294 128 256 576 728 cost 1.26123e-05
256 294 128 256 448 576 cost 1.05186e-05
0 64 64 192 0 160 cost 8.775e-06
192 294 256 386 704 728 cost 6.3003e-06
128 192 256 386 704 728 cost 4.1421e-06
partitioning time: 1471.933505 seconds
