hostname : cph-c13.uncc.edu
bounding: [1053872.965;1068485.726]x[860186.8419;879395.9741]x[3;730]
read 11056 observations
res: 50 50 1 bw: 100 100 1
box size: 294 x 386 x 728
nbparts: 512
solution: 4.31068e-05 in 512 boxes.
naive: 0.0053159259 speedup:123.3198915
sumload:0.0054620533 overhead:1.027488607
183 220 337 386 0 91 cost 4.31068e-05
220 257 337 386 0 91 cost 4.27325e-05
183 220 241 289 91 182 cost 4.2197e-05
73 147 193 289 546 728 cost 4.12356e-05
91 110 120 144 45 91 cost 4.08723e-05
257 294 144 193 0 91 cost 4.05096e-05
220 257 289 337 91 182 cost 3.98545e-05
147 183 96 144 91 182 cost 3.96375e-05
183 220 289 337 91 182 cost 3.84871e-05
110 147 144 193 182 273 cost 3.81974e-05
36 73 241 289 0 91 cost 3.77394e-05
73 110 193 241 91 182 cost 3.76065e-05
73 110 48 96 0 91 cost 3.72084e-05
73 110 96 144 182 273 cost 3.71625e-05
110 147 193 241 182 273 cost 3.69635e-05
147 183 193 241 273 364 cost 3.45606e-05
147 220 289 386 546 728 cost 3.38184e-05
220 294 193 289 546 728 cost 3.37467e-05
110 147 96 144 91 182 cost 3.37058e-05
147 220 289 386 364 546 cost 3.32508e-05
220 257 193 241 182 273 cost 3.29192e-05
0 73 96 193 0 182 cost 3.27666e-05
147 183 289 337 91 182 cost 3.25757e-05
183 220 193 241 273 364 cost 3.14356e-05
91 110 120 144 0 45 cost 2.99844e-05
147 183 241 289 182 273 cost 2.98128e-05
128 147 168 193 45 91 cost 2.94192e-05
183 201 217 241 45 91 cost 2.93489e-05
220 257 241 289 182 273 cost 2.88615e-05
183 220 289 337 182 273 cost 2.83044e-05
73 147 289 386 0 182 cost 2.78214e-05
220 294 289 386 364 546 cost 2.71029e-05
0 73 193 289 182 364 cost 2.68608e-05
128 147 144 168 45 91 cost 2.66005e-05
257 294 144 193 91 182 cost 2.6298e-05
220 257 289 337 182 273 cost 2.5713e-05
73 110 241 289 0 91 cost 2.56794e-05
220 257 337 386 91 182 cost 2.51786e-05
201 220 241 265 45 91 cost 2.48793e-05
257 294 193 241 182 273 cost 2.47152e-05
73 91 193 217 45 91 cost 2.43822e-05
220 294 289 386 546 728 cost 2.40951e-05
110 147 48 96 0 91 cost 2.39838e-05
201 220 241 265 0 45 cost 2.28786e-05
110 147 241 289 273 364 cost 2.27271e-05
183 220 144 193 273 364 cost 2.27135e-05
183 220 193 241 364 455 cost 2.26206e-05
110 147 144 193 273 364 cost 2.23225e-05
183 220 241 289 182 273 cost 2.18649e-05
147 183 144 193 273 364 cost 2.17353e-05
147 220 0 96 0 182 cost 2.17074e-05
165 183 144 168 45 91 cost 2.1605e-05
91 110 144 168 45 91 cost 2.11676e-05
73 110 144 193 182 273 cost 2.10723e-05
183 201 168 193 45 91 cost 2.10482e-05
110 128 241 265 45 91 cost 2.08972e-05
91 110 96 120 45 91 cost 2.06865e-05
147 165 193 217 45 91 cost 2.06294e-05
220 257 241 289 273 364 cost 2.06175e-05
147 165 168 193 45 91 cost 2.03657e-05
257 294 193 241 273 364 cost 2.03268e-05
201 220 313 337 45 91 cost 2.02983e-05
257 294 144 193 182 273 cost 2.02506e-05
183 220 241 289 273 364 cost 2.01885e-05
183 201 217 241 136 182 cost 1.99322e-05
73 91 168 193 45 91 cost 1.98049e-05
110 128 241 265 136 182 cost 1.97568e-05
36 73 241 289 91 182 cost 1.95537e-05
110 147 96 144 182 273 cost 1.91454e-05
201 220 313 337 0 45 cost 1.89789e-05
73 91 120 144 91 136 cost 1.89572e-05
165 183 168 193 45 91 cost 1.89006e-05
183 220 337 386 91 182 cost 1.88375e-05
183 201 193 217 45 91 cost 1.87501e-05
183 220 193 241 546 637 cost 1.85612e-05
73 91 120 144 45 91 cost 1.8128e-05
128 147 241 265 45 91 cost 1.8045e-05
110 128 241 265 0 45 cost 1.80311e-05
147 183 193 241 364 455 cost 1.79976e-05
201 220 217 241 45 91 cost 1.7906e-05
128 147 168 193 0 45 cost 1.77619e-05
91 110 120 144 91 136 cost 1.77275e-05
73 110 96 144 273 364 cost 1.75461e-05
147 183 337 386 0 91 cost 1.7439e-05
183 220 193 241 455 546 cost 1.7283e-05
73 147 0 96 182 364 cost 1.71582e-05
110 128 241 265 91 136 cost 1.71369e-05
110 128 120 144 45 91 cost 1.69652e-05
147 165 144 168 45 91 cost 1.68708e-05
183 201 144 168 45 91 cost 1.68702e-05
73 110 48 96 91 182 cost 1.66194e-05
110 128 144 168 45 91 cost 1.65458e-05
220 257 193 241 364 455 cost 1.65231e-05
201 220 217 241 0 45 cost 1.64549e-05
165 183 193 217 136 182 cost 1.64092e-05
128 147 193 217 45 91 cost 1.62914e-05
183 201 217 241 91 136 cost 1.62119e-05
91 110 96 120 91 136 cost 1.60212e-05
147 183 241 289 273 364 cost 1.58721e-05
238 257 289 313 45 91 cost 1.57676e-05
165 183 217 241 45 91 cost 1.57121e-05
128 147 168 193 91 136 cost 1.56764e-05
73 110 241 289 91 182 cost 1.54326e-05
165 183 241 265 45 91 cost 1.53819e-05
110 147 241 289 364 455 cost 1.53435e-05
183 201 144 168 0 45 cost 1.52943e-05
220 257 289 337 273 364 cost 1.52715e-05
91 110 193 217 45 91 cost 1.52352e-05
128 147 217 241 45 91 cost 1.51674e-05
165 183 217 241 136 182 cost 1.51173e-05
110 147 144 193 364 455 cost 1.50963e-05
165 183 193 217 182 227 cost 1.50456e-05
165 183 144 168 0 45 cost 1.5008e-05
183 201 193 217 0 45 cost 1.50006e-05
147 165 193 217 136 182 cost 1.49896e-05
73 91 120 144 0 45 cost 1.48983e-05
220 238 241 265 45 91 cost 1.48664e-05
165 183 289 313 45 91 cost 1.48358e-05
165 183 193 217 45 91 cost 1.46966e-05
147 183 144 193 546 637 cost 1.46275e-05
73 110 144 193 273 364 cost 1.46112e-05
128 147 96 120 45 91 cost 1.45806e-05
91 110 96 120 0 45 cost 1.4568e-05
201 220 168 193 91 136 cost 1.45352e-05
165 183 144 168 136 182 cost 1.45017e-05
220 257 144 193 182 273 cost 1.44046e-05
110 128 168 193 45 91 cost 1.44046e-05
147 183 144 193 364 455 cost 1.43178e-05
183 220 289 337 273 364 cost 1.43097e-05
128 147 241 265 91 136 cost 1.43041e-05
220 238 289 313 45 91 cost 1.39845e-05
183 201 241 265 45 91 cost 1.37402e-05
183 201 241 265 0 45 cost 1.37118e-05
183 220 144 193 546 637 cost 1.36872e-05
73 91 96 120 45 91 cost 1.35918e-05
183 201 289 313 45 91 cost 1.35707e-05
128 147 241 265 0 45 cost 1.35176e-05
220 257 193 241 273 364 cost 1.34458e-05
238 257 265 289 45 91 cost 1.32781e-05
183 201 217 241 0 45 cost 1.32285e-05
91 110 144 168 91 136 cost 1.29614e-05
147 165 217 241 45 91 cost 1.29205e-05
147 183 289 337 182 273 cost 1.28865e-05
110 147 193 241 273 364 cost 1.28862e-05
183 220 144 193 455 546 cost 1.28787e-05
128 147 96 120 0 45 cost 1.27605e-05
128 147 217 241 136 182 cost 1.27388e-05
220 257 144 193 0 91 cost 1.26597e-05
147 165 241 265 136 182 cost 1.2603e-05
220 257 337 386 182 273 cost 1.25235e-05
220 257 241 289 364 455 cost 1.23048e-05
220 257 144 193 91 182 cost 1.22784e-05
73 91 144 168 45 91 cost 1.22341e-05
128 147 265 289 45 91 cost 1.21336e-05
275 294 193 217 45 91 cost 1.21293e-05
183 220 337 386 182 273 cost 1.20744e-05
220 238 217 241 45 91 cost 1.20552e-05
91 110 120 144 136 182 cost 1.19858e-05
128 147 144 168 0 45 cost 1.19826e-05
201 220 168 193 45 91 cost 1.19735e-05
128 147 144 168 91 136 cost 1.19712e-05
147 165 168 193 91 136 cost 1.18801e-05
73 91 168 193 91 136 cost 1.18787e-05
147 165 241 265 45 91 cost 1.18603e-05
257 294 144 193 273 364 cost 1.18416e-05
128 147 241 265 136 182 cost 1.18413e-05
220 294 96 193 364 546 cost 1.18071e-05
165 183 241 265 136 182 cost 1.1804e-05
257 275 217 241 45 91 cost 1.17889e-05
110 128 96 120 45 91 cost 1.16784e-05
73 110 193 241 182 273 cost 1.16706e-05
147 165 168 193 0 45 cost 1.16697e-05
165 183 144 168 182 227 cost 1.16508e-05
110 147 48 96 91 182 cost 1.15416e-05
165 183 241 265 91 136 cost 1.15123e-05
183 220 193 241 637 728 cost 1.14739e-05
110 128 217 241 45 91 cost 1.1472e-05
91 110 193 217 0 45 cost 1.14617e-05
147 183 193 241 546 637 cost 1.1442e-05
183 201 168 193 0 45 cost 1.14133e-05
110 128 193 217 45 91 cost 1.13979e-05
128 147 193 217 0 45 cost 1.13226e-05
220 294 96 193 546 728 cost 1.12785e-05
73 91 96 120 91 136 cost 1.12371e-05
183 201 168 193 91 136 cost 1.12329e-05
147 165 193 217 91 136 cost 1.12299e-05
183 220 144 193 364 455 cost 1.11906e-05
73 110 96 144 546 637 cost 1.11582e-05
165 183 193 217 91 136 cost 1.11426e-05
110 147 144 193 546 637 cost 1.11261e-05
110 128 96 120 0 45 cost 1.1124e-05
257 294 193 241 364 455 cost 1.10591e-05
73 91 193 217 0 45 cost 1.09089e-05
73 110 241 289 182 273 cost 1.08731e-05
238 257 193 217 45 91 cost 1.08577e-05
238 257 313 337 45 91 cost 1.07426e-05
110 147 193 241 364 455 cost 1.07364e-05
183 201 193 217 136 182 cost 1.07311e-05
183 201 144 168 91 136 cost 1.06776e-05
183 201 144 168 136 182 cost 1.04889e-05
91 110 96 120 136 182 cost 1.04712e-05
147 165 193 217 0 45 cost 1.0428e-05
128 147 168 193 136 182 cost 1.04121e-05
201 220 217 241 136 182 cost 1.03116e-05
238 257 217 241 45 91 cost 1.03078e-05
147 183 96 144 182 273 cost 1.02053e-05
165 183 168 193 136 182 cost 1.02009e-05
73 91 120 144 136 182 cost 1.01771e-05
147 165 193 217 227 273 cost 1.00017e-05
128 147 120 144 45 91 cost 9.9594e-06
165 183 144 168 91 136 cost 9.9344e-06
110 147 144 193 455 546 cost 9.9219e-06
220 238 241 265 136 182 cost 9.8904e-06
220 238 241 265 0 45 cost 9.8655e-06
147 165 144 168 0 45 cost 9.7723e-06
128 147 193 217 136 182 cost 9.7364e-06
201 220 168 193 136 182 cost 9.6945e-06
220 238 241 265 91 136 cost 9.6265e-06
238 257 265 289 136 182 cost 9.603e-06
147 165 217 241 91 136 cost 9.5675e-06
147 183 144 193 455 546 cost 9.4961e-06
201 220 289 313 45 91 cost 9.4419e-06
183 220 241 289 546 637 cost 9.3792e-06
73 110 96 144 364 455 cost 9.3717e-06
147 165 217 241 136 182 cost 9.3165e-06
201 220 193 217 227 273 cost 9.3086e-06
73 110 96 144 455 546 cost 9.2886e-06
128 147 193 217 91 136 cost 9.2484e-06
183 201 289 313 0 45 cost 9.2429e-06
201 220 168 193 0 45 cost 9.2155e-06
73 91 168 193 0 45 cost 9.1449e-06
275 294 217 241 136 182 cost 9.118e-06
147 165 217 241 0 45 cost 9.069e-06
128 147 217 241 0 45 cost 9.0604e-06
147 183 96 144 273 364 cost 9.0333e-06
201 220 168 193 227 273 cost 9.0106e-06
201 220 168 193 182 227 cost 8.9629e-06
220 257 144 193 273 364 cost 8.9408e-06
238 257 289 313 0 45 cost 8.8887e-06
110 128 241 265 227 273 cost 8.8644e-06
183 201 217 241 182 227 cost 8.8632e-06
73 91 144 168 91 136 cost 8.8271e-06
165 183 241 265 0 45 cost 8.7942e-06
147 183 193 241 637 728 cost 8.7198e-06
73 147 289 386 182 364 cost 8.7186e-06
165 183 193 217 227 273 cost 8.6534e-06
0 73 96 193 182 364 cost 8.64e-06
110 147 96 144 273 364 cost 8.6109e-06
220 238 217 241 0 45 cost 8.6109e-06
110 128 168 193 0 45 cost 8.5817e-06
91 110 168 193 45 91 cost 8.5476e-06
36 73 193 241 0 91 cost 8.5469e-06
110 128 120 144 0 45 cost 8.5331e-06
147 165 96 120 45 91 cost 8.4987e-06
110 128 168 193 136 182 cost 8.4486e-06
165 183 265 289 45 91 cost 8.378e-06
257 275 193 217 45 91 cost 8.3739e-06
201 220 217 241 91 136 cost 8.3414e-06
183 201 144 168 227 273 cost 8.2893e-06
165 183 168 193 0 45 cost 8.2776e-06
275 294 193 217 91 136 cost 8.2431e-06
147 165 120 144 45 91 cost 8.2369e-06
147 165 144 168 182 227 cost 8.1945e-06
183 220 241 289 364 455 cost 8.1141e-06
165 183 313 337 45 91 cost 8.1033e-06
110 128 217 241 0 45 cost 8.037e-06
165 183 289 313 0 45 cost 8.0336e-06
238 257 217 241 91 136 cost 8.0271e-06
110 128 241 265 182 227 cost 8.0145e-06
220 257 337 386 273 364 cost 8.0052e-06
110 128 144 168 91 136 cost 7.9287e-06
201 220 217 241 182 227 cost 7.9278e-06
128 147 265 289 0 45 cost 7.9222e-06
165 183 144 168 227 273 cost 7.9047e-06
110 128 217 241 136 182 cost 7.8756e-06
147 165 265 289 45 91 cost 7.8549e-06
91 110 144 168 0 45 cost 7.844e-06
257 275 193 217 91 136 cost 7.8117e-06
183 201 193 217 227 273 cost 7.7952e-06
73 91 96 120 0 45 cost 7.7931e-06
165 183 168 193 91 136 cost 7.7851e-06
183 201 168 193 182 227 cost 7.6929e-06
238 257 193 217 0 45 cost 7.6814e-06
110 147 241 289 455 546 cost 7.6491e-06
110 128 168 193 91 136 cost 7.6242e-06
128 147 265 289 91 136 cost 7.5871e-06
201 220 193 217 136 182 cost 7.5771e-06
238 257 265 289 0 45 cost 7.5721e-06
201 220 144 168 91 136 cost 7.5515e-06
275 294 217 241 91 136 cost 7.5227e-06
128 147 241 265 227 273 cost 7.3959e-06
201 220 193 217 45 91 cost 7.3385e-06
183 220 241 289 637 728 cost 7.3269e-06
183 201 193 217 91 136 cost 7.2985e-06
201 220 289 313 0 45 cost 7.2912e-06
147 183 241 289 364 455 cost 7.2771e-06
220 238 217 241 91 136 cost 7.2681e-06
238 257 217 241 136 182 cost 7.2522e-06
147 183 337 386 91 182 cost 7.2453e-06
165 183 313 337 0 45 cost 7.1724e-06
147 165 144 168 91 136 cost 7.1722e-06
183 201 313 337 45 91 cost 7.1616e-06
165 183 193 217 0 45 cost 7.1563e-06
201 220 217 241 227 273 cost 7.1556e-06
220 238 265 289 0 45 cost 7.1386e-06
128 147 120 144 0 45 cost 7.1346e-06
147 183 289 337 273 364 cost 7.1034e-06
147 165 168 193 136 182 cost 7.0404e-06
110 128 193 217 0 45 cost 6.9605e-06
183 201 168 193 227 273 cost 6.9474e-06
183 201 168 193 136 182 cost 6.8925e-06
128 147 241 265 182 227 cost 6.8784e-06
147 165 193 217 182 227 cost 6.8286e-06
73 91 168 193 136 182 cost 6.828e-06
257 275 217 241 136 182 cost 6.7848e-06
36 73 193 241 91 182 cost 6.7747e-06
91 110 168 193 0 45 cost 6.7509e-06
183 220 144 193 637 728 cost 6.7272e-06
147 165 144 168 136 182 cost 6.7126e-06
147 183 193 241 455 546 cost 6.6882e-06
183 201 217 241 227 273 cost 6.6555e-06
220 238 193 217 136 182 cost 6.6288e-06
110 128 217 241 91 136 cost 6.5985e-06
165 183 96 120 45 91 cost 6.5697e-06
147 183 241 289 546 637 cost 6.556e-06
110 128 144 168 0 45 cost 6.5521e-06
73 110 193 241 273 364 cost 6.4995e-06
128 147 265 289 227 273 cost 6.4905e-06
73 110 144 193 546 637 cost 6.4695e-06
220 238 289 313 0 45 cost 6.4656e-06
110 147 0 48 0 91 cost 6.4536e-06
257 294 193 241 455 546 cost 6.448e-06
147 165 241 265 0 45 cost 6.441e-06
238 257 193 217 91 136 cost 6.4088e-06
238 257 265 289 91 136 cost 6.3682e-06
110 128 144 168 136 182 cost 6.3417e-06
165 183 265 289 136 182 cost 6.3187e-06
183 220 96 144 0 91 cost 6.3018e-06
220 257 193 241 455 546 cost 6.2232e-06
201 220 193 217 182 227 cost 6.201e-06
147 183 144 193 637 728 cost 6.1188e-06
220 238 217 241 136 182 cost 6.1047e-06
183 201 193 217 182 227 cost 6.0975e-06
257 275 217 241 91 136 cost 6.0783e-06
128 147 217 241 91 136 cost 6.0759e-06
165 183 217 241 182 227 cost 6.0699e-06
147 165 168 193 182 227 cost 6.0603e-06
238 257 241 265 0 45 cost 6.0474e-06
220 238 313 337 0 45 cost 6.031e-06
220 238 265 289 45 91 cost 6.0095e-06
73 110 193 241 364 455 cost 5.9301e-06
73 110 144 193 364 455 cost 5.9247e-06
201 220 193 217 0 45 cost 5.9162e-06
91 110 168 193 91 136 cost 5.8971e-06
201 220 193 217 91 136 cost 5.885e-06
201 220 144 168 136 182 cost 5.8816e-06
147 165 144 168 227 273 cost 5.8473e-06
73 110 96 144 637 728 cost 5.7867e-06
147 165 217 241 227 273 cost 5.7813e-06
183 201 265 289 45 91 cost 5.7685e-06
110 147 144 193 637 728 cost 5.7609e-06
165 183 120 144 45 91 cost 5.7002e-06
147 165 96 120 0 45 cost 5.682e-06
201 220 144 168 0 45 cost 5.667e-06
257 275 217 241 0 45 cost 5.6384e-06
147 183 241 289 455 546 cost 5.54e-06
0 36 241 289 0 91 cost 5.505e-06
220 238 265 289 136 182 cost 5.4915e-06
201 220 144 168 45 91 cost 5.4891e-06
275 294 217 241 45 91 cost 5.466e-06
110 128 193 217 91 136 cost 5.4606e-06
110 147 193 241 455 546 cost 5.4147e-06
147 165 313 337 45 91 cost 5.3768e-06
147 183 96 144 455 546 cost 5.3217e-06
110 147 96 144 364 455 cost 5.3058e-06
238 257 241 265 45 91 cost 5.2758e-06
73 91 96 120 136 182 cost 5.2683e-06
91 110 217 241 45 91 cost 5.2551e-06
183 201 144 168 182 227 cost 5.2548e-06
147 183 96 144 546 637 cost 5.2128e-06
183 220 241 289 455 546 cost 5.2059e-06
220 238 313 337 45 91 cost 5.1845e-06
147 165 241 265 91 136 cost 5.1365e-06
0 73 96 193 546 728 cost 5.1357e-06
220 238 193 217 91 136 cost 5.1039e-06
73 147 0 96 546 728 cost 5.0974e-06
128 147 144 168 136 182 cost 5.0783e-06
147 183 241 289 637 728 cost 5.0586e-06
238 257 313 337 0 45 cost 5.0233e-06
165 183 217 241 91 136 cost 4.987e-06
257 275 193 217 136 182 cost 4.9026e-06
165 183 217 241 227 273 cost 4.8939e-06
165 183 168 193 182 227 cost 4.8908e-06
73 147 0 96 364 546 cost 4.8572e-06
275 294 217 241 0 45 cost 4.8408e-06
220 257 241 289 455 546 cost 4.8132e-06
257 275 193 217 0 45 cost 4.7805e-06
110 128 265 289 0 45 cost 4.6878e-06
220 238 193 217 45 91 cost 4.6404e-06
147 165 313 337 0 45 cost 4.5813e-06
165 183 265 289 91 136 cost 4.4696e-06
238 257 241 265 91 136 cost 4.467e-06
147 165 120 144 0 45 cost 4.4426e-06
147 183 96 144 364 455 cost 4.3626e-06
147 165 289 313 45 91 cost 4.3118e-06
275 294 193 217 136 182 cost 4.2669e-06
147 165 265 289 91 136 cost 4.2539e-06
183 201 265 289 0 45 cost 4.1977e-06
73 110 241 289 273 364 cost 4.1842e-06
91 110 144 168 136 182 cost 4.1736e-06
91 110 217 241 0 45 cost 4.0995e-06
128 147 265 289 136 182 cost 4.0764e-06
147 183 337 386 273 364 cost 4.0746e-06
147 165 168 193 227 273 cost 4.0437e-06
73 110 241 289 364 455 cost 3.9879e-06
165 183 265 289 0 45 cost 3.9565e-06
73 91 144 168 0 45 cost 3.924e-06
147 165 289 313 0 45 cost 3.8765e-06
147 165 217 241 182 227 cost 3.8496e-06
0 36 241 289 91 182 cost 3.8232e-06
183 220 337 386 273 364 cost 3.8019e-06
147 183 337 386 182 273 cost 3.7701e-06
110 128 193 217 136 182 cost 3.7689e-06
110 128 265 289 45 91 cost 3.7563e-06
147 220 0 96 182 364 cost 3.6771e-06
165 183 217 241 0 45 cost 3.6609e-06
73 91 144 168 136 182 cost 3.6504e-06
110 128 265 289 227 273 cost 3.5517e-06
73 147 289 386 364 546 cost 3.5397e-06
110 147 96 144 455 546 cost 3.4752e-06
73 110 144 193 637 728 cost 3.4725e-06
147 183 96 144 637 728 cost 3.4707e-06
73 147 289 386 546 728 cost 3.4353e-06
128 147 265 289 182 227 cost 3.4236e-06
238 257 217 241 0 45 cost 3.3977e-06
147 165 265 289 136 182 cost 3.3741e-06
73 110 144 193 455 546 cost 3.3051e-06
165 183 120 144 0 45 cost 3.2987e-06
275 294 193 217 0 45 cost 3.2892e-06
201 220 265 289 45 91 cost 3.2266e-06
201 220 144 168 182 227 cost 3.0951e-06
165 183 96 120 0 45 cost 3.025e-06
0 73 193 289 364 546 cost 2.9757e-06
220 238 265 289 91 136 cost 2.943e-06
238 257 193 217 136 182 cost 2.9107e-06
0 73 289 386 0 182 cost 2.8401e-06
183 201 313 337 0 45 cost 2.6646e-06
201 220 144 168 227 273 cost 2.6115e-06
147 220 0 96 546 728 cost 2.6064e-06
147 165 265 289 0 45 cost 2.5564e-06
0 73 193 289 546 728 cost 2.4363e-06
201 220 265 289 0 45 cost 2.4228e-06
73 110 241 289 455 546 cost 2.4045e-06
110 147 0 48 91 182 cost 2.4045e-06
110 128 265 289 91 136 cost 2.3883e-06
0 73 96 193 364 546 cost 2.346e-06
110 147 96 144 637 728 cost 2.2185e-06
110 128 265 289 182 227 cost 2.1624e-06
110 147 96 144 546 637 cost 2.1573e-06
73 110 193 241 455 546 cost 1.9395e-06
91 110 168 193 136 182 cost 1.8888e-06
257 294 289 337 91 182 cost 1.8457e-06
165 183 168 193 227 273 cost 1.8225e-06
220 238 193 217 0 45 cost 1.8021e-06
238 257 241 265 136 182 cost 1.8003e-06
110 128 265 289 136 182 cost 1.7907e-06
257 294 241 289 91 182 cost 1.7078e-06
147 220 0 96 364 546 cost 1.6605e-06
183 220 96 144 91 182 cost 1.5117e-06
257 294 289 337 182 273 cost 1.3974e-06
257 294 289 337 0 91 cost 1.2563e-06
183 220 96 144 546 637 cost 1.1637e-06
183 220 96 144 182 273 cost 1.0785e-06
73 110 0 48 0 91 cost 1.0707e-06
257 294 241 289 0 91 cost 9.928e-07
183 220 96 144 364 455 cost 7.89e-07
183 220 96 144 637 728 cost 7.2e-07
183 220 96 144 273 364 cost 6.96e-07
257 294 241 289 364 455 cost 5.898e-07
257 294 241 289 182 273 cost 5.127e-07
183 220 96 144 455 546 cost 2.949e-07
0 73 289 386 182 364 cost 2.019e-07
257 294 289 337 273 364 cost 2.019e-07
257 294 241 289 273 364 cost 2.019e-07
73 91 217 241 0 45 cost 1.062e-07
73 91 217 241 45 91 cost 5.31e-08
220 257 96 144 273 364 cost 0
220 257 96 144 182 273 cost 0
0 36 193 241 0 91 cost 0
0 73 0 96 546 728 cost 0
257 294 241 289 455 546 cost 0
220 294 0 96 182 364 cost 0
73 110 0 48 91 182 cost 0
220 294 0 96 546 728 cost 0
0 73 289 386 364 546 cost 0
0 36 193 241 91 182 cost 0
257 294 96 144 0 91 cost 0
257 294 337 386 182 273 cost 0
0 73 0 96 182 364 cost 0
0 73 0 96 364 546 cost 0
257 294 337 386 273 364 cost 0
220 294 0 96 0 182 cost 0
257 294 96 144 273 364 cost 0
220 257 96 144 0 91 cost 0
257 294 337 386 0 91 cost 0
257 294 96 144 182 273 cost 0
220 294 0 96 364 546 cost 0
0 73 289 386 546 728 cost 0
220 257 96 144 91 182 cost 0
257 294 337 386 91 182 cost 0
257 294 96 144 91 182 cost 0
0 73 0 96 0 182 cost 0
partitioning time: 2.158421 seconds
