hostname : cph-gpu1.uncc.edu
bounding: [1053872.965;1068485.726]x[860186.8419;879395.9741]x[3;730]
read 11056 observations
res: 100 100 1 bw: 2500 2500 1
box size: 148 x 194 x 728
nbparts: 64
mem: 0.4886169434 GB (this is an order of magnitude)
96289 states processed
solution: 0.014523079 in 47 boxes.
naive: 0.5210794803 speedup:35.87940824
sumload:0.5290962075 overhead:1.015384845
64 96 96 128 0 64 cost 0.014523079
64 96 96 128 64 128 cost 0.0143610606
96 148 96 128 64 128 cost 0.0143482013
96 148 96 128 0 64 cost 0.0142553187
64 96 64 96 0 64 cost 0.0141832557
32 64 96 160 64 128 cost 0.0140455755
64 96 64 96 128 256 cost 0.0139789785
64 96 0 64 0 128 cost 0.0139064916
64 96 128 194 0 64 cost 0.0138822822
32 64 96 160 0 64 cost 0.013606965
32 64 96 160 128 256 cost 0.0136065838
64 96 64 96 64 128 cost 0.0133425827
96 148 96 128 320 728 cost 0.0132433661
32 64 64 96 64 128 cost 0.0128971844
96 148 128 160 0 64 cost 0.0128805286
64 96 64 96 256 728 cost 0.012864769
64 96 128 194 128 256 cost 0.0128273384
96 148 96 128 192 320 cost 0.0127792477
96 148 0 96 256 728 cost 0.0126499932
96 148 0 96 128 256 cost 0.0125484253
64 96 128 194 256 728 cost 0.0122801588
96 148 128 160 256 728 cost 0.0120949983
32 64 64 96 0 64 cost 0.0120504973
64 96 128 194 64 128 cost 0.0119142019
96 148 128 160 128 256 cost 0.0118178925
32 64 96 160 256 728 cost 0.0118160856
32 64 64 96 192 728 cost 0.0116701893
64 96 96 128 320 728 cost 0.0115641027
64 96 96 128 192 320 cost 0.0115152526
32 64 0 64 128 728 cost 0.0110753311
64 96 96 128 128 192 cost 0.0110218036
96 148 128 160 64 128 cost 0.0107538278
0 32 0 194 128 728 cost 0.0103653428
96 148 96 128 128 192 cost 0.0103074967
64 96 0 64 128 728 cost 0.0100657319
96 148 0 96 0 64 cost 0.0099357348
32 64 0 64 0 64 cost 0.0097779805
96 148 0 96 64 128 cost 0.0096492672
0 32 0 194 64 128 cost 0.0088237312
32 64 0 64 64 128 cost 0.0084452937
0 32 0 194 0 64 cost 0.0078776198
96 148 160 194 0 64 cost 0.0077756488
96 148 160 194 256 728 cost 0.0068528793
32 64 64 96 128 192 cost 0.0056839783
96 148 160 194 64 128 cost 0.00560512
96 148 160 194 128 256 cost 0.0054726195
32 64 160 194 0 728 cost 0.0021521942
partitioning time: 58.365917 seconds
