hostname : cph-gpu3.uncc.edu
bounding: [1053872.965;1068485.726]x[860186.8419;879395.9741]x[3;730]
read 11056 observations
res: 100 100 1 bw: 2500 2500 1
box size: 148 x 194 x 728
nbparts: 32
mem: 0.05330657959 GB (this is an order of magnitude)
15401 states processed
solution: 0.0330878384 in 32 boxes.
naive: 0.5210794803 speedup:15.74836875
sumload:0.5321963048 overhead:1.02133422
64 128 64 128 32 64 cost 0.0330878384
64 128 64 128 224 352 cost 0.0323945175
64 128 64 128 352 728 cost 0.0322196629
0 64 0 194 32 64 cost 0.0309799419
0 64 0 194 96 160 cost 0.0308367628
64 128 128 194 0 64 cost 0.0305502938
0 64 0 194 256 728 cost 0.029759124
64 128 0 64 0 728 cost 0.0289335009
64 128 64 128 64 96 cost 0.0273154632
64 128 128 194 256 728 cost 0.0271440415
0 64 0 194 64 96 cost 0.026987181
64 128 64 128 160 224 cost 0.026872624
64 128 128 194 128 256 cost 0.0265886857
64 128 128 194 64 128 cost 0.0249787524
0 64 0 194 160 256 cost 0.022218215
64 128 64 128 96 128 cost 0.0186974524
64 128 64 128 128 160 cost 0.0175366655
64 128 64 128 0 32 cost 0.0146431716
0 64 0 194 0 32 cost 0.0137238309
128 148 128 194 0 64 cost 0.0039734318
128 148 128 194 288 728 cost 0.003474439
128 148 0 128 256 384 cost 0.003335071
128 148 0 128 32 64 cost 0.0031774849
128 148 0 128 128 192 cost 0.0031445325
128 148 0 128 384 728 cost 0.0029705276
128 148 128 194 160 288 cost 0.0029527695
128 148 0 128 64 96 cost 0.0028773033
128 148 0 128 192 256 cost 0.0026810661
128 148 128 194 96 160 cost 0.0025764309
128 148 0 128 96 128 cost 0.0023202567
128 148 128 194 64 96 cost 0.0019651321
128 148 0 128 0 32 cost 0.001280134
partitioning time: 9.016891 seconds
