hostname : cph-c14.uncc.edu
bounding: [1053872.965;1068485.726]x[860186.8419;879395.9741]x[3;730]
read 11056 observations
res: 100 100 1 bw: 250 250 1
box size: 148 x 194 x 728
nbparts: 32
max states: 596224
mem: 0.05330657959 GB (this is an order of magnitude)
118355 states processed
solution: 0.0006893981 in 32 boxes.
naive: 0.0102500115 speedup:14.86805882
sumload:0.0105475375 overhead:1.029026894
64 128 64 128 32 64 cost 0.0006893981
0 64 64 194 192 728 cost 0.0005972694
64 128 64 128 64 96 cost 0.0005748201
0 148 0 64 96 728 cost 0.0005680951
0 148 0 64 0 96 cost 0.0005513402
0 64 64 194 96 192 cost 0.0005235216
0 148 64 128 0 32 cost 0.0004814615
64 128 128 194 32 64 cost 0.0004711323
0 64 64 194 32 64 cost 0.0004012162
64 128 64 128 96 128 cost 0.0003868456
0 64 64 194 64 96 cost 0.0003868422
64 128 64 128 128 160 cost 0.0003659875
64 128 64 128 160 192 cost 0.000359001
64 128 64 194 192 224 cost 0.0003457099
64 148 64 128 544 728 cost 0.0003403482
64 148 64 128 384 544 cost 0.000337707
64 148 128 194 384 728 cost 0.000325128
64 128 128 194 64 96 cost 0.0003231035
64 128 64 194 320 384 cost 0.000316824
64 128 64 128 256 320 cost 0.0003050019
64 128 128 194 224 320 cost 0.0002896149
64 128 64 128 224 256 cost 0.0002756897
0 148 128 194 0 32 cost 0.0002618387
64 128 128 194 96 128 cost 0.0002175144
64 128 128 194 128 160 cost 0.0001884589
128 148 64 194 192 384 cost 0.0001656443
64 128 128 194 160 192 cost 0.0001530679
128 148 64 194 64 96 cost 9.22566e-05
128 148 64 194 32 64 cost 8.92422e-05
128 148 64 194 96 128 cost 7.35922e-05
128 148 64 194 128 160 cost 6.10026e-05
128 148 64 194 160 192 cost 2.88618e-05
partitioning time: 18.646036 seconds
