hostname : cph-gpu1.uncc.edu
bounding: [1053872.965;1068485.726]x[860186.8419;879395.9741]x[3;730]
read 11056 observations
res: 100 100 1 bw: 500 500 7
box size: 148 x 194 x 728
nbparts: 16
max states: 298112
mem: 0.02665328979 GB (this is an order of magnitude)
56113 states processed
solution: 0.0045241618 in 16 boxes.
naive: 0.0609225435 speedup:13.46603994
sumload:0.064465137 overhead:1.05814914
0 64 0 128 160 728 cost 0.0045241618
0 128 64 194 0 32 cost 0.0045030135
64 128 0 128 224 352 cost 0.0044917338
64 128 0 128 352 728 cost 0.0044296068
64 128 64 128 32 64 cost 0.0043783762
0 128 128 194 256 728 cost 0.0041127428
0 128 0 64 0 128 cost 0.0040338814
64 128 0 128 160 224 cost 0.0039602037
0 64 64 128 32 96 cost 0.0039418399
0 128 128 194 128 256 cost 0.0038680288
0 128 128 194 64 128 cost 0.0038627573
0 128 0 128 128 160 cost 0.0038577163
0 128 64 128 96 128 cost 0.0037411337
64 128 64 128 64 96 cost 0.0036769424
128 148 0 194 0 728 cost 0.0036340626
0 128 128 194 32 64 cost 0.003448936
partitioning time: 8.057943 seconds
