hostname : cph-c27.uncc.edu
bounding: [1053872.965;1068485.726]x[860186.8419;879395.9741]x[3;730]
read 11056 observations
res: 100 100 1 bw: 250 250 1
box size: 148 x 194 x 728
nbparts: 1024
solution: 3.59824e-05 in 1030 boxes.
naive: 0.0102500115 speedup:284.8618074
sumload:0.0107481753 overhead:1.048601292
46 55 72 84 45 91 cost 3.59824e-05
64 74 121 133 45 91 cost 3.54581e-05
64 74 84 97 0 45 cost 3.54038e-05
55 74 48 72 182 273 cost 3.51357e-05
92 101 97 109 45 91 cost 3.50799e-05
55 64 121 133 136 182 cost 3.49412e-05
92 101 109 121 136 182 cost 3.48531e-05
37 46 60 72 0 45 cost 3.48033e-05
74 92 97 121 364 455 cost 3.46548e-05
74 83 72 84 45 91 cost 3.42282e-05
55 64 60 72 45 91 cost 3.36612e-05
92 111 97 121 455 546 cost 3.35922e-05
101 111 169 181 0 45 cost 3.32845e-05
55 64 121 133 0 45 cost 3.29739e-05
101 111 157 169 0 45 cost 3.28303e-05
101 111 157 169 45 91 cost 3.22948e-05
64 74 109 121 45 91 cost 3.22275e-05
83 92 97 109 136 182 cost 3.20121e-05
83 92 109 121 45 91 cost 3.19355e-05
64 74 84 97 91 136 cost 3.18746e-05
46 55 48 60 0 45 cost 3.16738e-05
37 55 48 72 273 364 cost 3.15624e-05
64 74 97 109 45 91 cost 3.14378e-05
101 111 109 121 0 45 cost 3.12181e-05
83 92 97 109 45 91 cost 3.10573e-05
74 92 121 145 273 364 cost 3.09752e-05
46 55 60 72 91 136 cost 3.06921e-05
55 74 72 97 364 455 cost 3.00132e-05
111 120 145 157 45 91 cost 2.98671e-05
74 92 169 194 0 91 cost 2.98363e-05
55 64 121 133 91 136 cost 2.97906e-05
64 74 121 133 91 136 cost 2.97451e-05
55 64 84 97 45 91 cost 2.95528e-05
92 101 72 84 45 91 cost 2.95174e-05
83 92 109 121 136 182 cost 2.94781e-05
111 129 145 169 273 364 cost 2.91744e-05
92 101 121 133 45 91 cost 2.90837e-05
74 92 72 97 364 455 cost 2.89899e-05
111 129 72 97 182 273 cost 2.89158e-05
111 129 97 121 364 455 cost 2.88919e-05
27 37 84 97 45 91 cost 2.88648e-05
46 55 48 60 91 136 cost 2.87057e-05
55 74 121 145 364 455 cost 2.86635e-05
37 46 48 60 45 91 cost 2.86587e-05
83 92 121 133 45 91 cost 2.85147e-05
83 92 97 109 182 227 cost 2.82293e-05
55 74 97 121 273 364 cost 2.8058e-05
37 55 72 97 273 364 cost 2.79141e-05
83 92 72 84 0 45 cost 2.77287e-05
92 101 72 84 0 45 cost 2.76131e-05
92 111 145 169 273 364 cost 2.75008e-05
37 46 84 97 91 136 cost 2.72008e-05
74 92 72 97 546 637 cost 2.71477e-05
37 55 121 145 91 182 cost 2.71006e-05
129 138 84 97 45 91 cost 2.70922e-05
92 101 109 121 91 136 cost 2.70578e-05
64 74 121 133 0 45 cost 2.70342e-05
111 129 72 97 91 182 cost 2.68978e-05
111 120 121 133 45 91 cost 2.67454e-05
83 92 72 84 136 182 cost 2.67381e-05
74 83 97 109 136 182 cost 2.66523e-05
64 74 72 84 0 45 cost 2.63698e-05
92 111 72 97 546 637 cost 2.63301e-05
37 46 72 84 45 91 cost 2.62484e-05
37 46 97 109 91 136 cost 2.62305e-05
101 111 84 97 91 136 cost 2.61925e-05
74 92 24 48 0 91 cost 2.60707e-05
111 129 72 97 0 91 cost 2.5902e-05
55 64 48 60 45 91 cost 2.58774e-05
92 101 145 157 45 91 cost 2.5837e-05
83 92 145 157 45 91 cost 2.56163e-05
64 74 48 60 45 91 cost 2.55725e-05
18 37 121 145 182 273 cost 2.55052e-05
120 129 145 157 45 91 cost 2.54786e-05
92 101 121 133 0 45 cost 2.54607e-05
46 55 97 109 45 91 cost 2.54592e-05
101 111 145 157 45 91 cost 2.52674e-05
92 101 97 109 0 45 cost 2.52445e-05
74 83 109 121 45 91 cost 2.52234e-05
64 74 72 84 91 136 cost 2.51703e-05
92 111 72 97 455 546 cost 2.51334e-05
74 83 121 133 136 182 cost 2.5013e-05
92 101 109 121 0 45 cost 2.49487e-05
55 74 72 97 546 637 cost 2.47596e-05
101 111 121 133 91 136 cost 2.45438e-05
55 74 145 169 0 91 cost 2.45438e-05
111 129 121 145 364 455 cost 2.44347e-05
111 129 97 121 273 364 cost 2.42981e-05
101 111 84 97 45 91 cost 2.42354e-05
18 37 72 97 91 182 cost 2.41968e-05
64 74 121 133 136 182 cost 2.41017e-05
64 74 109 121 136 182 cost 2.40457e-05
55 64 109 121 45 91 cost 2.39269e-05
92 101 84 97 0 45 cost 2.38633e-05
74 92 145 169 182 273 cost 2.36768e-05
64 74 60 72 45 91 cost 2.36557e-05
64 74 97 109 0 45 cost 2.34774e-05
111 148 48 97 364 546 cost 2.34703e-05
92 111 169 194 182 273 cost 2.34386e-05
74 83 97 109 91 136 cost 2.31706e-05
92 111 72 97 364 455 cost 2.31204e-05
64 74 48 60 0 45 cost 2.30324e-05
37 46 97 109 0 45 cost 2.29457e-05
111 148 48 97 546 728 cost 2.29118e-05
101 111 121 133 136 182 cost 2.29094e-05
74 92 97 121 546 637 cost 2.27589e-05
37 55 97 121 182 273 cost 2.26585e-05
55 64 48 60 0 45 cost 2.26456e-05
55 74 24 48 91 182 cost 2.25444e-05
138 148 97 109 45 91 cost 2.25201e-05
111 120 169 181 45 91 cost 2.24169e-05
74 92 48 72 182 273 cost 2.24053e-05
83 92 84 97 136 182 cost 2.23517e-05
92 101 84 97 91 136 cost 2.22769e-05
101 111 169 181 45 91 cost 2.2227e-05
37 46 48 60 91 136 cost 2.21797e-05
120 129 97 109 45 91 cost 2.21546e-05
64 74 133 145 45 91 cost 2.21536e-05
64 74 84 97 136 182 cost 2.21449e-05
92 111 97 121 637 728 cost 2.21079e-05
111 120 121 133 0 45 cost 2.20585e-05
120 129 133 145 45 91 cost 2.20526e-05
111 120 109 121 45 91 cost 2.20293e-05
129 148 72 97 273 364 cost 2.18121e-05
74 83 48 60 91 136 cost 2.17354e-05
83 92 97 109 91 136 cost 2.17325e-05
27 37 133 145 45 91 cost 2.15496e-05
55 74 97 121 364 455 cost 2.14815e-05
64 74 97 109 136 182 cost 2.14185e-05
74 83 84 97 91 136 cost 2.14135e-05
101 111 109 121 136 182 cost 2.12342e-05
46 55 72 84 91 136 cost 2.11362e-05
46 55 36 48 0 45 cost 2.10538e-05
92 101 97 109 136 182 cost 2.09745e-05
111 129 169 194 182 273 cost 2.09087e-05
74 83 121 133 45 91 cost 2.07709e-05
83 92 121 133 136 182 cost 2.07363e-05
129 148 97 121 364 455 cost 2.0721e-05
37 46 60 72 136 182 cost 2.0682e-05
46 55 36 48 45 91 cost 2.06757e-05
83 92 72 84 182 227 cost 2.05703e-05
101 111 84 97 136 182 cost 2.0454e-05
37 74 145 194 182 364 cost 2.04111e-05
74 83 97 109 0 45 cost 2.03754e-05
74 83 72 84 0 45 cost 2.03501e-05
46 55 60 72 136 182 cost 2.03025e-05
74 83 109 121 136 182 cost 2.02999e-05
111 120 169 181 0 45 cost 2.02609e-05
55 74 72 97 455 546 cost 2.01681e-05
83 92 72 84 91 136 cost 2.01288e-05
129 138 109 121 45 91 cost 2.01012e-05
18 37 97 121 0 91 cost 1.99113e-05
101 111 84 97 182 227 cost 1.98896e-05
46 55 48 60 136 182 cost 1.98853e-05
55 64 97 109 45 91 cost 1.96697e-05
0 37 48 97 182 364 cost 1.96557e-05
92 101 72 84 91 136 cost 1.96536e-05
37 55 121 145 182 273 cost 1.95732e-05
101 111 84 97 227 273 cost 1.95727e-05
64 74 109 121 182 227 cost 1.94304e-05
74 92 72 97 455 546 cost 1.92953e-05
55 64 84 97 0 45 cost 1.92682e-05
37 46 36 48 45 91 cost 1.9259e-05
64 74 109 121 0 45 cost 1.91547e-05
92 101 72 84 136 182 cost 1.90195e-05
37 55 48 72 546 637 cost 1.89964e-05
83 92 84 97 0 45 cost 1.89474e-05
55 64 60 72 0 45 cost 1.89349e-05
74 83 84 97 0 45 cost 1.89143e-05
111 129 145 169 364 455 cost 1.88491e-05
37 55 48 72 364 455 cost 1.86984e-05
74 83 48 60 45 91 cost 1.84527e-05
46 55 97 109 0 45 cost 1.83816e-05
83 92 121 133 91 136 cost 1.82451e-05
74 92 48 72 273 364 cost 1.82427e-05
74 83 97 109 227 273 cost 1.82365e-05
64 74 97 109 91 136 cost 1.82241e-05
74 92 97 121 637 728 cost 1.81683e-05
129 138 97 109 45 91 cost 1.80948e-05
120 129 109 121 45 91 cost 1.80029e-05
111 120 121 133 91 136 cost 1.78669e-05
55 64 84 97 91 136 cost 1.7814e-05
74 83 109 121 0 45 cost 1.77485e-05
55 74 121 145 546 637 cost 1.76955e-05
37 46 48 60 0 45 cost 1.76286e-05
138 148 84 97 45 91 cost 1.74785e-05
83 92 97 109 0 45 cost 1.74617e-05
92 111 121 145 546 637 cost 1.74372e-05
101 111 109 121 91 136 cost 1.74167e-05
92 101 109 121 182 227 cost 1.73977e-05
55 64 109 121 0 45 cost 1.73964e-05
64 74 84 97 227 273 cost 1.73952e-05
111 120 133 145 0 45 cost 1.73713e-05
92 101 121 133 91 136 cost 1.72935e-05
111 120 133 145 45 91 cost 1.72667e-05
111 129 97 121 546 637 cost 1.72293e-05
37 46 84 97 0 45 cost 1.72035e-05
101 111 97 109 227 273 cost 1.71803e-05
101 111 145 157 0 45 cost 1.71133e-05
37 55 48 72 455 546 cost 1.71059e-05
101 111 109 121 182 227 cost 1.69854e-05
46 55 84 97 45 91 cost 1.69619e-05
64 74 121 133 227 273 cost 1.68891e-05
37 46 72 84 91 136 cost 1.6807e-05
111 129 72 97 273 364 cost 1.68029e-05
92 101 145 157 0 45 cost 1.67323e-05
74 83 109 121 91 136 cost 1.67272e-05
55 74 48 72 273 364 cost 1.66962e-05
55 64 121 133 227 273 cost 1.66677e-05
101 111 97 109 136 182 cost 1.66475e-05
74 83 133 145 45 91 cost 1.66411e-05
92 101 97 109 91 136 cost 1.65266e-05
101 111 97 109 45 91 cost 1.64696e-05
111 120 121 133 136 182 cost 1.64426e-05
55 74 121 145 455 546 cost 1.6404e-05
83 92 84 97 91 136 cost 1.64019e-05
92 101 157 169 45 91 cost 1.63779e-05
83 92 157 169 45 91 cost 1.6362e-05
83 92 133 145 45 91 cost 1.63426e-05
55 64 109 121 136 182 cost 1.62977e-05
111 120 145 157 0 45 cost 1.62766e-05
111 120 169 181 91 136 cost 1.62328e-05
101 111 84 97 0 45 cost 1.61437e-05
64 74 72 84 227 273 cost 1.61197e-05
92 111 121 145 364 455 cost 1.61145e-05
120 129 157 169 45 91 cost 1.60206e-05
92 111 145 169 637 728 cost 1.59456e-05
55 74 97 121 637 728 cost 1.59108e-05
55 64 72 84 91 136 cost 1.58571e-05
120 129 133 145 136 182 cost 1.58114e-05
83 92 121 133 0 45 cost 1.58058e-05
138 148 109 121 136 182 cost 1.57496e-05
138 148 97 109 91 136 cost 1.57063e-05
83 92 145 157 0 45 cost 1.56975e-05
74 83 60 72 45 91 cost 1.54938e-05
83 92 97 109 227 273 cost 1.54343e-05
111 120 181 194 45 91 cost 1.51961e-05
101 111 109 121 227 273 cost 1.51949e-05
111 129 145 169 546 637 cost 1.51818e-05
92 111 48 72 0 91 cost 1.51623e-05
55 64 84 97 136 182 cost 1.51109e-05
120 129 145 157 0 45 cost 1.50129e-05
74 83 84 97 136 182 cost 1.49673e-05
27 37 133 145 0 45 cost 1.49229e-05
64 74 121 133 182 227 cost 1.49158e-05
74 83 48 60 136 182 cost 1.49034e-05
46 55 72 84 0 45 cost 1.49031e-05
83 92 72 84 227 273 cost 1.47747e-05
55 64 72 84 0 45 cost 1.47529e-05
64 74 109 121 227 273 cost 1.46886e-05
55 74 97 121 546 637 cost 1.46439e-05
92 111 72 97 637 728 cost 1.45176e-05
64 74 133 145 91 136 cost 1.4517e-05
92 101 72 84 227 273 cost 1.44781e-05
92 111 121 145 637 728 cost 1.43917e-05
74 92 145 169 273 364 cost 1.43832e-05
92 101 97 109 227 273 cost 1.43749e-05
129 138 84 97 91 136 cost 1.43478e-05
27 37 133 145 91 136 cost 1.43042e-05
74 83 72 84 182 227 cost 1.43009e-05
55 64 121 133 182 227 cost 1.41891e-05
111 120 109 121 91 136 cost 1.41592e-05
46 55 84 97 91 136 cost 1.4108e-05
37 46 36 48 0 45 cost 1.41046e-05
55 74 169 194 0 91 cost 1.41027e-05
92 101 84 97 182 227 cost 1.40928e-05
111 120 109 121 0 45 cost 1.40657e-05
74 83 97 109 182 227 cost 1.39739e-05
55 64 36 48 45 91 cost 1.396e-05
101 111 72 84 91 136 cost 1.3941e-05
138 148 109 121 91 136 cost 1.39355e-05
55 64 109 121 91 136 cost 1.38777e-05
37 46 84 97 136 182 cost 1.38324e-05
111 120 133 145 136 182 cost 1.38006e-05
120 129 145 157 91 136 cost 1.37552e-05
120 129 109 121 91 136 cost 1.37486e-05
111 129 169 194 273 364 cost 1.37445e-05
111 120 145 157 91 136 cost 1.37097e-05
92 101 84 97 136 182 cost 1.36882e-05
74 92 169 194 91 182 cost 1.36557e-05
46 55 84 97 0 45 cost 1.36374e-05
83 92 109 121 91 136 cost 1.36049e-05
101 111 97 109 0 45 cost 1.35449e-05
74 83 72 84 91 136 cost 1.35381e-05
129 138 109 121 136 182 cost 1.34755e-05
18 37 97 121 91 182 cost 1.34082e-05
92 111 145 169 364 455 cost 1.33725e-05
129 138 97 109 91 136 cost 1.33598e-05
55 64 60 72 91 136 cost 1.334e-05
74 83 60 72 91 136 cost 1.32613e-05
120 129 97 109 0 45 cost 1.32561e-05
18 37 121 145 273 364 cost 1.32374e-05
92 101 145 157 91 136 cost 1.32322e-05
92 101 109 121 227 273 cost 1.32292e-05
64 74 60 72 0 45 cost 1.32005e-05
55 74 145 169 91 182 cost 1.30999e-05
74 92 24 48 91 182 cost 1.30455e-05
46 55 97 109 91 136 cost 1.30367e-05
83 92 157 169 0 45 cost 1.30187e-05
41 46 60 66 45 68 cost 1.29955e-05
74 92 121 145 364 455 cost 1.29207e-05
101 111 84 97 273 318 cost 1.29005e-05
64 74 133 145 0 45 cost 1.28996e-05
120 129 145 157 227 273 cost 1.28832e-05
74 92 97 121 455 546 cost 1.27836e-05
92 101 121 133 136 182 cost 1.27834e-05
92 101 84 97 227 273 cost 1.26918e-05
129 138 109 121 91 136 cost 1.26806e-05
74 92 121 145 546 637 cost 1.26438e-05
111 129 97 121 455 546 cost 1.26416e-05
83 92 157 169 91 136 cost 1.26112e-05
111 120 157 169 0 45 cost 1.25907e-05
74 83 72 84 136 182 cost 1.25851e-05
27 37 121 133 45 91 cost 1.25416e-05
74 83 121 133 182 227 cost 1.2539e-05
101 111 157 169 182 227 cost 1.2512e-05
55 74 72 97 637 728 cost 1.24995e-05
37 55 97 121 273 364 cost 1.24769e-05
101 111 157 169 91 136 cost 1.24618e-05
74 83 48 60 0 45 cost 1.24604e-05
64 74 133 145 227 273 cost 1.24441e-05
37 55 72 97 546 637 cost 1.24293e-05
64 74 109 121 91 136 cost 1.24029e-05
92 101 121 133 227 273 cost 1.23826e-05
120 129 109 121 136 182 cost 1.23756e-05
101 111 97 109 91 136 cost 1.23591e-05
83 92 84 97 182 227 cost 1.22336e-05
74 83 121 133 0 45 cost 1.21569e-05
101 111 181 194 45 91 cost 1.20883e-05
37 55 72 97 364 455 cost 1.2081e-05
111 129 145 169 455 546 cost 1.20692e-05
111 120 145 157 227 273 cost 1.20165e-05
46 55 48 60 182 227 cost 1.19282e-05
64 74 84 97 273 318 cost 1.19246e-05
55 64 97 109 0 45 cost 1.19068e-05
74 83 97 109 318 364 cost 1.18638e-05
74 92 145 169 364 455 cost 1.18581e-05
111 120 121 133 182 227 cost 1.18517e-05
111 120 157 169 45 91 cost 1.18494e-05
83 92 97 109 273 318 cost 1.18447e-05
92 111 169 194 546 637 cost 1.184e-05
0 37 48 97 546 728 cost 1.18287e-05
74 83 121 133 91 136 cost 1.17813e-05
46 50 66 72 22 45 cost 1.17761e-05
74 83 157 169 45 91 cost 1.17506e-05
55 64 84 97 227 273 cost 1.17281e-05
55 64 72 84 136 182 cost 1.16836e-05
83 92 109 121 182 227 cost 1.16619e-05
101 111 97 109 182 227 cost 1.15815e-05
37 46 48 60 136 182 cost 1.15808e-05
74 92 72 97 637 728 cost 1.15764e-05
92 101 72 84 182 227 cost 1.15698e-05
101 111 121 133 182 227 cost 1.15069e-05
120 129 97 109 91 136 cost 1.14758e-05
46 55 36 48 91 136 cost 1.14419e-05
92 101 109 121 273 318 cost 1.13764e-05
74 83 109 121 227 273 cost 1.13653e-05
55 64 48 60 91 136 cost 1.13618e-05
83 92 48 60 45 91 cost 1.13423e-05
92 101 145 157 136 182 cost 1.1341e-05
92 101 133 145 45 91 cost 1.1306e-05
83 92 60 72 45 91 cost 1.1297e-05
0 18 121 145 0 91 cost 1.12804e-05
92 101 97 109 182 227 cost 1.12602e-05
120 129 133 145 91 136 cost 1.12377e-05
111 120 97 109 136 182 cost 1.12333e-05
92 111 145 169 455 546 cost 1.11726e-05
101 111 157 169 227 273 cost 1.11659e-05
41 46 97 103 68 91 cost 1.11624e-05
55 74 0 24 0 91 cost 1.11594e-05
120 129 133 145 0 45 cost 1.11444e-05
74 83 121 133 227 273 cost 1.11001e-05
129 138 72 84 45 91 cost 1.10945e-05
64 74 72 84 136 182 cost 1.10869e-05
46 50 60 66 45 68 cost 1.10427e-05
37 55 24 48 182 273 cost 1.09947e-05
74 83 84 97 182 227 cost 1.09806e-05
46 55 109 121 45 91 cost 1.09746e-05
37 55 97 121 364 455 cost 1.09653e-05
92 111 121 145 455 546 cost 1.09631e-05
37 46 97 109 136 182 cost 1.09267e-05
37 74 0 48 546 728 cost 1.09116e-05
101 111 169 181 91 136 cost 1.08659e-05
101 111 72 84 45 91 cost 1.08339e-05
46 55 60 72 227 273 cost 1.08326e-05
92 101 169 181 45 91 cost 1.07909e-05
101 111 72 84 0 45 cost 1.07505e-05
92 101 84 97 273 318 cost 1.07128e-05
64 69 90 97 45 68 cost 1.067e-05
92 111 169 194 364 455 cost 1.06518e-05
92 111 145 169 546 637 cost 1.05825e-05
37 46 36 48 91 136 cost 1.05636e-05
83 92 109 121 0 45 cost 1.05365e-05
74 83 72 84 227 273 cost 1.05174e-05
74 92 121 145 455 546 cost 1.04541e-05
111 120 97 109 45 91 cost 1.04395e-05
111 129 121 145 546 637 cost 1.04391e-05
83 92 109 121 227 273 cost 1.04333e-05
101 111 145 157 136 182 cost 1.04151e-05
55 74 169 194 91 182 cost 1.04019e-05
111 129 145 169 637 728 cost 1.03941e-05
27 37 84 97 0 45 cost 1.03725e-05
37 41 97 103 68 91 cost 1.02909e-05
111 120 181 194 0 45 cost 1.02573e-05
138 148 109 121 45 91 cost 1.02378e-05
55 74 97 121 455 546 cost 1.02345e-05
64 74 72 84 273 318 cost 1.02343e-05
96 101 90 97 45 68 cost 1.02332e-05
46 50 60 66 22 45 cost 1.0228e-05
92 111 169 194 455 546 cost 1.0224e-05
129 138 109 121 0 45 cost 1.0155e-05
83 92 133 145 136 182 cost 1.01518e-05
129 138 109 121 227 273 cost 1.01385e-05
37 46 72 84 0 45 cost 1.01358e-05
101 111 72 84 136 182 cost 1.01334e-05
41 46 60 66 113 136 cost 1.01213e-05
50 55 60 66 45 68 cost 1.01207e-05
83 92 145 157 91 136 cost 1.01058e-05
129 138 84 97 227 273 cost 1.00898e-05
120 129 145 157 136 182 cost 1.00595e-05
50 55 60 66 68 91 cost 1.00463e-05
106 111 127 133 22 45 cost 1.0016e-05
101 111 97 109 409 455 cost 1.00005e-05
129 148 97 121 455 546 cost 9.9996e-06
64 74 60 72 91 136 cost 9.9954e-06
46 55 121 133 45 91 cost 9.9453e-06
37 55 48 72 637 728 cost 9.945e-06
92 111 169 194 637 728 cost 9.8854e-06
64 69 84 90 45 68 cost 9.8755e-06
37 55 97 121 546 637 cost 9.7617e-06
74 92 48 72 455 546 cost 9.7059e-06
138 148 84 97 91 136 cost 9.7038e-06
129 148 97 121 546 637 cost 9.6954e-06
55 64 97 109 91 136 cost 9.6564e-06
46 50 48 54 45 68 cost 9.6419e-06
41 46 97 103 45 68 cost 9.6334e-06
74 92 48 72 546 637 cost 9.6288e-06
74 92 48 72 364 455 cost 9.6207e-06
101 111 145 157 227 273 cost 9.6203e-06
129 138 84 97 136 182 cost 9.6117e-06
101 111 169 181 136 182 cost 9.5967e-06
55 64 24 36 45 91 cost 9.5844e-06
129 138 97 109 136 182 cost 9.5313e-06
101 111 145 157 91 136 cost 9.4981e-06
120 129 97 109 227 273 cost 9.4824e-06
69 74 72 78 68 91 cost 9.4554e-06
64 69 84 90 68 91 cost 9.419e-06
129 138 97 109 0 45 cost 9.4084e-06
111 120 181 194 91 136 cost 9.4015e-06
111 120 157 169 91 136 cost 9.3943e-06
74 83 145 157 45 91 cost 9.3801e-06
74 83 97 109 273 318 cost 9.3705e-06
92 101 133 145 0 45 cost 9.3329e-06
101 111 121 133 273 318 cost 9.303e-06
111 120 109 121 136 182 cost 9.2427e-06
55 74 48 72 364 455 cost 9.2064e-06
111 129 97 121 637 728 cost 9.1983e-06
37 46 48 60 182 227 cost 9.1535e-06
111 120 97 109 227 273 cost 9.1435e-06
74 83 84 97 227 273 cost 9.1198e-06
111 120 109 121 182 227 cost 9.1185e-06
64 74 48 60 91 136 cost 9.1072e-06
120 129 121 133 0 45 cost 9.0929e-06
37 41 90 97 68 91 cost 9.0694e-06
46 55 72 84 227 273 cost 9.054e-06
41 46 60 66 91 113 cost 9.0465e-06
55 74 121 145 637 728 cost 9.0049e-06
74 92 121 145 637 728 cost 9.0042e-06
37 46 84 97 182 227 cost 8.988e-06
46 50 66 72 68 91 cost 8.987e-06
55 64 133 145 0 45 cost 8.9692e-06
101 111 133 145 45 91 cost 8.9623e-06
106 111 127 133 45 68 cost 8.9362e-06
83 92 133 145 91 136 cost 8.9299e-06
64 74 97 109 182 227 cost 8.9154e-06
37 46 60 72 227 273 cost 8.9132e-06
83 92 48 60 91 136 cost 8.9121e-06
46 50 66 72 45 68 cost 8.9106e-06
111 120 145 157 136 182 cost 8.8955e-06
74 83 157 169 91 136 cost 8.8097e-06
55 64 48 60 136 182 cost 8.8005e-06
129 138 97 109 227 273 cost 8.7985e-06
37 55 121 145 364 455 cost 8.7918e-06
37 74 0 48 364 546 cost 8.7882e-06
101 111 97 109 546 591 cost 8.7732e-06
46 55 48 60 227 273 cost 8.766e-06
55 64 133 145 45 91 cost 8.7407e-06
46 50 60 66 68 91 cost 8.717e-06
92 101 121 133 318 364 cost 8.688e-06
74 83 157 169 0 45 cost 8.6429e-06
46 55 60 72 182 227 cost 8.6418e-06
101 106 127 133 22 45 cost 8.6404e-06
92 96 109 115 68 91 cost 8.6272e-06
74 83 60 72 136 182 cost 8.6172e-06
64 74 84 97 182 227 cost 8.6046e-06
111 120 97 109 91 136 cost 8.5871e-06
101 111 157 169 136 182 cost 8.5819e-06
129 138 72 84 227 273 cost 8.575e-06
18 27 133 145 45 91 cost 8.5338e-06
83 92 133 145 0 45 cost 8.5116e-06
37 46 133 145 45 91 cost 8.4939e-06
64 74 36 48 0 45 cost 8.4905e-06
41 46 66 72 45 68 cost 8.4899e-06
111 129 169 194 455 546 cost 8.4873e-06
74 83 60 72 0 45 cost 8.4821e-06
74 83 145 157 0 45 cost 8.4769e-06
87 92 72 78 45 68 cost 8.4625e-06
46 55 109 121 0 45 cost 8.4513e-06
55 64 97 109 136 182 cost 8.4331e-06
120 129 121 133 45 91 cost 8.4265e-06
111 120 121 133 227 273 cost 8.4221e-06
111 129 169 194 637 728 cost 8.3742e-06
111 120 157 169 136 182 cost 8.3708e-06
101 111 181 194 0 45 cost 8.3583e-06
55 64 121 133 273 318 cost 8.3541e-06
92 101 157 169 91 136 cost 8.3529e-06
46 55 72 84 136 182 cost 8.3295e-06
83 87 72 78 45 68 cost 8.3109e-06
41 46 60 66 68 91 cost 8.2874e-06
18 27 133 145 0 45 cost 8.285e-06
37 41 90 97 45 68 cost 8.2435e-06
87 92 84 90 45 68 cost 8.238e-06
50 55 60 66 22 45 cost 8.2129e-06
111 129 169 194 546 637 cost 8.2089e-06
64 74 97 109 227 273 cost 8.2075e-06
74 83 109 121 182 227 cost 8.2003e-06
74 83 109 121 273 318 cost 8.1971e-06
37 46 36 48 136 182 cost 8.1828e-06
74 92 145 169 546 637 cost 8.1675e-06
138 148 84 97 227 273 cost 8.1675e-06
37 46 121 133 45 91 cost 8.166e-06
46 50 48 54 68 91 cost 8.1241e-06
92 111 169 194 273 364 cost 8.0982e-06
92 96 90 97 45 68 cost 8.0707e-06
83 92 157 169 136 182 cost 8.065e-06
111 129 169 194 364 455 cost 8.0484e-06
138 148 109 121 0 45 cost 8.0471e-06
111 120 121 133 273 318 cost 8.0346e-06
129 138 84 97 0 45 cost 7.9934e-06
138 148 97 109 136 182 cost 7.9893e-06
92 101 97 109 273 318 cost 7.9787e-06
78 83 97 103 68 91 cost 7.9377e-06
83 92 60 72 0 45 cost 7.9344e-06
59 64 78 84 45 68 cost 7.9217e-06
64 69 72 78 68 91 cost 7.8743e-06
83 92 121 133 227 273 cost 7.8586e-06
55 64 109 121 182 227 cost 7.8424e-06
138 148 97 109 0 45 cost 7.8335e-06
83 92 72 84 273 318 cost 7.8252e-06
83 92 145 157 136 182 cost 7.8103e-06
55 64 84 97 182 227 cost 7.8065e-06
101 111 97 109 591 637 cost 7.7979e-06
92 101 157 169 0 45 cost 7.7925e-06
92 101 109 121 318 364 cost 7.7898e-06
101 111 109 121 318 364 cost 7.7793e-06
78 83 103 109 68 91 cost 7.7655e-06
138 148 84 97 0 45 cost 7.7386e-06
50 55 66 72 68 91 cost 7.735e-06
111 129 121 145 455 546 cost 7.734e-06
83 92 133 145 227 273 cost 7.7123e-06
37 74 145 194 546 728 cost 7.7025e-06
101 106 109 115 45 68 cost 7.6758e-06
129 138 72 84 91 136 cost 7.6492e-06
92 101 97 109 318 364 cost 7.644e-06
96 101 115 121 68 91 cost 7.624e-06
96 101 115 121 45 68 cost 7.6128e-06
64 74 133 145 136 182 cost 7.6106e-06
55 74 24 48 182 273 cost 7.6068e-06
46 55 36 48 136 182 cost 7.6011e-06
59 64 127 133 45 68 cost 7.5756e-06
120 129 157 169 91 136 cost 7.5737e-06
41 46 90 97 45 68 cost 7.5365e-06
120 129 109 121 0 45 cost 7.5298e-06
0 18 121 145 91 182 cost 7.5266e-06
46 55 121 133 0 45 cost 7.5237e-06
55 64 72 84 227 273 cost 7.4889e-06
92 96 115 121 68 91 cost 7.4861e-06
37 55 121 145 273 364 cost 7.4757e-06
74 111 0 48 182 364 cost 7.4526e-06
101 111 145 157 182 227 cost 7.4418e-06
111 120 97 109 182 227 cost 7.4418e-06
37 46 60 72 182 227 cost 7.4272e-06
83 87 84 90 45 68 cost 7.422e-06
69 74 90 97 45 68 cost 7.4178e-06
78 83 90 97 45 68 cost 7.3338e-06
111 120 133 145 91 136 cost 7.3271e-06
64 69 90 97 68 91 cost 7.3214e-06
37 55 72 97 637 728 cost 7.296e-06
111 129 121 145 637 728 cost 7.2801e-06
74 83 133 145 136 182 cost 7.2636e-06
64 74 121 133 318 364 cost 7.2453e-06
64 69 72 78 45 68 cost 7.2373e-06
55 64 121 133 318 364 cost 7.2135e-06
46 55 97 109 136 182 cost 7.1764e-06
83 92 109 121 318 364 cost 7.1682e-06
101 111 121 133 318 364 cost 7.1337e-06
27 37 121 133 0 45 cost 7.1312e-06
101 111 97 109 273 318 cost 7.1273e-06
74 92 169 194 273 364 cost 7.1165e-06
120 129 133 145 227 273 cost 7.1112e-06
74 83 133 145 91 136 cost 7.0967e-06
101 111 97 109 318 364 cost 7.0889e-06
69 74 84 90 68 91 cost 7.0704e-06
55 74 48 72 455 546 cost 7.0674e-06
120 129 121 133 91 136 cost 7.0649e-06
92 101 97 109 364 409 cost 7.062e-06
138 148 109 121 273 318 cost 7.0116e-06
55 64 60 72 136 182 cost 6.9972e-06
59 64 127 133 68 91 cost 6.9911e-06
101 111 97 109 364 409 cost 6.9744e-06
59 64 121 127 45 68 cost 6.9708e-06
101 106 127 133 45 68 cost 6.9487e-06
120 129 157 169 0 45 cost 6.9306e-06
74 83 72 84 273 318 cost 6.9225e-06
120 129 133 145 182 227 cost 6.917e-06
69 74 72 78 45 68 cost 6.9116e-06
111 120 169 181 136 182 cost 6.8986e-06
120 129 109 121 227 273 cost 6.8841e-06
74 92 169 194 182 273 cost 6.8772e-06
74 83 133 145 0 45 cost 6.8472e-06
120 129 97 109 182 227 cost 6.8175e-06
59 64 78 84 68 91 cost 6.8109e-06
69 74 90 97 68 91 cost 6.7997e-06
83 92 109 121 273 318 cost 6.7908e-06
83 92 72 84 318 364 cost 6.7781e-06
55 64 133 145 91 136 cost 6.7668e-06
101 111 121 133 227 273 cost 6.7511e-06
55 64 72 84 182 227 cost 6.7405e-06
92 101 97 109 591 637 cost 6.7054e-06
41 46 90 97 68 91 cost 6.7026e-06
92 101 97 109 409 455 cost 6.6954e-06
101 106 121 127 45 68 cost 6.6894e-06
55 64 36 48 0 45 cost 6.689e-06
74 78 103 109 68 91 cost 6.6828e-06
92 101 145 157 182 227 cost 6.6699e-06
83 92 97 109 318 364 cost 6.662e-06
37 46 48 60 227 273 cost 6.6583e-06
83 87 78 84 45 68 cost 6.5957e-06
37 55 72 97 455 546 cost 6.5892e-06
138 148 97 109 273 318 cost 6.5679e-06
37 74 145 194 364 546 cost 6.567e-06
74 83 145 157 136 182 cost 6.5355e-06
64 69 78 84 68 91 cost 6.5255e-06
106 111 109 115 45 68 cost 6.5188e-06
83 92 133 145 182 227 cost 6.512e-06
96 101 109 115 45 68 cost 6.5111e-06
87 92 78 84 45 68 cost 6.4941e-06
27 37 121 133 91 136 cost 6.4934e-06
101 111 133 145 0 45 cost 6.4716e-06
101 106 121 127 22 45 cost 6.4666e-06
120 129 97 109 136 182 cost 6.4549e-06
92 101 169 181 136 182 cost 6.4486e-06
37 46 72 84 136 182 cost 6.4482e-06
46 55 109 121 91 136 cost 6.4207e-06
55 64 133 145 227 273 cost 6.3738e-06
0 37 97 145 364 546 cost 6.3687e-06
41 46 66 72 113 136 cost 6.3653e-06
106 111 127 133 68 91 cost 6.3532e-06
92 96 115 121 45 68 cost 6.3322e-06
96 101 109 115 68 91 cost 6.325e-06
92 101 121 133 273 318 cost 6.3218e-06
96 101 84 90 45 68 cost 6.3188e-06
101 106 127 133 68 91 cost 6.2692e-06
74 83 84 97 273 318 cost 6.2579e-06
27 37 133 145 136 182 cost 6.2491e-06
83 92 84 97 227 273 cost 6.241e-06
55 64 133 145 273 318 cost 6.2409e-06
55 74 0 24 273 364 cost 6.2307e-06
92 101 84 97 318 364 cost 6.2277e-06
101 111 84 97 318 364 cost 6.2055e-06
64 69 78 84 45 68 cost 6.1951e-06
46 55 72 84 182 227 cost 6.1677e-06
64 74 133 145 182 227 cost 6.141e-06
101 106 115 121 45 68 cost 6.1409e-06
92 101 133 145 136 182 cost 6.1263e-06
87 92 90 97 45 68 cost 6.0937e-06
111 120 121 133 318 364 cost 6.0897e-06
64 74 48 60 136 182 cost 6.076e-06
83 92 84 97 273 318 cost 6.0643e-06
101 111 109 121 273 318 cost 6.0631e-06
78 83 84 90 45 68 cost 6.0563e-06
18 27 133 145 91 136 cost 6.0468e-06
55 64 97 109 227 273 cost 6.0301e-06
64 74 84 97 318 364 cost 6.0235e-06
92 101 133 145 91 136 cost 5.9954e-06
37 55 97 121 637 728 cost 5.9835e-06
106 111 121 127 22 45 cost 5.976e-06
101 111 72 84 227 273 cost 5.9511e-06
37 46 121 133 0 45 cost 5.9379e-06
92 101 121 133 182 227 cost 5.9271e-06
138 148 109 121 227 273 cost 5.9247e-06
111 120 133 145 227 273 cost 5.8989e-06
92 96 109 115 45 68 cost 5.8976e-06
46 55 84 97 136 182 cost 5.8883e-06
74 78 90 97 68 91 cost 5.8724e-06
111 120 181 194 136 182 cost 5.8557e-06
111 120 133 145 273 318 cost 5.8452e-06
18 37 97 121 182 273 cost 5.843e-06
69 74 84 90 45 68 cost 5.8322e-06
55 64 84 97 273 318 cost 5.8151e-06
64 74 36 48 45 91 cost 5.8111e-06
138 148 97 109 227 273 cost 5.811e-06
74 92 48 72 637 728 cost 5.8109e-06
50 55 66 72 45 68 cost 5.8029e-06
55 74 24 48 273 364 cost 5.7948e-06
37 46 84 97 227 273 cost 5.7896e-06
64 74 72 84 182 227 cost 5.7775e-06
41 46 84 90 68 91 cost 5.7738e-06
129 138 109 121 273 318 cost 5.7708e-06
129 138 97 109 273 318 cost 5.7306e-06
129 138 97 109 182 227 cost 5.6843e-06
129 138 72 84 0 45 cost 5.6689e-06
37 41 97 103 45 68 cost 5.6233e-06
92 101 169 181 0 45 cost 5.6224e-06
92 101 169 181 91 136 cost 5.6061e-06
106 111 121 127 45 68 cost 5.6053e-06
74 111 0 48 546 728 cost 5.5595e-06
83 92 121 133 182 227 cost 5.5442e-06
129 138 72 84 182 227 cost 5.5442e-06
50 55 54 60 45 68 cost 5.5435e-06
64 74 133 145 273 318 cost 5.5392e-06
0 37 145 194 0 182 cost 5.5131e-06
78 83 84 90 68 91 cost 5.4887e-06
50 55 48 54 45 68 cost 5.4258e-06
92 101 97 109 546 591 cost 5.4212e-06
69 74 78 84 68 91 cost 5.4095e-06
111 120 133 145 182 227 cost 5.3887e-06
111 120 109 121 227 273 cost 5.3826e-06
37 46 133 145 0 45 cost 5.3748e-06
92 96 84 90 45 68 cost 5.3664e-06
92 101 133 145 227 273 cost 5.3368e-06
59 64 72 78 68 91 cost 5.3351e-06
0 37 48 97 364 546 cost 5.3085e-06
74 83 109 121 318 364 cost 5.3074e-06
83 92 48 60 0 45 cost 5.2912e-06
59 64 72 78 45 68 cost 5.283e-06
83 92 60 72 136 182 cost 5.266e-06
111 120 145 157 182 227 cost 5.2632e-06
55 64 109 121 227 273 cost 5.2389e-06
0 37 97 145 546 728 cost 5.2314e-06
78 83 97 103 45 68 cost 5.2289e-06
64 74 121 133 273 318 cost 5.1833e-06
92 111 48 72 91 182 cost 5.1761e-06
59 64 121 127 68 91 cost 5.1625e-06
101 111 72 84 182 227 cost 5.1621e-06
46 55 109 121 136 182 cost 5.0648e-06
41 46 66 72 91 113 cost 5.0594e-06
120 129 121 133 182 227 cost 5.0577e-06
41 46 66 72 68 91 cost 5.052e-06
55 74 48 72 546 637 cost 5.0481e-06
120 129 133 145 318 364 cost 5.0109e-06
37 41 60 66 45 68 cost 4.996e-06
83 87 84 90 68 91 cost 4.9931e-06
83 92 60 72 91 136 cost 4.9931e-06
106 111 115 121 45 68 cost 4.976e-06
78 83 90 97 68 91 cost 4.9735e-06
120 129 121 133 136 182 cost 4.9697e-06
74 78 97 103 68 91 cost 4.9483e-06
50 55 48 54 68 91 cost 4.9424e-06
111 120 133 145 318 364 cost 4.902e-06
55 59 121 127 45 68 cost 4.8624e-06
74 83 145 157 91 136 cost 4.8468e-06
129 148 97 121 637 728 cost 4.833e-06
46 55 84 97 227 273 cost 4.7965e-06
111 120 97 109 0 45 cost 4.7945e-06
37 55 121 145 455 546 cost 4.7745e-06
129 148 121 145 91 182 cost 4.7699e-06
55 59 78 84 45 68 cost 4.7688e-06
92 101 145 157 227 273 cost 4.7362e-06
50 55 66 72 22 45 cost 4.7286e-06
92 101 109 121 591 637 cost 4.7115e-06
101 111 181 194 136 182 cost 4.7025e-06
41 46 84 90 45 68 cost 4.6752e-06
92 101 157 169 136 182 cost 4.6576e-06
78 83 103 109 45 68 cost 4.6505e-06
74 92 145 169 455 546 cost 4.6311e-06
92 101 109 121 364 409 cost 4.6203e-06
55 64 133 145 182 227 cost 4.6066e-06
87 92 72 78 68 91 cost 4.5954e-06
138 148 97 109 182 227 cost 4.587e-06
74 78 90 97 45 68 cost 4.5733e-06
101 111 109 121 409 455 cost 4.5564e-06
138 148 109 121 182 227 cost 4.5513e-06
120 129 157 169 136 182 cost 4.549e-06
111 120 157 169 227 273 cost 4.543e-06
74 92 169 194 546 637 cost 4.518e-06
74 83 84 97 318 364 cost 4.4734e-06
83 87 90 97 45 68 cost 4.4287e-06
55 64 97 109 182 227 cost 4.4088e-06
106 111 115 121 68 91 cost 4.3766e-06
129 138 97 109 318 364 cost 4.3599e-06
92 101 157 169 227 273 cost 4.3048e-06
69 74 78 84 45 68 cost 4.2453e-06
41 46 103 109 68 91 cost 4.2399e-06
129 138 109 121 318 364 cost 4.227e-06
92 101 72 84 273 318 cost 4.2224e-06
92 101 72 84 318 364 cost 4.2089e-06
74 83 133 145 227 273 cost 4.2052e-06
87 92 78 84 68 91 cost 4.2022e-06
0 18 121 145 182 273 cost 4.1634e-06
87 92 90 97 68 91 cost 4.1517e-06
46 50 60 66 0 22 cost 4.1471e-06
55 74 0 24 91 182 cost 4.1343e-06
18 37 97 121 273 364 cost 4.1197e-06
87 92 84 90 68 91 cost 4.0702e-06
129 138 84 97 182 227 cost 4.0587e-06
106 111 121 127 68 91 cost 4.0445e-06
74 83 157 169 136 182 cost 4.0065e-06
37 55 121 145 637 728 cost 3.9807e-06
101 111 181 194 91 136 cost 3.9596e-06
120 129 109 121 182 227 cost 3.9189e-06
55 64 84 97 318 364 cost 3.9113e-06
37 41 60 66 113 136 cost 3.871e-06
74 78 84 90 45 68 cost 3.8463e-06
120 129 157 169 227 273 cost 3.8357e-06
55 64 133 145 136 182 cost 3.8324e-06
120 129 145 157 182 227 cost 3.8283e-06
55 74 48 72 637 728 cost 3.8154e-06
96 101 90 97 68 91 cost 3.7691e-06
101 106 115 121 68 91 cost 3.7419e-06
37 55 121 145 546 637 cost 3.7197e-06
74 92 145 169 637 728 cost 3.6957e-06
129 148 145 169 91 182 cost 3.6871e-06
55 64 72 84 273 318 cost 3.6637e-06
64 74 72 84 318 364 cost 3.6636e-06
138 148 109 121 318 364 cost 3.6399e-06
129 138 72 84 136 182 cost 3.6374e-06
55 74 0 24 182 273 cost 3.6135e-06
101 106 121 127 68 91 cost 3.6087e-06
37 41 60 66 91 113 cost 3.5846e-06
74 111 0 48 364 546 cost 3.5841e-06
101 106 127 133 0 22 cost 3.569e-06
37 55 97 121 455 546 cost 3.5655e-06
120 129 121 133 273 318 cost 3.5655e-06
74 92 169 194 455 546 cost 3.5547e-06
37 46 72 84 182 227 cost 3.5496e-06
101 111 133 145 136 182 cost 3.5412e-06
111 120 157 169 182 227 cost 3.5301e-06
120 129 133 145 273 318 cost 3.5283e-06
120 129 121 133 227 273 cost 3.521e-06
101 111 109 121 591 637 cost 3.4943e-06
41 46 103 109 45 68 cost 3.4695e-06
129 148 121 145 0 91 cost 3.4612e-06
92 96 90 97 68 91 cost 3.4601e-06
55 59 78 84 68 91 cost 3.4544e-06
64 74 60 72 136 182 cost 3.4272e-06
120 129 157 169 182 227 cost 3.4213e-06
74 83 133 145 182 227 cost 3.4148e-06
50 55 54 60 68 91 cost 3.4024e-06
50 55 60 66 0 22 cost 3.4017e-06
101 111 109 121 364 409 cost 3.3582e-06
92 111 48 72 182 273 cost 3.3307e-06
27 37 121 133 136 182 cost 3.3166e-06
74 78 103 109 45 68 cost 3.2453e-06
74 78 84 90 68 91 cost 3.2438e-06
55 64 72 84 318 364 cost 3.2383e-06
37 41 66 72 45 68 cost 3.2217e-06
138 148 84 97 136 182 cost 3.2046e-06
120 129 169 181 0 45 cost 3.1548e-06
92 96 84 90 68 91 cost 3.1498e-06
138 148 97 109 318 364 cost 3.1404e-06
101 106 121 127 0 22 cost 3.138e-06
37 55 24 48 273 364 cost 3.1323e-06
129 148 145 169 0 91 cost 3.0935e-06
46 55 133 145 0 45 cost 3.0738e-06
37 41 60 66 68 91 cost 3.0711e-06
106 111 121 127 0 22 cost 3.0256e-06
83 87 90 97 68 91 cost 2.9811e-06
37 55 0 24 0 91 cost 2.9757e-06
46 50 66 72 0 22 cost 2.9657e-06
138 148 84 97 182 227 cost 2.8886e-06
83 92 48 60 136 182 cost 2.8392e-06
18 27 133 145 136 182 cost 2.8327e-06
106 111 127 133 0 22 cost 2.8166e-06
55 59 72 78 68 91 cost 2.7505e-06
96 101 84 90 68 91 cost 2.7445e-06
101 106 109 115 68 91 cost 2.726e-06
55 59 127 133 45 68 cost 2.6893e-06
55 59 121 127 68 91 cost 2.672e-06
120 129 169 181 91 136 cost 2.6449e-06
37 46 72 84 227 273 cost 2.6107e-06
55 64 24 36 0 45 cost 2.5584e-06
138 148 72 84 91 136 cost 2.553e-06
55 59 127 133 68 91 cost 2.5096e-06
129 148 145 169 182 273 cost 2.4894e-06
101 111 133 145 91 136 cost 2.4822e-06
92 101 157 169 182 227 cost 2.4818e-06
74 78 97 103 45 68 cost 2.468e-06
92 101 133 145 318 364 cost 2.4522e-06
27 37 72 84 45 91 cost 2.4193e-06
92 101 109 121 409 455 cost 2.4018e-06
18 27 121 133 91 136 cost 2.3912e-06
64 74 133 145 318 364 cost 2.3805e-06
37 41 84 90 68 91 cost 2.3521e-06
92 101 133 145 273 318 cost 2.3402e-06
55 59 72 78 45 68 cost 2.2628e-06
83 87 78 84 68 91 cost 2.2472e-06
46 55 84 97 182 227 cost 2.2422e-06
74 83 72 84 318 364 cost 2.2288e-06
129 138 109 121 182 227 cost 2.1759e-06
55 64 133 145 318 364 cost 2.1387e-06
74 92 169 194 637 728 cost 2.1309e-06
92 111 48 72 546 637 cost 2.1228e-06
37 41 103 109 68 91 cost 2.0867e-06
83 87 72 78 68 91 cost 2.0322e-06
120 129 121 133 318 364 cost 2.0298e-06
92 101 133 145 182 227 cost 2.0085e-06
92 111 48 72 273 364 cost 1.9101e-06
83 92 84 97 318 364 cost 1.9081e-06
120 129 169 181 45 91 cost 1.8963e-06
18 27 121 133 45 91 cost 1.8699e-06
18 27 121 133 0 45 cost 1.8513e-06
106 111 109 115 68 91 cost 1.7505e-06
129 148 121 145 182 273 cost 1.7082e-06
37 41 84 90 45 68 cost 1.702e-06
101 111 109 121 546 591 cost 1.6365e-06
138 148 72 84 45 91 cost 1.6071e-06
138 148 72 84 227 273 cost 1.5345e-06
37 41 66 72 91 113 cost 1.5285e-06
37 41 66 72 113 136 cost 1.5213e-06
50 55 66 72 0 22 cost 1.4895e-06
18 37 48 72 91 182 cost 1.4799e-06
92 111 48 72 364 455 cost 1.4133e-06
37 41 103 109 45 68 cost 1.3637e-06
101 111 133 145 273 318 cost 1.3443e-06
129 148 145 169 546 637 cost 1.3416e-06
46 50 54 60 68 91 cost 1.322e-06
101 111 133 145 227 273 cost 1.3203e-06
92 101 109 121 546 591 cost 1.3044e-06
37 46 109 121 45 91 cost 1.2795e-06
64 74 24 36 0 45 cost 1.2354e-06
101 111 133 145 182 227 cost 1.2179e-06
46 55 133 145 45 91 cost 1.1025e-06
138 148 72 84 0 45 cost 1.1025e-06
37 41 66 72 68 91 cost 9.51e-07
129 148 145 169 364 455 cost 9.432e-07
129 148 121 145 364 455 cost 9.432e-07
92 111 48 72 637 728 cost 9.06e-07
27 37 72 84 0 45 cost 8.661e-07
101 111 72 84 273 318 cost 8.181e-07
0 18 121 145 273 364 cost 7.146e-07
74 92 169 194 364 455 cost 6.994e-07
46 55 24 36 45 91 cost 6.85e-07
0 37 145 194 182 364 cost 6.828e-07
37 55 0 24 182 273 cost 6.642e-07
64 74 24 36 45 91 cost 6.615e-07
138 148 72 84 136 182 cost 6.084e-07
46 50 54 60 45 68 cost 5.79e-07
120 129 169 181 136 182 cost 5.447e-07
92 111 48 72 455 546 cost 5.34e-07
37 46 109 121 0 45 cost 5.1e-07
129 148 121 145 546 637 cost 4.782e-07
129 148 121 145 273 364 cost 4.782e-07
101 111 72 84 318 364 cost 4.728e-07
18 27 121 133 136 182 cost 4.465e-07
101 111 133 145 318 364 cost 4.383e-07
37 46 109 121 136 182 cost 4.356e-07
129 148 121 145 637 728 cost 4.065e-07
138 148 72 84 182 227 cost 3.825e-07
129 148 145 169 273 364 cost 3.507e-07
92 101 181 194 136 182 cost 3.081e-07
129 148 145 169 637 728 cost 2.763e-07
74 92 0 24 0 91 cost 2.763e-07
18 37 48 72 0 91 cost 2.55e-07
92 101 181 194 91 136 cost 2.391e-07
37 46 109 121 91 136 cost 1.896e-07
46 55 24 36 0 45 cost 1.853e-07
120 129 181 194 0 45 cost 1.851e-07
37 55 0 24 91 182 cost 1.461e-07
46 55 24 36 91 136 cost 1.434e-07
120 129 181 194 45 91 cost 1.338e-07
18 27 84 97 0 45 cost 1.275e-07
74 92 0 24 91 182 cost 1.275e-07
18 27 84 97 45 91 cost 1.275e-07
92 101 181 194 45 91 cost 1.089e-07
120 129 181 194 136 182 cost 9.03e-08
46 55 24 36 136 182 cost 5.31e-08
37 46 24 36 0 45 cost 0
0 18 97 121 0 91 cost 0
129 148 169 194 91 182 cost 0
0 18 48 72 91 182 cost 0
111 148 0 48 364 546 cost 0
111 148 0 48 546 728 cost 0
129 148 169 194 637 728 cost 0
37 55 145 169 91 182 cost 0
37 46 24 36 45 91 cost 0
0 37 0 48 0 182 cost 0
129 148 48 72 91 182 cost 0
129 148 121 145 455 546 cost 0
0 37 145 194 364 546 cost 0
0 37 145 194 546 728 cost 0
129 148 169 194 455 546 cost 0
129 148 145 169 455 546 cost 0
92 111 24 48 91 182 cost 0
0 18 97 121 273 364 cost 0
92 111 0 24 0 91 cost 0
0 18 97 121 91 182 cost 0
0 18 97 121 182 273 cost 0
18 27 72 84 0 45 cost 0
0 18 72 97 0 91 cost 0
129 148 169 194 182 273 cost 0
92 111 0 24 91 182 cost 0
37 46 24 36 136 182 cost 0
129 148 169 194 273 364 cost 0
111 148 0 48 182 364 cost 0
129 148 169 194 364 455 cost 0
129 148 48 72 0 91 cost 0
0 37 0 48 364 546 cost 0
18 27 72 84 45 91 cost 0
37 55 169 194 0 91 cost 0
37 46 24 36 91 136 cost 0
92 101 181 194 0 45 cost 0
111 129 48 72 182 273 cost 0
0 18 48 72 0 91 cost 0
0 37 0 48 182 364 cost 0
129 148 169 194 0 91 cost 0
0 37 0 48 546 728 cost 0
92 111 24 48 0 91 cost 0
129 148 169 194 546 637 cost 0
129 148 48 72 182 273 cost 0
0 18 72 97 91 182 cost 0
111 129 48 72 91 182 cost 0
37 55 0 24 273 364 cost 0
129 148 48 72 273 364 cost 0
111 129 48 72 0 91 cost 0
120 129 181 194 91 136 cost 0
111 148 0 48 0 182 cost 0
111 129 48 72 273 364 cost 0
37 55 169 194 91 182 cost 0
37 55 145 169 0 91 cost 0
partitioning time: 4.542190 seconds
