hostname : cph-c43.uncc.edu
bounding: [1053872.965;1068485.726]x[860186.8419;879395.9741]x[3;730]
read 11056 observations
res: 50 50 1 bw: 2500 2500 1
box size: 294 x 386 x 728
nbparts: 64
max states: 6173952
mem: 0.5519943237 GB (this is an order of magnitude)
1614328 states processed
solution: 0.1268693599 in 21 boxes.
naive: 2.038316503 speedup:16.066263
sumload:2.039330521 overhead:1.000497478
160 224 192 224 0 728 cost 0.1268693599
160 256 96 160 0 728 cost 0.1230673727
0 96 192 386 0 728 cost 0.122581129
224 294 160 224 0 728 cost 0.1225003405
192 294 224 256 0 728 cost 0.1213481327
160 294 320 386 0 512 cost 0.1207562551
96 160 256 352 0 728 cost 0.1203516166
128 160 192 256 0 728 cost 0.1152085846
160 294 288 320 0 728 cost 0.113361813
96 160 160 192 0 728 cost 0.1094828434
0 160 96 128 0 728 cost 0.1085551128
160 192 224 288 0 728 cost 0.107080783
160 224 160 192 0 728 cost 0.1046815883
192 294 256 288 0 728 cost 0.102997651
0 294 0 96 0 728 cost 0.1024980047
96 160 128 160 0 728 cost 0.1000943664
0 96 128 192 0 728 cost 0.0995036415
96 128 192 256 0 728 cost 0.0875786017
160 294 320 386 512 728 cost 0.0130798941
256 294 96 160 0 728 cost 0.0095075232
96 160 352 386 0 728 cost 0.0082259067
partitioning time: 405.656470 seconds
