hostname : cph-bm1.uncc.edu
bounding: [1053872.965;1068485.726]x[860186.8419;879395.9741]x[3;730]
read 11056 observations
res: 100 100 1 bw: 250 250 1
box size: 148 x 194 x 728
nbparts: 64
max states: 1192448
mem: 0.1066131592 GB (this is an order of magnitude)
186643 states processed
solution: 0.0006893981 in 64 boxes.
naive: 0.0102500115 speedup:14.86805882
sumload:0.0106045651 overhead:1.034590556
64 128 64 128 32 64 cost 0.0006893981
0 64 64 194 192 728 cost 0.0005972694
64 128 64 128 64 96 cost 0.0005748201
0 148 0 64 96 728 cost 0.0005680951
0 148 0 64 0 96 cost 0.0005513402
0 64 64 194 96 192 cost 0.0005235216
0 148 64 128 0 32 cost 0.0004814615
64 128 128 194 32 64 cost 0.0004711323
0 64 64 194 32 64 cost 0.0004012162
64 128 64 128 96 128 cost 0.0003868456
0 64 64 194 64 96 cost 0.0003868422
64 128 64 128 128 160 cost 0.0003659875
64 128 64 128 160 192 cost 0.000359001
64 128 128 194 64 96 cost 0.0003231035
64 128 64 128 224 256 cost 0.0002756897
0 148 128 194 0 32 cost 0.0002618387
64 128 64 128 192 224 cost 0.0002531456
64 128 128 194 96 128 cost 0.0002175144
64 128 128 194 128 160 cost 0.0001884589
64 128 64 128 256 288 cost 0.0001765124
64 128 128 194 160 192 cost 0.0001530679
64 128 64 128 288 320 cost 0.0001308415
64 128 128 194 224 256 cost 0.0001279372
64 128 64 128 320 352 cost 0.0001241508
64 128 128 194 256 288 cost 9.79797e-05
64 128 128 194 192 224 cost 9.30254e-05
128 148 64 194 64 96 cost 9.22566e-05
64 128 64 128 352 384 cost 9.06206e-05
128 148 64 194 32 64 cost 8.92422e-05
64 128 64 128 384 416 cost 8.79186e-05
64 128 64 128 576 608 cost 8.63341e-05
64 128 64 128 416 448 cost 7.67279e-05
128 148 64 194 96 128 cost 7.35922e-05
64 148 64 128 544 576 cost 7.22354e-05
64 128 128 194 288 320 cost 7.0418e-05
64 148 64 194 448 480 cost 6.75886e-05
64 128 128 194 320 352 cost 6.61097e-05
64 148 64 128 480 512 cost 6.19077e-05
128 148 64 194 128 160 cost 6.10026e-05
64 148 64 128 512 544 cost 5.99229e-05
64 128 64 128 640 672 cost 5.40917e-05
64 148 64 128 608 640 cost 5.34607e-05
64 128 128 194 640 704 cost 5.2836e-05
64 128 64 194 704 728 cost 4.78137e-05
64 128 128 194 416 448 cost 4.5264e-05
64 128 128 194 352 384 cost 4.30355e-05
128 148 64 194 224 256 cost 4.2031e-05
64 128 128 194 384 416 cost 4.13208e-05
128 148 64 194 256 288 cost 3.80756e-05
64 128 64 128 672 704 cost 3.44751e-05
64 148 128 194 544 576 cost 3.41582e-05
64 128 128 194 576 608 cost 3.17134e-05
128 148 64 194 288 320 cost 3.06039e-05
64 148 128 194 512 544 cost 3.03252e-05
128 148 64 194 160 192 cost 2.88618e-05
64 148 128 194 608 640 cost 2.75238e-05
128 148 64 194 192 224 cost 2.67869e-05
64 148 128 194 480 512 cost 2.55126e-05
128 148 64 194 320 352 cost 2.03748e-05
128 148 64 194 416 448 cost 1.56198e-05
128 148 64 194 640 728 cost 1.36968e-05
128 148 64 194 352 384 cost 1.30641e-05
128 148 64 194 384 416 cost 9.4686e-06
128 148 64 194 576 608 cost 8.3775e-06
partitioning time: 27.168542 seconds
