hostname : cph-gpu1.uncc.edu
bounding: [1053872.965;1068485.726]x[860186.8419;879395.9741]x[3;730]
read 11056 observations
res: 100 100 1 bw: 2500 2500 1
box size: 148 x 194 x 728
nbparts: 64
mem: 0.1066131592 GB (this is an order of magnitude)
34217 states processed
solution: 0.0330878384 in 36 boxes.
naive: 0.5210794803 speedup:15.74836875
sumload:0.5323071755 overhead:1.021546992
64 128 64 128 32 64 cost 0.0330878384
64 128 64 128 224 352 cost 0.0323945175
64 128 64 128 352 728 cost 0.0322196629
0 64 0 194 32 64 cost 0.0309799419
0 64 0 194 96 160 cost 0.0308367628
64 128 128 194 0 64 cost 0.0305502938
0 64 0 194 256 728 cost 0.029759124
64 128 0 64 0 728 cost 0.0289335009
64 128 64 128 64 96 cost 0.0273154632
64 128 128 194 256 728 cost 0.0271440415
0 64 0 194 64 96 cost 0.026987181
64 128 64 128 160 224 cost 0.026872624
64 128 128 194 128 256 cost 0.0265886857
64 128 128 194 64 128 cost 0.0249787524
0 64 0 194 160 256 cost 0.022218215
64 128 64 128 96 128 cost 0.0186974524
64 128 64 128 128 160 cost 0.0175366655
64 128 64 128 0 32 cost 0.0146431716
0 64 0 194 0 32 cost 0.0137238309
128 148 64 128 32 64 cost 0.0031335605
128 148 64 128 384 728 cost 0.002942873
128 148 64 128 64 96 cost 0.0028269579
128 148 128 194 32 64 cost 0.0027778636
128 148 128 194 128 224 cost 0.0026751218
128 148 64 128 224 288 cost 0.0026371234
128 148 128 194 224 352 cost 0.0024796243
128 148 64 128 160 224 cost 0.0024357215
128 148 128 194 352 728 cost 0.0024299414
128 148 64 128 96 128 cost 0.0022739765
128 148 64 128 288 384 cost 0.0020337721
128 148 128 194 64 96 cost 0.0019651321
128 148 64 128 128 160 cost 0.0019132884
128 148 128 194 96 128 cost 0.0014263919
128 148 128 194 0 32 cost 0.0012771802
128 148 64 128 0 32 cost 0.0012630964
128 148 0 64 0 728 cost 0.0003478251
partitioning time: 32.984795 seconds
