hostname : cph-c49.uncc.edu
bounding: [-130;-65]x[20;50]x[5875;5958]
read 588189 observations
res: 0.01 0.01 1 bw: 1 1 3
box size: 6501 x 3001 x 84
nbparts: 32
solution: 61.57512051 in 36 boxes.
naive: 643.6159509 speedup:10.45253254
sumload:703.4762824 overhead:1.093006289
4875 6501 1500 2250 42 63 cost 61.57512051
0 3250 1500 3001 42 84 cost 61.13359018
0 3250 0 1500 42 84 cost 59.36670965
3250 4875 750 1500 42 63 cost 54.75008137
3250 4875 1500 2250 42 63 cost 50.91162877
4875 6501 1500 2250 21 42 cost 42.65121088
4875 6501 1500 2250 63 84 cost 38.9714966
3250 4875 750 1500 21 42 cost 38.55340839
0 3250 0 1500 0 42 cost 37.65338733
3250 4875 1500 2250 21 42 cost 34.76171336
0 3250 1500 3001 0 42 cost 30.11044816
3250 4875 1500 2250 63 84 cost 26.8088482
3250 4875 750 1500 63 84 cost 23.50504074
4875 6501 1500 2250 0 21 cost 17.91072443
3250 4875 1500 2250 0 21 cost 14.45185356
3250 4875 750 1500 0 21 cost 13.63986872
3250 4875 2250 3001 42 63 cost 12.70055137
3250 4875 2250 3001 21 42 cost 9.350774694
4875 6501 750 1500 42 63 cost 8.998933311
3250 4875 2250 3001 63 84 cost 7.99318456
4875 6501 0 750 42 63 cost 7.254583936
4875 6501 2250 3001 42 63 cost 6.645812953
4875 6501 750 1500 21 42 cost 5.319480961
3250 4875 0 750 42 63 cost 5.04980511
4875 6501 2250 3001 21 42 cost 4.728693052
4875 6501 0 750 21 42 cost 4.499619059
4875 6501 2250 3001 63 84 cost 4.122710792
3250 4875 2250 3001 0 21 cost 4.057163564
4875 6501 750 1500 63 84 cost 3.414527306
3250 4875 0 750 21 42 cost 3.242936594
4875 6501 0 750 63 84 cost 2.129445596
4875 6501 2250 3001 0 21 cost 2.10986306
4875 6501 750 1500 0 21 cost 1.628758603
3250 4875 0 750 63 84 cost 1.462458158
4875 6501 0 750 0 21 cost 1.184226079
3250 4875 0 750 0 21 cost 0.8276227717
partitioning time: 5.387301 seconds
