hostname : cph-gpu3.uncc.edu
bounding: [1053872.965;1068485.726]x[860186.8419;879395.9741]x[3;730]
read 11056 observations
res: 50 50 1 bw: 2500 2500 14
box size: 294 x 386 x 728
nbparts: 32
mem: 17.66391563 GB (this is an order of magnitude)
459921 states processed
solution: 0.3157889706 in 32 boxes.
naive: 8.268027147 speedup:26.18212768
sumload:8.511478487 overhead:1.029444913
64 160 160 192 0 128 cost 0.3157889706
64 160 224 386 128 256 cost 0.3045145161
160 294 256 320 0 64 cost 0.2973317569
64 160 128 160 96 728 cost 0.2951473872
160 294 128 192 128 256 cost 0.2913225918
64 160 224 386 0 64 cost 0.2894998535
160 294 128 192 256 728 cost 0.2876594199
64 160 192 224 0 128 cost 0.2866052944
160 294 320 386 0 128 cost 0.285578033
64 160 224 386 64 128 cost 0.2820697323
160 294 192 224 224 728 cost 0.2817784043
160 294 192 224 0 96 cost 0.2809388213
160 294 256 320 128 256 cost 0.2797622064
64 160 192 224 128 728 cost 0.2781057465
160 294 256 320 256 728 cost 0.2754075893
64 160 0 128 64 160 cost 0.2732769588
160 294 224 256 0 96 cost 0.2668197487
64 160 224 386 256 728 cost 0.2649417329
64 160 160 192 128 728 cost 0.2620670478
160 294 320 386 128 728 cost 0.261605258
160 294 192 224 96 224 cost 0.2595185379
160 294 256 320 64 128 cost 0.2588049317
64 160 128 160 0 96 cost 0.2574525121
160 294 224 256 224 728 cost 0.2536240982
160 294 128 192 0 64 cost 0.2406324201
64 160 0 128 0 64 cost 0.2400266197
160 294 128 192 64 128 cost 0.2394655953
160 294 224 256 96 224 cost 0.2346517777
0 64 0 386 96 728 cost 0.2255363149
160 294 0 128 0 728 cost 0.2214180509
64 160 0 128 160 728 cost 0.2144497134
0 64 0 386 0 96 cost 0.2056768455
partitioning time: 311.767580 seconds
