hostname : cph-c2.uncc.edu
bounding: [1053872.965;1068485.726]x[860186.8419;879395.9741]x[3;730]
read 11056 observations
res: 50 50 1 bw: 100 100 1
box size: 294 x 386 x 728
nbparts: 32
max states: 10781664
mem: 0.9639558792 GB (this is an order of magnitude)
2714298 states processed
solution: 0.0006632514 in 17 boxes.
naive: 0.0053159259 speedup:8.01494863
sumload:0.0053334402 overhead:1.003294685
128 192 192 256 0 448 cost 0.0006632514
192 294 256 386 0 384 cost 0.0006453126
192 256 128 256 0 288 cost 0.0006223737
0 128 128 256 0 192 cost 0.0006176633
0 192 256 386 0 384 cost 0.00060069
128 192 128 192 0 480 cost 0.000561414
0 256 0 128 0 480 cost 0.0005341602
0 256 0 256 480 728 cost 0.0003146937
0 294 256 386 384 704 cost 0.0001804965
256 294 0 256 0 192 cost 0.0001783734
0 128 128 256 192 480 cost 0.0001705687
256 294 0 256 192 728 cost 0.0001156839
192 256 128 256 288 480 cost 0.0001135359
192 294 256 386 704 728 cost 6.3003e-06
128 192 256 386 704 728 cost 4.1421e-06
128 192 192 256 448 480 cost 3.8187e-06
0 128 256 386 704 728 cost 9.618e-07
partitioning time: 516.540439 seconds
