hostname : cph-c14.uncc.edu
bounding: [-130;-65]x[20;50]x[5875;5958]
read 588189 observations
res: 0.1 0.1 1 bw: 5 5 14
box size: 651 x 301 x 84
nbparts: 32
mem: 0.1769943237 GB (this is an order of magnitude)
231491 states processed
solution: 17.39671798 in 32 boxes.
naive: 430.2508241 speedup:24.7317238
sumload:434.7576802 overhead:1.01047495
352 448 224 301 0 84 cost 17.39671798
160 352 128 160 0 84 cost 17.27980738
352 448 160 192 0 84 cost 17.19550219
160 352 96 128 0 84 cost 17.02478062
480 544 160 192 0 64 cost 16.97836499
544 651 192 224 0 84 cost 16.64115144
448 480 128 192 0 84 cost 16.32180889
352 448 128 160 0 84 cost 16.25046962
64 160 192 301 0 84 cost 15.87581489
480 544 224 301 0 84 cost 15.59214831
352 448 192 224 0 84 cost 15.42421692
160 352 0 96 0 84 cost 15.41518339
64 160 128 160 0 84 cost 15.23914191
480 544 192 224 0 64 cost 15.03579045
448 480 0 128 0 84 cost 14.97049258
64 160 160 192 0 84 cost 14.94739262
544 651 160 192 0 84 cost 14.90704253
448 480 192 301 0 84 cost 14.68742785
544 651 224 301 0 64 cost 14.31567488
352 448 96 128 0 84 cost 14.16292378
64 160 0 128 0 84 cost 13.82319003
352 448 0 96 0 84 cost 13.57183628
160 352 192 301 0 84 cost 13.43961449
160 352 160 192 0 84 cost 13.12736626
480 544 128 160 0 84 cost 12.63393868
480 544 0 96 0 84 cost 12.21317291
0 64 0 301 0 84 cost 10.97030545
480 544 96 128 0 84 cost 9.070358564
480 544 160 192 64 84 cost 5.347503192
544 651 0 160 0 84 cost 5.1815359
544 651 224 301 64 84 cost 4.908332544
480 544 192 224 64 84 cost 4.808672663
partitioning time: 3703.990224 seconds
