hostname : cph-c37.uncc.edu
bounding: [-130;-65]x[20;50]x[5875;5958]
read 588189 observations
res: 0.01 0.01 1 bw: 0.5 0.5 3
box size: 6501 x 3001 x 84
nbparts: 32
max states: 300128
mem: 0.02683353424 GB (this is an order of magnitude)
672444 states processed
solution: 10.14961932 in 22 boxes.
naive: 162.5264313 speedup:16.01305687
sumload:162.5338061 overhead:1.000045376
3072 3328 0 1792 0 84 cost 10.14961932
1024 1280 0 1536 0 84 cost 9.996140386
5120 5632 2048 3001 0 84 cost 9.671588535
4352 5120 2048 3001 0 84 cost 9.521020333
4608 5632 256 1024 0 84 cost 9.513320046
1280 2048 0 2304 0 84 cost 9.060813201
4864 5632 1024 1792 0 84 cost 8.948536204
3328 3584 0 1792 0 84 cost 8.751991466
5632 6501 0 3001 0 84 cost 8.659849177
3072 4096 1792 3001 0 84 cost 8.555014043
4864 5376 1792 2048 0 84 cost 8.411358136
4096 4608 256 1536 0 84 cost 8.411164103
0 1280 1536 2304 0 84 cost 7.861889644
4096 4608 1536 2048 0 84 cost 7.811501499
4608 4864 1024 2048 0 84 cost 7.267241854
5376 5632 1792 2048 0 84 cost 6.563221502
0 2048 2304 3001 0 84 cost 6.305780279
4096 4352 2048 3001 0 84 cost 5.992740057
2048 3072 0 3001 0 84 cost 5.677163017
3584 4096 0 1792 0 84 cost 5.063742045
0 1024 0 1536 0 84 cost 0.3398317002
4096 5632 0 256 0 84 cost 0.0002795445
partitioning time: 5021.258685 seconds
