hostname : cph-c35.uncc.edu
bounding: [1053872.965;1068485.726]x[860186.8419;879395.9741]x[3;730]
read 11056 observations
res: 100 100 1 bw: 250 250 1
box size: 148 x 194 x 728
nbparts: 16
max states: 74432
mem: 0.00665473938 GB (this is an order of magnitude)
36338 states processed
solution: 0.0012099158 in 14 boxes.
naive: 0.0102500115 speedup:8.471673401
sumload:0.0103527901 overhead:1.010027169
64 128 64 128 128 256 cost 0.0012099158
64 148 128 194 0 128 cost 0.0012072249
64 128 0 128 256 728 cost 0.0011937797
0 64 64 128 0 192 cost 0.0011857141
64 128 64 128 0 64 cost 0.0009848335
64 128 64 128 64 128 cost 0.0009468817
0 128 0 64 0 256 cost 0.0009281277
64 148 128 194 128 384 cost 0.0008238423
128 148 0 128 0 728 cost 0.0005666934
0 64 0 128 256 728 cost 0.0004248117
0 64 128 194 0 384 cost 0.0003750456
0 148 128 194 384 704 cost 0.0003475128
0 64 64 128 192 256 cost 0.0001357165
0 148 128 194 704 728 cost 2.26904e-05
partitioning time: 5.214361 seconds
