hostname : cph-c27.uncc.edu
bounding: [-130;-65]x[20;50]x[5875;5958]
read 588189 observations
res: 0.01 0.01 1 bw: 0.5 0.5 3
box size: 6501 x 3001 x 84
nbparts: 16
max states: 2401280
mem: 0.2146911621 GB (this is an order of magnitude)
369094 states processed
solution: 11.21083913 in 16 boxes.
naive: 162.5264313 speedup:14.49725837
sumload:164.0820625 overhead:1.009571558
4352 4864 1024 1792 0 84 cost 11.21083913
1280 4096 1280 1536 0 84 cost 11.1691538
5376 5632 1792 3001 0 64 cost 11.13222618
2048 4096 1792 3001 0 84 cost 11.10773277
0 2048 1792 3001 0 84 cost 10.92186543
4096 4352 1024 3001 0 84 cost 10.87452458
4352 4864 1792 3001 0 64 cost 10.7483321
4352 6501 0 1024 0 84 cost 10.44759623
0 4352 0 1024 0 84 cost 10.2748125
0 1280 1280 1536 0 84 cost 10.03684501
4352 5632 1792 3001 64 84 cost 9.95275116
4864 5376 1792 3001 0 64 cost 9.802742038
0 4096 1536 1792 0 84 cost 9.610365308
0 4096 1024 1280 0 84 cost 9.184729478
4864 6501 1024 1792 0 84 cost 8.94902334
5632 6501 1792 3001 0 84 cost 8.658523407
partitioning time: 2911.226845 seconds
