hostname : cph-c76.uncc.edu
bounding: [-130;-65]x[20;50]x[5875;5958]
read 588189 observations
res: 0.01 0.01 1 bw: 0.5 0.5 3
box size: 6501 x 3001 x 84
nbparts: 128
solution: 6.033199997 in 134 boxes.
naive: 162.5264313 speedup:26.93867789
sumload:193.1069677 overhead:1.188157312
4875 5688 1875 2250 52 63 cost 6.033199997
4875 5688 1875 2250 42 52 cost 5.930510695
4875 5688 1875 2250 31 42 cost 5.210035289
0 1625 1500 2250 42 63 cost 4.979715264
4875 6501 1500 2250 0 21 cost 4.557629927
1625 3250 750 1500 42 63 cost 4.549028931
1625 3250 750 1500 21 42 cost 4.138614545
812 1625 1125 1500 52 63 cost 4.08976474
4875 5688 1875 2250 73 84 cost 3.814407591
4875 5688 1875 2250 63 73 cost 3.784869252
3250 4875 1500 2250 0 21 cost 3.74719035
4062 4875 1875 2250 52 63 cost 3.725669334
4062 4875 1875 2250 42 52 cost 3.66981492
812 1625 1125 1500 42 52 cost 3.538436193
3250 4875 750 1500 0 21 cost 3.535664292
4062 4875 1875 2250 31 42 cost 3.034739904
3250 4875 2250 3001 42 63 cost 2.995717856
4875 5688 1875 2250 21 31 cost 2.865419363
0 1625 2250 3001 42 63 cost 2.857827792
0 1625 750 1500 63 84 cost 2.816751148
3250 4062 750 1125 42 52 cost 2.681493442
0 1625 750 1500 21 42 cost 2.594080846
1625 3250 1500 2250 42 63 cost 2.557928962
4062 4875 1125 1500 42 52 cost 2.36888879
4062 4875 1875 2250 63 73 cost 2.295850796
4875 5688 1500 1875 52 63 cost 2.252549673
0 1625 1500 2250 21 42 cost 2.247490402
0 1625 1500 2250 63 84 cost 2.24014611
4062 4875 1125 1500 52 63 cost 2.229840455
3250 4875 2250 3001 21 42 cost 2.223903883
4062 4875 750 1125 42 52 cost 2.163882439
3250 4062 1125 1500 42 52 cost 2.157850912
4875 6501 750 1500 42 63 cost 2.141956322
3250 4062 750 1125 31 42 cost 2.13263122
3250 4062 1125 1500 31 42 cost 2.116809443
4875 5688 1500 1875 42 52 cost 2.038059456
0 1625 2250 3001 63 84 cost 1.972037767
3250 4875 2250 3001 63 84 cost 1.890310146
4062 4875 1875 2250 21 31 cost 1.84848336
4875 6501 0 750 42 63 cost 1.82282558
4062 4875 1500 1875 42 52 cost 1.808852382
4062 4875 1500 1875 52 63 cost 1.80424553
4062 4875 1875 2250 73 84 cost 1.774704456
4875 5688 1500 1875 31 42 cost 1.756778904
4062 4875 1125 1500 31 42 cost 1.706970103
4062 4875 750 1125 52 63 cost 1.67847987
4062 4875 750 1125 31 42 cost 1.638769298
3250 4062 750 1125 52 63 cost 1.623689006
4875 6501 2250 3001 42 63 cost 1.607908127
1625 3250 1500 2250 21 42 cost 1.564924759
4062 4875 1500 1875 31 42 cost 1.486147054
4062 4875 1125 1500 63 73 cost 1.365161811
1625 3250 750 1500 63 84 cost 1.361698854
0 1625 750 1500 0 21 cost 1.345386821
1625 3250 750 1500 0 21 cost 1.318878183
0 1625 2250 3001 21 42 cost 1.318045553
0 1625 1500 2250 0 21 cost 1.274180915
4875 6501 750 1500 21 42 cost 1.252983464
4875 5688 1500 1875 63 73 cost 1.24515695
3250 4062 1500 1875 42 52 cost 1.241610954
1625 3250 1500 2250 63 84 cost 1.161195244
3250 4062 1125 1500 52 63 cost 1.152891347
3250 4062 1875 2250 42 52 cost 1.146062947
3250 4875 0 750 42 63 cost 1.137865596
4875 6501 2250 3001 21 42 cost 1.136997077
4875 6501 0 750 21 42 cost 1.126248197
4062 4875 1500 1875 63 73 cost 1.094629508
4875 5688 1500 1875 21 31 cost 1.055010313
4875 6501 2250 3001 63 84 cost 0.98807219
3250 4062 750 1125 63 73 cost 0.9803375529
3250 4062 750 1125 21 31 cost 0.9758257757
3250 4062 1875 2250 31 42 cost 0.970685987
3250 4062 1500 1875 31 42 cost 0.9683046299
3250 4875 2250 3001 0 21 cost 0.9645029354
5688 6501 1875 2250 42 52 cost 0.951959737
3250 4062 1125 1500 21 31 cost 0.923960885
4062 4875 750 1125 63 73 cost 0.922652801
4875 5688 1500 1875 73 84 cost 0.8883779026
4062 4875 1125 1500 21 31 cost 0.8582741538
3250 4062 750 1125 73 84 cost 0.8570872905
3250 4062 1500 1875 52 63 cost 0.8492951999
4062 4875 1500 1875 73 84 cost 0.8452734695
3250 4062 1875 2250 52 63 cost 0.8392322903
5688 6501 1875 2250 52 63 cost 0.8263252697
4875 6501 750 1500 63 84 cost 0.796471204
4062 4875 1500 1875 21 31 cost 0.7851629585
5688 6501 1875 2250 31 42 cost 0.7684147276
4062 4875 1125 1500 73 84 cost 0.7590526125
4062 4875 750 1125 21 31 cost 0.7231253098
3250 4062 1125 1500 63 73 cost 0.714735264
3250 4875 0 750 21 42 cost 0.7107458713
0 1625 2250 3001 0 21 cost 0.6604900288
5688 6501 1875 2250 63 73 cost 0.6134493561
3250 4062 1125 1500 73 84 cost 0.6033693165
1625 3250 1500 2250 0 21 cost 0.5908644118
5688 6501 1875 2250 73 84 cost 0.5797204553
4875 6501 0 750 63 84 cost 0.5279234202
4875 6501 2250 3001 0 21 cost 0.5066960123
3250 4062 1875 2250 21 31 cost 0.484131775
4062 4875 750 1125 73 84 cost 0.4840003117
5688 6501 1875 2250 21 31 cost 0.4600529835
3250 4062 1500 1875 21 31 cost 0.4462697105
3250 4062 1875 2250 63 73 cost 0.4434432648
3250 4062 1875 2250 73 84 cost 0.440289534
3250 4062 1500 1875 63 73 cost 0.4260082078
4875 6501 750 1500 0 21 cost 0.3796756555
1625 3250 0 750 42 63 cost 0.3785425887
3250 4875 0 750 63 84 cost 0.3343661051
3250 4062 1500 1875 73 84 cost 0.3335091841
4875 6501 0 750 0 21 cost 0.2996280117
1625 3250 0 750 21 42 cost 0.2894070309
1625 3250 2250 3001 42 63 cost 0.2275470876
3250 4875 0 750 0 21 cost 0.1734692709
1625 3250 2250 3001 21 42 cost 0.1472700998
1625 3250 2250 3001 63 84 cost 0.1286737028
1625 3250 0 750 0 21 cost 0.0858890122
1625 3250 0 750 63 84 cost 0.0621515235
1625 3250 2250 3001 0 21 cost 0.0601757029
0 812 1125 1500 52 63 cost 0.0187159787
0 812 1125 1500 42 52 cost 0.0132687383
812 1625 750 1125 42 52 cost 0.0007331547
812 1625 750 1125 52 63 cost 0.0004087059
0 1625 0 750 63 84 cost 0.0002795445
0 1625 0 750 42 63 cost 0.0002795445
0 1625 0 750 0 21 cost 0.000257097
0 1625 0 750 21 42 cost 0.0002470755
5688 6501 1500 1875 63 73 cost 0.0002075921
5688 6501 1500 1875 42 52 cost 0.0001799181
5688 6501 1500 1875 31 42 cost 0
5688 6501 1500 1875 52 63 cost 0
5688 6501 1500 1875 21 31 cost 0
0 812 750 1125 52 63 cost 0
5688 6501 1500 1875 73 84 cost 0
0 812 750 1125 42 52 cost 0
partitioning time: 13.233664 seconds
