hostname : cph-c12.uncc.edu
bounding: [1053872.965;1068485.726]x[860186.8419;879395.9741]x[3;730]
read 11056 observations
res: 50 50 1 bw: 2500 2500 1
box size: 294 x 386 x 728
nbparts: 32
max states: 197567552
mem: 17.66391563 GB (this is an order of magnitude)
11785709 states processed
solution: 0.0680439275 in 32 boxes.
naive: 2.038316503 speedup:29.9558914
sumload:2.046207111 overhead:1.00387114
96 128 192 256 0 256 cost 0.0680439275
224 294 256 320 0 224 cost 0.0679821478
192 294 0 160 0 512 cost 0.0673652001
128 160 192 320 96 256 cost 0.0672612235
128 160 192 320 0 96 cost 0.0672147275
128 192 160 192 0 160 cost 0.0672110851
192 256 160 224 64 192 cost 0.0671842566
0 96 96 160 0 192 cost 0.0671383471
160 192 224 320 0 128 cost 0.0670555107
192 294 320 386 0 224 cost 0.0668238516
160 192 0 160 0 416 cost 0.0667643879
256 294 160 256 0 512 cost 0.0660776411
0 160 0 96 0 192 cost 0.0660658769
192 256 224 256 64 512 cost 0.0656984736
0 128 160 192 0 160 cost 0.065690467
192 294 256 386 224 512 cost 0.0652813553
0 128 256 320 0 256 cost 0.0645848894
0 96 192 256 0 256 cost 0.0641883375
96 128 96 160 0 192 cost 0.0624380542
0 160 192 320 256 448 cost 0.0621639703
192 256 160 256 0 64 cost 0.0616903636
0 192 160 192 160 416 cost 0.0616550453
160 192 192 224 0 448 cost 0.061594911
0 192 320 386 0 728 cost 0.0614334579
0 160 0 160 192 416 cost 0.0614082118
0 192 0 192 416 728 cost 0.0613117948
160 192 224 320 128 448 cost 0.0605827081
128 160 96 160 0 192 cost 0.0603618452
192 294 0 386 512 728 cost 0.0600886091
192 256 160 224 192 512 cost 0.0588950073
192 224 256 320 0 224 cost 0.0579081188
0 192 192 320 448 728 cost 0.0570433071
partitioning time: 2507.623840 seconds
