hostname : cph-c54.uncc.edu
bounding: [1053872.965;1068485.726]x[860186.8419;879395.9741]x[3;730]
read 11056 observations
res: 50 50 1 bw: 2500 2500 1
box size: 294 x 386 x 728
nbparts: 32
max load allowed: 0.1910921721
max states: 10781664
mem: 0.9639558792 GB (this is an order of magnitude)
155509 states processed
solution: 0.1910259592 in 19 boxes.
naive: 2.038316503 speedup:10.67036392
sumload:2.039343052 overhead:1.000503626
128 192 192 256 0 288 cost 0.1910259592
0 128 128 192 0 480 cost 0.1838640083
192 256 192 256 0 480 cost 0.1778477817
128 192 128 192 0 256 cost 0.1601869711
0 128 192 256 0 480 cost 0.1553467106
192 256 256 320 0 728 cost 0.1461098196
128 192 256 320 0 728 cost 0.1427554406
192 256 0 192 0 728 cost 0.1425786593
256 294 0 386 0 728 cost 0.1363959446
0 128 0 128 0 728 cost 0.1361906599
128 192 0 128 0 728 cost 0.0927100361
0 128 256 386 0 728 cost 0.0919592497
192 256 320 386 0 728 cost 0.0792247882
128 192 192 256 288 728 cost 0.0530437185
128 192 320 386 0 728 cost 0.052734528
128 192 128 192 256 728 cost 0.0505544202
192 256 192 256 480 728 cost 0.0200530936
0 128 128 192 480 728 cost 0.0144301396
0 128 192 256 480 728 cost 0.0123311234
partitioning time: 432.253007 seconds
