hostname : cph-bm1.uncc.edu
bounding: [1053872.965;1068485.726]x[860186.8419;879395.9741]x[3;730]
read 11056 observations
res: 50 50 1 bw: 100 100 1
box size: 294 x 386 x 728
nbparts: 32
max states: 16000
mem: 0.001430511475 GB (this is an order of magnitude)
22204 states processed
solution: 0.000654049 in 32 boxes.
naive: 0.0053159259 speedup:8.127718107
sumload:0.0055069476 overhead:1.035933853
0 256 0 256 32 64 cost 0.000654049
0 256 0 256 64 96 cost 0.0005633651
0 294 0 386 0 32 cost 0.0004500969
0 256 0 256 96 128 cost 0.0003734607
0 256 0 256 128 160 cost 0.0003199833
0 256 256 386 32 64 cost 0.000288438
0 256 0 256 160 192 cost 0.0002612893
0 256 0 256 224 256 cost 0.0002067166
0 294 0 256 192 224 cost 0.0001992627
0 256 256 386 64 96 cost 0.0001962181
0 256 256 386 96 128 cost 0.0001413021
0 256 0 386 512 576 cost 0.0001319247
0 256 0 386 320 352 cost 0.0001306482
0 256 0 386 640 728 cost 0.0001300026
0 256 0 256 256 288 cost 0.0001298398
0 256 0 386 576 640 cost 0.000129486
0 256 0 256 352 416 cost 0.0001294641
0 256 0 256 416 512 cost 0.0001235139
0 256 256 386 128 160 cost 0.0001156652
0 256 256 386 256 320 cost 0.0001098278
0 256 256 386 352 512 cost 0.0001054764
0 256 0 256 288 320 cost 9.97344e-05
0 256 256 386 160 192 cost 9.29798e-05
256 294 0 386 256 728 cost 8.71123e-05
0 256 256 386 224 256 cost 7.68588e-05
0 294 256 386 192 224 cost 6.27115e-05
256 294 0 386 64 96 cost 4.7188e-05
256 294 0 386 32 64 cost 4.45157e-05
256 294 0 386 96 128 cost 3.803e-05
256 294 0 386 128 160 cost 3.16809e-05
256 294 0 386 224 256 cost 2.17469e-05
256 294 0 386 160 192 cost 1.43588e-05
partitioning time: 3.191051 seconds
