hostname : cph-c54.uncc.edu
bounding: [-130;-65]x[20;50]x[5875;5958]
read 588189 observations
res: 0.01 0.01 1 bw: 0.5 0.5 3
box size: 6501 x 3001 x 84
nbparts: 16
solution: 25.65244358 in 22 boxes.
naive: 162.5264313 speedup:6.335709534
sumload:175.6451245 overhead:1.080717291
3250 6501 0 1500 42 84 cost 25.65244358
3250 6501 0 1500 0 42 cost 16.79159267
4875 6501 1500 2250 42 63 cost 15.66112764
0 3250 1500 3001 42 84 cost 15.16366923
0 3250 0 1500 42 84 cost 14.98953856
3250 4875 1500 2250 42 63 cost 13.18345624
4875 6501 1500 2250 21 42 cost 10.85128106
4875 6501 1500 2250 63 84 cost 9.920955029
0 3250 0 1500 0 42 cost 9.366631446
3250 4875 1500 2250 21 42 cost 9.015172168
0 3250 1500 3001 0 42 cost 7.482742516
3250 4875 1500 2250 63 84 cost 6.947585897
4875 6501 1500 2250 0 21 cost 4.557629927
3250 4875 1500 2250 0 21 cost 3.74719035
3250 4875 2250 3001 42 63 cost 2.995717856
3250 4875 2250 3001 21 42 cost 2.223903883
3250 4875 2250 3001 63 84 cost 1.890310146
4875 6501 2250 3001 42 63 cost 1.607908127
4875 6501 2250 3001 21 42 cost 1.136997077
4875 6501 2250 3001 63 84 cost 0.98807219
3250 4875 2250 3001 0 21 cost 0.9645029354
4875 6501 2250 3001 0 21 cost 0.5066960123
partitioning time: 2.690852 seconds
