hostname : cph-gpu4.uncc.edu
bounding: [-130;-65]x[20;50]x[5875;5958]
read 588189 observations
res: 0.1 0.1 1 bw: 5 5 14
box size: 651 x 301 x 84
nbparts: 32
max states: 7918752
mem: 0.7079916 GB (this is an order of magnitude)
1111593 states processed
solution: 15.23167047 in 32 boxes.
naive: 430.2508241 speedup:28.24712003
sumload:443.071502 overhead:1.029798148
0 224 224 301 0 84 cost 15.23167047
288 416 128 160 32 84 cost 15.1501551
224 416 224 301 0 84 cost 14.93587636
544 651 160 192 0 84 cost 14.90704253
512 544 192 301 32 84 cost 14.901103
96 288 128 160 32 84 cost 14.82597072
256 416 128 224 0 32 cost 14.80942292
96 192 160 224 32 84 cost 14.68998205
480 512 160 224 32 84 cost 14.68162227
0 96 128 224 32 84 cost 14.58257307
192 352 96 128 0 84 cost 14.44152485
544 576 192 301 32 84 cost 14.22766747
352 448 96 128 0 84 cost 14.16292378
416 448 192 301 0 84 cost 14.13375471
352 416 160 224 32 84 cost 14.09686249
512 651 192 301 0 32 cost 14.09314703
0 192 96 128 0 84 cost 14.0247774
0 256 128 224 0 32 cost 13.94323098
416 448 128 192 0 84 cost 13.92821729
352 480 64 96 0 84 cost 13.90278523
448 480 96 160 0 84 cost 13.83616466
0 352 64 96 0 84 cost 13.7374341
448 512 160 301 0 32 cost 13.46201892
512 651 96 160 0 84 cost 13.27370647
576 651 192 301 32 84 cost 13.27094328
448 480 160 224 32 84 cost 13.15801044
480 512 96 160 0 84 cost 13.09848564
192 352 160 224 32 84 cost 12.92184801
480 651 0 96 0 84 cost 12.72024329
0 480 0 64 0 84 cost 12.27780889
448 512 224 301 32 84 cost 10.89638159
512 544 160 192 0 84 cost 10.74814702
partitioning time: 6263.084115 seconds
