hostname : cph-c21.uncc.edu
bounding: [1053872.965;1068485.726]x[860186.8419;879395.9741]x[3;730]
read 11056 observations
res: 50 50 1 bw: 100 100 1
box size: 294 x 386 x 728
nbparts: 32
max load allowed: 0.0006644907375
max states: 168416
mem: 0.01505756378 GB (this is an order of magnitude)
22175 states processed
solution: 0.000630231 in 19 boxes.
naive: 0.0053159259 speedup:8.434884828
sumload:0.0053388375 overhead:1.004309992
128 192 0 192 0 256 cost 0.000630231
192 256 192 256 0 728 cost 0.0005855115
0 128 192 386 0 728 cost 0.0005636082
192 256 256 386 0 256 cost 0.0005508366
128 192 192 256 0 256 cost 0.0005458688
0 128 128 192 0 728 cost 0.0005035215
128 192 256 386 0 728 cost 0.0004616643
0 128 64 128 0 256 cost 0.000307674
256 294 0 256 0 512 cost 0.0002768061
192 256 0 192 0 728 cost 0.000253197
128 192 0 192 256 728 cost 0.0001872843
192 256 256 386 256 512 cost 0.000131409
128 192 192 256 256 512 cost 0.000130585
192 256 256 386 512 728 cost 6.3891e-05
0 128 64 128 256 728 cost 5.42799e-05
128 192 192 256 512 728 cost 4.91946e-05
256 294 0 256 512 728 cost 1.72512e-05
256 294 256 386 0 728 cost 1.35813e-05
0 128 0 64 0 728 cost 1.24422e-05
partitioning time: 8.320254 seconds
