hostname : cph-c75.uncc.edu
bounding: [1053872.965;1068485.726]x[860186.8419;879395.9741]x[3;730]
read 11056 observations
res: 50 50 1 bw: 2500 2500 14
box size: 294 x 386 x 728
nbparts: 128
solution: 0.2102047436 in 134 boxes.
naive: 8.268027147 speedup:39.33320916
sumload:8.523831534 overhead:1.030938987
220 294 96 193 0 182 cost 0.2102047436
0 73 96 193 0 182 cost 0.2057599632
0 147 0 193 364 728 cost 0.1984854897
73 147 0 96 0 182 cost 0.1937913031
0 147 193 386 364 728 cost 0.1879486079
110 147 144 193 0 91 cost 0.1714276906
147 183 193 241 0 91 cost 0.1608271612
147 183 144 193 0 91 cost 0.1520859544
0 73 193 289 0 182 cost 0.1461107687
110 147 193 241 0 91 cost 0.1428729953
183 220 193 241 0 91 cost 0.1393191465
110 147 96 144 0 91 cost 0.1390521115
73 147 289 386 0 182 cost 0.135481306
147 220 193 289 364 546 cost 0.1354515658
147 220 289 386 182 364 cost 0.1328597751
183 220 241 289 0 91 cost 0.1294390794
73 110 144 193 0 91 cost 0.1283291291
147 183 193 241 91 182 cost 0.1231523209
147 183 241 289 0 91 cost 0.1218711358
73 110 96 144 0 91 cost 0.1104658111
220 294 96 193 182 364 cost 0.1094771243
183 220 193 241 91 182 cost 0.1093591659
110 147 144 193 91 182 cost 0.1084773904
110 147 193 241 91 182 cost 0.1067317181
183 220 144 193 0 91 cost 0.1054931868
147 220 193 289 546 728 cost 0.105248519
220 257 193 241 0 91 cost 0.1041749991
147 183 144 193 91 182 cost 0.1019534924
73 110 193 241 0 91 cost 0.1016724391
183 220 289 337 0 91 cost 0.0997945099
220 257 241 289 0 91 cost 0.0994162492
220 294 289 386 182 364 cost 0.0948272531
147 220 96 193 364 546 cost 0.0921734101
147 183 96 144 0 91 cost 0.0912778629
147 183 241 289 91 182 cost 0.0909249467
183 220 241 289 91 182 cost 0.0909195645
110 147 241 289 0 91 cost 0.0890982821
220 294 193 289 364 546 cost 0.0833161649
183 220 144 193 91 182 cost 0.0807719693
110 147 96 144 91 182 cost 0.0804145154
220 257 193 241 91 182 cost 0.0790164739
73 110 144 193 91 182 cost 0.0780207083
147 183 193 241 182 273 cost 0.0769394513
220 257 289 337 0 91 cost 0.0769019014
147 183 289 337 0 91 cost 0.075238145
183 220 193 241 182 273 cost 0.0734500767
147 220 96 193 546 728 cost 0.0709505601
110 147 241 289 91 182 cost 0.0698844188
73 110 193 241 91 182 cost 0.069420075
147 220 0 96 0 182 cost 0.0678667034
220 257 241 289 91 182 cost 0.0672330035
147 183 144 193 182 273 cost 0.0647314072
73 110 96 144 91 182 cost 0.0628016176
73 110 241 289 0 91 cost 0.0589617952
110 147 193 241 182 273 cost 0.0588452954
183 220 144 193 182 273 cost 0.0587413583
183 220 289 337 91 182 cost 0.0579488157
220 294 193 289 546 728 cost 0.0573078828
183 220 337 386 0 91 cost 0.0564233131
147 183 241 289 182 273 cost 0.0557208532
110 147 144 193 182 273 cost 0.0553911989
183 220 241 289 182 273 cost 0.0549645518
220 257 193 241 182 273 cost 0.0539929789
147 183 96 144 91 182 cost 0.0529561153
147 220 289 386 364 546 cost 0.0521321698
257 294 193 241 0 91 cost 0.0505842322
0 73 0 96 0 182 cost 0.0481137985
183 220 96 144 0 91 cost 0.0477260269
73 147 289 386 182 364 cost 0.047348446
147 183 289 337 91 182 cost 0.0464648544
147 220 289 386 546 728 cost 0.0463760447
257 294 241 289 0 91 cost 0.0457561879
0 73 96 193 182 364 cost 0.0456574885
220 257 337 386 0 91 cost 0.0454096156
220 257 289 337 91 182 cost 0.0432250265
73 110 241 289 91 182 cost 0.0419857545
110 147 241 289 182 273 cost 0.0419240145
73 147 0 96 182 364 cost 0.0417364583
257 294 193 241 91 182 cost 0.0410078857
0 73 193 289 182 364 cost 0.0409365446
147 183 193 241 273 364 cost 0.0404657272
220 257 241 289 182 273 cost 0.040420128
183 220 193 241 273 364 cost 0.0397408824
220 294 289 386 364 546 cost 0.0384702765
110 147 96 144 182 273 cost 0.0362955718
220 294 96 193 364 546 cost 0.0361796227
147 183 337 386 0 91 cost 0.0355602038
257 294 241 289 91 182 cost 0.0348529783
257 294 289 337 0 91 cost 0.0337296117
73 110 193 241 182 273 cost 0.0333011127
220 294 289 386 546 728 cost 0.0332960101
183 220 96 144 91 182 cost 0.0331815802
73 110 144 193 182 273 cost 0.0330465842
147 183 144 193 273 364 cost 0.0325968542
183 220 241 289 273 364 cost 0.0316076697
220 257 193 241 273 364 cost 0.0315682238
110 147 193 241 273 364 cost 0.0305775403
147 183 96 144 182 273 cost 0.0296931326
183 220 337 386 91 182 cost 0.0296248596
147 183 241 289 273 364 cost 0.0295330323
110 147 144 193 273 364 cost 0.0292225679
0 73 289 386 0 182 cost 0.0288942262
183 220 144 193 273 364 cost 0.0285014673
220 294 96 193 546 728 cost 0.0271507192
257 294 193 241 182 273 cost 0.0262358128
73 110 96 144 182 273 cost 0.0256787389
220 257 241 289 273 364 cost 0.0247340251
73 110 241 289 182 273 cost 0.0245889797
220 257 337 386 91 182 cost 0.0231918674
110 147 241 289 273 364 cost 0.0209953557
257 294 289 337 91 182 cost 0.0206644999
183 220 96 144 182 273 cost 0.0205173211
257 294 241 289 182 273 cost 0.0200772102
147 183 337 386 91 182 cost 0.0193473761
73 110 144 193 273 364 cost 0.0191460047
73 110 193 241 273 364 cost 0.0183166405
110 147 96 144 273 364 cost 0.0180967472
257 294 337 386 0 91 cost 0.0180577379
257 294 193 241 273 364 cost 0.0168829449
147 220 0 96 182 364 cost 0.016240031
147 183 96 144 273 364 cost 0.0146998342
257 294 241 289 273 364 cost 0.0129788693
73 110 96 144 273 364 cost 0.0126664725
73 110 241 289 273 364 cost 0.0122697036
257 294 337 386 91 182 cost 0.0097283772
0 73 0 96 182 364 cost 0.0095413534
0 73 289 386 182 364 cost 0.0094590278
183 220 96 144 273 364 cost 0.009455955
147 220 0 96 364 546 cost 0.0060379014
147 220 0 96 546 728 cost 0.0056096537
220 294 0 96 0 182 cost 0.0003464805
220 294 0 96 546 728 cost 0.0001028288
220 294 0 96 182 364 cost 7.13848e-05
220 294 0 96 364 546 cost 2.97443e-05
partitioning time: 0.338500 seconds
