hostname : cph-c23.uncc.edu
bounding: [1053872.965;1068485.726]x[860186.8419;879395.9741]x[3;730]
read 11056 observations
res: 50 50 1 bw: 2500 2500 1
box size: 294 x 386 x 728
nbparts: 64
max load allowed: 0.09554608606
max states: 5390784
mem: 0.4819736481 GB (this is an order of magnitude)
142766 states processed
solution: 0.0952832689 in 34 boxes.
naive: 2.038316503 speedup:21.39217647
sumload:2.047496658 overhead:1.004503793
64 128 0 128 0 256 cost 0.0952832689
64 128 192 256 0 192 cost 0.0949119341
192 256 256 320 0 192 cost 0.0948893084
192 256 192 256 128 512 cost 0.0942223855
128 192 256 320 0 192 cost 0.0935606225
128 192 0 128 0 728 cost 0.0927100361
128 192 192 256 128 320 cost 0.0880376044
192 256 192 256 0 128 cost 0.0866898082
0 64 0 256 0 728 cost 0.0861582472
64 128 128 192 64 256 cost 0.08539339
128 192 128 192 64 192 cost 0.08424762
192 256 64 192 0 192 cost 0.083848265
256 294 0 256 0 728 cost 0.0807722379
64 128 256 386 0 728 cost 0.0745388887
128 192 128 192 192 728 cost 0.072723931
192 256 320 386 0 384 cost 0.0664528211
192 256 64 192 192 728 cost 0.0579507024
128 192 192 256 0 64 cost 0.0569146514
128 192 192 256 64 128 cost 0.0563868492
128 192 128 192 0 64 cost 0.0557310723
256 294 256 386 0 728 cost 0.0556487121
128 192 320 386 0 728 cost 0.052734528
192 256 256 320 192 728 cost 0.0515791672
128 192 256 320 192 728 cost 0.0495904221
64 128 128 192 0 64 cost 0.0473612223
128 192 192 256 320 728 cost 0.0454290487
64 128 192 256 192 728 cost 0.0445125059
64 128 128 192 256 728 cost 0.0320899918
64 128 0 128 256 728 cost 0.0182323742
192 256 192 256 512 728 cost 0.0178161416
0 64 256 386 0 320 cost 0.0159310683
192 256 320 386 384 728 cost 0.0127719671
0 64 256 386 320 728 cost 0.0014968293
192 256 0 64 0 728 cost 0.0008790353
partitioning time: 201.975219 seconds
