hostname : cph-gpu2.uncc.edu
bounding: [1053872.965;1068485.726]x[860186.8419;879395.9741]x[3;730]
read 11056 observations
res: 100 100 1 bw: 250 250 1
box size: 148 x 194 x 728
nbparts: 64
max load allowed: 0.0006406257188
max states: 21861824
mem: 1.95459938 GB (this is an order of magnitude)
303211 states processed
solution: 0.0006304757 in 37 boxes.
naive: 0.0102500115 speedup:16.25758376
sumload:0.0103345921 overhead:1.008251757
32 64 64 96 0 160 cost 0.0006304757
96 148 0 96 0 480 cost 0.0006289497
32 64 0 64 0 256 cost 0.000626973
64 96 128 160 0 544 cost 0.0006268527
96 148 128 160 0 224 cost 0.0006240468
64 96 96 128 0 128 cost 0.0006062925
96 148 96 128 96 288 cost 0.0005957831
96 148 160 194 0 728 cost 0.0005625034
32 64 96 194 96 728 cost 0.0005394394
96 148 96 128 0 96 cost 0.0005112435
64 96 96 128 128 288 cost 0.0005076174
64 96 64 96 0 96 cost 0.0005061845
32 64 96 194 0 96 cost 0.0004065578
64 96 64 96 192 640 cost 0.0003866222
96 148 96 128 288 728 cost 0.0003830017
64 96 0 64 0 256 cost 0.0003030627
64 96 64 96 96 192 cost 0.0002804789
32 64 64 96 160 480 cost 0.0002434504
64 96 96 128 288 512 cost 0.0002035146
96 148 128 160 224 384 cost 0.0001605969
64 96 160 194 0 160 cost 0.0001460955
0 32 32 194 0 256 cost 0.0001437363
96 148 128 160 384 728 cost 0.0001176132
32 64 0 64 256 728 cost 0.0001115559
64 96 96 128 512 728 cost 9.92799e-05
64 96 160 194 160 728 cost 8.04375e-05
64 96 0 64 256 728 cost 7.52658e-05
32 64 64 96 480 728 cost 6.54753e-05
96 148 0 96 480 608 cost 4.16001e-05
96 148 0 96 608 728 cost 2.72418e-05
64 96 64 96 640 728 cost 2.56941e-05
64 96 128 160 544 640 cost 2.24406e-05
0 32 32 194 256 416 cost 2.15028e-05
0 32 32 194 416 728 cost 1.12707e-05
64 96 128 160 640 704 cost 6.5679e-06
64 96 128 160 704 728 cost 5.1678e-06
0 32 0 32 0 728 cost 0
partitioning time: 764.707882 seconds
