hostname : cph-c43.uncc.edu
bounding: [1053872.965;1068485.726]x[860186.8419;879395.9741]x[3;730]
read 11056 observations
res: 100 100 1 bw: 2500 2500 1
box size: 148 x 194 x 728
nbparts: 32
mem: 0.01330947876 GB (this is an order of magnitude)
9048 states processed
solution: 0.047025302 in 24 boxes.
naive: 0.5210794803 speedup:11.08083219
sumload:0.5283995315 overhead:1.014047859
64 128 64 128 0 64 cost 0.047025302
64 128 64 128 64 128 cost 0.0452998996
0 64 0 194 64 128 cost 0.0447752146
0 64 0 194 0 64 cost 0.0439055688
0 64 0 194 192 728 cost 0.0436821924
64 128 128 194 64 192 cost 0.0407083572
64 128 64 128 320 728 cost 0.0377670838
64 128 128 194 192 728 cost 0.0374657264
64 128 64 128 192 320 cost 0.0374019937
64 128 64 128 128 192 cost 0.0326056604
64 128 128 194 0 64 cost 0.0305502938
64 128 0 64 0 728 cost 0.0289335009
0 64 0 194 128 192 cost 0.0217837478
128 148 64 128 64 128 cost 0.0050290064
128 148 64 128 192 320 cost 0.0046593169
128 148 64 128 0 64 cost 0.0043315329
128 148 64 128 320 728 cost 0.004141301
128 148 128 194 0 64 cost 0.0039734318
128 148 128 194 64 128 cost 0.003282096
128 148 64 128 128 192 cost 0.0030999525
128 148 128 194 320 728 cost 0.0029510143
128 148 128 194 192 320 cost 0.0026323674
128 148 128 194 128 192 cost 0.0020471458
128 148 0 64 0 728 cost 0.0003478251
partitioning time: 4.859401 seconds
