hostname : cph-c47.uncc.edu
bounding: [1053872.965;1068485.726]x[860186.8419;879395.9741]x[3;730]
read 11056 observations
res: 50 50 1 bw: 100 100 1
box size: 294 x 386 x 728
nbparts: 32
max load allowed: 0.0004983680531
max states: 2695392
mem: 0.240986824 GB (this is an order of magnitude)
69718 states processed
solution: 0.0004577496 in 31 boxes.
naive: 0.0053159259 speedup:11.61317432
sumload:0.0053417668 overhead:1.004861035
128 192 192 256 0 192 cost 0.0004577496
0 128 192 386 0 256 cost 0.0004499427
192 256 192 256 0 320 cost 0.0004417006
128 192 256 386 0 384 cost 0.0004066242
128 192 128 192 0 192 cost 0.0004060853
192 256 256 320 0 384 cost 0.0004026723
0 128 128 192 0 256 cost 0.0004023113
0 128 0 128 0 256 cost 0.0003175098
128 192 128 192 192 728 cost 0.000213034
128 192 192 256 192 448 cost 0.0002078418
192 256 320 386 0 256 cost 0.0002063019
128 192 0 128 0 728 cost 0.0001986012
256 294 0 256 0 192 cost 0.0001783734
192 256 0 192 0 192 cost 0.0001446057
192 256 192 256 320 704 cost 0.0001400618
0 128 192 386 256 728 cost 0.0001140855
0 128 128 192 256 728 cost 0.0001013902
256 294 0 256 192 448 cost 9.2553e-05
192 256 320 386 256 728 cost 7.81782e-05
128 192 192 256 448 728 cost 6.1557e-05
192 256 256 320 384 728 cost 5.93083e-05
192 256 0 192 192 320 cost 5.80365e-05
0 128 0 128 256 728 cost 5.68863e-05
128 192 256 386 384 728 cost 5.50401e-05
192 256 0 192 320 728 cost 5.05548e-05
256 294 0 256 512 728 cost 1.72512e-05
256 294 256 386 64 384 cost 8.5839e-06
256 294 0 256 448 512 cost 5.8797e-06
192 256 192 256 704 728 cost 4.0491e-06
256 294 256 386 384 728 cost 2.7471e-06
256 294 256 386 0 64 cost 2.2503e-06
partitioning time: 87.363997 seconds
