hostname : cph-c51.uncc.edu
bounding: [1053872.965;1068485.726]x[860186.8419;879395.9741]x[3;730]
read 11056 observations
res: 50 50 1 bw: 2500 2500 14
box size: 294 x 386 x 728
nbparts: 64
max states: 98783744
mem: 8.831954956 GB (this is an order of magnitude)
20680105 states processed
solution: 0.5153604005 in 19 boxes.
naive: 8.268027147 speedup:16.04319451
sumload:8.277798535 overhead:1.001181828
160 224 192 224 0 728 cost 0.5153604005
64 192 256 288 0 728 cost 0.5140673741
160 256 96 160 0 728 cost 0.4990584143
64 224 288 320 0 728 cost 0.4824672452
224 256 160 256 0 728 cost 0.4813132862
64 96 128 256 0 728 cost 0.4719967202
128 160 192 256 0 728 cost 0.4680194367
160 224 224 256 0 728 cost 0.4627882531
96 160 160 192 0 728 cost 0.4446273472
160 224 160 192 0 728 cost 0.4250970394
64 224 320 386 0 728 cost 0.423817692
192 294 256 288 0 728 cost 0.4177788902
0 294 0 96 0 728 cost 0.4158788225
96 160 128 160 0 728 cost 0.4064132365
224 294 288 386 0 728 cost 0.3951864154
64 160 96 128 0 728 cost 0.3899378338
0 64 96 386 0 728 cost 0.3799091747
96 128 192 256 0 728 cost 0.3556632537
256 294 96 256 0 728 cost 0.3284176991
partitioning time: 5639.851557 seconds
