hostname : cph-c14.uncc.edu
bounding: [1053872.965;1068485.726]x[860186.8419;879395.9741]x[3;730]
read 11056 observations
res: 100 100 1 bw: 2500 2500 1
box size: 148 x 194 x 728
nbparts: 32
max states: 596224
mem: 0.05330657959 GB (this is an order of magnitude)
131122 states processed
solution: 0.0330878384 in 32 boxes.
naive: 0.5210794803 speedup:15.74836875
sumload:0.5346535935 overhead:1.026049986
64 128 64 128 32 64 cost 0.0330878384
0 148 0 64 96 728 cost 0.0329447019
0 148 0 64 0 96 cost 0.0312577585
64 128 64 128 64 96 cost 0.0273154632
0 148 64 128 0 32 cost 0.0239260193
0 64 64 194 96 160 cost 0.0236480258
0 64 64 194 32 64 cost 0.0228100376
0 64 64 194 160 288 cost 0.0215424209
64 128 128 194 32 64 cost 0.0208535517
0 64 64 194 64 96 cost 0.0208380859
0 64 64 194 288 728 cost 0.0203750298
64 128 64 128 96 128 cost 0.0186974524
64 128 64 128 128 160 cost 0.0175366655
128 148 64 194 160 728 cost 0.0163903851
64 128 64 128 160 192 cost 0.0161306829
64 128 64 194 192 224 cost 0.0158150729
64 128 128 194 64 96 cost 0.0152816269
64 128 64 194 320 384 cost 0.0148712891
64 128 128 194 384 728 cost 0.0147660639
64 128 64 128 256 320 cost 0.014661329
64 128 64 128 384 544 cost 0.014212414
64 128 64 128 544 728 cost 0.0139658068
0 148 128 194 0 32 cost 0.013554021
64 128 128 194 224 320 cost 0.0133066359
64 128 64 128 224 256 cost 0.0125044516
64 128 128 194 96 128 cost 0.0101876855
64 128 128 194 128 160 cost 0.0088845968
64 128 128 194 160 192 cost 0.007771132
128 148 64 194 32 64 cost 0.0059072636
128 148 64 194 64 96 cost 0.004788804
128 148 64 194 96 128 cost 0.0036980417
128 148 64 194 128 160 cost 0.0031232399
partitioning time: 20.967582 seconds
