hostname : cph-c53.uncc.edu
bounding: [1053872.965;1068485.726]x[860186.8419;879395.9741]x[3;730]
read 11056 observations
res: 50 50 1 bw: 2500 2500 14
box size: 294 x 386 x 728
nbparts: 64
max states: 21563328
mem: 1.927911758 GB (this is an order of magnitude)
2954158 states processed
solution: 0.171583646 in 64 boxes.
naive: 8.268027147 speedup:48.18656871
sumload:8.858016584 overhead:1.071357946
128 192 192 256 32 64 cost 0.171583646
64 128 64 256 0 32 cost 0.1707458468
128 192 128 192 32 64 cost 0.1693724559
128 294 64 192 0 32 cost 0.1692610502
64 128 192 386 32 64 cost 0.1689058411
192 294 192 256 32 64 cost 0.1678388584
64 128 64 128 32 96 cost 0.1677463295
128 294 192 256 0 32 cost 0.1631484519
128 192 256 386 32 64 cost 0.1608913187
0 64 64 192 0 160 cost 0.1580842719
128 294 64 128 32 96 cost 0.1560628462
128 192 192 256 64 96 cost 0.1525687407
128 256 128 192 288 448 cost 0.1524365453
128 192 192 256 160 224 cost 0.1517160985
64 294 64 128 256 728 cost 0.1515491911
192 256 128 192 64 160 cost 0.1509639124
128 192 256 386 96 160 cost 0.1502818165
64 128 128 386 416 728 cost 0.148599638
192 256 192 256 96 160 cost 0.1484777885
192 294 256 320 32 64 cost 0.1478502941
192 294 192 256 64 96 cost 0.1470769131
192 256 256 320 192 416 cost 0.1470005573
192 256 256 320 96 192 cost 0.1464470567
128 294 64 128 96 256 cost 0.1450914531
128 192 128 192 64 96 cost 0.1442033963
128 192 192 386 512 728 cost 0.1441710243
192 256 192 256 352 728 cost 0.1440197894
192 256 192 256 224 352 cost 0.1439300896
128 256 128 192 448 728 cost 0.1438264624
128 192 256 386 160 256 cost 0.1436005116
64 128 128 192 32 64 cost 0.1432690765
192 294 256 386 416 728 cost 0.1418575467
64 128 128 192 96 160 cost 0.1412917235
256 294 192 256 96 728 cost 0.1409500405
256 294 256 386 64 416 cost 0.140842012
64 128 128 386 224 288 cost 0.1406712641
64 128 64 128 96 256 cost 0.1398737853
192 256 256 386 64 96 cost 0.1396602881
64 128 256 386 64 224 cost 0.1394880065
64 128 128 192 64 96 cost 0.1390783359
192 256 320 386 96 416 cost 0.1387790278
128 192 192 256 288 512 cost 0.1386147315
128 192 128 192 128 192 cost 0.1358602499
64 128 128 256 160 224 cost 0.1350738374
128 192 256 386 256 512 cost 0.1337846158
192 256 128 192 160 288 cost 0.1322229398
128 192 128 192 192 288 cost 0.1307808975
64 128 128 386 288 416 cost 0.1306597575
0 64 64 386 160 728 cost 0.1292531074
0 64 192 386 0 160 cost 0.1286254265
128 192 256 386 64 96 cost 0.1247623875
192 294 256 386 0 32 cost 0.1205044181
64 128 192 256 96 160 cost 0.1198259136
192 256 192 256 160 224 cost 0.1165661854
0 294 0 64 0 728 cost 0.1146798545
64 192 256 386 0 32 cost 0.1082272206
128 192 192 256 224 288 cost 0.1063724656
64 128 192 256 64 96 cost 0.1039203239
192 294 128 192 32 64 cost 0.1018046896
128 192 192 256 96 128 cost 0.1015776473
128 192 192 256 128 160 cost 0.0992682359
128 192 128 192 96 128 cost 0.0932558499
256 294 128 192 64 728 cost 0.0916944749
192 294 320 386 32 64 cost 0.087468051
partitioning time: 518.135603 seconds
