hostname : cph-gpu1.uncc.edu
bounding: [-130;-65]x[20;50]x[5875;5958]
read 588189 observations
res: 0.1 0.1 1 bw: 2.5 2.5 7
box size: 651 x 301 x 84
nbparts: 64
mem: 0.08803367615 GB (this is an order of magnitude)
73117 states processed
solution: 4.373505506 in 34 boxes.
naive: 67.21899211 speedup:15.36959129
sumload:70.31713623 overhead:1.046090309
512 576 192 256 32 64 cost 4.373505506
128 192 0 301 0 84 cost 4.351279553
320 384 128 301 0 84 cost 4.33507713
448 512 64 128 0 84 cost 4.101304025
512 576 0 192 32 84 cost 3.888652155
0 128 0 192 32 64 cost 3.762393328
384 448 192 301 32 84 cost 3.701895774
320 384 0 128 32 84 cost 3.678932867
448 512 192 301 32 84 cost 3.538538148
448 512 128 192 32 64 cost 3.466963885
384 448 128 192 0 84 cost 3.253904781
0 128 192 301 0 84 cost 3.109245958
192 320 128 301 0 84 cost 3.042782416
192 320 0 128 0 84 cost 2.150283778
512 576 192 256 64 84 cost 1.987205372
384 448 0 128 0 84 cost 1.960525152
512 576 192 256 0 32 cost 1.812872842
0 128 0 192 64 84 cost 1.345757495
576 651 192 256 32 64 cost 1.320807147
448 512 128 192 0 32 cost 1.282168888
448 512 128 192 64 84 cost 1.27097368
320 384 0 128 0 32 cost 1.232417995
0 128 0 192 0 32 cost 1.213337285
448 512 192 301 0 32 cost 1.205284951
384 448 192 301 0 32 cost 1.178701365
448 512 0 64 0 84 cost 1.137214361
512 576 0 192 0 32 cost 1.130126344
576 651 192 256 64 84 cost 0.622700506
576 651 192 256 0 32 cost 0.5437703112
576 651 0 192 0 84 cost 0.2119510255
512 576 256 301 0 84 cost 0.0435522928
576 651 256 301 32 64 cost 0.0350416994
576 651 256 301 0 32 cost 0.0144483748
576 651 256 301 64 84 cost 0.0135198402
partitioning time: 1420.898493 seconds
