hostname : cph-c2.uncc.edu
bounding: [1053872.965;1068485.726]x[860186.8419;879395.9741]x[3;730]
read 11056 observations
res: 50 50 1 bw: 100 100 1
box size: 294 x 386 x 728
nbparts: 64
max load allowed: 0.0001661226844
max states: 395135104
mem: 35.32783127 GB (this is an order of magnitude)
1497493 states processed
solution: 0.0001650576 in 63 boxes.
naive: 0.0053159259 speedup:32.20648973
sumload:0.0053548417 overhead:1.007320606
128 192 128 160 0 192 cost 0.0001650576
0 96 160 224 32 160 cost 0.0001648529
128 192 192 224 96 256 cost 0.0001618843
96 128 160 224 0 256 cost 0.000161301
128 192 0 128 0 256 cost 0.0001585824
224 294 288 386 0 192 cost 0.0001573059
96 128 64 128 0 256 cost 0.0001544469
192 224 0 224 0 128 cost 0.0001499917
128 192 160 192 0 96 cost 0.0001482168
0 96 0 160 0 96 cost 0.0001457096
128 192 256 320 0 96 cost 0.0001415664
128 192 256 320 96 288 cost 0.0001413081
128 192 224 256 0 128 cost 0.0001397994
128 192 192 224 0 96 cost 0.0001384124
128 192 160 192 96 256 cost 0.0001328307
224 294 224 256 0 256 cost 0.0001301271
192 224 0 224 128 288 cost 0.0001262351
224 294 0 224 192 448 cost 0.0001251075
192 224 320 386 0 256 cost 0.0001246617
224 294 0 224 0 96 cost 0.0001239389
128 192 224 256 128 288 cost 0.0001206651
192 224 224 288 0 96 cost 0.000119494
96 128 224 386 96 480 cost 0.0001173831
192 224 224 288 96 288 cost 0.0001094015
96 128 128 160 0 192 cost 0.0001000761
128 192 160 192 256 728 cost 9.19122e-05
192 224 288 320 0 224 cost 9.07647e-05
224 294 0 224 96 192 cost 8.74084e-05
224 294 256 288 0 224 cost 8.68401e-05
128 192 128 160 192 728 cost 8.39274e-05
0 96 0 160 96 192 cost 8.08342e-05
96 128 224 386 0 96 cost 7.89141e-05
0 96 160 224 160 728 cost 6.89277e-05
0 96 0 160 192 728 cost 6.8388e-05
128 192 224 256 288 728 cost 6.7128e-05
0 96 224 386 0 96 cost 6.528e-05
128 192 320 386 96 728 cost 6.21021e-05
128 192 192 224 352 728 cost 6.08874e-05
192 224 224 288 288 728 cost 5.98221e-05
128 192 256 320 288 640 cost 5.94795e-05
192 224 0 224 480 728 cost 5.75481e-05
0 96 224 386 96 288 cost 5.73678e-05
128 192 320 386 0 96 cost 5.34387e-05
224 294 288 386 192 352 cost 5.34231e-05
96 128 160 224 256 728 cost 5.28027e-05
192 224 0 224 288 480 cost 5.05035e-05
224 294 288 386 352 728 cost 4.52094e-05
192 224 320 386 256 728 cost 4.44246e-05
224 294 224 256 256 728 cost 4.42392e-05
128 192 192 224 256 352 cost 4.0557e-05
128 192 0 128 256 728 cost 4.00188e-05
224 294 256 288 224 728 cost 3.97839e-05
224 294 0 224 448 728 cost 3.63435e-05
192 224 288 320 224 728 cost 3.39244e-05
96 128 128 160 256 728 cost 2.03031e-05
0 96 224 386 288 728 cost 2.00754e-05
96 128 224 386 480 728 cost 1.95342e-05
96 128 64 128 352 728 cost 1.80453e-05
0 96 160 224 0 32 cost 1.71568e-05
96 128 0 64 0 728 cost 1.24422e-05
96 128 64 128 256 352 cost 1.08426e-05
96 128 128 160 192 256 cost 1.04865e-05
128 192 256 320 640 728 cost 5.3988e-06
partitioning time: 3415.818603 seconds
