hostname : cph-gpu1.uncc.edu
bounding: [1053872.965;1068485.726]x[860186.8419;879395.9741]x[3;730]
read 11056 observations
res: 50 50 1 bw: 100 100 1
box size: 294 x 386 x 728
nbparts: 64
mem: 0.4819736481 GB (this is an order of magnitude)
89309 states processed
solution: 0.0001692874 in 52 boxes.
naive: 0.0053159259 speedup:31.40178123
sumload:0.0054069604 overhead:1.017124862
128 192 128 192 0 64 cost 0.0001692874
0 128 128 192 64 128 cost 0.0001679317
192 256 256 320 64 192 cost 0.0001668215
128 192 192 256 64 128 cost 0.000164992
0 128 192 386 64 128 cost 0.0001617537
192 256 256 320 192 728 cost 0.0001593932
0 128 192 386 0 64 cost 0.0001584585
128 192 128 192 64 128 cost 0.0001569035
128 192 128 192 128 256 cost 0.0001564557
128 192 192 256 0 64 cost 0.0001507139
128 192 192 256 128 192 cost 0.0001484517
192 256 320 386 0 128 cost 0.0001478142
128 192 128 192 256 728 cost 0.0001473927
192 256 0 192 0 192 cost 0.0001446057
192 256 192 256 320 728 cost 0.0001441109
0 128 0 128 128 728 cost 0.0001430858
0 128 128 192 192 728 cost 0.0001403079
128 192 192 256 192 320 cost 0.000140161
192 256 256 320 0 64 cost 0.0001399659
192 256 320 386 128 728 cost 0.0001384659
0 128 128 192 0 64 cost 0.000137501
0 128 192 386 128 256 cost 0.0001350105
0 128 0 128 0 64 cost 0.0001319464
128 192 192 256 320 728 cost 0.0001300778
192 256 192 256 0 64 cost 0.0001300076
128 192 256 386 0 64 cost 0.0001297683
192 256 192 256 64 128 cost 0.0001233928
128 192 0 128 0 128 cost 0.0001157367
128 192 256 386 128 256 cost 0.0001156649
0 128 192 386 256 728 cost 0.0001140855
128 192 256 386 64 128 cost 0.000113701
192 256 192 256 192 320 cost 0.0001121156
128 192 256 386 256 728 cost 0.0001102221
192 256 0 192 192 728 cost 0.0001085913
0 128 0 128 64 128 cost 0.0001048239
128 192 0 128 128 728 cost 8.50845e-05
192 256 192 256 128 192 cost 8.46566e-05
0 128 128 192 128 192 cost 6.62409e-05
256 294 192 256 64 128 cost 5.04432e-05
256 294 0 192 192 728 cost 4.3581e-05
256 294 0 192 64 192 cost 4.31496e-05
256 294 192 256 192 320 cost 3.96573e-05
256 294 192 256 0 64 cost 3.39252e-05
256 294 192 256 320 728 cost 3.37728e-05
256 294 192 256 128 192 cost 2.94966e-05
256 294 0 192 0 64 cost 2.34132e-05
256 294 256 386 64 128 cost 2.9649e-06
256 294 256 386 384 728 cost 2.7471e-06
256 294 256 386 128 192 cost 2.3588e-06
256 294 256 386 0 64 cost 2.2503e-06
256 294 256 386 192 256 cost 1.878e-06
256 294 256 386 256 384 cost 1.6222e-06
partitioning time: 39.287522 seconds
