hostname : cph-c29.uncc.edu
bounding: [1053872.965;1068485.726]x[860186.8419;879395.9741]x[3;730]
read 11056 observations
res: 50 50 1 bw: 100 100 1
box size: 294 x 386 x 728
nbparts: 64
max states: 21563328
mem: 1.927911758 GB (this is an order of magnitude)
2516301 states processed
solution: 0.0001221687 in 64 boxes.
naive: 0.0053159259 speedup:43.51299392
sumload:0.0054711346 overhead:1.029196927
128 192 128 192 32 64 cost 0.0001221687
64 294 64 128 224 728 cost 0.0001170659
64 128 64 256 0 32 cost 0.0001144214
192 294 192 256 32 64 cost 0.0001098305
64 128 128 192 64 96 cost 0.0001085825
64 128 128 192 160 384 cost 0.0001082255
128 192 192 256 32 64 cost 0.0001065938
64 128 192 256 128 384 cost 0.0001061034
64 128 128 386 384 728 cost 0.0001060953
128 294 192 256 0 32 cost 0.0001036521
64 294 64 128 128 224 cost 0.0001034353
64 128 64 128 64 128 cost 0.0001033653
128 192 192 256 64 96 cost 0.0001024527
64 128 192 256 64 128 cost 0.0001022429
192 256 256 386 64 96 cost 0.0001011413
128 192 128 192 64 96 cost 9.94864e-05
192 294 256 320 32 64 cost 9.76376e-05
64 128 256 386 64 384 cost 9.72368e-05
192 256 128 256 64 96 cost 9.72017e-05
64 128 128 192 32 64 cost 9.47309e-05
128 192 256 386 32 64 cost 9.43482e-05
64 128 128 192 96 160 cost 9.35154e-05
0 64 0 386 0 728 cost 9.30141e-05
128 294 64 192 0 32 cost 9.27178e-05
128 294 64 128 32 128 cost 9.1836e-05
64 128 192 386 32 64 cost 9.11727e-05
192 294 128 256 544 728 cost 8.90376e-05
128 192 128 256 544 728 cost 8.7915e-05
128 294 128 320 416 480 cost 8.7897e-05
64 128 64 128 32 64 cost 8.73793e-05
192 294 320 386 96 256 cost 8.73531e-05
192 294 192 256 288 416 cost 8.68334e-05
128 192 256 386 96 160 cost 8.586e-05
128 192 128 256 224 256 cost 8.53317e-05
128 294 128 192 288 416 cost 8.48429e-05
192 256 192 256 128 192 cost 8.46566e-05
128 294 256 386 544 728 cost 8.40693e-05
128 256 128 192 96 128 cost 8.40311e-05
128 294 256 320 288 416 cost 8.30616e-05
128 192 192 256 288 416 cost 8.25142e-05
128 192 192 256 160 192 cost 8.23673e-05
128 294 128 320 480 544 cost 8.12958e-05
192 294 256 386 0 32 cost 8.06343e-05
192 294 256 320 160 256 cost 7.79554e-05
256 294 128 256 96 192 cost 7.76997e-05
192 294 128 256 224 256 cost 7.72575e-05
192 294 128 320 256 288 cost 7.64281e-05
128 192 128 256 192 224 cost 7.59252e-05
192 294 256 320 96 160 cost 7.45404e-05
128 192 256 386 160 256 cost 7.45038e-05
128 256 128 192 128 160 cost 7.26275e-05
128 192 192 256 128 160 cost 7.09444e-05
128 294 320 386 256 544 cost 6.99105e-05
192 294 128 256 192 224 cost 6.92706e-05
128 192 256 386 64 96 cost 6.86301e-05
128 192 128 320 256 288 cost 6.84342e-05
128 192 192 256 96 128 cost 6.62593e-05
192 294 128 192 32 64 cost 6.17084e-05
128 256 128 192 160 192 cost 6.07761e-05
192 294 320 386 32 64 cost 5.78723e-05
192 256 192 256 96 128 cost 5.04804e-05
64 192 256 386 0 32 cost 4.92635e-05
256 294 128 386 64 96 cost 4.7188e-05
64 294 0 64 0 728 cost 2.01048e-05
partitioning time: 430.781616 seconds
