hostname : cph-c14.uncc.edu
bounding: [1053872.965;1068485.726]x[860186.8419;879395.9741]x[3;730]
read 11056 observations
res: 100 100 1 bw: 500 500 7
box size: 148 x 194 x 728
nbparts: 32
max load allowed: 0.005711488453
max states: 596224
mem: 0.05330657959 GB (this is an order of magnitude)
20473 states processed
solution: 0.0053093439 in 16 boxes.
naive: 0.0609225435 speedup:11.47458983
sumload:0.0632459804 overhead:1.038137556
64 128 64 128 160 256 cost 0.0053093439
0 64 64 128 96 728 cost 0.0053042555
64 128 128 194 64 192 cost 0.0050765993
64 128 128 194 192 728 cost 0.0047717121
0 64 64 128 0 96 cost 0.0047068564
64 128 64 128 96 160 cost 0.0044909297
64 128 64 128 32 64 cost 0.0043783762
0 64 0 64 0 728 cost 0.0043739269
64 128 64 128 256 480 cost 0.0042903247
64 128 128 194 0 64 cost 0.0041004771
64 128 64 128 64 96 cost 0.0036769424
128 148 0 194 0 728 cost 0.0036340626
0 64 128 194 0 728 cost 0.0024906386
64 128 64 128 480 728 cost 0.0024828557
64 128 0 64 0 728 cost 0.0022049284
64 128 64 128 0 32 cost 0.0019537509
partitioning time: 50.096061 seconds
