hostname : cph-gpu1.uncc.edu
bounding: [-130;-65]x[20;50]x[5875;5958]
read 588189 observations
res: 0.1 0.1 1 bw: 2.5 2.5 7
box size: 651 x 301 x 84
nbparts: 16
mem: 0.02200841904 GB (this is an order of magnitude)
16461 states processed
solution: 5.752356263 in 16 boxes.
naive: 67.21899211 speedup:11.68547097
sumload:68.4276584 overhead:1.017981024
512 651 192 301 32 64 cost 5.752356263
448 512 128 192 0 84 cost 5.449498905
448 512 0 128 0 84 cost 5.23595486
384 448 0 192 0 84 cost 5.211195009
192 320 0 301 0 84 cost 5.189303051
512 651 0 192 0 84 cost 4.99585905
0 128 0 192 32 84 cost 4.73411968
320 384 0 128 0 84 cost 4.665226746
384 448 192 301 0 84 cost 4.658777235
448 512 192 301 0 84 cost 4.512867524
128 192 0 301 0 84 cost 4.351279553
320 384 128 301 0 84 cost 4.33507713
0 128 192 301 0 84 cost 3.109245958
512 651 192 301 64 84 cost 2.633187542
512 651 192 301 0 32 cost 2.380372611
0 128 0 192 0 32 cost 1.213337285
partitioning time: 224.879991 seconds
