hostname : cph-gpu3.uncc.edu
bounding: [1053872.965;1068485.726]x[860186.8419;879395.9741]x[3;730]
read 11056 observations
res: 50 50 1 bw: 2500 2500 1
box size: 294 x 386 x 728
nbparts: 32
max load allowed: 0.1910921721
max states: 197567552
mem: 17.66391563 GB (this is an order of magnitude)
1690693 states processed
solution: 0.1903822859 in 16 boxes.
naive: 2.038316503 speedup:10.7064399
sumload:2.039061455 overhead:1.000365474
128 224 288 386 0 728 cost 0.1903822859
224 294 160 256 0 728 cost 0.1897465145
128 224 192 224 0 728 cost 0.1893014323
128 224 96 160 0 728 cost 0.1879549017
0 128 128 192 0 480 cost 0.1838640083
128 224 224 256 0 728 cost 0.1666543783
128 224 160 192 0 728 cost 0.1642943285
0 128 192 256 0 480 cost 0.1553467106
224 294 256 386 0 728 cost 0.1538862332
0 128 0 128 0 728 cost 0.1361906599
128 224 256 288 0 728 cost 0.1321538311
0 128 256 386 0 728 cost 0.0919592497
128 224 0 96 0 728 cost 0.0404881559
224 294 0 160 0 728 cost 0.0300775019
0 128 128 192 480 728 cost 0.0144301396
0 128 192 256 480 728 cost 0.0123311234
partitioning time: 3207.608668 seconds
