hostname : cph-gpu1.uncc.edu
bounding: [-130;-65]x[20;50]x[5875;5958]
read 588189 observations
res: 0.1 0.1 1 bw: 1 1 3
box size: 651 x 301 x 84
nbparts: 32
max load allowed: 0.440420268
max states: 7918752
mem: 0.7079916 GB (this is an order of magnitude)
340552 states processed
solution: 0.4369600002 in 29 boxes.
naive: 7.046724289 speedup:16.12670333
sumload:7.106097098 overhead:1.00842559
416 448 160 256 0 84 cost 0.4369600002
288 384 96 128 0 84 cost 0.431415798
448 480 160 301 0 84 cost 0.4291111959
96 128 64 160 0 84 cost 0.4278863933
128 224 0 224 0 84 cost 0.425795657
448 480 0 160 0 84 cost 0.4214396425
544 576 192 224 32 64 cost 0.3738123712
384 416 0 301 0 84 cost 0.3537653394
288 384 128 192 0 84 cost 0.3465712331
480 512 96 192 0 84 cost 0.3323851543
512 544 0 192 0 84 cost 0.3291189926
0 96 0 224 0 84 cost 0.2843630715
512 544 192 301 0 84 cost 0.2766689039
480 512 0 96 0 84 cost 0.2762765963
416 448 0 160 0 84 cost 0.2233668573
0 96 224 301 0 84 cost 0.2162245993
288 384 0 96 0 84 cost 0.2115960088
288 384 192 301 0 84 cost 0.2096146199
576 651 0 301 0 84 cost 0.1968745224
224 288 0 301 0 84 cost 0.1920634391
544 576 192 224 64 84 cost 0.1833326388
480 512 192 301 0 84 cost 0.1803743837
544 576 192 224 0 32 cost 0.1382230476
96 128 160 301 0 84 cost 0.0791554971
544 576 0 192 0 84 cost 0.0423864072
544 576 224 301 0 84 cost 0.0408226944
128 224 224 301 0 84 cost 0.0369723225
416 448 256 301 0 84 cost 0.009508566
96 128 0 64 0 84 cost 1.1145e-05
partitioning time: 6437.605222 seconds
