hostname : cph-c9.uncc.edu
bounding: [1053872.965;1068485.726]x[860186.8419;879395.9741]x[3;730]
read 11056 observations
res: 100 100 1 bw: 500 500 7
box size: 148 x 194 x 728
nbparts: 64
max states: 1192448
mem: 0.1066131592 GB (this is an order of magnitude)
170185 states processed
solution: 0.0043783762 in 64 boxes.
naive: 0.0609225435 speedup:13.91441501
sumload:0.0666683143 overhead:1.09431272
64 128 64 128 32 64 cost 0.0043783762
64 128 64 128 64 96 cost 0.0036769424
0 64 64 194 192 728 cost 0.0035986451
0 148 0 64 96 728 cost 0.0033850984
0 148 0 64 0 96 cost 0.0032892791
0 64 64 194 96 192 cost 0.003235053
0 148 64 128 0 32 cost 0.0030741303
64 128 128 194 32 64 cost 0.0029380209
0 64 64 194 32 64 cost 0.0026016909
64 128 64 128 96 128 cost 0.002454413
0 64 64 194 64 96 cost 0.0024463754
64 128 64 128 160 192 cost 0.0022804848
64 128 64 128 128 160 cost 0.0022532487
64 128 128 194 64 96 cost 0.0019924602
64 128 64 128 224 256 cost 0.0017353687
64 128 64 128 192 224 cost 0.0016600064
0 148 128 194 0 32 cost 0.001645387
64 128 128 194 96 128 cost 0.0013518788
64 128 64 128 256 288 cost 0.0011800089
64 128 128 194 128 160 cost 0.0011509068
64 128 128 194 160 192 cost 0.0009523215
64 128 64 128 288 320 cost 0.0008654228
64 128 128 194 224 256 cost 0.0007867999
64 128 64 128 320 352 cost 0.0007714582
64 128 128 194 256 288 cost 0.0006679316
64 128 128 194 192 224 cost 0.0006202151
64 128 64 128 384 416 cost 0.0006026953
128 148 64 194 32 64 cost 0.0005947955
64 128 64 128 352 384 cost 0.0005801018
128 148 64 194 64 96 cost 0.0005737239
64 128 64 128 576 608 cost 0.0005028107
64 128 64 128 416 448 cost 0.0004805842
128 148 64 194 96 128 cost 0.000460845
64 148 64 128 544 576 cost 0.0004599196
64 128 128 194 288 320 cost 0.0004435198
64 148 64 194 448 480 cost 0.0004377217
64 128 128 194 320 352 cost 0.0004245062
64 148 64 128 512 544 cost 0.0004203929
64 148 64 128 480 512 cost 0.0003847351
128 148 64 194 128 160 cost 0.0003847013
64 128 64 128 608 640 cost 0.0003633905
64 148 64 128 640 672 cost 0.0003545419
64 148 128 194 640 704 cost 0.0003181409
64 148 64 194 704 728 cost 0.0003042543
64 128 128 194 352 384 cost 0.0002830479
64 148 64 128 672 704 cost 0.000279705
64 128 128 194 384 416 cost 0.0002778291
128 148 64 194 224 256 cost 0.0002719256
64 128 128 194 416 448 cost 0.0002645792
128 148 64 194 256 288 cost 0.0002502334
64 148 128 194 544 576 cost 0.0002278241
64 128 128 194 576 608 cost 0.0001988153
128 148 64 194 160 192 cost 0.0001938458
64 148 128 194 512 544 cost 0.0001878491
128 148 64 194 288 320 cost 0.0001858414
64 128 128 194 608 640 cost 0.000171116
128 148 64 194 192 224 cost 0.000168045
64 148 128 194 480 512 cost 0.0001594266
128 148 64 194 320 352 cost 0.0001264081
128 148 64 194 416 448 cost 9.39858e-05
128 148 64 194 352 384 cost 8.49146e-05
128 148 64 194 384 416 cost 7.44143e-05
128 148 64 194 576 608 cost 4.93001e-05
128 148 64 194 608 640 cost 3.59032e-05
partitioning time: 24.857603 seconds
