hostname : cph-gpu3.uncc.edu
bounding: [1053872.965;1068485.726]x[860186.8419;879395.9741]x[3;730]
read 11056 observations
res: 50 50 1 bw: 100 100 1
box size: 294 x 386 x 728
nbparts: 32
mem: 0.9639558792 GB (this is an order of magnitude)
64770 states processed
solution: 0.0002195284 in 32 boxes.
naive: 0.0053159259 speedup:24.21520815
sumload:0.00541246 overhead:1.018159414
0 192 128 192 32 64 cost 0.0002195284
0 192 128 192 160 288 cost 0.0002155091
0 192 0 128 64 160 cost 0.0002146458
0 192 128 192 64 96 cost 0.0002106822
0 192 128 192 288 728 cost 0.0002063926
0 192 128 192 96 160 cost 0.0002025356
0 192 192 256 128 192 cost 0.0002006667
0 192 0 128 0 64 cost 0.0001931134
192 294 0 192 0 160 cost 0.0001901634
0 192 256 386 0 64 cost 0.000188854
0 192 192 256 192 320 cost 0.0001855178
0 192 192 256 32 64 cost 0.0001761865
0 192 192 256 320 728 cost 0.0001757161
192 294 192 256 64 128 cost 0.0001736611
192 294 0 192 160 728 cost 0.0001735866
192 294 256 320 64 192 cost 0.000171912
0 192 0 128 160 728 cost 0.0001693031
0 192 256 386 64 128 cost 0.000169115
0 192 256 386 128 256 cost 0.0001670277
192 294 256 320 192 728 cost 0.0001652008
0 192 192 256 64 96 cost 0.0001647986
0 192 256 386 256 728 cost 0.0001645203
192 294 192 256 0 64 cost 0.0001638056
192 294 192 256 128 224 cost 0.0001587236
192 294 192 256 352 728 cost 0.0001521304
192 294 320 386 0 128 cost 0.0001478142
192 294 256 320 0 64 cost 0.0001421526
192 294 320 386 128 728 cost 0.0001384659
192 294 192 256 224 352 cost 0.0001314219
0 192 192 256 96 128 cost 0.0001105792
0 192 128 192 0 32 cost 8.96505e-05
0 192 192 256 0 32 cost 7.90793e-05
partitioning time: 28.544282 seconds
