hostname : cph-c34.uncc.edu
bounding: [1053872.965;1068485.726]x[860186.8419;879395.9741]x[3;730]
read 11056 observations
res: 50 50 1 bw: 2500 2500 1
box size: 294 x 386 x 728
nbparts: 64
max states: 98783744
mem: 8.831954956 GB (this is an order of magnitude)
19767044 states processed
solution: 0.0950347563 in 31 boxes.
naive: 2.038316503 speedup:21.44811627
sumload:2.039670723 overhead:1.000664382
192 256 224 256 0 704 cost 0.0950347563
192 294 256 288 0 448 cost 0.0937630864
224 256 128 224 0 704 cost 0.0928714522
96 160 224 256 0 728 cost 0.0927251998
128 192 128 160 0 728 cost 0.0924189155
64 224 0 96 0 728 cost 0.0922506219
96 192 96 128 0 728 cost 0.0919956939
0 128 256 386 0 728 cost 0.0919592497
0 128 192 224 0 728 cost 0.0889316176
128 192 160 192 0 256 cost 0.0887762779
128 192 256 288 0 728 cost 0.0855222234
192 224 96 192 0 728 cost 0.0854895945
64 128 128 160 0 728 cost 0.0825231415
224 294 288 386 0 384 cost 0.0822653895
128 224 320 386 0 384 cost 0.0821721074
128 224 288 320 0 384 cost 0.0814209006
64 128 160 192 0 728 cost 0.0810520526
256 294 0 256 0 728 cost 0.0807722379
160 192 192 224 0 728 cost 0.0689380822
128 160 192 224 0 728 cost 0.0625049262
160 192 224 256 0 728 cost 0.0599018619
192 224 192 224 0 728 cost 0.0579957204
0 64 0 192 0 728 cost 0.0574960315
128 294 288 386 384 728 cost 0.0421033648
0 96 224 256 0 728 cost 0.0388228045
128 192 160 192 256 728 cost 0.0295860173
64 96 96 128 0 728 cost 0.0258582198
192 294 256 288 448 728 cost 0.0092453046
224 256 0 128 0 704 cost 0.0040747146
224 256 0 224 704 728 cost 0.0006256163
192 256 224 256 704 728 cost 0.0005735406
partitioning time: 5358.341423 seconds
