hostname : cph-gpu1.uncc.edu
bounding: [1053872.965;1068485.726]x[860186.8419;879395.9741]x[3;730]
read 11056 observations
res: 100 100 1 bw: 2500 2500 1
box size: 148 x 194 x 728
nbparts: 32
mem: 0.9772996902 GB (this is an order of magnitude)
67264 states processed
solution: 0.0199315744 in 32 boxes.
naive: 0.5210794803 speedup:26.14341797
sumload:0.5274581877 overhead:1.012241333
0 64 64 96 64 160 cost 0.0199315744
64 96 0 96 64 128 cost 0.0197901066
64 96 128 194 64 192 cost 0.0196411571
128 148 0 194 0 160 cost 0.0195471249
64 96 0 96 128 256 cost 0.0194180304
96 128 0 96 0 160 cost 0.0190626957
0 64 96 194 64 128 cost 0.0185523823
64 96 96 128 128 256 cost 0.0180466146
0 64 96 194 224 728 cost 0.017933387
96 128 0 96 160 728 cost 0.017659388
0 64 96 194 0 64 cost 0.017639512
0 64 0 64 0 96 cost 0.0176018734
96 128 96 128 0 96 cost 0.0175777008
96 128 96 128 224 728 cost 0.0175086076
64 96 0 96 256 728 cost 0.0174759704
0 64 0 64 96 728 cost 0.0172343977
64 96 128 194 192 728 cost 0.01711611
96 128 128 194 0 64 cost 0.016683689
128 148 0 194 160 728 cost 0.0165508451
0 64 64 96 160 728 cost 0.0165293116
64 96 96 128 256 728 cost 0.0159054323
96 128 96 128 96 224 cost 0.0155659215
64 96 0 96 32 64 cost 0.0152244204
96 128 128 194 256 728 cost 0.014879417
0 64 64 96 0 64 cost 0.0145873139
64 96 96 128 0 64 cost 0.014523079
64 96 96 128 64 128 cost 0.0143610606
64 96 128 194 0 64 cost 0.0138822822
96 128 128 194 128 256 cost 0.0137771731
0 64 96 194 128 224 cost 0.0132835488
96 128 128 194 64 128 cost 0.0130780708
64 96 0 96 0 32 cost 0.0068899895
partitioning time: 68.029010 seconds
