hostname : cph-bm1.uncc.edu
bounding: [1053872.965;1068485.726]x[860186.8419;879395.9741]x[3;730]
read 11056 observations
res: 100 100 1 bw: 250 250 1
box size: 148 x 194 x 728
nbparts: 16
max states: 85344
mem: 0.007630348206 GB (this is an order of magnitude)
10414 states processed
solution: 0.0010610747 in 16 boxes.
naive: 0.0102500115 speedup:9.660028177
sumload:0.0103199524 overhead:1.006823495
64 96 96 128 0 256 cost 0.0010610747
96 148 96 128 0 256 cost 0.0010417924
32 64 96 194 0 728 cost 0.0009442332
32 64 64 96 0 728 cost 0.0009379734
64 96 64 96 0 256 cost 0.0009097124
96 148 128 160 0 728 cost 0.0009021729
64 96 128 194 0 728 cost 0.0008861787
32 64 32 64 0 728 cost 0.0007143687
96 148 64 96 0 728 cost 0.0006977916
96 148 160 194 0 728 cost 0.0005625034
96 148 96 128 256 728 cost 0.0004458479
64 148 32 64 0 728 cost 0.0003623574
64 96 96 128 256 728 cost 0.0003513337
64 96 64 96 256 728 cost 0.0002859073
0 32 0 194 0 728 cost 0.0001765098
32 148 0 32 0 728 cost 4.01949e-05
partitioning time: 1.627227 seconds
