hostname : cph-c14.uncc.edu
bounding: [-130;-65]x[20;50]x[5875;5958]
read 588189 observations
res: 0.01 0.01 1 bw: 0.5 0.5 3
box size: 6501 x 3001 x 84
nbparts: 32
max states: 300128
mem: 0.02683353424 GB (this is an order of magnitude)
370439 states processed
solution: 9.710239339 in 32 boxes.
naive: 162.5264313 speedup:16.73763392
sumload:162.5397854 overhead:1.000082165
1024 1280 1280 1536 0 84 cost 9.710239339
5376 5632 2048 2304 0 84 cost 7.612893395
1024 3584 1024 1280 0 84 cost 7.539744432
3328 4352 1536 2048 0 84 cost 7.442482991
4608 5376 2048 2304 0 84 cost 7.431581606
1024 3584 768 1024 0 84 cost 7.373416642
3328 4352 2048 2304 0 84 cost 7.334892458
768 1024 0 3001 0 84 cost 7.131977843
5376 6501 1792 2048 0 84 cost 7.122600519
5632 6501 2048 2304 0 84 cost 7.115939298
4352 4608 1536 2304 0 84 cost 7.086342367
3328 4608 1280 1536 0 84 cost 7.060974539
5120 5376 1792 2048 0 84 cost 6.919808893
3584 6501 768 1024 0 84 cost 6.632898813
3328 6501 2304 3001 0 84 cost 6.595353143
4608 6501 1536 1792 0 84 cost 6.459560242
1024 6501 512 768 0 84 cost 6.409560353
3584 6501 1024 1280 0 84 cost 6.146187813
2560 3328 1280 3001 0 84 cost 5.882267732
4608 6501 1280 1536 0 84 cost 5.287527467
512 768 0 3001 0 84 cost 5.153542842
4608 5120 1792 2048 0 84 cost 3.853505763
1280 1536 1280 3001 0 84 cost 3.537558888
1792 2048 1280 3001 0 84 cost 2.980822135
2304 2560 1280 3001 0 84 cost 2.319712581
1536 1792 1280 3001 0 84 cost 2.238579841
1024 1280 1536 3001 0 84 cost 1.44038514
2048 2304 1280 3001 0 84 cost 0.4067636476
1024 6501 256 512 0 84 cost 0.3053388567
256 512 0 3001 0 84 cost 0.005494432
1024 6501 0 256 0 84 cost 0.0010453282
0 256 0 3001 0 84 cost 0.0007860529
partitioning time: 2705.196409 seconds
