hostname : cph-c45.uncc.edu
bounding: [-130;-65]x[20;50]x[5875;5958]
read 588189 observations
res: 0.01 0.01 1 bw: 1 1 3
box size: 6501 x 3001 x 84
nbparts: 32
max states: 300128
mem: 0.02683353424 GB (this is an order of magnitude)
738166 states processed
solution: 80.1503368 in 14 boxes.
naive: 643.6159509 speedup:8.030109125
sumload:643.6223087 overhead:1.000009878
4608 5120 0 1792 0 84 cost 80.1503368
1024 2048 512 2304 0 84 cost 79.11067005
2816 3584 0 1792 0 84 cost 78.67211126
5120 6144 1024 2048 0 84 cost 72.72692849
5120 6501 2048 3001 0 84 cost 67.23696698
3584 4608 0 1792 0 84 cost 65.3170751
4352 5120 1792 3001 0 84 cost 65.27151596
2816 4352 1792 3001 0 84 cost 63.99639944
0 1024 512 2304 0 84 cost 29.03221177
0 2048 2304 3001 0 84 cost 24.76321459
2048 2816 0 3001 0 84 cost 17.33657351
5120 6501 0 1024 0 84 cost 0.0045382831
0 2048 0 512 0 84 cost 0.0030779788
6144 6501 1024 2048 0 84 cost 0.0006884621
partitioning time: 5609.706906 seconds
