hostname : cph-c3.uncc.edu
bounding: [1053872.965;1068485.726]x[860186.8419;879395.9741]x[3;730]
read 11056 observations
res: 100 100 1 bw: 250 250 1
box size: 148 x 194 x 728
nbparts: 32
max states: 596224
mem: 0.05330657959 GB (this is an order of magnitude)
389485 states processed
solution: 0.0012388367 in 14 boxes.
naive: 0.0102500115 speedup:8.273900426
sumload:0.0103312285 overhead:1.007923601
0 148 128 194 96 384 cost 0.0012388367
64 128 64 128 32 96 cost 0.0012311342
64 128 64 128 192 480 cost 0.0012120309
0 64 64 128 0 192 cost 0.0011857141
0 148 128 194 0 96 cost 0.0011644654
64 128 64 128 96 192 cost 0.0010727261
0 128 0 64 0 288 cost 0.0009585159
0 128 0 128 480 728 cost 0.0006073727
128 148 0 128 0 728 cost 0.0005666934
0 148 128 194 384 704 cost 0.0003475128
0 64 64 128 192 480 cost 0.0003317129
64 128 64 128 0 32 cost 0.0003089594
0 128 0 64 288 480 cost 8.28636e-05
0 148 128 194 704 728 cost 2.26904e-05
partitioning time: 66.067585 seconds
