hostname : cph-bm1.uncc.edu
bounding: [1053872.965;1068485.726]x[860186.8419;879395.9741]x[3;730]
read 11056 observations
res: 100 100 1 bw: 500 500 7
box size: 148 x 194 x 728
nbparts: 16
max states: 1366272
mem: 0.1221542358 GB (this is an order of magnitude)
117041 states processed
solution: 0.0043035943 in 16 boxes.
naive: 0.0609225435 speedup:14.15620043
sumload:0.0619717049 overhead:1.017221234
96 128 128 194 0 128 cost 0.0043035943
0 96 96 128 192 728 cost 0.0042772485
64 128 64 128 128 192 cost 0.0042724335
0 64 64 96 0 192 cost 0.0042373747
96 128 64 128 192 728 cost 0.0041823373
96 128 64 128 0 128 cost 0.004144383
96 128 128 194 128 728 cost 0.0041085505
0 96 64 96 192 728 cost 0.0041083943
0 96 128 194 0 128 cost 0.0040700562
0 148 0 64 0 128 cost 0.0040338814
0 96 128 194 128 728 cost 0.0037913898
64 96 64 96 0 128 cost 0.0036767367
128 148 64 194 0 728 cost 0.0036340626
64 96 96 128 0 128 cost 0.0036134542
0 64 96 128 0 192 cost 0.0029103118
0 148 0 64 128 728 cost 0.0026074961
partitioning time: 18.465881 seconds
