hostname : cph-c14.uncc.edu
bounding: [1053872.965;1068485.726]x[860186.8419;879395.9741]x[3;730]
read 11056 observations
res: 50 50 1 bw: 100 100 1
box size: 294 x 386 x 728
nbparts: 64
max states: 5390784
mem: 0.4819736481 GB (this is an order of magnitude)
1544519 states processed
solution: 0.0002487804 in 39 boxes.
naive: 0.0053159259 speedup:21.36794498
sumload:0.0053651858 overhead:1.009266476
192 256 192 256 0 128 cost 0.0002487804
64 128 192 256 0 192 cost 0.0002479642
128 192 128 192 64 192 cost 0.0002436979
128 192 192 320 0 64 cost 0.000243323
192 294 256 320 0 128 cost 0.0002432395
128 192 192 256 128 256 cost 0.0002365709
0 128 128 256 192 728 cost 0.0002307664
0 128 128 192 64 192 cost 0.0002305726
128 192 256 320 64 448 cost 0.0002274333
192 294 320 386 0 256 cost 0.0002063019
128 192 128 192 192 640 cost 0.0002003626
192 256 192 256 128 320 cost 0.0001949122
192 256 128 256 320 704 cost 0.0001883591
0 128 256 386 0 320 cost 0.0001870734
0 128 64 128 64 256 cost 0.0001837784
256 294 128 256 0 192 cost 0.0001783734
192 294 256 320 128 384 cost 0.0001719098
128 192 128 192 0 64 cost 0.0001692874
128 192 192 256 64 128 cost 0.000164992
128 294 64 128 0 256 cost 0.0001535715
192 256 128 192 0 192 cost 0.0001446057
0 128 128 192 0 64 cost 0.000137501
0 128 64 128 0 64 cost 0.0001261756
128 192 192 256 256 448 cost 0.0001182226
256 294 128 256 192 704 cost 0.0001142412
128 192 192 386 448 728 cost 0.000102492
128 192 320 386 0 192 cost 8.09295e-05
192 294 256 386 512 704 cost 5.89857e-05
192 256 128 192 192 320 cost 5.80365e-05
0 294 64 128 256 448 cost 4.99707e-05
192 294 256 386 384 512 cost 4.78428e-05
0 294 0 128 448 728 cost 4.24791e-05
0 128 256 386 320 728 cost 3.17577e-05
192 294 320 386 256 384 cost 2.6808e-05
128 192 320 386 192 448 cost 2.11302e-05
0 294 0 64 0 448 cost 1.9143e-05
192 294 128 386 704 728 cost 1.36998e-05
128 192 128 192 640 728 cost 1.26714e-05
0 64 192 256 0 192 cost 7.2234e-06
partitioning time: 336.451365 seconds
