hostname : cph-c71.uncc.edu
bounding: [1053872.965;1068485.726]x[860186.8419;879395.9741]x[3;730]
read 11056 observations
res: 100 100 1 bw: 500 500 7
box size: 148 x 194 x 728
nbparts: 2048
solution: 0.0001252031 in 2052 boxes.
naive: 0.0609225435 speedup:486.589737
sumload:0.0703974141 overhead:1.155523228
101 111 109 121 136 182 cost 0.0001252031
83 92 84 97 0 45 cost 0.0001251928
64 74 97 109 91 136 cost 0.0001250112
37 55 121 145 182 273 cost 0.0001248039
46 55 72 84 91 136 cost 0.0001247926
55 64 60 72 0 45 cost 0.000124718
46 55 48 60 136 182 cost 0.0001246509
92 101 72 84 91 136 cost 0.0001242821
74 83 109 121 136 182 cost 0.000124155
111 120 169 181 0 45 cost 0.0001239965
101 111 109 121 91 136 cost 0.0001237719
111 120 133 145 45 91 cost 0.0001223063
55 74 72 97 455 546 cost 0.0001211602
92 101 97 109 136 182 cost 0.0001206987
129 138 109 121 45 91 cost 0.000120609
74 83 48 60 45 91 cost 0.0001200294
101 111 84 97 227 273 cost 0.0001200285
83 92 121 133 136 182 cost 0.0001191054
101 111 84 97 182 227 cost 0.0001188672
37 46 36 48 45 91 cost 0.0001182622
55 64 84 97 91 136 cost 0.0001175295
129 148 97 121 364 455 cost 0.000117505
74 83 84 97 0 45 cost 0.0001171253
120 129 109 121 45 91 cost 0.0001170176
101 111 97 109 45 91 cost 0.0001164897
64 74 109 121 0 45 cost 0.0001159825
55 74 48 72 273 364 cost 0.0001159004
37 46 60 72 136 182 cost 0.0001153983
83 92 72 84 91 136 cost 0.0001151184
92 101 72 84 136 182 cost 0.0001147502
27 37 133 145 45 91 cost 0.0001138021
64 74 109 121 182 227 cost 0.0001126467
46 55 97 109 0 45 cost 0.0001119445
83 92 97 109 0 45 cost 0.0001116952
92 111 48 72 0 91 cost 0.0001108958
92 111 121 145 364 455 cost 0.0001107711
101 111 145 157 0 45 cost 0.0001103357
74 92 48 72 273 364 cost 0.0001102074
74 92 72 97 455 546 cost 0.0001099606
92 101 97 109 91 136 cost 0.0001095948
111 120 145 157 0 45 cost 0.0001092517
83 92 84 97 91 136 cost 0.0001091629
74 83 84 97 136 182 cost 0.0001088145
111 129 72 97 273 364 cost 0.0001085091
111 120 133 145 0 45 cost 0.0001083587
55 64 72 84 91 136 cost 0.0001083163
74 83 133 145 45 91 cost 0.0001082826
37 55 48 72 364 455 cost 0.0001082451
92 101 157 169 45 91 cost 0.0001080673
83 92 109 121 91 136 cost 0.0001078215
74 83 60 72 45 91 cost 0.0001075744
92 101 121 133 91 136 cost 0.0001075681
37 55 48 72 546 637 cost 0.0001069231
83 92 157 169 45 91 cost 0.0001068865
18 37 97 121 91 182 cost 0.0001068426
111 120 121 133 91 136 cost 0.0001064784
101 111 109 121 182 227 cost 0.0001063238
74 92 97 121 637 728 cost 0.000106246
92 101 109 121 182 227 cost 0.0001062206
55 64 109 121 136 182 cost 0.0001060261
111 129 145 169 364 455 cost 0.0001050429
74 83 97 109 227 273 cost 0.0001043856
138 148 84 97 45 91 cost 0.0001042813
27 37 84 97 91 136 cost 0.0001040569
83 92 133 145 45 91 cost 0.0001037682
64 74 84 97 227 273 cost 0.0001026917
74 83 109 121 0 45 cost 0.0001026367
83 92 97 109 227 273 cost 0.000102315
27 37 97 109 45 91 cost 0.0001023009
64 74 60 72 0 45 cost 0.0001021898
55 74 121 145 546 637 cost 0.0001021762
111 120 121 133 136 182 cost 0.0001014583
55 64 109 121 0 45 cost 0.0001012919
37 55 48 72 455 546 cost 0.0001011933
92 101 84 97 136 182 cost 0.0001009813
101 111 84 97 0 45 cost 0.000100539
55 74 121 145 455 546 cost 0.0001004931
37 46 84 97 0 45 cost 0.0001004324
111 129 97 121 546 637 cost 0.0001003891
55 74 145 169 91 182 cost 0.0001001536
111 120 157 169 45 91 cost 0.0001000724
101 111 97 109 136 182 cost 9.93826e-05
46 55 72 84 0 45 cost 9.87523e-05
64 74 121 133 182 227 cost 9.87006e-05
92 111 121 145 546 637 cost 9.84745e-05
101 111 97 109 227 273 cost 9.81792e-05
46 55 84 97 91 136 cost 9.73535e-05
83 92 121 133 91 136 cost 9.71474e-05
64 74 72 84 227 273 cost 9.69624e-05
83 92 121 133 0 45 cost 9.69046e-05
74 83 109 121 91 136 cost 9.67783e-05
46 55 84 97 0 45 cost 9.62541e-05
111 120 181 194 45 91 cost 9.5409e-05
74 83 72 84 91 136 cost 9.49373e-05
64 74 121 133 227 273 cost 9.43878e-05
111 120 157 169 0 45 cost 9.42202e-05
92 101 145 157 0 45 cost 9.39582e-05
37 46 36 48 0 45 cost 9.39225e-05
55 64 72 84 0 45 cost 9.3844e-05
74 83 97 109 182 227 cost 9.32955e-05
37 46 72 84 91 136 cost 9.32064e-05
55 74 97 121 546 637 cost 9.29173e-05
64 74 109 121 91 136 cost 9.24955e-05
64 74 133 145 91 136 cost 9.23361e-05
55 64 84 97 136 182 cost 9.18521e-05
92 101 72 84 182 227 cost 9.18109e-05
46 55 97 109 91 136 cost 9.17073e-05
120 129 145 157 0 45 cost 9.15172e-05
55 64 60 72 91 136 cost 9.12965e-05
83 92 60 72 45 91 cost 9.05179e-05
74 92 97 121 455 546 cost 9.02891e-05
111 120 109 121 91 136 cost 8.97589e-05
111 129 97 121 455 546 cost 8.96863e-05
101 111 97 109 0 45 cost 8.92632e-05
92 111 145 169 637 728 cost 8.92067e-05
92 101 109 121 227 273 cost 8.90972e-05
64 74 109 121 227 273 cost 8.88617e-05
74 92 24 48 91 182 cost 8.87581e-05
101 111 109 121 227 273 cost 8.86222e-05
92 111 72 97 637 728 cost 8.83502e-05
111 120 169 181 91 136 cost 8.80247e-05
92 101 84 97 182 227 cost 8.79094e-05
83 92 109 121 182 227 cost 8.78521e-05
83 92 84 97 182 227 cost 8.78243e-05
74 92 145 169 273 364 cost 8.77298e-05
111 129 145 169 546 637 cost 8.75495e-05
83 92 145 157 0 45 cost 8.72419e-05
92 111 121 145 637 728 cost 8.72146e-05
74 92 121 145 364 455 cost 8.68983e-05
46 55 36 48 91 136 cost 8.68526e-05
120 129 133 145 136 182 cost 8.68475e-05
92 101 97 109 227 273 cost 8.6739e-05
120 129 157 169 45 91 cost 8.67265e-05
138 148 97 109 91 136 cost 8.66326e-05
129 138 84 97 91 136 cost 8.65964e-05
55 74 97 121 637 728 cost 8.6533e-05
129 138 109 121 91 136 cost 8.64798e-05
55 64 36 48 45 91 cost 8.64171e-05
55 64 109 121 91 136 cost 8.61067e-05
92 111 145 169 364 455 cost 8.57505e-05
92 101 121 133 136 182 cost 8.54977e-05
37 55 24 48 182 273 cost 8.54146e-05
55 64 121 133 227 273 cost 8.5071e-05
83 92 109 121 0 45 cost 8.49512e-05
111 120 145 157 91 136 cost 8.46639e-05
37 46 48 60 136 182 cost 8.46187e-05
120 129 97 109 0 45 cost 8.45956e-05
101 111 133 145 45 91 cost 8.43487e-05
138 148 109 121 136 182 cost 8.33199e-05
101 111 72 84 45 91 cost 8.32921e-05
92 101 133 145 45 91 cost 8.3126e-05
55 64 121 133 182 227 cost 8.30823e-05
37 55 97 121 273 364 cost 8.26152e-05
92 101 97 109 182 227 cost 8.21177e-05
120 129 133 145 0 45 cost 8.20764e-05
92 101 72 84 227 273 cost 8.2031e-05
74 83 72 84 182 227 cost 8.16034e-05
64 74 133 145 0 45 cost 8.13686e-05
111 120 133 145 136 182 cost 8.11776e-05
111 129 169 194 273 364 cost 8.11573e-05
138 148 109 121 91 136 cost 8.10233e-05
74 83 48 60 136 182 cost 8.10034e-05
83 92 72 84 227 273 cost 8.08557e-05
27 37 121 133 45 91 cost 8.07399e-05
74 92 169 194 91 182 cost 8.0593e-05
74 83 121 133 91 136 cost 8.03157e-05
120 129 109 121 91 136 cost 8.0245e-05
101 111 72 84 91 136 cost 8.02126e-05
55 64 97 109 0 45 cost 8.01814e-05
74 83 48 60 0 45 cost 8.00268e-05
83 92 157 169 0 45 cost 7.95136e-05
74 83 121 133 182 227 cost 7.93725e-05
101 111 121 133 182 227 cost 7.92605e-05
55 74 169 194 0 91 cost 7.91564e-05
111 120 109 121 0 45 cost 7.91144e-05
101 111 181 194 45 91 cost 7.90242e-05
37 55 72 97 364 455 cost 7.89996e-05
18 37 121 145 273 364 cost 7.87901e-05
74 83 72 84 136 182 cost 7.8466e-05
92 101 84 97 227 273 cost 7.81982e-05
120 129 145 157 91 136 cost 7.78477e-05
101 111 97 109 91 136 cost 7.76279e-05
46 55 121 133 45 91 cost 7.72835e-05
129 138 109 121 136 182 cost 7.72596e-05
120 129 133 145 91 136 cost 7.70373e-05
74 83 157 169 45 91 cost 7.69096e-05
27 37 133 145 0 45 cost 7.68815e-05
129 138 97 109 91 136 cost 7.6677e-05
101 111 157 169 91 136 cost 7.64762e-05
74 92 121 145 546 637 cost 7.63267e-05
37 55 72 97 546 637 cost 7.62332e-05
37 46 84 97 136 182 cost 7.60913e-05
74 83 121 133 0 45 cost 7.54859e-05
64 74 133 145 227 273 cost 7.54112e-05
83 92 157 169 91 136 cost 7.52578e-05
101 111 97 109 182 227 cost 7.52117e-05
55 74 72 97 637 728 cost 7.51135e-05
129 138 97 109 0 45 cost 7.49105e-05
92 101 145 157 91 136 cost 7.44232e-05
74 92 145 169 364 455 cost 7.4139e-05
83 92 109 121 227 273 cost 7.40856e-05
55 64 72 84 136 182 cost 7.39522e-05
74 83 60 72 91 136 cost 7.38827e-05
27 37 133 145 91 136 cost 7.33372e-05
111 120 121 133 182 227 cost 7.3331e-05
74 83 145 157 45 91 cost 7.31522e-05
37 46 72 84 0 45 cost 7.30845e-05
74 83 109 121 182 227 cost 7.27759e-05
41 46 60 66 22 45 cost 7.27375e-05
55 64 84 97 227 273 cost 7.22318e-05
55 64 48 60 91 136 cost 7.21857e-05
101 111 84 97 273 318 cost 7.19251e-05
101 111 169 181 91 136 cost 7.10265e-05
111 120 109 121 136 182 cost 7.10005e-05
111 120 97 109 45 91 cost 7.09895e-05
111 120 145 157 227 273 cost 7.09681e-05
83 92 48 60 45 91 cost 7.09395e-05
46 55 109 121 45 91 cost 7.08989e-05
92 111 169 194 546 637 cost 7.05331e-05
111 129 145 169 455 546 cost 7.04228e-05
37 46 36 48 91 136 cost 7.04007e-05
111 120 97 109 136 182 cost 6.99674e-05
64 74 60 72 91 136 cost 6.97883e-05
92 111 121 145 455 546 cost 6.95751e-05
120 129 145 157 227 273 cost 6.95735e-05
92 101 84 97 273 318 cost 6.92949e-05
120 129 97 109 91 136 cost 6.89879e-05
138 148 109 121 45 91 cost 6.89466e-05
64 74 84 97 273 318 cost 6.86925e-05
74 83 109 121 227 273 cost 6.86857e-05
74 92 72 97 637 728 cost 6.83201e-05
0 37 48 97 546 728 cost 6.82711e-05
37 46 121 133 45 91 cost 6.81334e-05
64 74 72 84 136 182 cost 6.79874e-05
74 83 84 97 182 227 cost 6.79168e-05
129 138 72 84 45 91 cost 6.76358e-05
41 46 60 66 45 68 cost 6.74388e-05
0 18 121 145 0 91 cost 6.74388e-05
37 74 0 48 546 728 cost 6.733e-05
55 64 133 145 45 91 cost 6.70276e-05
92 101 157 169 91 136 cost 6.6882e-05
92 111 169 194 455 546 cost 6.68068e-05
27 37 84 97 0 45 cost 6.66795e-05
55 64 97 109 91 136 cost 6.6666e-05
120 129 121 133 45 91 cost 6.65006e-05
92 101 169 181 45 91 cost 6.64914e-05
101 111 133 145 0 45 cost 6.64758e-05
101 111 72 84 0 45 cost 6.64564e-05
83 92 97 109 273 318 cost 6.64e-05
101 111 145 157 91 136 cost 6.63128e-05
101 111 157 169 227 273 cost 6.60502e-05
92 101 157 169 0 45 cost 6.5969e-05
74 92 48 72 364 455 cost 6.58579e-05
46 55 48 60 182 227 cost 6.58215e-05
37 55 97 121 364 455 cost 6.55118e-05
37 46 97 109 136 182 cost 6.5461e-05
74 83 84 97 227 273 cost 6.51341e-05
64 74 48 60 91 136 cost 6.51164e-05
74 83 169 181 45 91 cost 6.49974e-05
55 74 145 169 182 273 cost 6.49068e-05
101 111 157 169 182 227 cost 6.48731e-05
111 129 121 145 546 637 cost 6.47988e-05
92 111 145 169 546 637 cost 6.46623e-05
55 74 97 121 455 546 cost 6.45927e-05
101 111 72 84 136 182 cost 6.45373e-05
41 46 66 72 22 45 cost 6.44291e-05
92 101 133 145 0 45 cost 6.4125e-05
111 129 145 169 637 728 cost 6.3574e-05
92 101 145 157 136 182 cost 6.33169e-05
74 83 36 48 45 91 cost 6.31655e-05
138 148 84 97 91 136 cost 6.30246e-05
50 55 60 66 45 68 cost 6.30168e-05
46 50 42 48 22 45 cost 6.30092e-05
64 74 97 109 182 227 cost 6.29596e-05
74 92 121 145 455 546 cost 6.2892e-05
111 120 109 121 182 227 cost 6.2759e-05
74 83 97 109 318 364 cost 6.25242e-05
101 111 145 157 136 182 cost 6.21688e-05
92 111 169 194 364 455 cost 6.20997e-05
92 101 109 121 273 318 cost 6.20003e-05
74 83 72 84 227 273 cost 6.18908e-05
92 101 121 133 227 273 cost 6.18243e-05
129 138 109 121 0 45 cost 6.18074e-05
83 92 145 157 91 136 cost 6.1694e-05
83 92 97 109 364 409 cost 6.15925e-05
46 55 48 60 227 273 cost 6.14683e-05
92 111 145 169 455 546 cost 6.12993e-05
111 120 181 194 0 45 cost 6.12385e-05
111 129 72 97 364 455 cost 6.11528e-05
55 74 0 24 0 91 cost 6.1068e-05
18 37 72 97 182 273 cost 6.09386e-05
111 120 145 157 136 182 cost 6.08621e-05
83 92 133 145 0 45 cost 6.08212e-05
120 129 109 121 136 182 cost 6.0789e-05
111 120 157 169 91 136 cost 6.07316e-05
74 83 121 133 227 273 cost 6.07174e-05
46 55 60 72 227 273 cost 6.05592e-05
83 92 48 60 91 136 cost 6.04123e-05
55 64 133 145 0 45 cost 6.02781e-05
18 37 72 97 273 364 cost 6.02632e-05
46 50 60 66 45 68 cost 6.02079e-05
92 101 97 109 500 546 cost 6.01896e-05
111 120 84 97 182 227 cost 6.01454e-05
41 46 97 103 68 91 cost 5.99222e-05
129 148 97 121 546 637 cost 5.98435e-05
74 83 60 72 0 45 cost 5.96529e-05
37 55 97 121 546 637 cost 5.92255e-05
37 74 0 48 364 546 cost 5.9144e-05
83 92 133 145 136 182 cost 5.90783e-05
74 83 97 109 273 318 cost 5.88811e-05
46 50 60 66 22 45 cost 5.88377e-05
111 120 97 109 227 273 cost 5.87268e-05
37 55 48 72 637 728 cost 5.85895e-05
129 138 84 97 227 273 cost 5.8508e-05
92 111 169 194 637 728 cost 5.83939e-05
41 46 66 72 45 68 cost 5.83662e-05
46 55 121 133 0 45 cost 5.83636e-05
101 111 157 169 136 182 cost 5.83251e-05
64 74 97 109 227 273 cost 5.81531e-05
46 55 109 121 0 45 cost 5.80594e-05
55 64 72 84 227 273 cost 5.80519e-05
111 129 97 121 637 728 cost 5.80328e-05
64 69 90 97 45 68 cost 5.7876e-05
101 111 181 194 0 45 cost 5.78387e-05
64 74 84 97 182 227 cost 5.76374e-05
111 120 84 97 136 182 cost 5.75762e-05
32 37 90 97 68 91 cost 5.75361e-05
129 138 109 121 227 273 cost 5.73831e-05
55 74 48 72 364 455 cost 5.72372e-05
111 120 84 97 91 136 cost 5.71242e-05
111 120 97 109 182 227 cost 5.70471e-05
46 50 48 54 22 45 cost 5.69318e-05
46 55 72 84 136 182 cost 5.69075e-05
46 55 36 48 136 182 cost 5.68996e-05
55 74 169 194 91 182 cost 5.67976e-05
74 92 48 72 546 637 cost 5.6731e-05
55 64 48 60 136 182 cost 5.66335e-05
111 120 84 97 227 273 cost 5.63719e-05
120 129 145 157 136 182 cost 5.6321e-05
55 64 121 133 273 318 cost 5.62099e-05
55 64 97 109 136 182 cost 5.61968e-05
37 55 121 145 364 455 cost 5.61527e-05
129 138 97 109 136 182 cost 5.60755e-05
92 111 169 194 273 364 cost 5.604e-05
83 92 133 145 91 136 cost 5.5909e-05
50 55 60 66 22 45 cost 5.57113e-05
129 148 97 121 455 546 cost 5.57019e-05
101 111 169 181 136 182 cost 5.56908e-05
37 41 97 103 68 91 cost 5.56886e-05
120 129 97 109 227 273 cost 5.54946e-05
83 92 60 72 0 45 cost 5.54455e-05
74 92 48 72 455 546 cost 5.52536e-05
37 41 90 97 68 91 cost 5.52462e-05
64 74 133 145 136 182 cost 5.52061e-05
129 148 121 145 91 182 cost 5.52037e-05
64 69 84 90 68 91 cost 5.50681e-05
129 138 84 97 0 45 cost 5.50163e-05
101 111 145 157 227 273 cost 5.49592e-05
74 83 157 169 0 45 cost 5.47794e-05
120 129 121 133 0 45 cost 5.47599e-05
101 111 121 133 273 318 cost 5.4635e-05
46 55 60 72 182 227 cost 5.44217e-05
92 101 97 109 273 318 cost 5.42868e-05
83 92 84 97 227 273 cost 5.4253e-05
111 129 169 194 364 455 cost 5.39011e-05
111 120 97 109 91 136 cost 5.38681e-05
55 64 60 72 136 182 cost 5.37198e-05
18 27 133 145 45 91 cost 5.3711e-05
74 83 60 72 136 182 cost 5.36334e-05
46 50 66 72 22 45 cost 5.3562e-05
64 74 145 157 45 91 cost 5.33887e-05
64 69 78 84 68 91 cost 5.33516e-05
111 120 133 145 91 136 cost 5.33191e-05
50 55 60 66 68 91 cost 5.32321e-05
101 111 97 109 409 455 cost 5.30508e-05
111 129 169 194 455 546 cost 5.30246e-05
64 69 84 90 45 68 cost 5.30168e-05
87 92 78 84 45 68 cost 5.2999e-05
138 148 97 109 0 45 cost 5.28734e-05
92 101 121 133 182 227 cost 5.28478e-05
37 55 121 145 273 364 cost 5.27466e-05
55 74 121 145 637 728 cost 5.27326e-05
129 138 84 97 136 182 cost 5.27313e-05
111 129 169 194 546 637 cost 5.27233e-05
129 138 97 109 227 273 cost 5.27162e-05
111 120 157 169 136 182 cost 5.26762e-05
74 83 157 169 91 136 cost 5.26236e-05
74 83 133 145 0 45 cost 5.26227e-05
46 50 66 72 45 68 cost 5.25347e-05
74 83 133 145 136 182 cost 5.253e-05
41 46 48 54 22 45 cost 5.23062e-05
55 74 48 72 455 546 cost 5.21817e-05
50 55 66 72 68 91 cost 5.21349e-05
74 111 0 48 182 364 cost 5.20769e-05
138 148 97 109 136 182 cost 5.20642e-05
46 50 60 66 68 91 cost 5.20513e-05
101 111 97 109 500 546 cost 5.20336e-05
55 64 133 145 91 136 cost 5.20189e-05
37 46 48 60 182 227 cost 5.16625e-05
41 46 60 66 68 91 cost 5.16096e-05
120 129 121 133 91 136 cost 5.1588e-05
92 101 121 133 273 318 cost 5.14975e-05
96 101 115 121 45 68 cost 5.14908e-05
74 83 145 157 0 45 cost 5.13747e-05
74 83 133 145 91 136 cost 5.13119e-05
59 64 121 127 22 45 cost 5.13028e-05
46 50 48 54 45 68 cost 5.12602e-05
74 92 121 145 637 728 cost 5.11479e-05
46 50 42 48 45 68 cost 5.09494e-05
64 74 72 84 273 318 cost 5.09066e-05
37 46 133 145 45 91 cost 5.08401e-05
111 120 181 194 91 136 cost 5.08037e-05
59 64 127 133 22 45 cost 5.04634e-05
41 46 97 103 45 68 cost 5.0463e-05
37 46 60 72 182 227 cost 5.04036e-05
83 92 121 133 227 273 cost 5.02854e-05
37 46 84 97 182 227 cost 5.02771e-05
120 129 84 97 45 91 cost 5.01671e-05
18 27 133 145 0 45 cost 5.01476e-05
55 64 109 121 182 227 cost 5.01332e-05
96 101 90 97 45 68 cost 5.01286e-05
46 50 66 72 68 91 cost 4.99998e-05
83 92 145 157 136 182 cost 4.99668e-05
69 74 90 97 45 68 cost 4.98589e-05
64 74 36 48 0 45 cost 4.98373e-05
101 111 97 109 546 591 cost 4.97559e-05
55 64 24 36 45 91 cost 4.95557e-05
101 106 127 133 22 45 cost 4.95353e-05
46 55 72 84 227 273 cost 4.9473e-05
129 148 121 145 0 91 cost 4.93946e-05
92 101 97 109 364 409 cost 4.93369e-05
41 46 48 54 45 68 cost 4.92412e-05
92 101 109 121 318 364 cost 4.92355e-05
83 92 157 169 136 182 cost 4.92025e-05
83 92 109 121 273 318 cost 4.89734e-05
27 37 121 133 0 45 cost 4.89557e-05
120 129 157 169 0 45 cost 4.87322e-05
41 46 60 66 91 113 cost 4.86759e-05
101 111 169 181 227 273 cost 4.86405e-05
92 101 121 133 318 364 cost 4.86256e-05
41 46 97 103 91 113 cost 4.85567e-05
120 129 109 121 0 45 cost 4.85164e-05
59 64 121 127 45 68 cost 4.84916e-05
37 46 36 48 136 182 cost 4.84663e-05
87 92 84 90 45 68 cost 4.84028e-05
74 83 109 121 273 318 cost 4.82218e-05
106 111 127 133 45 68 cost 4.82094e-05
106 111 175 181 22 45 cost 4.80666e-05
87 92 72 78 45 68 cost 4.8049e-05
111 129 121 145 455 546 cost 4.80203e-05
83 92 133 145 227 273 cost 4.80115e-05
64 69 78 84 45 68 cost 4.79935e-05
55 74 24 48 182 273 cost 4.79847e-05
50 55 48 54 22 45 cost 4.78625e-05
101 111 121 133 318 364 cost 4.77451e-05
111 129 169 194 637 728 cost 4.7744e-05
59 64 127 133 45 68 cost 4.77373e-05
111 120 84 97 45 91 cost 4.77346e-05
74 92 145 169 546 637 cost 4.77184e-05
55 64 84 97 182 227 cost 4.74974e-05
59 64 78 84 68 91 cost 4.72422e-05
50 55 66 72 45 68 cost 4.72366e-05
78 83 103 109 68 91 cost 4.71893e-05
120 129 133 145 227 273 cost 4.71453e-05
37 74 145 194 546 728 cost 4.71297e-05
101 111 97 109 364 409 cost 4.70393e-05
83 92 121 133 182 227 cost 4.68927e-05
0 18 121 145 91 182 cost 4.67832e-05
101 111 121 133 227 273 cost 4.67722e-05
92 101 97 109 318 364 cost 4.67576e-05
101 111 97 109 591 637 cost 4.66492e-05
59 64 78 84 45 68 cost 4.65106e-05
129 148 72 97 364 455 cost 4.64564e-05
120 129 97 109 136 182 cost 4.6442e-05
74 83 36 48 0 45 cost 4.63638e-05
111 120 169 181 136 182 cost 4.62973e-05
92 96 90 97 45 68 cost 4.61955e-05
41 46 90 97 68 91 cost 4.61832e-05
101 111 145 157 182 227 cost 4.61758e-05
111 120 121 133 273 318 cost 4.61494e-05
96 101 115 121 68 91 cost 4.61387e-05
41 46 60 66 113 136 cost 4.61357e-05
83 92 97 109 318 364 cost 4.61323e-05
27 37 84 97 136 182 cost 4.60941e-05
64 69 72 78 68 91 cost 4.60394e-05
138 148 84 97 0 45 cost 4.59681e-05
37 46 60 72 227 273 cost 4.59496e-05
83 92 84 97 273 318 cost 4.57569e-05
83 92 121 133 273 318 cost 4.57394e-05
92 101 169 181 0 45 cost 4.56874e-05
74 83 169 181 0 45 cost 4.56103e-05
64 74 157 169 45 91 cost 4.55973e-05
138 148 109 121 0 45 cost 4.55955e-05
64 74 121 133 318 364 cost 4.55493e-05
92 101 133 145 91 136 cost 4.5495e-05
129 138 72 84 91 136 cost 4.54114e-05
64 69 90 97 22 45 cost 4.53861e-05
55 64 36 48 0 45 cost 4.53473e-05
111 120 121 133 227 273 cost 4.51725e-05
83 87 78 84 45 68 cost 4.51483e-05
138 148 97 109 273 318 cost 4.50458e-05
101 111 109 121 318 364 cost 4.49988e-05
27 37 133 145 182 227 cost 4.49601e-05
129 138 72 84 227 273 cost 4.49478e-05
41 46 90 97 45 68 cost 4.49106e-05
46 55 84 97 136 182 cost 4.4886e-05
120 129 157 169 91 136 cost 4.48676e-05
64 69 127 133 45 68 cost 4.48136e-05
106 111 127 133 22 45 cost 4.48021e-05
78 83 78 84 45 68 cost 4.47843e-05
64 74 133 145 182 227 cost 4.47403e-05
37 46 84 97 273 318 cost 4.47043e-05
111 129 121 145 637 728 cost 4.46974e-05
41 46 66 72 68 91 cost 4.46126e-05
69 74 78 84 68 91 cost 4.45285e-05
83 92 72 84 273 318 cost 4.44424e-05
69 74 90 97 68 91 cost 4.43398e-05
64 69 72 78 45 68 cost 4.43196e-05
37 46 48 60 227 273 cost 4.4303e-05
69 74 84 90 68 91 cost 4.42602e-05
83 92 169 181 45 91 cost 4.42059e-05
46 55 121 133 91 136 cost 4.40532e-05
83 87 72 78 45 68 cost 4.40328e-05
138 148 84 97 227 273 cost 4.39363e-05
78 83 72 78 45 68 cost 4.39249e-05
101 111 97 109 318 364 cost 4.39044e-05
74 83 145 157 136 182 cost 4.38833e-05
120 129 97 109 182 227 cost 4.37793e-05
27 37 121 133 91 136 cost 4.36642e-05
87 92 109 115 45 68 cost 4.36512e-05
96 101 84 90 45 68 cost 4.35764e-05
87 92 90 97 45 68 cost 4.35725e-05
64 69 127 133 22 45 cost 4.34687e-05
101 106 121 127 45 68 cost 4.34176e-05
37 46 97 109 182 227 cost 4.33942e-05
87 92 103 109 45 68 cost 4.33845e-05
101 111 169 181 182 227 cost 4.32983e-05
78 83 90 97 45 68 cost 4.3246e-05
59 64 84 90 45 68 cost 4.31704e-05
37 55 72 97 637 728 cost 4.315e-05
87 92 109 115 159 182 cost 4.31473e-05
101 106 115 121 45 68 cost 4.3127e-05
101 111 97 109 273 318 cost 4.31157e-05
96 101 109 115 68 91 cost 4.30741e-05
55 64 133 145 227 273 cost 4.30158e-05
101 106 121 127 22 45 cost 4.30021e-05
83 92 169 181 0 45 cost 4.27704e-05
46 50 48 54 68 91 cost 4.27686e-05
55 64 72 84 182 227 cost 4.2714e-05
87 92 103 109 159 182 cost 4.26222e-05
69 74 72 78 68 91 cost 4.26005e-05
59 64 84 90 68 91 cost 4.2575e-05
64 74 121 133 273 318 cost 4.25145e-05
74 83 97 109 364 409 cost 4.24825e-05
64 74 36 48 45 91 cost 4.24732e-05
129 138 97 109 273 318 cost 4.24569e-05
0 37 97 145 364 546 cost 4.24243e-05
101 111 72 84 227 273 cost 4.23169e-05
96 101 109 115 45 68 cost 4.22996e-05
106 111 121 127 45 68 cost 4.22424e-05
46 55 97 109 136 182 cost 4.21972e-05
64 74 84 97 546 591 cost 4.21589e-05
50 55 66 72 22 45 cost 4.21296e-05
37 55 72 97 455 546 cost 4.20523e-05
64 69 90 97 68 91 cost 4.20517e-05
111 120 84 97 0 45 cost 4.20397e-05
92 101 133 145 136 182 cost 4.20345e-05
78 83 84 90 45 68 cost 4.19901e-05
96 101 121 127 45 68 cost 4.18788e-05
111 120 109 121 227 273 cost 4.18395e-05
50 55 42 48 22 45 cost 4.18197e-05
138 148 109 121 273 318 cost 4.17571e-05
37 41 97 103 91 113 cost 4.15452e-05
64 74 48 60 136 182 cost 4.14894e-05
37 74 145 194 364 546 cost 4.1431e-05
111 120 169 181 227 273 cost 4.13874e-05
41 46 48 54 68 91 cost 4.12059e-05
37 41 90 97 45 68 cost 4.11967e-05
27 37 97 109 0 45 cost 4.11886e-05
92 96 115 121 45 68 cost 4.11244e-05
41 46 78 84 68 91 cost 4.11005e-05
83 92 60 72 91 136 cost 4.10804e-05
101 106 127 133 45 68 cost 4.10605e-05
64 69 54 60 45 68 cost 4.10374e-05
69 74 84 90 45 68 cost 4.10297e-05
92 111 48 72 91 182 cost 4.09976e-05
101 111 72 84 182 227 cost 4.09354e-05
106 111 121 127 22 45 cost 4.09113e-05
87 92 78 84 22 45 cost 4.06431e-05
74 92 169 194 273 364 cost 4.06078e-05
92 101 84 97 500 546 cost 4.05903e-05
59 64 90 97 45 68 cost 4.0511e-05
74 83 84 97 273 318 cost 4.04786e-05
129 148 72 97 637 728 cost 4.04745e-05
59 64 121 127 136 159 cost 4.04604e-05
87 92 109 115 68 91 cost 4.03935e-05
92 101 145 157 182 227 cost 4.0322e-05
46 55 109 121 91 136 cost 4.02692e-05
74 92 169 194 182 273 cost 4.02144e-05
101 106 157 163 22 45 cost 4.01905e-05
92 96 115 121 68 91 cost 4.01118e-05
64 69 97 103 45 68 cost 4.00607e-05
83 92 109 121 318 364 cost 4.00551e-05
59 64 54 60 45 68 cost 3.99883e-05
101 111 84 97 318 364 cost 3.99559e-05
106 111 157 163 22 45 cost 3.99262e-05
37 55 97 121 637 728 cost 3.98831e-05
41 46 90 97 91 113 cost 3.98621e-05
106 111 169 175 22 45 cost 3.97347e-05
106 111 175 181 45 68 cost 3.9673e-05
41 46 97 103 22 45 cost 3.96683e-05
138 148 97 109 227 273 cost 3.96466e-05
111 120 169 181 182 227 cost 3.95578e-05
106 111 157 163 45 68 cost 3.95566e-05
87 92 72 78 22 45 cost 3.95369e-05
37 46 84 97 227 273 cost 3.95358e-05
92 101 157 169 136 182 cost 3.9459e-05
92 96 109 115 68 91 cost 3.94523e-05
78 83 97 103 68 91 cost 3.94302e-05
120 129 133 145 182 227 cost 3.93936e-05
37 41 90 97 91 113 cost 3.93761e-05
64 74 84 97 318 364 cost 3.92891e-05
92 101 84 97 318 364 cost 3.9286e-05
55 59 60 66 45 68 cost 3.92759e-05
96 101 84 90 22 45 cost 3.92277e-05
101 106 109 115 45 68 cost 3.90731e-05
59 64 54 60 22 45 cost 3.90668e-05
92 101 97 109 591 637 cost 3.89468e-05
69 74 72 78 45 68 cost 3.88846e-05
96 101 78 84 22 45 cost 3.88251e-05
74 83 121 133 273 318 cost 3.88248e-05
92 101 84 97 546 591 cost 3.87562e-05
83 92 60 72 136 182 cost 3.86937e-05
59 64 66 72 68 91 cost 3.85958e-05
129 138 109 121 273 318 cost 3.85617e-05
55 64 133 145 273 318 cost 3.85556e-05
78 83 103 109 45 68 cost 3.85277e-05
87 92 115 121 68 91 cost 3.8485e-05
50 55 54 60 45 68 cost 3.83585e-05
129 138 97 109 182 227 cost 3.83475e-05
55 64 109 121 227 273 cost 3.83094e-05
50 55 54 60 22 45 cost 3.82913e-05
59 64 72 78 68 91 cost 3.82872e-05
50 55 48 54 45 68 cost 3.81495e-05
96 101 90 97 22 45 cost 3.80921e-05
83 87 84 90 45 68 cost 3.8079e-05
32 37 90 97 45 68 cost 3.79402e-05
18 37 97 121 182 273 cost 3.79276e-05
64 69 54 60 22 45 cost 3.79154e-05
106 111 163 169 22 45 cost 3.78997e-05
120 129 109 121 227 273 cost 3.78644e-05
55 74 145 169 273 364 cost 3.78573e-05
0 37 97 145 546 728 cost 3.78038e-05
74 78 103 109 68 91 cost 3.77902e-05
111 120 97 109 273 318 cost 3.7737e-05
37 46 133 145 91 136 cost 3.76512e-05
64 74 97 109 273 318 cost 3.74693e-05
64 69 84 90 22 45 cost 3.74558e-05
64 69 121 127 45 68 cost 3.74215e-05
96 101 109 115 22 45 cost 3.7348e-05
0 37 48 97 364 546 cost 3.72809e-05
74 83 145 157 91 136 cost 3.72776e-05
46 55 72 84 182 227 cost 3.72659e-05
46 55 121 133 136 182 cost 3.72461e-05
111 120 133 145 227 273 cost 3.72131e-05
74 83 72 84 273 318 cost 3.72122e-05
92 96 109 115 159 182 cost 3.71897e-05
55 64 121 133 318 364 cost 3.71703e-05
69 74 78 84 45 68 cost 3.71691e-05
92 96 109 115 45 68 cost 3.70698e-05
59 64 72 78 45 68 cost 3.69023e-05
18 27 133 145 91 136 cost 3.68913e-05
55 59 54 60 45 68 cost 3.68436e-05
101 111 109 121 273 318 cost 3.68424e-05
92 96 84 90 45 68 cost 3.67514e-05
55 74 48 72 546 637 cost 3.67328e-05
69 74 90 97 22 45 cost 3.66975e-05
138 148 109 121 227 273 cost 3.66962e-05
55 74 0 24 273 364 cost 3.66915e-05
129 148 72 97 546 637 cost 3.64836e-05
83 92 48 60 0 45 cost 3.64477e-05
83 87 90 97 45 68 cost 3.64446e-05
46 50 78 84 68 91 cost 3.64409e-05
64 74 72 84 182 227 cost 3.63496e-05
101 106 127 133 68 91 cost 3.63342e-05
111 120 133 145 182 227 cost 3.63078e-05
106 111 115 121 45 68 cost 3.62948e-05
18 37 48 72 0 91 cost 3.62898e-05
101 106 157 163 45 68 cost 3.62586e-05
111 120 121 133 318 364 cost 3.61334e-05
83 92 145 157 227 273 cost 3.61014e-05
87 92 97 103 45 68 cost 3.60091e-05
59 64 90 97 22 45 cost 3.6009e-05
64 74 133 145 273 318 cost 3.5986e-05
83 92 72 84 591 637 cost 3.59693e-05
78 83 90 97 68 91 cost 3.59691e-05
78 83 109 115 45 68 cost 3.59097e-05
120 129 121 133 136 182 cost 3.59077e-05
55 64 97 109 227 273 cost 3.58883e-05
27 37 133 145 136 182 cost 3.58253e-05
115 120 151 157 45 68 cost 3.58093e-05
64 69 66 72 68 91 cost 3.57945e-05
64 69 97 103 22 45 cost 3.57866e-05
55 64 84 97 364 409 cost 3.57736e-05
96 101 72 78 22 45 cost 3.57224e-05
46 55 109 121 136 182 cost 3.56408e-05
59 64 127 133 113 136 cost 3.56338e-05
37 46 72 84 136 182 cost 3.55533e-05
106 111 121 127 68 91 cost 3.55388e-05
92 101 145 157 227 273 cost 3.5534e-05
92 96 97 103 45 68 cost 3.55097e-05
83 92 133 145 182 227 cost 3.54809e-05
64 69 72 78 22 45 cost 3.53005e-05
69 74 97 103 22 45 cost 3.5262e-05
87 92 115 121 159 182 cost 3.52265e-05
69 74 97 103 45 68 cost 3.52138e-05
55 64 60 72 227 273 cost 3.51921e-05
46 50 48 54 91 113 cost 3.51293e-05
37 46 121 133 91 136 cost 3.51202e-05
120 129 84 97 227 273 cost 3.51091e-05
74 83 133 145 227 273 cost 3.50834e-05
96 101 97 103 45 68 cost 3.50796e-05
101 106 121 127 68 91 cost 3.50508e-05
46 55 84 97 227 273 cost 3.5016e-05
120 129 97 109 364 409 cost 3.49755e-05
46 50 60 66 91 113 cost 3.49351e-05
96 101 121 127 68 91 cost 3.4919e-05
111 120 145 157 182 227 cost 3.48764e-05
92 101 97 109 409 455 cost 3.48737e-05
64 69 66 72 45 68 cost 3.4865e-05
41 46 84 90 68 91 cost 3.48424e-05
111 120 145 157 273 318 cost 3.47622e-05
96 101 127 133 22 45 cost 3.47541e-05
129 148 145 169 0 91 cost 3.47351e-05
59 64 115 121 45 68 cost 3.47114e-05
106 111 109 115 45 68 cost 3.4683e-05
18 37 48 72 91 182 cost 3.46443e-05
111 120 157 169 227 273 cost 3.45826e-05
92 101 97 109 546 591 cost 3.45211e-05
92 96 121 127 45 68 cost 3.45177e-05
64 69 115 121 45 68 cost 3.44987e-05
46 50 42 48 68 91 cost 3.4442e-05
78 83 109 115 68 91 cost 3.44179e-05
106 111 115 121 22 45 cost 3.43962e-05
111 120 181 194 136 182 cost 3.43777e-05
92 101 169 181 91 136 cost 3.43655e-05
41 46 78 84 45 68 cost 3.43271e-05
101 106 84 90 113 136 cost 3.42955e-05
50 55 78 84 68 91 cost 3.42913e-05
106 111 127 133 68 91 cost 3.42818e-05
74 78 90 97 45 68 cost 3.42664e-05
46 55 60 72 318 364 cost 3.42446e-05
111 120 97 109 0 45 cost 3.41993e-05
101 106 115 121 22 45 cost 3.41359e-05
101 106 84 90 45 68 cost 3.41041e-05
69 74 103 109 22 45 cost 3.40924e-05
37 46 121 133 0 45 cost 3.40219e-05
74 83 84 97 318 364 cost 3.39447e-05
41 46 66 72 91 113 cost 3.39274e-05
92 101 169 181 136 182 cost 3.3865e-05
101 111 157 169 273 318 cost 3.37815e-05
59 64 66 72 45 68 cost 3.37152e-05
37 55 121 145 455 546 cost 3.35951e-05
96 101 78 84 45 68 cost 3.3576e-05
87 92 151 157 45 68 cost 3.3567e-05
83 87 72 78 22 45 cost 3.35439e-05
74 92 48 72 637 728 cost 3.33995e-05
92 111 48 72 182 273 cost 3.3399e-05
87 92 121 127 68 91 cost 3.33757e-05
69 74 84 90 22 45 cost 3.33722e-05
83 87 103 109 45 68 cost 3.33224e-05
92 96 78 84 22 45 cost 3.32709e-05
64 69 121 127 22 45 cost 3.32675e-05
87 92 115 121 45 68 cost 3.31609e-05
101 106 109 115 22 45 cost 3.30294e-05
46 55 48 60 273 318 cost 3.29974e-05
64 69 127 133 113 136 cost 3.29949e-05
120 129 121 133 182 227 cost 3.29925e-05
87 92 121 127 45 68 cost 3.29418e-05
101 106 163 169 22 45 cost 3.294e-05
83 92 72 84 318 364 cost 3.29395e-05
74 78 90 97 68 91 cost 3.2902e-05
41 46 66 72 113 136 cost 3.28901e-05
92 96 103 109 45 68 cost 3.28631e-05
92 101 133 145 227 273 cost 3.28581e-05
55 59 127 133 22 45 cost 3.28448e-05
74 83 60 72 182 227 cost 3.28108e-05
55 64 84 97 273 318 cost 3.27741e-05
41 46 72 78 45 68 cost 3.27352e-05
55 59 121 127 22 45 cost 3.26932e-05
64 74 60 72 227 273 cost 3.26536e-05
55 74 24 48 273 364 cost 3.2644e-05
92 96 78 84 45 68 cost 3.26245e-05
101 111 84 97 364 409 cost 3.26085e-05
64 74 84 97 591 637 cost 3.2593e-05
64 74 157 169 0 45 cost 3.25821e-05
55 64 48 60 182 227 cost 3.25757e-05
59 64 60 66 45 68 cost 3.25349e-05
74 78 72 78 45 68 cost 3.25083e-05
78 83 84 90 68 91 cost 3.25064e-05
111 120 133 145 273 318 cost 3.24994e-05
78 83 97 103 45 68 cost 3.24496e-05
74 111 0 48 546 728 cost 3.24458e-05
96 101 103 109 22 45 cost 3.24439e-05
64 74 109 121 364 409 cost 3.24302e-05
46 50 97 103 45 68 cost 3.24223e-05
83 92 84 97 364 409 cost 3.24164e-05
96 101 121 127 22 45 cost 3.23789e-05
69 74 78 84 91 113 cost 3.23737e-05
120 129 109 121 182 227 cost 3.22577e-05
37 41 97 103 45 68 cost 3.21629e-05
37 46 133 145 0 45 cost 3.21324e-05
74 78 97 103 68 91 cost 3.20566e-05
69 74 127 133 45 68 cost 3.20216e-05
55 64 48 60 227 273 cost 3.1971e-05
59 64 121 127 159 182 cost 3.19599e-05
96 101 97 103 22 45 cost 3.19535e-05
92 101 109 121 364 409 cost 3.19125e-05
50 55 42 48 45 68 cost 3.19059e-05
59 64 97 103 45 68 cost 3.1876e-05
101 111 133 145 91 136 cost 3.18204e-05
55 59 54 60 22 45 cost 3.17776e-05
111 115 175 181 45 68 cost 3.17634e-05
74 83 133 145 182 227 cost 3.17589e-05
18 37 97 121 273 364 cost 3.17318e-05
96 101 90 97 68 91 cost 3.17203e-05
120 129 157 169 136 182 cost 3.16206e-05
50 55 97 103 45 68 cost 3.15928e-05
55 64 133 145 136 182 cost 3.15757e-05
69 74 109 115 45 68 cost 3.15665e-05
59 64 121 127 68 91 cost 3.15579e-05
101 106 151 157 45 68 cost 3.15126e-05
64 74 60 72 136 182 cost 3.14751e-05
87 92 78 84 159 182 cost 3.14566e-05
87 92 103 109 136 159 cost 3.14484e-05
64 69 84 90 113 136 cost 3.14096e-05
41 46 54 60 22 45 cost 3.13718e-05
106 111 151 157 45 68 cost 3.13031e-05
50 55 72 78 68 91 cost 3.12901e-05
74 83 48 60 227 273 cost 3.12272e-05
96 101 109 115 159 182 cost 3.12132e-05
101 106 169 175 22 45 cost 3.11823e-05
46 50 48 54 113 136 cost 3.11762e-05
111 120 97 109 409 455 cost 3.11112e-05
83 92 145 157 182 227 cost 3.10699e-05
120 129 84 97 0 45 cost 3.10372e-05
120 129 145 157 182 227 cost 3.09578e-05
129 148 97 121 637 728 cost 3.0957e-05
64 74 109 121 318 364 cost 3.09178e-05
111 115 121 127 45 68 cost 3.09147e-05
41 46 48 54 91 113 cost 3.08712e-05
59 64 127 133 68 91 cost 3.0861e-05
78 83 97 103 136 159 cost 3.08156e-05
69 74 54 60 45 68 cost 3.08044e-05
111 120 133 145 318 364 cost 3.08019e-05
92 96 72 78 22 45 cost 3.07652e-05
59 64 127 133 136 159 cost 3.07626e-05
69 74 72 78 22 45 cost 3.07263e-05
64 69 133 139 45 68 cost 3.07159e-05
111 129 72 97 637 728 cost 3.07046e-05
74 92 145 169 455 546 cost 3.07016e-05
96 101 115 121 91 113 cost 3.06763e-05
96 101 97 103 68 91 cost 3.06289e-05
101 111 109 121 409 455 cost 3.06133e-05
92 96 72 78 45 68 cost 3.06079e-05
101 106 115 121 68 91 cost 3.06059e-05
78 83 54 60 91 113 cost 3.05936e-05
87 92 97 103 159 182 cost 3.05823e-05
92 96 121 127 68 91 cost 3.05145e-05
111 129 72 97 546 637 cost 3.04355e-05
74 83 109 121 318 364 cost 3.04026e-05
46 50 60 66 113 136 cost 3.03748e-05
96 101 115 121 22 45 cost 3.03608e-05
92 101 72 84 273 318 cost 3.02911e-05
83 87 97 103 45 68 cost 3.02516e-05
92 96 90 97 22 45 cost 3.02413e-05
59 64 115 121 68 91 cost 3.02285e-05
69 74 84 90 91 113 cost 3.01906e-05
46 50 72 78 45 68 cost 3.01856e-05
133 138 90 97 45 68 cost 3.01576e-05
69 74 103 109 68 91 cost 3.01287e-05
96 101 84 90 113 136 cost 3.01258e-05
69 74 115 121 45 68 cost 3.0124e-05
101 111 181 194 91 136 cost 3.01098e-05
64 69 121 127 68 91 cost 3.00624e-05
124 129 103 109 45 68 cost 2.99722e-05
59 64 90 97 68 91 cost 2.99473e-05
96 101 115 121 159 182 cost 2.99321e-05
101 111 109 121 364 409 cost 2.98899e-05
55 64 133 145 182 227 cost 2.98007e-05
83 92 133 145 273 318 cost 2.97692e-05
96 101 103 109 45 68 cost 2.97658e-05
55 64 84 97 546 591 cost 2.9738e-05
59 64 127 133 91 113 cost 2.97155e-05
78 83 72 78 22 45 cost 2.96985e-05
83 87 109 115 45 68 cost 2.96898e-05
78 83 97 103 159 182 cost 2.96844e-05
92 96 115 121 159 182 cost 2.96521e-05
83 92 84 97 546 591 cost 2.96487e-05
64 69 109 115 45 68 cost 2.96085e-05
92 101 157 169 227 273 cost 2.96018e-05
64 69 127 133 91 113 cost 2.95972e-05
129 138 72 84 0 45 cost 2.95633e-05
64 69 127 133 68 91 cost 2.95531e-05
115 120 121 127 45 68 cost 2.95511e-05
101 111 133 145 136 182 cost 2.95406e-05
64 74 48 60 182 227 cost 2.95329e-05
83 92 121 133 318 364 cost 2.95196e-05
87 92 84 90 68 91 cost 2.94995e-05
0 37 145 194 0 182 cost 2.94945e-05
64 74 60 72 182 227 cost 2.94841e-05
41 46 54 60 91 113 cost 2.94793e-05
46 50 72 78 68 91 cost 2.94547e-05
87 92 103 109 91 113 cost 2.94054e-05
55 59 121 127 45 68 cost 2.93452e-05
46 50 78 84 45 68 cost 2.93401e-05
101 106 175 181 22 45 cost 2.93311e-05
111 120 157 169 182 227 cost 2.92609e-05
111 115 127 133 45 68 cost 2.92541e-05
78 83 121 127 159 182 cost 2.92303e-05
96 101 72 78 45 68 cost 2.91951e-05
92 96 84 90 22 45 cost 2.91248e-05
101 106 157 163 68 91 cost 2.91245e-05
41 46 103 109 68 91 cost 2.90694e-05
46 50 54 60 22 45 cost 2.90653e-05
46 50 54 60 45 68 cost 2.90532e-05
41 46 48 54 113 136 cost 2.90497e-05
46 55 60 72 273 318 cost 2.90412e-05
64 69 78 84 22 45 cost 2.89827e-05
41 46 54 60 45 68 cost 2.89742e-05
69 74 121 127 45 68 cost 2.89399e-05
83 87 97 103 159 182 cost 2.89216e-05
101 111 181 194 136 182 cost 2.89022e-05
87 92 103 109 68 91 cost 2.88581e-05
74 78 84 90 68 91 cost 2.88306e-05
69 74 127 133 22 45 cost 2.88201e-05
55 64 36 48 91 136 cost 2.88087e-05
69 74 78 84 22 45 cost 2.87495e-05
120 124 151 157 45 68 cost 2.87474e-05
55 59 60 66 68 91 cost 2.87072e-05
74 78 84 90 45 68 cost 2.85857e-05
96 101 109 115 91 113 cost 2.85807e-05
129 148 145 169 91 182 cost 2.85712e-05
92 101 109 121 591 637 cost 2.85561e-05
41 46 84 90 45 68 cost 2.85544e-05
96 101 151 157 45 68 cost 2.85314e-05
64 69 115 121 68 91 cost 2.85188e-05
83 87 78 84 22 45 cost 2.84984e-05
120 129 84 97 91 136 cost 2.84627e-05
96 101 151 157 68 91 cost 2.84175e-05
59 64 84 90 22 45 cost 2.8393e-05
64 69 60 66 45 68 cost 2.83815e-05
64 74 72 84 364 409 cost 2.83798e-05
50 55 72 78 45 68 cost 2.83704e-05
64 69 78 84 91 113 cost 2.83346e-05
129 138 84 97 273 318 cost 2.82867e-05
59 64 121 127 113 136 cost 2.82513e-05
74 78 78 84 68 91 cost 2.82488e-05
74 78 78 84 45 68 cost 2.82273e-05
64 69 84 90 91 113 cost 2.81479e-05
69 74 103 109 45 68 cost 2.80907e-05
50 55 60 66 91 113 cost 2.80771e-05
55 64 121 133 364 409 cost 2.80607e-05
37 41 60 66 22 45 cost 2.80565e-05
101 106 90 97 45 68 cost 2.80557e-05
106 111 109 115 22 45 cost 2.79931e-05
78 83 78 84 22 45 cost 2.79734e-05
59 64 127 133 159 182 cost 2.79659e-05
41 46 72 78 68 91 cost 2.79654e-05
46 50 66 72 91 113 cost 2.79257e-05
50 55 78 84 45 68 cost 2.78892e-05
129 138 72 84 273 318 cost 2.78314e-05
129 138 109 121 318 364 cost 2.78191e-05
78 83 90 97 91 113 cost 2.77834e-05
96 101 103 109 68 91 cost 2.77635e-05
55 64 121 133 409 455 cost 2.77618e-05
87 92 127 133 45 68 cost 2.77542e-05
50 55 48 54 68 91 cost 2.77351e-05
55 64 84 97 409 455 cost 2.76583e-05
129 138 97 109 318 364 cost 2.76115e-05
50 55 48 54 91 113 cost 2.76081e-05
83 87 115 121 159 182 cost 2.75756e-05
55 59 66 72 68 91 cost 2.75718e-05
83 92 109 121 364 409 cost 2.75553e-05
69 74 97 103 68 91 cost 2.75541e-05
74 83 157 169 136 182 cost 2.75084e-05
138 148 109 121 182 227 cost 2.74735e-05
115 120 145 151 45 68 cost 2.74608e-05
133 138 84 90 45 68 cost 2.74123e-05
115 120 151 157 68 91 cost 2.73986e-05
111 120 109 121 409 455 cost 2.73864e-05
96 101 145 151 45 68 cost 2.73617e-05
138 148 84 97 273 318 cost 2.73368e-05
55 64 72 84 273 318 cost 2.73207e-05
83 92 97 109 409 455 cost 2.73118e-05
138 148 97 109 182 227 cost 2.72923e-05
87 92 72 78 159 182 cost 2.72917e-05
78 83 103 109 22 45 cost 2.72384e-05
87 92 109 115 136 159 cost 2.72378e-05
46 50 54 60 68 91 cost 2.72061e-05
27 32 90 97 68 91 cost 2.7131e-05
115 120 127 133 45 68 cost 2.70534e-05
59 64 60 66 68 91 cost 2.70386e-05
83 87 103 109 159 182 cost 2.70057e-05
92 96 121 127 22 45 cost 2.6973e-05
96 101 127 133 68 91 cost 2.69212e-05
87 92 78 84 68 91 cost 2.69148e-05
55 59 78 84 45 68 cost 2.68716e-05
87 92 90 97 68 91 cost 2.68477e-05
129 138 84 97 182 227 cost 2.68469e-05
101 106 151 157 68 91 cost 2.68464e-05
69 74 90 97 91 113 cost 2.68388e-05
41 46 54 60 68 91 cost 2.68181e-05
64 69 90 97 113 136 cost 2.68128e-05
92 96 109 115 91 113 cost 2.67933e-05
92 96 97 103 22 45 cost 2.67917e-05
37 46 84 97 318 364 cost 2.67801e-05
129 138 72 84 182 227 cost 2.67594e-05
133 138 84 90 68 91 cost 2.67299e-05
27 37 133 145 227 273 cost 2.67274e-05
64 69 121 127 113 136 cost 2.67016e-05
78 83 97 103 113 136 cost 2.67006e-05
59 64 121 127 91 113 cost 2.66782e-05
106 111 115 121 68 91 cost 2.66604e-05
64 74 145 157 0 45 cost 2.66593e-05
64 74 97 109 318 364 cost 2.66578e-05
111 120 145 157 318 364 cost 2.66546e-05
101 111 84 97 591 637 cost 2.66445e-05
92 101 84 97 364 409 cost 2.66237e-05
92 96 103 109 68 91 cost 2.66039e-05
37 46 60 72 273 318 cost 2.65912e-05
92 96 127 133 22 45 cost 2.65492e-05
0 18 121 145 182 273 cost 2.65453e-05
78 83 103 109 91 113 cost 2.65328e-05
64 74 121 133 364 409 cost 2.65137e-05
69 74 109 115 68 91 cost 2.64949e-05
115 120 175 181 45 68 cost 2.64917e-05
92 96 103 109 22 45 cost 2.64526e-05
129 138 109 121 182 227 cost 2.63783e-05
74 83 121 133 318 364 cost 2.63493e-05
120 129 97 109 273 318 cost 2.63377e-05
41 46 97 103 113 136 cost 2.6336e-05
74 78 97 103 45 68 cost 2.62761e-05
120 129 133 145 318 364 cost 2.62657e-05
106 111 169 175 45 68 cost 2.62586e-05
92 96 109 115 22 45 cost 2.62308e-05
111 115 121 127 68 91 cost 2.61899e-05
64 69 121 127 136 159 cost 2.6149e-05
111 120 97 109 364 409 cost 2.61458e-05
78 83 127 133 159 182 cost 2.61029e-05
64 69 103 109 45 68 cost 2.60903e-05
64 74 48 60 227 273 cost 2.60874e-05
87 92 103 109 182 204 cost 2.6054e-05
37 46 97 109 227 273 cost 2.59686e-05
37 55 24 48 273 364 cost 2.59544e-05
106 111 121 127 91 113 cost 2.59429e-05
83 87 151 157 45 68 cost 2.59361e-05
55 64 97 109 182 227 cost 2.59323e-05
41 46 54 60 113 136 cost 2.5923e-05
87 92 72 78 68 91 cost 2.59152e-05
50 55 54 60 68 91 cost 2.57717e-05
50 55 103 109 45 68 cost 2.57612e-05
83 87 109 115 159 182 cost 2.572e-05
111 115 121 127 22 45 cost 2.57052e-05
87 92 145 151 45 68 cost 2.57021e-05
138 143 103 109 68 91 cost 2.56875e-05
37 41 60 66 45 68 cost 2.56789e-05
111 115 151 157 45 68 cost 2.56712e-05
92 101 72 84 500 546 cost 2.56492e-05
64 74 109 121 409 455 cost 2.56443e-05
74 78 109 115 68 91 cost 2.56253e-05
120 129 157 169 227 273 cost 2.56054e-05
27 37 121 133 182 227 cost 2.55789e-05
138 148 109 121 318 364 cost 2.55667e-05
120 129 145 157 273 318 cost 2.55654e-05
101 106 175 181 45 68 cost 2.55589e-05
69 74 90 97 113 136 cost 2.55267e-05
78 83 103 109 159 182 cost 2.54874e-05
69 74 133 139 45 68 cost 2.54627e-05
74 78 103 109 45 68 cost 2.5448e-05
55 64 72 84 409 455 cost 2.54394e-05
111 120 133 145 364 409 cost 2.54071e-05
69 74 121 127 68 91 cost 2.53496e-05
64 69 90 97 91 113 cost 2.53483e-05
74 83 48 60 182 227 cost 2.53457e-05
87 92 78 84 182 204 cost 2.53349e-05
96 101 145 151 68 91 cost 2.53299e-05
120 129 133 145 364 409 cost 2.53284e-05
120 124 139 145 45 68 cost 2.53162e-05
46 50 97 103 68 91 cost 2.52901e-05
92 96 90 97 68 91 cost 2.52822e-05
74 78 103 109 22 45 cost 2.52636e-05
83 87 103 109 68 91 cost 2.52631e-05
115 120 127 133 22 45 cost 2.52597e-05
50 55 66 72 91 113 cost 2.5237e-05
101 106 90 97 68 91 cost 2.52236e-05
37 41 97 103 22 45 cost 2.52062e-05
74 78 72 78 68 91 cost 2.51768e-05
83 92 72 84 409 455 cost 2.51612e-05
27 37 121 133 136 182 cost 2.51593e-05
115 120 121 127 22 45 cost 2.51574e-05
46 50 66 72 113 136 cost 2.51561e-05
78 83 97 103 91 113 cost 2.51441e-05
46 50 84 90 68 91 cost 2.51334e-05
64 69 109 115 68 91 cost 2.50648e-05
37 46 60 72 318 364 cost 2.5057e-05
120 129 84 97 182 227 cost 2.50567e-05
92 101 97 109 637 682 cost 2.50475e-05
92 101 109 121 500 546 cost 2.50113e-05
74 92 169 194 455 546 cost 2.50098e-05
55 64 109 121 318 364 cost 2.49803e-05
69 74 121 127 159 182 cost 2.49793e-05
64 69 121 127 159 182 cost 2.49254e-05
74 83 109 121 546 591 cost 2.48448e-05
83 87 90 97 159 182 cost 2.4807e-05
87 92 127 133 68 91 cost 2.48065e-05
138 143 97 103 45 68 cost 2.47918e-05
111 115 115 121 45 68 cost 2.47294e-05
74 83 97 109 546 591 cost 2.47104e-05
37 41 90 97 113 136 cost 2.46829e-05
115 120 145 151 68 91 cost 2.46714e-05
55 59 78 84 68 91 cost 2.46423e-05
120 129 84 97 136 182 cost 2.46249e-05
74 83 109 121 364 409 cost 2.45964e-05
92 96 115 121 22 45 cost 2.45954e-05
69 74 127 133 91 113 cost 2.45872e-05
55 64 84 97 318 364 cost 2.45569e-05
69 74 103 109 136 159 cost 2.44854e-05
120 124 103 109 45 68 cost 2.44606e-05
69 74 54 60 22 45 cost 2.44117e-05
64 69 115 121 136 159 cost 2.43953e-05
101 111 109 121 591 637 cost 2.43786e-05
78 83 78 84 68 91 cost 2.43647e-05
37 55 97 121 455 546 cost 2.43623e-05
87 92 90 97 159 182 cost 2.43599e-05
64 69 103 109 22 45 cost 2.42751e-05
64 69 127 133 136 159 cost 2.42292e-05
111 129 72 97 455 546 cost 2.42199e-05
111 115 127 133 22 45 cost 2.41911e-05
83 92 72 84 364 409 cost 2.41762e-05
18 27 121 133 45 91 cost 2.4167e-05
78 83 90 97 113 136 cost 2.41618e-05
111 115 175 181 68 91 cost 2.41583e-05
59 64 48 54 22 45 cost 2.41504e-05
41 46 90 97 113 136 cost 2.41367e-05
106 111 127 133 91 113 cost 2.40847e-05
120 129 157 169 273 318 cost 2.40743e-05
46 50 60 66 136 159 cost 2.40742e-05
101 106 84 90 136 159 cost 2.40735e-05
59 64 48 54 45 68 cost 2.40515e-05
87 92 103 109 204 227 cost 2.40324e-05
69 74 66 72 45 68 cost 2.40306e-05
87 92 84 90 159 182 cost 2.40131e-05
64 74 97 109 409 455 cost 2.39934e-05
64 69 78 84 113 136 cost 2.39762e-05
74 92 169 194 546 637 cost 2.39487e-05
124 129 151 157 45 68 cost 2.39423e-05
92 101 84 97 409 455 cost 2.39389e-05
120 124 145 151 45 68 cost 2.39265e-05
78 83 103 109 136 159 cost 2.39248e-05
115 120 115 121 68 91 cost 2.39071e-05
111 115 115 121 68 91 cost 2.39029e-05
96 101 127 133 45 68 cost 2.38995e-05
92 96 109 115 136 159 cost 2.38767e-05
74 78 109 115 45 68 cost 2.38593e-05
55 74 0 24 91 182 cost 2.38515e-05
41 46 103 109 45 68 cost 2.38329e-05
37 41 60 66 91 113 cost 2.38312e-05
64 69 109 115 136 159 cost 2.38281e-05
133 138 90 97 68 91 cost 2.38263e-05
101 111 84 97 500 546 cost 2.38158e-05
69 74 78 84 113 136 cost 2.38086e-05
64 69 121 127 91 113 cost 2.37895e-05
115 120 121 127 68 91 cost 2.37073e-05
101 111 84 97 409 455 cost 2.36889e-05
37 46 72 84 182 227 cost 2.3665e-05
101 111 145 157 318 364 cost 2.36613e-05
46 50 54 60 91 113 cost 2.36086e-05
74 83 72 84 364 409 cost 2.36026e-05
106 111 157 163 68 91 cost 2.35873e-05
120 129 169 181 0 45 cost 2.35639e-05
83 92 60 72 182 227 cost 2.3557e-05
74 83 97 109 409 455 cost 2.35535e-05
69 74 84 90 113 136 cost 2.35419e-05
101 106 84 90 91 113 cost 2.35334e-05
101 111 109 121 500 546 cost 2.35199e-05
101 106 169 175 45 68 cost 2.34805e-05
55 59 127 133 45 68 cost 2.34661e-05
83 92 84 97 409 455 cost 2.34497e-05
83 87 97 103 136 159 cost 2.34493e-05
46 55 97 109 227 273 cost 2.34437e-05
129 138 84 97 318 364 cost 2.34012e-05
74 83 84 97 364 409 cost 2.33897e-05
92 96 115 121 91 113 cost 2.33836e-05
78 83 97 103 22 45 cost 2.33753e-05
120 124 133 139 45 68 cost 2.33695e-05
37 41 60 66 113 136 cost 2.33438e-05
83 87 84 90 68 91 cost 2.3331e-05
78 83 54 60 113 136 cost 2.33308e-05
101 106 145 151 45 68 cost 2.3246e-05
83 92 48 60 136 182 cost 2.32386e-05
46 50 60 66 0 22 cost 2.31989e-05
92 101 72 84 318 364 cost 2.31946e-05
74 78 97 103 22 45 cost 2.31843e-05
37 55 121 145 546 637 cost 2.31745e-05
92 96 97 103 68 91 cost 2.31617e-05
83 87 109 115 68 91 cost 2.31305e-05
92 101 72 84 591 637 cost 2.31009e-05
46 55 97 109 182 227 cost 2.30952e-05
41 46 60 66 0 22 cost 2.3076e-05
101 106 109 115 68 91 cost 2.30631e-05
69 74 97 103 136 159 cost 2.30366e-05
83 92 97 109 591 637 cost 2.30028e-05
106 111 84 90 113 136 cost 2.29786e-05
74 83 84 97 546 591 cost 2.29693e-05
55 74 0 24 182 273 cost 2.29575e-05
106 111 163 169 45 68 cost 2.29458e-05
138 148 84 97 136 182 cost 2.29438e-05
55 59 72 78 68 91 cost 2.29423e-05
41 46 103 109 22 45 cost 2.29333e-05
133 138 103 109 45 68 cost 2.29323e-05
74 78 121 127 159 182 cost 2.28886e-05
120 129 109 121 364 409 cost 2.28777e-05
92 101 157 169 182 227 cost 2.28391e-05
55 59 121 127 136 159 cost 2.28312e-05
46 50 103 109 45 68 cost 2.27996e-05
133 138 103 109 68 91 cost 2.27924e-05
111 120 157 169 273 318 cost 2.27758e-05
106 111 121 127 159 182 cost 2.27576e-05
64 69 48 54 22 45 cost 2.2748e-05
55 59 115 121 45 68 cost 2.27326e-05
138 143 97 103 68 91 cost 2.27101e-05
69 74 121 127 22 45 cost 2.2704e-05
96 101 90 97 91 113 cost 2.26239e-05
120 129 121 133 273 318 cost 2.26212e-05
96 101 109 115 136 159 cost 2.25919e-05
46 55 84 97 182 227 cost 2.25694e-05
111 120 97 109 318 364 cost 2.24788e-05
115 120 175 181 68 91 cost 2.24091e-05
111 120 121 133 364 409 cost 2.24069e-05
74 78 90 97 91 113 cost 2.23768e-05
83 92 157 169 227 273 cost 2.23575e-05
101 106 121 127 91 113 cost 2.23213e-05
101 111 97 109 637 682 cost 2.23172e-05
129 133 103 109 45 68 cost 2.23111e-05
64 69 133 139 68 91 cost 2.22951e-05
74 111 0 48 364 546 cost 2.2239e-05
101 111 145 157 273 318 cost 2.2235e-05
69 74 115 121 68 91 cost 2.22278e-05
115 120 115 121 45 68 cost 2.21915e-05
124 129 145 151 45 68 cost 2.21857e-05
120 129 97 109 318 364 cost 2.21799e-05
74 78 78 84 22 45 cost 2.21763e-05
64 69 60 66 68 91 cost 2.2167e-05
64 74 36 48 91 136 cost 2.21481e-05
92 101 72 84 546 591 cost 2.21184e-05
87 92 97 103 204 227 cost 2.21179e-05
87 92 78 84 136 159 cost 2.2079e-05
55 74 48 72 637 728 cost 2.20721e-05
83 87 97 103 68 91 cost 2.20717e-05
120 129 133 145 273 318 cost 2.20708e-05
83 87 90 97 68 91 cost 2.20424e-05
59 64 109 115 68 91 cost 2.19912e-05
74 78 127 133 45 68 cost 2.19556e-05
55 64 72 84 364 409 cost 2.19053e-05
64 69 97 103 68 91 cost 2.18549e-05
120 129 121 133 227 273 cost 2.1817e-05
46 55 133 145 0 45 cost 2.18009e-05
69 74 127 133 68 91 cost 2.1799e-05
50 55 60 66 0 22 cost 2.17191e-05
74 78 97 103 136 159 cost 2.17117e-05
50 55 90 97 45 68 cost 2.16727e-05
37 55 121 145 637 728 cost 2.16688e-05
106 111 84 90 159 182 cost 2.16602e-05
64 69 48 54 45 68 cost 2.16519e-05
87 92 78 84 204 227 cost 2.16053e-05
55 59 97 103 45 68 cost 2.16023e-05
92 96 78 84 68 91 cost 2.15842e-05
92 96 151 157 45 68 cost 2.15834e-05
55 59 72 78 45 68 cost 2.15778e-05
64 74 72 84 591 637 cost 2.15558e-05
74 83 84 97 591 637 cost 2.15436e-05
55 59 66 72 45 68 cost 2.15131e-05
92 101 84 97 591 637 cost 2.15001e-05
101 106 163 169 45 68 cost 2.14413e-05
101 111 157 169 318 364 cost 2.14209e-05
124 129 139 145 45 68 cost 2.14142e-05
83 87 103 109 91 113 cost 2.1406e-05
18 27 121 133 0 45 cost 2.13977e-05
64 74 121 133 409 455 cost 2.13918e-05
69 74 90 97 136 159 cost 2.13218e-05
101 106 127 133 91 113 cost 2.13004e-05
64 74 72 84 318 364 cost 2.13003e-05
50 55 84 90 68 91 cost 2.12732e-05
50 55 54 60 91 113 cost 2.12588e-05
50 55 48 54 113 136 cost 2.12441e-05
37 46 133 145 136 182 cost 2.12427e-05
129 148 72 97 455 546 cost 2.12265e-05
46 50 84 90 45 68 cost 2.11937e-05
120 129 97 109 409 455 cost 2.11803e-05
74 78 97 103 113 136 cost 2.11747e-05
55 64 60 72 182 227 cost 2.11663e-05
96 101 90 97 113 136 cost 2.11623e-05
92 96 145 151 45 68 cost 2.10953e-05
64 74 36 48 136 182 cost 2.10863e-05
64 69 90 97 159 182 cost 2.10347e-05
92 96 72 78 68 91 cost 2.10087e-05
74 78 127 133 159 182 cost 2.09997e-05
83 92 36 48 45 91 cost 2.09828e-05
138 143 103 109 45 68 cost 2.09517e-05
120 129 169 181 45 91 cost 2.09129e-05
124 129 97 103 45 68 cost 2.08979e-05
78 83 127 133 45 68 cost 2.08865e-05
37 41 84 90 68 91 cost 2.08824e-05
64 74 133 145 409 455 cost 2.08816e-05
83 87 145 151 45 68 cost 2.08753e-05
101 111 84 97 546 591 cost 2.08589e-05
83 87 103 109 136 159 cost 2.08564e-05
92 101 97 109 682 728 cost 2.08368e-05
129 138 72 84 136 182 cost 2.08161e-05
101 106 127 133 0 22 cost 2.08127e-05
92 101 133 145 182 227 cost 2.08097e-05
27 37 72 84 45 91 cost 2.08022e-05
92 101 84 97 455 500 cost 2.07883e-05
87 92 97 103 182 204 cost 2.07841e-05
120 129 157 169 318 364 cost 2.07727e-05
124 129 133 139 45 68 cost 2.07494e-05
96 101 78 84 68 91 cost 2.07465e-05
83 87 127 133 45 68 cost 2.07058e-05
120 129 145 157 318 364 cost 2.06871e-05
50 55 60 66 113 136 cost 2.06841e-05
92 101 145 157 318 364 cost 2.06837e-05
69 74 84 90 136 159 cost 2.06785e-05
59 64 103 109 45 68 cost 2.06579e-05
87 92 103 109 113 136 cost 2.06488e-05
64 69 84 90 136 159 cost 2.06488e-05
92 101 72 84 455 500 cost 2.06457e-05
92 101 133 145 273 318 cost 2.06398e-05
92 101 145 157 273 318 cost 2.06224e-05
55 64 24 36 91 136 cost 2.05594e-05
106 111 127 133 136 159 cost 2.05547e-05
59 64 109 115 45 68 cost 2.04981e-05
55 59 90 97 45 68 cost 2.04854e-05
46 50 90 97 45 68 cost 2.04576e-05
64 74 84 97 364 409 cost 2.04537e-05
64 74 109 121 273 318 cost 2.04276e-05
64 69 127 133 159 182 cost 2.04258e-05
46 55 72 84 273 318 cost 2.03867e-05
133 138 97 103 45 68 cost 2.03818e-05
50 55 84 90 45 68 cost 2.03782e-05
101 111 109 121 637 682 cost 2.03409e-05
37 55 0 24 0 91 cost 2.03145e-05
50 55 60 66 136 159 cost 2.0301e-05
64 69 90 97 0 22 cost 2.0299e-05
55 59 48 54 45 68 cost 2.02654e-05
106 111 84 90 45 68 cost 2.02596e-05
120 124 145 151 68 91 cost 2.02594e-05
83 92 84 97 591 637 cost 2.02328e-05
120 124 151 157 68 91 cost 2.01857e-05
37 41 84 90 45 68 cost 2.01571e-05
74 92 145 169 637 728 cost 2.01534e-05
101 106 163 169 68 91 cost 2.0132e-05
87 92 97 103 136 159 cost 2.01304e-05
83 92 133 145 318 364 cost 2.01273e-05
74 78 54 60 91 113 cost 2.01083e-05
18 27 121 133 91 136 cost 2.01033e-05
46 50 66 72 136 159 cost 2.0101e-05
96 101 84 90 68 91 cost 2.00893e-05
92 96 127 133 45 68 cost 2.00876e-05
37 46 72 84 227 273 cost 2.0079e-05
101 106 121 127 159 182 cost 2.00666e-05
64 69 115 121 159 182 cost 2.00337e-05
120 129 157 169 182 227 cost 2.00169e-05
74 83 145 157 182 227 cost 2.00016e-05
64 69 54 60 68 91 cost 2.00002e-05
55 64 36 48 136 182 cost 1.99917e-05
69 74 109 115 136 159 cost 1.99915e-05
55 64 109 121 273 318 cost 1.99623e-05
87 92 115 121 136 159 cost 1.99508e-05
120 129 133 145 409 455 cost 1.99476e-05
92 96 127 133 68 91 cost 1.99428e-05
74 78 103 109 136 159 cost 1.99413e-05
87 92 97 103 68 91 cost 1.99263e-05
46 55 84 97 273 318 cost 1.98547e-05
78 83 115 121 45 68 cost 1.98227e-05
69 74 60 66 45 68 cost 1.98167e-05
83 87 97 103 113 136 cost 1.98034e-05
129 148 145 169 182 273 cost 1.97983e-05
37 41 103 109 68 91 cost 1.97979e-05
69 74 66 72 68 91 cost 1.97767e-05
106 111 121 127 0 22 cost 1.97662e-05
101 106 90 97 113 136 cost 1.97543e-05
83 92 60 72 227 273 cost 1.97397e-05
64 69 103 109 136 159 cost 1.97007e-05
55 59 84 90 45 68 cost 1.96928e-05
64 69 84 90 0 22 cost 1.96924e-05
138 148 72 84 45 91 cost 1.96904e-05
78 83 103 109 113 136 cost 1.96718e-05
69 74 72 78 91 113 cost 1.96586e-05
111 115 109 115 45 68 cost 1.96227e-05
101 106 121 127 0 22 cost 1.96016e-05
106 111 84 90 91 113 cost 1.95891e-05
69 74 90 97 159 182 cost 1.95844e-05
69 74 127 133 159 182 cost 1.95707e-05
55 59 48 54 22 45 cost 1.95331e-05
120 129 169 181 91 136 cost 1.95321e-05
59 64 97 103 68 91 cost 1.95279e-05
64 69 103 109 68 91 cost 1.95246e-05
83 87 121 127 45 68 cost 1.95225e-05
96 101 115 121 136 159 cost 1.94966e-05
106 111 175 181 68 91 cost 1.94941e-05
96 101 84 90 91 113 cost 1.94789e-05
69 74 109 115 159 182 cost 1.94739e-05
78 83 127 133 68 91 cost 1.94708e-05
74 78 84 90 91 113 cost 1.94293e-05
69 74 115 121 159 182 cost 1.93403e-05
83 87 90 97 136 159 cost 1.93311e-05
78 83 115 121 68 91 cost 1.9306e-05
83 87 103 109 182 204 cost 1.92906e-05
92 101 72 84 409 455 cost 1.92502e-05
55 59 54 60 68 91 cost 1.9242e-05
92 101 157 169 273 318 cost 1.92329e-05
55 64 133 145 409 455 cost 1.91819e-05
106 111 121 127 136 159 cost 1.91775e-05
55 64 72 84 318 364 cost 1.91701e-05
87 92 72 78 182 204 cost 1.91384e-05
78 83 127 133 136 159 cost 1.91205e-05
74 78 72 78 22 45 cost 1.90793e-05
74 78 115 121 45 68 cost 1.90662e-05
101 106 84 90 159 182 cost 1.9064e-05
41 46 66 72 0 22 cost 1.9054e-05
106 111 127 133 159 182 cost 1.90447e-05
55 59 115 121 68 91 cost 1.89885e-05
101 106 145 151 68 91 cost 1.89848e-05
106 111 115 121 0 22 cost 1.89765e-05
37 41 60 66 68 91 cost 1.89732e-05
83 92 84 97 318 364 cost 1.89729e-05
92 101 97 109 455 500 cost 1.89247e-05
74 83 72 84 318 364 cost 1.89005e-05
106 111 151 157 68 91 cost 1.88973e-05
87 92 72 78 204 227 cost 1.88733e-05
78 83 84 90 91 113 cost 1.88275e-05
111 120 133 145 409 455 cost 1.88199e-05
59 64 54 60 68 91 cost 1.8819e-05
64 69 139 145 68 91 cost 1.88055e-05
83 87 127 133 68 91 cost 1.88041e-05
64 69 72 78 91 113 cost 1.87952e-05
101 106 90 97 91 113 cost 1.87753e-05
55 59 121 127 159 182 cost 1.87667e-05
83 87 72 78 68 91 cost 1.87617e-05
64 69 90 97 136 159 cost 1.86979e-05
69 74 121 127 91 113 cost 1.86858e-05
96 101 109 115 0 22 cost 1.86778e-05
111 120 109 121 318 364 cost 1.864e-05
92 96 84 90 68 91 cost 1.8639e-05
138 148 97 109 318 364 cost 1.86387e-05
101 111 97 109 455 500 cost 1.86173e-05
37 41 66 72 22 45 cost 1.85901e-05
27 32 90 97 45 68 cost 1.85897e-05
92 96 145 151 68 91 cost 1.85882e-05
111 120 181 194 182 227 cost 1.85755e-05
46 50 66 72 0 22 cost 1.8573e-05
78 83 121 127 136 159 cost 1.8543e-05
55 59 127 133 113 136 cost 1.85124e-05
64 69 54 60 0 22 cost 1.85082e-05
74 78 127 133 68 91 cost 1.85076e-05
87 92 90 97 136 159 cost 1.84745e-05
83 87 78 84 68 91 cost 1.84653e-05
64 74 133 145 364 409 cost 1.84498e-05
115 120 109 115 45 68 cost 1.83835e-05
83 87 97 103 91 113 cost 1.83021e-05
83 87 115 121 68 91 cost 1.82501e-05
46 50 60 66 159 182 cost 1.82337e-05
101 106 127 133 136 159 cost 1.82259e-05
106 111 84 90 136 159 cost 1.82225e-05
87 92 151 157 68 91 cost 1.81888e-05
111 120 121 133 409 455 cost 1.81771e-05
129 148 121 145 182 273 cost 1.81674e-05
55 59 84 90 22 45 cost 1.81644e-05
78 83 72 78 68 91 cost 1.81443e-05
37 46 48 60 273 318 cost 1.81335e-05
83 87 78 84 159 182 cost 1.81199e-05
69 74 103 109 159 182 cost 1.81096e-05
87 92 72 78 136 159 cost 1.81018e-05
46 55 84 97 318 364 cost 1.80907e-05
101 106 115 121 0 22 cost 1.80809e-05
59 64 54 60 0 22 cost 1.80538e-05
18 27 133 145 182 227 cost 1.80419e-05
50 55 66 72 136 159 cost 1.80411e-05
55 59 90 97 22 45 cost 1.80247e-05
27 37 121 133 227 273 cost 1.8013e-05
64 74 133 145 318 364 cost 1.80123e-05
96 101 115 121 113 136 cost 1.8002e-05
69 74 115 121 136 159 cost 1.79807e-05
69 74 139 145 68 91 cost 1.79806e-05
87 92 97 103 91 113 cost 1.79685e-05
87 92 84 90 136 159 cost 1.79598e-05
37 41 66 72 45 68 cost 1.79385e-05
74 83 97 109 591 637 cost 1.78856e-05
55 64 97 109 273 318 cost 1.78775e-05
74 78 103 109 159 182 cost 1.78466e-05
64 74 24 36 91 136 cost 1.77989e-05
83 87 97 103 182 204 cost 1.77864e-05
55 59 103 109 45 68 cost 1.77188e-05
41 46 103 109 91 113 cost 1.77157e-05
120 124 139 145 68 91 cost 1.76966e-05
101 111 109 121 546 591 cost 1.76966e-05
138 148 72 84 91 136 cost 1.76816e-05
37 41 97 103 113 136 cost 1.76652e-05
69 74 48 54 22 45 cost 1.7652e-05
74 78 103 109 91 113 cost 1.76103e-05
87 92 97 103 113 136 cost 1.75981e-05
64 69 84 90 159 182 cost 1.75971e-05
74 78 90 97 113 136 cost 1.75838e-05
83 87 72 78 204 227 cost 1.75717e-05
101 111 84 97 455 500 cost 1.75415e-05
74 78 54 60 113 136 cost 1.75187e-05
41 46 84 90 91 113 cost 1.75064e-05
69 74 121 127 113 136 cost 1.74993e-05
69 74 84 90 0 22 cost 1.74847e-05
92 96 84 90 113 136 cost 1.7449e-05
74 83 72 84 546 591 cost 1.74341e-05
50 55 42 48 68 91 cost 1.74315e-05
78 83 48 54 91 113 cost 1.74169e-05
55 59 121 127 68 91 cost 1.74027e-05
83 87 115 121 45 68 cost 1.73125e-05
111 115 169 175 45 68 cost 1.73099e-05
74 78 121 127 45 68 cost 1.72936e-05
78 83 121 127 45 68 cost 1.72899e-05
133 138 97 103 68 91 cost 1.72681e-05
46 50 48 54 0 22 cost 1.72608e-05
101 106 84 90 68 91 cost 1.72514e-05
96 101 103 109 0 22 cost 1.72441e-05
138 148 84 97 182 227 cost 1.72126e-05
124 129 103 109 68 91 cost 1.72029e-05
55 59 84 90 68 91 cost 1.71915e-05
106 111 109 115 68 91 cost 1.71505e-05
50 55 54 60 0 22 cost 1.71337e-05
83 87 121 127 68 91 cost 1.71264e-05
69 74 133 139 68 91 cost 1.71241e-05
92 96 90 97 91 113 cost 1.71099e-05
41 46 97 103 0 22 cost 1.70758e-05
101 111 181 194 182 227 cost 1.70561e-05
92 101 133 145 318 364 cost 1.7049e-05
92 96 115 121 136 159 cost 1.70038e-05
106 111 127 133 0 22 cost 1.69762e-05
74 78 97 103 159 182 cost 1.69689e-05
74 78 103 109 113 136 cost 1.69414e-05
46 50 54 60 113 136 cost 1.69279e-05
69 74 121 127 136 159 cost 1.69152e-05
115 120 109 115 68 91 cost 1.68977e-05
83 92 97 109 546 591 cost 1.68916e-05
55 59 127 133 159 182 cost 1.68877e-05
69 74 121 127 0 22 cost 1.68625e-05
101 106 109 115 0 22 cost 1.68615e-05
106 111 145 151 45 68 cost 1.68546e-05
55 74 169 194 273 364 cost 1.68453e-05
55 59 127 133 136 159 cost 1.6842e-05
106 111 163 169 68 91 cost 1.6828e-05
74 78 121 127 68 91 cost 1.68162e-05
106 111 90 97 159 182 cost 1.68051e-05
59 64 90 97 0 22 cost 1.67887e-05
55 64 24 36 0 45 cost 1.67658e-05
83 92 72 84 546 591 cost 1.67615e-05
83 87 72 78 159 182 cost 1.67594e-05
106 111 90 97 45 68 cost 1.67311e-05
69 74 127 133 136 159 cost 1.67217e-05
101 106 121 127 136 159 cost 1.672e-05
101 106 90 97 136 159 cost 1.67158e-05
111 115 151 157 68 91 cost 1.67031e-05
106 111 90 97 136 159 cost 1.67002e-05
101 106 127 133 113 136 cost 1.66934e-05
83 87 78 84 204 227 cost 1.66885e-05
74 83 60 72 227 273 cost 1.66722e-05
106 111 169 175 0 22 cost 1.6649e-05
106 111 90 97 68 91 cost 1.66437e-05
74 78 97 103 91 113 cost 1.66217e-05
64 69 109 115 159 182 cost 1.66053e-05
92 101 169 181 227 273 cost 1.6571e-05
96 101 109 115 113 136 cost 1.65566e-05
111 115 127 133 68 91 cost 1.65555e-05
74 83 84 97 409 455 cost 1.64881e-05
50 55 66 72 113 136 cost 1.64798e-05
69 74 127 133 113 136 cost 1.6457e-05
111 120 157 169 318 364 cost 1.64421e-05
69 74 54 60 68 91 cost 1.64181e-05
69 74 139 145 45 68 cost 1.63952e-05
96 101 127 133 0 22 cost 1.63842e-05
46 50 66 72 159 182 cost 1.63829e-05
78 83 121 127 68 91 cost 1.63677e-05
92 101 109 121 409 455 cost 1.63464e-05
55 64 109 121 409 455 cost 1.63438e-05
46 50 103 109 68 91 cost 1.63423e-05
129 133 84 90 45 68 cost 1.63197e-05
111 120 181 194 227 273 cost 1.63071e-05
96 101 72 78 68 91 cost 1.62948e-05
120 129 109 121 273 318 cost 1.62791e-05
37 41 78 84 68 91 cost 1.6251e-05
106 111 175 181 0 22 cost 1.62076e-05
55 59 109 115 45 68 cost 1.61601e-05
115 120 169 175 45 68 cost 1.61195e-05
101 106 121 127 113 136 cost 1.61062e-05
120 129 121 133 318 364 cost 1.60875e-05
101 106 127 133 159 182 cost 1.60677e-05
129 133 97 103 45 68 cost 1.59965e-05
69 74 48 54 45 68 cost 1.59847e-05
64 74 72 84 409 455 cost 1.59678e-05
46 55 48 60 318 364 cost 1.58829e-05
83 92 109 121 591 637 cost 1.58351e-05
83 87 84 90 159 182 cost 1.58257e-05
83 87 78 84 182 204 cost 1.58051e-05
74 78 115 121 68 91 cost 1.57956e-05
101 111 133 145 273 318 cost 1.57744e-05
41 46 48 54 0 22 cost 1.57648e-05
37 41 54 60 22 45 cost 1.5716e-05
83 87 72 78 182 204 cost 1.57006e-05
55 59 121 127 91 113 cost 1.56901e-05
129 133 90 97 45 68 cost 1.56691e-05
50 55 97 103 68 91 cost 1.56284e-05
83 92 109 121 546 591 cost 1.56254e-05
124 129 151 157 68 91 cost 1.56193e-05
106 111 121 127 113 136 cost 1.56158e-05
55 64 133 145 364 409 cost 1.56128e-05
69 74 97 103 159 182 cost 1.5608e-05
106 111 84 90 68 91 cost 1.56011e-05
120 129 121 133 364 409 cost 1.55808e-05
92 96 151 157 68 91 cost 1.55497e-05
92 101 72 84 364 409 cost 1.54151e-05
120 129 109 121 318 364 cost 1.53601e-05
64 74 72 84 546 591 cost 1.52843e-05
83 87 97 103 204 227 cost 1.52817e-05
111 115 121 127 0 22 cost 1.52568e-05
101 106 157 163 0 22 cost 1.52519e-05
69 74 90 97 0 22 cost 1.52442e-05
129 133 103 109 68 91 cost 1.52424e-05
83 87 109 115 136 159 cost 1.52225e-05
143 148 97 103 45 68 cost 1.52098e-05
37 41 54 60 91 113 cost 1.52096e-05
37 46 121 133 136 182 cost 1.51586e-05
59 64 103 109 68 91 cost 1.51565e-05
37 41 54 60 45 68 cost 1.5141e-05
92 111 48 72 273 364 cost 1.50654e-05
106 111 127 133 113 136 cost 1.5043e-05
106 111 90 97 91 113 cost 1.49972e-05
64 69 97 103 136 159 cost 1.49765e-05
32 37 84 90 45 68 cost 1.4941e-05
37 41 48 54 45 68 cost 1.49363e-05
55 59 48 54 68 91 cost 1.49189e-05
138 148 84 97 318 364 cost 1.49163e-05
37 41 78 84 45 68 cost 1.48968e-05
55 64 133 145 318 364 cost 1.48846e-05
106 111 90 97 113 136 cost 1.48825e-05
46 55 109 121 182 227 cost 1.48767e-05
83 87 103 109 113 136 cost 1.48701e-05
37 46 72 84 273 318 cost 1.48676e-05
111 120 109 121 273 318 cost 1.48481e-05
106 111 157 163 0 22 cost 1.4834e-05
83 87 115 121 136 159 cost 1.48264e-05
111 115 145 151 45 68 cost 1.48258e-05
92 96 109 115 113 136 cost 1.47615e-05
37 41 54 60 113 136 cost 1.47465e-05
50 55 48 54 0 22 cost 1.47418e-05
50 55 66 72 0 22 cost 1.47262e-05
115 120 127 133 68 91 cost 1.47238e-05
55 59 121 127 113 136 cost 1.47199e-05
87 92 72 78 0 22 cost 1.47051e-05
120 124 103 109 68 91 cost 1.4705e-05
64 69 127 133 0 22 cost 1.46995e-05
55 59 127 133 91 113 cost 1.46366e-05
64 69 97 103 159 182 cost 1.46158e-05
74 83 72 84 591 637 cost 1.46006e-05
78 83 103 109 0 22 cost 1.45761e-05
96 101 115 121 0 22 cost 1.45547e-05
74 83 145 157 227 273 cost 1.45382e-05
101 111 133 145 227 273 cost 1.45343e-05
120 124 97 103 45 68 cost 1.45312e-05
46 50 54 60 0 22 cost 1.4523e-05
106 111 163 169 0 22 cost 1.4515e-05
101 106 163 169 0 22 cost 1.45135e-05
120 124 133 139 68 91 cost 1.44915e-05
83 87 103 109 204 227 cost 1.43771e-05
120 129 109 121 409 455 cost 1.43575e-05
92 101 169 181 182 227 cost 1.43417e-05
83 87 151 157 68 91 cost 1.43318e-05
64 74 84 97 409 455 cost 1.43027e-05
83 92 157 169 182 227 cost 1.42948e-05
37 41 66 72 113 136 cost 1.42881e-05
111 115 145 151 68 91 cost 1.42793e-05
138 148 72 84 227 273 cost 1.42504e-05
46 50 90 97 68 91 cost 1.42467e-05
96 101 121 127 0 22 cost 1.42345e-05
78 83 72 78 0 22 cost 1.42193e-05
18 27 133 145 136 182 cost 1.41884e-05
37 41 66 72 91 113 cost 1.41572e-05
96 101 97 103 0 22 cost 1.40099e-05
69 74 72 78 113 136 cost 1.40088e-05
92 96 84 90 91 113 cost 1.39879e-05
64 74 97 109 364 409 cost 1.39672e-05
92 111 48 72 546 637 cost 1.39636e-05
74 92 169 194 637 728 cost 1.39498e-05
59 64 48 54 68 91 cost 1.39445e-05
50 55 66 72 159 182 cost 1.38854e-05
92 96 90 97 113 136 cost 1.38652e-05
124 129 145 151 68 91 cost 1.38319e-05
74 83 109 121 409 455 cost 1.38055e-05
59 64 127 133 0 22 cost 1.37411e-05
69 74 127 133 0 22 cost 1.36952e-05
37 41 103 109 22 45 cost 1.36894e-05
74 83 133 145 273 318 cost 1.36681e-05
143 148 103 109 68 91 cost 1.36148e-05
69 74 84 90 159 182 cost 1.35986e-05
64 69 103 109 159 182 cost 1.35982e-05
55 59 90 97 68 91 cost 1.35773e-05
120 129 72 84 91 136 cost 1.35714e-05
111 120 109 121 364 409 cost 1.35566e-05
83 92 36 48 0 45 cost 1.35191e-05
92 96 72 78 0 22 cost 1.35039e-05
69 74 78 84 0 22 cost 1.35021e-05
46 55 72 84 318 364 cost 1.34691e-05
50 55 60 66 159 182 cost 1.34528e-05
37 46 109 121 45 91 cost 1.34437e-05
101 111 97 109 682 728 cost 1.33776e-05
87 92 145 151 68 91 cost 1.33766e-05
92 101 109 121 546 591 cost 1.33506e-05
124 129 97 103 68 91 cost 1.33475e-05
46 55 24 36 45 91 cost 1.33279e-05
37 41 84 90 91 113 cost 1.33209e-05
115 120 121 127 0 22 cost 1.33123e-05
101 106 169 175 0 22 cost 1.33033e-05
143 148 97 103 68 91 cost 1.32982e-05
83 87 72 78 0 22 cost 1.32933e-05
92 101 109 121 637 682 cost 1.3288e-05
55 59 127 133 68 91 cost 1.32576e-05
78 83 84 90 113 136 cost 1.32005e-05
74 78 78 84 0 22 cost 1.3195e-05
50 55 54 60 113 136 cost 1.31767e-05
37 41 54 60 68 91 cost 1.31532e-05
92 96 115 121 113 136 cost 1.31245e-05
120 129 72 84 45 91 cost 1.30987e-05
37 41 48 54 68 91 cost 1.30729e-05
41 46 54 60 0 22 cost 1.30398e-05
101 111 109 121 682 728 cost 1.30278e-05
106 111 169 175 68 91 cost 1.29931e-05
83 87 78 84 136 159 cost 1.29859e-05
111 115 109 115 68 91 cost 1.29727e-05
96 101 72 78 0 22 cost 1.29717e-05
101 106 169 175 68 91 cost 1.29696e-05
129 148 121 145 273 364 cost 1.29561e-05
59 64 84 90 0 22 cost 1.29154e-05
106 111 109 115 0 22 cost 1.27625e-05
64 69 72 78 113 136 cost 1.27133e-05
55 59 54 60 0 22 cost 1.26781e-05
41 46 84 90 113 136 cost 1.26618e-05
37 41 103 109 91 113 cost 1.26608e-05
92 96 103 109 0 22 cost 1.26497e-05
74 78 121 127 136 159 cost 1.25931e-05
83 87 72 78 136 159 cost 1.25175e-05
55 59 97 103 68 91 cost 1.24947e-05
129 148 121 145 364 455 cost 1.24872e-05
46 50 42 48 0 22 cost 1.23902e-05
64 69 121 127 0 22 cost 1.23158e-05
32 37 84 90 68 91 cost 1.22709e-05
78 83 78 84 0 22 cost 1.22254e-05
124 129 139 145 68 91 cost 1.21987e-05
78 83 97 103 0 22 cost 1.21867e-05
55 64 109 121 364 409 cost 1.20912e-05
120 129 72 84 227 273 cost 1.20904e-05
46 55 133 145 45 91 cost 1.20822e-05
83 92 109 121 409 455 cost 1.20444e-05
74 78 84 90 113 136 cost 1.20151e-05
111 115 127 133 0 22 cost 1.20119e-05
74 83 72 84 409 455 cost 1.20031e-05
41 46 103 109 0 22 cost 1.19987e-05
101 111 133 145 182 227 cost 1.18878e-05
74 78 103 109 0 22 cost 1.18436e-05
106 111 145 151 68 91 cost 1.18246e-05
129 133 84 90 68 91 cost 1.18228e-05
55 64 97 109 318 364 cost 1.17687e-05
92 101 109 121 455 500 cost 1.17547e-05
37 41 48 54 22 45 cost 1.17193e-05
120 129 169 181 227 273 cost 1.1712e-05
92 101 157 169 318 364 cost 1.1687e-05
92 101 109 121 682 728 cost 1.16857e-05
37 41 72 78 45 68 cost 1.16829e-05
129 148 145 169 546 637 cost 1.16652e-05
55 59 109 115 68 91 cost 1.1659e-05
64 69 139 145 45 68 cost 1.16303e-05
74 83 109 121 591 637 cost 1.1608e-05
92 96 97 103 0 22 cost 1.15945e-05
101 106 90 97 159 182 cost 1.15587e-05
69 74 60 66 68 91 cost 1.1539e-05
74 78 48 54 91 113 cost 1.15329e-05
64 69 48 54 0 22 cost 1.14305e-05
18 27 133 145 227 273 cost 1.13958e-05
101 111 72 84 500 546 cost 1.13372e-05
78 83 48 54 113 136 cost 1.12977e-05
50 55 103 109 68 91 cost 1.12555e-05
64 74 24 36 0 45 cost 1.12132e-05
64 69 48 54 68 91 cost 1.12114e-05
101 111 181 194 227 273 cost 1.12092e-05
92 111 48 72 364 455 cost 1.11105e-05
46 55 133 145 91 136 cost 1.1108e-05
74 78 127 133 136 159 cost 1.10771e-05
101 111 72 84 273 318 cost 1.10701e-05
124 129 133 139 68 91 cost 1.10453e-05
37 41 66 72 68 91 cost 1.10148e-05
59 64 48 54 0 22 cost 1.10054e-05
64 69 78 84 0 22 cost 1.08752e-05
101 111 72 84 455 500 cost 1.08552e-05
74 78 72 78 0 22 cost 1.08527e-05
120 129 72 84 182 227 cost 1.08272e-05
37 41 103 109 45 68 cost 1.08149e-05
46 50 36 42 22 45 cost 1.07843e-05
92 96 109 115 0 22 cost 1.0782e-05
69 74 103 109 0 22 cost 1.07781e-05
69 74 97 103 0 22 cost 1.07693e-05
37 46 48 60 318 364 cost 1.05972e-05
120 124 97 103 68 91 cost 1.05823e-05
50 55 36 42 45 68 cost 1.05504e-05
27 37 72 84 91 136 cost 1.05186e-05
92 96 127 133 0 22 cost 1.04686e-05
96 101 78 84 0 22 cost 1.0461e-05
64 69 72 78 0 22 cost 1.04087e-05
120 129 121 133 409 455 cost 1.04014e-05
69 74 72 78 0 22 cost 1.02882e-05
27 37 72 84 0 45 cost 1.02867e-05
115 120 127 133 0 22 cost 1.02655e-05
64 74 24 36 45 91 cost 1.02326e-05
101 106 175 181 0 22 cost 1.02067e-05
129 133 90 97 68 91 cost 1.01981e-05
96 101 90 97 0 22 cost 1.01717e-05
64 69 97 103 0 22 cost 1.01583e-05
74 78 48 54 113 136 cost 1.0097e-05
37 41 84 90 113 136 cost 1.00686e-05
59 64 121 127 0 22 cost 9.9851e-06
143 148 103 109 45 68 cost 9.8717e-06
74 78 97 103 0 22 cost 9.8475e-06
129 133 97 103 68 91 cost 9.846e-06
83 87 84 90 136 159 cost 9.8406e-06
64 74 24 36 136 182 cost 9.8332e-06
55 59 90 97 0 22 cost 9.7481e-06
138 148 72 84 0 45 cost 9.7456e-06
37 46 109 121 0 45 cost 9.7313e-06
55 64 84 97 591 637 cost 9.6908e-06
50 55 90 97 68 91 cost 9.6743e-06
37 41 97 103 0 22 cost 9.643e-06
27 32 84 90 45 68 cost 9.5213e-06
111 115 169 175 68 91 cost 9.5107e-06
55 74 169 194 182 273 cost 9.4815e-06
18 37 48 72 182 273 cost 9.4603e-06
69 74 48 54 68 91 cost 9.4265e-06
74 83 157 169 182 227 cost 9.3793e-06
92 96 115 121 0 22 cost 9.3766e-06
41 46 103 109 113 136 cost 9.2482e-06
55 59 84 90 0 22 cost 9.1073e-06
87 92 78 84 0 22 cost 9.0717e-06
0 18 121 145 273 364 cost 9.0332e-06
92 96 121 127 0 22 cost 9.0177e-06
129 148 145 169 364 455 cost 8.8815e-06
55 64 72 84 591 637 cost 8.7995e-06
111 120 72 84 136 182 cost 8.677e-06
101 111 133 145 318 364 cost 8.6204e-06
83 92 48 60 227 273 cost 8.6015e-06
37 41 48 54 91 113 cost 8.5996e-06
55 59 48 54 0 22 cost 8.5784e-06
92 96 78 84 0 22 cost 8.5632e-06
138 148 72 84 273 318 cost 8.4927e-06
37 41 72 78 68 91 cost 8.4698e-06
55 64 97 109 364 409 cost 8.3314e-06
69 74 54 60 0 22 cost 8.3129e-06
55 64 97 109 409 455 cost 8.2411e-06
96 101 84 90 0 22 cost 8.2092e-06
115 120 169 175 68 91 cost 8.0109e-06
55 59 103 109 68 91 cost 7.9992e-06
101 111 72 84 591 637 cost 7.9922e-06
83 87 145 151 68 91 cost 7.9659e-06
74 83 157 169 227 273 cost 7.9484e-06
50 55 36 42 22 45 cost 7.8899e-06
83 87 78 84 0 22 cost 7.8882e-06
50 55 42 48 0 22 cost 7.821e-06
69 74 48 54 0 22 cost 7.811e-06
74 92 169 194 364 455 cost 7.7572e-06
55 64 145 157 45 91 cost 7.6167e-06
18 27 121 133 182 227 cost 7.595e-06
120 129 72 84 136 182 cost 7.4966e-06
101 111 109 121 455 500 cost 7.4877e-06
46 55 109 121 227 273 cost 7.478e-06
55 64 72 84 546 591 cost 7.2223e-06
101 106 175 181 68 91 cost 7.2219e-06
64 69 103 109 0 22 cost 7.1923e-06
27 32 84 90 68 91 cost 7.1308e-06
37 41 48 54 113 136 cost 6.985e-06
55 59 127 133 0 22 cost 6.8772e-06
101 111 72 84 318 364 cost 6.8446e-06
50 55 36 42 68 91 cost 6.7369e-06
18 27 84 97 45 91 cost 6.6787e-06
18 37 48 72 273 364 cost 6.5516e-06
92 111 48 72 637 728 cost 6.4689e-06
37 41 60 66 0 22 cost 6.4387e-06
46 50 36 42 45 68 cost 6.4355e-06
120 129 169 181 182 227 cost 6.3466e-06
111 120 72 84 182 227 cost 6.2798e-06
120 129 72 84 0 45 cost 6.1983e-06
129 138 72 84 318 364 cost 6.1394e-06
92 96 90 97 0 22 cost 6.0785e-06
111 120 72 84 91 136 cost 6.0214e-06
74 83 133 145 318 364 cost 5.9593e-06
129 148 121 145 546 637 cost 5.9514e-06
92 111 48 72 455 546 cost 5.877e-06
55 59 121 127 0 22 cost 5.6398e-06
111 120 72 84 227 273 cost 5.4356e-06
37 46 72 84 318 364 cost 5.4004e-06
120 129 169 181 136 182 cost 5.3613e-06
37 41 103 109 0 22 cost 5.3249e-06
37 46 109 121 91 136 cost 5.3131e-06
111 120 72 84 45 91 cost 5.3089e-06
74 83 24 36 45 91 cost 5.2473e-06
18 27 97 109 45 91 cost 5.1469e-06
37 46 109 121 136 182 cost 5.1449e-06
18 27 121 133 136 182 cost 4.9508e-06
120 129 181 194 45 91 cost 4.9278e-06
92 101 181 194 45 91 cost 4.9178e-06
18 27 84 97 91 136 cost 4.6374e-06
0 37 145 194 182 364 cost 4.614e-06
46 55 133 145 136 182 cost 4.6008e-06
37 41 54 60 0 22 cost 4.5545e-06
83 92 48 60 182 227 cost 4.4432e-06
101 111 72 84 409 455 cost 4.4286e-06
129 148 145 169 273 364 cost 4.3919e-06
138 148 72 84 136 182 cost 4.3696e-06
55 64 24 36 136 182 cost 4.3521e-06
101 111 72 84 546 591 cost 4.3358e-06
37 41 48 54 0 22 cost 4.3156e-06
120 129 181 194 0 45 cost 4.227e-06
37 41 66 72 0 22 cost 4.2218e-06
138 148 72 84 318 364 cost 4.2086e-06
129 148 145 169 637 728 cost 3.8883e-06
101 111 72 84 364 409 cost 3.8499e-06
37 55 0 24 182 273 cost 3.849e-06
74 92 0 24 0 91 cost 3.8319e-06
37 46 109 121 182 227 cost 3.828e-06
92 96 84 90 0 22 cost 3.7915e-06
37 41 103 109 113 136 cost 3.7904e-06
92 101 181 194 0 45 cost 3.7492e-06
129 148 121 145 637 728 cost 3.7011e-06
138 148 72 84 182 227 cost 3.4578e-06
92 101 181 194 227 273 cost 3.2851e-06
46 50 36 42 68 91 cost 3.1567e-06
46 55 24 36 91 136 cost 3.112e-06
92 101 181 194 136 182 cost 3.024e-06
18 27 121 133 227 273 cost 2.9436e-06
92 101 181 194 91 136 cost 2.8695e-06
18 27 84 97 0 45 cost 2.7905e-06
120 129 181 194 91 136 cost 2.7833e-06
37 46 109 121 227 273 cost 2.748e-06
46 55 24 36 0 45 cost 2.5103e-06
18 27 84 97 136 182 cost 2.3634e-06
55 64 145 157 0 45 cost 2.2175e-06
120 129 181 194 136 182 cost 2.1285e-06
18 27 97 109 0 45 cost 1.8949e-06
74 92 0 24 91 182 cost 1.8261e-06
83 92 24 36 45 91 cost 1.803e-06
111 120 72 84 0 45 cost 1.7542e-06
37 55 0 24 91 182 cost 1.734e-06
120 129 181 194 227 273 cost 1.509e-06
46 55 24 36 136 182 cost 1.3148e-06
55 64 157 169 45 91 cost 1.263e-06
129 148 145 169 455 546 cost 1.149e-06
92 101 181 194 182 227 cost 9.816e-07
129 148 121 145 455 546 cost 9.24e-07
27 37 72 84 136 182 cost 8.976e-07
55 64 157 169 0 45 cost 8.79e-07
74 83 24 36 0 45 cost 8.367e-07
46 50 36 42 0 22 cost 8.063e-07
50 55 36 42 0 22 cost 6.724e-07
83 92 181 194 45 91 cost 6.28e-07
0 37 0 48 0 182 cost 6.09e-07
129 148 48 72 364 455 cost 5.745e-07
74 83 181 194 45 91 cost 4.845e-07
120 129 181 194 182 227 cost 3.945e-07
83 92 181 194 0 45 cost 3.845e-07
27 37 109 121 45 91 cost 3.33e-07
27 37 109 121 0 45 cost 3.135e-07
37 46 24 36 45 91 cost 9.45e-08
37 46 24 36 0 45 cost 4.2e-08
129 148 48 72 273 364 cost 0
92 111 24 48 0 91 cost 0
92 111 0 24 91 182 cost 0
0 18 72 97 0 91 cost 0
129 148 169 194 455 546 cost 0
129 148 169 194 273 364 cost 0
129 148 48 72 637 728 cost 0
37 55 145 169 91 182 cost 0
37 55 145 169 0 91 cost 0
18 27 72 84 136 182 cost 0
0 18 97 121 0 91 cost 0
111 129 48 72 364 455 cost 0
18 27 109 121 45 91 cost 0
37 55 169 194 182 273 cost 0
37 55 169 194 273 364 cost 0
37 55 145 169 182 273 cost 0
18 27 72 84 91 136 cost 0
129 148 169 194 182 273 cost 0
129 148 48 72 455 546 cost 0
129 148 48 72 546 637 cost 0
129 148 169 194 91 182 cost 0
0 18 72 97 273 364 cost 0
37 46 24 36 136 182 cost 0
111 148 0 48 546 728 cost 0
0 18 48 72 273 364 cost 0
83 92 24 36 0 45 cost 0
111 129 48 72 0 91 cost 0
129 148 169 194 0 91 cost 0
0 18 48 72 0 91 cost 0
129 148 169 194 546 637 cost 0
74 83 181 194 0 45 cost 0
111 129 48 72 455 546 cost 0
0 18 48 72 182 273 cost 0
111 148 0 48 182 364 cost 0
0 18 48 72 91 182 cost 0
0 37 145 194 546 728 cost 0
129 148 169 194 364 455 cost 0
18 27 109 121 0 45 cost 0
37 55 169 194 91 182 cost 0
92 111 24 48 91 182 cost 0
0 37 0 48 364 546 cost 0
0 37 0 48 546 728 cost 0
0 18 97 121 273 364 cost 0
0 37 0 48 182 364 cost 0
18 27 72 84 0 45 cost 0
129 148 48 72 182 273 cost 0
111 148 0 48 364 546 cost 0
111 129 48 72 546 637 cost 0
18 27 72 84 45 91 cost 0
0 18 72 97 91 182 cost 0
111 148 0 48 0 182 cost 0
129 148 48 72 91 182 cost 0
0 37 145 194 364 546 cost 0
111 129 48 72 91 182 cost 0
129 148 169 194 637 728 cost 0
37 55 145 169 273 364 cost 0
0 18 72 97 182 273 cost 0
0 18 97 121 182 273 cost 0
37 55 0 24 273 364 cost 0
37 46 24 36 91 136 cost 0
129 148 48 72 0 91 cost 0
111 129 48 72 182 273 cost 0
111 129 48 72 273 364 cost 0
92 111 0 24 0 91 cost 0
0 18 97 121 91 182 cost 0
37 55 169 194 0 91 cost 0
111 129 48 72 637 728 cost 0
partitioning time: 5.721249 seconds
