hostname : cph-bm1.uncc.edu
bounding: [1053872.965;1068485.726]x[860186.8419;879395.9741]x[3;730]
read 11056 observations
res: 50 50 1 bw: 2500 2500 1
box size: 294 x 386 x 728
nbparts: 32
max states: 197567552
mem: 17.66391563 GB (this is an order of magnitude)
29134957 states processed
solution: 0.1272972448 in 22 boxes.
naive: 2.038316503 speedup:16.01225938
sumload:2.039263135 overhead:1.000464419
128 294 320 386 0 384 cost 0.1272972448
160 224 192 224 0 728 cost 0.1268693599
96 128 192 386 0 480 cost 0.1259198704
32 96 96 192 0 480 cost 0.125504545
96 128 96 192 0 480 cost 0.1249642962
160 256 96 160 0 728 cost 0.1230673727
128 160 160 224 0 672 cost 0.1205000825
128 294 288 320 0 384 cost 0.1185294216
224 256 160 256 0 728 cost 0.1185050085
160 256 256 288 0 448 cost 0.1176203633
0 96 192 386 0 480 cost 0.1147839914
160 224 224 256 0 728 cost 0.1139488755
160 224 160 192 0 728 cost 0.1046815883
0 294 0 96 0 728 cost 0.1024980047
256 294 96 288 0 728 cost 0.1016511112
128 160 224 288 0 672 cost 0.0895937554
128 160 96 160 0 672 cost 0.0843649077
128 294 288 386 384 728 cost 0.0421033648
0 128 96 386 480 728 cost 0.0382389747
160 256 256 288 448 728 cost 0.0117024353
128 160 96 288 672 728 cost 0.0041419107
0 32 96 192 0 480 cost 0.0027766506
partitioning time: 6358.688773 seconds
