hostname : cph-c68.uncc.edu
bounding: [-130;-65]x[20;50]x[5875;5958]
read 588189 observations
res: 0.01 0.01 1 bw: 0.5 0.5 3
box size: 6501 x 3001 x 84
nbparts: 64
solution: 13.18345624 in 64 boxes.
naive: 162.5264313 speedup:12.32805938
sumload:183.75522 overhead:1.130617454
3250 4875 1500 2250 42 63 cost 13.18345624
4875 6501 1500 2250 21 42 cost 10.85128106
3250 4875 750 1500 21 42 cost 10.0228655
4875 6501 1500 2250 63 84 cost 9.920955029
0 3250 0 1500 0 42 cost 9.366631446
3250 4875 1500 2250 21 42 cost 9.015172168
0 3250 1500 3001 0 42 cost 7.482742516
3250 4875 1500 2250 63 84 cost 6.947585897
0 1625 750 1500 42 63 cost 6.665191681
3250 4875 750 1500 63 84 cost 6.056981878
4875 5688 1875 2250 52 63 cost 6.033199997
4875 5688 1875 2250 42 52 cost 5.930510695
0 1625 1500 2250 42 63 cost 4.979715264
4875 6501 1500 2250 0 21 cost 4.557629927
1625 3250 750 1500 42 63 cost 4.549028931
3250 4875 1500 2250 0 21 cost 3.74719035
3250 4875 750 1500 0 21 cost 3.535664292
3250 4875 2250 3001 42 63 cost 2.995717856
0 1625 2250 3001 42 63 cost 2.857827792
0 1625 750 1500 63 84 cost 2.816751148
3250 4062 750 1125 42 52 cost 2.681493442
1625 3250 1500 2250 42 63 cost 2.557928962
4062 4875 1125 1500 42 52 cost 2.36888879
4875 5688 1500 1875 52 63 cost 2.252549673
0 1625 1500 2250 63 84 cost 2.24014611
4062 4875 1125 1500 52 63 cost 2.229840455
3250 4875 2250 3001 21 42 cost 2.223903883
4062 4875 750 1125 42 52 cost 2.163882439
3250 4062 1125 1500 42 52 cost 2.157850912
4875 6501 750 1500 42 63 cost 2.141956322
4875 5688 1500 1875 42 52 cost 2.038059456
0 1625 2250 3001 63 84 cost 1.972037767
3250 4875 2250 3001 63 84 cost 1.890310146
4875 6501 0 750 42 63 cost 1.82282558
4062 4875 750 1125 52 63 cost 1.67847987
3250 4062 750 1125 52 63 cost 1.623689006
4875 6501 2250 3001 42 63 cost 1.607908127
1625 3250 750 1500 63 84 cost 1.361698854
4875 6501 750 1500 21 42 cost 1.252983464
1625 3250 1500 2250 63 84 cost 1.161195244
3250 4062 1125 1500 52 63 cost 1.152891347
3250 4875 0 750 42 63 cost 1.137865596
4875 6501 2250 3001 21 42 cost 1.136997077
4875 6501 0 750 21 42 cost 1.126248197
4875 6501 2250 3001 63 84 cost 0.98807219
3250 4875 2250 3001 0 21 cost 0.9645029354
5688 6501 1875 2250 42 52 cost 0.951959737
5688 6501 1875 2250 52 63 cost 0.8263252697
4875 6501 750 1500 63 84 cost 0.796471204
3250 4875 0 750 21 42 cost 0.7107458713
4875 6501 0 750 63 84 cost 0.5279234202
4875 6501 2250 3001 0 21 cost 0.5066960123
4875 6501 750 1500 0 21 cost 0.3796756555
1625 3250 0 750 42 63 cost 0.3785425887
3250 4875 0 750 63 84 cost 0.3343661051
4875 6501 0 750 0 21 cost 0.2996280117
1625 3250 2250 3001 42 63 cost 0.2275470876
3250 4875 0 750 0 21 cost 0.1734692709
1625 3250 2250 3001 63 84 cost 0.1286737028
1625 3250 0 750 63 84 cost 0.0621515235
0 1625 0 750 42 63 cost 0.0002795445
0 1625 0 750 63 84 cost 0.0002795445
5688 6501 1500 1875 42 52 cost 0.0001799181
5688 6501 1500 1875 52 63 cost 0
partitioning time: 5.903917 seconds
