hostname : cph-bm1.uncc.edu
bounding: [1053872.965;1068485.726]x[860186.8419;879395.9741]x[3;730]
read 11056 observations
res: 100 100 1 bw: 250 250 1
box size: 148 x 194 x 728
nbparts: 64
max states: 21861824
mem: 1.95459938 GB (this is an order of magnitude)
2500725 states processed
solution: 0.0002370931 in 64 boxes.
naive: 0.0102500115 speedup:43.23201097
sumload:0.0105758377 overhead:1.031787886
64 96 64 96 32 64 cost 0.0002370931
32 148 32 64 224 728 cost 0.0002246142
32 64 32 128 0 32 cost 0.0002210906
96 148 96 128 32 64 cost 0.0002149297
32 64 64 96 160 384 cost 0.0002099306
64 96 96 128 32 64 cost 0.0002093966
32 64 96 128 128 384 cost 0.0002067321
32 64 64 96 64 96 cost 0.0002062387
32 64 64 194 384 728 cost 0.0002054279
32 64 32 64 64 128 cost 0.0002047273
64 148 96 128 0 32 cost 0.0002035476
32 148 32 64 128 224 cost 0.0002024645
32 64 96 128 64 128 cost 0.00019681
64 96 96 128 64 96 cost 0.000196719
96 128 128 194 64 96 cost 0.000193913
64 96 64 96 64 96 cost 0.0001916243
96 128 64 128 64 96 cost 0.0001885438
32 64 128 194 64 384 cost 0.0001879009
32 64 64 96 32 64 cost 0.0001816818
64 96 128 194 32 64 cost 0.0001802744
32 64 64 96 96 160 cost 0.0001792603
96 148 128 160 32 64 cost 0.0001790686
32 64 96 194 32 64 cost 0.0001789068
64 148 32 96 0 32 cost 0.0001774481
0 32 0 194 0 728 cost 0.0001765098
64 148 32 64 32 128 cost 0.0001756854
32 64 32 64 32 64 cost 0.0001740866
64 96 128 160 96 192 cost 0.0001709073
96 128 96 160 96 128 cost 0.0001695194
64 128 96 128 224 256 cost 0.000169391
64 148 128 160 256 352 cost 0.0001674354
64 148 160 194 160 352 cost 0.0001673115
64 128 64 96 96 128 cost 0.0001612832
96 148 96 128 256 352 cost 0.0001599269
64 96 96 128 160 192 cost 0.0001581109
64 128 64 96 320 512 cost 0.0001568589
64 96 64 96 224 320 cost 0.0001568099
128 148 96 160 96 256 cost 0.0001554142
96 128 96 160 128 160 cost 0.0001543665
96 148 128 194 0 32 cost 0.0001543309
64 128 96 128 192 224 cost 0.0001541086
64 96 96 160 352 512 cost 0.0001536984
64 128 128 160 192 256 cost 0.0001532824
96 128 64 96 160 320 cost 0.0001527496
64 148 160 194 352 728 cost 0.0001467445
64 96 64 96 160 224 cost 0.0001456994
64 96 96 128 256 352 cost 0.0001449473
96 128 96 160 160 192 cost 0.0001444801
96 148 96 128 512 728 cost 0.0001440798
64 96 96 160 512 728 cost 0.000143577
96 148 96 128 352 512 cost 0.0001434732
64 128 64 96 128 160 cost 0.0001424861
64 128 64 96 512 728 cost 0.0001420509
64 96 96 128 128 160 cost 0.0001392777
64 148 160 194 96 160 cost 0.0001362249
96 148 128 160 352 728 cost 0.0001344039
64 96 128 194 64 96 cost 0.0001297311
64 96 96 128 96 128 cost 0.0001293493
128 148 64 96 96 728 cost 0.0001291722
96 148 160 194 32 64 cost 0.0001185426
96 148 64 96 32 64 cost 0.0001145168
32 96 128 194 0 32 cost 9.44987e-05
128 148 64 194 64 96 cost 9.22566e-05
32 148 0 32 0 728 cost 4.01949e-05
partitioning time: 437.499132 seconds
