hostname : cph-gpu1.uncc.edu
bounding: [1053872.965;1068485.726]x[860186.8419;879395.9741]x[3;730]
read 11056 observations
res: 100 100 1 bw: 250 250 1
box size: 148 x 194 x 728
nbparts: 32
max states: 10930912
mem: 0.9772996902 GB (this is an order of magnitude)
2790847 states processed
solution: 0.0012430692 in 14 boxes.
naive: 0.0102500115 speedup:8.245728798
sumload:0.0102973566 overhead:1.004619029
96 148 128 194 0 384 cost 0.0012430692
0 64 64 128 0 192 cost 0.0011857141
64 148 64 96 0 192 cost 0.0011829913
0 96 128 194 0 384 cost 0.0011508717
64 96 96 128 0 288 cost 0.0011089059
96 148 96 128 0 288 cost 0.0011027426
64 148 64 128 288 728 cost 0.0010682859
0 148 0 64 0 288 cost 0.0009585159
0 148 128 194 384 704 cost 0.0003475128
0 64 64 128 192 480 cost 0.0003317129
64 148 64 96 192 288 cost 0.0003206915
0 148 0 64 288 728 cost 0.0001561314
0 64 64 128 480 728 cost 0.000117521
0 148 128 194 704 728 cost 2.26904e-05
partitioning time: 573.203485 seconds
