hostname : cph-c15.uncc.edu
bounding: [1053872.965;1068485.726]x[860186.8419;879395.9741]x[3;730]
read 11056 observations
res: 50 50 1 bw: 2500 2500 14
box size: 294 x 386 x 728
nbparts: 512
solution: 0.0647314072 in 512 boxes.
naive: 8.268027147 speedup:127.7282158
sumload:8.803567229 overhead:1.064772415
147 183 144 193 182 273 cost 0.0647314072
36 73 144 193 0 91 cost 0.0638401515
73 110 96 144 91 182 cost 0.0628016176
73 147 96 193 546 728 cost 0.0626011136
110 147 48 96 0 91 cost 0.0611866488
73 110 241 289 0 91 cost 0.0589617952
73 147 193 289 546 728 cost 0.0588916109
110 147 193 241 182 273 cost 0.0588452954
183 220 144 193 182 273 cost 0.0587413583
183 220 289 337 91 182 cost 0.0579488157
220 294 193 289 546 728 cost 0.0573078828
183 220 337 386 0 91 cost 0.0564233131
36 73 96 144 0 91 cost 0.0562380528
147 183 241 289 182 273 cost 0.0557208532
110 147 144 193 182 273 cost 0.0553911989
183 220 241 289 182 273 cost 0.0549645518
220 257 193 241 182 273 cost 0.0539929789
147 183 96 144 91 182 cost 0.0529561153
73 110 48 96 0 91 cost 0.0528616951
147 220 289 386 364 546 cost 0.0521321698
220 257 144 193 91 182 cost 0.0520959258
257 294 193 241 0 91 cost 0.0505842322
0 73 0 96 0 182 cost 0.0481137985
183 220 96 144 0 91 cost 0.0477260269
73 147 289 386 182 364 cost 0.047348446
36 73 193 241 0 91 cost 0.0469192958
147 183 289 337 91 182 cost 0.0464648544
147 220 289 386 546 728 cost 0.0463760447
257 294 241 289 0 91 cost 0.0457561879
0 73 96 193 182 364 cost 0.0456574885
220 257 337 386 0 91 cost 0.0454096156
220 257 289 337 91 182 cost 0.0432250265
110 147 289 337 0 91 cost 0.0429754629
73 110 241 289 91 182 cost 0.0419857545
110 147 241 289 182 273 cost 0.0419240145
73 147 0 96 182 364 cost 0.0417364583
36 73 144 193 91 182 cost 0.0416068731
257 294 193 241 91 182 cost 0.0410078857
0 73 193 289 182 364 cost 0.0409365446
220 257 144 193 182 273 cost 0.0406844461
147 183 193 241 273 364 cost 0.0404657272
220 257 241 289 182 273 cost 0.040420128
183 220 193 241 273 364 cost 0.0397408824
220 294 289 386 364 546 cost 0.0384702765
110 147 96 144 182 273 cost 0.0362955718
220 294 96 193 364 546 cost 0.0361796227
36 73 96 144 91 182 cost 0.0360627408
110 147 48 96 91 182 cost 0.0360588347
147 183 337 386 0 91 cost 0.0355602038
257 294 241 289 91 182 cost 0.0348529783
183 220 289 337 182 273 cost 0.0340325957
257 294 289 337 0 91 cost 0.0337296117
73 110 193 241 182 273 cost 0.0333011127
220 294 289 386 546 728 cost 0.0332960101
183 220 96 144 91 182 cost 0.0331815802
73 110 144 193 182 273 cost 0.0330465842
147 183 144 193 273 364 cost 0.0325968542
183 220 241 289 273 364 cost 0.0316076697
220 257 193 241 273 364 cost 0.0315682238
257 294 144 193 0 91 cost 0.031449394
110 147 193 241 273 364 cost 0.0305775403
128 147 168 193 45 91 cost 0.0304556895
36 73 193 241 91 182 cost 0.0300538607
147 183 96 144 182 273 cost 0.0296931326
73 110 48 96 91 182 cost 0.0296890142
183 220 337 386 91 182 cost 0.0296248596
110 147 289 337 91 182 cost 0.0295597078
147 183 241 289 273 364 cost 0.0295330323
128 147 144 168 45 91 cost 0.0292309393
110 147 144 193 273 364 cost 0.0292225679
0 73 289 386 0 182 cost 0.0288942262
147 183 48 96 0 91 cost 0.0285676002
183 220 144 193 273 364 cost 0.0285014673
147 165 168 193 45 91 cost 0.0282948581
147 165 193 217 45 91 cost 0.028094877
110 128 144 168 45 91 cost 0.0280440238
165 183 193 217 45 91 cost 0.0277878058
110 128 168 193 45 91 cost 0.0275513108
128 147 193 217 45 91 cost 0.0274792589
220 257 289 337 182 273 cost 0.0272503312
220 294 96 193 546 728 cost 0.0271507192
165 183 168 193 45 91 cost 0.0265603377
128 147 120 144 45 91 cost 0.0264173398
147 183 289 337 182 273 cost 0.0263145627
257 294 193 241 182 273 cost 0.0262358128
91 110 144 168 45 91 cost 0.0258374406
73 110 96 144 182 273 cost 0.0256787389
165 183 217 241 45 91 cost 0.0254920955
36 73 241 289 0 91 cost 0.0253126891
183 220 193 241 364 455 cost 0.0251966517
257 294 144 193 91 182 cost 0.0251404011
110 128 120 144 45 91 cost 0.0250623894
147 165 217 241 45 91 cost 0.0248921638
220 257 241 289 273 364 cost 0.0247340251
73 110 241 289 182 273 cost 0.0245889797
147 165 144 168 45 91 cost 0.0245025794
147 183 193 241 364 455 cost 0.024471272
91 110 168 193 45 91 cost 0.0244501179
183 201 193 217 45 91 cost 0.0241022618
110 128 193 217 45 91 cost 0.0238358798
128 147 217 241 45 91 cost 0.023465036
220 257 337 386 91 182 cost 0.0231918674
183 201 217 241 45 91 cost 0.0231662889
73 110 289 337 0 91 cost 0.022912247
91 110 120 144 45 91 cost 0.0227325619
201 220 193 217 45 91 cost 0.0221718689
201 220 217 241 45 91 cost 0.0221402122
165 183 241 265 45 91 cost 0.0220401794
183 201 168 193 45 91 cost 0.0215297688
201 220 241 265 45 91 cost 0.0214720189
165 183 144 168 45 91 cost 0.0214118802
183 201 241 265 45 91 cost 0.0213584442
220 257 144 193 273 364 cost 0.0213097344
110 147 241 289 273 364 cost 0.0209953557
91 110 193 217 45 91 cost 0.0209555794
147 165 241 265 45 91 cost 0.0208405787
110 128 217 241 45 91 cost 0.0206775196
257 294 289 337 91 182 cost 0.0206644999
201 220 265 289 45 91 cost 0.0205792238
183 220 96 144 182 273 cost 0.0205173211
220 257 193 241 364 455 cost 0.0203726417
147 183 144 193 364 455 cost 0.0203307904
147 183 193 241 546 637 cost 0.0200829674
257 294 241 289 182 273 cost 0.0200772102
183 220 289 337 273 364 cost 0.0198718186
147 165 120 144 45 91 cost 0.0197890292
183 201 265 289 45 91 cost 0.0197360317
128 147 96 120 45 91 cost 0.0195133142
183 220 193 241 546 637 cost 0.019419986
147 183 337 386 91 182 cost 0.0193473761
165 183 265 289 45 91 cost 0.0192247006
73 91 144 168 45 91 cost 0.0191753932
73 110 144 193 273 364 cost 0.0191460047
110 128 96 120 45 91 cost 0.0191007627
91 110 217 241 45 91 cost 0.0189945786
257 294 144 193 182 273 cost 0.0189566069
201 220 168 193 45 91 cost 0.0189144807
110 147 193 241 364 455 cost 0.01890845
183 220 144 193 364 455 cost 0.018864613
220 238 193 217 45 91 cost 0.0188529321
220 238 217 241 45 91 cost 0.0187974043
128 147 241 265 45 91 cost 0.0186999298
183 220 241 289 364 455 cost 0.0184759162
73 110 193 241 273 364 cost 0.0183166405
147 183 144 193 546 637 cost 0.0182022972
110 147 96 144 273 364 cost 0.0180967472
257 294 337 386 0 91 cost 0.0180577379
220 238 241 265 45 91 cost 0.0179421539
110 147 144 193 364 455 cost 0.0177234278
220 257 96 144 0 91 cost 0.0176807581
128 147 144 168 0 45 cost 0.0176693244
128 147 168 193 0 45 cost 0.017647996
91 110 96 120 45 91 cost 0.0174030464
73 91 168 193 45 91 cost 0.0173579148
73 91 120 144 45 91 cost 0.0173281069
73 147 289 386 364 546 cost 0.0170167758
147 165 168 193 0 45 cost 0.0170150769
201 220 289 313 45 91 cost 0.0169975457
147 165 265 289 45 91 cost 0.016985787
183 220 337 386 182 273 cost 0.0169638689
128 147 168 193 91 136 cost 0.0168982076
257 294 193 241 273 364 cost 0.0168829449
165 183 193 217 136 182 cost 0.0168807479
110 128 144 168 91 136 cost 0.016872865
147 183 241 289 364 455 cost 0.0168646284
165 183 193 217 91 136 cost 0.0168531975
220 238 265 289 45 91 cost 0.0168225577
147 165 193 217 0 45 cost 0.0167709685
165 183 193 217 0 45 cost 0.016755719
147 165 193 217 91 136 cost 0.0166662513
128 147 120 144 0 45 cost 0.0166491071
128 147 144 168 91 136 cost 0.0165449814
110 128 144 168 0 45 cost 0.0165003663
147 183 48 96 91 182 cost 0.0164814566
128 147 193 217 91 136 cost 0.0163958297
165 183 120 144 45 91 cost 0.0163845539
147 165 193 217 136 182 cost 0.0163767384
183 201 289 313 45 91 cost 0.0163510404
165 183 168 193 0 45 cost 0.0162667987
147 220 0 96 182 364 cost 0.016240031
165 183 217 241 0 45 cost 0.0160821861
220 257 289 337 273 364 cost 0.0160391501
165 183 217 241 136 182 cost 0.0159825847
110 128 168 193 91 136 cost 0.0159431789
183 220 144 193 546 637 cost 0.0158999541
128 147 193 217 0 45 cost 0.0158852191
183 201 144 168 45 91 cost 0.0158406954
147 183 193 241 455 546 cost 0.015840191
110 128 120 144 0 45 cost 0.015793514
220 257 241 289 364 455 cost 0.015738749
147 165 217 241 0 45 cost 0.0156914419
73 110 289 337 91 182 cost 0.0156813697
147 165 168 193 91 136 cost 0.0156701896
183 220 193 241 455 546 cost 0.0156512965
147 165 217 241 136 182 cost 0.0155695098
110 128 168 193 0 45 cost 0.0155085744
91 110 144 168 91 136 cost 0.0154063337
165 183 289 313 45 91 cost 0.0153965852
36 73 241 289 91 182 cost 0.0153899923
183 201 193 217 136 182 cost 0.0153524672
128 147 193 217 136 182 cost 0.0153172975
220 238 168 193 45 91 cost 0.0153118076
165 183 168 193 91 136 cost 0.0152643689
238 257 217 241 45 91 cost 0.0152526405
165 183 217 241 91 136 cost 0.0152501919
91 110 144 168 0 45 cost 0.015163736
147 165 144 168 0 45 cost 0.0151630624
183 201 193 217 91 136 cost 0.0150279774
147 183 144 193 455 546 cost 0.0150234396
147 165 217 241 91 136 cost 0.0149879677
147 183 289 337 273 364 cost 0.0149071186
0 73 96 193 546 728 cost 0.0148555985
0 73 96 193 364 546 cost 0.0148041961
183 201 217 241 136 182 cost 0.0147859255
238 257 193 217 45 91 cost 0.0147720673
110 128 241 265 45 91 cost 0.0147352336
220 257 337 386 182 273 cost 0.01473378
128 147 217 241 0 45 cost 0.0147239089
128 147 120 144 91 136 cost 0.0147184026
147 183 96 144 273 364 cost 0.0146998342
183 201 193 217 0 45 cost 0.0146787729
128 147 217 241 136 182 cost 0.0146559784
110 128 193 217 91 136 cost 0.0146552294
110 128 120 144 91 136 cost 0.0146455935
110 147 337 386 0 91 cost 0.0146064249
183 201 217 241 0 45 cost 0.0145533848
165 183 168 193 136 182 cost 0.0145130341
128 147 217 241 91 136 cost 0.0144842377
238 257 241 265 45 91 cost 0.0144734097
91 110 168 193 91 136 cost 0.0144666685
73 91 193 217 45 91 cost 0.0144105467
91 110 120 144 0 45 cost 0.0143803917
147 165 168 193 136 182 cost 0.0142304073
201 220 313 337 45 91 cost 0.0142294158
128 147 265 289 45 91 cost 0.014216105
128 147 168 193 136 182 cost 0.0141169897
201 220 217 241 0 45 cost 0.01410363
201 220 193 217 136 182 cost 0.0140666452
165 183 241 265 0 45 cost 0.0139957601
201 220 265 289 0 45 cost 0.013931738
183 201 217 241 91 136 cost 0.0139017475
201 220 193 217 91 136 cost 0.0138881104
73 91 96 120 45 91 cost 0.0138446794
201 220 241 265 0 45 cost 0.0137821961
165 183 241 265 136 182 cost 0.0137744891
220 257 96 144 91 182 cost 0.0137542738
201 220 217 241 136 182 cost 0.0137473842
183 201 241 265 0 45 cost 0.013710988
91 110 168 193 0 45 cost 0.0136354677
147 165 144 168 91 136 cost 0.0135999223
238 257 265 289 45 91 cost 0.0135963229
201 220 193 217 0 45 cost 0.0135858054
73 91 217 241 45 91 cost 0.0135727058
220 238 289 313 45 91 cost 0.0135207529
147 165 241 265 136 182 cost 0.0134677979
183 201 168 193 0 45 cost 0.0134541527
110 128 193 217 0 45 cost 0.013436365
183 201 265 289 0 45 cost 0.0134132378
183 201 313 337 45 91 cost 0.013402552
201 220 217 241 91 136 cost 0.0133769014
165 183 144 168 0 45 cost 0.0132950053
110 128 217 241 91 136 cost 0.0132478083
183 201 241 265 136 182 cost 0.0132114453
183 220 144 193 455 546 cost 0.0131873911
147 165 96 120 45 91 cost 0.0131817865
183 220 241 289 546 637 cost 0.0131817083
257 294 289 337 182 273 cost 0.0131704565
183 201 168 193 136 182 cost 0.0131701546
110 147 241 289 364 455 cost 0.0131491193
147 165 241 265 0 45 cost 0.0131064637
128 147 96 120 0 45 cost 0.0130431678
91 110 193 217 91 136 cost 0.0130399785
183 201 168 193 91 136 cost 0.0130116956
257 294 241 289 273 364 cost 0.0129788693
165 183 241 265 91 136 cost 0.0129619476
73 147 0 96 364 546 cost 0.0129358399
110 128 96 120 0 45 cost 0.0128787784
201 220 241 265 136 182 cost 0.01287079
110 128 217 241 0 45 cost 0.012817851
201 220 289 313 0 45 cost 0.0127829939
165 183 265 289 0 45 cost 0.0127635988
201 220 144 168 45 91 cost 0.0127401433
201 220 241 265 91 136 cost 0.0127155991
73 147 289 386 546 728 cost 0.0126977109
73 110 96 144 273 364 cost 0.0126664725
147 165 289 313 45 91 cost 0.0126396362
147 165 120 144 0 45 cost 0.0125896718
147 165 241 265 91 136 cost 0.0125892948
165 183 144 168 91 136 cost 0.0124879062
183 201 241 265 91 136 cost 0.0123625965
220 257 193 241 455 546 cost 0.0123004155
91 110 217 241 91 136 cost 0.0122892505
220 238 217 241 0 45 cost 0.0122853485
73 110 241 289 273 364 cost 0.0122697036
220 238 193 217 91 136 cost 0.0122652264
183 201 289 313 0 45 cost 0.0122616566
147 183 193 241 637 728 cost 0.0122481335
183 220 193 241 637 728 cost 0.0122179462
128 147 241 265 136 182 cost 0.0121858035
201 220 168 193 0 45 cost 0.0120874166
91 110 217 241 0 45 cost 0.0120794336
147 183 241 289 546 637 cost 0.0120140866
201 220 168 193 136 182 cost 0.0119954883
220 238 241 265 0 45 cost 0.0118913067
128 147 144 168 136 182 cost 0.0118857227
91 110 96 120 0 45 cost 0.0118680768
91 110 193 217 0 45 cost 0.011800321
220 238 193 217 0 45 cost 0.0117362563
165 183 193 217 182 227 cost 0.0117240596
73 91 144 168 91 136 cost 0.0116850139
220 238 265 289 0 45 cost 0.0116628532
238 257 168 193 45 91 cost 0.0116383595
128 147 241 265 0 45 cost 0.0116305212
201 220 265 289 91 136 cost 0.0115866539
220 238 313 337 45 91 cost 0.0115733772
220 238 217 241 91 136 cost 0.0115470116
201 220 168 193 91 136 cost 0.0115418975
257 294 144 193 273 364 cost 0.0115113083
110 147 144 193 455 546 cost 0.0114555136
128 147 241 265 91 136 cost 0.0114355861
110 128 193 217 136 182 cost 0.0114109714
110 128 217 241 136 182 cost 0.0113112945
73 91 144 168 0 45 cost 0.0112705728
183 201 193 217 182 227 cost 0.0112429438
238 257 289 313 45 91 cost 0.01122753
165 183 289 313 0 45 cost 0.011196432
73 147 0 96 546 728 cost 0.0111797128
165 183 313 337 45 91 cost 0.0111274461
110 128 96 120 91 136 cost 0.0110726058
147 165 265 289 0 45 cost 0.0110421105
73 91 120 144 0 45 cost 0.0110205832
165 183 265 289 91 136 cost 0.0109985452
183 201 265 289 91 136 cost 0.0109766474
73 110 193 241 364 455 cost 0.0109519873
220 238 193 217 136 182 cost 0.0108857218
220 238 241 265 91 136 cost 0.0108159885
110 128 168 193 136 182 cost 0.0107888739
201 220 313 337 0 45 cost 0.010772473
73 110 144 193 364 455 cost 0.010750707
128 147 96 120 91 136 cost 0.0107343864
165 183 193 217 227 273 cost 0.0107185646
0 73 193 289 364 546 cost 0.0106855522
147 165 193 217 182 227 cost 0.0106831801
165 183 265 289 136 182 cost 0.0106544199
183 201 265 289 136 182 cost 0.0106434971
110 147 96 144 364 455 cost 0.0106393365
201 220 193 217 182 227 cost 0.01062823
201 220 265 289 136 182 cost 0.0106221967
147 165 144 168 136 182 cost 0.0106155484
238 257 193 217 91 136 cost 0.0105891153
183 220 241 289 455 546 cost 0.0105814492
165 183 217 241 182 227 cost 0.0105510588
110 147 193 241 455 546 cost 0.0105425123
165 183 120 144 0 45 cost 0.010515066
220 257 96 144 182 273 cost 0.0105023126
220 238 217 241 136 182 cost 0.0104710239
73 91 168 193 91 136 cost 0.0104498376
110 128 265 289 45 91 cost 0.0104465016
257 294 193 241 364 455 cost 0.0104455672
220 238 289 313 0 45 cost 0.0103789412
0 36 193 241 0 91 cost 0.0103713814
147 165 265 289 91 136 cost 0.0103504473
110 128 144 168 136 182 cost 0.0103483656
147 183 241 289 455 546 cost 0.0103311062
0 36 241 289 0 91 cost 0.010229116
147 165 265 289 136 182 cost 0.0102231503
238 257 217 241 91 136 cost 0.0102221973
183 201 313 337 0 45 cost 0.0102078824
165 183 144 168 136 182 cost 0.010200276
183 201 217 241 182 227 cost 0.0101550928
238 257 217 241 0 45 cost 0.0101366429
183 201 144 168 91 136 cost 0.0100400991
238 257 313 337 45 91 cost 0.0100129914
183 201 144 168 0 45 cost 0.01000533
128 147 120 144 136 182 cost 0.0099723564
220 238 241 265 136 182 cost 0.0099092145
238 257 241 265 0 45 cost 0.0098310351
238 257 265 289 0 45 cost 0.0098045052
183 201 193 217 227 273 cost 0.00978829
220 238 168 193 0 45 cost 0.0097740734
183 220 241 289 637 728 cost 0.0097489997
147 165 193 217 227 273 cost 0.0097462471
165 183 217 241 227 273 cost 0.0097421646
147 165 217 241 182 227 cost 0.009737783
257 294 337 386 91 182 cost 0.0097283772
165 183 96 120 45 91 cost 0.0096553491
147 183 337 386 182 273 cost 0.0095962598
73 91 168 193 0 45 cost 0.0095772991
220 238 265 289 91 136 cost 0.0095652752
0 73 0 96 182 364 cost 0.0095413534
201 220 217 241 182 227 cost 0.0094948781
0 73 289 386 182 364 cost 0.0094590278
183 220 96 144 273 364 cost 0.009455955
147 183 144 193 637 728 cost 0.0094353696
73 91 96 120 0 45 cost 0.0094217379
110 128 241 265 0 45 cost 0.0094189843
183 220 337 386 273 364 cost 0.0094139696
220 238 144 168 45 91 cost 0.0093613457
238 257 241 265 91 136 cost 0.009341771
183 220 48 96 0 91 cost 0.0093383538
201 220 193 217 227 273 cost 0.0092893232
110 128 241 265 91 136 cost 0.0092347034
238 257 193 217 0 45 cost 0.0092267117
128 147 265 289 0 45 cost 0.0092025143
147 183 241 289 637 728 cost 0.0091414511
0 73 193 289 546 728 cost 0.0091134723
110 128 120 144 136 182 cost 0.009062168
147 165 217 241 227 273 cost 0.0090262523
73 91 193 217 91 136 cost 0.009020504
183 201 144 168 136 182 cost 0.0090180555
91 110 193 217 136 182 cost 0.0089874899
91 110 217 241 136 182 cost 0.0089806888
128 147 265 289 136 182 cost 0.0089561481
183 201 217 241 227 273 cost 0.0089280999
238 257 289 313 0 45 cost 0.0089250505
128 147 265 289 91 136 cost 0.0089113419
73 91 217 241 91 136 cost 0.0089085508
110 128 241 265 136 182 cost 0.0088590075
220 238 313 337 0 45 cost 0.008855102
110 147 96 144 455 546 cost 0.0088083809
257 294 241 289 364 455 cost 0.0087886338
147 165 289 313 0 45 cost 0.0087481289
147 165 96 120 0 45 cost 0.0087182301
73 91 217 241 0 45 cost 0.0086686791
201 220 217 241 227 273 cost 0.0086561032
91 110 168 193 136 182 cost 0.0086353212
91 110 144 168 136 182 cost 0.0086328476
110 147 337 386 91 182 cost 0.0086322469
147 183 96 144 364 455 cost 0.0086283779
238 257 217 241 136 182 cost 0.0085679548
238 257 193 217 136 182 cost 0.0084708954
257 294 289 337 273 364 cost 0.0084630027
201 220 144 168 0 45 cost 0.0084533986
183 220 144 193 637 728 cost 0.0084336727
165 183 313 337 0 45 cost 0.0082889146
220 257 241 289 455 546 cost 0.0082046714
220 238 265 289 136 182 cost 0.0080748916
238 257 241 265 136 182 cost 0.0080673649
73 110 241 289 364 455 cost 0.008059853
201 220 144 168 91 136 cost 0.0080302413
238 257 265 289 91 136 cost 0.0079946254
238 257 313 337 0 45 cost 0.0079733618
147 165 313 337 45 91 cost 0.0079559088
73 91 193 217 0 45 cost 0.0079047665
220 257 337 386 273 364 cost 0.0078993156
147 183 96 144 546 637 cost 0.0077853137
201 220 144 168 136 182 cost 0.0076590072
110 147 241 289 455 546 cost 0.0075638259
73 110 96 144 364 455 cost 0.0074839649
147 183 96 144 455 546 cost 0.0074138832
110 147 0 48 0 91 cost 0.0073298054
183 220 48 96 91 182 cost 0.0072813344
128 147 96 120 136 182 cost 0.0072722995
0 36 144 193 0 91 cost 0.0072464529
238 257 168 193 0 45 cost 0.0071575659
73 110 144 193 455 546 cost 0.0071055844
110 128 96 120 136 182 cost 0.0070568785
110 128 265 289 0 45 cost 0.0068869417
0 36 193 241 91 182 cost 0.0068628866
110 128 265 289 91 136 cost 0.0068313442
238 257 144 168 45 91 cost 0.0067444309
238 257 265 289 136 182 cost 0.0067439358
165 183 96 120 0 45 cost 0.0067155148
110 128 265 289 136 182 cost 0.006675337
0 36 241 289 91 182 cost 0.0064692548
73 91 144 168 136 182 cost 0.0064107815
73 110 96 144 455 546 cost 0.0063366867
220 238 144 168 0 45 cost 0.0062103962
73 110 193 241 455 546 cost 0.0061640503
73 110 0 48 0 91 cost 0.0061446345
257 294 337 386 182 273 cost 0.0061072044
147 220 0 96 364 546 cost 0.0060379014
73 91 168 193 136 182 cost 0.0058215795
73 91 217 241 136 182 cost 0.0058015387
147 183 337 386 273 364 cost 0.0056515306
73 91 193 217 136 182 cost 0.0056447668
183 220 96 144 546 637 cost 0.0056111385
147 220 0 96 546 728 cost 0.0056096537
183 220 96 144 364 455 cost 0.0054192
0 36 144 193 91 182 cost 0.0052621956
147 165 313 337 0 45 cost 0.0052381494
257 294 96 144 0 91 cost 0.00512004
257 294 193 241 455 546 cost 0.0050176743
183 220 96 144 455 546 cost 0.0047832334
73 110 241 289 455 546 cost 0.0046494301
220 257 96 144 273 364 cost 0.0044763313
147 183 96 144 637 728 cost 0.004409966
147 183 0 48 0 91 cost 0.0043885979
257 294 96 144 91 182 cost 0.0043872407
238 257 144 168 0 45 cost 0.0042414784
257 294 337 386 273 364 cost 0.0039901206
257 294 241 289 455 546 cost 0.0037056503
257 294 96 144 182 273 cost 0.0036809948
110 147 0 48 91 182 cost 0.0034134115
0 73 0 96 364 546 cost 0.0031783827
183 220 96 144 637 728 cost 0.0029678226
0 73 0 96 546 728 cost 0.002947332
73 110 337 386 0 91 cost 0.0026892193
73 110 0 48 91 182 cost 0.0024947736
147 183 0 48 91 182 cost 0.0023856414
257 294 96 144 273 364 cost 0.0019832332
0 73 289 386 364 546 cost 0.0019609939
73 110 337 386 91 182 cost 0.0018859643
0 36 96 144 0 91 cost 0.0018538217
0 36 96 144 91 182 cost 0.0012887653
0 73 289 386 546 728 cost 0.0010428437
183 220 0 48 0 91 cost 0.0008331173
183 220 0 48 91 182 cost 0.0006287415
220 294 0 96 0 182 cost 0.0003464805
220 294 0 96 546 728 cost 0.0001028288
220 294 0 96 182 364 cost 7.13848e-05
220 294 0 96 364 546 cost 2.97443e-05
partitioning time: 2.723738 seconds
