hostname : cph-gpu2.uncc.edu
bounding: [1053872.965;1068485.726]x[860186.8419;879395.9741]x[3;730]
read 11056 observations
res: 100 100 1 bw: 250 250 1
box size: 148 x 194 x 728
nbparts: 64
max load allowed: 0.0004804692891
max states: 5465088
mem: 0.4886169434 GB (this is an order of magnitude)
118442 states processed
solution: 0.0004762786 in 43 boxes.
naive: 0.0102500115 speedup:21.52104147
sumload:0.0103837223 overhead:1.013044941
96 128 96 128 192 704 cost 0.0004762786
64 96 64 96 64 192 cost 0.0004685752
64 96 96 128 128 256 cost 0.0004597862
96 128 128 160 0 128 cost 0.0004449358
0 64 64 96 64 192 cost 0.000439801
64 96 128 160 0 192 cost 0.0004375616
64 96 64 96 192 728 cost 0.0004123163
96 128 160 194 0 256 cost 0.0004076658
96 128 96 128 64 192 cost 0.0003973657
0 64 96 128 0 128 cost 0.0003925826
0 64 0 64 64 256 cost 0.0003719295
0 64 128 194 0 320 cost 0.0003600603
128 148 0 128 0 192 cost 0.0003437895
64 96 64 96 0 64 cost 0.0003278082
64 96 96 128 64 128 cost 0.0003191803
96 128 128 160 128 384 cost 0.0003171179
64 96 0 64 0 256 cost 0.0003030627
64 96 96 128 0 64 cost 0.0002947682
0 64 96 128 128 728 cost 0.0002819496
96 128 0 96 0 192 cost 0.0002818134
0 64 64 96 192 728 cost 0.0002708673
0 64 64 96 0 64 cost 0.0002648855
0 64 0 64 0 64 cost 0.0002599035
96 128 96 128 0 64 cost 0.0002535637
64 96 96 128 256 512 cost 0.0002520538
128 148 0 128 192 448 cost 0.0001790634
64 96 160 194 0 192 cost 0.0001573026
96 128 160 194 256 728 cost 0.000154261
64 96 128 160 192 384 cost 0.0001507894
96 128 0 96 192 320 cost 0.0001159845
96 128 128 160 384 728 cost 0.0001116054
0 64 0 64 256 728 cost 0.0001115559
64 96 96 128 512 728 cost 9.92799e-05
96 128 0 96 320 728 cost 9.85224e-05
64 96 0 64 256 728 cost 7.52658e-05
64 96 160 194 192 728 cost 6.92304e-05
64 96 128 160 384 640 cost 6.35463e-05
0 64 128 194 320 728 cost 6.05375e-05
128 148 0 128 448 728 cost 4.38405e-05
128 148 128 194 0 728 cost 3.44322e-05
96 128 96 128 704 728 cost 7.1472e-06
64 96 128 160 640 704 cost 6.5679e-06
64 96 128 160 704 728 cost 5.1678e-06
partitioning time: 145.425266 seconds
