hostname : cph-c1.uncc.edu
bounding: [1053872.965;1068485.726]x[860186.8419;879395.9741]x[3;730]
read 11056 observations
res: 100 100 1 bw: 250 250 1
box size: 148 x 194 x 728
nbparts: 16
solution: 0.0015103387 in 22 boxes.
naive: 0.0102500115 speedup:6.786564828
sumload:0.0103007275 overhead:1.004947897
74 148 0 97 0 364 cost 0.0015103387
0 74 97 194 0 364 cost 0.0014720379
37 74 48 97 0 182 cost 0.0014108951
74 111 97 145 0 182 cost 0.0012341195
74 148 97 194 364 728 cost 0.0007116604
111 148 97 145 0 182 cost 0.0006201195
74 111 145 194 0 182 cost 0.000577099
74 111 97 145 182 364 cost 0.0005197606
37 74 48 97 182 364 cost 0.0003425575
111 148 145 194 0 182 cost 0.0003171135
74 148 0 97 364 728 cost 0.0002684637
111 148 97 145 182 364 cost 0.0002581791
0 74 0 97 364 728 cost 0.000249438
0 74 97 194 364 728 cost 0.0002084202
37 74 0 48 0 182 cost 0.0001959423
74 111 145 194 182 364 cost 0.0001662425
111 148 145 194 182 364 cost 0.0001133426
0 37 48 97 0 182 cost 6.74478e-05
37 74 0 48 182 364 cost 3.78939e-05
0 37 48 97 182 364 cost 1.96557e-05
0 37 0 48 0 182 cost 0
0 37 0 48 182 364 cost 0
partitioning time: 0.056366 seconds
