hostname : cph-c54.uncc.edu
bounding: [-130;-65]x[20;50]x[5875;5958]
read 588189 observations
res: 0.01 0.01 1 bw: 0.5 0.5 3
box size: 6501 x 3001 x 84
nbparts: 32
mem: 0.02683353424 GB (this is an order of magnitude)
266497 states processed
solution: 9.710239339 in 25 boxes.
naive: 162.5264313 speedup:16.73763392
sumload:162.5373142 overhead:1.000066961
1024 1280 1280 1536 0 84 cost 9.710239339
2560 4096 0 1024 0 84 cost 9.598870175
2560 4096 1792 3001 0 84 cost 9.059486516
4096 4608 2048 3001 0 84 cost 8.93322747
2560 4096 1280 1792 0 84 cost 8.874989927
4864 5376 1792 2048 0 84 cost 8.411358136
4096 4608 0 1536 0 84 cost 8.411183512
4608 4864 0 1536 0 84 cost 8.207257047
4608 4864 1536 3001 0 84 cost 8.149979637
5376 5632 2048 3001 0 84 cost 7.903273797
4096 4608 1536 2048 0 84 cost 7.811501499
4864 5376 1280 1792 0 84 cost 7.506579712
2560 4096 1024 1280 0 84 cost 7.407898768
5376 5632 0 2048 0 84 cost 7.234405477
5632 6501 2048 2304 0 84 cost 7.115939298
1280 2560 0 1536 0 84 cost 6.984187979
0 1024 0 2048 0 84 cost 6.982841931
1280 2560 1536 3001 0 84 cost 6.110409482
4864 5376 0 1280 0 84 cost 5.704237737
0 1024 2048 3001 0 84 cost 5.307980562
4864 5376 2048 3001 0 84 cost 3.839748274
1024 1280 1536 3001 0 84 cost 1.44038514
5632 6501 2304 3001 0 84 cost 0.98336838
5632 6501 0 2048 0 84 cost 0.5618505462
1024 1280 0 1280 0 84 cost 0.2861139064
partitioning time: 3322.383049 seconds
