hostname : cph-c45.uncc.edu
bounding: [1053872.965;1068485.726]x[860186.8419;879395.9741]x[3;730]
read 11056 observations
res: 50 50 1 bw: 100 100 1
box size: 294 x 386 x 728
nbparts: 16
max states: 84208
mem: 0.007528781891 GB (this is an order of magnitude)
10306 states processed
solution: 0.0005458688 in 16 boxes.
naive: 0.0053159259 speedup:9.738468108
sumload:0.0053412463 overhead:1.004763121
128 192 192 256 0 256 cost 0.0005458688
192 294 192 256 0 256 cost 0.0005364256
64 128 128 192 0 728 cost 0.0004886265
64 128 192 386 0 728 cost 0.000486618
192 294 256 320 0 728 cost 0.0004750054
128 192 128 192 0 256 cost 0.0004719666
128 192 256 386 0 728 cost 0.0004616643
192 294 128 192 0 728 cost 0.00036285
64 128 64 128 0 728 cost 0.0003619539
192 294 320 386 0 728 cost 0.0002844801
192 294 192 256 256 728 cost 0.000234605
128 294 64 128 0 728 cost 0.0001908909
128 192 192 256 256 728 cost 0.0001797796
128 192 128 192 256 728 cost 0.0001473927
0 64 0 386 0 728 cost 9.30141e-05
64 294 0 64 0 728 cost 2.01048e-05
partitioning time: 1.510247 seconds
