hostname : cph-c54.uncc.edu
bounding: [1053872.965;1068485.726]x[860186.8419;879395.9741]x[3;730]
read 11056 observations
res: 100 100 1 bw: 250 250 1
box size: 148 x 194 x 728
nbparts: 64
mem: 0.1066131592 GB (this is an order of magnitude)
29970 states processed
solution: 0.0006893981 in 37 boxes.
naive: 0.0102500115 speedup:14.86805882
sumload:0.0104947368 overhead:1.023875612
64 128 64 128 32 64 cost 0.0006893981
64 128 128 194 0 64 cost 0.0006821282
64 128 64 128 384 728 cost 0.0006108504
64 128 128 194 256 728 cost 0.0005889453
0 64 0 194 32 64 cost 0.0005815847
64 128 64 128 64 96 cost 0.0005748201
0 64 0 194 96 160 cost 0.0005702452
64 128 128 194 128 256 cost 0.0005459654
64 128 128 194 64 128 cost 0.0005290259
0 64 0 194 256 728 cost 0.0005264688
64 128 64 128 192 256 cost 0.0005153593
64 128 64 128 256 384 cost 0.0005115413
0 64 0 194 64 96 cost 0.0005072297
64 128 64 128 96 128 cost 0.0003868456
0 64 0 194 160 256 cost 0.0003859984
64 128 0 64 0 728 cost 0.0003783285
64 128 64 128 128 160 cost 0.0003659875
64 128 64 128 160 192 cost 0.000359001
64 128 64 128 0 32 cost 0.0003089594
0 64 0 194 0 32 cost 0.0002627484
128 148 0 128 64 96 cost 8.75406e-05
128 148 0 128 32 64 cost 8.36019e-05
128 148 0 128 256 352 cost 8.22146e-05
128 148 0 128 128 192 cost 8.17349e-05
128 148 0 128 352 728 cost 7.7628e-05
128 148 0 128 96 128 cost 6.97525e-05
128 148 0 128 192 256 cost 6.44893e-05
128 148 0 128 0 32 cost 3.05676e-05
128 148 128 194 32 64 cost 5.6403e-06
128 148 128 194 416 728 cost 5.3004e-06
128 148 128 194 256 416 cost 5.2971e-06
128 148 128 194 64 96 cost 4.7319e-06
128 148 128 194 96 128 cost 3.8556e-06
128 148 128 194 192 256 cost 3.7565e-06
128 148 128 194 128 160 cost 3.4099e-06
128 148 128 194 160 192 cost 2.9715e-06
128 148 128 194 0 32 cost 8.13e-07
partitioning time: 23.871188 seconds
