hostname : cph-c64.uncc.edu
bounding: [-130;-65]x[20;50]x[5875;5958]
read 588189 observations
res: 0.1 0.1 1 bw: 5 5 14
box size: 651 x 301 x 84
nbparts: 64
solution: 28.67569001 in 64 boxes.
naive: 430.2508241 speedup:15.0040269
sumload:520.3032819 overhead:1.209302232
325 488 75 150 42 63 cost 28.67569001
0 325 150 301 0 42 cost 28.47034106
0 325 0 150 0 42 cost 26.65333654
488 651 150 225 21 42 cost 24.33403684
325 488 150 225 21 42 cost 23.48728161
325 488 75 150 21 42 cost 22.49562956
488 651 150 225 63 84 cost 21.008965
325 488 150 225 63 84 cost 17.33650271
0 162 150 225 42 63 cost 15.71574778
325 488 75 150 63 84 cost 13.85844181
488 651 225 301 42 63 cost 13.38436696
0 162 75 150 42 63 cost 12.90754408
162 325 75 150 42 63 cost 12.15915126
325 488 225 301 42 63 cost 12.0744416
488 651 225 301 21 42 cost 10.1504854
488 651 150 225 0 21 cost 9.943072559
488 651 75 150 42 63 cost 9.556091174
325 488 150 225 0 21 cost 9.347821631
325 488 225 301 21 42 cost 9.311401313
0 162 150 225 63 84 cost 9.046647915
162 325 150 225 42 63 cost 8.979770778
488 651 225 301 63 84 cost 8.900618968
325 488 75 150 0 21 cost 7.761274004
325 488 0 75 42 63 cost 7.537925116
488 569 187 225 52 63 cost 7.438750669
488 569 187 225 42 52 cost 7.417821655
325 488 225 301 63 84 cost 7.379775349
488 569 150 187 52 63 cost 7.14824185
488 569 150 187 42 52 cost 7.122892854
0 162 75 150 63 84 cost 7.072240673
488 651 75 150 21 42 cost 6.950721402
406 488 150 187 52 63 cost 6.476772016
406 488 150 187 42 52 cost 6.420652136
0 162 225 301 42 63 cost 6.192341112
325 488 0 75 21 42 cost 5.94184062
406 488 187 225 52 63 cost 5.837984771
406 488 187 225 42 52 cost 5.785250604
488 651 75 150 63 84 cost 4.904667387
162 325 75 150 63 84 cost 4.832904518
0 162 225 301 63 84 cost 4.410406582
162 325 150 225 63 84 cost 4.295408976
488 651 225 301 0 21 cost 4.275561298
325 488 225 301 0 21 cost 3.966602319
488 651 0 75 42 63 cost 3.5317976
325 406 150 187 42 52 cost 3.39315534
325 488 0 75 63 84 cost 3.217414904
325 406 150 187 52 63 cost 3.067576304
569 651 187 225 52 63 cost 2.901954613
569 651 187 225 42 52 cost 2.83652281
325 406 187 225 42 52 cost 2.783090835
488 651 0 75 21 42 cost 2.67398388
325 406 187 225 52 63 cost 2.647570068
488 651 75 150 0 21 cost 2.364209776
162 325 0 75 42 63 cost 2.080109836
569 651 150 187 52 63 cost 1.973399229
162 325 225 301 42 63 cost 1.954731181
569 651 150 187 42 52 cost 1.932109989
325 488 0 75 0 21 cost 1.839567769
488 651 0 75 63 84 cost 1.478522854
162 325 225 301 63 84 cost 1.178679849
488 651 0 75 0 21 cost 0.7624027905
162 325 0 75 63 84 cost 0.7073305255
0 162 0 75 42 63 cost 0.0080894611
0 162 0 75 63 84 cost 0.0036397967
partitioning time: 7.740828 seconds
