hostname : cph-c23.uncc.edu
bounding: [1053872.965;1068485.726]x[860186.8419;879395.9741]x[3;730]
read 11056 observations
res: 50 50 1 bw: 2500 2500 14
box size: 294 x 386 x 728
nbparts: 64
max load allowed: 0.3875637725
max states: 5390784
mem: 0.4819736481 GB (this is an order of magnitude)
137001 states processed
solution: 0.3873765347 in 33 boxes.
naive: 8.268027147 speedup:21.34364477
sumload:8.385628218 overhead:1.014223595
192 256 192 256 128 512 cost 0.3873765347
64 128 192 256 0 192 cost 0.3847210951
192 256 256 320 0 192 cost 0.3833483753
128 192 256 320 0 192 cost 0.3784580832
128 192 0 128 0 728 cost 0.3756178184
64 128 64 128 0 448 cost 0.3746146349
128 192 192 256 128 320 cost 0.3655517164
192 256 192 256 0 128 cost 0.3533069569
0 64 0 256 0 728 cost 0.3504504584
128 192 128 192 64 192 cost 0.3502479241
256 294 0 256 0 728 cost 0.3284176991
192 256 320 386 0 728 cost 0.320640415
64 128 256 386 0 728 cost 0.3026512124
128 192 128 192 192 728 cost 0.3008338289
64 128 128 192 64 192 cost 0.2991291383
192 256 128 192 0 192 cost 0.2898787429
128 192 192 256 64 128 cost 0.239364188
128 192 192 256 0 64 cost 0.2374324539
128 192 128 192 0 64 cost 0.2310639012
256 294 256 386 0 728 cost 0.2257038192
128 192 320 386 0 728 cost 0.2133518873
192 256 256 320 192 728 cost 0.2123080128
192 256 128 192 192 728 cost 0.2121717999
128 192 256 320 192 728 cost 0.2039947954
64 128 128 192 0 64 cost 0.1974387213
64 128 128 192 192 728 cost 0.1886451044
128 192 192 256 320 728 cost 0.1854459303
64 128 192 256 192 728 cost 0.1826039461
192 256 0 128 0 728 cost 0.0804411669
192 256 192 256 512 728 cost 0.0724932926
0 64 256 386 0 728 cost 0.0709771919
64 128 0 64 0 728 cost 0.0584085553
64 128 64 128 448 728 cost 0.0285388175
partitioning time: 193.582734 seconds
