hostname : cph-c21.uncc.edu
bounding: [1053872.965;1068485.726]x[860186.8419;879395.9741]x[3;730]
read 11056 observations
res: 100 100 1 bw: 2500 2500 1
box size: 148 x 194 x 728
nbparts: 64
max states: 5465088
mem: 0.4886169434 GB (this is an order of magnitude)
1414673 states processed
solution: 0.0160783737 in 47 boxes.
naive: 0.5210794803 speedup:32.40871807
sumload:0.5262960637 overhead:1.010011109
96 148 64 96 192 704 cost 0.0160783737
32 64 128 194 0 320 cost 0.0159176605
64 96 32 64 0 192 cost 0.0152362104
32 64 96 128 64 192 cost 0.015202755
64 96 96 194 384 728 cost 0.014999059
96 128 160 194 0 256 cost 0.0149613285
64 96 96 128 192 384 cost 0.0146112993
64 96 128 160 64 192 cost 0.0145610223
64 96 96 128 0 64 cost 0.014523079
96 128 96 128 256 728 cost 0.0144060954
64 96 96 128 64 128 cost 0.0143610606
0 32 32 96 0 728 cost 0.014255483
64 96 64 96 0 64 cost 0.0141832557
96 128 96 128 128 256 cost 0.0141786765
96 128 128 160 64 192 cost 0.0140980384
64 96 64 96 128 256 cost 0.0139789785
128 148 96 128 0 728 cost 0.0136836153
96 128 64 96 0 128 cost 0.0133428098
64 96 64 96 64 128 cost 0.0133425827
32 64 64 96 64 128 cost 0.0128971844
64 96 64 96 256 728 cost 0.012864769
32 64 32 64 64 256 cost 0.012832629
128 148 128 194 0 384 cost 0.0124845762
32 64 32 96 256 728 cost 0.0122372361
32 64 64 96 0 64 cost 0.0120504973
0 32 96 194 0 728 cost 0.0118433392
64 96 160 194 0 384 cost 0.0116691661
32 64 96 128 192 728 cost 0.0113610643
96 128 96 128 0 64 cost 0.0113537133
96 128 96 128 64 128 cost 0.0110856847
64 96 96 128 128 192 cost 0.0110218036
96 148 128 194 384 728 cost 0.0103883461
96 128 128 160 0 64 cost 0.0103712966
64 96 128 160 0 64 cost 0.009608175
32 64 96 128 0 64 cost 0.0092313003
32 64 64 96 128 256 cost 0.009114966
32 64 32 64 0 64 cost 0.0084598701
96 128 128 160 192 384 cost 0.0082163463
64 96 128 160 192 384 cost 0.0081051434
64 148 32 64 192 728 cost 0.0076428526
0 148 0 32 0 728 cost 0.0072996437
96 128 64 96 128 192 cost 0.0050128548
128 148 64 96 0 192 cost 0.0041299466
96 148 32 64 0 192 cost 0.0034599397
32 64 128 194 320 728 cost 0.0032557492
96 128 160 194 256 384 cost 0.0021275168
96 148 64 96 704 728 cost 0.0002490697
partitioning time: 293.501233 seconds
