hostname : cph-c11.uncc.edu
bounding: [-130;-65]x[20;50]x[5875;5958]
read 588189 observations
res: 0.1 0.1 1 bw: 2.5 2.5 7
box size: 651 x 301 x 84
nbparts: 16
mem: 0.0003433227539 GB (this is an order of magnitude)
10088 states processed
solution: 7.440616471 in 16 boxes.
naive: 67.21899211 speedup:9.034062215
sumload:67.27867362 overhead:1.000887867
512 576 192 256 0 84 cost 7.440616471
256 384 0 128 0 84 cost 6.416368741
128 256 0 301 0 84 cost 6.130906365
256 384 128 301 0 84 cost 5.988901477
0 128 0 192 0 84 cost 5.754983348
448 512 128 192 0 84 cost 5.449498905
448 512 0 128 0 84 cost 5.23595486
384 448 0 192 0 84 cost 5.211195009
512 576 0 192 0 84 cost 4.787522863
384 448 192 301 0 84 cost 4.658777235
448 512 192 301 0 84 cost 4.512867524
0 128 192 301 0 84 cost 3.109245958
576 651 192 256 0 84 cost 2.268831032
576 651 0 192 0 84 cost 0.2119510255
576 651 256 301 0 84 cost 0.0575005104
512 576 256 301 0 84 cost 0.0435522928
partitioning time: 119.538864 seconds
