hostname : cph-gpu4.uncc.edu
bounding: [1053872.965;1068485.726]x[860186.8419;879395.9741]x[3;730]
read 11056 observations
res: 100 100 1 bw: 2500 2500 1
box size: 148 x 194 x 728
nbparts: 32
max states: 596224
mem: 0.05330657959 GB (this is an order of magnitude)
368071 states processed
solution: 0.0486491702 in 16 boxes.
naive: 0.5210794803 speedup:10.71096338
sumload:0.525122295 overhead:1.007758538
64 128 0 128 288 728 cost 0.0486491702
64 128 128 194 96 384 cost 0.0483844648
64 128 64 128 0 64 cost 0.047025302
64 128 64 128 64 128 cost 0.0452998996
64 128 128 194 0 96 cost 0.0449412567
0 64 64 128 96 480 cost 0.0442568825
0 64 64 128 0 96 cost 0.0427206154
128 148 0 194 0 704 cost 0.0357707593
64 128 64 128 128 192 cost 0.0326056604
0 64 0 64 0 480 cost 0.0324842835
64 128 64 128 192 288 cost 0.0312138265
64 128 0 64 0 288 cost 0.0241442778
0 64 128 194 0 480 cost 0.0219058654
64 128 128 194 384 728 cost 0.0147660639
0 64 0 194 480 728 cost 0.0107612403
128 148 0 194 704 728 cost 0.0001927267
partitioning time: 45.413489 seconds
