hostname : cph-gpu4.uncc.edu
bounding: [1053872.965;1068485.726]x[860186.8419;879395.9741]x[3;730]
read 11056 observations
res: 50 50 1 bw: 2500 2500 14
box size: 294 x 386 x 728
nbparts: 32
max states: 197567552
mem: 17.66391563 GB (this is an order of magnitude)
11457010 states processed
solution: 0.2778927247 in 32 boxes.
naive: 8.268027147 speedup:29.75258585
sumload:8.447297083 overhead:1.021682311
0 96 0 128 0 576 cost 0.2778927247
192 294 0 386 480 728 cost 0.2777526478
192 224 160 256 0 128 cost 0.277106493
0 160 128 320 256 352 cost 0.2756178535
64 160 128 224 160 256 cost 0.2754483147
128 160 128 192 0 160 cost 0.2753392735
160 192 224 320 128 576 cost 0.2745737855
192 224 160 386 224 480 cost 0.2737700377
160 192 224 320 0 128 cost 0.2724698802
64 160 256 320 64 256 cost 0.272128932
0 160 128 320 352 576 cost 0.2721164646
160 192 0 192 0 128 cost 0.2712779455
224 294 160 386 256 480 cost 0.2710206764
192 294 0 160 0 480 cost 0.2698264659
0 64 128 320 0 256 cost 0.2689005232
224 294 160 256 0 96 cost 0.2669432489
96 128 128 192 0 160 cost 0.2660364327
160 192 192 224 0 576 cost 0.2645687284
96 160 192 224 0 160 cost 0.2633344124
192 224 256 386 0 128 cost 0.2632050765
224 294 160 386 96 160 cost 0.2600525965
64 160 224 320 0 64 cost 0.2585545723
224 294 256 386 0 96 cost 0.2581763786
96 160 0 128 0 96 cost 0.2543538537
64 160 224 256 64 256 cost 0.253580605
64 96 128 224 0 160 cost 0.2533146537
224 294 160 386 160 256 cost 0.2525694455
192 224 160 386 128 224 cost 0.2523233202
160 192 0 192 128 576 cost 0.2491671479
0 192 320 386 0 728 cost 0.2486204674
96 160 0 128 96 576 cost 0.2424039106
0 192 0 320 576 728 cost 0.2348502141
partitioning time: 1551.261300 seconds
