hostname : cph-c54.uncc.edu
bounding: [1053872.965;1068485.726]x[860186.8419;879395.9741]x[3;730]
read 11056 observations
res: 50 50 1 bw: 100 100 1
box size: 294 x 386 x 728
nbparts: 64
max load allowed: 0.0003322453687
max states: 6173952
mem: 0.5519943237 GB (this is an order of magnitude)
488981 states processed
solution: 0.0003306492 in 32 boxes.
naive: 0.0053159259 speedup:16.07723805
sumload:0.0053450431 overhead:1.005477352
160 192 224 320 0 512 cost 0.0003306492
224 294 160 224 0 512 cost 0.0003252072
96 160 256 386 0 728 cost 0.0003034975
192 224 288 386 0 728 cost 0.000293097
192 224 224 288 0 728 cost 0.0002885376
160 192 0 192 0 256 cost 0.0002842902
224 294 224 288 0 512 cost 0.0002836374
96 160 0 128 0 256 cost 0.0002751555
192 224 0 224 0 256 cost 0.0002560086
96 160 192 224 0 728 cost 0.0002549256
0 96 160 224 0 728 cost 0.0002501574
0 96 0 160 0 256 cost 0.0002496801
96 160 128 160 0 728 cost 0.0002448648
96 160 160 192 0 256 cost 0.0002393826
224 294 288 386 0 512 cost 0.0002338806
96 160 224 256 0 256 cost 0.0002250678
160 192 192 224 0 256 cost 0.0001698021
192 224 0 224 256 728 cost 0.0001283898
0 96 224 386 0 256 cost 0.0001178388
160 192 0 192 256 728 cost 9.05658e-05
96 160 160 192 256 728 cost 8.57355e-05
96 160 224 256 256 728 cost 6.29817e-05
160 192 320 386 0 728 cost 6.09873e-05
160 192 192 224 256 728 cost 5.9718e-05
96 160 0 128 256 728 cost 5.46783e-05
0 96 0 160 256 728 cost 4.42317e-05
224 294 160 224 512 728 cost 2.76438e-05
0 96 224 386 256 728 cost 2.48844e-05
224 294 288 386 512 728 cost 2.19378e-05
160 192 224 320 512 728 cost 2.1393e-05
224 294 0 160 0 728 cost 1.95468e-05
224 294 224 288 512 728 cost 1.66692e-05
partitioning time: 227.343243 seconds
