hostname : cph-c50.uncc.edu
bounding: [1053872.965;1068485.726]x[860186.8419;879395.9741]x[3;730]
read 11056 observations
res: 100 100 1 bw: 2500 2500 1
box size: 148 x 194 x 728
nbparts: 64
max states: 21861824
mem: 1.95459938 GB (this is an order of magnitude)
5115110 states processed
solution: 0.0162687813 in 48 boxes.
naive: 0.5210794803 speedup:32.02941085
sumload:0.5251054608 overhead:1.007726231
96 128 64 96 32 192 cost 0.0162687813
32 64 64 96 64 160 cost 0.0161287942
128 148 64 128 0 288 cost 0.0160366766
64 96 32 96 256 672 cost 0.0159161316
32 64 128 160 0 480 cost 0.0157131226
64 128 128 160 288 728 cost 0.0154316701
96 128 128 160 0 96 cost 0.0153953604
96 128 96 128 192 480 cost 0.0152998048
64 96 32 64 0 192 cost 0.0152362104
32 64 96 128 0 96 cost 0.0149423852
96 128 32 96 192 728 cost 0.0148223546
64 96 128 160 96 288 cost 0.0146891532
128 148 128 194 0 704 cost 0.0145553514
64 96 128 160 0 96 cost 0.0145348875
64 96 96 128 0 64 cost 0.014523079
64 96 96 128 64 128 cost 0.0143610606
64 96 64 96 0 64 cost 0.0141832557
96 128 96 128 32 96 cost 0.0140641187
96 128 128 160 96 288 cost 0.0140001084
96 128 160 194 0 224 cost 0.01396545
0 96 160 194 0 384 cost 0.0137025061
64 96 96 128 288 728 cost 0.0135005151
64 96 64 96 96 192 cost 0.0133016275
0 32 32 96 0 480 cost 0.0132175604
32 64 96 128 96 256 cost 0.0129412129
32 64 32 64 0 96 cost 0.0128052562
96 128 96 128 96 192 cost 0.0126890593
32 64 64 96 0 64 cost 0.0120504973
0 32 96 160 0 480 cost 0.0110858551
64 96 96 128 128 192 cost 0.0110218036
32 64 32 64 96 480 cost 0.0108492715
32 64 64 96 160 480 cost 0.010782303
64 96 96 128 192 288 cost 0.0095501602
64 96 64 96 64 96 cost 0.0083587873
0 64 32 160 480 672 cost 0.008326959
64 96 32 96 192 256 cost 0.007421677
0 148 0 32 0 728 cost 0.0072996437
96 128 64 128 0 32 cost 0.0057416148
0 128 160 194 384 728 cost 0.0055239291
96 128 96 128 480 728 cost 0.005094209
32 64 96 128 256 480 cost 0.0050246391
128 148 32 128 288 704 cost 0.0049223196
96 128 32 64 0 192 cost 0.0032630401
96 128 160 194 224 384 cost 0.0031231673
0 64 32 160 672 728 cost 0.0019616374
64 96 32 96 672 728 cost 0.0009905055
128 148 32 64 0 288 cost 0.0002952207
128 148 32 194 704 728 cost 0.0001927267
partitioning time: 1234.854812 seconds
