hostname : cph-gpu1.uncc.edu
bounding: [1053872.965;1068485.726]x[860186.8419;879395.9741]x[3;730]
read 11056 observations
res: 50 50 1 bw: 2500 2500 1
box size: 294 x 386 x 728
nbparts: 64
mem: 0.4819736481 GB (this is an order of magnitude)
94537 states processed
solution: 0.0569146514 in 47 boxes.
naive: 2.038316503 speedup:35.81356386
sumload:2.06779571 overhead:1.014462527
128 192 192 256 0 64 cost 0.0569146514
128 192 192 256 64 128 cost 0.0563868492
192 294 192 256 64 128 cost 0.0559194257
128 192 128 192 0 64 cost 0.0557310723
192 294 192 256 0 64 cost 0.0556094639
64 128 192 320 64 128 cost 0.0549881287
128 192 128 192 128 256 cost 0.0549170965
128 192 0 128 0 128 cost 0.0542723236
128 192 256 386 0 64 cost 0.0541818266
64 128 192 320 0 64 cost 0.0532903108
64 128 192 320 128 256 cost 0.0532353348
128 192 128 192 64 128 cost 0.0524138103
192 294 192 256 320 728 cost 0.0517833093
64 128 128 192 64 128 cost 0.0507505172
128 192 128 192 256 728 cost 0.0505544202
192 294 256 320 0 64 cost 0.05036053
128 192 256 386 128 256 cost 0.0500544954
192 294 192 256 192 320 cost 0.0498309397
192 294 0 192 256 728 cost 0.0491170022
192 294 0 192 128 256 cost 0.0487248433
128 192 256 386 256 728 cost 0.0478356686
64 128 128 192 0 64 cost 0.0473612223
192 294 256 320 256 728 cost 0.0471492255
128 192 256 386 64 128 cost 0.0465401649
64 128 192 320 256 728 cost 0.0463091692
192 294 256 320 128 256 cost 0.0460459319
64 128 128 192 192 728 cost 0.0457909755
128 192 192 256 320 728 cost 0.0454290487
128 192 192 256 192 320 cost 0.045246913
64 128 0 128 128 728 cost 0.0435323587
128 192 192 256 128 192 cost 0.0433881954
192 294 256 320 64 128 cost 0.0419200736
0 64 0 386 128 728 cost 0.0402235294
192 294 192 256 128 192 cost 0.0402177063
128 192 0 128 128 728 cost 0.0392397085
192 294 0 192 0 64 cost 0.0386052162
64 128 0 128 0 64 cost 0.0385194381
192 294 0 192 64 128 cost 0.0373569792
0 64 0 386 64 128 cost 0.0342980052
64 128 0 128 64 128 cost 0.0332190623
0 64 0 386 0 64 cost 0.0305343426
192 294 320 386 0 64 cost 0.0301273626
192 294 320 386 256 728 cost 0.0265423091
64 128 128 192 128 192 cost 0.0223268451
192 294 320 386 64 128 cost 0.0216895796
192 294 320 386 128 256 cost 0.0212170873
64 128 320 386 0 728 cost 0.00809324
partitioning time: 57.158757 seconds
