hostname : cph-gpu1.uncc.edu
bounding: [1053872.965;1068485.726]x[860186.8419;879395.9741]x[3;730]
read 11056 observations
res: 50 50 1 bw: 100 100 1
box size: 294 x 386 x 728
nbparts: 64
mem: 1.927911758 GB (this is an order of magnitude)
162883 states processed
solution: 0.0001221687 in 64 boxes.
naive: 0.0053159259 speedup:43.51299392
sumload:0.0054496993 overhead:1.025164647
128 192 128 192 32 64 cost 0.0001221687
128 192 128 192 288 728 cost 0.0001208946
128 192 256 386 128 256 cost 0.0001156649
0 128 256 386 0 128 cost 0.0001140485
128 192 256 386 64 128 cost 0.000113701
0 128 128 192 64 96 cost 0.0001117682
128 192 256 386 256 728 cost 0.0001102221
192 294 192 256 32 64 cost 0.0001098305
128 192 0 128 96 728 cost 0.0001079019
192 294 192 256 288 448 cost 0.00010727
128 192 192 256 32 64 cost 0.0001065938
0 128 256 386 128 728 cost 0.0001057426
0 128 128 192 128 256 cost 0.0001042586
192 294 256 320 288 728 cost 0.0001037773
192 294 0 192 256 728 cost 0.0001031217
192 294 192 256 64 96 cost 0.0001028107
128 192 192 256 64 96 cost 0.0001024527
192 294 0 192 128 256 cost 0.0001017159
0 128 128 192 256 728 cost 0.0001013902
128 192 128 192 64 96 cost 9.94864e-05
0 128 192 256 0 64 cost 9.94099e-05
192 294 192 256 160 224 cost 9.80538e-05
0 128 0 128 96 192 cost 9.78736e-05
0 128 128 192 32 64 cost 9.7736e-05
192 294 256 320 32 64 cost 9.76376e-05
0 128 192 256 96 192 cost 9.56442e-05
192 294 192 256 448 728 cost 9.55579e-05
192 294 256 320 160 288 cost 9.55123e-05
128 192 256 386 32 64 cost 9.43482e-05
128 192 128 192 192 288 cost 9.27394e-05
128 192 0 128 0 96 cost 9.18993e-05
0 128 0 128 32 64 cost 9.12265e-05
0 128 192 256 192 728 cost 9.09938e-05
128 192 192 256 256 384 cost 9.08617e-05
128 192 128 192 128 192 cost 9.05744e-05
128 192 192 256 192 256 cost 9.04592e-05
128 192 192 256 384 728 cost 8.95179e-05
0 128 0 128 192 728 cost 8.81458e-05
192 294 0 192 0 64 cost 8.39123e-05
128 192 192 256 160 192 cost 8.23673e-05
192 294 192 256 224 288 cost 8.17444e-05
192 294 0 192 64 128 cost 7.80001e-05
192 294 256 320 96 160 cost 7.45404e-05
192 294 320 386 128 288 cost 7.32594e-05
192 294 192 256 96 128 cost 7.27704e-05
128 192 192 256 128 160 cost 7.09444e-05
192 294 256 320 64 96 cost 6.77228e-05
128 192 192 256 96 128 cost 6.62593e-05
192 294 320 386 288 728 cost 6.55065e-05
192 294 192 256 128 160 cost 6.34898e-05
0 128 192 256 64 96 cost 6.25314e-05
192 294 320 386 64 128 cost 6.13843e-05
0 128 0 128 64 96 cost 6.05703e-05
0 128 128 192 96 128 cost 5.94035e-05
128 192 128 192 96 128 cost 5.93971e-05
192 294 320 386 32 64 cost 5.78723e-05
192 294 192 256 0 32 cost 5.66751e-05
192 294 256 320 0 32 cost 4.8175e-05
128 192 128 192 0 32 cost 4.80787e-05
128 192 192 256 0 32 cost 4.71201e-05
0 128 0 128 0 32 cost 4.37199e-05
0 128 128 192 0 32 cost 4.1805e-05
128 192 256 386 0 32 cost 3.69201e-05
192 294 320 386 0 32 cost 3.25176e-05
partitioning time: 112.400243 seconds
