hostname : cph-c14.uncc.edu
bounding: [1053872.965;1068485.726]x[860186.8419;879395.9741]x[3;730]
read 11056 observations
res: 50 50 1 bw: 2500 2500 1
box size: 294 x 386 x 728
nbparts: 64
max states: 6173952
mem: 0.5519943237 GB (this is an order of magnitude)
1376159 states processed
solution: 0.0632850466 in 47 boxes.
naive: 2.038316503 speedup:32.20850125
sumload:2.040228695 overhead:1.000938123
64 192 64 96 0 728 cost 0.0632850466
160 192 96 160 0 728 cost 0.0631193435
192 256 64 160 0 728 cost 0.0630573074
160 192 192 224 0 512 cost 0.0629476039
128 160 192 224 0 728 cost 0.0625049262
128 160 256 320 0 728 cost 0.0620916999
160 192 224 256 0 728 cost 0.0599018619
128 160 160 192 0 728 cost 0.0596754392
64 96 96 160 0 728 cost 0.0593700154
192 256 288 320 0 512 cost 0.0589397878
160 192 160 192 0 728 cost 0.058695339
64 96 160 224 0 728 cost 0.0586919317
192 224 192 224 0 728 cost 0.0579957204
96 160 96 128 0 256 cost 0.0576009409
192 294 320 352 0 512 cost 0.0566252441
224 294 256 288 0 728 cost 0.0563599271
160 192 288 352 0 728 cost 0.0558995698
0 64 64 192 0 728 cost 0.0552009112
192 224 224 256 0 728 cost 0.054106204
128 160 224 256 0 728 cost 0.0527660765
224 294 160 192 0 728 cost 0.0520149765
256 294 192 256 0 728 cost 0.0519530603
64 294 352 386 0 512 cost 0.0513501352
128 160 128 160 0 728 cost 0.051127726
96 128 160 192 0 728 cost 0.0498672942
96 128 128 160 0 728 cost 0.0490242143
64 96 224 352 0 728 cost 0.0488300206
96 128 192 224 0 728 cost 0.0476210419
160 192 256 288 0 728 cost 0.0472350693
96 128 256 352 0 728 cost 0.0470418792
192 224 256 288 0 728 cost 0.0466844858
0 64 192 352 0 728 cost 0.0460973584
192 224 160 192 0 728 cost 0.0460391963
224 256 192 224 0 728 cost 0.0443598669
224 256 224 256 0 728 cost 0.0415477665
96 128 224 256 0 728 cost 0.0400060336
0 294 0 64 0 256 cost 0.0232834649
256 294 288 320 0 512 cost 0.0146738968
96 160 96 128 256 728 cost 0.0126399509
192 294 288 352 512 728 cost 0.011995955
128 160 320 352 0 728 cost 0.0112688857
256 294 64 160 0 728 cost 0.0095075232
64 294 352 386 512 728 cost 0.0062153965
160 192 192 224 512 728 cost 0.0060280623
0 294 0 64 256 728 cost 0.0049805378
0 32 352 386 0 728 cost 0
32 64 352 386 0 728 cost 0
partitioning time: 358.218088 seconds
