hostname : cph-c78.uncc.edu
bounding: [1053872.965;1068485.726]x[860186.8419;879395.9741]x[3;730]
read 11056 observations
res: 50 50 1 bw: 2500 2500 14
box size: 294 x 386 x 728
nbparts: 64
mem: 0.03011512756 GB (this is an order of magnitude)
43498 states processed
solution: 0.7389119986 in 19 boxes.
naive: 8.268027147 speedup:11.18946121
sumload:8.307704188 overhead:1.004798852
128 192 192 256 0 256 cost 0.7389119986
192 294 192 256 0 256 cost 0.7254220271
192 294 0 192 0 728 cost 0.6958350735
64 128 128 192 0 728 cost 0.664136896
128 192 128 192 0 256 cost 0.6513532231
128 192 256 386 0 256 cost 0.6014321769
64 128 192 256 0 728 cost 0.5643914492
192 294 256 320 0 256 cost 0.5515323288
64 128 0 128 0 728 cost 0.4610812243
0 64 0 386 0 728 cost 0.4213535404
128 192 0 128 0 728 cost 0.3756178184
64 128 256 386 0 728 cost 0.3026512124
192 294 192 256 256 728 cost 0.2960848321
192 294 320 386 0 256 cost 0.2911067175
128 192 192 256 256 728 cost 0.257811674
128 192 128 192 256 728 cost 0.2089000031
128 192 256 386 256 728 cost 0.1959631094
192 294 256 320 256 728 cost 0.1950439399
192 294 320 386 256 728 cost 0.1090749431
partitioning time: 12.642188 seconds
