hostname : cph-c41.uncc.edu
bounding: [1053872.965;1068485.726]x[860186.8419;879395.9741]x[3;730]
read 11056 observations
res: 100 100 1 bw: 2500 2500 1
box size: 148 x 194 x 728
nbparts: 32
max states: 148864
mem: 0.01330947876 GB (this is an order of magnitude)
26253 states processed
solution: 0.047025302 in 32 boxes.
naive: 0.5210794803 speedup:11.08083219
sumload:0.5297318258 overhead:1.016604656
64 128 64 128 0 64 cost 0.047025302
64 128 64 128 64 128 cost 0.0452998996
0 64 0 64 0 728 cost 0.0347089991
0 64 64 194 64 128 cost 0.0345620615
64 128 64 128 128 192 cost 0.0326056604
0 64 64 194 0 64 cost 0.0322144398
64 128 128 194 0 64 cost 0.0305502938
64 148 0 64 0 728 cost 0.0292773033
0 64 64 194 128 256 cost 0.0275599645
64 128 128 194 64 128 cost 0.0249787524
0 64 64 194 256 728 cost 0.0242245364
64 128 64 128 192 256 cost 0.0229973807
64 128 128 194 128 192 cost 0.0162929208
64 128 64 128 256 320 cost 0.014661329
64 128 128 194 192 256 cost 0.0105422809
64 128 64 128 320 384 cost 0.009853367
64 148 64 128 384 448 cost 0.0084869491
128 148 64 194 64 128 cost 0.0083054897
128 148 64 194 0 64 cost 0.0082987849
64 128 128 194 256 320 cost 0.0075115884
64 148 128 194 576 728 cost 0.0069038063
64 148 64 128 576 640 cost 0.0065287046
64 148 64 128 512 576 cost 0.0062997535
64 148 128 194 448 576 cost 0.0057824501
64 148 64 128 640 728 cost 0.0056537705
128 148 64 194 128 192 cost 0.0051432452
64 128 128 194 320 384 cost 0.0050216692
64 148 64 128 448 512 cost 0.0046526831
64 148 128 194 384 448 cost 0.0044217971
128 148 64 194 192 256 cost 0.0041141364
128 148 64 194 256 320 cost 0.0032618993
128 148 64 194 320 384 cost 0.0019906072
partitioning time: 3.876823 seconds
