hostname : cph-gpu1.uncc.edu
bounding: [1053872.965;1068485.726]x[860186.8419;879395.9741]x[3;730]
read 11056 observations
res: 50 50 1 bw: 2500 2500 1
box size: 294 x 386 x 728
nbparts: 32
mem: 17.66391563 GB (this is an order of magnitude)
466278 states processed
solution: 0.0761566626 in 32 boxes.
naive: 2.038316503 speedup:26.7647824
sumload:2.056478956 overhead:1.008910517
160 256 288 386 64 192 cost 0.0761566626
256 294 0 386 0 160 cost 0.0740949235
160 256 192 256 0 64 cost 0.074061836
160 256 288 386 192 728 cost 0.0737054431
160 256 192 256 64 128 cost 0.0724845118
160 256 160 192 0 160 cost 0.0711669114
160 256 0 160 128 728 cost 0.0705458783
160 256 0 160 0 128 cost 0.0691552221
128 160 224 386 128 728 cost 0.0686909751
160 256 160 192 160 728 cost 0.0669880731
160 256 256 288 128 728 cost 0.0666215811
0 96 160 386 64 160 cost 0.0665642276
160 256 192 256 320 728 cost 0.0662606426
96 128 128 386 64 128 cost 0.065721636
96 128 0 128 0 728 cost 0.0655273701
96 128 128 386 224 728 cost 0.0648439043
160 256 288 386 0 64 cost 0.064787092
128 160 224 386 0 128 cost 0.0637343547
160 256 192 256 192 320 cost 0.0634710863
160 256 256 288 0 128 cost 0.0633100735
96 128 128 386 0 64 cost 0.0631672398
256 294 0 386 160 728 cost 0.0628093051
128 160 160 224 128 728 cost 0.0624497228
0 96 0 160 96 728 cost 0.0613901618
0 96 0 160 0 96 cost 0.0609497677
128 160 160 224 0 128 cost 0.0602696205
0 96 160 386 160 728 cost 0.0582042193
128 160 0 160 96 728 cost 0.0580808627
160 256 192 256 128 192 cost 0.0549846123
128 160 0 160 0 96 cost 0.0525892491
0 96 160 386 0 64 cost 0.0477017916
96 128 128 386 128 224 cost 0.0459899978
partitioning time: 493.570153 seconds
