hostname : cph-c11.uncc.edu
bounding: [1053872.965;1068485.726]x[860186.8419;879395.9741]x[3;730]
read 11056 observations
res: 50 50 1 bw: 100 100 1
box size: 294 x 386 x 728
nbparts: 16
mem: 0.120493412 GB (this is an order of magnitude)
14287 states processed
solution: 0.0003997983 in 16 boxes.
naive: 0.0053159259 speedup:13.29651952
sumload:0.0053884444 overhead:1.013641744
0 256 320 386 0 728 cost 0.0003997983
0 256 192 256 64 128 cost 0.0003937334
0 256 256 320 64 192 cost 0.0003888864
0 256 192 256 0 64 cost 0.0003792304
0 256 128 192 64 128 cost 0.0003710948
0 256 128 192 0 64 cost 0.0003663865
0 256 256 320 192 728 cost 0.0003547812
0 256 0 128 0 128 cost 0.000349644
0 256 128 192 128 256 cost 0.0003357977
0 256 128 192 256 728 cost 0.0003200839
0 256 192 256 320 728 cost 0.0003193924
256 294 0 386 0 728 cost 0.0003076386
0 256 192 256 192 320 cost 0.0002971246
0 256 256 320 0 64 cost 0.000291931
0 256 192 256 128 192 cost 0.0002849629
0 256 0 128 128 728 cost 0.0002279583
partitioning time: 5.813973 seconds
