hostname : cph-gpu1.uncc.edu
bounding: [-130;-65]x[20;50]x[5875;5958]
read 588189 observations
res: 0.1 0.1 1 bw: 1 1 3
box size: 651 x 301 x 84
nbparts: 16
max states: 3840
mem: 0.0003433227539 GB (this is an order of magnitude)
9507 states processed
solution: 0.9666060039 in 16 boxes.
naive: 7.046724289 speedup:7.290172273
sumload:7.057064424 overhead:1.001467368
512 576 192 256 0 84 cost 0.9666060039
448 651 128 192 0 84 cost 0.9554329999
384 448 128 301 0 84 cost 0.822093988
64 128 64 192 0 84 cost 0.7183221402
384 651 64 128 0 84 cost 0.6250021967
320 384 64 128 0 84 cost 0.5008806217
448 512 192 301 0 84 cost 0.4975693778
320 384 128 301 0 84 cost 0.4946208745
128 192 64 301 0 84 cost 0.4279404957
64 128 192 301 0 84 cost 0.2646608354
256 320 64 301 0 84 cost 0.2583511517
576 651 192 301 0 84 cost 0.1968206603
64 651 0 64 0 84 cost 0.1538541703
192 256 64 301 0 84 cost 0.1496876958
0 64 0 301 0 84 cost 0.0246890594
512 576 256 301 0 84 cost 0.000532153
partitioning time: 75.202220 seconds
