hostname : cph-c76.uncc.edu
bounding: [-130;-65]x[20;50]x[5875;5958]
read 588189 observations
res: 0.1 0.1 1 bw: 5 5 14
box size: 651 x 301 x 84
nbparts: 2048
solution: 1.091917219 in 2052 boxes.
naive: 430.2508241 speedup:394.0324565
sumload:777.0131246 overhead:1.805953832
488 528 206 225 42 47 cost 1.091917219
325 406 187 225 10 21 cost 1.081476697
447 488 150 168 47 52 cost 1.077012017
325 406 187 225 73 84 cost 1.076020651
447 488 168 187 63 68 cost 1.075117211
528 569 225 244 47 52 cost 1.074657203
162 243 150 187 21 31 cost 1.074538646
0 81 150 187 63 73 cost 1.073719955
447 488 150 168 57 63 cost 1.068756406
406 447 168 187 47 52 cost 1.067795326
528 569 225 244 36 42 cost 1.066057925
528 569 225 244 57 63 cost 1.065713355
488 528 206 225 52 57 cost 1.065498377
406 447 168 187 57 63 cost 1.060995154
243 325 112 150 10 21 cost 1.057473118
569 651 150 187 73 84 cost 1.057203113
0 81 112 150 52 63 cost 1.057069703
81 162 225 263 42 52 cost 1.052799472
528 569 225 244 42 47 cost 1.049305561
488 528 168 187 31 36 cost 1.048663686
447 488 150 168 52 57 cost 1.047305197
447 488 150 168 36 42 cost 1.046229177
447 488 150 168 42 47 cost 1.045737498
528 569 206 225 63 68 cost 1.045367325
488 569 225 263 0 10 cost 1.043863164
162 243 75 112 42 52 cost 1.04023541
406 447 168 187 36 42 cost 1.03939668
406 447 168 187 42 47 cost 1.033951319
406 447 168 187 52 57 cost 1.033592385
0 81 225 263 52 63 cost 1.032746268
528 569 225 244 52 57 cost 1.031064743
162 243 112 150 21 31 cost 1.029966373
0 81 150 187 31 42 cost 1.02867088
0 81 187 225 63 73 cost 1.026416634
325 406 37 75 21 31 cost 1.021582756
162 243 75 112 31 42 cost 1.013801563
243 325 75 112 63 73 cost 1.009242663
243 325 187 225 42 52 cost 1.003574474
447 488 112 131 47 52 cost 0.9987711738
447 488 131 150 47 52 cost 0.9978600772
488 528 187 206 31 36 cost 0.9850345055
447 488 131 150 57 63 cost 0.9845266179
447 488 112 131 42 47 cost 0.9772661032
447 488 168 187 31 36 cost 0.9756222046
447 488 131 150 52 57 cost 0.975391984
447 488 112 131 36 42 cost 0.9753206809
81 162 225 263 63 73 cost 0.9691898771
528 569 187 206 31 36 cost 0.9678604091
447 488 112 131 52 57 cost 0.9672270515
406 447 187 206 47 52 cost 0.9646104262
447 488 131 150 42 47 cost 0.9640594189
406 447 187 206 57 63 cost 0.9612524305
447 488 131 150 36 42 cost 0.9584228073
447 488 187 206 63 68 cost 0.9573080308
569 651 225 263 10 21 cost 0.9570285905
447 488 112 131 57 63 cost 0.9557108632
0 81 187 225 31 42 cost 0.9545249551
447 488 93 112 47 52 cost 0.9530121318
0 81 112 150 42 52 cost 0.9528632862
243 325 37 75 52 63 cost 0.9501058919
488 528 150 168 63 68 cost 0.9490183969
243 325 187 225 31 42 cost 0.9467347938
243 325 187 225 52 63 cost 0.9449791378
488 528 206 225 63 68 cost 0.9438083809
406 447 187 206 36 42 cost 0.9433896805
528 569 168 187 31 36 cost 0.9426893142
243 325 150 187 63 73 cost 0.9406718061
488 528 225 244 47 52 cost 0.9386146192
447 488 93 112 42 47 cost 0.9368086305
528 569 225 244 63 68 cost 0.9351944691
406 447 187 206 42 47 cost 0.9346585259
488 528 225 244 36 42 cost 0.9345358953
447 488 93 112 36 42 cost 0.9315587682
488 528 225 244 57 63 cost 0.9304017632
406 447 187 206 52 57 cost 0.9300801233
488 528 168 187 68 73 cost 0.9286682117
81 162 75 112 21 31 cost 0.9243179551
488 528 225 244 42 47 cost 0.9213127552
447 488 206 225 57 63 cost 0.9208945193
325 365 131 150 36 42 cost 0.9183540458
447 488 93 112 52 57 cost 0.9181414184
447 488 206 225 47 52 cost 0.9151026001
325 365 112 131 36 42 cost 0.9097091744
528 569 187 206 68 73 cost 0.9083604898
447 488 206 225 36 42 cost 0.9043985641
162 243 75 112 52 63 cost 0.9015107547
528 569 206 225 31 36 cost 0.8991489828
243 325 75 112 10 21 cost 0.8984298983
488 528 225 244 52 57 cost 0.8981630719
528 569 150 168 47 52 cost 0.8967728281
325 406 112 150 0 10 cost 0.8967190638
81 162 263 301 52 63 cost 0.8938883396
447 488 93 112 57 63 cost 0.8933427007
447 488 206 225 42 47 cost 0.8904280472
81 162 187 225 21 31 cost 0.8902131128
528 569 168 187 68 73 cost 0.8838843565
528 569 150 168 57 63 cost 0.8832796281
447 488 206 225 52 57 cost 0.8824966835
488 528 168 187 26 31 cost 0.8800382776
488 528 187 206 68 73 cost 0.8770280497
528 569 150 168 42 47 cost 0.8748132557
162 243 112 150 63 73 cost 0.873741717
528 569 150 168 36 42 cost 0.8735672922
406 488 112 150 0 10 cost 0.870335134
447 488 187 206 31 36 cost 0.868300055
0 81 225 263 42 52 cost 0.867200667
325 365 93 112 36 42 cost 0.8649186054
528 569 150 168 52 57 cost 0.8606530115
406 447 168 187 63 68 cost 0.859620758
447 488 150 168 63 68 cost 0.8557872667
406 488 225 263 0 10 cost 0.8543217954
325 406 37 75 63 73 cost 0.8541522489
528 569 206 225 68 73 cost 0.8517313577
0 81 263 301 52 63 cost 0.8512545582
325 365 131 150 42 47 cost 0.8497539981
488 528 150 168 31 36 cost 0.8454331612
81 121 168 187 57 63 cost 0.8410153476
447 488 168 187 68 73 cost 0.8403923878
488 528 206 225 31 36 cost 0.8401630135
325 365 112 131 42 47 cost 0.8380216725
488 528 187 206 26 31 cost 0.8362098393
406 447 150 168 47 52 cost 0.8305608305
406 447 131 150 47 52 cost 0.8301873949
406 447 206 225 57 63 cost 0.8301192142
406 447 206 225 47 52 cost 0.8281286588
0 81 225 263 63 73 cost 0.8280650641
162 243 187 225 52 63 cost 0.8263348143
81 121 131 150 57 63 cost 0.825308311
488 528 131 150 47 52 cost 0.8249275992
81 162 225 263 31 42 cost 0.8244280204
569 610 187 206 47 52 cost 0.8239697308
569 610 187 206 57 63 cost 0.8236251653
325 406 225 263 73 84 cost 0.8235217851
528 569 187 206 26 31 cost 0.8221489865
569 610 206 225 47 52 cost 0.821860153
569 610 206 225 57 63 cost 0.8217628594
406 488 263 301 52 63 cost 0.8190648265
406 447 131 150 57 63 cost 0.8187006754
406 447 150 168 57 63 cost 0.8181823381
81 162 150 187 0 10 cost 0.8181043543
81 121 150 168 57 63 cost 0.8154991382
325 365 131 150 47 52 cost 0.8141133599
406 447 131 150 52 57 cost 0.8121343748
488 528 131 150 57 63 cost 0.8108210867
406 447 206 225 36 42 cost 0.8104323154
447 488 168 187 26 31 cost 0.8077743896
406 447 150 168 36 42 cost 0.8075284553
406 447 150 168 42 47 cost 0.807410568
569 610 187 206 36 42 cost 0.8056944933
406 447 150 168 52 57 cost 0.8053870808
569 610 206 225 36 42 cost 0.8046163264
528 569 225 244 31 36 cost 0.8034411087
488 569 37 75 63 73 cost 0.8033564188
406 447 131 150 42 47 cost 0.802068402
284 325 112 131 36 42 cost 0.8017268006
488 528 131 150 52 57 cost 0.8015445341
81 121 168 187 52 57 cost 0.8014679447
325 365 112 131 47 52 cost 0.8007817049
406 447 206 225 42 47 cost 0.8006055051
488 528 131 150 42 47 cost 0.7988193967
81 162 187 225 73 84 cost 0.7987970434
488 528 225 244 63 68 cost 0.7985875189
406 447 206 225 52 57 cost 0.7984546164
528 569 168 187 26 31 cost 0.7979421426
406 447 131 150 36 42 cost 0.7977866286
569 610 187 206 52 57 cost 0.7960283542
325 365 93 112 42 47 cost 0.7951077115
406 488 263 301 42 52 cost 0.7944121781
488 569 37 75 21 31 cost 0.794249614
569 610 187 206 42 47 cost 0.7940673311
569 610 206 225 52 57 cost 0.7939644427
569 610 206 225 42 47 cost 0.7924625822
406 447 187 206 63 68 cost 0.7921478168
488 528 131 150 36 42 cost 0.7917999941
569 610 225 244 57 63 cost 0.7895043402
121 162 168 187 57 63 cost 0.7893955628
569 610 225 244 47 52 cost 0.7890878968
162 243 187 225 42 52 cost 0.7887972073
81 121 131 150 52 57 cost 0.7868054754
406 447 168 187 31 36 cost 0.7864704124
81 121 168 187 47 52 cost 0.7857303833
284 325 131 150 36 42 cost 0.7855759714
447 488 150 168 31 36 cost 0.783515628
121 162 168 187 47 52 cost 0.7809186291
121 162 131 150 47 52 cost 0.7806744582
121 162 131 150 57 63 cost 0.7806056115
365 406 131 150 36 42 cost 0.7790125013
81 121 150 168 52 57 cost 0.7780324671
284 325 93 112 36 42 cost 0.7766090319
121 162 150 168 57 63 cost 0.7755431021
447 488 225 244 57 63 cost 0.774650295
325 406 225 263 10 21 cost 0.7746326233
569 610 225 244 36 42 cost 0.7738336435
121 162 168 187 52 57 cost 0.7736089897
121 162 150 168 47 52 cost 0.7723313165
81 121 131 150 47 52 cost 0.7717514521
447 488 206 225 63 68 cost 0.7714933694
447 488 131 150 63 68 cost 0.7709838271
0 81 112 150 63 73 cost 0.7700053561
121 162 131 150 52 57 cost 0.7696776284
447 488 225 244 47 52 cost 0.7682849188
528 569 225 244 68 73 cost 0.7644066814
528 569 206 225 26 31 cost 0.764038133
81 121 150 168 47 52 cost 0.7631385821
121 162 150 168 52 57 cost 0.7629246856
569 610 168 187 57 63 cost 0.762856437
569 610 225 244 52 57 cost 0.7624628478
488 651 0 75 0 21 cost 0.7624027905
569 610 168 187 47 52 cost 0.7612244633
569 610 225 244 42 47 cost 0.7609750659
447 488 225 244 36 42 cost 0.7608638707
325 365 93 112 47 52 cost 0.7590036944
528 569 150 168 63 68 cost 0.7571571845
488 528 206 225 68 73 cost 0.7559976369
447 488 187 206 68 73 cost 0.7541717659
406 447 112 131 47 52 cost 0.7540009801
81 162 112 150 0 10 cost 0.7526542282
569 651 150 187 10 21 cost 0.7511374314
447 488 225 244 42 47 cost 0.7473087267
365 406 131 150 42 47 cost 0.7471464724
488 528 150 168 68 73 cost 0.7439693744
569 610 168 187 36 42 cost 0.7430358924
81 162 263 301 42 52 cost 0.7424497642
121 162 131 150 42 47 cost 0.7416430399
447 488 225 244 52 57 cost 0.7407823575
121 162 168 187 42 47 cost 0.7400639932
365 406 131 150 47 52 cost 0.7395437861
488 528 112 131 47 52 cost 0.7378205379
325 365 131 150 52 57 cost 0.7364354846
569 610 168 187 52 57 cost 0.7353484031
81 162 75 112 73 84 cost 0.7353332911
406 447 112 131 52 57 cost 0.7348878386
0 81 112 150 31 42 cost 0.7345748444
406 447 112 131 42 47 cost 0.7342431851
569 610 168 187 42 47 cost 0.7341787218
121 162 150 168 42 47 cost 0.7332541573
447 488 187 206 26 31 cost 0.7320475048
406 447 112 131 36 42 cost 0.7316203832
243 325 112 150 73 84 cost 0.7307723793
81 162 263 301 63 73 cost 0.730580297
406 447 112 131 57 63 cost 0.7300159928
325 365 131 150 31 36 cost 0.7289302666
569 610 187 206 63 68 cost 0.7288128726
284 325 112 131 42 47 cost 0.7284956058
569 610 206 225 63 68 cost 0.7274667222
447 488 112 131 63 68 cost 0.7246364988
121 162 112 131 47 52 cost 0.7237908357
488 528 112 131 42 47 cost 0.7234021904
325 365 112 131 31 36 cost 0.723384544
81 121 168 187 42 47 cost 0.7229480687
447 488 112 131 31 36 cost 0.7226950879
488 528 112 131 36 42 cost 0.7220340419
325 365 112 131 52 57 cost 0.7216224562
488 528 168 187 21 26 cost 0.7198601065
406 447 187 206 31 36 cost 0.7196364243
121 162 112 131 57 63 cost 0.7195094294
406 447 225 244 57 63 cost 0.7187172337
325 365 75 93 36 42 cost 0.7171564001
406 447 225 244 47 52 cost 0.7161562002
284 325 131 150 42 47 cost 0.7160867974
488 528 206 225 26 31 cost 0.7157864783
528 569 187 206 73 78 cost 0.7150741263
406 488 263 301 31 42 cost 0.7140820641
488 528 225 244 31 36 cost 0.7123412058
121 162 112 131 52 57 cost 0.7111420514
447 488 131 150 31 36 cost 0.7102210684
488 528 112 131 52 57 cost 0.7099333251
81 121 131 150 42 47 cost 0.709264174
488 528 168 187 73 78 cost 0.7090460748
162 325 0 75 63 84 cost 0.7073305255
121 162 131 150 36 42 cost 0.7070935088
284 325 93 112 42 47 cost 0.7057111477
325 406 75 112 0 10 cost 0.7053479128
488 528 150 168 26 31 cost 0.7037275679
121 162 168 187 36 42 cost 0.7032417081
243 325 150 187 10 21 cost 0.7030356563
406 447 225 244 36 42 cost 0.7024919569
81 121 150 168 42 47 cost 0.7018286895
488 528 93 112 47 52 cost 0.7013522488
0 81 263 301 63 73 cost 0.7011976541
243 325 37 75 21 31 cost 0.7006151681
569 610 225 244 63 68 cost 0.700316203
325 406 263 301 42 52 cost 0.6999724844
365 406 168 187 36 42 cost 0.6998444308
488 528 112 131 57 63 cost 0.6996364234
121 162 150 168 36 42 cost 0.6984313175
447 488 206 225 31 36 cost 0.6981516703
0 81 263 301 42 52 cost 0.6968897809
365 406 112 131 36 42 cost 0.6966742451
365 406 131 150 52 57 cost 0.6934304084
488 528 93 112 42 47 cost 0.6926884902
406 447 225 244 42 47 cost 0.6924364648
528 569 168 187 73 78 cost 0.6923212677
325 406 263 301 52 63 cost 0.6918446483
406 447 206 225 63 68 cost 0.690623676
406 447 225 244 52 57 cost 0.6902409189
488 528 187 206 21 26 cost 0.6899287719
488 528 93 112 36 42 cost 0.6897127814
121 162 112 131 42 47 cost 0.6887363274
447 488 93 112 31 36 cost 0.6885242758
325 365 93 112 31 36 cost 0.6873236384
284 325 112 131 47 52 cost 0.6870579541
162 243 150 187 10 21 cost 0.6857997691
528 569 225 244 26 31 cost 0.6826527528
325 365 93 112 52 57 cost 0.6825645725
365 406 168 187 47 52 cost 0.6812283519
365 406 168 187 42 47 cost 0.6808629229
81 162 187 225 10 21 cost 0.6801676825
447 488 75 93 47 52 cost 0.6785883175
284 325 131 150 47 52 cost 0.6768661194
569 610 168 187 63 68 cost 0.6765370569
488 569 75 112 73 84 cost 0.6755588697
162 243 187 225 31 42 cost 0.675284852
447 488 75 93 42 47 cost 0.6752037226
447 488 75 93 36 42 cost 0.6748290051
528 569 206 225 73 78 cost 0.6744487185
488 528 187 206 73 78 cost 0.6738346063
528 569 187 206 21 26 cost 0.6723786295
406 447 168 187 68 73 cost 0.6711065713
488 528 93 112 52 57 cost 0.6698427447
325 406 150 187 0 10 cost 0.6697955204
0 81 225 263 31 42 cost 0.6684450225
81 121 168 187 36 42 cost 0.6682102927
284 325 93 112 47 52 cost 0.6653878533
365 406 112 131 42 47 cost 0.6646034489
447 488 150 168 68 73 cost 0.6623048468
81 121 168 187 63 68 cost 0.6609446303
488 569 75 112 10 21 cost 0.660135761
447 488 168 187 21 26 cost 0.6584085277
325 365 75 93 42 47 cost 0.6582290962
121 162 112 131 36 42 cost 0.6579781131
365 406 131 150 57 63 cost 0.6567573464
447 488 93 112 63 68 cost 0.6555962036
365 406 112 131 47 52 cost 0.6554952773
81 121 131 150 36 42 cost 0.6552933374
81 162 75 112 10 21 cost 0.6547220752
528 569 150 168 31 36 cost 0.6542116873
325 365 131 150 57 63 cost 0.6542103199
162 243 75 112 21 31 cost 0.6537157491
325 406 263 301 31 42 cost 0.6521044792
528 569 168 187 21 26 cost 0.6513593868
81 121 131 150 63 68 cost 0.6487785207
81 121 150 168 36 42 cost 0.6487248228
488 528 93 112 57 63 cost 0.6474386951
447 488 225 244 63 68 cost 0.6473808911
488 528 131 150 63 68 cost 0.6470438809
406 447 150 168 63 68 cost 0.6465535324
365 406 187 206 36 42 cost 0.6464724963
284 325 112 131 31 36 cost 0.6460618061
447 488 75 93 52 57 cost 0.6459264293
162 243 112 150 10 21 cost 0.6458208982
406 447 168 187 26 31 cost 0.644317408
406 447 93 112 47 52 cost 0.6433642687
406 488 263 301 63 73 cost 0.6409679684
406 488 0 37 42 52 cost 0.6409137724
488 528 225 244 68 73 cost 0.6408952488
284 325 75 93 36 42 cost 0.640673764
81 121 150 168 63 68 cost 0.6403839907
488 528 168 187 15 21 cost 0.6401364958
365 406 187 206 47 52 cost 0.6398727161
528 569 244 263 36 42 cost 0.6393083261
81 121 112 131 57 63 cost 0.6392102292
447 488 168 187 73 78 cost 0.6389433712
365 406 168 187 52 57 cost 0.6388903548
447 488 150 168 26 31 cost 0.638553849
528 569 244 263 47 52 cost 0.6377356616
528 569 244 263 57 63 cost 0.6352762074
406 447 131 150 63 68 cost 0.6346857012
325 365 112 131 57 63 cost 0.6344572726
365 406 187 206 42 47 cost 0.6335868733
284 325 131 150 31 36 cost 0.632380437
488 569 0 37 42 52 cost 0.6293760727
325 365 75 93 47 52 cost 0.6293714642
365 406 168 187 57 63 cost 0.6292297217
406 447 93 112 52 57 cost 0.6289006455
406 447 93 112 42 47 cost 0.6255428788
528 569 206 225 21 26 cost 0.6253632636
284 325 93 112 31 36 cost 0.6244264202
406 488 37 75 10 21 cost 0.6224056688
406 447 187 206 68 73 cost 0.6222530228
406 447 206 225 31 36 cost 0.6220233527
406 447 93 112 36 42 cost 0.6218705409
528 569 244 263 42 47 cost 0.6218705386
406 447 93 112 57 63 cost 0.6215644787
121 162 93 112 47 52 cost 0.6172689321
447 488 75 93 57 63 cost 0.6162404711
121 162 93 112 57 63 cost 0.6159971387
488 528 187 206 15 21 cost 0.6158038513
406 488 37 75 73 84 cost 0.6145922933
447 488 206 225 68 73 cost 0.6134114918
528 569 244 263 52 57 cost 0.61319031
365 406 112 131 52 57 cost 0.6126968611
81 121 112 131 52 57 cost 0.6120085411
528 569 225 244 73 78 cost 0.609542663
284 325 112 131 52 57 cost 0.6077211853
121 162 93 112 52 57 cost 0.6077200172
365 406 187 206 57 63 cost 0.6070394761
488 528 225 244 26 31 cost 0.6068153792
528 569 150 168 68 73 cost 0.606799045
365 406 93 112 36 42 cost 0.6062437447
447 488 187 206 21 26 cost 0.6056954874
569 651 187 225 0 10 cost 0.6054134241
365 406 187 206 52 57 cost 0.6051978928
406 447 150 168 31 36 cost 0.604626155
0 81 150 187 21 31 cost 0.6046119382
81 121 112 131 47 52 cost 0.6041982524
121 162 168 187 63 68 cost 0.6034390761
569 610 187 206 31 36 cost 0.6021788245
243 325 75 112 73 84 cost 0.6015429078
325 406 37 75 10 21 cost 0.6015315596
569 610 206 225 31 36 cost 0.6012624453
284 325 131 150 52 57 cost 0.6007967914
569 610 187 206 68 73 cost 0.6003405413
569 610 206 225 68 73 cost 0.5992552649
365 406 131 150 31 36 cost 0.5990665085
406 447 187 206 26 31 cost 0.5989897441
406 447 225 244 63 68 cost 0.5981644588
243 325 187 225 63 73 cost 0.5966835399
528 569 187 206 15 21 cost 0.5962359845
325 365 131 150 26 31 cost 0.5954949489
325 365 93 112 57 63 cost 0.594876346
488 528 206 225 21 26 cost 0.5939160009
365 406 150 168 36 42 cost 0.5936083288
121 162 131 150 63 68 cost 0.593417803
447 488 206 225 26 31 cost 0.5926715734
447 488 168 187 15 21 cost 0.5923910621
162 325 0 75 0 21 cost 0.5915960166
121 162 150 168 63 68 cost 0.5909545052
447 488 131 150 68 73 cost 0.5909352432
325 365 150 168 36 42 cost 0.5906795023
406 447 131 150 31 36 cost 0.5897930725
447 488 225 244 31 36 cost 0.5890799719
81 162 225 263 73 84 cost 0.588559344
325 365 112 131 26 31 cost 0.5882336317
284 325 93 112 52 57 cost 0.5877704061
488 528 131 150 31 36 cost 0.5865885266
488 528 206 225 73 78 cost 0.585004998
365 406 206 225 36 42 cost 0.5849277612
121 162 93 112 42 47 cost 0.5834572951
406 488 0 37 52 63 cost 0.582974158
284 325 75 93 42 47 cost 0.5823930079
365 406 206 225 47 52 cost 0.580611179
162 243 187 225 63 73 cost 0.5797861732
447 488 187 206 73 78 cost 0.5785574505
569 610 225 244 31 36 cost 0.5781552952
569 610 225 244 68 73 cost 0.5776947112
528 569 187 206 78 84 cost 0.5768493299
81 162 263 301 31 42 cost 0.5768241407
406 488 75 112 0 10 cost 0.5767747735
406 488 0 37 31 42 cost 0.5762376495
528 569 168 187 15 21 cost 0.5754815269
365 406 93 112 42 47 cost 0.5754499064
365 406 150 168 42 47 cost 0.5736670811
365 406 206 225 42 47 cost 0.5728181883
365 406 112 131 57 63 cost 0.5727869483
0 81 187 225 21 31 cost 0.5726090755
325 406 187 225 0 10 cost 0.570911794
488 528 150 168 21 26 cost 0.57001901
447 488 112 131 26 31 cost 0.5693074086
162 243 150 187 73 84 cost 0.569245266
325 365 75 93 31 36 cost 0.569139493
488 569 0 37 52 63 cost 0.5688176833
0 81 150 187 73 84 cost 0.5685154452
447 488 131 150 26 31 cost 0.5672785509
325 365 75 93 52 57 cost 0.5667734726
365 406 93 112 47 52 cost 0.5661224275
488 569 0 37 31 42 cost 0.5656100433
365 406 150 168 47 52 cost 0.5655299396
243 325 187 225 21 31 cost 0.5625018656
0 81 187 225 73 84 cost 0.56245539
488 528 150 168 73 78 cost 0.562272974
528 569 244 263 63 68 cost 0.5611084738
528 569 225 244 21 26 cost 0.558676171
569 610 168 187 68 73 cost 0.5581430238
447 488 56 75 36 42 cost 0.5577925999
569 610 244 263 57 63 cost 0.5573052225
121 162 93 112 36 42 cost 0.5570145134
447 488 56 75 42 47 cost 0.5569913496
365 406 206 225 57 63 cost 0.556432343
243 325 150 187 73 84 cost 0.5558461729
528 569 168 187 78 84 cost 0.5556541145
81 121 112 131 42 47 cost 0.5554536821
325 365 93 112 26 31 cost 0.5553950549
569 610 168 187 31 36 cost 0.5552072764
528 569 206 225 15 21 cost 0.554976543
447 488 56 75 47 52 cost 0.554443388
569 610 244 263 47 52 cost 0.5539185193
488 569 112 150 0 10 cost 0.553694836
406 447 112 131 63 68 cost 0.5532996141
528 569 150 168 26 31 cost 0.5522858086
243 325 112 150 0 10 cost 0.5516524051
284 325 75 93 47 52 cost 0.5501464804
325 365 150 168 42 47 cost 0.5498172515
365 406 206 225 52 57 cost 0.5498021551
528 569 206 225 78 84 cost 0.549108124
447 488 187 206 15 21 cost 0.5486776327
488 528 168 187 78 84 cost 0.5481901403
569 610 244 263 36 42 cost 0.5462297426
406 447 206 225 68 73 cost 0.5454204052
121 162 112 131 63 68 cost 0.5452801401
447 488 112 131 68 73 cost 0.5437292106
406 447 225 244 31 36 cost 0.5408439907
406 447 112 131 31 36 cost 0.540079155
365 406 168 187 31 36 cost 0.5382976445
569 610 244 263 52 57 cost 0.5371844297
365 406 112 131 31 36 cost 0.5371727176
488 528 112 131 31 36 cost 0.5361911127
488 528 112 131 63 68 cost 0.5330684724
569 610 244 263 42 47 cost 0.5328891
488 528 206 225 15 21 cost 0.5312688036
0 81 263 301 31 42 cost 0.5310452175
447 488 93 112 26 31 cost 0.5297970645
284 325 112 131 26 31 cost 0.5297228974
284 325 150 168 36 42 cost 0.5293787327
365 406 93 112 52 57 cost 0.5279320825
162 325 225 301 0 21 cost 0.5272538952
365 406 150 168 52 57 cost 0.5265377799
488 528 187 206 78 84 cost 0.5257000034
325 365 56 75 36 42 cost 0.5251261404
447 488 56 75 52 57 cost 0.52286751
325 365 150 168 47 52 cost 0.5227337508
406 447 206 225 26 31 cost 0.5227025193
284 325 131 150 26 31 cost 0.5216678777
406 447 168 187 21 26 cost 0.5199003956
325 406 263 301 63 73 cost 0.5197475281
406 447 244 263 57 63 cost 0.5192490746
569 651 225 263 0 10 cost 0.5191135878
284 325 112 131 57 63 cost 0.5175383179
81 121 93 112 57 63 cost 0.5169889466
284 325 131 150 57 63 cost 0.5161942419
162 243 75 112 63 73 cost 0.5153946949
447 488 244 263 57 63 cost 0.5148279075
406 447 244 263 47 52 cost 0.5146477512
284 325 75 93 31 36 cost 0.5139426165
447 488 225 244 68 73 cost 0.5138656627
406 447 168 187 73 78 cost 0.511699728
81 121 112 131 36 42 cost 0.511465255
447 488 150 168 21 26 cost 0.5113821754
488 528 93 112 31 36 cost 0.5110767868
569 610 187 206 26 31 cost 0.5104802072
569 610 206 225 26 31 cost 0.509710151
0 81 225 263 73 84 cost 0.5089000038
447 488 244 263 47 52 cost 0.5074854274
284 325 93 112 26 31 cost 0.5072567238
488 528 75 93 36 42 cost 0.5064733919
365 406 150 168 57 63 cost 0.5063039064
488 528 75 93 42 47 cost 0.5058894048
325 365 168 187 36 42 cost 0.5058544706
488 528 75 93 47 52 cost 0.5049825075
488 528 225 244 21 26 cost 0.5046333307
406 447 244 263 36 42 cost 0.5041615437
365 406 225 244 36 42 cost 0.5034042267
488 528 150 168 15 21 cost 0.5033849525
447 488 244 263 36 42 cost 0.5026193199
488 528 244 263 36 42 cost 0.5021319395
325 406 37 75 73 84 cost 0.501253321
447 488 75 93 31 36 cost 0.500712779
365 406 225 244 47 52 cost 0.5003898225
243 325 225 263 42 52 cost 0.5003154832
528 569 225 244 78 84 cost 0.5000121426
447 488 225 244 26 31 cost 0.4998463626
488 528 244 263 47 52 cost 0.4993245722
488 528 225 244 73 78 cost 0.4990842
406 447 150 168 68 73 cost 0.49871444
81 121 168 187 68 73 cost 0.4981671197
447 488 150 168 73 78 cost 0.497727787
81 121 112 131 63 68 cost 0.4976844629
284 325 93 112 57 63 cost 0.4972678745
488 528 244 263 57 63 cost 0.4971367201
406 447 244 263 52 57 cost 0.4969517553
488 528 131 150 68 73 cost 0.4967195559
528 569 225 244 15 21 cost 0.4962334969
406 447 244 263 42 47 cost 0.495647428
447 488 206 225 21 26 cost 0.4955550125
569 610 244 263 63 68 cost 0.4951505232
81 121 93 112 52 57 cost 0.4939490106
121 162 131 150 31 36 cost 0.4939261311
365 406 187 206 31 36 cost 0.4934915228
81 162 225 263 21 31 cost 0.4933060083
325 365 75 93 57 63 cost 0.4931338806
365 406 225 244 42 47 cost 0.4928130255
406 488 263 301 21 31 cost 0.4922155558
447 488 244 263 42 47 cost 0.4921198765
243 325 225 263 52 63 cost 0.4916394583
447 488 56 75 57 63 cost 0.4913535979
447 488 244 263 52 57 cost 0.4905788426
406 447 187 206 21 26 cost 0.4904377714
488 528 244 263 42 47 cost 0.4902634184
569 610 225 244 26 31 cost 0.4902586779
121 162 168 187 31 36 cost 0.4897674773
365 406 168 187 63 68 cost 0.4883115989
365 406 93 112 57 63 cost 0.4879856223
121 162 150 168 31 36 cost 0.4874355411
81 121 131 150 68 73 cost 0.487382552
284 325 75 93 52 57 cost 0.4872824436
81 121 93 112 47 52 cost 0.4866662984
406 447 150 168 26 31 cost 0.4855089281
284 325 150 168 42 47 cost 0.4853912618
447 488 93 112 68 73 cost 0.4850044978
406 447 131 150 68 73 cost 0.4848637675
365 406 131 150 63 68 cost 0.4844114496
569 610 187 206 73 78 cost 0.4839111762
528 569 244 263 31 36 cost 0.4837388302
569 610 206 225 73 78 cost 0.4835113841
325 365 56 75 42 47 cost 0.4833624863
365 406 225 244 57 63 cost 0.4820428826
81 121 150 168 68 73 cost 0.4818284138
365 406 187 206 63 68 cost 0.4815828213
447 488 168 187 78 84 cost 0.4807427951
365 406 131 150 26 31 cost 0.4803012914
0 81 150 187 10 21 cost 0.4797685838
81 121 187 206 57 63 cost 0.4785550724
488 528 131 150 26 31 cost 0.4781661285
406 447 187 206 73 78 cost 0.4781437243
488 528 244 263 52 57 cost 0.4780215254
365 406 75 93 36 42 cost 0.4779341477
162 243 225 263 52 63 cost 0.4766587498
488 528 75 93 52 57 cost 0.4757786704
447 488 206 225 73 78 cost 0.4742380004
325 365 168 187 42 47 cost 0.4741069098
365 406 225 244 52 57 cost 0.4740115999
488 528 93 112 63 68 cost 0.4734540166
406 447 225 244 68 73 cost 0.4720474752
325 365 150 168 31 36 cost 0.4717939545
569 610 168 187 26 31 cost 0.4702324629
325 365 150 168 52 57 cost 0.4698191484
121 162 93 112 63 68 cost 0.4693575467
243 325 75 112 0 10 cost 0.4691651015
365 406 93 112 31 36 cost 0.4682946178
325 365 56 75 47 52 cost 0.4677515969
569 610 225 244 73 78 cost 0.467572158
528 569 150 168 73 78 cost 0.4660386789
406 447 168 187 15 21 cost 0.4651939486
406 447 93 112 63 68 cost 0.4639006143
406 447 131 150 26 31 cost 0.4634938725
528 569 244 263 68 73 cost 0.4634429111
488 528 206 225 78 84 cost 0.4624492513
243 325 225 263 31 42 cost 0.4621009378
81 162 263 301 73 84 cost 0.46155379
121 162 112 131 31 36 cost 0.460439978
325 365 75 93 26 31 cost 0.4601693106
0 81 187 225 10 21 cost 0.458893979
488 569 263 301 52 63 cost 0.4586796034
365 406 150 168 31 36 cost 0.4585435811
488 569 263 301 42 52 cost 0.4577001616
406 447 93 112 31 36 cost 0.457696963
325 365 131 150 63 68 cost 0.4573504197
284 325 150 168 47 52 cost 0.4570589818
406 447 225 244 26 31 cost 0.4563502329
81 121 187 206 52 57 cost 0.4554701861
447 488 150 168 15 21 cost 0.454644022
325 365 168 187 47 52 cost 0.4535996188
488 528 225 244 15 21 cost 0.4527558234
365 406 75 93 42 47 cost 0.451839992
447 488 206 225 15 21 cost 0.451102329
488 528 75 93 57 63 cost 0.4507234626
365 406 206 225 63 68 cost 0.449951391
528 569 150 168 21 26 cost 0.4497276142
81 121 168 187 31 36 cost 0.4496514751
284 325 56 75 36 42 cost 0.448317306
365 406 206 225 31 36 cost 0.448308587
40 81 168 187 57 63 cost 0.4475024564
121 162 168 187 68 73 cost 0.4459175062
81 121 187 206 47 52 cost 0.4453103787
365 406 75 93 47 52 cost 0.444816329
447 488 131 150 21 26 cost 0.4442940524
81 121 93 112 42 47 cost 0.4433305274
0 81 263 301 73 84 cost 0.4429920165
406 447 187 206 15 21 cost 0.4415422828
488 528 56 75 36 42 cost 0.4407099429
447 488 75 93 63 68 cost 0.4396656503
81 121 131 150 31 36 cost 0.4394729322
325 365 131 150 21 26 cost 0.4392015084
447 488 131 150 73 78 cost 0.4390202066
488 528 56 75 42 47 cost 0.4385270279
447 488 187 206 78 84 cost 0.4384705993
365 406 168 187 26 31 cost 0.4379025597
325 365 112 131 63 68 cost 0.4371597065
447 488 112 131 21 26 cost 0.436330892
81 121 150 168 31 36 cost 0.4360231792
406 447 244 263 63 68 cost 0.4358307824
121 162 131 150 68 73 cost 0.4358165695
121 162 150 168 68 73 cost 0.4352314038
447 488 37 56 36 42 cost 0.435101627
162 243 225 263 42 52 cost 0.4347841974
325 406 263 301 21 31 cost 0.4345273761
447 488 37 56 42 47 cost 0.4330938201
162 243 112 150 73 84 cost 0.4329844537
488 528 56 75 47 52 cost 0.4328922746
406 447 206 225 21 26 cost 0.4318129576
488 528 150 168 78 84 cost 0.43176399
447 488 244 263 63 68 cost 0.4316631628
569 610 150 168 47 52 cost 0.4313460313
325 365 112 131 21 26 cost 0.4303775126
569 610 150 168 57 63 cost 0.4295218694
365 406 112 131 26 31 cost 0.4293925301
488 528 112 131 26 31 cost 0.4287014486
406 447 75 93 47 52 cost 0.4286403565
488 528 244 263 63 68 cost 0.4275610744
488 528 168 187 10 15 cost 0.426543129
284 325 150 168 31 36 cost 0.4261198867
325 365 56 75 52 57 cost 0.4260274168
447 488 37 56 47 52 cost 0.4257977917
0 81 112 150 21 31 cost 0.4253916441
528 569 131 150 47 52 cost 0.4228469202
81 121 206 225 57 63 cost 0.4228320278
40 81 168 187 52 57 cost 0.4227314489
284 325 168 187 36 42 cost 0.4224651177
406 447 206 225 73 78 cost 0.4219647497
325 365 150 168 57 63 cost 0.420902998
406 447 112 131 26 31 cost 0.4206689779
447 488 225 244 21 26 cost 0.4197390999
406 447 75 93 42 47 cost 0.4189905331
40 81 150 168 57 63 cost 0.4187968265
488 569 263 301 31 42 cost 0.4185463676
406 447 75 93 36 42 cost 0.4182987192
406 447 75 93 52 57 cost 0.4172080302
569 610 150 168 42 47 cost 0.4171717254
406 447 112 131 68 73 cost 0.4167893485
569 610 150 168 36 42 cost 0.4165776081
284 325 75 93 26 31 cost 0.4161974246
365 406 112 131 63 68 cost 0.4161937787
365 406 75 93 52 57 cost 0.4158731282
447 488 56 75 31 36 cost 0.4155633895
569 610 150 168 52 57 cost 0.4147527776
81 121 187 206 42 47 cost 0.4147511082
569 610 187 206 21 26 cost 0.4137628798
569 610 206 225 21 26 cost 0.4131810703
284 325 75 93 57 63 cost 0.4125661963
488 528 187 206 10 15 cost 0.4125127787
528 569 131 150 57 63 cost 0.4122774114
528 569 244 263 26 31 cost 0.4116449164
569 610 244 263 68 73 cost 0.4107177521
40 81 168 187 47 52 cost 0.4107086446
528 569 131 150 42 47 cost 0.4100623297
325 365 56 75 31 36 cost 0.4096634507
325 406 225 263 0 10 cost 0.4089932429
569 610 244 263 31 36 cost 0.4089432237
284 325 56 75 42 47 cost 0.4087920602
325 365 168 187 52 57 cost 0.4087821558
528 569 131 150 52 57 cost 0.4074062916
406 447 75 93 57 63 cost 0.4069679164
81 121 93 112 36 42 cost 0.4066333368
528 569 187 206 10 15 cost 0.4054992534
284 325 150 168 52 57 cost 0.4051419712
528 569 131 150 36 42 cost 0.4045362261
325 365 93 112 63 68 cost 0.4045352232
488 528 56 75 52 57 cost 0.4035043717
325 365 93 112 21 26 cost 0.4034251475
0 81 225 263 21 31 cost 0.4033621001
81 121 93 112 63 68 cost 0.403343309
365 406 187 206 26 31 cost 0.4029409517
569 651 150 187 0 10 cost 0.401672954
0 81 112 150 73 84 cost 0.4010681744
325 365 168 187 31 36 cost 0.4010574643
162 243 75 112 10 21 cost 0.3998332127
121 162 112 131 68 73 cost 0.3991220207
488 528 112 131 68 73 cost 0.3986003467
406 488 263 301 73 84 cost 0.3981665992
447 488 225 244 73 78 cost 0.3980456338
569 610 225 244 21 26 cost 0.3974575004
488 528 225 244 78 84 cost 0.3973181939
447 488 93 112 21 26 cost 0.3967157395
447 488 112 131 73 78 cost 0.3966949801
81 121 206 225 52 57 cost 0.3962539223
447 488 168 187 10 15 cost 0.3960965959
447 488 37 56 52 57 cost 0.3957760945
40 81 150 168 52 57 cost 0.3957234263
569 610 206 225 78 84 cost 0.3956663896
488 528 93 112 26 31 cost 0.3955750036
569 610 187 206 78 84 cost 0.3952917821
528 569 150 168 15 21 cost 0.3939819571
488 569 37 75 73 84 cost 0.3929167269
365 406 225 244 63 68 cost 0.3928641609
447 488 244 263 31 36 cost 0.3911772069
284 325 168 187 42 47 cost 0.3909155511
284 325 56 75 47 52 cost 0.3907598603
406 447 244 263 31 36 cost 0.3902185851
406 447 206 225 15 21 cost 0.3899230568
528 569 168 187 10 15 cost 0.3894087381
406 447 168 187 78 84 cost 0.3885985608
121 162 93 112 31 36 cost 0.3877542673
447 488 131 150 15 21 cost 0.3867512824
365 406 225 244 31 36 cost 0.3865876578
40 81 206 225 57 63 cost 0.3863474612
488 528 244 263 31 36 cost 0.3861012942
325 365 150 168 26 31 cost 0.3859211616
81 121 187 206 36 42 cost 0.3853048804
488 528 37 56 36 42 cost 0.3844626533
40 81 150 168 47 52 cost 0.3843896201
447 488 225 244 15 21 cost 0.3843788863
406 447 150 168 21 26 cost 0.3843076852
569 610 225 244 78 84 cost 0.3840199279
162 243 187 225 21 31 cost 0.3835496455
284 325 112 131 21 26 cost 0.3834613122
365 406 75 93 57 63 cost 0.3830105857
488 528 37 56 42 47 cost 0.3823855184
569 610 168 187 21 26 cost 0.3821163648
447 488 75 93 26 31 cost 0.3820430718
121 162 131 150 26 31 cost 0.3820001551
81 121 206 225 47 52 cost 0.3815679855
569 610 150 168 63 68 cost 0.3808857448
284 325 131 150 21 26 cost 0.3800252235
488 528 131 150 21 26 cost 0.3795669059
365 406 244 263 36 42 cost 0.379210477
528 569 206 225 10 15 cost 0.3791829169
365 406 244 263 47 52 cost 0.3787119654
406 447 225 244 21 26 cost 0.3786812053
40 81 168 187 42 47 cost 0.3782475908
121 162 168 187 26 31 cost 0.3781381039
365 406 150 168 63 68 cost 0.3772609528
528 569 244 263 73 78 cost 0.3771207434
488 528 75 93 31 36 cost 0.3769200562
121 162 150 168 26 31 cost 0.3768531139
162 202 150 168 36 42 cost 0.3768367134
81 121 187 206 63 68 cost 0.3768219705
488 528 56 75 57 63 cost 0.3762692364
488 528 37 56 47 52 cost 0.3749872673
406 447 150 168 73 78 cost 0.3749612849
81 162 187 225 0 10 cost 0.3742482753
365 406 93 112 26 31 cost 0.3737891062
447 488 150 168 78 84 cost 0.3733893789
162 202 150 168 42 47 cost 0.3731064821
162 202 150 168 47 52 cost 0.3722208084
284 325 168 187 47 52 cost 0.3716809874
325 365 168 187 57 63 cost 0.3716463179
325 365 56 75 57 63 cost 0.3713669385
81 162 225 263 10 21 cost 0.3711322504
365 406 168 187 68 73 cost 0.3710506531
365 406 206 225 26 31 cost 0.3708355254
365 406 244 263 42 47 cost 0.3707645549
162 202 131 150 36 42 cost 0.370728941
447 488 112 131 15 21 cost 0.3705227797
325 365 131 150 15 21 cost 0.3703956692
365 406 150 168 26 31 cost 0.3700526959
365 406 75 93 31 36 cost 0.3694432654
81 121 112 131 68 73 cost 0.3689908578
528 569 150 168 78 84 cost 0.3688320511
447 488 187 206 10 15 cost 0.3688022031
365 406 244 263 57 63 cost 0.3678882795
365 406 187 206 68 73 cost 0.3678224091
447 488 37 56 57 63 cost 0.3666933879
488 528 131 150 73 78 cost 0.3663811082
162 243 225 263 31 42 cost 0.3656874089
406 447 225 244 73 78 cost 0.3656565929
569 610 187 206 15 21 cost 0.3655685729
162 202 131 150 42 47 cost 0.3654953716
569 610 206 225 15 21 cost 0.3654609912
284 325 93 112 21 26 cost 0.3648544846
325 365 187 206 36 42 cost 0.3644655164
406 447 187 206 78 84 cost 0.364093161
365 406 131 150 21 26 cost 0.3638875026
243 325 150 187 0 10 cost 0.3628286956
162 202 131 150 47 52 cost 0.362805844
406 447 131 150 73 78 cost 0.3626821674
162 202 168 187 36 42 cost 0.3623303985
162 202 168 187 47 52 cost 0.3615503701
447 488 206 225 78 84 cost 0.3614757931
365 406 131 150 68 73 cost 0.361355296
162 202 168 187 42 47 cost 0.3607036425
325 365 112 131 15 21 cost 0.3606820878
40 81 187 206 57 63 cost 0.3606040338
40 81 206 225 52 57 cost 0.3603383598
162 202 112 131 36 42 cost 0.3599981398
365 406 56 75 36 42 cost 0.3597007779
406 447 131 150 21 26 cost 0.3594479623
365 406 244 263 52 57 cost 0.3593113198
488 528 206 225 10 15 cost 0.3584789589
81 162 75 112 0 10 cost 0.3579141598
162 243 225 263 63 73 cost 0.3575447775
121 162 112 131 26 31 cost 0.3563108103
81 162 263 301 21 31 cost 0.3549044555
162 202 112 131 42 47 cost 0.3544904973
488 569 263 301 63 73 cost 0.3542250233
40 81 150 168 42 47 cost 0.3536784655
284 325 56 75 31 36 cost 0.3536280427
406 447 93 112 26 31 cost 0.3535230167
284 325 150 168 57 63 cost 0.3530260679
406 488 263 301 10 21 cost 0.3524604785
284 325 131 150 63 68 cost 0.3523279548
284 325 150 168 26 31 cost 0.3523203245
162 202 112 131 47 52 cost 0.3516204842
81 121 206 225 42 47 cost 0.3502605438
162 202 150 168 52 57 cost 0.3501612268
365 406 93 112 63 68 cost 0.3501409616
243 325 187 225 10 21 cost 0.3490396947
488 528 93 112 68 73 cost 0.3482134737
284 325 112 131 63 68 cost 0.3478548692
488 528 37 56 52 57 cost 0.3471434458
406 447 93 112 68 73 cost 0.347041491
365 406 206 225 68 73 cost 0.3467935044
569 610 244 263 26 31 cost 0.3464035696
325 365 187 206 42 47 cost 0.3463634578
447 488 93 112 73 78 cost 0.3460498255
243 325 187 225 73 84 cost 0.3460274314
488 528 244 263 68 73 cost 0.3455956372
406 447 244 263 68 73 cost 0.3455567879
447 488 56 75 63 68 cost 0.3455305955
40 81 206 225 47 52 cost 0.3454561627
243 325 225 263 63 73 cost 0.3446948674
121 162 93 112 68 73 cost 0.3445476666
365 406 168 187 21 26 cost 0.3438839706
406 447 225 244 15 21 cost 0.3437071721
447 488 244 263 68 73 cost 0.343297474
162 202 168 187 52 57 cost 0.3426303972
81 121 168 187 26 31 cost 0.3421578811
365 406 56 75 42 47 cost 0.341825392
528 569 225 244 10 15 cost 0.3415070825
81 121 206 225 63 68 cost 0.3410359386
365 406 56 75 47 52 cost 0.3406707204
40 81 187 206 52 57 cost 0.3400774148
569 651 263 301 52 63 cost 0.3400384776
81 121 168 187 73 78 cost 0.3399144098
406 447 150 168 15 21 cost 0.339497499
81 121 112 131 31 36 cost 0.3392039059
162 202 131 150 52 57 cost 0.338309038
528 569 131 150 63 68 cost 0.3374335864
528 569 244 263 21 26 cost 0.3373353035
162 202 150 168 57 63 cost 0.3371714057
325 365 93 112 15 21 cost 0.336937802
569 610 244 263 73 78 cost 0.3366622542
325 365 75 93 63 68 cost 0.3363931849
0 81 112 150 10 21 cost 0.336387275
325 365 187 206 47 52 cost 0.3361817072
569 651 263 301 42 52 cost 0.3361345886
284 325 168 187 31 36 cost 0.3359077943
162 243 150 187 0 10 cost 0.335510038
81 121 131 150 26 31 cost 0.334738748
488 528 150 168 10 15 cost 0.3339628968
447 488 244 263 26 31 cost 0.3338811107
325 365 131 150 68 73 cost 0.3335930407
406 488 0 37 63 73 cost 0.3335432275
162 202 168 187 57 63 cost 0.3332682287
325 365 75 93 21 26 cost 0.3330653484
81 121 131 150 73 78 cost 0.3325629593
406 447 244 263 26 31 cost 0.33212843
284 325 168 187 52 57 cost 0.3318777817
81 121 150 168 26 31 cost 0.3317511138
121 162 187 206 57 63 cost 0.3314685719
488 528 131 150 15 21 cost 0.3313624437
488 528 112 131 21 26 cost 0.331153721
488 528 244 263 26 31 cost 0.330397267
488 528 56 75 31 36 cost 0.3297612403
40 81 187 206 47 52 cost 0.3292426632
81 121 150 168 73 78 cost 0.328654888
81 121 225 244 57 63 cost 0.3281872882
447 488 93 112 15 21 cost 0.328132195
325 365 168 187 26 31 cost 0.327338927
162 202 112 131 52 57 cost 0.3270343079
325 406 263 301 73 84 cost 0.3268503163
162 243 187 225 73 84 cost 0.3267054882
447 488 37 56 31 36 cost 0.3255678742
488 528 168 187 5 10 cost 0.325350415
81 121 206 225 36 42 cost 0.3250324255
406 488 0 37 21 31 cost 0.3244795369
325 406 37 75 0 10 cost 0.323539597
365 406 56 75 52 57 cost 0.3232190298
0 81 263 301 21 31 cost 0.3230875131
447 488 131 150 78 84 cost 0.3229765982
365 406 225 244 26 31 cost 0.3218288701
365 406 112 131 21 26 cost 0.3216546228
162 202 131 150 57 63 cost 0.321541355
121 162 187 206 52 57 cost 0.3213097245
406 447 206 225 78 84 cost 0.3210627857
406 447 112 131 21 26 cost 0.3210151246
365 406 187 206 21 26 cost 0.320887314
488 528 37 56 57 63 cost 0.320780596
121 162 187 206 47 52 cost 0.3207332976
488 528 75 93 63 68 cost 0.3205999957
488 569 0 37 63 73 cost 0.3203382637
406 447 56 75 47 52 cost 0.3202516592
447 488 75 93 68 73 cost 0.3193244435
325 365 112 131 68 73 cost 0.3176084432
447 488 56 75 26 31 cost 0.3165381352
121 162 131 150 21 26 cost 0.3154401063
40 81 206 225 42 47 cost 0.3153588629
488 528 187 206 5 10 cost 0.3148839863
406 447 168 187 10 15 cost 0.3147684863
508 528 177 187 49 52 cost 0.3144359796
406 447 56 75 42 47 cost 0.3136401701
162 243 112 150 0 10 cost 0.3134157724
569 610 150 168 68 73 cost 0.3129398105
121 162 168 187 21 26 cost 0.3127000021
488 569 0 37 21 31 cost 0.3125678332
406 447 56 75 36 42 cost 0.3123378939
406 447 131 150 15 21 cost 0.3122729937
0 81 225 263 10 21 cost 0.3121619355
365 406 131 150 15 21 cost 0.3119618033
528 569 187 206 5 10 cost 0.3117421925
406 447 56 75 52 57 cost 0.3114870571
528 569 244 263 78 84 cost 0.3110351157
121 162 150 168 21 26 cost 0.3109997387
569 610 150 168 31 36 cost 0.3101812569
162 202 112 131 57 63 cost 0.3101225971
365 406 112 131 68 73 cost 0.3092768526
569 651 263 301 31 42 cost 0.3091287338
488 569 75 112 0 10 cost 0.3085466085
508 528 177 187 44 47 cost 0.3084937415
406 447 75 93 31 36 cost 0.3079974778
488 528 225 244 10 15 cost 0.307986817
406 447 112 131 73 78 cost 0.3079255739
325 365 187 206 52 57 cost 0.3077749773
447 488 206 225 10 15 cost 0.3058086887
121 162 187 206 42 47 cost 0.3055450221
365 406 244 263 63 68 cost 0.3053419677
365 406 225 244 68 73 cost 0.3041468146
325 365 206 225 36 42 cost 0.3039461252
40 81 187 206 42 47 cost 0.303933464
447 488 225 244 78 84 cost 0.3025241053
447 488 168 187 5 10 cost 0.3020303309
528 569 244 263 15 21 cost 0.3019827291
447 488 150 168 10 15 cost 0.3014034729
406 447 56 75 57 63 cost 0.301199839
365 406 168 187 15 21 cost 0.3008419684
81 121 225 244 52 57 cost 0.3004342016
406 447 187 206 10 15 cost 0.3003636894
121 162 168 187 73 78 cost 0.3003601006
528 569 131 150 31 36 cost 0.3002912529
365 406 56 75 57 63 cost 0.2991659982
528 569 168 187 5 10 cost 0.2991394524
81 121 93 112 68 73 cost 0.2988393885
284 325 75 93 21 26 cost 0.2985031904
406 447 75 93 63 68 cost 0.2980360549
365 406 206 225 21 26 cost 0.2975204573
488 528 93 112 21 26 cost 0.2961843691
284 325 168 187 57 63 cost 0.2955522469
365 406 75 93 26 31 cost 0.2953905157
508 528 177 187 54 57 cost 0.2949844801
81 121 168 187 21 26 cost 0.2939327308
121 162 112 131 21 26 cost 0.2934097987
325 365 150 168 63 68 cost 0.2929063589
121 162 150 168 73 78 cost 0.2927080372
467 488 177 187 49 52 cost 0.2924873916
121 162 131 150 73 78 cost 0.2922686463
365 406 244 263 31 36 cost 0.2922577843
528 569 206 225 5 10 cost 0.2922018036
325 365 93 112 68 73 cost 0.2914007673
508 528 196 206 49 52 cost 0.2912584569
325 365 206 225 42 47 cost 0.2907861682
488 508 177 187 49 52 cost 0.2904511452
325 406 263 301 10 21 cost 0.2897488856
488 528 75 93 26 31 cost 0.2896086955
447 488 112 131 78 84 cost 0.2895622332
81 121 187 206 68 73 cost 0.289133176
121 162 131 150 15 21 cost 0.2890450059
325 365 187 206 57 63 cost 0.2888616215
488 528 112 131 73 78 cost 0.288484979
528 548 177 187 49 52 cost 0.2884097811
406 488 37 75 0 10 cost 0.2883924679
488 528 37 56 31 36 cost 0.2878969934
508 528 177 187 39 42 cost 0.2877862248
121 162 168 187 15 21 cost 0.2875570461
121 162 187 206 36 42 cost 0.2874303277
81 121 131 150 21 26 cost 0.2874083904
325 365 150 168 21 26 cost 0.2869022743
508 528 196 206 44 47 cost 0.2863975929
467 488 177 187 44 47 cost 0.2856688258
365 406 150 168 21 26 cost 0.2855197087
488 508 177 187 44 47 cost 0.2852474965
121 162 150 168 15 21 cost 0.2852136042
325 365 206 225 47 52 cost 0.2848526155
81 121 150 168 21 26 cost 0.2844905976
406 447 150 168 78 84 cost 0.2844488966
325 365 187 206 31 36 cost 0.2836350705
162 202 150 168 31 36 cost 0.2832718738
528 548 177 187 44 47 cost 0.2832366416
508 528 177 187 57 60 cost 0.2827915535
81 121 168 187 15 21 cost 0.2825648221
447 488 244 263 21 26 cost 0.2825596012
365 406 168 187 73 78 cost 0.2819502386
365 406 150 168 68 73 cost 0.2818724021
447 488 75 93 21 26 cost 0.2816932289
447 488 187 206 5 10 cost 0.2815666643
162 202 131 150 31 36 cost 0.2810729185
569 610 244 263 21 26 cost 0.2803858394
488 569 263 301 21 31 cost 0.2802926371
488 528 112 131 15 21 cost 0.2802091303
467 488 177 187 54 57 cost 0.2795265504
243 325 225 263 21 31 cost 0.2792461314
325 365 75 93 15 21 cost 0.278383161
528 548 196 206 49 52 cost 0.2780694315
202 243 150 168 36 42 cost 0.2780084517
569 610 244 263 78 84 cost 0.277531623
488 528 244 263 21 26 cost 0.2774463061
365 406 93 112 21 26 cost 0.2772628119
406 447 225 244 78 84 cost 0.2770669016
406 447 244 263 21 26 cost 0.2769659841
365 406 131 150 73 78 cost 0.276656881
284 325 168 187 26 31 cost 0.2766565929
81 121 131 150 15 21 cost 0.2764787552
508 528 168 177 49 52 cost 0.2763354881
488 508 177 187 54 57 cost 0.2754407354
508 528 187 196 49 52 cost 0.2752246622
365 406 75 93 63 68 cost 0.2750725135
406 447 112 131 15 21 cost 0.2750189042
508 528 177 187 60 63 cost 0.2749754175
488 528 206 225 5 10 cost 0.2744891811
162 202 112 131 31 36 cost 0.2737341267
365 406 112 131 15 21 cost 0.2736020474
81 121 150 168 15 21 cost 0.2735157291
528 548 196 206 44 47 cost 0.2734757363
365 406 56 75 31 36 cost 0.2733802555
488 528 244 263 73 78 cost 0.2732307592
508 528 196 206 54 57 cost 0.2722621236
406 447 131 150 78 84 cost 0.271869366
447 467 177 187 49 52 cost 0.2718277922
508 528 168 177 44 47 cost 0.2715622042
0 81 150 187 0 10 cost 0.2710989614
162 202 168 187 31 36 cost 0.2709560825
508 528 187 196 44 47 cost 0.2702790954
81 121 206 225 68 73 cost 0.2699602401
406 447 244 263 73 78 cost 0.2697735499
508 528 177 187 47 49 cost 0.2693553554
81 162 263 301 10 21 cost 0.2693272564
528 548 177 187 54 57 cost 0.2691925092
488 528 131 150 78 84 cost 0.268901342
467 488 177 187 57 60 cost 0.2681874545
508 528 196 206 39 42 cost 0.2678773557
447 488 244 263 73 78 cost 0.2677987797
121 162 112 131 15 21 cost 0.267720343
406 447 93 112 21 26 cost 0.2673385651
121 162 112 131 73 78 cost 0.2672630768
406 447 206 225 10 15 cost 0.2669279927
81 121 187 206 31 36 cost 0.2668548421
81 121 93 112 31 36 cost 0.2661229124
508 528 177 187 52 54 cost 0.2661086067
548 569 196 206 49 52 cost 0.266093139
0 81 75 112 52 63 cost 0.2658674928
488 508 177 187 39 42 cost 0.2658639526
467 488 177 187 39 42 cost 0.2657372221
528 548 177 187 39 42 cost 0.2652647393
202 243 150 168 42 47 cost 0.2652033816
508 528 177 187 36 39 cost 0.265065359
548 569 177 187 49 52 cost 0.2648601734
325 365 131 150 73 78 cost 0.2642493997
447 467 177 187 44 47 cost 0.2640554283
528 569 150 168 10 15 cost 0.263729194
488 508 177 187 57 60 cost 0.2637147257
325 365 168 187 63 68 cost 0.2633076498
569 610 150 168 26 31 cost 0.2631278146
508 528 159 168 49 52 cost 0.2628094454
447 488 225 244 10 15 cost 0.2621120824
325 365 206 225 52 57 cost 0.2620967829
508 528 196 206 57 60 cost 0.2612667727
528 569 131 150 68 73 cost 0.2612109698
508 528 177 187 42 44 cost 0.261145651
202 243 168 187 36 42 cost 0.2602977702
569 651 263 301 63 73 cost 0.2601483626
548 569 196 206 44 47 cost 0.2599646256
81 121 244 263 57 63 cost 0.2599177671
447 467 177 187 54 57 cost 0.259791867
508 528 168 177 54 57 cost 0.2595037498
447 488 244 263 15 21 cost 0.2594743001
365 406 225 244 21 26 cost 0.2593024215
162 243 187 225 10 21 cost 0.2591826133
528 548 196 206 54 57 cost 0.2591351637
365 406 93 112 68 73 cost 0.258642139
548 569 177 187 44 47 cost 0.258621466
508 528 159 168 44 47 cost 0.2582412489
284 325 150 168 21 26 cost 0.2581736559
528 548 177 187 57 60 cost 0.2578915125
508 528 187 196 54 57 cost 0.257772514
202 243 150 168 47 52 cost 0.2575258711
528 548 187 196 49 52 cost 0.2568772542
467 488 177 187 60 63 cost 0.2567453286
528 548 196 206 39 42 cost 0.2566215664
0 81 187 225 0 10 cost 0.2565914945
162 243 75 112 73 84 cost 0.2565044338
467 488 168 177 49 52 cost 0.2556768058
508 528 196 206 60 63 cost 0.2556710579
447 488 37 56 63 68 cost 0.2553542152
81 121 112 131 26 31 cost 0.2550725805
284 325 131 150 68 73 cost 0.2547147226
406 447 93 112 73 78 cost 0.2543725439
488 528 150 168 5 10 cost 0.2539641986
121 162 187 206 63 68 cost 0.253765649
325 365 112 131 73 78 cost 0.2535256019
488 508 177 187 60 63 cost 0.2535113462
569 610 206 225 10 15 cost 0.253217608
569 610 187 206 10 15 cost 0.2530626831
508 528 168 177 39 42 cost 0.2530150444
447 488 131 150 10 15 cost 0.2527077054
325 365 206 225 57 63 cost 0.252658051
488 508 168 177 49 52 cost 0.2526411399
508 528 187 196 39 42 cost 0.2525153198
528 548 187 196 44 47 cost 0.2524236635
528 548 177 187 60 63 cost 0.2523271973
508 528 215 225 49 52 cost 0.2517184078
406 447 244 263 15 21 cost 0.2515672943
0 81 263 301 10 21 cost 0.2508547613
447 488 93 112 78 84 cost 0.2508208663
202 243 168 187 42 47 cost 0.2507398998
467 488 177 187 47 49 cost 0.2505440073
488 528 244 263 15 21 cost 0.2504479229
467 488 168 177 44 47 cost 0.2503560937
284 325 112 131 68 73 cost 0.2500772989
508 528 196 206 47 49 cost 0.2495896844
528 569 131 150 26 31 cost 0.2493831088
447 467 177 187 57 60 cost 0.2493816261
447 488 37 56 26 31 cost 0.2492962349
488 508 177 187 47 49 cost 0.249285298
548 569 215 225 49 52 cost 0.2492478491
81 121 112 131 73 78 cost 0.248784203
508 528 168 177 57 60 cost 0.2487740084
488 508 168 177 44 47 cost 0.2487503723
508 528 177 187 65 68 cost 0.2486045756
528 548 196 206 57 60 cost 0.2485510373
447 488 56 75 68 73 cost 0.2485454007
467 488 177 187 52 54 cost 0.24816827
548 569 196 206 54 57 cost 0.2478544748
528 548 168 177 49 52 cost 0.2477209825
162 202 150 168 63 68 cost 0.2474335069
528 548 215 225 49 52 cost 0.2472787467
508 528 187 196 57 60 cost 0.2472561849
508 528 159 168 54 57 cost 0.2471404148
508 528 196 206 36 39 cost 0.2471011037
548 569 177 187 54 57 cost 0.2467637298
162 202 168 187 63 68 cost 0.2467603563
528 548 177 187 47 49 cost 0.2467528051
467 488 177 187 36 39 cost 0.2463566319
508 528 196 206 52 54 cost 0.2462259098
365 406 150 168 15 21 cost 0.2460154129
488 508 177 187 52 54 cost 0.2459526877
202 243 168 187 47 52 cost 0.2458911316
365 406 244 263 26 31 cost 0.2458317972
447 467 177 187 39 42 cost 0.2457079877
528 548 177 187 36 39 cost 0.2456662307
325 365 225 244 36 42 cost 0.2454468827
488 508 196 206 49 52 cost 0.245127794
325 365 131 150 10 15 cost 0.2450013032
488 508 177 187 36 39 cost 0.2448080727
325 365 168 187 21 26 cost 0.2447720991
528 548 196 206 60 63 cost 0.2443181233
528 548 177 187 52 54 cost 0.2442205293
467 488 168 177 54 57 cost 0.2440204266
548 569 196 206 39 42 cost 0.2435882178
548 569 215 225 44 47 cost 0.2435073246
528 548 168 177 44 47 cost 0.2434942343
528 548 215 225 44 47 cost 0.2433235604
508 528 196 206 42 44 cost 0.2428653626
0 81 75 112 42 52 cost 0.2425921135
406 447 168 187 5 10 cost 0.2424397285
528 569 112 131 47 52 cost 0.2424181949
325 365 75 93 68 73 cost 0.2423905699
488 508 196 206 44 47 cost 0.2422391371
325 365 37 56 36 42 cost 0.2420912872
548 569 177 187 39 42 cost 0.2420370691
243 284 131 150 36 42 cost 0.2419300881
508 528 206 215 49 52 cost 0.2413201038
467 488 177 187 42 44 cost 0.2413060758
488 508 177 187 42 44 cost 0.2412901433
508 528 168 177 60 63 cost 0.2412782986
508 528 187 196 60 63 cost 0.2412667472
548 569 187 196 49 52 cost 0.2408613273
325 365 150 168 15 21 cost 0.2408357952
488 508 187 196 49 52 cost 0.2403126911
528 548 177 187 42 44 cost 0.2402201151
81 121 168 187 78 84 cost 0.2402005682
508 528 159 168 39 42 cost 0.2400781311
488 508 159 168 49 52 cost 0.239904059
488 508 168 177 54 57 cost 0.2396291879
528 548 187 196 54 57 cost 0.2395558861
365 406 244 263 68 73 cost 0.2389462485
447 467 177 187 60 63 cost 0.2384625741
467 488 196 206 49 52 cost 0.2381068148
528 548 196 206 36 39 cost 0.2380563983
325 365 112 131 10 15 cost 0.2380069671
202 243 150 168 52 57 cost 0.2379951975
548 569 196 206 57 60 cost 0.2379843487
528 548 196 206 47 49 cost 0.2379565887
365 406 112 131 73 78 cost 0.2378670163
243 284 112 131 36 42 cost 0.2375354133
508 528 159 168 57 60 cost 0.2370774059
508 528 168 177 47 49 cost 0.236962593
467 488 187 196 49 52 cost 0.2369415872
488 508 187 196 44 47 cost 0.2367757657
548 569 177 187 57 60 cost 0.2367741466
528 548 187 196 39 42 cost 0.2367304563
325 365 206 225 31 36 cost 0.2364945323
406 447 75 93 26 31 cost 0.2363610621
488 508 159 168 44 47 cost 0.2360963665
447 488 112 131 10 15 cost 0.2360543801
406 447 225 244 10 15 cost 0.2359976689
447 467 168 177 49 52 cost 0.2357596782
508 528 187 196 47 49 cost 0.2357298076
528 548 196 206 52 54 cost 0.2354411995
528 569 112 131 42 47 cost 0.2354404995
325 365 225 244 42 47 cost 0.2352291873
548 569 187 196 44 47 cost 0.2352006591
528 548 206 215 49 52 cost 0.2349471135
548 569 196 206 60 63 cost 0.2349406129
365 406 93 112 15 21 cost 0.2342786846
447 488 206 225 5 10 cost 0.2342664879
81 121 244 263 52 57 cost 0.2342190389
508 528 168 177 52 54 cost 0.2340227534
467 488 196 206 44 47 cost 0.2339956861
81 121 131 150 78 84 cost 0.2339394295
508 528 177 187 63 65 cost 0.2338499686
467 488 168 177 57 60 cost 0.2335851173
528 569 112 131 36 42 cost 0.233339511
548 569 177 187 60 63 cost 0.2332068382
325 365 93 112 73 78 cost 0.2331406828
488 528 168 187 0 5 cost 0.2329178261
508 528 196 206 65 68 cost 0.2328842599
467 488 168 177 39 42 cost 0.2328133918
508 528 187 196 52 54 cost 0.2327960994
548 569 206 215 49 52 cost 0.2327152745
508 528 168 177 36 39 cost 0.2327030235
508 528 187 196 36 39 cost 0.2326447233
528 569 112 131 52 57 cost 0.2326135047
447 467 177 187 47 49 cost 0.2324233694
467 488 187 196 44 47 cost 0.2322361458
528 548 196 206 42 44 cost 0.2322098989
202 243 131 150 36 42 cost 0.2320808295
548 569 215 225 54 57 cost 0.2318424036
406 447 187 206 5 10 cost 0.2317731114
528 548 168 177 54 57 cost 0.2317641525
81 121 150 168 78 84 cost 0.2316655458
488 508 168 177 39 42 cost 0.2316055705
508 528 215 225 39 42 cost 0.2315684889
488 528 75 93 68 73 cost 0.2313332176
528 548 206 215 44 47 cost 0.2311951147
447 488 56 75 21 26 cost 0.2311694884
325 365 225 244 47 52 cost 0.2309141087
325 365 187 206 26 31 cost 0.2306251417
447 467 177 187 52 54 cost 0.2304951632
488 508 196 206 54 57 cost 0.2303474797
202 243 168 187 52 57 cost 0.2302676649
447 467 168 177 44 47 cost 0.229926396
528 548 215 225 54 57 cost 0.2297967004
508 528 168 177 42 44 cost 0.229764744
508 528 159 168 60 63 cost 0.2296778057
528 548 187 196 57 60 cost 0.2296463321
528 548 177 187 65 68 cost 0.2295155741
528 569 112 131 57 63 cost 0.2293705496
488 508 168 177 57 60 cost 0.2291120251
447 488 150 168 5 10 cost 0.2290797955
406 447 112 131 78 84 cost 0.2290711696
406 447 56 75 31 36 cost 0.2290380871
243 284 150 168 36 42 cost 0.2290156064
508 528 187 196 42 44 cost 0.2289863004
548 569 215 225 39 42 cost 0.2284876823
528 548 215 225 39 42 cost 0.2284133444
81 121 206 225 31 36 cost 0.2283120467
447 467 177 187 36 39 cost 0.2282346128
488 508 159 168 54 57 cost 0.2278997252
528 548 168 177 39 42 cost 0.2274078861
548 569 206 215 44 47 cost 0.2273428448
488 508 196 206 39 42 cost 0.2273205402
488 569 263 301 73 84 cost 0.2270137636
548 569 196 206 47 49 cost 0.2269678888
406 447 150 168 10 15 cost 0.2268143331
406 447 93 112 15 21 cost 0.2267271041
488 508 187 196 54 57 cost 0.2266942137
447 488 75 93 15 21 cost 0.226672489
548 569 196 206 36 39 cost 0.2265952531
548 569 177 187 47 49 cost 0.2259445099
548 569 196 206 52 54 cost 0.2258189417
467 488 196 206 54 57 cost 0.2257619457
508 528 215 225 57 60 cost 0.2256859225
202 243 150 168 57 63 cost 0.2256051712
508 528 159 168 47 49 cost 0.2254542168
467 488 187 196 54 57 cost 0.2254396355
528 548 187 196 60 63 cost 0.225275571
488 528 187 206 0 5 cost 0.2251592637
548 569 177 187 36 39 cost 0.2248867676
488 508 150 159 49 52 cost 0.2247663375
447 467 168 177 54 57 cost 0.2246991066
548 569 177 187 52 54 cost 0.2246914146
243 284 93 112 36 42 cost 0.2246677479
488 508 177 187 65 68 cost 0.2246635612
548 569 187 196 54 57 cost 0.2243515488
447 467 196 206 49 52 cost 0.2242856193
528 569 187 206 0 5 cost 0.2233180796
528 548 196 206 65 68 cost 0.2232222488
447 467 177 187 42 44 cost 0.2230576079
365 406 168 187 78 84 cost 0.2229965334
447 488 75 93 73 78 cost 0.2229808093
548 569 215 225 57 60 cost 0.2228690451
508 528 159 168 52 54 cost 0.2228507444
243 284 131 150 42 47 cost 0.2227465423
528 548 168 177 57 60 cost 0.2223967725
284 325 37 56 36 42 cost 0.2223238947
325 365 93 112 10 15 cost 0.2223036908
508 528 206 215 39 42 cost 0.2222911368
467 488 168 177 60 63 cost 0.2222664125
202 243 168 187 57 63 cost 0.2222282053
325 365 37 56 42 47 cost 0.2222268407
508 528 215 225 60 63 cost 0.2219839719
447 467 187 196 49 52 cost 0.2216394245
488 508 187 196 39 42 cost 0.2215772347
528 548 215 225 57 60 cost 0.220893889
548 569 215 225 60 63 cost 0.2207084472
508 528 159 168 36 39 cost 0.2204888851
488 508 196 206 57 60 cost 0.2204630214
365 406 131 150 78 84 cost 0.2203598027
548 569 196 206 42 44 cost 0.2203476267
548 569 187 196 39 42 cost 0.2202887318
406 447 75 93 68 73 cost 0.2198784108
528 548 187 196 47 49 cost 0.2197411487
488 508 150 159 44 47 cost 0.21972798
467 488 196 206 39 42 cost 0.2195083702
528 548 187 196 36 39 cost 0.2193687255
488 508 168 177 60 63 cost 0.219229057
488 508 159 168 39 42 cost 0.2191346695
467 488 168 177 47 49 cost 0.2190498473
548 569 177 187 42 44 cost 0.2190269001
508 528 187 196 65 68 cost 0.2189139776
508 528 196 206 63 65 cost 0.2186297427
548 569 168 177 49 52 cost 0.218622787
406 447 56 75 63 68 cost 0.2186209821
447 467 196 206 44 47 cost 0.2185774122
528 548 206 215 54 57 cost 0.2185081033
508 528 159 168 42 44 cost 0.21823176
528 548 215 225 60 63 cost 0.2181997028
325 365 131 150 78 84 cost 0.2180184806
488 508 159 168 57 60 cost 0.2179517623
365 406 75 93 21 26 cost 0.2179203269
508 528 168 177 65 68 cost 0.2176111018
528 548 187 196 52 54 cost 0.2174890927
528 548 168 177 60 63 cost 0.2172027319
467 488 187 196 39 42 cost 0.2171118511
467 488 168 177 52 54 cost 0.2170767948
528 548 206 215 39 42 cost 0.2170460558
488 508 187 196 57 60 cost 0.217011006
488 508 168 177 47 49 cost 0.2169608597
467 488 196 206 57 60 cost 0.2167119557
447 488 168 187 0 5 cost 0.2167056526
202 243 131 150 42 47 cost 0.2165300296
548 569 206 215 54 57 cost 0.2165212325
467 488 187 196 57 60 cost 0.2163906904
243 284 112 131 42 47 cost 0.2162107448
508 528 206 215 57 60 cost 0.2161531434
243 284 150 168 42 47 cost 0.2160630961
528 548 177 187 63 65 cost 0.2160192864
508 528 215 225 47 49 cost 0.2159820067
81 121 112 131 21 26 cost 0.2159749691
447 467 187 196 44 47 cost 0.2157097387
488 528 131 150 10 15 cost 0.2156269181
548 569 187 196 57 60 cost 0.2153366677
488 528 244 263 78 84 cost 0.2152970803
467 488 168 177 36 39 cost 0.2152969689
447 467 168 177 57 60 cost 0.2150873233
548 569 196 206 65 68 cost 0.2150315618
508 528 215 225 36 39 cost 0.2144374576
325 365 37 56 47 52 cost 0.214299037
569 610 150 168 21 26 cost 0.2142893423
528 548 187 196 42 44 cost 0.2142224389
488 508 168 177 52 54 cost 0.214126298
528 569 168 187 0 5 cost 0.2141056894
447 467 168 177 39 42 cost 0.214026896
548 569 168 177 44 47 cost 0.2138650999
488 508 196 206 60 63 cost 0.2138289839
488 508 150 159 54 57 cost 0.2137820358
488 528 75 93 21 26 cost 0.2136620917
162 243 225 263 73 84 cost 0.213570437
243 284 131 150 47 52 cost 0.2135641352
548 569 177 187 65 68 cost 0.2132399076
202 243 112 131 36 42 cost 0.2132307863
548 569 206 215 39 42 cost 0.2131786982
548 569 215 225 36 39 cost 0.2131640858
325 365 225 244 52 57 cost 0.2131391254
325 365 150 168 68 73 cost 0.213038752
488 508 177 187 63 65 cost 0.2129720046
447 467 196 206 54 57 cost 0.212915085
528 548 215 225 36 39 cost 0.2127329007
488 508 168 177 36 39 cost 0.2127139663
548 569 215 225 47 49 cost 0.2126088957
548 569 187 196 60 63 cost 0.2123868016
528 548 168 177 47 49 cost 0.2122740752
508 528 206 215 60 63 cost 0.2121433239
365 406 150 168 73 78 cost 0.2118979681
528 548 215 225 47 49 cost 0.2118213081
121 162 168 187 78 84 cost 0.2118004659
325 365 187 206 63 68 cost 0.2117292723
202 243 150 168 31 36 cost 0.2116674214
467 488 168 177 42 44 cost 0.2115995065
548 569 215 225 52 54 cost 0.2114897574
243 284 150 168 47 52 cost 0.2112647373
447 467 187 196 54 57 cost 0.2110746913
488 508 196 206 47 49 cost 0.210717073
488 508 168 177 42 44 cost 0.2103858647
528 548 168 177 36 39 cost 0.2100078025
528 548 196 206 63 65 cost 0.2099436694
528 548 168 177 52 54 cost 0.2099178876
325 365 112 131 78 84 cost 0.2099127392
488 508 196 206 36 39 cost 0.209849622
528 548 206 215 57 60 cost 0.2097725808
488 508 187 196 60 63 cost 0.2097586137
467 488 196 206 60 63 cost 0.2095650901
325 365 225 244 57 63 cost 0.2095467012
528 569 206 225 0 5 cost 0.2094160661
528 548 215 225 52 54 cost 0.2091780784
528 569 244 263 10 15 cost 0.2088452366
243 325 225 263 73 84 cost 0.208802909
467 488 187 196 60 63 cost 0.2084597102
488 508 159 168 60 63 cost 0.208041872
548 569 206 215 57 60 cost 0.2079820046
365 406 131 150 10 15 cost 0.2077194486
162 243 225 263 21 31 cost 0.2073307768
488 528 112 131 78 84 cost 0.2069827178
508 528 206 215 47 49 cost 0.2069666114
406 447 131 150 10 15 cost 0.2069164423
528 548 206 215 60 63 cost 0.2067637052
528 548 215 225 42 44 cost 0.2067289743
488 508 196 206 52 54 cost 0.206618292
548 569 215 225 42 44 cost 0.2066110286
447 488 93 112 10 15 cost 0.2064321111
488 508 187 196 47 49 cost 0.2063459553
528 548 168 177 42 44 cost 0.2062535068
325 365 168 187 15 21 cost 0.2060759791
406 447 206 225 5 10 cost 0.20599092
488 508 159 168 47 49 cost 0.2059755993
488 508 196 206 42 44 cost 0.2058669471
121 162 150 168 78 84 cost 0.2057944831
508 528 187 196 63 65 cost 0.2057436931
508 528 206 215 36 39 cost 0.2056820852
548 569 206 215 60 63 cost 0.2056449571
548 569 187 196 47 49 cost 0.2054136947
243 284 112 131 47 52 cost 0.2053315733
528 548 187 196 65 68 cost 0.205285315
81 121 112 131 15 21 cost 0.205278477
202 243 131 150 47 52 cost 0.2049293065
548 569 187 196 36 39 cost 0.2047942285
447 467 196 206 39 42 cost 0.204784408
508 528 168 177 63 65 cost 0.2047725429
121 162 131 150 78 84 cost 0.2044634877
488 508 150 159 57 60 cost 0.2044379215
447 467 196 206 57 60 cost 0.204383033
447 467 168 177 60 63 cost 0.2043633046
548 569 187 196 52 54 cost 0.2043452011
467 488 196 206 47 49 cost 0.2043113767
467 488 196 206 36 39 cost 0.2042888912
488 508 187 196 36 39 cost 0.2041953936
243 284 93 112 42 47 cost 0.2040885498
548 569 168 177 54 57 cost 0.2040499187
284 325 168 187 21 26 cost 0.203798987
488 508 159 168 52 54 cost 0.203705211
365 406 75 93 68 73 cost 0.203402095
365 406 168 187 10 15 cost 0.2031270735
467 488 187 196 47 49 cost 0.2030960624
284 325 37 56 42 47 cost 0.2030131382
488 508 187 196 52 54 cost 0.2029347076
488 508 150 159 39 42 cost 0.2029076447
548 569 196 206 63 65 cost 0.2027660707
447 467 187 196 57 60 cost 0.2026492684
406 447 244 263 78 84 cost 0.2026086316
528 569 150 168 5 10 cost 0.2021374043
528 548 206 215 36 39 cost 0.2019105236
447 467 168 177 47 49 cost 0.2017018208
467 488 187 196 36 39 cost 0.2015603557
447 467 187 196 39 42 cost 0.2014910533
447 488 187 206 0 5 cost 0.2014135081
81 121 168 187 10 15 cost 0.2013847356
528 548 206 215 47 49 cost 0.2011550476
467 488 196 206 52 54 cost 0.2010403087
488 508 159 168 36 39 cost 0.2009334211
548 569 177 187 63 65 cost 0.2009089537
488 508 187 196 42 44 cost 0.2008045536
467 488 187 196 52 54 cost 0.2004699069
447 488 244 263 78 84 cost 0.2001736441
365 406 93 112 73 78 cost 0.2001540412
447 467 168 177 52 54 cost 0.1999355048
121 162 187 206 31 36 cost 0.1998281752
508 528 150 159 49 52 cost 0.1998220869
528 569 131 150 21 26 cost 0.1996100228
548 569 168 177 39 42 cost 0.1994404695
488 508 159 168 42 44 cost 0.19938835
548 569 187 196 42 44 cost 0.1992640254
569 651 263 301 21 31 cost 0.1992531297
488 508 215 225 49 52 cost 0.1990595341
365 406 244 263 21 26 cost 0.1988920376
528 548 206 215 52 54 cost 0.1987408815
467 488 196 206 42 44 cost 0.1986855885
447 467 168 177 36 39 cost 0.1986844344
548 569 206 215 36 39 cost 0.198650903
548 569 206 215 47 49 cost 0.1984709302
243 284 168 187 36 42 cost 0.1982817424
121 162 131 150 10 15 cost 0.198159508
528 548 168 177 65 68 cost 0.197852503
81 121 131 150 10 15 cost 0.1974344573
548 569 206 215 52 54 cost 0.1973994453
447 467 196 206 60 63 cost 0.1971562876
121 162 168 187 10 15 cost 0.1970883078
202 243 112 131 42 47 cost 0.1968542279
467 488 187 196 42 44 cost 0.1967717518
488 569 263 301 10 21 cost 0.1966916111
528 548 206 215 42 44 cost 0.1963658392
548 569 168 177 57 60 cost 0.1963068014
488 508 206 215 49 52 cost 0.1961273147
508 528 150 159 44 47 cost 0.1961121046
488 528 206 225 0 5 cost 0.1960375387
325 365 206 225 26 31 cost 0.1958091541
243 284 150 168 52 57 cost 0.1956704365
81 162 225 263 0 10 cost 0.1956563345
121 162 150 168 10 15 cost 0.1953707484
121 162 206 225 57 63 cost 0.1952492754
202 243 168 187 31 36 cost 0.1952057439
81 121 150 168 10 15 cost 0.1951342646
325 365 75 93 73 78 cost 0.194957448
447 467 187 196 60 63 cost 0.1948225985
488 508 150 159 60 63 cost 0.1946352444
325 365 206 225 63 68 cost 0.1944966024
121 162 75 93 47 52 cost 0.1944657123
447 467 168 177 42 44 cost 0.1944321078
284 325 37 56 47 52 cost 0.1943062091
548 569 187 196 65 68 cost 0.1941680606
548 569 168 177 60 63 cost 0.1932771377
325 365 93 112 78 84 cost 0.1932723945
243 284 93 112 47 52 cost 0.1932661521
528 548 187 196 63 65 cost 0.1931963012
488 508 168 177 65 68 cost 0.1930328966
548 569 206 215 42 44 cost 0.1927600214
528 569 93 112 47 52 cost 0.1926508381
325 365 37 56 52 57 cost 0.1926441176
488 508 150 159 47 49 cost 0.1925601059
447 467 196 206 47 49 cost 0.1919560573
528 569 131 150 73 78 cost 0.1918164918
488 508 196 206 65 68 cost 0.1917623157
325 365 168 187 68 73 cost 0.1916368378
325 365 225 244 31 36 cost 0.1914306727
488 508 150 159 52 54 cost 0.191205882
0 81 112 150 0 10 cost 0.1906901714
447 467 196 206 36 39 cost 0.1906414702
243 284 131 150 52 57 cost 0.1905821516
243 284 131 150 31 36 cost 0.190475612
365 406 112 131 78 84 cost 0.1898977312
162 243 75 112 0 10 cost 0.1898026962
243 284 112 131 31 36 cost 0.1897952077
528 569 93 112 42 47 cost 0.1895950803
243 284 168 187 42 47 cost 0.1895700884
447 467 187 196 47 49 cost 0.1895443341
121 162 187 206 68 73 cost 0.1894539024
447 467 196 206 52 54 cost 0.1892276912
121 162 75 93 52 57 cost 0.188604351
508 528 150 159 54 57 cost 0.1879015919
0 81 75 112 63 73 cost 0.1878617101
243 284 168 187 47 52 cost 0.1878374415
325 365 37 56 31 36 cost 0.1877121848
528 569 93 112 36 42 cost 0.1877004157
447 467 187 196 52 54 cost 0.1874150279
121 162 75 93 57 63 cost 0.1872362861
447 467 187 196 36 39 cost 0.1872128847
488 508 187 196 65 68 cost 0.1871999108
548 569 168 177 47 49 cost 0.1869877972
121 162 75 93 42 47 cost 0.186894159
406 447 93 112 78 84 cost 0.1866490323
121 162 112 131 78 84 cost 0.1864799081
121 162 206 225 52 57 cost 0.1858890291
528 548 168 177 63 65 cost 0.185772013
548 569 168 177 52 54 cost 0.1854983893
488 508 150 159 36 39 cost 0.1854158126
447 467 196 206 42 44 cost 0.1853837929
406 488 263 301 0 10 cost 0.1852651938
488 508 150 159 42 44 cost 0.184940027
488 508 215 225 39 42 cost 0.1848944211
548 569 168 177 36 39 cost 0.1845943412
202 243 131 150 31 36 cost 0.1845248387
202 243 112 131 47 52 cost 0.184325656
325 365 75 93 10 15 cost 0.1842937927
365 406 75 93 15 21 cost 0.1841355899
0 81 75 112 31 42 cost 0.1837994374
488 508 168 177 63 65 cost 0.1833303119
121 162 112 131 10 15 cost 0.1832454862
548 569 187 196 63 65 cost 0.1831056257
243 325 187 225 0 10 cost 0.1826383268
447 467 187 196 42 44 cost 0.1826252436
243 284 150 168 57 63 cost 0.1824795807
488 508 206 215 39 42 cost 0.1823784942
528 569 93 112 52 57 cost 0.1822744421
121 162 75 93 36 42 cost 0.1820952839
447 488 37 56 21 26 cost 0.1818470294
447 488 37 56 68 73 cost 0.1817031672
508 528 150 159 39 42 cost 0.1816788046
121 162 206 225 47 52 cost 0.1816740641
202 243 131 150 52 57 cost 0.1816240215
365 406 112 131 10 15 cost 0.1815358075
488 508 196 206 63 65 cost 0.181116937
488 528 150 168 0 5 cost 0.1810485482
548 569 168 177 42 44 cost 0.1808568701
162 202 168 187 68 73 cost 0.1801784656
243 284 112 131 52 57 cost 0.180131182
488 508 215 225 57 60 cost 0.17959428
243 284 93 112 31 36 cost 0.1794905845
508 528 150 159 57 60 cost 0.1794595465
162 202 150 168 68 73 cost 0.1793496521
528 569 112 131 63 68 cost 0.1789079538
406 447 112 131 10 15 cost 0.1788522486
548 569 168 177 65 68 cost 0.1776592242
488 508 187 196 63 65 cost 0.1770791621
488 528 112 131 10 15 cost 0.1767099001
406 447 75 93 21 26 cost 0.1766933052
243 284 168 187 52 57 cost 0.1764246887
488 508 206 215 57 60 cost 0.1763630832
447 488 244 263 10 15 cost 0.1757655822
488 508 215 225 60 63 cost 0.1750825046
325 365 187 206 21 26 cost 0.1748385804
406 447 56 75 26 31 cost 0.1747477871
406 488 0 37 10 21 cost 0.1744924675
406 447 150 168 5 10 cost 0.1743412275
528 569 131 150 15 21 cost 0.1738534258
406 447 168 187 0 5 cost 0.1736254643
528 569 93 112 57 63 cost 0.1736115768
284 325 37 56 31 36 cost 0.1733776457
243 284 150 168 31 36 cost 0.1732641488
528 569 112 131 31 36 cost 0.1732342032
202 243 112 131 31 36 cost 0.1726780974
81 121 112 131 78 84 cost 0.1726471491
406 447 244 263 10 15 cost 0.1724400583
508 528 150 159 60 63 cost 0.1721088731
488 508 206 215 60 63 cost 0.1715752008
488 508 215 225 47 49 cost 0.1714712729
488 508 215 225 36 39 cost 0.171451303
508 528 150 159 47 49 cost 0.1714325423
121 162 206 225 42 47 cost 0.1707808705
569 651 263 301 73 84 cost 0.1704670917
243 284 75 93 36 42 cost 0.1699582257
325 365 244 263 36 42 cost 0.1696302717
508 528 150 159 52 54 cost 0.1692174887
488 528 244 263 10 15 cost 0.1692113376
488 508 206 215 36 39 cost 0.1689701537
488 508 206 215 47 49 cost 0.1688056271
243 284 93 112 52 57 cost 0.1687370579
243 284 168 187 57 63 cost 0.1682637459
365 406 150 168 78 84 cost 0.1679049084
447 488 206 225 0 5 cost 0.1671126636
548 569 168 177 63 65 cost 0.1665061865
0 81 225 263 0 10 cost 0.1659754841
508 528 150 159 36 39 cost 0.1657503523
325 365 225 244 63 68 cost 0.16563405
325 365 150 168 73 78 cost 0.1655571721
406 447 187 206 0 5 cost 0.1653949128
508 528 150 159 42 44 cost 0.1653197331
243 284 131 150 57 63 cost 0.1653166539
202 243 168 187 63 68 cost 0.165301977
202 243 150 168 63 68 cost 0.1652572484
447 488 150 168 0 5 cost 0.1644638963
447 488 75 93 78 84 cost 0.162424699
325 365 37 56 57 63 cost 0.1622964504
365 406 150 168 10 15 cost 0.161956384
325 365 244 263 42 47 cost 0.1619526787
202 243 131 150 57 63 cost 0.1617907399
406 447 37 56 36 42 cost 0.161559052
325 365 75 93 78 84 cost 0.1614901511
406 447 37 56 42 47 cost 0.1611044974
406 447 37 56 47 52 cost 0.1605188382
202 243 112 131 52 57 cost 0.1603452017
121 162 206 225 36 42 cost 0.1603163613
365 406 93 112 78 84 cost 0.160149369
325 365 225 244 26 31 cost 0.1599786208
406 447 75 93 73 78 cost 0.1598120543
406 447 56 75 68 73 cost 0.1596824707
365 406 75 93 73 78 cost 0.1591084586
325 365 244 263 47 52 cost 0.1589321401
406 488 0 37 73 84 cost 0.1583926953
569 651 112 150 52 63 cost 0.1554320368
365 406 93 112 10 15 cost 0.1553673383
325 365 150 168 10 15 cost 0.1552789023
569 651 112 150 42 52 cost 0.1551936452
325 365 187 206 68 73 cost 0.1544768944
243 284 75 93 42 47 cost 0.1542015206
243 284 131 150 26 31 cost 0.1539317409
121 162 206 225 63 68 cost 0.1538502886
243 284 112 131 26 31 cost 0.1537442897
325 406 263 301 0 10 cost 0.1519921542
406 447 37 56 52 57 cost 0.1519903099
488 569 0 37 73 84 cost 0.1511936056
325 365 206 225 21 26 cost 0.1511886207
243 284 112 131 57 63 cost 0.151004911
243 325 0 37 31 42 cost 0.1500893165
243 325 0 37 42 52 cost 0.148666682
325 365 168 187 73 78 cost 0.1477227855
121 162 225 244 57 63 cost 0.1472573335
406 447 75 93 15 21 cost 0.1468190691
406 447 93 112 10 15 cost 0.1467620742
243 284 168 187 31 36 cost 0.1465164286
406 447 206 225 0 5 cost 0.1464809957
81 121 112 131 10 15 cost 0.1461966354
325 365 244 263 52 57 cost 0.1460856807
243 284 75 93 47 52 cost 0.1456420232
325 365 244 263 57 63 cost 0.1456325456
325 365 206 225 68 73 cost 0.1454341849
243 284 93 112 26 31 cost 0.1444186308
528 569 150 168 0 5 cost 0.1439625045
406 447 37 56 57 63 cost 0.1432252433
528 569 112 131 26 31 cost 0.1418208534
528 569 131 150 78 84 cost 0.141808333
81 162 263 301 0 10 cost 0.1416710156
121 162 75 93 63 68 cost 0.1406252884
447 488 75 93 10 15 cost 0.140401962
325 406 0 37 42 52 cost 0.1402001216
569 651 263 301 10 21 cost 0.1399723911
81 121 75 93 57 63 cost 0.1398531602
243 284 93 112 57 63 cost 0.1397891442
202 243 112 131 57 63 cost 0.1387106228
528 569 93 112 31 36 cost 0.1384767511
325 406 0 37 31 42 cost 0.1384703147
243 284 150 168 26 31 cost 0.1382124512
121 162 225 244 52 57 cost 0.1364600681
325 365 150 168 78 84 cost 0.1362134402
243 284 75 93 31 36 cost 0.1355307112
325 365 168 187 10 15 cost 0.1347443494
528 569 112 131 68 73 cost 0.1346739305
81 121 75 93 52 57 cost 0.1344426543
162 243 187 225 0 10 cost 0.1339447226
325 365 244 263 31 36 cost 0.133696078
610 651 225 244 36 42 cost 0.1335166375
365 406 37 56 36 42 cost 0.1334881052
569 651 112 150 31 42 cost 0.1333602466
610 651 206 225 36 42 cost 0.1328155436
81 121 75 93 47 52 cost 0.1325619282
0 81 263 301 0 10 cost 0.1324283259
610 651 225 244 47 52 cost 0.1316742339
610 651 225 244 57 63 cost 0.131324872
610 651 206 225 47 52 cost 0.1309746732
610 651 206 225 57 63 cost 0.130684239
610 651 244 263 36 42 cost 0.1306110415
121 162 75 93 31 36 cost 0.1296429955
406 447 56 75 21 26 cost 0.1294594048
610 651 244 263 47 52 cost 0.1287231701
610 651 244 263 57 63 cost 0.1282968663
610 651 225 244 52 57 cost 0.1282786121
610 651 187 206 36 42 cost 0.1280720927
610 651 206 225 52 57 cost 0.1276420245
365 406 75 93 78 84 cost 0.1274148395
243 284 75 93 52 57 cost 0.1271435776
610 651 187 206 47 52 cost 0.126420438
610 651 225 244 42 47 cost 0.1263828254
610 651 187 206 57 63 cost 0.126316584
325 365 225 244 68 73 cost 0.1262359414
528 569 75 93 42 47 cost 0.1260101344
610 651 206 225 42 47 cost 0.125669262
365 406 37 56 42 47 cost 0.1256531262
528 569 75 93 36 42 cost 0.1255838988
528 569 75 93 47 52 cost 0.1255060044
406 447 150 168 0 5 cost 0.1254717836
528 569 93 112 63 68 cost 0.1254326017
610 651 244 263 52 57 cost 0.1253973777
325 365 225 244 21 26 cost 0.1251846661
365 406 37 56 47 52 cost 0.1239221068
610 651 244 263 42 47 cost 0.1235184099
610 651 187 206 52 57 cost 0.123382027
365 406 75 93 10 15 cost 0.1224098206
325 365 168 187 78 84 cost 0.1223123
243 284 56 75 36 42 cost 0.1215174103
610 651 187 206 42 47 cost 0.1210760926
81 121 75 93 42 47 cost 0.1204701245
406 447 37 56 31 36 cost 0.1203269112
325 365 244 263 63 68 cost 0.1189061332
121 162 206 225 68 73 cost 0.1186503465
202 243 168 187 68 73 cost 0.1183357153
202 243 150 168 68 73 cost 0.117582581
528 569 75 93 52 57 cost 0.1173191741
243 325 0 37 52 63 cost 0.117279445
406 447 75 93 78 84 cost 0.1166614331
569 651 112 150 63 73 cost 0.1161357106
243 284 168 187 26 31 cost 0.1157059185
365 406 37 56 52 57 cost 0.1155302072
325 406 0 37 52 63 cost 0.1142927999
325 365 244 263 26 31 cost 0.1137809869
528 569 131 150 10 15 cost 0.1132591005
243 325 263 301 42 52 cost 0.1129279119
610 651 225 244 63 68 cost 0.1128131182
610 651 206 225 63 68 cost 0.1122814062
121 162 206 225 31 36 cost 0.111884803
528 569 112 131 21 26 cost 0.1111652018
243 284 131 150 63 68 cost 0.1111113841
81 121 75 93 36 42 cost 0.1108453154
243 284 56 75 42 47 cost 0.1104981116
243 284 131 150 21 26 cost 0.1102420194
610 651 244 263 63 68 cost 0.1100794514
528 569 56 75 36 42 cost 0.1097945283
243 325 263 301 31 42 cost 0.1097909729
528 569 56 75 42 47 cost 0.1096735711
528 569 75 93 57 63 cost 0.10964057
243 284 112 131 21 26 cost 0.108937293
81 121 75 93 63 68 cost 0.1087480046
610 651 187 206 63 68 cost 0.108588929
243 284 75 93 26 31 cost 0.1085154592
0 40 206 225 57 63 cost 0.1082113577
528 569 56 75 47 52 cost 0.1078932996
243 325 263 301 52 63 cost 0.1073695924
121 162 244 263 57 63 cost 0.10724008
528 569 93 112 26 31 cost 0.1063363334
488 569 263 301 0 10 cost 0.1061857594
243 284 56 75 47 52 cost 0.1051287458
243 284 75 93 57 63 cost 0.1047163296
365 406 37 56 57 63 cost 0.1034433747
162 243 263 301 52 63 cost 0.1028971092
528 569 37 56 36 42 cost 0.1027585603
528 569 37 56 42 47 cost 0.1025277585
121 162 75 93 68 73 cost 0.1021308359
365 406 37 56 31 36 cost 0.1018409493
406 447 37 56 63 68 cost 0.1018329681
243 284 93 112 21 26 cost 0.101544181
243 284 150 168 21 26 cost 0.1011345943
528 569 37 56 47 52 cost 0.100583905
0 81 75 112 21 31 cost 0.1001637141
0 40 206 225 52 57 cost 0.1000943869
528 569 56 75 52 57 cost 0.0999497577
610 651 225 244 31 36 cost 0.099479245
610 651 206 225 31 36 cost 0.0990069243
121 162 244 263 52 57 cost 0.0982370002
243 284 112 131 63 68 cost 0.0981729319
610 651 244 263 31 36 cost 0.0973629639
528 569 112 131 73 78 cost 0.0964530686
162 243 263 301 42 52 cost 0.096283271
243 284 56 75 31 36 cost 0.0959226255
0 40 206 225 47 52 cost 0.0959106171
610 651 187 206 31 36 cost 0.0956132563
610 651 168 187 36 42 cost 0.0945374391
528 569 112 131 15 21 cost 0.0943366844
406 447 75 93 10 15 cost 0.0942084477
0 81 75 112 73 84 cost 0.0940708499
610 651 168 187 57 63 cost 0.0931035971
406 447 37 56 26 31 cost 0.0930170492
325 365 244 263 68 73 cost 0.0929596336
528 569 37 56 52 57 cost 0.0928747716
528 569 75 93 31 36 cost 0.0928143479
610 651 168 187 47 52 cost 0.0924648086
528 569 56 75 57 63 cost 0.0923323681
528 569 93 112 68 73 cost 0.0913899296
610 651 225 244 68 73 cost 0.0907475974
610 651 206 225 68 73 cost 0.0903722512
610 651 168 187 52 57 cost 0.0903469462
325 365 244 263 21 26 cost 0.0899434465
610 651 168 187 42 47 cost 0.0888927183
610 651 244 263 68 73 cost 0.0884466839
610 651 187 206 68 73 cost 0.0876578006
0 40 206 225 42 47 cost 0.0876361379
528 569 37 56 57 63 cost 0.0854660392
162 243 263 301 31 42 cost 0.0853120137
243 284 168 187 21 26 cost 0.0852412884
569 651 112 150 21 31 cost 0.084821167
610 651 225 244 26 31 cost 0.0846245214
610 651 206 225 26 31 cost 0.0842220007
610 651 244 263 26 31 cost 0.0828690106
528 569 56 75 31 36 cost 0.081335371
610 651 187 206 26 31 cost 0.0812723079
610 651 168 187 63 68 cost 0.0801752933
81 121 75 93 68 73 cost 0.0800094487
243 325 263 301 63 73 cost 0.0796458066
162 243 263 301 63 73 cost 0.0790307515
528 569 93 112 21 26 cost 0.0783906545
406 488 0 37 0 10 cost 0.0782828321
569 651 263 301 0 10 cost 0.0776442188
0 40 187 206 57 63 cost 0.07733489
243 325 0 37 21 31 cost 0.0767228384
243 284 131 150 68 73 cost 0.0765696689
528 569 37 56 31 36 cost 0.076335485
528 569 75 93 63 68 cost 0.0762749171
610 651 225 244 73 78 cost 0.0760587756
610 651 206 225 73 78 cost 0.0758112994
243 284 75 93 21 26 cost 0.07565097
0 81 75 112 10 21 cost 0.0750269921
243 325 263 301 21 31 cost 0.0746665287
610 651 244 263 73 78 cost 0.0741741692
610 651 187 206 73 78 cost 0.0737283849
406 447 37 56 68 73 cost 0.0730393261
81 121 75 93 31 36 cost 0.072283007
0 40 187 206 52 57 cost 0.0721377816
610 651 168 187 31 36 cost 0.0711371706
528 569 75 93 26 31 cost 0.069824782
0 40 187 206 47 52 cost 0.0694474035
406 447 37 56 21 26 cost 0.0690367646
325 406 0 37 21 31 cost 0.0685413882
243 284 37 56 36 42 cost 0.0680463716
610 651 225 244 21 26 cost 0.0677690051
610 651 206 225 21 26 cost 0.0674307436
243 284 112 131 68 73 cost 0.066849325
569 651 112 150 73 84 cost 0.0665440067
528 569 112 131 78 84 cost 0.0665201761
610 651 244 263 21 26 cost 0.0663246538
0 40 168 187 57 63 cost 0.0662769305
610 651 168 187 68 73 cost 0.0650329745
610 651 187 206 21 26 cost 0.0650154575
162 243 37 75 31 42 cost 0.0645039043
0 40 187 206 42 47 cost 0.0640127736
610 651 206 225 15 21 cost 0.0624956508
162 243 37 75 42 52 cost 0.0623876121
243 284 37 56 42 47 cost 0.0619040226
0 40 168 187 52 57 cost 0.061860513
610 651 225 244 78 84 cost 0.0617492284
610 651 206 225 78 84 cost 0.0615432677
610 651 168 187 26 31 cost 0.0602841689
610 651 187 206 15 21 cost 0.0601645808
610 651 244 263 78 84 cost 0.0601315481
610 651 187 206 78 84 cost 0.0599027012
0 40 150 168 57 63 cost 0.0598398011
528 569 112 131 10 15 cost 0.0594063308
0 40 168 187 47 52 cost 0.0593347121
243 284 37 56 47 52 cost 0.058706847
0 40 150 168 52 57 cost 0.0558493017
569 651 112 150 10 21 cost 0.0554480746
0 40 168 187 42 47 cost 0.0546380144
528 569 75 93 68 73 cost 0.0542342247
162 243 263 301 21 31 cost 0.0536103788
0 40 150 168 47 52 cost 0.0534588419
243 284 37 56 31 36 cost 0.0533859262
243 325 263 301 73 84 cost 0.0512280279
162 243 37 75 52 63 cost 0.0506464277
528 569 75 93 21 26 cost 0.050315478
162 243 263 301 73 84 cost 0.0493490629
0 40 150 168 42 47 cost 0.0490433275
610 651 168 187 21 26 cost 0.048693387
569 651 0 37 52 63 cost 0.045178649
569 651 0 37 42 52 cost 0.0445237461
610 651 206 225 10 15 cost 0.0444246106
610 651 187 206 10 15 cost 0.0428577517
0 81 75 112 0 10 cost 0.0427758864
325 406 0 37 63 73 cost 0.0407274882
162 243 37 75 21 31 cost 0.03963229
569 651 0 37 31 42 cost 0.0337173804
325 406 0 37 10 21 cost 0.0322646222
569 651 112 150 0 10 cost 0.027915576
569 651 0 37 63 73 cost 0.0270961368
325 406 0 37 0 10 cost 0.0169491359
325 406 0 37 73 84 cost 0.0162418475
569 651 0 37 21 31 cost 0.0156565995
610 651 150 168 57 63 cost 0.0113340382
610 651 150 168 36 42 cost 0.0109302168
610 651 150 168 47 52 cost 0.0108528773
610 651 150 168 52 57 cost 0.0106360451
610 651 150 168 42 47 cost 0.0105230262
569 651 0 37 73 84 cost 0.010397679
610 651 150 168 63 68 cost 0.0100217933
162 243 0 37 31 42 cost 0.0098663161
162 243 0 37 42 52 cost 0.0095878066
610 651 150 168 68 73 cost 0.0083975326
0 162 0 75 42 63 cost 0.0080894611
610 651 150 168 31 36 cost 0.0080601048
162 243 0 37 52 63 cost 0.0076345215
610 651 150 168 26 31 cost 0.0066317644
0 162 0 75 21 42 cost 0.0066207771
569 651 75 112 52 63 cost 0.0061860374
569 651 75 112 42 52 cost 0.0061336239
610 651 150 168 21 26 cost 0.0054804676
162 243 0 37 21 31 cost 0.0054710749
569 651 75 112 31 42 cost 0.0049407412
569 651 75 112 63 73 cost 0.004241774
0 162 0 75 63 84 cost 0.0036397967
569 651 75 112 21 31 cost 0.0029428901
0 162 0 75 0 21 cost 0.0025122181
569 651 75 112 73 84 cost 0.002126912
569 651 75 112 10 21 cost 0.0017457328
569 651 75 112 0 10 cost 0.0009196911
569 651 37 75 52 63 cost 0.0003900649
569 651 37 75 42 52 cost 0.0003398004
569 651 37 75 63 73 cost 0.0002985724
569 651 37 75 31 42 cost 0.0001208625
569 651 37 75 73 84 cost 8.02175e-05
569 651 37 75 21 31 cost 1.3381e-05
partitioning time: 388.906071 seconds
