hostname : cph-gpu2.uncc.edu
bounding: [1053872.965;1068485.726]x[860186.8419;879395.9741]x[3;730]
read 11056 observations
res: 50 50 1 bw: 2500 2500 14
box size: 294 x 386 x 728
nbparts: 16
mem: 2.207988739 GB (this is an order of magnitude)
88562 states processed
solution: 0.6167530734 in 16 boxes.
naive: 8.268027147 speedup:13.40573319
sumload:8.424746483 overhead:1.018954865
128 256 160 256 0 64 cost 0.6167530734
128 256 160 256 64 128 cost 0.6158164624
128 256 256 320 128 728 cost 0.601045357
128 256 256 320 0 128 cost 0.5821686766
64 128 224 386 0 728 cost 0.5622727111
64 128 128 224 0 128 cost 0.5582119849
256 294 0 386 0 728 cost 0.5538812322
128 256 0 160 0 128 cost 0.5407698566
128 256 320 386 0 728 cost 0.5337427359
128 256 160 256 192 320 cost 0.5181724014
128 256 160 256 320 728 cost 0.5116159999
128 256 0 160 128 728 cost 0.48152659
64 128 0 128 0 728 cost 0.4610812243
128 256 160 256 128 192 cost 0.4444690395
64 128 128 224 128 728 cost 0.421865597
0 64 0 386 0 728 cost 0.4213535404
partitioning time: 53.628917 seconds
