hostname : cph-c1.uncc.edu
bounding: [1053872.965;1068485.726]x[860186.8419;879395.9741]x[3;730]
read 11056 observations
res: 50 50 1 bw: 2500 2500 1
box size: 294 x 386 x 728
nbparts: 64
max load allowed: 0.06369739071
max states: 21563328
mem: 1.927911758 GB (this is an order of magnitude)
190732 states processed
solution: 0.0636318541 in 50 boxes.
naive: 2.038316503 speedup:32.03295789
sumload:2.051870907 overhead:1.006649804
192 256 128 192 32 192 cost 0.0636318541
64 128 128 192 64 160 cost 0.063443305
64 128 256 320 0 544 cost 0.0629803122
192 256 256 320 0 96 cost 0.0604831338
192 256 192 256 192 480 cost 0.0601301082
128 192 64 128 0 192 cost 0.0595070972
64 128 192 256 0 96 cost 0.0585388388
0 64 0 192 0 728 cost 0.0574960315
128 192 256 320 96 288 cost 0.0574920256
128 192 192 256 0 64 cost 0.0569146514
128 192 256 320 0 96 cost 0.0568857279
128 192 192 256 64 128 cost 0.0563868492
128 192 128 192 0 64 cost 0.0557310723
256 294 256 386 0 728 cost 0.0556487121
192 256 192 256 32 96 cost 0.0552154639
128 192 128 192 128 256 cost 0.0549170965
192 256 256 320 96 288 cost 0.0548818752
192 256 320 386 0 224 cost 0.0543854162
64 128 128 192 160 728 cost 0.0542348728
128 192 192 256 288 728 cost 0.0530437185
128 192 320 386 0 728 cost 0.052734528
128 192 128 192 64 128 cost 0.0524138103
256 294 192 256 0 728 cost 0.0519530603
192 256 128 192 192 728 cost 0.051479474
64 128 192 256 96 256 cost 0.0506939893
128 192 128 192 256 728 cost 0.0505544202
64 128 64 128 0 96 cost 0.0505039764
192 256 192 256 96 192 cost 0.0498112359
64 128 64 128 96 728 cost 0.049010573
64 128 128 192 0 64 cost 0.0473612223
0 64 192 386 0 448 cost 0.043672924
128 192 192 256 128 192 cost 0.0433881954
128 192 192 256 192 288 cost 0.0375209672
192 256 256 320 288 728 cost 0.0314861466
64 128 192 256 256 728 cost 0.0304091719
128 192 256 320 288 728 cost 0.0289369471
256 294 0 192 0 576 cost 0.0272682977
192 256 320 386 224 728 cost 0.024934196
128 192 64 128 192 728 cost 0.0226546286
192 256 192 256 480 728 cost 0.0200530936
192 256 0 128 0 728 cost 0.0198690767
192 256 192 256 0 32 cost 0.0145285457
64 128 0 64 0 728 cost 0.0143706633
128 192 0 64 0 728 cost 0.0107342199
64 128 320 386 0 728 cost 0.00809324
192 256 128 192 0 32 cost 0.0080103515
64 128 256 320 544 728 cost 0.0034759153
0 64 192 386 512 728 cost 0.0021220815
256 294 0 192 576 728 cost 0.0015754401
0 64 192 386 448 512 cost 0.0003023529
partitioning time: 437.694695 seconds
