hostname : cph-c23.uncc.edu
bounding: [-130;-65]x[20;50]x[5875;5958]
read 588189 observations
res: 0.1 0.1 1 bw: 2.5 2.5 7
box size: 651 x 301 x 84
nbparts: 512
solution: 0.6743412819 in 512 boxes.
naive: 67.21899211 speedup:99.68096855
sumload:97.22623985 overhead:1.44641026
406 488 187 225 21 31 cost 0.6743412819
488 569 187 225 10 21 cost 0.651685144
0 162 150 225 0 21 cost 0.643048297
406 488 75 112 52 63 cost 0.6403862238
162 325 75 150 63 84 cost 0.6372872823
406 488 150 187 63 73 cost 0.6344659395
325 406 75 112 52 63 cost 0.622474002
406 488 112 150 63 73 cost 0.6216350955
488 651 0 75 42 63 cost 0.5877623279
0 162 225 301 21 42 cost 0.5849633588
406 488 75 112 31 42 cost 0.5846033809
325 406 112 150 52 63 cost 0.5821348836
569 651 187 225 42 52 cost 0.5817278929
406 488 187 225 73 84 cost 0.581096077
162 325 75 150 0 21 cost 0.5753112551
406 488 225 263 52 63 cost 0.5728991982
569 651 187 225 52 63 cost 0.5632847078
488 569 150 187 21 31 cost 0.5586638369
325 488 0 75 21 42 cost 0.5465299902
162 325 150 225 63 84 cost 0.5450710776
81 162 150 187 31 42 cost 0.5444160492
81 162 150 187 63 73 cost 0.5386166397
406 488 225 263 42 52 cost 0.5308180467
325 488 225 301 0 21 cost 0.5040719249
243 325 112 150 42 52 cost 0.4954662473
243 325 112 150 31 42 cost 0.4858846717
488 569 150 187 73 84 cost 0.4843000265
325 406 150 187 42 52 cost 0.4836323661
488 651 75 150 63 84 cost 0.480876082
0 162 75 150 0 21 cost 0.47608597
569 651 187 225 31 42 cost 0.4678451687
325 406 187 225 42 52 cost 0.467159844
406 488 225 263 31 42 cost 0.463238442
406 488 187 225 10 21 cost 0.4586456539
406 488 150 187 21 31 cost 0.4540406218
243 325 75 112 42 52 cost 0.4519829881
528 569 187 206 42 47 cost 0.4319825953
528 569 187 206 52 57 cost 0.4289534735
569 651 187 225 63 73 cost 0.4288630907
528 569 187 206 47 52 cost 0.427857947
406 488 225 263 63 73 cost 0.4244011132
528 569 187 206 57 63 cost 0.4145616263
406 488 112 150 21 31 cost 0.4143549311
488 569 225 263 42 52 cost 0.4102640723
325 406 112 150 21 31 cost 0.4080689235
243 325 75 112 31 42 cost 0.4077769211
488 569 187 225 0 10 cost 0.4066897625
162 243 112 150 42 52 cost 0.4065759382
406 488 150 187 73 84 cost 0.4049112308
162 243 112 150 31 42 cost 0.4048910018
488 569 112 150 52 63 cost 0.404277823
488 569 112 150 42 52 cost 0.4037176609
325 406 150 187 31 42 cost 0.4000400848
81 162 112 150 21 31 cost 0.3988191461
528 569 206 225 42 47 cost 0.3980606757
528 569 187 206 36 42 cost 0.3972667977
488 651 0 75 21 42 cost 0.3935926018
488 569 225 263 52 63 cost 0.3931653673
325 406 187 225 31 42 cost 0.3917481178
325 406 75 112 21 31 cost 0.3912990033
528 569 206 225 47 52 cost 0.3869692455
528 569 206 225 52 57 cost 0.3861984285
406 488 37 75 42 52 cost 0.3824752247
325 406 187 225 52 63 cost 0.3785867562
528 569 206 225 57 63 cost 0.3728389325
488 651 225 301 0 21 cost 0.366274309
528 569 206 225 36 42 cost 0.3656013317
325 406 75 112 63 73 cost 0.3598124123
325 406 150 187 52 63 cost 0.3583004313
488 569 150 187 10 21 cost 0.356442548
406 488 75 112 63 73 cost 0.3539096295
569 651 187 225 73 84 cost 0.3509445987
81 162 112 150 73 84 cost 0.3504800987
488 569 225 263 31 42 cost 0.3486723196
325 406 112 150 63 73 cost 0.3459143092
406 488 112 150 73 84 cost 0.341693652
81 162 150 187 21 31 cost 0.3202735846
488 569 112 150 31 42 cost 0.3172386581
325 406 225 263 42 52 cost 0.3160362703
406 488 225 263 21 31 cost 0.3123075324
528 569 187 206 31 36 cost 0.3108155374
406 488 37 75 52 63 cost 0.3107080654
488 569 75 112 42 52 cost 0.3098104074
569 651 225 263 42 52 cost 0.3048231894
528 569 187 206 63 68 cost 0.3028183802
162 325 150 225 0 21 cost 0.3025883148
406 488 150 187 10 21 cost 0.2976780663
528 569 187 206 68 73 cost 0.2960176892
528 569 206 225 31 36 cost 0.2882323021
569 651 225 263 52 63 cost 0.2868971873
488 569 225 263 63 73 cost 0.2851328313
325 365 93 112 42 47 cost 0.2838683972
406 488 75 112 21 31 cost 0.2813328865
325 365 112 131 36 42 cost 0.2812419857
243 325 112 150 52 63 cost 0.2802780873
325 406 75 112 10 21 cost 0.2795980475
0 81 150 187 52 63 cost 0.2795150186
406 488 187 225 0 10 cost 0.2794830855
569 651 187 225 21 31 cost 0.2782865944
162 243 112 150 52 63 cost 0.277879813
325 365 93 112 36 42 cost 0.2777319189
325 365 112 131 42 47 cost 0.2776739527
325 406 225 263 52 63 cost 0.2775923633
325 406 225 263 31 42 cost 0.2771147179
325 406 75 112 73 84 cost 0.2761873594
528 569 187 206 73 78 cost 0.2761082687
528 569 206 225 63 68 cost 0.2754031214
0 162 225 301 0 21 cost 0.2753850559
81 162 150 187 73 84 cost 0.2751705059
528 569 206 225 68 73 cost 0.2741073457
325 406 112 150 10 21 cost 0.2686974596
406 488 225 263 73 84 cost 0.263755418
81 121 150 168 52 57 cost 0.2605105532
406 488 112 150 10 21 cost 0.260139334
528 569 206 225 73 78 cost 0.2572207083
243 325 150 187 42 52 cost 0.2569160676
528 569 168 187 52 57 cost 0.2561943463
325 406 112 150 73 84 cost 0.2547694731
528 569 168 187 47 52 cost 0.2546771147
243 325 75 112 52 63 cost 0.2527771905
121 162 131 150 52 57 cost 0.252221491
488 569 75 112 52 63 cost 0.2508446186
528 569 168 187 42 47 cost 0.2504633385
488 569 75 112 31 42 cost 0.2502995948
81 121 150 168 57 63 cost 0.2499501044
121 162 131 150 47 52 cost 0.2494750394
81 121 150 168 47 52 cost 0.2491465885
528 569 168 187 57 63 cost 0.2489779957
325 488 0 75 63 84 cost 0.2480267945
569 651 225 263 31 42 cost 0.2452463116
81 162 187 225 52 63 cost 0.2412310887
81 121 131 150 52 57 cost 0.2380416554
325 365 93 112 47 52 cost 0.2373220085
528 569 187 206 26 31 cost 0.2350965104
121 162 131 150 57 63 cost 0.2338595615
243 325 112 150 21 31 cost 0.2338056224
528 569 168 187 36 42 cost 0.2329684804
325 406 187 225 63 73 cost 0.2308442947
325 365 112 131 47 52 cost 0.2304224002
488 651 75 150 0 21 cost 0.2303760869
488 528 168 187 47 52 cost 0.2289109696
81 121 131 150 47 52 cost 0.2286847507
0 81 150 187 42 52 cost 0.2279286615
162 243 112 150 21 31 cost 0.2277847968
488 528 168 187 52 57 cost 0.2259267661
81 121 131 150 57 63 cost 0.2243121568
488 569 225 263 73 84 cost 0.2241469061
528 569 187 206 78 84 cost 0.2236718085
162 243 150 187 42 52 cost 0.2217599076
243 325 150 187 31 42 cost 0.2214180989
488 528 168 187 57 63 cost 0.2202566081
325 406 187 225 21 31 cost 0.2182436928
488 528 187 206 47 52 cost 0.2176451829
488 528 168 187 42 47 cost 0.2172636176
528 569 206 225 26 31 cost 0.2170508758
488 569 225 263 21 31 cost 0.2161129146
447 488 131 150 47 52 cost 0.2148550077
569 651 225 263 63 73 cost 0.2142736457
325 365 75 93 42 47 cost 0.2136309097
81 162 187 225 42 52 cost 0.213429211
488 528 187 206 52 57 cost 0.2123377573
488 528 187 206 42 47 cost 0.2119415613
528 569 206 225 78 84 cost 0.2103917042
447 488 206 225 52 57 cost 0.2102845803
406 447 206 225 47 52 cost 0.2101890279
121 162 131 150 42 47 cost 0.210048952
447 488 131 150 52 57 cost 0.209474803
447 488 206 225 57 63 cost 0.2091223418
406 447 206 225 52 57 cost 0.2090203076
406 447 206 225 42 47 cost 0.2079241073
488 528 168 187 36 42 cost 0.2077097962
488 569 150 187 0 10 cost 0.2065146198
447 488 187 206 47 52 cost 0.2055810046
447 488 187 206 52 57 cost 0.205384518
447 488 131 150 42 47 cost 0.2050283524
447 488 206 225 47 52 cost 0.2050165468
325 406 150 187 21 31 cost 0.2040025484
488 528 187 206 36 42 cost 0.2035887943
406 447 206 225 57 63 cost 0.2030166456
447 488 206 225 42 47 cost 0.2019992908
447 488 187 206 42 47 cost 0.2011067855
325 365 75 93 36 42 cost 0.2000644171
447 488 131 150 57 63 cost 0.1999036891
488 528 187 206 57 63 cost 0.1996177117
447 488 187 206 57 63 cost 0.1994446917
81 121 150 168 42 47 cost 0.1993198569
121 162 112 131 52 57 cost 0.1981433302
0 81 225 263 52 63 cost 0.1980487138
0 81 263 301 52 63 cost 0.1976493333
325 365 112 131 31 36 cost 0.1967777654
447 488 206 225 36 42 cost 0.1950037261
406 447 206 225 36 42 cost 0.1945639899
325 406 150 187 63 73 cost 0.1942117728
325 406 225 263 63 73 cost 0.1938002454
488 651 0 75 63 84 cost 0.1937757342
121 162 112 131 47 52 cost 0.193484698
569 651 187 225 10 21 cost 0.1931467768
121 162 150 168 52 57 cost 0.1928940642
121 162 150 168 47 52 cost 0.1917562905
325 365 93 112 31 36 cost 0.1909042407
406 447 187 206 47 52 cost 0.1903784538
447 488 187 206 36 42 cost 0.1892223636
406 447 187 206 42 47 cost 0.1888530464
81 162 263 301 52 63 cost 0.1885461572
162 243 150 187 31 42 cost 0.1871544052
121 162 112 131 57 63 cost 0.1870399211
406 447 187 206 52 57 cost 0.1864585378
81 162 225 263 52 63 cost 0.1864194311
447 488 112 131 47 52 cost 0.1850903029
81 121 131 150 42 47 cost 0.184741622
528 569 187 206 21 26 cost 0.1846684683
447 488 131 150 36 42 cost 0.1843325393
406 488 75 112 73 84 cost 0.1842901968
325 365 131 150 36 42 cost 0.1833066081
81 121 112 131 52 57 cost 0.1831215437
447 488 150 168 47 52 cost 0.1830210357
243 325 75 112 21 31 cost 0.1816134843
325 365 75 93 47 52 cost 0.1808221136
528 569 168 187 31 36 cost 0.1807443052
406 488 150 187 0 10 cost 0.1804387085
447 488 150 168 52 57 cost 0.1802768646
447 488 112 131 52 57 cost 0.1785428183
406 447 187 206 57 63 cost 0.1782111057
162 243 150 187 52 63 cost 0.1777006676
121 162 150 168 57 63 cost 0.1773915134
447 488 112 131 42 47 cost 0.1773017078
243 325 187 225 42 52 cost 0.177280759
0 81 150 187 63 73 cost 0.1771727218
325 365 131 150 42 47 cost 0.1766793064
447 488 150 168 57 63 cost 0.1754391514
447 488 150 168 42 47 cost 0.1751783497
81 121 112 131 57 63 cost 0.1751724301
406 447 187 206 36 42 cost 0.1749472977
528 569 168 187 63 68 cost 0.1748071905
81 121 112 131 47 52 cost 0.1746818163
488 569 112 150 21 31 cost 0.174077807
162 325 0 75 42 63 cost 0.1738853243
447 488 168 187 47 52 cost 0.1730499891
528 569 206 225 21 26 cost 0.170991072
488 528 206 225 47 52 cost 0.1707027745
447 488 75 93 42 47 cost 0.1705791488
488 528 206 225 42 47 cost 0.1705024445
488 528 150 168 47 52 cost 0.1694129835
447 488 168 187 52 57 cost 0.1693043001
447 488 112 131 57 63 cost 0.1690616922
447 488 168 187 42 47 cost 0.1689104655
325 406 187 225 73 84 cost 0.1688269584
447 488 75 93 47 52 cost 0.168817779
121 162 131 150 36 42 cost 0.1683716059
243 325 150 187 52 63 cost 0.1679862035
569 651 225 263 73 84 cost 0.1677426251
488 528 150 168 52 57 cost 0.1676164551
0 81 263 301 63 73 cost 0.1664672096
488 528 150 168 57 63 cost 0.1663646197
488 528 206 225 52 57 cost 0.1653356322
162 243 187 225 52 63 cost 0.1642600385
447 488 168 187 57 63 cost 0.1642144366
488 528 206 225 36 42 cost 0.1640383216
325 406 75 112 0 10 cost 0.1635327344
325 406 225 263 21 31 cost 0.1633688112
0 81 187 225 52 63 cost 0.1632972175
406 488 75 112 10 21 cost 0.1631492099
121 162 150 168 42 47 cost 0.1621237513
121 162 112 131 42 47 cost 0.1616867206
488 528 168 187 31 36 cost 0.1616804202
528 569 168 187 68 73 cost 0.1608236222
447 488 150 168 36 42 cost 0.1604112649
447 488 93 112 47 52 cost 0.1603426513
81 162 263 301 63 73 cost 0.1602414039
447 488 93 112 42 47 cost 0.1599496176
488 528 187 206 31 36 cost 0.1598875809
447 488 112 131 36 42 cost 0.1588740239
488 528 150 168 42 47 cost 0.1584465112
447 488 168 187 36 42 cost 0.157853302
162 243 187 225 42 52 cost 0.1573728604
406 488 112 150 0 10 cost 0.156686354
447 488 206 225 63 68 cost 0.1566053771
0 81 225 263 42 52 cost 0.155996999
325 406 112 150 0 10 cost 0.1540010268
447 488 206 225 31 36 cost 0.1538905278
488 528 206 225 57 63 cost 0.1534873036
81 162 225 263 42 52 cost 0.1527969593
243 325 187 225 52 63 cost 0.1527058421
162 325 225 301 42 63 cost 0.1518695064
488 528 150 168 36 42 cost 0.1517749213
488 528 168 187 63 68 cost 0.1502994107
406 447 206 225 63 68 cost 0.1499501409
121 162 131 150 63 68 cost 0.1479186831
569 651 225 263 21 31 cost 0.1470260671
325 406 187 225 10 21 cost 0.1468273064
325 365 131 150 47 52 cost 0.1461906794
406 447 206 225 31 36 cost 0.1455360887
447 488 187 206 31 36 cost 0.1452080006
325 406 225 263 73 84 cost 0.1448920029
325 488 0 75 0 21 cost 0.144537573
447 488 187 206 63 68 cost 0.1442450822
406 447 168 187 47 52 cost 0.1441593614
0 81 150 187 31 42 cost 0.143698853
0 81 263 301 42 52 cost 0.1434184875
81 121 131 150 63 68 cost 0.1426272739
406 447 168 187 42 47 cost 0.1425039522
0 81 225 263 63 73 cost 0.1421982889
81 121 112 131 42 47 cost 0.1417992232
447 488 206 225 68 73 cost 0.1415598184
406 447 112 131 47 52 cost 0.1412754402
81 162 187 225 63 73 cost 0.1409798033
81 121 131 150 36 42 cost 0.140569964
0 81 187 225 42 52 cost 0.1398404088
488 528 187 206 63 68 cost 0.1397456035
81 162 263 301 42 52 cost 0.1394649007
406 447 206 225 68 73 cost 0.1392802474
406 447 112 131 42 47 cost 0.1390445529
406 447 168 187 52 57 cost 0.1381185215
81 121 168 187 52 57 cost 0.1380977716
162 325 0 75 21 42 cost 0.1371343341
325 406 150 187 10 21 cost 0.1357134484
406 447 131 150 47 52 cost 0.1356641776
81 162 225 263 63 73 cost 0.135338608
406 447 131 150 42 47 cost 0.1340816389
81 121 168 187 47 52 cost 0.1338271712
488 528 168 187 68 73 cost 0.1335743674
325 365 75 93 31 36 cost 0.1333712447
81 121 168 187 57 63 cost 0.1327932353
406 447 168 187 36 42 cost 0.1323222281
406 447 150 168 47 52 cost 0.1318840033
447 488 187 206 68 73 cost 0.131627519
406 447 187 206 63 68 cost 0.1313923999
488 528 187 206 68 73 cost 0.1310290262
488 528 187 206 26 31 cost 0.1309979205
325 406 150 187 73 84 cost 0.1307211074
81 162 187 225 31 42 cost 0.1306997821
488 528 206 225 31 36 cost 0.1301016171
406 447 112 131 52 57 cost 0.1298558233
406 447 168 187 57 63 cost 0.1293206801
406 447 150 168 42 47 cost 0.129213298
406 447 187 206 31 36 cost 0.1285131346
121 162 112 131 36 42 cost 0.1283313308
325 365 131 150 31 36 cost 0.1277380216
406 447 131 150 52 57 cost 0.1272141282
406 447 150 168 52 57 cost 0.1267738917
243 325 187 225 31 42 cost 0.1267472277
447 488 131 150 31 36 cost 0.1264471917
325 406 37 75 42 52 cost 0.1248314709
569 651 187 225 0 10 cost 0.1241157909
406 447 112 131 36 42 cost 0.1230802643
406 447 131 150 36 42 cost 0.1220720474
406 447 187 206 68 73 cost 0.1214630606
488 569 75 112 21 31 cost 0.1190418052
121 162 112 131 63 68 cost 0.1189407734
447 488 168 187 31 36 cost 0.11873303
406 447 150 168 57 63 cost 0.1182373757
406 447 150 168 36 42 cost 0.1180735036
406 447 112 131 57 63 cost 0.1175383016
488 528 187 206 73 78 cost 0.1164218446
406 447 131 150 57 63 cost 0.1154965268
447 488 150 168 31 36 cost 0.1141865038
488 528 150 168 31 36 cost 0.1136279572
81 121 112 131 63 68 cost 0.1128121197
488 528 150 168 63 68 cost 0.1121738614
121 162 131 150 68 73 cost 0.1102932807
488 528 206 225 63 68 cost 0.1084030397
81 121 112 131 36 42 cost 0.1077973266
121 162 131 150 31 36 cost 0.1076460859
488 528 206 225 26 31 cost 0.1068735397
81 121 131 150 68 73 cost 0.105943475
81 121 168 187 42 47 cost 0.1055676216
162 325 225 301 21 42 cost 0.1051364956
162 243 150 187 21 31 cost 0.1050651736
447 488 112 131 31 36 cost 0.1048934677
243 325 150 187 21 31 cost 0.104544968
488 528 187 206 21 26 cost 0.10374651
488 528 206 225 68 73 cost 0.1033263197
0 81 187 225 63 73 cost 0.1026164051
162 243 187 225 31 42 cost 0.1022982042
0 81 150 187 21 31 cost 0.1012077082
488 651 0 75 0 21 cost 0.1000237914
0 81 150 187 73 84 cost 0.0983737647
0 81 263 301 73 84 cost 0.0982011097
406 447 168 187 31 36 cost 0.095411287
406 447 93 112 47 52 cost 0.0941918739
81 162 263 301 73 84 cost 0.0925938762
488 528 150 168 68 73 cost 0.0917387554
365 406 112 131 42 47 cost 0.0916847022
406 447 93 112 42 47 cost 0.0915884593
488 528 206 225 73 78 cost 0.0915131342
0 81 187 225 31 42 cost 0.0907257591
488 528 187 206 78 84 cost 0.0906688291
365 406 112 131 47 52 cost 0.0904038576
406 488 75 112 0 10 cost 0.08913805
121 162 112 131 68 73 cost 0.0888693369
162 325 225 301 63 84 cost 0.0886398463
81 121 131 150 31 36 cost 0.087894373
365 406 93 112 42 47 cost 0.0871448894
325 406 187 225 0 10 cost 0.0866683333
365 406 93 112 47 52 cost 0.0863350603
81 121 112 131 68 73 cost 0.0851365664
488 528 206 225 21 26 cost 0.0849741389
406 447 131 150 31 36 cost 0.0838085841
406 447 150 168 31 36 cost 0.0834696464
121 162 112 131 31 36 cost 0.0818119823
365 406 112 131 36 42 cost 0.0813121465
0 81 225 263 73 84 cost 0.0809810914
325 406 150 187 0 10 cost 0.080940258
81 162 187 225 21 31 cost 0.0795785472
406 447 112 131 31 36 cost 0.078166145
81 162 225 263 73 84 cost 0.0770932257
81 162 187 225 73 84 cost 0.0767642577
325 406 263 301 42 52 cost 0.0763147219
365 406 93 112 36 42 cost 0.075445083
488 528 206 225 78 84 cost 0.0716898971
528 569 150 168 57 63 cost 0.070113043
528 569 150 168 52 57 cost 0.0700996638
325 406 263 301 52 63 cost 0.0691992085
528 569 150 168 47 52 cost 0.0682769376
81 121 112 131 31 36 cost 0.0681619046
325 406 263 301 31 42 cost 0.0680757261
243 325 187 225 21 31 cost 0.0660054375
325 406 37 75 52 63 cost 0.0651237415
528 569 150 168 42 47 cost 0.063982602
365 406 131 150 42 47 cost 0.0637188458
365 406 131 150 47 52 cost 0.0633218413
162 243 75 112 42 52 cost 0.0631221437
406 447 75 93 47 52 cost 0.0624487008
365 406 75 93 42 47 cost 0.0623468865
365 406 75 93 47 52 cost 0.0618550179
528 569 150 168 36 42 cost 0.0616105525
162 243 75 112 31 42 cost 0.0611483179
0 81 187 225 21 31 cost 0.0603201593
406 447 75 93 42 47 cost 0.059852497
162 243 187 225 21 31 cost 0.0586656031
365 406 131 150 36 42 cost 0.0585153278
0 81 187 225 73 84 cost 0.057634409
121 162 168 187 47 52 cost 0.0548223119
365 406 75 93 36 42 cost 0.0528068407
365 406 112 131 31 36 cost 0.0524647138
569 651 150 187 52 63 cost 0.0518524579
121 162 168 187 52 57 cost 0.051681015
569 651 150 187 42 52 cost 0.05135717
325 406 263 301 63 73 cost 0.0511703323
81 162 75 112 52 63 cost 0.0492564879
365 406 93 112 31 36 cost 0.0483349373
528 569 150 168 63 68 cost 0.0480132129
121 162 168 187 42 47 cost 0.0476661287
81 162 75 112 42 52 cost 0.0471454707
528 569 150 168 31 36 cost 0.0464037888
121 162 168 187 57 63 cost 0.0435211318
162 243 75 112 52 63 cost 0.04161217
325 406 263 301 21 31 cost 0.0410533865
569 651 150 187 31 42 cost 0.0410070067
162 325 225 301 0 21 cost 0.0400937391
528 569 150 168 68 73 cost 0.0389845411
569 651 150 187 63 73 cost 0.0379404778
365 406 131 150 31 36 cost 0.0375017152
325 406 263 301 73 84 cost 0.0367696227
406 488 263 301 52 63 cost 0.0367640781
162 325 0 75 0 21 cost 0.036528876
365 406 75 93 31 36 cost 0.0332814011
406 488 263 301 42 52 cost 0.0321206562
162 243 75 112 21 31 cost 0.0319710487
569 651 150 187 73 84 cost 0.0313397128
162 325 0 75 63 84 cost 0.0312119386
81 162 75 112 31 42 cost 0.0288901372
406 488 263 301 31 42 cost 0.0284238877
406 488 263 301 63 73 cost 0.0266557317
81 162 75 112 63 73 cost 0.0247388242
569 651 150 187 21 31 cost 0.0235749115
406 488 0 37 42 52 cost 0.0224457709
406 488 263 301 21 31 cost 0.0202121279
0 81 112 150 52 63 cost 0.0195482265
406 488 0 37 52 63 cost 0.0183921677
569 651 150 187 10 21 cost 0.0160073728
0 81 112 150 42 52 cost 0.0156792651
81 162 75 112 21 31 cost 0.0156222993
406 488 263 301 73 84 cost 0.014113253
81 162 75 112 73 84 cost 0.0116214115
0 81 112 150 63 73 cost 0.011179894
569 651 150 187 0 10 cost 0.0101525932
0 81 112 150 31 42 cost 0.0095166352
569 651 263 301 42 52 cost 0.0085178813
569 651 263 301 52 63 cost 0.0078878523
569 651 263 301 31 42 cost 0.0065881575
0 81 112 150 21 31 cost 0.0063993589
0 81 112 150 73 84 cost 0.0060572902
569 651 263 301 63 73 cost 0.0048150019
488 569 263 301 42 52 cost 0.0048048437
488 569 263 301 52 63 cost 0.0045973948
569 651 263 301 21 31 cost 0.0041089301
488 569 263 301 31 42 cost 0.0040956957
569 651 263 301 73 84 cost 0.0035720437
488 569 263 301 63 73 cost 0.0034334324
488 569 263 301 73 84 cost 0.0024956689
488 569 263 301 21 31 cost 0.0024699883
325 406 0 37 42 52 cost 0.0016941713
325 406 0 37 52 63 cost 0.0008824273
0 81 75 112 52 63 cost 0.000460439
0 81 75 112 42 52 cost 0.0003749784
0 81 75 112 63 73 cost 0.0002967209
0 81 75 112 31 42 cost 0.0002708617
0 81 75 112 21 31 cost 0.000209353
0 162 0 75 63 84 cost 0.0001496794
0 162 0 75 42 63 cost 0.0001422844
0 81 75 112 73 84 cost 0.0001191925
569 651 112 150 42 52 cost 0.000105753
569 651 112 150 52 63 cost 0.0001050317
0 162 0 75 0 21 cost 8.8487e-05
569 651 112 150 31 42 cost 7.52885e-05
569 651 75 112 52 63 cost 6.25519e-05
569 651 75 112 42 52 cost 5.12099e-05
0 162 0 75 21 42 cost 3.73102e-05
569 651 112 150 21 31 cost 3.29671e-05
569 651 75 112 21 31 cost 0
569 651 75 112 31 42 cost 0
partitioning time: 118.188672 seconds
