hostname : cph-bm1.uncc.edu
bounding: [1053872.965;1068485.726]x[860186.8419;879395.9741]x[3;730]
read 11056 observations
res: 50 50 1 bw: 100 100 1
box size: 294 x 386 x 728
nbparts: 16
max states: 5390832
mem: 0.4819779396 GB (this is an order of magnitude)
1078410 states processed
solution: 0.0009957381 in 16 boxes.
naive: 0.0053159259 speedup:5.338678815
sumload:0.0053289057 overhead:1.002441682
128 256 192 256 0 288 cost 0.0009957381
0 128 64 256 0 256 cost 0.0009924027
128 256 64 192 0 288 cost 0.0008529093
192 294 256 386 0 384 cost 0.0006453126
0 192 256 386 0 384 cost 0.00060069
128 256 64 256 288 728 cost 0.0005211543
0 294 256 386 384 704 cost 0.0001804965
256 294 64 256 0 192 cost 0.0001783734
0 128 64 256 256 480 cost 0.0001315116
256 294 64 256 192 448 cost 9.2553e-05
0 128 64 256 480 672 cost 6.64461e-05
256 294 64 256 448 728 cost 2.31309e-05
0 128 64 256 672 728 cost 1.66782e-05
0 294 0 64 64 728 cost 1.33722e-05
0 294 256 386 704 728 cost 1.14042e-05
0 294 0 64 0 64 cost 6.7326e-06
partitioning time: 181.703464 seconds
