hostname : cph-c57.uncc.edu
bounding: [1053872.965;1068485.726]x[860186.8419;879395.9741]x[3;730]
read 11056 observations
res: 100 100 1 bw: 2500 2500 1
box size: 148 x 194 x 728
nbparts: 64
solution: 0.0335234687 in 64 boxes.
naive: 0.5210794803 speedup:15.54372207
sumload:0.5243990497 overhead:1.006370563
74 148 97 194 364 728 cost 0.0335234687
111 148 97 145 0 182 cost 0.0309409083
74 111 145 194 0 182 cost 0.0260590693
74 111 97 145 182 364 cost 0.0238218387
111 148 145 194 0 182 cost 0.0158807666
74 111 48 97 182 364 cost 0.015531996
74 148 0 97 364 728 cost 0.0148510985
37 74 97 145 182 364 cost 0.0143576628
37 74 48 97 182 364 cost 0.0139731692
0 37 48 97 0 182 cost 0.0135491614
111 148 48 97 0 182 cost 0.0131589022
111 148 97 145 182 364 cost 0.0128547491
0 74 0 97 364 728 cost 0.0126516161
37 74 0 48 0 182 cost 0.012154273
0 74 97 194 364 728 cost 0.011846782
55 74 72 97 0 91 cost 0.0112446769
74 92 97 121 0 91 cost 0.0099886998
74 92 72 97 0 91 cost 0.0096658693
0 37 97 145 0 182 cost 0.0094398731
55 74 97 121 0 91 cost 0.009145503
55 74 48 72 0 91 cost 0.0088705578
92 111 97 121 0 91 cost 0.0088100311
37 74 145 194 0 182 cost 0.0085509963
92 111 121 145 0 91 cost 0.0082549539
74 111 145 194 182 364 cost 0.0082025847
37 55 72 97 0 91 cost 0.0080117246
74 92 121 145 0 91 cost 0.0076021877
74 92 97 121 91 182 cost 0.0074697206
92 111 72 97 0 91 cost 0.0068291663
55 74 72 97 91 182 cost 0.0068024811
92 111 97 121 91 182 cost 0.006773108
37 55 48 72 0 91 cost 0.0067131932
55 74 97 121 91 182 cost 0.0066141217
111 148 48 97 182 364 cost 0.0065496537
74 92 72 97 91 182 cost 0.0062930641
37 55 97 121 0 91 cost 0.0062326306
55 74 121 145 0 91 cost 0.0056637057
74 92 48 72 0 91 cost 0.0056476056
92 111 121 145 91 182 cost 0.0055915002
111 148 145 194 182 364 cost 0.0055301721
74 92 121 145 91 182 cost 0.0054783705
92 111 72 97 91 182 cost 0.0051337684
55 74 48 72 91 182 cost 0.0049192562
37 55 72 97 91 182 cost 0.0045957666
55 74 121 145 91 182 cost 0.0043186974
74 111 0 48 0 182 cost 0.0042017536
37 55 97 121 91 182 cost 0.0040452219
37 55 48 72 91 182 cost 0.0036415094
37 55 121 145 0 91 cost 0.0035566941
74 92 48 72 91 182 cost 0.0031871579
0 37 0 48 0 182 cost 0.0031826459
92 111 48 72 0 91 cost 0.0029771617
0 37 48 97 182 364 cost 0.0029444618
37 74 145 194 182 364 cost 0.0028861553
0 37 97 145 182 364 cost 0.0025927905
37 74 0 48 182 364 cost 0.0025849524
37 55 121 145 91 182 cost 0.0024420668
92 111 48 72 91 182 cost 0.0020634295
0 37 145 194 0 182 cost 0.0017901632
74 111 0 48 182 364 cost 0.0009796557
0 37 0 48 182 364 cost 0.0006174147
0 37 145 194 182 364 cost 0.0005826664
111 148 0 48 0 182 cost 2.0151e-05
111 148 0 48 182 364 cost 3.8958e-06
partitioning time: 0.149929 seconds
