hostname : cph-c53.uncc.edu
bounding: [-130;-65]x[20;50]x[5875;5958]
read 588189 observations
res: 0.01 0.01 1 bw: 0.5 0.5 3
box size: 6501 x 3001 x 84
nbparts: 32
max load allowed: 10.15790196
max states: 300128
mem: 0.02683353424 GB (this is an order of magnitude)
464178 states processed
solution: 10.14961932 in 25 boxes.
naive: 162.5264313 speedup:16.01305687
sumload:162.53444 overhead:1.000049276
3072 3328 0 1792 0 84 cost 10.14961932
1024 1280 0 1536 0 84 cost 9.996140386
4608 5120 1792 2304 0 84 cost 9.941339198
1280 2048 0 3001 0 84 cost 9.837279711
4608 5120 0 1024 0 84 cost 9.513300674
3328 3840 0 1536 0 84 cost 9.475119636
4096 4608 2048 3001 0 84 cost 8.93322747
5120 5376 1792 3001 0 84 cost 8.688125316
5632 6400 0 3001 0 84 cost 8.659483806
4096 4608 0 1536 0 84 cost 8.411183512
4608 5120 1280 1792 0 84 cost 8.298821121
5376 5632 2048 3001 0 84 cost 7.903273797
4096 4608 1536 2048 0 84 cost 7.811501499
0 1024 0 2304 0 84 cost 7.245921386
5376 5632 0 2048 0 84 cost 7.234405477
3328 3840 1536 3001 0 84 cost 6.226051276
3840 4096 0 3001 0 84 cost 5.892002458
2048 3072 0 3001 0 84 cost 5.677163017
0 1024 2304 3001 0 84 cost 5.044889341
5120 5376 0 1792 0 84 cost 2.789547206
4608 5120 1024 1280 0 84 cost 2.094898258
1024 1280 1536 3001 0 84 cost 1.44038514
3072 3328 1792 3001 0 84 cost 0.7777347221
4608 5120 2304 3001 0 84 cost 0.4926609488
6400 6501 0 3001 0 84 cost 0.000365371
partitioning time: 5209.446316 seconds
