hostname : cph-c11.uncc.edu
bounding: [-130;-65]x[20;50]x[5875;5958]
read 588189 observations
res: 0.1 0.1 1 bw: 2.5 2.5 7
box size: 651 x 301 x 84
nbparts: 16
max states: 3840
mem: 0.0003433227539 GB (this is an order of magnitude)
9546 states processed
solution: 7.440616471 in 16 boxes.
naive: 67.21899211 speedup:9.034062215
sumload:67.28052904 overhead:1.000915469
512 576 192 256 0 84 cost 7.440616471
256 448 128 192 0 84 cost 7.015198913
256 448 192 301 0 84 cost 6.885327065
384 651 64 128 0 84 cost 6.248430598
256 384 64 128 0 84 cost 6.156397819
448 512 128 192 0 84 cost 5.449498905
64 128 64 192 0 84 cost 5.389298308
512 651 128 192 0 84 cost 4.53159123
448 512 192 301 0 84 cost 4.512867524
128 192 64 301 0 84 cost 4.351153465
64 128 192 301 0 84 cost 2.387413371
576 651 192 301 0 84 cost 2.326065165
192 256 64 301 0 84 cost 1.768839291
64 651 0 64 0 84 cost 1.683839818
0 64 0 301 0 84 cost 1.09043881
512 576 256 301 0 84 cost 0.0435522928
partitioning time: 77.775131 seconds
