hostname : cph-c22.uncc.edu
bounding: [1053872.965;1068485.726]x[860186.8419;879395.9741]x[3;730]
read 11056 observations
res: 50 50 1 bw: 100 100 1
box size: 294 x 386 x 728
nbparts: 2048
solution: 1.04712e-05 in 2052 boxes.
naive: 0.0053159259 speedup:507.6711265
sumload:0.0055935511 overhead:1.052225182
91 110 96 120 136 182 cost 1.04712e-05
147 165 193 217 0 45 cost 1.0428e-05
128 147 217 241 182 227 cost 1.04139e-05
128 147 168 193 136 182 cost 1.04121e-05
201 220 217 241 136 182 cost 1.03116e-05
238 257 217 241 45 91 cost 1.03078e-05
220 238 337 361 0 45 cost 1.02533e-05
91 110 72 96 45 91 cost 1.02338e-05
201 220 337 361 45 91 cost 1.0221e-05
147 183 96 144 182 273 cost 1.02053e-05
165 183 168 193 136 182 cost 1.02009e-05
73 91 120 144 136 182 cost 1.01771e-05
147 165 193 217 227 273 cost 1.00017e-05
128 147 120 144 45 91 cost 9.9594e-06
165 183 144 168 91 136 cost 9.9344e-06
110 147 144 193 455 546 cost 9.9219e-06
110 147 241 289 546 637 cost 9.9075e-06
220 238 241 265 136 182 cost 9.8904e-06
220 238 241 265 0 45 cost 9.8655e-06
147 165 144 168 0 45 cost 9.7723e-06
110 147 289 337 0 91 cost 9.7432e-06
128 147 193 217 136 182 cost 9.7364e-06
201 220 168 193 136 182 cost 9.6945e-06
220 238 241 265 91 136 cost 9.6265e-06
238 257 265 289 136 182 cost 9.603e-06
147 165 217 241 91 136 cost 9.5675e-06
147 183 144 193 455 546 cost 9.4961e-06
91 100 120 132 45 68 cost 9.4662e-06
201 220 289 313 45 91 cost 9.4419e-06
91 100 132 144 22 45 cost 9.411e-06
183 220 241 289 546 637 cost 9.3792e-06
73 110 96 144 364 455 cost 9.3717e-06
147 165 217 241 136 182 cost 9.3165e-06
201 220 193 217 227 273 cost 9.3086e-06
73 110 96 144 455 546 cost 9.2886e-06
128 147 193 217 91 136 cost 9.2484e-06
73 91 72 96 45 91 cost 9.2436e-06
183 201 289 313 0 45 cost 9.2429e-06
201 220 168 193 0 45 cost 9.2155e-06
73 91 168 193 0 45 cost 9.1449e-06
275 294 217 241 136 182 cost 9.118e-06
147 165 217 241 0 45 cost 9.069e-06
128 147 217 241 0 45 cost 9.0604e-06
238 257 289 313 91 136 cost 9.0398e-06
147 183 96 144 273 364 cost 9.0333e-06
201 220 168 193 227 273 cost 9.0106e-06
54 73 265 289 91 136 cost 8.9849e-06
201 220 168 193 182 227 cost 8.9629e-06
220 257 144 193 273 364 cost 8.9408e-06
238 257 289 313 0 45 cost 8.8887e-06
110 128 241 265 227 273 cost 8.8644e-06
183 201 217 241 182 227 cost 8.8632e-06
73 91 144 168 91 136 cost 8.8271e-06
210 220 253 265 22 45 cost 8.8041e-06
165 183 241 265 0 45 cost 8.7942e-06
147 183 193 241 637 728 cost 8.7198e-06
73 147 289 386 182 364 cost 8.7186e-06
165 183 193 217 227 273 cost 8.6534e-06
0 73 96 193 182 364 cost 8.64e-06
110 147 96 144 273 364 cost 8.6109e-06
220 238 217 241 0 45 cost 8.6109e-06
110 128 168 193 0 45 cost 8.5817e-06
91 110 168 193 45 91 cost 8.5476e-06
36 73 193 241 0 91 cost 8.5469e-06
110 128 120 144 0 45 cost 8.5331e-06
147 165 96 120 45 91 cost 8.4987e-06
91 110 193 217 91 136 cost 8.4903e-06
110 128 168 193 136 182 cost 8.4486e-06
110 147 193 241 637 728 cost 8.3955e-06
165 183 265 289 45 91 cost 8.378e-06
257 275 193 217 45 91 cost 8.3739e-06
220 257 289 337 546 637 cost 8.3478e-06
201 220 217 241 91 136 cost 8.3414e-06
183 201 144 168 227 273 cost 8.2893e-06
165 183 168 193 0 45 cost 8.2776e-06
147 165 72 96 45 91 cost 8.2548e-06
275 294 193 217 91 136 cost 8.2431e-06
147 165 120 144 45 91 cost 8.2369e-06
147 165 144 168 182 227 cost 8.1945e-06
128 147 168 193 227 273 cost 8.1455e-06
183 220 241 289 364 455 cost 8.1141e-06
91 100 120 132 22 45 cost 8.112e-06
165 183 313 337 45 91 cost 8.1033e-06
110 128 217 241 0 45 cost 8.037e-06
165 183 289 313 0 45 cost 8.0336e-06
238 257 217 241 91 136 cost 8.0271e-06
110 128 241 265 182 227 cost 8.0145e-06
220 257 337 386 273 364 cost 8.0052e-06
128 147 144 168 227 273 cost 7.9411e-06
110 128 144 168 91 136 cost 7.9287e-06
201 220 217 241 182 227 cost 7.9278e-06
128 147 265 289 0 45 cost 7.9222e-06
165 183 144 168 227 273 cost 7.9047e-06
110 128 217 241 136 182 cost 7.8756e-06
147 165 265 289 45 91 cost 7.8549e-06
91 110 144 168 0 45 cost 7.844e-06
201 220 313 337 91 136 cost 7.8162e-06
257 275 193 217 91 136 cost 7.8117e-06
183 201 193 217 227 273 cost 7.7952e-06
73 91 96 120 0 45 cost 7.7931e-06
165 183 168 193 91 136 cost 7.7851e-06
147 165 96 120 136 182 cost 7.7473e-06
183 201 168 193 182 227 cost 7.6929e-06
238 257 193 217 0 45 cost 7.6814e-06
110 147 241 289 455 546 cost 7.6491e-06
220 238 361 386 91 136 cost 7.6475e-06
128 147 217 241 227 273 cost 7.626e-06
110 128 168 193 91 136 cost 7.6242e-06
183 220 289 337 637 728 cost 7.5888e-06
128 147 265 289 91 136 cost 7.5871e-06
201 220 193 217 136 182 cost 7.5771e-06
238 257 265 289 0 45 cost 7.5721e-06
201 220 144 168 91 136 cost 7.5515e-06
275 294 217 241 91 136 cost 7.5227e-06
183 201 289 313 91 136 cost 7.4444e-06
128 147 241 265 227 273 cost 7.3959e-06
54 73 168 193 91 136 cost 7.3916e-06
183 201 241 265 91 136 cost 7.3568e-06
201 220 193 217 45 91 cost 7.3385e-06
220 238 361 386 0 45 cost 7.3374e-06
183 220 241 289 637 728 cost 7.3269e-06
183 201 193 217 91 136 cost 7.2985e-06
110 147 337 386 0 91 cost 7.2957e-06
238 257 289 313 227 273 cost 7.293e-06
201 220 289 313 0 45 cost 7.2912e-06
147 183 241 289 364 455 cost 7.2771e-06
220 238 217 241 91 136 cost 7.2681e-06
238 257 217 241 136 182 cost 7.2522e-06
147 183 337 386 91 182 cost 7.2453e-06
165 183 313 337 91 136 cost 7.2198e-06
165 183 313 337 0 45 cost 7.1724e-06
147 165 144 168 91 136 cost 7.1722e-06
183 201 313 337 45 91 cost 7.1616e-06
165 183 193 217 0 45 cost 7.1563e-06
201 220 217 241 227 273 cost 7.1556e-06
110 147 193 241 546 637 cost 7.1517e-06
220 238 265 289 0 45 cost 7.1386e-06
128 147 120 144 0 45 cost 7.1346e-06
220 238 337 361 91 136 cost 7.1229e-06
147 183 289 337 273 364 cost 7.1034e-06
201 220 313 337 182 227 cost 7.0593e-06
147 165 168 193 136 182 cost 7.0404e-06
220 257 289 337 455 546 cost 7.0317e-06
36 73 241 289 273 364 cost 6.9991e-06
82 91 120 132 22 45 cost 6.97e-06
110 128 193 217 0 45 cost 6.9605e-06
183 201 168 193 227 273 cost 6.9474e-06
220 238 241 265 182 227 cost 6.9387e-06
183 201 168 193 136 182 cost 6.8925e-06
128 147 241 265 182 227 cost 6.8784e-06
183 192 217 229 68 91 cost 6.8754e-06
147 165 241 265 182 227 cost 6.8733e-06
147 183 48 96 91 182 cost 6.8574e-06
147 165 193 217 182 227 cost 6.8286e-06
73 91 168 193 136 182 cost 6.828e-06
257 275 217 241 136 182 cost 6.7848e-06
36 73 193 241 91 182 cost 6.7747e-06
257 275 168 193 91 136 cost 6.7659e-06
238 257 289 313 136 182 cost 6.7514e-06
91 110 168 193 0 45 cost 6.7509e-06
183 220 144 193 637 728 cost 6.7272e-06
147 165 144 168 136 182 cost 6.7126e-06
147 183 193 241 455 546 cost 6.6882e-06
201 220 168 193 273 318 cost 6.681e-06
183 201 337 361 45 91 cost 6.6756e-06
91 110 120 144 227 273 cost 6.6703e-06
183 201 217 241 227 273 cost 6.6555e-06
183 220 289 337 364 455 cost 6.6555e-06
220 238 193 217 136 182 cost 6.6288e-06
110 119 241 253 22 45 cost 6.6281e-06
119 128 253 265 113 136 cost 6.6162e-06
165 183 193 217 273 318 cost 6.6144e-06
110 128 217 241 91 136 cost 6.5985e-06
73 82 193 205 68 91 cost 6.5855e-06
110 128 120 144 91 136 cost 6.5718e-06
165 183 96 120 45 91 cost 6.5697e-06
147 165 193 217 318 364 cost 6.567e-06
128 137 108 120 45 68 cost 6.559e-06
147 183 241 289 546 637 cost 6.556e-06
110 128 144 168 0 45 cost 6.5521e-06
147 165 120 144 91 136 cost 6.5388e-06
238 257 193 217 227 273 cost 6.5172e-06
73 110 193 241 273 364 cost 6.4995e-06
91 100 132 144 68 91 cost 6.4947e-06
128 147 265 289 227 273 cost 6.4905e-06
147 165 241 265 227 273 cost 6.48e-06
73 110 144 193 546 637 cost 6.4695e-06
220 238 289 313 0 45 cost 6.4656e-06
110 147 0 48 0 91 cost 6.4536e-06
257 294 193 241 455 546 cost 6.448e-06
147 165 241 265 0 45 cost 6.441e-06
238 257 193 217 91 136 cost 6.4088e-06
183 201 289 313 136 182 cost 6.393e-06
183 220 337 386 546 637 cost 6.3924e-06
238 257 265 289 91 136 cost 6.3682e-06
110 128 144 168 136 182 cost 6.3417e-06
165 183 265 289 136 182 cost 6.3187e-06
183 220 96 144 0 91 cost 6.3018e-06
110 128 72 96 45 91 cost 6.2994e-06
183 201 193 217 500 546 cost 6.2994e-06
82 91 193 205 68 91 cost 6.2739e-06
147 183 289 337 364 455 cost 6.2676e-06
220 257 193 241 455 546 cost 6.2232e-06
201 220 193 217 182 227 cost 6.201e-06
220 238 168 193 182 227 cost 6.1896e-06
275 294 168 193 91 136 cost 6.1638e-06
110 128 48 72 45 91 cost 6.1453e-06
147 183 144 193 637 728 cost 6.1188e-06
220 238 217 241 136 182 cost 6.1047e-06
183 201 193 217 182 227 cost 6.0975e-06
220 238 289 313 91 136 cost 6.0912e-06
257 275 217 241 91 136 cost 6.0783e-06
128 147 217 241 91 136 cost 6.0759e-06
165 183 217 241 182 227 cost 6.0699e-06
210 220 253 265 45 68 cost 6.0655e-06
147 165 168 193 182 227 cost 6.0603e-06
73 91 265 289 45 91 cost 6.0549e-06
238 257 241 265 0 45 cost 6.0474e-06
220 238 313 337 0 45 cost 6.031e-06
220 238 265 289 45 91 cost 6.0095e-06
210 220 313 325 45 68 cost 6.0018e-06
183 201 168 193 273 318 cost 5.9991e-06
220 257 289 337 637 728 cost 5.9886e-06
147 165 337 361 45 91 cost 5.9882e-06
137 147 144 156 68 91 cost 5.9357e-06
73 110 193 241 364 455 cost 5.9301e-06
73 110 144 193 364 455 cost 5.9247e-06
201 220 193 217 0 45 cost 5.9162e-06
147 165 313 337 91 136 cost 5.8994e-06
91 110 168 193 91 136 cost 5.8971e-06
201 220 193 217 91 136 cost 5.885e-06
201 220 144 168 136 182 cost 5.8816e-06
183 201 241 265 227 273 cost 5.8599e-06
210 220 313 325 22 45 cost 5.8501e-06
147 165 144 168 227 273 cost 5.8473e-06
110 128 168 193 227 273 cost 5.8383e-06
73 91 193 217 136 182 cost 5.8279e-06
183 201 217 241 273 318 cost 5.8185e-06
220 238 289 313 227 273 cost 5.7912e-06
73 110 96 144 637 728 cost 5.7867e-06
183 220 289 337 455 546 cost 5.7867e-06
147 165 217 241 227 273 cost 5.7813e-06
110 147 337 386 91 182 cost 5.7708e-06
91 110 241 265 45 91 cost 5.7687e-06
183 201 265 289 45 91 cost 5.7685e-06
110 147 144 193 637 728 cost 5.7609e-06
82 91 120 132 113 136 cost 5.7412e-06
201 220 337 361 227 273 cost 5.7288e-06
183 220 289 337 546 637 cost 5.7255e-06
165 183 120 144 45 91 cost 5.7002e-06
147 165 96 120 0 45 cost 5.682e-06
100 110 120 132 68 91 cost 5.6755e-06
201 220 144 168 0 45 cost 5.667e-06
220 238 217 241 182 227 cost 5.6484e-06
257 275 217 241 0 45 cost 5.6384e-06
100 110 120 132 45 68 cost 5.6241e-06
201 220 193 217 409 455 cost 5.5926e-06
54 63 265 277 22 45 cost 5.5923e-06
147 183 241 289 455 546 cost 5.54e-06
91 110 120 144 182 227 cost 5.5238e-06
220 257 193 241 637 728 cost 5.5077e-06
0 36 241 289 0 91 cost 5.505e-06
220 257 241 289 546 637 cost 5.5023e-06
220 238 265 289 136 182 cost 5.4915e-06
201 220 144 168 45 91 cost 5.4891e-06
192 201 180 193 45 68 cost 5.4882e-06
201 220 241 265 273 318 cost 5.4864e-06
201 220 313 337 227 273 cost 5.4819e-06
73 91 96 120 182 227 cost 5.4808e-06
110 128 96 120 91 136 cost 5.4789e-06
275 294 217 241 45 91 cost 5.466e-06
110 128 193 217 91 136 cost 5.4606e-06
220 257 337 386 637 728 cost 5.4474e-06
54 73 265 289 182 227 cost 5.4474e-06
54 73 168 193 0 45 cost 5.4279e-06
165 183 289 313 91 136 cost 5.4211e-06
110 147 193 241 455 546 cost 5.4147e-06
91 110 96 120 182 227 cost 5.3962e-06
128 147 96 120 91 136 cost 5.3842e-06
82 91 120 132 45 68 cost 5.3821e-06
147 165 313 337 45 91 cost 5.3768e-06
147 183 96 144 455 546 cost 5.3217e-06
275 294 168 193 227 273 cost 5.319e-06
220 229 361 373 45 68 cost 5.3087e-06
110 147 96 144 364 455 cost 5.3058e-06
183 220 337 386 364 455 cost 5.3058e-06
238 257 241 265 45 91 cost 5.2758e-06
73 91 96 120 136 182 cost 5.2683e-06
91 110 217 241 45 91 cost 5.2551e-06
183 201 144 168 182 227 cost 5.2548e-06
183 201 241 265 136 182 cost 5.2502e-06
91 100 120 132 68 91 cost 5.2436e-06
73 82 180 193 45 68 cost 5.2247e-06
128 147 168 193 273 318 cost 5.217e-06
147 183 96 144 546 637 cost 5.2128e-06
183 220 241 289 455 546 cost 5.2059e-06
110 147 289 337 91 182 cost 5.1989e-06
91 110 144 168 227 273 cost 5.1937e-06
220 238 313 337 45 91 cost 5.1845e-06
165 174 144 156 45 68 cost 5.1386e-06
147 165 241 265 91 136 cost 5.1365e-06
0 73 96 193 546 728 cost 5.1357e-06
82 91 96 108 68 91 cost 5.1312e-06
210 220 253 265 68 91 cost 5.1293e-06
73 91 265 289 91 136 cost 5.1155e-06
220 238 193 217 91 136 cost 5.1039e-06
257 275 144 168 45 91 cost 5.1012e-06
73 147 0 96 546 728 cost 5.0974e-06
128 147 144 168 136 182 cost 5.0783e-06
91 100 132 144 45 68 cost 5.0732e-06
73 82 193 205 91 113 cost 5.071e-06
147 183 241 289 637 728 cost 5.0586e-06
137 147 168 180 68 91 cost 5.0543e-06
165 183 193 217 364 409 cost 5.0373e-06
238 257 313 337 0 45 cost 5.0233e-06
73 110 193 241 546 637 cost 5.0109e-06
275 294 168 193 0 45 cost 5.0043e-06
257 275 144 168 227 273 cost 4.9926e-06
165 183 217 241 91 136 cost 4.987e-06
220 238 241 265 227 273 cost 4.9833e-06
201 220 337 361 91 136 cost 4.9665e-06
73 91 193 217 182 227 cost 4.9497e-06
128 137 180 193 45 68 cost 4.9489e-06
82 91 96 108 45 68 cost 4.938e-06
63 73 180 193 68 91 cost 4.9373e-06
128 147 144 168 273 318 cost 4.9322e-06
147 165 72 96 0 45 cost 4.9266e-06
257 294 193 241 546 637 cost 4.9179e-06
110 128 241 265 273 318 cost 4.9071e-06
257 275 193 217 136 182 cost 4.9026e-06
147 165 193 217 273 318 cost 4.8978e-06
165 183 217 241 227 273 cost 4.8939e-06
165 183 168 193 182 227 cost 4.8908e-06
238 247 301 313 45 68 cost 4.8746e-06
73 147 0 96 364 546 cost 4.8572e-06
201 210 217 229 22 45 cost 4.8571e-06
201 220 193 217 591 637 cost 4.8408e-06
275 294 217 241 0 45 cost 4.8408e-06
183 220 337 386 455 546 cost 4.8249e-06
220 257 241 289 455 546 cost 4.8132e-06
220 238 168 193 91 136 cost 4.7973e-06
257 275 193 217 0 45 cost 4.7805e-06
91 100 96 108 45 68 cost 4.777e-06
201 220 289 313 136 182 cost 4.7727e-06
220 257 144 193 364 455 cost 4.7478e-06
257 275 168 193 136 182 cost 4.7406e-06
82 91 120 132 91 113 cost 4.738e-06
220 257 337 386 455 546 cost 4.7319e-06
91 100 144 156 45 68 cost 4.724e-06
73 91 72 96 0 45 cost 4.7229e-06
201 210 313 325 45 68 cost 4.7144e-06
73 91 72 96 91 136 cost 4.7124e-06
220 238 313 337 91 136 cost 4.6992e-06
165 174 168 180 45 68 cost 4.6969e-06
91 110 72 96 91 136 cost 4.6906e-06
165 183 144 168 273 318 cost 4.6899e-06
110 128 265 289 0 45 cost 4.6878e-06
128 137 108 120 22 45 cost 4.6862e-06
183 192 229 241 68 91 cost 4.6822e-06
128 147 120 144 91 136 cost 4.6812e-06
128 137 168 180 45 68 cost 4.6722e-06
220 238 168 193 136 182 cost 4.6647e-06
210 220 325 337 22 45 cost 4.6626e-06
201 220 337 361 136 182 cost 4.659e-06
192 201 229 241 91 113 cost 4.655e-06
257 275 217 241 227 273 cost 4.6521e-06
201 220 289 313 227 273 cost 4.6521e-06
137 147 144 156 45 68 cost 4.6404e-06
220 238 193 217 45 91 cost 4.6404e-06
91 100 120 132 91 113 cost 4.6363e-06
192 201 144 156 45 68 cost 4.6147e-06
165 183 241 265 227 273 cost 4.6104e-06
82 91 193 205 45 68 cost 4.5979e-06
201 220 289 313 91 136 cost 4.5822e-06
147 165 313 337 0 45 cost 4.5813e-06
91 100 193 205 45 68 cost 4.5685e-06
73 91 168 193 273 318 cost 4.5342e-06
201 220 241 265 182 227 cost 4.5026e-06
257 275 193 217 227 273 cost 4.4916e-06
36 54 265 289 45 91 cost 4.4832e-06
110 147 241 289 637 728 cost 4.4697e-06
165 183 265 289 91 136 cost 4.4696e-06
238 257 241 265 91 136 cost 4.467e-06
147 165 337 361 0 45 cost 4.4647e-06
91 110 193 217 136 182 cost 4.4616e-06
165 183 96 120 91 136 cost 4.4612e-06
210 220 349 361 22 45 cost 4.4494e-06
165 174 144 156 22 45 cost 4.4449e-06
147 165 120 144 0 45 cost 4.4426e-06
119 128 156 168 45 68 cost 4.4389e-06
100 110 120 132 22 45 cost 4.4334e-06
183 201 241 265 318 364 cost 4.4316e-06
183 201 193 217 318 364 cost 4.4316e-06
201 220 361 386 45 91 cost 4.4227e-06
82 91 193 205 91 113 cost 4.419e-06
192 201 193 205 45 68 cost 4.4188e-06
63 73 265 277 45 68 cost 4.4127e-06
201 220 313 337 136 182 cost 4.4094e-06
147 165 144 168 273 318 cost 4.4078e-06
183 220 337 386 637 728 cost 4.3917e-06
91 100 96 108 22 45 cost 4.3824e-06
210 220 217 229 45 68 cost 4.3772e-06
73 91 120 144 227 273 cost 4.375e-06
183 192 217 229 91 113 cost 4.3739e-06
110 128 168 193 182 227 cost 4.3706e-06
63 73 265 277 68 91 cost 4.3697e-06
110 128 96 120 136 182 cost 4.365e-06
147 183 96 144 364 455 cost 4.3626e-06
119 128 168 180 68 91 cost 4.3611e-06
201 210 313 325 68 91 cost 4.3471e-06
220 257 337 386 364 455 cost 4.344e-06
128 137 253 265 45 68 cost 4.3415e-06
119 128 253 265 68 91 cost 4.3396e-06
220 238 193 217 182 227 cost 4.3359e-06
91 100 96 108 68 91 cost 4.3295e-06
147 183 289 337 546 637 cost 4.3227e-06
91 110 120 144 318 364 cost 4.3178e-06
165 174 229 241 159 182 cost 4.3164e-06
147 165 289 313 45 91 cost 4.3118e-06
210 220 337 349 22 45 cost 4.2986e-06
174 183 144 156 45 68 cost 4.2959e-06
91 100 96 108 91 113 cost 4.294e-06
82 91 96 108 113 136 cost 4.2868e-06
91 110 96 120 227 273 cost 4.2809e-06
257 275 168 193 227 273 cost 4.2763e-06
201 210 168 180 113 136 cost 4.2716e-06
220 257 337 386 546 637 cost 4.2711e-06
201 210 168 180 45 68 cost 4.2709e-06
275 294 193 217 136 182 cost 4.2669e-06
110 128 217 241 182 227 cost 4.2669e-06
73 110 48 96 182 273 cost 4.2669e-06
91 100 96 108 113 136 cost 4.2617e-06
257 275 144 168 91 136 cost 4.2579e-06
147 165 265 289 91 136 cost 4.2539e-06
165 183 313 337 136 182 cost 4.251e-06
73 82 180 193 91 113 cost 4.2398e-06
73 91 168 193 182 227 cost 4.2393e-06
165 183 289 313 227 273 cost 4.2335e-06
110 128 241 265 318 364 cost 4.2084e-06
91 100 120 132 113 136 cost 4.2019e-06
192 201 229 241 159 182 cost 4.1978e-06
183 201 265 289 0 45 cost 4.1977e-06
73 110 241 289 273 364 cost 4.1842e-06
238 257 168 193 45 91 cost 4.1815e-06
128 147 72 96 0 45 cost 4.1781e-06
91 110 144 168 136 182 cost 4.1736e-06
128 147 193 217 182 227 cost 4.1675e-06
220 238 337 361 136 182 cost 4.164e-06
128 137 144 156 68 91 cost 4.1624e-06
110 119 241 253 136 159 cost 4.1622e-06
220 257 241 289 637 728 cost 4.158e-06
165 183 144 168 591 637 cost 4.1553e-06
165 183 265 289 227 273 cost 4.1463e-06
156 165 193 205 68 91 cost 4.146e-06
220 238 193 217 227 273 cost 4.1456e-06
165 183 289 313 136 182 cost 4.1425e-06
257 294 144 193 364 455 cost 4.1417e-06
220 238 313 337 136 182 cost 4.1352e-06
110 128 193 217 227 273 cost 4.1307e-06
165 174 217 229 45 68 cost 4.1223e-06
119 128 168 180 45 68 cost 4.1197e-06
147 165 120 144 136 182 cost 4.1172e-06
201 220 193 217 500 546 cost 4.1154e-06
54 63 265 277 45 68 cost 4.1123e-06
82 91 120 132 68 91 cost 4.1e-06
91 110 217 241 0 45 cost 4.0995e-06
36 54 265 289 0 45 cost 4.0968e-06
137 147 168 180 22 45 cost 4.0945e-06
220 238 241 265 273 318 cost 4.0863e-06
275 294 217 241 273 318 cost 4.0809e-06
201 220 217 241 318 364 cost 4.0809e-06
183 201 168 193 546 591 cost 4.0809e-06
183 192 156 168 22 45 cost 4.0802e-06
128 147 265 289 136 182 cost 4.0764e-06
147 183 337 386 273 364 cost 4.0746e-06
238 257 313 337 91 136 cost 4.0744e-06
100 110 96 108 91 113 cost 4.0707e-06
201 220 193 217 273 318 cost 4.0684e-06
220 238 361 386 136 182 cost 4.0623e-06
257 294 144 193 637 728 cost 4.0491e-06
165 183 144 168 318 364 cost 4.0464e-06
147 165 168 193 227 273 cost 4.0437e-06
174 183 205 217 45 68 cost 4.043e-06
63 73 180 193 45 68 cost 4.0354e-06
91 100 156 168 68 91 cost 4.027e-06
73 91 72 96 136 182 cost 4.0224e-06
201 220 241 265 227 273 cost 4.0161e-06
192 201 229 241 68 91 cost 4.0048e-06
165 183 217 241 318 364 cost 4.0038e-06
128 137 168 180 68 91 cost 3.9942e-06
275 294 217 241 227 273 cost 3.9906e-06
73 110 241 289 364 455 cost 3.9879e-06
91 95 90 96 33 45 cost 3.9795e-06
165 183 337 361 0 45 cost 3.9747e-06
201 220 193 217 364 409 cost 3.972e-06
183 192 168 180 45 68 cost 3.9713e-06
165 183 265 289 0 45 cost 3.9565e-06
201 220 241 265 318 364 cost 3.9561e-06
91 110 96 120 273 318 cost 3.9561e-06
174 183 205 217 159 182 cost 3.9538e-06
147 156 205 217 68 91 cost 3.9517e-06
165 174 301 313 45 68 cost 3.9504e-06
238 257 265 289 227 273 cost 3.948e-06
119 128 253 265 45 68 cost 3.9471e-06
73 91 144 168 0 45 cost 3.924e-06
220 238 289 313 136 182 cost 3.9057e-06
119 128 253 265 22 45 cost 3.9055e-06
147 156 180 193 68 91 cost 3.9048e-06
128 147 168 193 182 227 cost 3.8983e-06
183 201 289 313 182 227 cost 3.8958e-06
266 275 168 180 45 68 cost 3.8885e-06
238 257 217 241 227 273 cost 3.879e-06
238 257 193 217 182 227 cost 3.879e-06
147 165 217 241 273 318 cost 3.8768e-06
147 165 289 313 0 45 cost 3.8765e-06
220 238 168 193 227 273 cost 3.8605e-06
156 165 205 217 68 91 cost 3.8588e-06
36 54 265 289 91 136 cost 3.8559e-06
147 165 217 241 182 227 cost 3.8496e-06
73 82 180 193 68 91 cost 3.847e-06
183 192 217 229 159 182 cost 3.8379e-06
238 257 193 217 364 409 cost 3.8355e-06
110 128 265 289 273 318 cost 3.831e-06
192 201 193 205 68 91 cost 3.8259e-06
0 36 241 289 91 182 cost 3.8232e-06
110 119 253 265 22 45 cost 3.8036e-06
165 174 168 180 68 91 cost 3.8019e-06
183 220 337 386 273 364 cost 3.8019e-06
183 201 337 361 136 182 cost 3.7734e-06
147 183 337 386 182 273 cost 3.7701e-06
110 128 193 217 136 182 cost 3.7689e-06
137 147 108 120 45 68 cost 3.7651e-06
238 257 265 289 182 227 cost 3.7584e-06
110 128 265 289 45 91 cost 3.7563e-06
174 183 168 180 45 68 cost 3.7506e-06
183 192 217 229 45 68 cost 3.7171e-06
201 220 361 386 0 45 cost 3.7089e-06
174 183 156 168 159 182 cost 3.7029e-06
183 201 193 217 273 318 cost 3.7008e-06
165 174 156 168 45 68 cost 3.6971e-06
147 165 168 193 273 318 cost 3.693e-06
183 192 205 217 159 182 cost 3.6865e-06
220 238 337 361 182 227 cost 3.6813e-06
201 220 193 217 318 364 cost 3.6798e-06
147 220 0 96 182 364 cost 3.6771e-06
183 192 217 229 22 45 cost 3.6668e-06
257 275 144 168 182 227 cost 3.6621e-06
183 201 168 193 500 546 cost 3.6612e-06
165 183 217 241 0 45 cost 3.6609e-06
73 91 265 289 0 45 cost 3.6585e-06
73 91 144 168 136 182 cost 3.6504e-06
201 220 193 217 546 591 cost 3.6477e-06
137 147 144 156 22 45 cost 3.6338e-06
192 201 144 156 22 45 cost 3.609e-06
110 128 120 144 136 182 cost 3.6083e-06
73 91 96 120 227 273 cost 3.6065e-06
183 201 265 289 136 182 cost 3.5952e-06
192 201 241 253 45 68 cost 3.593e-06
201 210 241 253 45 68 cost 3.5892e-06
128 137 180 193 22 45 cost 3.5866e-06
110 147 48 96 182 273 cost 3.5682e-06
174 183 144 156 22 45 cost 3.559e-06
174 183 205 217 182 204 cost 3.5547e-06
110 128 265 289 227 273 cost 3.5517e-06
183 192 217 229 136 159 cost 3.5491e-06
128 137 168 180 113 136 cost 3.5466e-06
73 147 289 386 364 546 cost 3.5397e-06
82 91 96 108 91 113 cost 3.5354e-06
238 257 241 265 182 227 cost 3.5289e-06
100 110 108 120 45 68 cost 3.5247e-06
128 147 96 120 136 182 cost 3.5234e-06
247 257 205 217 45 68 cost 3.5229e-06
100 110 96 108 22 45 cost 3.5144e-06
73 82 180 193 113 136 cost 3.5102e-06
110 128 72 96 0 45 cost 3.507e-06
183 192 205 217 22 45 cost 3.5055e-06
192 201 289 301 68 91 cost 3.4921e-06
147 165 241 265 273 318 cost 3.4911e-06
147 156 193 205 136 159 cost 3.49e-06
100 110 96 108 45 68 cost 3.4857e-06
201 210 217 229 45 68 cost 3.4855e-06
128 137 241 253 45 68 cost 3.4836e-06
257 275 168 193 0 45 cost 3.4805e-06
201 220 337 361 182 227 cost 3.4794e-06
183 201 337 361 91 136 cost 3.4752e-06
119 128 156 168 68 91 cost 3.4752e-06
110 147 96 144 455 546 cost 3.4752e-06
156 165 193 205 45 68 cost 3.4744e-06
73 110 144 193 637 728 cost 3.4725e-06
156 165 144 156 45 68 cost 3.471e-06
147 183 96 144 637 728 cost 3.4707e-06
82 91 180 193 68 91 cost 3.4678e-06
54 73 168 193 136 182 cost 3.4671e-06
63 73 265 277 22 45 cost 3.4635e-06
201 220 313 337 273 318 cost 3.4631e-06
147 156 156 168 68 91 cost 3.4573e-06
128 147 241 265 318 364 cost 3.4566e-06
119 128 241 253 136 159 cost 3.4557e-06
54 73 241 265 45 91 cost 3.4377e-06
73 147 289 386 546 728 cost 3.4353e-06
156 165 217 229 45 68 cost 3.4326e-06
183 201 217 241 318 364 cost 3.4299e-06
192 201 229 241 45 68 cost 3.4281e-06
91 110 72 96 136 182 cost 3.4272e-06
128 147 265 289 182 227 cost 3.4236e-06
128 137 156 168 45 68 cost 3.417e-06
73 110 193 241 637 728 cost 3.4167e-06
165 183 241 265 273 318 cost 3.414e-06
165 183 289 313 182 227 cost 3.4084e-06
147 156 180 193 91 113 cost 3.4077e-06
100 110 120 132 91 113 cost 3.3987e-06
247 257 289 301 45 68 cost 3.3986e-06
183 201 193 217 364 409 cost 3.3981e-06
238 257 217 241 0 45 cost 3.3977e-06
165 183 217 241 273 318 cost 3.3927e-06
36 73 193 241 182 273 cost 3.3912e-06
275 284 180 193 45 68 cost 3.3889e-06
119 128 108 120 22 45 cost 3.3873e-06
238 257 265 289 318 364 cost 3.3822e-06
156 165 180 193 45 68 cost 3.3757e-06
147 165 217 241 318 364 cost 3.3757e-06
147 165 265 289 136 182 cost 3.3741e-06
137 147 180 193 45 68 cost 3.3718e-06
183 201 241 265 273 318 cost 3.3705e-06
82 91 156 168 68 91 cost 3.3674e-06
201 210 253 265 22 45 cost 3.3637e-06
128 137 144 156 22 45 cost 3.3606e-06
110 119 241 253 45 68 cost 3.358e-06
137 147 156 168 91 113 cost 3.3526e-06
183 192 229 241 22 45 cost 3.3414e-06
183 192 180 193 45 68 cost 3.3285e-06
95 100 90 96 33 45 cost 3.324e-06
110 128 241 265 364 409 cost 3.3237e-06
220 238 168 193 45 91 cost 3.321e-06
100 110 156 168 113 136 cost 3.31e-06
174 183 241 253 113 136 cost 3.3097e-06
110 128 168 193 409 455 cost 3.3051e-06
257 275 217 241 273 318 cost 3.3051e-06
156 165 217 229 68 91 cost 3.3051e-06
73 110 144 193 455 546 cost 3.3051e-06
91 110 144 168 182 227 cost 3.2997e-06
165 183 120 144 0 45 cost 3.2987e-06
110 128 168 193 273 318 cost 3.2928e-06
275 294 193 217 0 45 cost 3.2892e-06
174 183 193 205 45 68 cost 3.2874e-06
220 238 193 217 546 591 cost 3.2865e-06
110 128 144 168 182 227 cost 3.2838e-06
137 147 205 217 22 45 cost 3.2833e-06
128 137 156 168 68 91 cost 3.2773e-06
110 147 0 48 273 364 cost 3.2733e-06
257 294 144 193 546 637 cost 3.2733e-06
183 192 156 168 113 136 cost 3.2652e-06
147 165 193 217 364 409 cost 3.2652e-06
201 210 313 325 22 45 cost 3.2598e-06
257 275 144 168 0 45 cost 3.2574e-06
220 229 253 265 45 68 cost 3.2493e-06
100 110 132 144 68 91 cost 3.2416e-06
110 119 120 132 45 68 cost 3.2376e-06
201 220 265 289 45 91 cost 3.2266e-06
128 147 168 193 546 591 cost 3.2247e-06
128 147 96 120 182 227 cost 3.2244e-06
82 91 205 217 68 91 cost 3.2101e-06
174 183 253 265 45 68 cost 3.2094e-06
183 192 229 241 45 68 cost 3.2054e-06
147 165 217 241 546 591 cost 3.1962e-06
91 110 217 241 91 136 cost 3.1917e-06
128 147 217 241 364 409 cost 3.1803e-06
220 238 241 265 318 364 cost 3.1803e-06
156 165 180 193 22 45 cost 3.1803e-06
220 238 217 241 409 455 cost 3.1776e-06
100 110 108 120 22 45 cost 3.1736e-06
165 183 168 193 364 409 cost 3.1722e-06
128 137 144 156 45 68 cost 3.172e-06
91 100 120 132 136 159 cost 3.1685e-06
110 128 144 168 227 273 cost 3.1642e-06
137 147 229 241 45 68 cost 3.1563e-06
73 91 120 144 182 227 cost 3.1547e-06
220 238 337 361 227 273 cost 3.1536e-06
183 201 168 193 318 364 cost 3.1536e-06
128 147 120 144 227 273 cost 3.148e-06
91 100 120 132 0 22 cost 3.1446e-06
238 247 325 337 45 68 cost 3.1428e-06
91 110 120 144 273 318 cost 3.142e-06
183 201 241 265 182 227 cost 3.1365e-06
238 257 313 337 273 318 cost 3.1359e-06
192 201 168 180 45 68 cost 3.1352e-06
275 284 180 193 68 91 cost 3.1218e-06
192 201 180 193 22 45 cost 3.1201e-06
128 137 193 205 45 68 cost 3.116e-06
201 210 168 180 91 113 cost 3.0978e-06
73 91 265 289 136 182 cost 3.0976e-06
100 110 156 168 68 91 cost 3.0955e-06
201 220 144 168 182 227 cost 3.0951e-06
128 137 253 265 22 45 cost 3.0908e-06
165 183 337 361 45 91 cost 3.0873e-06
73 82 120 132 45 68 cost 3.0805e-06
220 238 193 217 273 318 cost 3.0733e-06
147 156 168 180 45 68 cost 3.0729e-06
220 229 361 373 68 91 cost 3.0725e-06
257 275 193 217 182 227 cost 3.0597e-06
210 220 229 241 22 45 cost 3.046e-06
128 147 144 168 364 409 cost 3.0447e-06
119 128 253 265 91 113 cost 3.0389e-06
73 91 265 289 227 273 cost 3.038e-06
174 183 301 313 45 68 cost 3.0331e-06
192 201 289 301 45 68 cost 3.0292e-06
128 147 72 96 45 91 cost 3.027e-06
128 137 108 120 0 22 cost 3.0261e-06
165 183 96 120 0 45 cost 3.025e-06
238 257 313 337 227 273 cost 3.0171e-06
73 82 120 132 22 45 cost 3.0089e-06
128 137 193 205 68 91 cost 3.003e-06
128 147 168 193 318 364 cost 2.9943e-06
220 238 193 217 409 455 cost 2.9943e-06
183 201 193 217 546 591 cost 2.9943e-06
266 275 168 180 68 91 cost 2.9938e-06
82 91 132 144 113 136 cost 2.9889e-06
100 110 96 108 68 91 cost 2.9826e-06
119 128 132 144 68 91 cost 2.9825e-06
119 128 193 205 45 68 cost 2.9776e-06
201 210 253 265 68 91 cost 2.976e-06
238 257 313 337 318 364 cost 2.9757e-06
0 73 193 289 364 546 cost 2.9757e-06
174 183 156 168 22 45 cost 2.9741e-06
165 183 193 217 318 364 cost 2.9709e-06
192 201 193 205 22 45 cost 2.9708e-06
183 192 205 217 136 159 cost 2.97e-06
165 174 217 229 68 91 cost 2.9658e-06
137 147 168 180 45 68 cost 2.9559e-06
100 110 193 205 45 68 cost 2.9517e-06
174 183 253 265 68 91 cost 2.9509e-06
82 91 144 156 45 68 cost 2.95e-06
147 156 168 180 22 45 cost 2.9445e-06
220 238 265 289 91 136 cost 2.943e-06
165 183 241 265 318 364 cost 2.9385e-06
229 238 349 361 45 68 cost 2.9359e-06
165 183 265 289 182 227 cost 2.934e-06
128 137 241 253 113 136 cost 2.9306e-06
220 238 168 193 0 45 cost 2.9172e-06
220 238 265 289 273 318 cost 2.9172e-06
183 201 193 217 409 455 cost 2.9118e-06
238 257 193 217 136 182 cost 2.9107e-06
174 183 193 205 182 204 cost 2.9013e-06
275 294 193 217 273 318 cost 2.9013e-06
183 201 193 217 591 637 cost 2.8878e-06
110 147 48 96 273 364 cost 2.8854e-06
110 128 168 193 364 409 cost 2.8773e-06
183 201 265 289 227 273 cost 2.8773e-06
201 220 217 241 273 318 cost 2.8683e-06
183 192 229 241 159 182 cost 2.8667e-06
192 201 229 241 136 159 cost 2.8571e-06
238 257 265 289 364 409 cost 2.857e-06
238 247 301 313 68 91 cost 2.8516e-06
174 183 241 253 68 91 cost 2.8479e-06
119 128 120 132 68 91 cost 2.8477e-06
201 210 253 265 91 113 cost 2.8473e-06
165 174 229 241 136 159 cost 2.8461e-06
128 137 277 289 68 91 cost 2.8401e-06
0 73 289 386 0 182 cost 2.8401e-06
220 238 217 241 227 273 cost 2.8401e-06
73 91 168 193 227 273 cost 2.8383e-06
82 91 193 205 22 45 cost 2.8374e-06
156 165 156 168 45 68 cost 2.8364e-06
201 220 168 193 318 364 cost 2.8352e-06
54 73 265 289 227 273 cost 2.829e-06
91 100 144 156 68 91 cost 2.8285e-06
165 183 120 144 91 136 cost 2.8283e-06
54 73 265 289 136 182 cost 2.8234e-06
91 100 193 205 22 45 cost 2.8231e-06
257 275 144 168 273 318 cost 2.8224e-06
275 294 193 217 227 273 cost 2.8215e-06
128 137 180 193 68 91 cost 2.8188e-06
128 147 193 217 227 273 cost 2.8174e-06
82 91 168 180 45 68 cost 2.8162e-06
229 238 289 301 68 91 cost 2.8128e-06
137 147 193 205 22 45 cost 2.8001e-06
156 165 168 180 68 91 cost 2.7977e-06
137 147 253 265 22 45 cost 2.793e-06
156 165 108 120 91 113 cost 2.7845e-06
210 220 253 265 91 113 cost 2.7843e-06
165 183 241 265 182 227 cost 2.7807e-06
119 128 241 253 159 182 cost 2.7804e-06
128 137 241 253 22 45 cost 2.7759e-06
110 119 156 168 45 68 cost 2.7747e-06
110 128 96 120 182 227 cost 2.7684e-06
183 192 241 253 22 45 cost 2.7657e-06
275 284 168 180 68 91 cost 2.7622e-06
257 266 217 229 68 91 cost 2.7539e-06
91 100 205 217 45 68 cost 2.7516e-06
91 100 120 132 159 182 cost 2.7444e-06
91 110 241 265 0 45 cost 2.7417e-06
128 147 144 168 182 227 cost 2.7386e-06
183 192 205 217 45 68 cost 2.7384e-06
183 192 156 168 45 68 cost 2.7366e-06
210 220 229 241 45 68 cost 2.7284e-06
82 91 205 217 22 45 cost 2.724e-06
91 110 241 265 91 136 cost 2.7195e-06
257 275 217 241 364 409 cost 2.7153e-06
128 147 217 241 318 364 cost 2.7153e-06
257 294 193 241 637 728 cost 2.7153e-06
147 156 217 229 68 91 cost 2.7136e-06
192 201 156 168 22 45 cost 2.7099e-06
165 183 168 193 546 591 cost 2.6994e-06
275 294 193 217 182 227 cost 2.6994e-06
220 238 289 313 182 227 cost 2.6994e-06
100 110 156 168 91 113 cost 2.6973e-06
174 183 144 156 68 91 cost 2.6913e-06
183 192 156 168 159 182 cost 2.6895e-06
73 91 193 217 227 273 cost 2.6877e-06
165 174 253 265 136 159 cost 2.6819e-06
147 165 313 337 136 182 cost 2.6781e-06
156 165 193 205 136 159 cost 2.6769e-06
73 91 241 265 45 91 cost 2.6754e-06
183 192 193 205 22 45 cost 2.6706e-06
275 294 168 193 273 318 cost 2.6691e-06
183 201 313 337 0 45 cost 2.6646e-06
229 238 229 241 68 91 cost 2.6552e-06
119 128 241 253 45 68 cost 2.652e-06
238 247 277 289 45 68 cost 2.6454e-06
156 165 253 265 45 68 cost 2.6422e-06
156 165 108 120 113 136 cost 2.6406e-06
183 201 217 241 364 409 cost 2.6382e-06
165 183 193 217 409 455 cost 2.6382e-06
110 128 144 168 409 455 cost 2.6382e-06
73 91 168 193 318 364 cost 2.625e-06
128 137 168 180 22 45 cost 2.62e-06
128 137 253 265 113 136 cost 2.6159e-06
201 220 144 168 227 273 cost 2.6115e-06
147 220 0 96 546 728 cost 2.6064e-06
229 238 241 253 45 68 cost 2.6056e-06
91 100 156 168 45 68 cost 2.5999e-06
183 192 156 168 68 91 cost 2.584e-06
220 238 265 289 182 227 cost 2.5788e-06
192 201 217 229 45 68 cost 2.5716e-06
192 201 301 313 68 91 cost 2.5676e-06
220 229 229 241 68 91 cost 2.564e-06
128 147 265 289 273 318 cost 2.5638e-06
128 147 96 120 227 273 cost 2.562e-06
183 201 337 361 0 45 cost 2.562e-06
119 128 229 241 68 91 cost 2.5619e-06
192 201 168 180 113 136 cost 2.5611e-06
147 165 265 289 0 45 cost 2.5564e-06
137 147 217 229 45 68 cost 2.5506e-06
137 147 241 253 159 182 cost 2.5403e-06
183 201 289 313 227 273 cost 2.5362e-06
110 128 96 120 227 273 cost 2.5293e-06
147 165 193 217 409 455 cost 2.5293e-06
137 147 253 265 91 113 cost 2.5205e-06
119 128 108 120 45 68 cost 2.5167e-06
201 220 168 193 364 409 cost 2.5134e-06
238 257 168 193 0 45 cost 2.5118e-06
210 220 253 265 136 159 cost 2.5107e-06
229 238 229 241 45 68 cost 2.5107e-06
183 201 144 168 318 364 cost 2.5092e-06
91 100 96 108 0 22 cost 2.5062e-06
183 192 168 180 22 45 cost 2.5038e-06
257 275 193 217 273 318 cost 2.5017e-06
119 128 253 265 136 159 cost 2.4999e-06
128 137 229 241 45 68 cost 2.497e-06
174 183 205 217 91 113 cost 2.4957e-06
137 147 253 265 45 68 cost 2.4936e-06
91 100 132 144 113 136 cost 2.491e-06
119 128 229 241 45 68 cost 2.4903e-06
201 210 253 265 45 68 cost 2.4893e-06
156 165 253 265 68 91 cost 2.4822e-06
165 174 156 168 204 227 cost 2.4714e-06
201 210 229 241 22 45 cost 2.4691e-06
192 201 217 229 68 91 cost 2.4656e-06
128 147 168 193 591 637 cost 2.4603e-06
220 229 349 361 45 68 cost 2.46e-06
229 238 349 361 68 91 cost 2.4527e-06
91 100 144 156 91 113 cost 2.4522e-06
201 220 289 313 182 227 cost 2.4522e-06
165 174 205 217 159 182 cost 2.4435e-06
82 91 180 193 45 68 cost 2.4428e-06
119 128 253 265 159 182 cost 2.4409e-06
183 192 193 205 45 68 cost 2.4399e-06
174 183 193 205 159 182 cost 2.4385e-06
137 147 193 205 45 68 cost 2.4374e-06
238 247 277 289 68 91 cost 2.4368e-06
110 128 48 72 91 136 cost 2.4363e-06
201 210 241 253 22 45 cost 2.4363e-06
165 183 168 193 409 455 cost 2.4363e-06
0 73 193 289 546 728 cost 2.4363e-06
266 275 217 229 45 68 cost 2.4336e-06
147 156 108 120 91 113 cost 2.4282e-06
201 220 265 289 0 45 cost 2.4228e-06
110 119 253 265 91 113 cost 2.4225e-06
119 128 241 253 68 91 cost 2.4207e-06
183 201 168 193 364 409 cost 2.4204e-06
128 147 193 217 409 455 cost 2.4204e-06
238 257 289 313 364 409 cost 2.4201e-06
82 91 156 168 45 68 cost 2.4114e-06
210 220 241 253 22 45 cost 2.4112e-06
147 156 180 193 45 68 cost 2.409e-06
128 147 193 217 273 318 cost 2.4083e-06
110 147 0 48 91 182 cost 2.4045e-06
73 110 241 289 455 546 cost 2.4045e-06
210 220 241 253 45 68 cost 2.4043e-06
192 201 168 180 22 45 cost 2.4022e-06
201 220 168 193 591 637 cost 2.3991e-06
119 128 108 120 0 22 cost 2.3964e-06
238 257 289 313 273 318 cost 2.3964e-06
183 192 253 265 22 45 cost 2.3937e-06
156 165 193 205 159 182 cost 2.3919e-06
110 128 265 289 91 136 cost 2.3883e-06
238 257 168 193 227 273 cost 2.3874e-06
183 192 144 156 159 182 cost 2.3865e-06
192 201 241 253 22 45 cost 2.3843e-06
128 137 217 229 136 159 cost 2.3789e-06
238 257 313 337 136 182 cost 2.3756e-06
147 165 289 313 136 182 cost 2.3751e-06
220 229 349 361 68 91 cost 2.3711e-06
275 284 205 217 45 68 cost 2.3619e-06
220 238 265 289 227 273 cost 2.3601e-06
137 147 180 193 68 91 cost 2.3567e-06
238 247 313 325 45 68 cost 2.3567e-06
119 128 180 193 45 68 cost 2.3467e-06
0 73 96 193 364 546 cost 2.346e-06
238 257 313 337 182 227 cost 2.346e-06
147 183 337 386 546 637 cost 2.3442e-06
110 128 241 265 409 455 cost 2.3433e-06
110 128 72 96 91 136 cost 2.3316e-06
147 165 241 265 318 364 cost 2.3274e-06
128 147 72 96 136 182 cost 2.3274e-06
82 91 132 144 22 45 cost 2.3221e-06
110 119 253 265 136 159 cost 2.3172e-06
128 137 193 205 22 45 cost 2.3158e-06
128 137 253 265 68 91 cost 2.3157e-06
174 183 205 217 136 159 cost 2.3154e-06
257 275 217 241 409 455 cost 2.3115e-06
128 147 217 241 409 455 cost 2.3115e-06
183 192 241 253 68 91 cost 2.3073e-06
128 137 229 241 136 159 cost 2.3045e-06
128 137 180 193 113 136 cost 2.3045e-06
183 201 313 337 91 136 cost 2.3013e-06
91 110 120 144 546 591 cost 2.3e-06
183 201 193 217 682 728 cost 2.2997e-06
147 156 168 180 91 113 cost 2.2985e-06
174 183 144 156 0 22 cost 2.2962e-06
174 183 241 253 159 182 cost 2.2945e-06
147 156 180 193 22 45 cost 2.294e-06
220 238 361 386 227 273 cost 2.294e-06
238 257 289 313 409 455 cost 2.2887e-06
257 266 168 180 45 68 cost 2.2837e-06
137 147 144 156 91 113 cost 2.2783e-06
238 257 193 217 409 455 cost 2.2671e-06
100 110 120 132 0 22 cost 2.2667e-06
165 174 205 217 182 204 cost 2.2662e-06
174 183 229 241 159 182 cost 2.2651e-06
210 220 168 180 113 136 cost 2.2635e-06
73 82 193 205 113 136 cost 2.2631e-06
174 183 217 229 159 182 cost 2.2627e-06
91 100 193 205 0 22 cost 2.2606e-06
128 147 120 144 182 227 cost 2.2568e-06
73 91 241 265 0 45 cost 2.253e-06
284 294 205 217 68 91 cost 2.2512e-06
238 247 289 301 68 91 cost 2.2503e-06
257 275 217 241 318 364 cost 2.2503e-06
110 119 193 205 68 91 cost 2.2503e-06
128 137 108 120 68 91 cost 2.2503e-06
183 201 217 241 591 637 cost 2.2503e-06
110 128 120 144 227 273 cost 2.2476e-06
174 183 241 253 45 68 cost 2.2476e-06
128 137 180 193 0 22 cost 2.2468e-06
147 156 156 168 45 68 cost 2.2466e-06
91 110 265 289 0 45 cost 2.2422e-06
110 119 108 120 45 68 cost 2.2422e-06
82 91 132 144 45 68 cost 2.237e-06
128 137 253 265 91 113 cost 2.2369e-06
201 210 253 265 113 136 cost 2.2359e-06
183 192 180 193 113 136 cost 2.2344e-06
0 36 241 289 182 273 cost 2.2344e-06
147 183 289 337 455 546 cost 2.2344e-06
183 201 144 168 500 546 cost 2.2344e-06
275 294 217 241 182 227 cost 2.2344e-06
128 137 241 253 136 159 cost 2.2335e-06
220 229 241 253 68 91 cost 2.2319e-06
192 201 253 265 22 45 cost 2.2304e-06
91 100 156 168 91 113 cost 2.2291e-06
174 183 156 168 45 68 cost 2.2275e-06
119 128 132 144 45 68 cost 2.2268e-06
165 174 253 265 45 68 cost 2.2254e-06
183 192 205 217 68 91 cost 2.2253e-06
165 174 205 217 91 113 cost 2.2241e-06
147 156 241 253 159 182 cost 2.223e-06
73 91 120 144 546 591 cost 2.2227e-06
91 110 241 265 227 273 cost 2.2185e-06
183 201 289 313 318 364 cost 2.2185e-06
110 147 96 144 637 728 cost 2.2185e-06
238 257 337 361 0 45 cost 2.2176e-06
165 174 301 313 68 91 cost 2.217e-06
165 183 144 168 364 409 cost 2.2158e-06
210 220 337 349 0 22 cost 2.2107e-06
201 210 229 241 0 22 cost 2.2068e-06
156 165 168 180 45 68 cost 2.2059e-06
156 165 205 217 136 159 cost 2.2041e-06
165 183 120 144 136 182 cost 2.2039e-06
183 201 144 168 591 637 cost 2.1972e-06
119 128 253 265 0 22 cost 2.1956e-06
183 192 180 193 22 45 cost 2.1953e-06
82 91 168 180 68 91 cost 2.1919e-06
54 63 180 193 68 91 cost 2.1918e-06
165 174 156 168 159 182 cost 2.1891e-06
73 82 120 132 91 113 cost 2.1815e-06
147 156 193 205 68 91 cost 2.1754e-06
137 147 168 180 91 113 cost 2.1747e-06
183 201 265 289 91 136 cost 2.1742e-06
220 229 301 313 45 68 cost 2.1732e-06
165 174 289 301 45 68 cost 2.1656e-06
91 110 241 265 136 182 cost 2.1627e-06
110 128 265 289 182 227 cost 2.1624e-06
220 257 144 193 637 728 cost 2.1582e-06
183 201 289 313 273 318 cost 2.1582e-06
110 147 96 144 546 637 cost 2.1573e-06
257 275 144 168 136 182 cost 2.1555e-06
110 128 217 241 227 273 cost 2.1519e-06
165 174 253 265 159 182 cost 2.1517e-06
247 257 313 325 45 68 cost 2.1464e-06
165 174 193 205 159 182 cost 2.1428e-06
257 275 193 217 318 364 cost 2.1414e-06
275 294 217 241 318 364 cost 2.1414e-06
220 229 289 301 45 68 cost 2.1414e-06
91 110 193 217 227 273 cost 2.1414e-06
220 238 265 289 318 364 cost 2.1255e-06
183 192 168 180 68 91 cost 2.1232e-06
210 220 253 265 159 182 cost 2.1174e-06
220 257 144 193 546 637 cost 2.1138e-06
174 183 156 168 182 204 cost 2.1103e-06
201 220 193 217 637 682 cost 2.1069e-06
147 156 144 156 45 68 cost 2.106e-06
192 201 301 313 45 68 cost 2.1042e-06
137 147 241 253 91 113 cost 2.1033e-06
119 128 96 108 45 68 cost 2.1015e-06
54 63 265 277 68 91 cost 2.1015e-06
165 174 205 217 113 136 cost 2.1004e-06
257 275 168 193 182 227 cost 2.0993e-06
174 183 144 156 159 182 cost 2.0979e-06
238 257 168 193 182 227 cost 2.097e-06
137 147 108 120 22 45 cost 2.0936e-06
238 257 241 265 227 273 cost 2.0925e-06
147 156 205 217 91 113 cost 2.0911e-06
174 183 144 156 204 227 cost 2.0869e-06
247 257 277 289 45 68 cost 2.0829e-06
119 128 144 156 68 91 cost 2.0812e-06
147 156 168 180 68 91 cost 2.0802e-06
147 156 205 217 45 68 cost 2.08e-06
91 110 168 193 227 273 cost 2.0799e-06
100 110 156 168 45 68 cost 2.0735e-06
36 73 193 241 273 364 cost 2.0715e-06
147 156 144 156 68 91 cost 2.0699e-06
192 201 253 265 0 22 cost 2.0674e-06
183 201 313 337 136 182 cost 2.0643e-06
73 82 193 205 45 68 cost 2.064e-06
220 238 361 386 182 227 cost 2.0587e-06
147 156 253 265 159 182 cost 2.0549e-06
137 147 205 217 68 91 cost 2.0507e-06
100 110 193 205 0 22 cost 2.0487e-06
238 257 241 265 273 318 cost 2.0484e-06
165 174 241 253 91 113 cost 2.0484e-06
238 257 337 361 91 136 cost 2.0484e-06
119 128 205 217 45 68 cost 2.0484e-06
165 174 229 241 45 68 cost 2.0484e-06
238 257 289 313 182 227 cost 2.0457e-06
128 137 229 241 68 91 cost 2.0435e-06
91 95 90 96 22 33 cost 2.0376e-06
73 82 193 205 22 45 cost 2.0349e-06
128 147 265 289 409 455 cost 2.0325e-06
128 147 265 289 364 409 cost 2.0325e-06
238 257 193 217 591 637 cost 2.0325e-06
137 147 217 229 159 182 cost 2.0298e-06
110 119 132 144 68 91 cost 2.0296e-06
128 137 180 193 91 113 cost 2.0295e-06
257 275 168 193 318 364 cost 2.0271e-06
210 220 241 253 159 182 cost 2.0271e-06
110 119 96 108 22 45 cost 2.0244e-06
201 220 168 193 546 591 cost 2.0208e-06
183 192 144 156 45 68 cost 2.0208e-06
192 201 217 229 22 45 cost 2.0202e-06
247 257 193 205 45 68 cost 2.0193e-06
238 257 265 289 273 318 cost 2.0112e-06
183 201 168 193 409 455 cost 2.0085e-06
91 110 96 120 591 637 cost 2.0063e-06
147 156 253 265 45 68 cost 1.9994e-06
192 201 229 241 113 136 cost 1.9946e-06
183 192 193 205 68 91 cost 1.9923e-06
156 165 253 265 159 182 cost 1.9914e-06
183 192 156 168 91 113 cost 1.9899e-06
174 183 180 193 45 68 cost 1.9887e-06
165 183 265 289 273 318 cost 1.9872e-06
229 238 361 373 45 68 cost 1.986e-06
91 110 144 168 273 318 cost 1.9814e-06
165 183 168 193 273 318 cost 1.9809e-06
174 183 156 168 204 227 cost 1.9775e-06
119 128 108 120 68 91 cost 1.9719e-06
147 165 168 193 546 591 cost 1.9718e-06
174 183 144 156 136 159 cost 1.9702e-06
201 210 241 253 91 113 cost 1.9702e-06
201 210 253 265 136 159 cost 1.9668e-06
220 238 241 265 409 455 cost 1.9577e-06
220 238 289 313 273 318 cost 1.9566e-06
147 165 144 168 364 409 cost 1.9554e-06
110 128 168 193 318 364 cost 1.9414e-06
220 257 144 193 455 546 cost 1.9395e-06
238 257 193 217 318 364 cost 1.9395e-06
73 110 193 241 455 546 cost 1.9395e-06
128 147 241 265 364 409 cost 1.9395e-06
156 165 180 193 91 113 cost 1.9395e-06
137 147 241 253 68 91 cost 1.9395e-06
156 165 253 265 136 159 cost 1.9383e-06
192 201 144 156 0 22 cost 1.938e-06
183 201 313 337 227 273 cost 1.9368e-06
110 119 253 265 159 182 cost 1.9354e-06
119 128 217 229 68 91 cost 1.9325e-06
257 266 217 229 45 68 cost 1.9271e-06
82 91 144 156 68 91 cost 1.9253e-06
110 147 0 48 182 273 cost 1.9236e-06
73 91 96 120 273 318 cost 1.9236e-06
73 110 241 289 637 728 cost 1.9236e-06
73 110 241 289 546 637 cost 1.9236e-06
147 165 217 241 364 409 cost 1.9236e-06
210 220 253 265 0 22 cost 1.9167e-06
238 257 265 289 409 455 cost 1.916e-06
201 210 241 253 68 91 cost 1.9133e-06
201 210 253 265 0 22 cost 1.9128e-06
147 156 241 253 45 68 cost 1.9119e-06
82 91 120 132 0 22 cost 1.9054e-06
183 201 193 217 637 682 cost 1.9027e-06
183 192 193 205 0 22 cost 1.9026e-06
100 110 144 156 68 91 cost 1.9008e-06
128 147 144 168 591 637 cost 1.8978e-06
201 210 229 241 45 68 cost 1.8971e-06
165 174 205 217 45 68 cost 1.8919e-06
192 201 205 217 22 45 cost 1.8915e-06
91 110 168 193 136 182 cost 1.8888e-06
174 183 205 217 204 227 cost 1.8861e-06
201 210 229 241 68 91 cost 1.8849e-06
174 183 156 168 68 91 cost 1.8839e-06
210 220 229 241 68 91 cost 1.881e-06
36 54 265 289 136 182 cost 1.8792e-06
165 183 193 217 591 637 cost 1.8747e-06
91 110 217 241 136 182 cost 1.8747e-06
110 128 72 96 136 182 cost 1.8633e-06
110 128 217 241 318 364 cost 1.8624e-06
100 110 205 217 45 68 cost 1.8597e-06
183 201 144 168 273 318 cost 1.8537e-06
91 100 132 144 0 22 cost 1.8523e-06
73 91 265 289 182 227 cost 1.8465e-06
110 128 193 217 182 227 cost 1.8465e-06
220 238 193 217 364 409 cost 1.8465e-06
257 294 289 337 91 182 cost 1.8457e-06
95 100 90 96 22 33 cost 1.8453e-06
110 119 120 132 68 91 cost 1.8438e-06
119 128 120 132 45 68 cost 1.8422e-06
128 137 156 168 113 136 cost 1.8343e-06
220 238 313 337 364 409 cost 1.8306e-06
100 110 108 120 91 113 cost 1.8306e-06
238 257 217 241 364 409 cost 1.8306e-06
110 119 253 265 45 68 cost 1.8294e-06
210 220 325 337 0 22 cost 1.8287e-06
165 174 241 253 113 136 cost 1.8252e-06
238 257 193 217 273 318 cost 1.8252e-06
165 183 168 193 227 273 cost 1.8225e-06
192 201 217 229 0 22 cost 1.8192e-06
165 174 180 193 45 68 cost 1.8171e-06
229 238 253 265 45 68 cost 1.814e-06
201 220 313 337 318 364 cost 1.8139e-06
147 156 253 265 136 159 cost 1.8133e-06
210 220 325 337 68 91 cost 1.8111e-06
137 147 265 277 45 68 cost 1.8093e-06
220 229 301 313 68 91 cost 1.8093e-06
128 137 168 180 91 113 cost 1.8077e-06
174 183 217 229 45 68 cost 1.8039e-06
147 183 337 386 455 546 cost 1.803e-06
220 238 193 217 0 45 cost 1.8021e-06
210 220 241 253 0 22 cost 1.8017e-06
128 137 253 265 136 159 cost 1.8009e-06
238 257 241 265 136 182 cost 1.8003e-06
174 183 241 253 136 159 cost 1.7995e-06
238 257 168 193 91 136 cost 1.7919e-06
110 128 265 289 136 182 cost 1.7907e-06
119 128 180 193 68 91 cost 1.7891e-06
210 220 313 325 68 91 cost 1.7869e-06
100 110 132 144 45 68 cost 1.7861e-06
128 137 156 168 22 45 cost 1.7799e-06
73 91 120 144 318 364 cost 1.7775e-06
100 110 96 108 113 136 cost 1.7718e-06
220 229 289 301 68 91 cost 1.7703e-06
147 183 289 337 637 728 cost 1.7694e-06
128 137 205 217 45 68 cost 1.7694e-06
174 183 193 205 68 91 cost 1.7693e-06
100 110 108 120 68 91 cost 1.7667e-06
192 201 205 217 45 68 cost 1.764e-06
82 91 205 217 45 68 cost 1.7622e-06
183 192 229 241 91 113 cost 1.7607e-06
73 91 120 144 273 318 cost 1.7589e-06
183 192 241 253 45 68 cost 1.7582e-06
165 174 253 265 68 91 cost 1.7566e-06
238 247 265 277 45 68 cost 1.7554e-06
82 91 205 217 91 113 cost 1.7543e-06
183 192 217 229 113 136 cost 1.754e-06
201 220 361 386 136 182 cost 1.7535e-06
147 165 168 193 318 364 cost 1.7535e-06
110 128 265 289 409 455 cost 1.7535e-06
220 238 241 265 364 409 cost 1.7535e-06
174 183 180 193 68 91 cost 1.7499e-06
284 294 193 205 45 68 cost 1.7481e-06
128 137 217 229 68 91 cost 1.7466e-06
137 147 156 168 68 91 cost 1.7416e-06
110 119 253 265 113 136 cost 1.7399e-06
147 165 193 217 546 591 cost 1.7376e-06
220 238 217 241 318 364 cost 1.7376e-06
91 110 193 217 182 227 cost 1.7376e-06
36 54 265 289 182 227 cost 1.7376e-06
238 257 217 241 182 227 cost 1.7376e-06
119 128 96 108 68 91 cost 1.7349e-06
128 137 217 229 45 68 cost 1.7326e-06
128 137 168 180 0 22 cost 1.7268e-06
201 210 168 180 68 91 cost 1.7239e-06
128 137 253 265 159 182 cost 1.7184e-06
183 192 180 193 91 113 cost 1.7136e-06
201 220 168 193 500 546 cost 1.7091e-06
238 247 205 217 45 68 cost 1.7082e-06
257 294 241 289 91 182 cost 1.7078e-06
266 275 229 241 68 91 cost 1.7043e-06
210 220 241 253 68 91 cost 1.7e-06
210 220 325 337 45 68 cost 1.6981e-06
137 147 180 193 113 136 cost 1.695e-06
147 156 193 205 113 136 cost 1.6928e-06
82 91 108 120 45 68 cost 1.6896e-06
210 220 168 180 91 113 cost 1.6896e-06
220 229 241 253 45 68 cost 1.6892e-06
257 275 193 217 409 455 cost 1.6883e-06
165 174 193 205 136 159 cost 1.684e-06
165 183 168 193 591 637 cost 1.6791e-06
73 91 120 144 591 637 cost 1.6773e-06
165 183 313 337 227 273 cost 1.6769e-06
137 147 277 289 68 91 cost 1.675e-06
119 128 241 253 91 113 cost 1.6731e-06
91 100 132 144 91 113 cost 1.6713e-06
73 82 132 144 45 68 cost 1.6659e-06
82 91 180 193 91 113 cost 1.664e-06
147 165 168 193 591 637 cost 1.6634e-06
174 183 253 265 159 182 cost 1.6605e-06
183 201 313 337 273 318 cost 1.6605e-06
147 220 0 96 364 546 cost 1.6605e-06
192 201 180 193 68 91 cost 1.6581e-06
183 192 253 265 68 91 cost 1.6578e-06
110 128 168 193 546 591 cost 1.6578e-06
82 91 132 144 91 113 cost 1.6551e-06
210 220 168 180 45 68 cost 1.6484e-06
165 174 253 265 113 136 cost 1.6446e-06
137 147 253 265 0 22 cost 1.6446e-06
183 201 217 241 500 546 cost 1.6446e-06
220 238 193 217 318 364 cost 1.6446e-06
73 91 144 168 182 227 cost 1.6446e-06
275 294 168 193 136 182 cost 1.6419e-06
165 183 96 120 136 182 cost 1.6419e-06
275 284 205 217 68 91 cost 1.6392e-06
165 174 144 156 136 159 cost 1.6386e-06
201 210 337 349 22 45 cost 1.6309e-06
128 147 144 168 318 364 cost 1.6279e-06
229 238 241 253 68 91 cost 1.6261e-06
137 147 229 241 159 182 cost 1.6218e-06
165 174 193 205 91 113 cost 1.6211e-06
73 82 120 132 68 91 cost 1.6206e-06
147 165 265 289 227 273 cost 1.6206e-06
275 284 193 205 45 68 cost 1.6152e-06
275 294 168 193 318 364 cost 1.6047e-06
137 147 193 205 68 91 cost 1.6047e-06
63 73 168 180 45 68 cost 1.602e-06
174 183 156 168 136 159 cost 1.596e-06
119 128 241 253 22 45 cost 1.5957e-06
238 247 289 301 45 68 cost 1.5942e-06
100 110 84 96 22 45 cost 1.5926e-06
183 192 144 156 136 159 cost 1.5903e-06
165 174 193 205 204 227 cost 1.588e-06
201 220 217 241 364 409 cost 1.5834e-06
201 210 349 361 22 45 cost 1.578e-06
183 201 337 361 182 227 cost 1.5726e-06
192 201 241 253 68 91 cost 1.5724e-06
82 91 168 180 91 113 cost 1.5724e-06
137 147 241 253 45 68 cost 1.5675e-06
137 147 180 193 91 113 cost 1.5675e-06
183 201 144 168 409 455 cost 1.5675e-06
165 174 229 241 68 91 cost 1.5675e-06
183 201 168 193 455 500 cost 1.5675e-06
128 147 241 265 273 318 cost 1.5648e-06
82 91 108 120 68 91 cost 1.5648e-06
147 165 144 168 546 591 cost 1.5516e-06
220 238 265 289 364 409 cost 1.5516e-06
147 165 168 193 409 455 cost 1.5516e-06
147 156 217 229 45 68 cost 1.5507e-06
229 238 301 313 68 91 cost 1.5491e-06
110 119 241 253 159 182 cost 1.5489e-06
201 220 217 241 591 637 cost 1.5467e-06
137 147 168 180 0 22 cost 1.5444e-06
192 201 144 156 68 91 cost 1.5431e-06
128 147 193 217 318 364 cost 1.5399e-06
54 73 241 265 0 45 cost 1.5381e-06
119 128 144 156 45 68 cost 1.5354e-06
91 110 168 193 318 364 cost 1.533e-06
147 156 205 217 136 159 cost 1.5303e-06
165 183 265 289 318 364 cost 1.5303e-06
183 192 253 265 45 68 cost 1.5276e-06
266 275 217 229 68 91 cost 1.5249e-06
110 119 156 168 68 91 cost 1.5191e-06
229 238 301 313 45 68 cost 1.5144e-06
183 220 96 144 91 182 cost 1.5117e-06
147 156 253 265 68 91 cost 1.4982e-06
238 247 193 205 68 91 cost 1.4967e-06
165 174 156 168 68 91 cost 1.4944e-06
238 257 289 313 318 364 cost 1.4931e-06
174 183 301 313 68 91 cost 1.4905e-06
210 220 180 193 45 68 cost 1.4904e-06
174 183 241 253 91 113 cost 1.4904e-06
91 110 241 265 182 227 cost 1.4904e-06
128 137 156 168 91 113 cost 1.4897e-06
128 137 229 241 159 182 cost 1.4848e-06
137 147 277 289 45 68 cost 1.4845e-06
201 210 217 229 68 91 cost 1.4808e-06
210 220 313 325 0 22 cost 1.4797e-06
73 91 241 265 91 136 cost 1.4772e-06
201 220 217 241 409 455 cost 1.4745e-06
165 183 217 241 364 409 cost 1.4745e-06
174 183 217 229 68 91 cost 1.4741e-06
110 119 241 253 68 91 cost 1.4736e-06
220 238 289 313 318 364 cost 1.4718e-06
247 257 265 277 45 68 cost 1.4718e-06
54 63 265 277 0 22 cost 1.4701e-06
183 192 144 156 68 91 cost 1.4691e-06
156 165 205 217 45 68 cost 1.4662e-06
137 147 217 229 136 159 cost 1.4622e-06
275 294 193 217 409 455 cost 1.4586e-06
183 201 144 168 455 500 cost 1.4586e-06
220 238 289 313 409 455 cost 1.4586e-06
156 165 180 193 113 136 cost 1.4586e-06
220 238 313 337 182 227 cost 1.4586e-06
210 220 180 193 68 91 cost 1.4586e-06
201 220 217 241 682 728 cost 1.4586e-06
110 128 144 168 318 364 cost 1.4503e-06
137 147 156 168 113 136 cost 1.4503e-06
100 110 144 156 45 68 cost 1.4476e-06
147 183 337 386 637 728 cost 1.4427e-06
201 220 193 217 455 500 cost 1.4427e-06
220 238 313 337 273 318 cost 1.4416e-06
73 82 120 132 113 136 cost 1.4413e-06
183 192 156 168 136 159 cost 1.4364e-06
165 174 193 205 68 91 cost 1.4346e-06
128 147 120 144 136 182 cost 1.4346e-06
275 294 168 193 182 227 cost 1.4331e-06
100 110 193 205 22 45 cost 1.4315e-06
275 284 168 180 45 68 cost 1.4228e-06
201 210 337 349 0 22 cost 1.4226e-06
183 192 180 193 68 91 cost 1.4193e-06
110 128 48 72 0 45 cost 1.4147e-06
137 147 229 241 136 159 cost 1.4073e-06
257 275 168 193 273 318 cost 1.4001e-06
156 165 193 205 113 136 cost 1.4001e-06
201 210 313 325 0 22 cost 1.4001e-06
137 147 265 277 68 91 cost 1.3985e-06
257 294 289 337 182 273 cost 1.3974e-06
100 110 132 144 22 45 cost 1.3974e-06
174 183 217 229 136 159 cost 1.394e-06
82 91 108 120 113 136 cost 1.392e-06
174 183 289 301 45 68 cost 1.3915e-06
183 201 337 361 227 273 cost 1.3884e-06
174 183 193 205 204 227 cost 1.3864e-06
128 137 144 156 91 113 cost 1.386e-06
183 201 144 168 364 409 cost 1.3842e-06
128 147 265 289 318 364 cost 1.3842e-06
73 91 144 168 273 318 cost 1.382e-06
192 201 144 156 91 113 cost 1.3815e-06
210 220 229 241 0 22 cost 1.3815e-06
100 110 132 144 136 159 cost 1.3788e-06
128 137 241 253 91 113 cost 1.3762e-06
110 128 144 168 273 318 cost 1.375e-06
156 165 180 193 68 91 cost 1.3739e-06
165 174 205 217 204 227 cost 1.3705e-06
247 257 313 325 68 91 cost 1.3701e-06
192 201 144 156 113 136 cost 1.3656e-06
247 257 277 289 68 91 cost 1.3656e-06
257 275 193 217 364 409 cost 1.3656e-06
128 147 72 96 91 136 cost 1.3656e-06
110 119 229 241 68 91 cost 1.3615e-06
147 156 205 217 113 136 cost 1.3602e-06
165 174 205 217 136 159 cost 1.3587e-06
147 156 241 253 68 91 cost 1.3584e-06
147 165 193 217 591 637 cost 1.3548e-06
174 183 193 205 136 159 cost 1.3544e-06
266 275 180 193 45 68 cost 1.3542e-06
110 119 132 144 45 68 cost 1.3494e-06
156 165 205 217 113 136 cost 1.3443e-06
128 137 205 217 68 91 cost 1.3443e-06
82 91 193 205 0 22 cost 1.3416e-06
82 91 108 120 91 113 cost 1.3335e-06
147 156 205 217 159 182 cost 1.3329e-06
119 128 241 253 113 136 cost 1.3302e-06
183 192 144 156 0 22 cost 1.3284e-06
183 201 265 289 318 364 cost 1.3257e-06
128 147 217 241 273 318 cost 1.3221e-06
128 137 253 265 0 22 cost 1.3163e-06
192 201 217 229 159 182 cost 1.3107e-06
183 201 168 193 591 637 cost 1.3098e-06
110 119 144 156 68 91 cost 1.3089e-06
220 229 229 241 45 68 cost 1.3071e-06
201 210 180 193 91 113 cost 1.3044e-06
192 201 253 265 68 91 cost 1.3044e-06
183 192 229 241 136 159 cost 1.3008e-06
183 201 217 241 682 728 cost 1.3004e-06
110 119 253 265 68 91 cost 1.2955e-06
147 156 193 205 91 113 cost 1.295e-06
110 119 193 205 45 68 cost 1.2912e-06
192 201 156 168 45 68 cost 1.2885e-06
137 147 96 108 22 45 cost 1.2858e-06
192 201 180 193 91 113 cost 1.2858e-06
91 110 96 120 546 591 cost 1.2781e-06
82 91 205 217 0 22 cost 1.2741e-06
91 110 265 289 182 227 cost 1.2726e-06
238 257 217 241 318 364 cost 1.2726e-06
201 220 289 313 318 364 cost 1.2726e-06
238 257 241 265 364 409 cost 1.2726e-06
110 128 217 241 273 318 cost 1.2726e-06
137 147 205 217 45 68 cost 1.2714e-06
210 220 180 193 91 113 cost 1.2699e-06
91 100 205 217 0 22 cost 1.2691e-06
210 220 217 229 22 45 cost 1.264e-06
183 201 217 241 409 455 cost 1.2567e-06
54 73 241 265 182 227 cost 1.2567e-06
183 201 144 168 546 591 cost 1.2567e-06
54 73 241 265 136 182 cost 1.2567e-06
257 275 217 241 182 227 cost 1.2567e-06
257 294 289 337 0 91 cost 1.2563e-06
128 137 205 217 22 45 cost 1.2544e-06
54 63 180 193 45 68 cost 1.254e-06
201 210 217 229 0 22 cost 1.2529e-06
100 110 120 132 136 159 cost 1.2525e-06
165 174 241 253 159 182 cost 1.2494e-06
229 238 337 349 45 68 cost 1.2486e-06
220 238 313 337 227 273 cost 1.2475e-06
156 165 156 168 68 91 cost 1.2418e-06
201 210 325 337 22 45 cost 1.2343e-06
147 165 289 313 182 227 cost 1.2327e-06
165 183 217 241 546 591 cost 1.2327e-06
110 119 229 241 45 68 cost 1.231e-06
91 110 168 193 273 318 cost 1.2297e-06
174 183 229 241 45 68 cost 1.2285e-06
183 192 144 156 22 45 cost 1.2276e-06
137 147 156 168 45 68 cost 1.2273e-06
165 174 144 156 0 22 cost 1.2246e-06
147 156 241 253 136 159 cost 1.218e-06
183 192 229 241 0 22 cost 1.218e-06
165 174 205 217 68 91 cost 1.2141e-06
201 220 265 289 136 182 cost 1.2073e-06
165 174 193 205 45 68 cost 1.2035e-06
110 119 241 253 91 113 cost 1.2018e-06
210 220 253 265 113 136 cost 1.196e-06
275 294 193 217 318 364 cost 1.1955e-06
183 192 168 180 91 113 cost 1.1928e-06
110 128 265 289 318 364 cost 1.1928e-06
192 201 217 229 91 113 cost 1.1866e-06
165 174 193 205 113 136 cost 1.1861e-06
165 183 193 217 546 591 cost 1.1847e-06
137 147 205 217 0 22 cost 1.184e-06
165 183 144 168 409 455 cost 1.1796e-06
229 238 217 229 45 68 cost 1.1796e-06
201 220 193 217 682 728 cost 1.1796e-06
257 266 168 180 68 91 cost 1.1769e-06
137 147 180 193 0 22 cost 1.1742e-06
110 128 193 217 273 318 cost 1.1727e-06
110 119 108 120 22 45 cost 1.1657e-06
147 156 229 241 45 68 cost 1.1637e-06
183 220 96 144 546 637 cost 1.1637e-06
183 201 193 217 455 500 cost 1.1637e-06
165 174 217 229 159 182 cost 1.1637e-06
36 54 265 289 227 273 cost 1.1637e-06
183 192 241 253 0 22 cost 1.1637e-06
156 165 193 205 91 113 cost 1.1633e-06
137 147 253 265 113 136 cost 1.1612e-06
110 119 217 229 68 91 cost 1.1611e-06
238 247 265 277 68 91 cost 1.1583e-06
238 257 168 193 136 182 cost 1.1496e-06
174 183 144 156 182 204 cost 1.1489e-06
100 110 96 108 0 22 cost 1.147e-06
137 147 180 193 22 45 cost 1.1466e-06
91 100 132 144 159 182 cost 1.1462e-06
137 147 168 180 113 136 cost 1.1424e-06
137 147 241 253 136 159 cost 1.1413e-06
156 165 205 217 91 113 cost 1.1409e-06
110 128 120 144 182 227 cost 1.1397e-06
91 110 144 168 318 364 cost 1.1397e-06
183 192 301 313 45 68 cost 1.1382e-06
174 183 229 241 68 91 cost 1.1283e-06
147 165 265 289 182 227 cost 1.1265e-06
220 238 217 241 273 318 cost 1.1265e-06
192 201 205 217 159 182 cost 1.1238e-06
91 110 265 289 91 136 cost 1.1238e-06
165 174 144 156 159 182 cost 1.1238e-06
220 238 217 241 591 637 cost 1.1238e-06
100 110 132 144 159 182 cost 1.1234e-06
275 284 193 205 68 91 cost 1.1211e-06
137 147 253 265 159 182 cost 1.1189e-06
137 147 156 168 22 45 cost 1.1157e-06
137 147 253 265 68 91 cost 1.1141e-06
100 110 205 217 22 45 cost 1.1079e-06
192 201 205 217 0 22 cost 1.1052e-06
137 147 108 120 68 91 cost 1.1052e-06
220 238 313 337 409 455 cost 1.1034e-06
183 192 289 301 45 68 cost 1.1023e-06
128 137 265 277 45 68 cost 1.1022e-06
174 183 205 217 113 136 cost 1.1018e-06
82 91 168 180 113 136 cost 1.0884e-06
147 165 144 168 318 364 cost 1.081e-06
100 110 144 156 113 136 cost 1.0785e-06
183 220 96 144 182 273 cost 1.0785e-06
192 201 168 180 68 91 cost 1.0707e-06
192 201 156 168 68 91 cost 1.0707e-06
238 257 313 337 364 409 cost 1.0707e-06
128 147 241 265 409 455 cost 1.0707e-06
137 147 229 241 68 91 cost 1.0707e-06
247 257 205 217 68 91 cost 1.0707e-06
156 165 241 253 136 159 cost 1.0707e-06
128 147 48 72 91 136 cost 1.0707e-06
128 137 277 289 45 68 cost 1.0707e-06
73 110 0 48 0 91 cost 1.0707e-06
192 201 229 241 22 45 cost 1.068e-06
73 91 144 168 227 273 cost 1.0669e-06
110 128 144 168 364 409 cost 1.0653e-06
183 192 289 301 68 91 cost 1.0638e-06
73 82 108 120 113 136 cost 1.0626e-06
110 119 96 108 45 68 cost 1.0599e-06
91 100 193 205 68 91 cost 1.0599e-06
183 192 193 205 159 182 cost 1.0572e-06
257 294 144 193 455 546 cost 1.054e-06
201 220 217 241 500 546 cost 1.0521e-06
100 110 132 144 91 113 cost 1.0515e-06
174 183 229 241 136 159 cost 1.044e-06
192 201 241 253 0 22 cost 1.0438e-06
238 257 337 361 182 227 cost 1.0431e-06
128 147 144 168 546 591 cost 1.0404e-06
238 257 337 361 45 91 cost 1.0371e-06
165 174 156 168 22 45 cost 1.0353e-06
128 137 241 253 159 182 cost 1.0317e-06
284 294 193 205 68 91 cost 1.0281e-06
54 73 241 265 91 136 cost 1.0254e-06
174 183 168 180 68 91 cost 1.015e-06
257 266 180 193 45 68 cost 1.0122e-06
201 210 241 253 113 136 cost 1.0122e-06
147 165 313 337 182 227 cost 1.0104e-06
165 183 72 96 45 91 cost 1.0095e-06
220 229 337 349 45 68 cost 1.007e-06
110 128 265 289 364 409 cost 1.0068e-06
183 192 168 180 113 136 cost 1.0068e-06
63 73 265 277 0 22 cost 9.976e-07
257 294 241 289 0 91 cost 9.928e-07
238 257 337 361 227 273 cost 9.918e-07
275 294 144 168 91 136 cost 9.909e-07
119 128 96 108 22 45 cost 9.909e-07
128 137 241 253 68 91 cost 9.909e-07
165 174 144 156 204 227 cost 9.882e-07
257 266 229 241 68 91 cost 9.857e-07
54 73 144 168 45 91 cost 9.822e-07
183 201 313 337 318 364 cost 9.777e-07
183 201 265 289 273 318 cost 9.777e-07
238 257 241 265 318 364 cost 9.777e-07
128 147 168 193 364 409 cost 9.75e-07
110 119 205 217 45 68 cost 9.75e-07
220 229 253 265 68 91 cost 9.696e-07
238 257 193 217 546 591 cost 9.687e-07
183 192 205 217 0 22 cost 9.636e-07
183 201 217 241 455 500 cost 9.618e-07
192 201 193 205 136 159 cost 9.618e-07
100 110 193 205 68 91 cost 9.618e-07
147 165 144 168 409 455 cost 9.618e-07
201 220 168 193 455 500 cost 9.618e-07
73 91 241 265 182 227 cost 9.618e-07
147 156 180 193 113 136 cost 9.618e-07
147 156 168 180 0 22 cost 9.618e-07
156 165 168 180 0 22 cost 9.618e-07
110 128 193 217 318 364 cost 9.618e-07
73 110 48 96 273 364 cost 9.618e-07
183 201 265 289 182 227 cost 9.618e-07
165 183 313 337 182 227 cost 9.61e-07
137 147 241 253 0 22 cost 9.61e-07
91 110 120 144 591 637 cost 9.601e-07
266 275 180 193 68 91 cost 9.591e-07
238 257 217 241 546 591 cost 9.591e-07
147 165 168 193 364 409 cost 9.564e-07
137 147 253 265 136 159 cost 9.553e-07
91 110 168 193 182 227 cost 9.537e-07
147 156 96 108 91 113 cost 9.51e-07
73 91 96 120 546 591 cost 9.504e-07
91 95 84 90 33 45 cost 9.489e-07
63 73 168 180 68 91 cost 9.433e-07
229 238 217 229 68 91 cost 9.405e-07
201 220 217 241 637 682 cost 9.394e-07
238 257 217 241 273 318 cost 9.378e-07
147 165 289 313 91 136 cost 9.324e-07
91 95 84 90 22 33 cost 9.306e-07
201 210 241 253 159 182 cost 9.219e-07
229 238 253 265 68 91 cost 9.192e-07
100 110 120 132 159 182 cost 9.192e-07
238 257 217 241 409 455 cost 9.192e-07
147 156 193 205 159 182 cost 9.166e-07
73 82 132 144 22 45 cost 9.141e-07
91 100 205 217 68 91 cost 9.138e-07
220 238 217 241 546 591 cost 9.033e-07
192 201 217 229 136 159 cost 9.024e-07
110 128 217 241 409 455 cost 9.006e-07
110 119 180 193 68 91 cost 9.006e-07
165 174 180 193 68 91 cost 9.006e-07
128 137 265 277 68 91 cost 9.006e-07
201 210 180 193 113 136 cost 9.006e-07
137 147 217 229 68 91 cost 8.963e-07
192 201 156 168 113 136 cost 8.952e-07
128 137 205 217 0 22 cost 8.858e-07
156 165 241 253 159 182 cost 8.847e-07
220 229 217 229 45 68 cost 8.847e-07
119 128 205 217 68 91 cost 8.847e-07
128 147 144 168 409 455 cost 8.847e-07
91 100 205 217 22 45 cost 8.801e-07
201 220 168 193 409 455 cost 8.793e-07
54 73 241 265 227 273 cost 8.791e-07
183 192 144 156 91 113 cost 8.688e-07
201 220 144 168 455 500 cost 8.688e-07
147 165 217 241 409 455 cost 8.688e-07
192 201 156 168 136 159 cost 8.688e-07
201 220 289 313 273 318 cost 8.688e-07
156 165 205 217 159 182 cost 8.688e-07
174 183 253 265 91 113 cost 8.684e-07
147 156 168 180 113 136 cost 8.65e-07
201 220 361 386 182 227 cost 8.521e-07
192 201 205 217 68 91 cost 8.487e-07
128 137 217 229 159 182 cost 8.475e-07
147 165 217 241 591 637 cost 8.475e-07
192 201 180 193 113 136 cost 8.448e-07
201 210 241 253 0 22 cost 8.448e-07
238 247 325 337 68 91 cost 8.412e-07
266 275 229 241 45 68 cost 8.409e-07
238 247 313 325 68 91 cost 8.405e-07
156 165 168 180 113 136 cost 8.334e-07
100 110 120 132 113 136 cost 8.307e-07
192 201 193 205 0 22 cost 8.206e-07
174 183 193 205 113 136 cost 8.202e-07
201 210 325 337 0 22 cost 8.081e-07
201 210 180 193 68 91 cost 8.076e-07
201 210 349 361 0 22 cost 8.067e-07
82 91 193 205 113 136 cost 8.05e-07
220 238 313 337 318 364 cost 8.047e-07
110 119 241 253 113 136 cost 8.031e-07
73 82 205 217 22 45 cost 8.022e-07
110 119 168 180 45 68 cost 8e-07
156 165 96 108 113 136 cost 8e-07
137 147 156 168 0 22 cost 7.917e-07
183 220 96 144 364 455 cost 7.89e-07
91 100 144 156 113 136 cost 7.89e-07
156 165 96 108 91 113 cost 7.864e-07
82 91 132 144 0 22 cost 7.849e-07
128 137 144 156 0 22 cost 7.836e-07
275 294 217 241 409 455 cost 7.758e-07
73 82 144 156 45 68 cost 7.758e-07
220 238 265 289 409 455 cost 7.758e-07
220 238 193 217 591 637 cost 7.758e-07
165 174 144 156 68 91 cost 7.731e-07
192 201 144 156 159 182 cost 7.731e-07
201 210 325 337 68 91 cost 7.704e-07
183 201 217 241 637 682 cost 7.702e-07
210 220 349 361 0 22 cost 7.651e-07
119 128 217 229 45 68 cost 7.645e-07
91 110 96 120 318 364 cost 7.545e-07
137 147 241 253 22 45 cost 7.541e-07
183 192 217 229 0 22 cost 7.534e-07
137 147 96 108 0 22 cost 7.518e-07
192 201 205 217 136 159 cost 7.455e-07
275 294 144 168 227 273 cost 7.428e-07
156 165 168 180 22 45 cost 7.359e-07
165 183 168 193 318 364 cost 7.341e-07
91 100 156 168 113 136 cost 7.332e-07
192 201 144 156 136 159 cost 7.2e-07
183 220 96 144 637 728 cost 7.2e-07
238 257 241 265 409 455 cost 7.184e-07
165 174 217 229 136 159 cost 7.146e-07
82 91 205 217 113 136 cost 7.146e-07
229 238 361 373 68 91 cost 7.098e-07
36 73 96 144 91 182 cost 6.987e-07
201 210 241 253 136 159 cost 6.987e-07
183 220 96 144 273 364 cost 6.96e-07
137 147 144 156 0 22 cost 6.931e-07
229 238 289 301 45 68 cost 6.878e-07
147 156 96 108 113 136 cost 6.873e-07
147 165 289 313 227 273 cost 6.828e-07
128 147 193 217 364 409 cost 6.828e-07
165 183 144 168 546 591 cost 6.828e-07
201 220 217 241 455 500 cost 6.828e-07
110 128 193 217 409 455 cost 6.828e-07
73 91 96 120 591 637 cost 6.828e-07
257 294 289 337 364 455 cost 6.828e-07
110 128 168 193 591 637 cost 6.828e-07
156 165 241 253 45 68 cost 6.828e-07
210 220 241 253 91 113 cost 6.828e-07
201 220 265 289 182 227 cost 6.824e-07
210 220 217 229 0 22 cost 6.801e-07
201 220 265 289 227 273 cost 6.774e-07
192 201 253 265 45 68 cost 6.693e-07
73 82 205 217 68 91 cost 6.668e-07
110 119 108 120 0 22 cost 6.661e-07
165 183 72 96 0 45 cost 6.615e-07
275 294 144 168 273 318 cost 6.57e-07
183 192 229 241 113 136 cost 6.541e-07
110 119 168 180 68 91 cost 6.456e-07
201 220 265 289 273 318 cost 6.429e-07
100 110 132 144 113 136 cost 6.429e-07
73 91 96 120 318 364 cost 6.429e-07
192 201 193 205 159 182 cost 6.402e-07
147 156 108 120 113 136 cost 6.402e-07
100 110 108 120 0 22 cost 6.385e-07
247 257 301 313 45 68 cost 6.38e-07
247 257 289 301 68 91 cost 6.335e-07
247 257 193 205 68 91 cost 6.333e-07
128 137 144 156 113 136 cost 6.225e-07
201 210 253 265 159 182 cost 6.157e-07
165 174 241 253 68 91 cost 6.084e-07
165 174 156 168 136 159 cost 6.084e-07
119 128 241 253 0 22 cost 6.084e-07
210 220 217 229 68 91 cost 6.057e-07
110 119 205 217 68 91 cost 6.057e-07
183 192 144 156 113 136 cost 6.03e-07
275 294 144 168 0 45 cost 6.03e-07
91 110 265 289 45 91 cost 6.03e-07
257 275 144 168 318 364 cost 5.994e-07
174 183 253 265 136 159 cost 5.898e-07
257 294 241 289 364 455 cost 5.898e-07
275 294 217 241 364 409 cost 5.898e-07
165 174 156 168 182 204 cost 5.898e-07
183 192 168 180 0 22 cost 5.898e-07
128 137 241 253 0 22 cost 5.898e-07
238 257 217 241 591 637 cost 5.898e-07
128 147 48 72 136 182 cost 5.898e-07
247 257 265 277 68 91 cost 5.898e-07
147 156 180 193 0 22 cost 5.842e-07
73 82 168 180 68 91 cost 5.782e-07
192 201 168 180 0 22 cost 5.712e-07
284 294 205 217 45 68 cost 5.712e-07
174 183 205 217 68 91 cost 5.685e-07
119 128 193 205 68 91 cost 5.681e-07
73 82 108 120 91 113 cost 5.658e-07
192 201 168 180 91 113 cost 5.526e-07
91 100 84 96 0 22 cost 5.526e-07
137 147 96 108 68 91 cost 5.526e-07
275 294 144 168 318 364 cost 5.526e-07
210 220 168 180 68 91 cost 5.518e-07
247 257 301 313 68 91 cost 5.515e-07
192 201 156 168 159 182 cost 5.472e-07
156 165 168 180 91 113 cost 5.428e-07
128 137 193 205 0 22 cost 5.391e-07
82 91 180 193 113 136 cost 5.375e-07
201 220 144 168 591 637 cost 5.34e-07
73 82 132 144 113 136 cost 5.34e-07
73 82 108 120 45 68 cost 5.313e-07
147 165 144 168 591 637 cost 5.313e-07
110 128 144 168 546 591 cost 5.313e-07
275 294 144 168 136 182 cost 5.154e-07
257 266 180 193 68 91 cost 5.154e-07
257 294 241 289 182 273 cost 5.127e-07
210 220 241 253 136 159 cost 5.127e-07
201 220 361 386 91 136 cost 5.123e-07
100 110 205 217 68 91 cost 4.968e-07
183 201 313 337 182 227 cost 4.968e-07
128 147 168 193 409 455 cost 4.968e-07
110 128 193 217 364 409 cost 4.968e-07
201 220 144 168 500 546 cost 4.968e-07
165 174 144 156 182 204 cost 4.968e-07
100 110 132 144 0 22 cost 4.968e-07
110 128 144 168 591 637 cost 4.941e-07
201 220 217 241 546 591 cost 4.809e-07
238 257 313 337 409 455 cost 4.809e-07
201 210 180 193 45 68 cost 4.809e-07
73 82 144 156 68 91 cost 4.809e-07
110 119 180 193 45 68 cost 4.782e-07
137 147 108 120 0 22 cost 4.755e-07
275 294 144 168 45 91 cost 4.755e-07
110 119 217 229 45 68 cost 4.706e-07
73 82 156 168 68 91 cost 4.642e-07
110 119 96 108 68 91 cost 4.596e-07
137 147 144 156 113 136 cost 4.596e-07
238 247 205 217 68 91 cost 4.596e-07
73 82 168 180 45 68 cost 4.542e-07
73 82 132 144 91 113 cost 4.542e-07
165 174 193 205 182 204 cost 4.475e-07
165 183 217 241 591 637 cost 4.41e-07
91 100 132 144 136 159 cost 4.224e-07
174 183 289 301 68 91 cost 4.224e-07
147 183 337 386 364 455 cost 4.206e-07
147 156 193 205 45 68 cost 4.197e-07
165 183 217 241 409 455 cost 4.038e-07
147 156 229 241 68 91 cost 4.038e-07
156 165 229 241 45 68 cost 4.038e-07
73 82 156 168 45 68 cost 4.038e-07
210 220 241 253 113 136 cost 4.038e-07
54 73 144 168 0 45 cost 4.038e-07
119 128 96 108 0 22 cost 4.038e-07
128 137 96 108 22 45 cost 4.011e-07
174 183 156 168 0 22 cost 3.982e-07
247 257 325 337 45 68 cost 3.879e-07
165 174 289 301 68 91 cost 3.879e-07
201 220 144 168 409 455 cost 3.879e-07
183 192 156 168 0 22 cost 3.879e-07
110 119 96 108 0 22 cost 3.879e-07
192 201 156 168 91 113 cost 3.879e-07
238 257 337 361 136 182 cost 3.852e-07
156 165 144 156 68 91 cost 3.844e-07
201 220 265 289 91 136 cost 3.758e-07
73 82 205 217 91 113 cost 3.706e-07
82 91 132 144 68 91 cost 3.674e-07
100 110 144 156 91 113 cost 3.641e-07
147 165 313 337 227 273 cost 3.603e-07
165 174 241 253 136 159 cost 3.598e-07
54 73 144 168 91 136 cost 3.492e-07
110 119 144 156 45 68 cost 3.426e-07
165 174 253 265 91 113 cost 3.386e-07
110 119 253 265 0 22 cost 3.367e-07
192 201 156 168 0 22 cost 3.294e-07
36 54 241 265 91 136 cost 3.267e-07
174 183 193 205 91 113 cost 3.12e-07
257 294 289 337 546 637 cost 3.108e-07
284 294 180 193 45 68 cost 3.054e-07
247 257 325 337 68 91 cost 2.949e-07
220 238 289 313 364 409 cost 2.949e-07
257 294 241 289 637 728 cost 2.949e-07
73 110 0 48 182 273 cost 2.949e-07
128 147 48 72 0 45 cost 2.949e-07
156 165 180 193 0 22 cost 2.949e-07
183 220 96 144 455 546 cost 2.949e-07
73 91 144 168 318 364 cost 2.922e-07
100 110 84 96 0 22 cost 2.893e-07
91 100 108 120 113 136 cost 2.736e-07
73 82 193 205 0 22 cost 2.736e-07
128 137 96 108 0 22 cost 2.736e-07
183 192 253 265 0 22 cost 2.736e-07
156 165 241 253 68 91 cost 2.736e-07
128 137 156 168 0 22 cost 2.709e-07
100 110 108 120 113 136 cost 2.55e-07
73 82 132 144 68 91 cost 2.55e-07
128 137 96 108 45 68 cost 2.55e-07
95 100 84 90 22 33 cost 2.427e-07
73 82 205 217 113 136 cost 2.391e-07
73 82 205 217 0 22 cost 2.391e-07
73 82 205 217 45 68 cost 2.337e-07
220 238 144 168 136 182 cost 2.337e-07
183 192 301 313 68 91 cost 2.277e-07
73 82 168 180 113 136 cost 2.262e-07
165 174 156 168 0 22 cost 2.178e-07
147 165 265 289 273 318 cost 2.178e-07
54 63 168 180 45 68 cost 2.151e-07
220 229 373 386 45 68 cost 2.151e-07
91 100 108 120 91 113 cost 2.151e-07
100 110 205 217 0 22 cost 2.074e-07
91 110 217 241 182 227 cost 2.019e-07
257 294 289 337 273 364 cost 2.019e-07
137 147 96 108 45 68 cost 2.019e-07
257 294 241 289 273 364 cost 2.019e-07
0 73 289 386 182 364 cost 2.019e-07
275 294 193 217 364 409 cost 2.019e-07
257 294 241 289 546 637 cost 2.019e-07
284 294 180 193 68 91 cost 1.992e-07
183 192 180 193 0 22 cost 1.906e-07
110 119 241 253 0 22 cost 1.833e-07
220 238 144 168 227 273 cost 1.806e-07
192 201 180 193 0 22 cost 1.757e-07
137 147 193 205 0 22 cost 1.757e-07
73 82 168 180 91 113 cost 1.664e-07
110 119 108 120 68 91 cost 1.62e-07
238 247 193 205 45 68 cost 1.554e-07
95 100 84 90 33 45 cost 1.479e-07
73 82 120 132 0 22 cost 1.473e-07
275 294 144 168 182 227 cost 1.434e-07
54 63 168 180 68 91 cost 1.315e-07
73 82 108 120 68 91 cost 1.275e-07
91 100 108 120 68 91 cost 1.275e-07
257 266 229 241 45 68 cost 1.129e-07
238 257 144 168 91 136 cost 1.089e-07
110 128 217 241 364 409 cost 1.089e-07
183 201 361 386 91 136 cost 1.089e-07
201 220 144 168 364 409 cost 1.089e-07
192 201 217 229 113 136 cost 1.089e-07
201 220 265 289 318 364 cost 1.089e-07
257 294 289 337 637 728 cost 1.089e-07
147 165 265 289 318 364 cost 1.089e-07
174 183 253 265 113 136 cost 1.089e-07
147 183 0 48 0 91 cost 1.089e-07
73 82 96 108 68 91 cost 1.089e-07
91 110 265 289 227 273 cost 1.089e-07
183 192 193 205 136 159 cost 1.089e-07
201 220 144 168 273 318 cost 1.089e-07
73 91 217 241 0 45 cost 1.062e-07
201 220 361 386 227 273 cost 9.26e-08
156 165 229 241 68 91 cost 9.03e-08
220 229 217 229 68 91 cost 7.17e-08
210 220 180 193 113 136 cost 7.17e-08
183 201 217 241 546 591 cost 7.17e-08
91 110 265 289 136 182 cost 7.17e-08
128 137 96 108 68 91 cost 7.17e-08
36 54 241 265 45 91 cost 7.17e-08
137 147 241 253 113 136 cost 6.21e-08
238 257 144 168 227 273 cost 5.31e-08
91 100 108 120 22 45 cost 5.31e-08
73 91 217 241 136 182 cost 5.31e-08
73 91 217 241 45 91 cost 5.31e-08
220 229 373 386 68 91 cost 3.45e-08
238 257 361 386 136 182 cost 3.45e-08
238 257 361 386 0 45 cost 2.7e-08
238 257 361 386 45 91 cost 1.95e-08
165 183 48 72 45 91 cost 0
36 54 241 265 227 273 cost 0
0 36 96 144 91 182 cost 0
220 257 96 144 273 364 cost 0
91 110 48 72 45 91 cost 0
0 36 193 241 182 273 cost 0
229 238 373 386 68 91 cost 0
36 54 241 265 0 45 cost 0
0 36 144 193 0 91 cost 0
220 294 0 96 364 546 cost 0
238 257 144 168 182 227 cost 0
73 91 217 241 91 136 cost 0
183 220 0 48 91 182 cost 0
63 73 277 289 0 22 cost 0
165 183 361 386 45 91 cost 0
220 294 0 96 546 728 cost 0
36 54 144 168 0 45 cost 0
73 110 0 48 91 182 cost 0
257 294 96 144 546 637 cost 0
0 73 0 96 364 546 cost 0
0 36 193 241 0 91 cost 0
201 220 144 168 546 591 cost 0
220 257 96 144 546 637 cost 0
91 110 48 72 136 182 cost 0
54 73 144 168 136 182 cost 0
257 294 337 386 91 182 cost 0
257 294 337 386 0 91 cost 0
238 257 361 386 91 136 cost 0
220 294 0 96 182 364 cost 0
165 174 241 253 45 68 cost 0
220 238 217 241 364 409 cost 0
201 220 144 168 318 364 cost 0
220 257 96 144 364 455 cost 0
165 183 48 72 0 45 cost 0
36 73 96 144 0 91 cost 0
201 210 325 337 45 68 cost 0
0 36 241 289 273 364 cost 0
165 183 361 386 0 45 cost 0
220 238 144 168 91 136 cost 0
183 220 0 48 0 91 cost 0
63 73 277 289 22 45 cost 0
257 294 96 144 455 546 cost 0
36 54 241 265 136 182 cost 0
36 54 144 168 45 91 cost 0
147 183 0 48 91 182 cost 0
54 63 277 289 68 91 cost 0
91 100 108 120 45 68 cost 0
257 294 337 386 455 546 cost 0
63 73 277 289 68 91 cost 0
238 257 144 168 45 91 cost 0
73 110 0 48 273 364 cost 0
257 294 96 144 637 728 cost 0
257 294 337 386 273 364 cost 0
91 110 217 241 227 273 cost 0
54 63 277 289 45 68 cost 0
229 238 337 349 68 91 cost 0
91 110 48 72 91 136 cost 0
147 165 361 386 0 45 cost 0
257 294 337 386 546 637 cost 0
73 91 241 265 227 273 cost 0
220 257 96 144 637 728 cost 0
183 201 361 386 0 45 cost 0
257 294 337 386 182 273 cost 0
257 294 337 386 364 455 cost 0
257 294 96 144 364 455 cost 0
91 100 72 84 0 22 cost 0
220 238 144 168 0 45 cost 0
229 238 373 386 45 68 cost 0
73 110 337 386 91 182 cost 0
91 100 108 120 0 22 cost 0
36 54 144 168 136 182 cost 0
238 257 144 168 0 45 cost 0
183 201 361 386 45 91 cost 0
73 82 96 108 113 136 cost 0
73 91 217 241 227 273 cost 0
220 257 96 144 0 91 cost 0
147 165 48 72 45 91 cost 0
100 110 72 84 0 22 cost 0
0 73 0 96 182 364 cost 0
0 36 193 241 91 182 cost 0
257 294 241 289 455 546 cost 0
0 73 289 386 546 728 cost 0
257 294 337 386 637 728 cost 0
73 91 48 72 91 136 cost 0
73 110 289 337 0 91 cost 0
284 294 168 180 68 91 cost 0
257 294 96 144 182 273 cost 0
73 91 48 72 0 45 cost 0
257 294 96 144 91 182 cost 0
73 91 48 72 45 91 cost 0
73 110 337 386 0 91 cost 0
63 73 277 289 45 68 cost 0
192 201 229 241 0 22 cost 0
36 54 168 193 0 45 cost 0
257 294 96 144 0 91 cost 0
220 238 144 168 182 227 cost 0
36 54 144 168 91 136 cost 0
0 73 289 386 364 546 cost 0
257 294 289 337 455 546 cost 0
183 220 48 96 91 182 cost 0
220 257 96 144 182 273 cost 0
91 100 72 84 22 45 cost 0
220 238 144 168 45 91 cost 0
284 294 168 180 45 68 cost 0
0 73 0 96 546 728 cost 0
54 63 277 289 22 45 cost 0
73 82 96 108 91 113 cost 0
238 257 361 386 182 227 cost 0
73 91 217 241 182 227 cost 0
36 54 168 193 45 91 cost 0
238 257 361 386 227 273 cost 0
91 110 48 72 0 45 cost 0
147 165 48 72 0 45 cost 0
220 257 96 144 455 546 cost 0
183 201 361 386 136 182 cost 0
128 147 48 72 45 91 cost 0
73 82 96 108 45 68 cost 0
183 220 48 96 0 91 cost 0
183 201 361 386 182 227 cost 0
220 229 337 349 68 91 cost 0
147 165 361 386 45 91 cost 0
257 294 96 144 273 364 cost 0
0 36 144 193 91 182 cost 0
220 257 96 144 91 182 cost 0
0 36 96 144 0 91 cost 0
100 110 72 84 22 45 cost 0
183 201 361 386 227 273 cost 0
0 73 0 96 0 182 cost 0
73 110 289 337 91 182 cost 0
73 82 132 144 0 22 cost 0
73 91 48 72 136 182 cost 0
0 36 193 241 273 364 cost 0
36 54 168 193 91 136 cost 0
36 54 241 265 182 227 cost 0
73 91 241 265 136 182 cost 0
54 63 277 289 0 22 cost 0
238 257 144 168 136 182 cost 0
110 128 48 72 136 182 cost 0
220 294 0 96 0 182 cost 0
36 54 168 193 136 182 cost 0
partitioning time: 10.273844 seconds
