hostname : cph-c53.uncc.edu
bounding: [-130;-65]x[20;50]x[5875;5958]
read 588189 observations
res: 0.1 0.1 1 bw: 2.5 2.5 7
box size: 651 x 301 x 84
nbparts: 32
max load allowed: 4.201187007
max states: 123712
mem: 0.01106071472 GB (this is an order of magnitude)
241294 states processed
solution: 4.035928673 in 23 boxes.
naive: 67.21899211 speedup:16.65514868
sumload:67.31645016 overhead:1.001449859
128 192 0 224 0 84 cost 4.035928673
448 480 0 160 0 84 cost 4.035081714
416 448 160 301 0 84 cost 3.993849231
480 512 0 160 0 84 cost 3.932849851
448 480 160 301 0 84 cost 3.895969174
288 384 96 128 0 84 cost 3.796315344
384 416 0 301 0 84 cost 3.672866783
0 128 0 160 0 84 cost 3.510361859
288 384 128 192 0 84 cost 3.390341568
544 576 192 224 0 84 cost 3.386928911
480 512 160 301 0 84 cost 3.340743301
512 544 0 192 0 84 cost 3.222763033
0 128 160 224 0 84 cost 3.089282474
512 544 192 301 0 84 cost 2.977857635
192 288 0 301 0 84 cost 2.616197232
576 651 0 301 0 84 cost 2.534401511
288 384 0 96 0 84 cost 2.393632058
0 128 224 301 0 84 cost 2.268027079
416 448 0 160 0 84 cost 2.207924925
288 384 192 301 0 84 cost 1.994720293
544 576 0 192 0 84 cost 1.5719121
544 576 224 301 0 84 cost 1.13271071
128 192 224 301 0 84 cost 0.3157847005
partitioning time: 2889.597724 seconds
