hostname : cph-gpu1.uncc.edu
bounding: [-130;-65]x[20;50]x[5875;5958]
read 588189 observations
res: 0.1 0.1 1 bw: 5 5 14
box size: 651 x 301 x 84
nbparts: 64
mem: 0.08803367615 GB (this is an order of magnitude)
111955 states processed
solution: 20.97014116 in 41 boxes.
naive: 430.2508241 speedup:20.51730701
sumload:453.3367215 overhead:1.053656835
448 512 128 192 32 64 cost 20.97014116
448 512 64 128 0 84 cost 20.71882078
512 576 192 256 32 64 cost 20.18657098
128 192 128 301 0 84 cost 20.11116631
64 128 128 192 0 84 cost 19.98951426
384 448 192 301 32 84 cost 19.98097264
384 448 128 192 32 84 cost 19.09514258
448 512 192 301 32 64 cost 17.91491213
320 384 128 192 0 84 cost 17.65281442
192 320 0 128 0 84 cost 17.55398741
320 384 0 128 32 84 cost 17.27657516
384 448 0 128 0 84 cost 16.77186847
512 576 128 192 32 64 cost 16.75947776
192 320 128 192 0 84 cost 16.62550323
64 128 192 301 0 84 cost 13.30851378
320 384 192 301 0 84 cost 11.75597477
0 64 0 301 0 84 cost 10.97030545
512 576 0 128 0 84 cost 9.243829391
128 192 0 128 0 84 cost 9.199127764
512 576 192 256 64 84 cost 9.152962363
512 576 192 256 0 32 cost 9.013108692
448 512 128 192 0 32 cost 8.800560307
576 651 192 256 32 64 cost 8.630936905
448 512 128 192 64 84 cost 8.353830263
448 512 192 301 0 32 cost 8.332960688
64 128 0 128 0 84 cost 8.034754999
448 512 192 301 64 84 cost 7.573143561
576 651 0 192 0 84 cost 7.416204586
192 320 192 301 0 84 cost 7.344415765
448 512 0 64 0 84 cost 7.285377564
512 576 128 192 0 32 cost 7.226808801
512 576 128 192 64 84 cost 7.223122567
384 448 192 301 0 32 cost 6.96537692
320 384 0 128 0 32 cost 6.802358826
384 448 128 192 0 32 cost 6.214531984
576 651 192 256 64 84 cost 4.058781927
576 651 192 256 0 32 cost 3.792641856
512 576 256 301 0 84 cost 2.727893836
576 651 256 301 32 64 cost 1.212127063
576 651 256 301 0 32 cost 0.550923509
576 651 256 301 64 84 cost 0.5386800338
partitioning time: 2638.469516 seconds
