hostname : cph-c53.uncc.edu
bounding: [-130;-65]x[20;50]x[5875;5958]
read 588189 observations
res: 0.1 0.1 1 bw: 5 5 14
box size: 651 x 301 x 84
nbparts: 64
mem: 0.02212142944 GB (this is an order of magnitude)
333897 states processed
solution: 10.74814702 in 55 boxes.
naive: 430.2508241 speedup:40.03023251
sumload:431.0880417 overhead:1.001945883
512 544 160 192 0 84 cost 10.74814702
320 352 96 160 0 84 cost 10.50941643
480 512 160 192 0 84 cost 10.14755908
352 416 224 301 0 84 cost 10.13658702
352 416 128 160 0 84 cost 10.12093833
512 544 192 224 0 84 cost 10.08514927
64 128 128 160 0 84 cost 10.02113537
64 128 160 192 0 84 cost 9.980377637
416 448 0 128 0 84 cost 9.966917692
352 416 160 192 0 84 cost 9.409970812
192 320 128 160 0 84 cost 9.289411393
128 192 0 128 0 84 cost 9.199127764
448 480 160 192 0 84 cost 9.187466093
544 576 192 224 0 84 cost 9.132485913
192 320 96 128 0 84 cost 9.010924915
352 416 96 128 0 84 cost 9.009624216
544 576 224 301 0 84 cost 8.825967106
512 544 224 301 0 84 cost 8.780337493
352 416 0 96 0 84 cost 8.761378612
544 576 160 192 0 84 cost 8.631466772
352 416 192 224 0 84 cost 8.56063954
192 320 0 96 0 84 cost 8.555391982
480 512 192 224 0 84 cost 8.499450989
448 480 0 96 0 84 cost 8.28475063
512 544 0 128 0 84 cost 8.242091757
128 192 128 160 0 84 cost 8.145489355
64 128 0 128 0 84 cost 8.034754999
64 128 224 301 0 84 cost 7.940042282
416 448 160 192 0 84 cost 7.801166289
128 192 160 192 0 84 cost 7.706448959
576 651 192 224 0 84 cost 7.52483219
448 480 192 224 0 84 cost 7.520276749
320 352 160 301 0 84 cost 7.440146896
576 651 0 192 0 84 cost 7.416204586
480 512 128 160 0 84 cost 7.358622297
192 320 160 192 0 84 cost 7.348177056
192 320 192 301 0 84 cost 7.344415765
480 512 0 96 0 84 cost 7.29949686
416 448 224 301 0 84 cost 7.270820976
448 480 224 301 0 84 cost 7.183787742
448 480 128 160 0 84 cost 7.153602181
576 651 224 256 0 84 cost 7.132387619
416 448 192 224 0 84 cost 6.877156167
480 512 224 301 0 84 cost 6.830166517
448 480 96 128 0 84 cost 6.698199907
0 64 0 224 0 84 cost 6.643111384
416 448 128 160 0 84 cost 6.142152691
320 352 0 96 0 84 cost 6.040018876
480 512 96 128 0 84 cost 5.754043298
64 128 192 224 0 84 cost 5.37373883
512 544 128 160 0 84 cost 5.298270649
0 64 224 301 0 84 cost 4.331929202
128 192 192 301 0 84 cost 4.2791858
544 576 0 160 0 84 cost 4.056857545
576 651 256 301 0 84 cost 2.045824234
partitioning time: 6518.612419 seconds
