hostname : cph-c53.uncc.edu
bounding: [1053872.965;1068485.726]x[860186.8419;879395.9741]x[3;730]
read 11056 observations
res: 50 50 1 bw: 100 100 1
box size: 294 x 386 x 728
nbparts: 32
max load allowed: 0.0004983680531
max states: 10781664
mem: 0.9639558792 GB (this is an order of magnitude)
128386 states processed
solution: 0.0004977152 in 32 boxes.
naive: 0.0053159259 speedup:10.68065814
sumload:0.0053412868 overhead:1.00477074
128 192 192 256 0 224 cost 0.0004977152
0 128 128 192 0 672 cost 0.0004949106
0 128 192 386 0 256 cost 0.0004499427
192 256 192 256 0 288 cost 0.00042771
128 192 128 192 0 192 cost 0.0004060853
128 192 256 386 0 288 cost 0.0003725709
192 256 256 320 0 224 cost 0.0003214383
0 128 0 128 0 256 cost 0.0003175098
128 192 128 192 192 728 cost 0.000213034
192 256 320 386 0 256 cost 0.0002063019
128 192 0 128 0 728 cost 0.0001986012
256 294 0 256 0 192 cost 0.0001783734
128 192 192 256 224 448 cost 0.0001677562
192 256 0 192 0 192 cost 0.0001446057
256 294 0 256 192 728 cost 0.0001156839
192 256 192 256 288 480 cost 8.35101e-05
192 256 256 320 224 384 cost 8.1234e-05
0 128 192 386 256 480 cost 7.67262e-05
192 256 192 256 480 704 cost 7.03623e-05
128 192 192 256 448 728 cost 6.1557e-05
192 256 256 320 384 728 cost 5.93083e-05
192 256 0 192 288 728 cost 5.74839e-05
0 128 0 128 256 728 cost 5.68863e-05
128 192 256 386 384 728 cost 5.50401e-05
192 256 320 386 352 728 cost 5.42556e-05
192 256 0 192 192 288 cost 5.11074e-05
0 128 192 386 480 728 cost 3.73593e-05
128 192 256 386 288 384 cost 3.40533e-05
192 256 320 386 256 352 cost 2.39226e-05
256 294 256 386 0 728 cost 1.35813e-05
0 128 128 192 672 728 cost 8.6109e-06
192 256 192 256 704 728 cost 4.0491e-06
partitioning time: 307.487648 seconds
