hostname : cph-gpu4.uncc.edu
bounding: [1053872.965;1068485.726]x[860186.8419;879395.9741]x[3;730]
read 11056 observations
res: 100 100 1 bw: 2500 2500 1
box size: 148 x 194 x 728
nbparts: 32
max states: 2732544
mem: 0.2443084717 GB (this is an order of magnitude)
392873 states processed
solution: 0.018648925 in 32 boxes.
naive: 0.5210794803 speedup:27.94152909
sumload:0.5290685562 overhead:1.01533178
96 128 128 160 0 128 cost 0.018648925
64 148 160 194 128 728 cost 0.0185529207
0 64 96 194 64 128 cost 0.0185523823
64 96 32 160 192 256 cost 0.0184324566
64 148 32 96 128 192 cost 0.0183616561
96 128 64 128 0 64 cost 0.0183553783
64 148 32 128 256 320 cost 0.0183317603
0 148 32 64 0 64 cost 0.0183191992
96 148 32 160 192 256 cost 0.0181533466
64 128 160 194 0 128 cost 0.0180813869
32 64 96 194 192 728 cost 0.0180769734
64 96 128 160 0 128 cost 0.0179537033
32 64 32 194 128 192 cost 0.0177679313
32 64 32 96 192 728 cost 0.0177485106
0 64 96 194 0 64 cost 0.017639512
96 128 64 128 64 128 cost 0.0176317186
64 148 32 160 576 728 cost 0.0175236187
96 148 96 160 128 192 cost 0.0174545653
64 96 96 160 128 192 cost 0.0171473478
64 148 128 160 256 576 cost 0.0168306372
64 96 32 128 320 576 cost 0.0168164908
128 148 64 194 0 128 cost 0.0164059866
0 64 64 96 64 128 cost 0.0160230776
0 148 32 64 64 128 cost 0.0160187479
96 148 32 128 320 576 cost 0.0157897156
0 64 64 96 0 64 cost 0.0145873139
64 96 96 128 0 64 cost 0.014523079
64 96 96 128 64 128 cost 0.0143610606
64 96 64 96 0 64 cost 0.0141832557
64 96 64 96 64 128 cost 0.0133425827
0 32 32 194 128 728 cost 0.0101536719
0 148 0 32 0 728 cost 0.0072996437
partitioning time: 43.759169 seconds
