hostname : cph-gpu2.uncc.edu
bounding: [1053872.965;1068485.726]x[860186.8419;879395.9741]x[3;730]
read 11056 observations
res: 50 50 1 bw: 100 100 1
box size: 294 x 386 x 728
nbparts: 32
max load allowed: 0.0004983680531
max states: 49391872
mem: 4.415977478 GB (this is an order of magnitude)
732894 states processed
solution: 0.0004939287 in 27 boxes.
naive: 0.0053159259 speedup:10.76253698
sumload:0.0053349738 overhead:1.003583176
192 294 288 386 0 512 cost 0.0004939287
128 192 224 288 0 384 cost 0.0004816305
192 294 224 288 0 320 cost 0.0004796559
0 128 0 160 0 192 cost 0.0004727792
192 294 0 224 0 192 cost 0.0004152771
0 128 160 224 0 384 cost 0.0004134444
128 192 128 192 0 192 cost 0.0004060853
0 128 224 386 0 640 cost 0.0003511128
192 294 0 224 192 704 cost 0.0003349812
128 192 192 224 0 256 cost 0.0002983767
128 192 288 386 0 320 cost 0.0002015181
128 192 128 192 192 640 cost 0.0002003626
128 192 0 128 0 256 cost 0.0001585824
0 128 0 160 256 728 cost 9.54726e-05
128 192 192 224 256 448 cost 6.57522e-05
128 192 224 288 384 728 cost 6.27111e-05
192 294 224 288 320 448 cost 5.94681e-05
192 294 288 386 512 728 cost 5.34603e-05
0 128 160 224 384 728 cost 5.02125e-05
0 128 0 160 192 256 cost 4.86943e-05
192 294 224 288 448 728 cost 4.8621e-05
128 192 288 386 320 728 cost 4.23003e-05
128 192 0 128 256 728 cost 4.00188e-05
128 192 192 224 448 728 cost 3.56922e-05
128 192 128 192 640 728 cost 1.26714e-05
0 128 224 386 640 728 cost 7.0602e-06
192 294 0 224 704 728 cost 5.1039e-06
partitioning time: 966.091133 seconds
