hostname : cph-bm1.uncc.edu
bounding: [1053872.965;1068485.726]x[860186.8419;879395.9741]x[3;730]
read 11056 observations
res: 100 100 1 bw: 2500 2500 1
box size: 148 x 194 x 728
nbparts: 16
max states: 85344
mem: 0.007630348206 GB (this is an order of magnitude)
11363 states processed
solution: 0.0462707062 in 16 boxes.
naive: 0.5210794803 speedup:11.26154155
sumload:0.5221607092 overhead:1.002074979
64 96 96 128 0 256 cost 0.0462707062
96 128 128 194 0 256 cost 0.0427690969
32 64 64 96 0 728 cost 0.0416155693
64 96 64 194 256 728 cost 0.0410161486
64 96 64 96 0 256 cost 0.0407741489
96 148 64 96 0 728 cost 0.0386575374
64 96 128 194 0 256 cost 0.0379396785
96 128 96 128 0 256 cost 0.0360621385
32 64 96 128 0 728 cost 0.0354804316
96 128 96 194 256 728 cost 0.0292717059
128 148 96 194 0 728 cost 0.0283152612
0 32 0 194 0 728 cost 0.0266860298
64 148 32 64 0 728 cost 0.0262781838
32 64 32 64 0 728 cost 0.0251615918
32 64 128 194 0 728 cost 0.0191649377
32 148 0 32 0 728 cost 0.0066975431
partitioning time: 1.851322 seconds
