hostname : cph-c1.uncc.edu
bounding: [1053872.965;1068485.726]x[860186.8419;879395.9741]x[3;730]
read 11056 observations
res: 50 50 1 bw: 2500 2500 1
box size: 294 x 386 x 728
nbparts: 64
max load allowed: 0.09554608606
max states: 21563328
mem: 1.927911758 GB (this is an order of magnitude)
271706 states processed
solution: 0.0950040919 in 35 boxes.
naive: 2.038316503 speedup:21.45503906
sumload:2.043958854 overhead:1.002768143
0 64 64 386 0 480 cost 0.0950040919
192 256 256 320 0 192 cost 0.0948893084
128 192 256 320 0 192 cost 0.0935606225
128 192 192 256 96 256 cost 0.0931507761
64 128 64 128 0 480 cost 0.0928469351
128 192 0 128 0 728 cost 0.0927100361
128 192 192 256 0 96 cost 0.0894627763
128 192 128 192 0 96 cost 0.086833789
64 128 192 256 0 160 cost 0.0863538034
64 128 128 192 96 728 cost 0.0860902166
192 256 64 192 0 192 cost 0.083848265
192 256 192 256 96 288 cost 0.0815815851
64 128 128 192 0 96 cost 0.0782232795
256 294 0 256 0 608 cost 0.0779185311
64 128 256 386 0 728 cost 0.0745388887
128 192 128 192 96 256 cost 0.0741889701
192 256 192 256 0 96 cost 0.0690172896
192 256 320 386 0 384 cost 0.0664528211
128 192 192 256 256 728 cost 0.0624818853
192 256 64 192 192 728 cost 0.0579507024
256 294 256 386 0 728 cost 0.0556487121
64 128 192 256 160 728 cost 0.0529874526
128 192 320 386 0 728 cost 0.052734528
192 256 256 320 192 728 cost 0.0515791672
128 192 128 192 256 728 cost 0.0505544202
128 192 256 320 192 728 cost 0.0495904221
192 256 192 256 288 728 cost 0.0480151366
64 128 0 64 0 728 cost 0.0143706633
192 256 320 386 384 728 cost 0.0127719671
64 128 64 128 480 728 cost 0.0062886543
0 64 64 386 480 672 cost 0.0047821587
256 294 0 256 608 728 cost 0.0028537068
0 64 0 64 0 728 cost 0.0023011782
0 64 64 386 672 728 cost 0.0014970783
192 256 0 64 0 728 cost 0.0008790353
partitioning time: 669.517510 seconds
