hostname : cph-c14.uncc.edu
bounding: [1053872.965;1068485.726]x[860186.8419;879395.9741]x[3;730]
read 11056 observations
res: 100 100 1 bw: 250 250 1
box size: 148 x 194 x 728
nbparts: 16
mem: 0.1221542358 GB (this is an order of magnitude)
14631 states processed
solution: 0.0007875853 in 16 boxes.
naive: 0.0102500115 speedup:13.01447792
sumload:0.0104037728 overhead:1.015001086
0 128 160 194 0 728 cost 0.0007875853
0 128 96 128 64 128 cost 0.0007588247
0 128 128 160 64 192 cost 0.0007410259
0 128 96 128 0 64 cost 0.0007382251
0 128 64 96 64 128 cost 0.0007137711
0 128 64 96 0 64 cost 0.0007032527
0 128 0 64 0 128 cost 0.0006835873
0 128 128 160 192 728 cost 0.0006751412
0 128 64 96 128 256 cost 0.0006514092
0 128 64 96 256 728 cost 0.0006197395
0 128 96 128 320 728 cost 0.0006142414
128 148 0 194 0 728 cost 0.000601062
0 128 96 128 192 320 cost 0.0005741277
0 128 96 128 128 192 cost 0.0005519878
0 128 128 160 0 64 cost 0.0005480639
0 128 0 64 128 728 cost 0.000441728
partitioning time: 6.293118 seconds
