hostname : cph-c34.uncc.edu
bounding: [-130;-65]x[20;50]x[5875;5958]
read 588189 observations
res: 0.1 0.1 1 bw: 1 1 3
box size: 651 x 301 x 84
nbparts: 64
max states: 984640
mem: 0.08803367615 GB (this is an order of magnitude)
244567 states processed
solution: 0.5564691805 in 27 boxes.
naive: 7.046724289 speedup:12.66327864
sumload:7.250325074 overhead:1.028892969
512 576 192 256 32 64 cost 0.5564691805
384 448 64 192 0 84 cost 0.5381278586
320 384 64 128 0 84 cost 0.5008806217
320 384 128 301 0 84 cost 0.4946208745
448 512 128 192 32 84 cost 0.4780978929
384 448 192 301 0 84 cost 0.4759974252
64 128 64 192 32 64 cost 0.4657861504
448 651 64 128 0 84 cost 0.4336391726
128 192 64 301 0 84 cost 0.4279404957
448 512 192 301 32 84 cost 0.3877190285
512 651 128 301 0 32 cost 0.3463504344
512 651 128 192 32 84 cost 0.3008724113
512 576 192 256 64 84 cost 0.2587620434
448 512 128 301 0 32 cost 0.2584930461
256 320 64 301 0 84 cost 0.2583511517
64 128 192 301 32 84 cost 0.2185865649
64 128 64 301 0 32 cost 0.199531249
64 128 64 192 64 84 cost 0.1573324281
64 651 0 64 0 84 cost 0.1538541703
192 256 64 301 0 84 cost 0.1496876958
576 640 192 256 32 64 cost 0.111648952
576 640 192 256 64 84 cost 0.0505890217
0 64 0 301 0 84 cost 0.0246890594
576 640 256 301 32 84 cost 0.0018695944
512 576 256 301 32 84 cost 0.0004194666
640 651 192 256 32 84 cost 7.9657e-06
640 651 256 301 32 84 cost 1.1187e-06
partitioning time: 1879.251587 seconds
