hostname : cph-gpu4.uncc.edu
bounding: [1053872.965;1068485.726]x[860186.8419;879395.9741]x[3;730]
read 11056 observations
res: 100 100 1 bw: 500 500 7
box size: 148 x 194 x 728
nbparts: 16
max states: 5465456
mem: 0.4886498451 GB (this is an order of magnitude)
322511 states processed
solution: 0.0041941392 in 16 boxes.
naive: 0.0609225435 speedup:14.52563699
sumload:0.0620003668 overhead:1.017691699
0 64 96 194 0 160 cost 0.0041941392
0 64 0 64 0 544 cost 0.0041820915
96 128 0 128 0 128 cost 0.004144383
64 96 0 96 0 96 cost 0.0040785945
64 96 0 96 96 352 cost 0.0040601025
64 128 128 160 96 352 cost 0.0040420572
0 64 64 96 0 160 cost 0.0039557521
64 128 160 194 0 352 cost 0.0038344098
64 128 128 160 0 96 cost 0.0037787642
96 128 0 128 128 352 cost 0.0037660045
64 128 0 194 352 544 cost 0.0037579438
0 128 0 194 544 728 cost 0.0037044451
0 64 64 194 160 544 cost 0.0036519832
128 148 0 194 0 728 cost 0.0036340626
64 96 96 128 0 128 cost 0.0036134542
64 96 96 128 128 352 cost 0.0036021794
partitioning time: 33.074238 seconds
