hostname : cph-c27.uncc.edu
bounding: [1053872.965;1068485.726]x[860186.8419;879395.9741]x[3;730]
read 11056 observations
res: 50 50 1 bw: 2500 2500 1
box size: 294 x 386 x 728
nbparts: 32
solution: 0.2317599833 in 36 boxes.
naive: 2.038316503 speedup:8.794945847
sumload:2.041523476 overhead:1.001573344
147 220 193 289 0 182 cost 0.2317599833
73 147 96 193 0 182 cost 0.2095821489
73 147 193 289 0 182 cost 0.1625276526
147 220 96 193 0 182 cost 0.1600993612
147 294 193 386 364 728 cost 0.1328906114
220 294 193 289 0 182 cost 0.1256376871
147 220 289 386 0 182 cost 0.1013608971
147 220 193 289 182 364 cost 0.0930416025
220 294 289 386 0 182 cost 0.0653544348
147 220 96 193 182 364 cost 0.0595902901
147 294 0 193 364 728 cost 0.0576481826
73 147 193 289 182 364 cost 0.0557983955
73 147 96 193 182 364 cost 0.0536454648
220 294 193 289 182 364 cost 0.0522833635
220 294 96 193 0 182 cost 0.0519643158
0 73 96 193 0 182 cost 0.0504843776
0 147 0 193 364 728 cost 0.0483620796
73 147 0 96 0 182 cost 0.0475774114
0 147 193 386 364 728 cost 0.0459367315
0 73 193 289 0 182 cost 0.0358129906
73 147 289 386 0 182 cost 0.033318859
147 220 289 386 182 364 cost 0.0318820884
220 294 96 193 182 364 cost 0.0258684243
220 294 289 386 182 364 cost 0.022724209
147 220 0 96 0 182 cost 0.0167755341
0 73 0 96 0 182 cost 0.011756433
73 147 289 386 182 364 cost 0.0113315052
0 73 96 193 182 364 cost 0.0109540614
73 147 0 96 182 364 cost 0.0101240722
0 73 193 289 182 364 cost 0.009818373
0 73 289 386 0 182 cost 0.0070462802
147 220 0 96 182 364 cost 0.0038923762
0 73 0 96 182 364 cost 0.0022990569
0 73 289 386 182 364 cost 0.0022736089
220 294 0 96 0 182 cost 8.5288e-05
220 294 0 96 182 364 cost 1.53239e-05
partitioning time: 0.111965 seconds
