hostname : cph-gpu3.uncc.edu
bounding: [1053872.965;1068485.726]x[860186.8419;879395.9741]x[3;730]
read 11056 observations
res: 50 50 1 bw: 2500 2500 14
box size: 294 x 386 x 728
nbparts: 32
max states: 10781664
mem: 0.9639558792 GB (this is an order of magnitude)
1282274 states processed
solution: 0.2952537042 in 32 boxes.
naive: 8.268027147 speedup:28.00312758
sumload:8.60183409 overhead:1.040373228
0 128 192 320 64 128 cost 0.2952537042
0 128 128 320 192 320 cost 0.2949107633
128 192 128 192 64 160 cost 0.2934254753
128 192 256 320 96 416 cost 0.2922715428
192 256 320 386 0 480 cost 0.2859434036
192 256 192 256 0 96 cost 0.2838766793
128 192 192 320 32 64 cost 0.2834021669
0 128 0 128 0 96 cost 0.2824585377
0 128 0 128 96 728 cost 0.281376807
192 294 0 386 480 728 cost 0.2777526478
128 192 128 320 416 728 cost 0.2772758279
0 128 192 320 0 64 cost 0.2771289394
192 256 0 192 128 480 cost 0.2715112763
0 128 128 320 128 192 cost 0.2708311978
128 192 192 256 96 192 cost 0.2705968465
192 256 192 320 160 256 cost 0.2691503434
0 128 128 320 320 728 cost 0.2667709639
128 192 128 192 160 416 cost 0.2661595887
0 128 128 192 64 128 cost 0.2645406699
128 192 0 128 64 728 cost 0.2634957954
128 192 0 320 0 32 cost 0.2611027788
128 192 192 256 192 416 cost 0.2595711208
192 256 192 320 256 480 cost 0.256635141
128 192 0 192 32 64 cost 0.2565644134
256 294 0 386 128 480 cost 0.2564495571
192 256 192 320 96 160 cost 0.2563937639
256 294 0 386 0 128 cost 0.2561902621
192 256 0 192 0 128 cost 0.2549223638
0 192 320 386 0 728 cost 0.2486204674
192 256 256 320 0 96 cost 0.2461782666
128 192 192 320 64 96 cost 0.243186599
0 128 128 192 0 64 cost 0.2378861789
partitioning time: 163.061925 seconds
