hostname : cph-c45.uncc.edu
bounding: [-130;-65]x[20;50]x[5875;5958]
read 588189 observations
res: 0.1 0.1 1 bw: 2.5 2.5 7
box size: 651 x 301 x 84
nbparts: 64
max states: 246080
mem: 0.02200126648 GB (this is an order of magnitude)
100576 states processed
solution: 5.831649827 in 25 boxes.
naive: 67.21899211 speedup:11.52658237
sumload:67.78109323 overhead:1.008362237
512 576 192 256 0 64 cost 5.831649827
448 512 128 192 0 84 cost 5.449498905
64 128 64 192 0 84 cost 5.389298308
384 448 64 192 0 84 cost 5.125516626
384 448 192 301 0 84 cost 4.658777235
512 651 128 192 0 84 cost 4.53159123
320 384 64 128 0 84 cost 4.530094566
448 512 192 301 0 84 cost 4.512867524
448 651 64 128 0 84 cost 4.37640903
128 192 64 301 0 84 cost 4.351153465
320 384 128 301 0 84 cost 4.33507713
256 320 64 301 0 84 cost 3.284381873
64 128 192 301 0 84 cost 2.387413371
512 576 192 256 64 84 cost 1.987205372
192 256 64 301 0 84 cost 1.768839291
576 640 192 256 0 64 cost 1.762073802
64 651 0 64 0 84 cost 1.683839818
0 64 0 301 0 84 cost 1.09043881
576 640 192 256 64 84 cost 0.6224011932
576 640 256 301 0 84 cost 0.0564132597
512 576 256 301 0 84 cost 0.0435522928
640 651 192 256 0 64 cost 0.0011624147
640 651 256 301 0 64 cost 0.0009405878
640 651 192 256 64 84 cost 0.0003015282
640 651 256 301 64 84 cost 0.0001957719
partitioning time: 800.467089 seconds
