hostname : cph-c77.uncc.edu
bounding: [1053872.965;1068485.726]x[860186.8419;879395.9741]x[3;730]
read 11056 observations
res: 50 50 1 bw: 100 100 1
box size: 294 x 386 x 728
nbparts: 256
solution: 8.74565e-05 in 260 boxes.
naive: 0.0053159259 speedup:60.78365702
sumload:0.0054188793 overhead:1.019366974
183 220 289 337 0 91 cost 8.74565e-05
147 220 289 386 182 364 cost 8.52024e-05
183 220 193 241 91 182 cost 8.41793e-05
0 73 193 289 0 182 cost 8.11083e-05
147 220 193 289 546 728 cost 7.79685e-05
110 147 241 289 91 182 cost 7.7229e-05
183 220 144 193 91 182 cost 7.5212e-05
147 183 144 193 91 182 cost 7.35678e-05
110 147 144 193 91 182 cost 7.18551e-05
73 110 193 241 0 91 cost 7.08362e-05
220 257 289 337 0 91 cost 6.89882e-05
220 257 241 289 0 91 cost 6.75983e-05
147 183 241 289 0 91 cost 6.36109e-05
220 294 289 386 182 364 cost 6.24012e-05
73 147 96 193 364 546 cost 6.11826e-05
110 147 193 241 91 182 cost 5.96849e-05
183 220 193 241 182 273 cost 5.96387e-05
147 183 193 241 182 273 cost 5.95019e-05
220 257 193 241 0 91 cost 5.8647e-05
147 220 96 193 364 546 cost 5.84288e-05
147 183 241 289 91 182 cost 5.83646e-05
220 294 193 289 364 546 cost 5.7294e-05
73 110 144 193 91 182 cost 5.53544e-05
257 294 193 241 0 91 cost 5.48401e-05
220 294 96 193 182 364 cost 5.46459e-05
147 183 289 337 0 91 cost 5.42112e-05
257 294 193 241 91 182 cost 5.33564e-05
73 147 193 289 364 546 cost 5.32149e-05
147 220 96 193 546 728 cost 5.16007e-05
183 220 144 193 182 273 cost 5.07398e-05
220 257 241 289 91 182 cost 4.96264e-05
147 183 144 193 182 273 cost 4.92284e-05
220 257 193 241 91 182 cost 4.86894e-05
73 147 96 193 546 728 cost 4.80384e-05
147 183 96 144 0 91 cost 4.40509e-05
110 147 241 289 182 273 cost 4.38408e-05
183 220 337 386 0 91 cost 4.31068e-05
220 257 337 386 0 91 cost 4.27325e-05
183 220 241 289 91 182 cost 4.2197e-05
73 147 193 289 546 728 cost 4.12356e-05
91 110 120 144 45 91 cost 4.08723e-05
257 294 144 193 0 91 cost 4.05096e-05
220 257 289 337 91 182 cost 3.98545e-05
147 183 96 144 91 182 cost 3.96375e-05
183 220 289 337 91 182 cost 3.84871e-05
110 147 144 193 182 273 cost 3.81974e-05
73 110 193 241 91 182 cost 3.76065e-05
73 110 48 96 0 91 cost 3.72084e-05
73 110 96 144 182 273 cost 3.71625e-05
110 147 193 241 182 273 cost 3.69635e-05
147 183 193 241 273 364 cost 3.45606e-05
147 220 289 386 546 728 cost 3.38184e-05
220 294 193 289 546 728 cost 3.37467e-05
110 147 96 144 91 182 cost 3.37058e-05
147 220 289 386 364 546 cost 3.32508e-05
220 257 193 241 182 273 cost 3.29192e-05
0 73 96 193 0 182 cost 3.27666e-05
147 183 289 337 91 182 cost 3.25757e-05
183 220 193 241 273 364 cost 3.14356e-05
91 110 120 144 0 45 cost 2.99844e-05
147 183 241 289 182 273 cost 2.98128e-05
128 147 168 193 45 91 cost 2.94192e-05
183 201 217 241 45 91 cost 2.93489e-05
220 257 241 289 182 273 cost 2.88615e-05
73 147 289 386 0 182 cost 2.78214e-05
220 294 289 386 364 546 cost 2.71029e-05
0 73 193 289 182 364 cost 2.68608e-05
128 147 144 168 45 91 cost 2.66005e-05
257 294 144 193 91 182 cost 2.6298e-05
73 110 241 289 0 91 cost 2.56794e-05
220 257 337 386 91 182 cost 2.51786e-05
201 220 241 265 45 91 cost 2.48793e-05
257 294 193 241 182 273 cost 2.47152e-05
220 294 289 386 546 728 cost 2.40951e-05
110 147 48 96 0 91 cost 2.39838e-05
201 220 241 265 0 45 cost 2.28786e-05
110 147 241 289 273 364 cost 2.27271e-05
183 220 144 193 273 364 cost 2.27135e-05
183 220 193 241 364 455 cost 2.26206e-05
110 147 144 193 273 364 cost 2.23225e-05
183 220 241 289 182 273 cost 2.18649e-05
147 183 144 193 273 364 cost 2.17353e-05
147 220 0 96 0 182 cost 2.17074e-05
165 183 144 168 45 91 cost 2.1605e-05
91 110 144 168 45 91 cost 2.11676e-05
73 110 144 193 182 273 cost 2.10723e-05
183 201 168 193 45 91 cost 2.10482e-05
110 128 241 265 45 91 cost 2.08972e-05
91 110 96 120 45 91 cost 2.06865e-05
147 165 193 217 45 91 cost 2.06294e-05
220 257 241 289 273 364 cost 2.06175e-05
147 165 168 193 45 91 cost 2.03657e-05
257 294 193 241 273 364 cost 2.03268e-05
183 220 241 289 273 364 cost 2.01885e-05
73 91 168 193 45 91 cost 1.98049e-05
110 147 96 144 182 273 cost 1.91454e-05
73 91 120 144 91 136 cost 1.89572e-05
165 183 168 193 45 91 cost 1.89006e-05
183 220 337 386 91 182 cost 1.88375e-05
183 201 193 217 45 91 cost 1.87501e-05
73 91 120 144 45 91 cost 1.8128e-05
128 147 241 265 45 91 cost 1.8045e-05
110 128 241 265 0 45 cost 1.80311e-05
147 183 193 241 364 455 cost 1.79976e-05
201 220 217 241 45 91 cost 1.7906e-05
128 147 168 193 0 45 cost 1.77619e-05
91 110 120 144 91 136 cost 1.77275e-05
73 110 96 144 273 364 cost 1.75461e-05
147 183 337 386 0 91 cost 1.7439e-05
183 220 193 241 455 546 cost 1.7283e-05
73 147 0 96 182 364 cost 1.71582e-05
110 128 120 144 45 91 cost 1.69652e-05
147 165 144 168 45 91 cost 1.68708e-05
183 201 144 168 45 91 cost 1.68702e-05
73 110 48 96 91 182 cost 1.66194e-05
110 128 144 168 45 91 cost 1.65458e-05
201 220 217 241 0 45 cost 1.64549e-05
165 183 193 217 136 182 cost 1.64092e-05
128 147 193 217 45 91 cost 1.62914e-05
91 110 96 120 91 136 cost 1.60212e-05
147 183 241 289 273 364 cost 1.58721e-05
165 183 217 241 45 91 cost 1.57121e-05
73 110 241 289 91 182 cost 1.54326e-05
183 201 144 168 0 45 cost 1.52943e-05
128 147 217 241 45 91 cost 1.51674e-05
165 183 217 241 136 182 cost 1.51173e-05
165 183 144 168 0 45 cost 1.5008e-05
183 201 193 217 0 45 cost 1.50006e-05
147 165 193 217 136 182 cost 1.49896e-05
73 91 120 144 0 45 cost 1.48983e-05
165 183 193 217 45 91 cost 1.46966e-05
73 110 144 193 273 364 cost 1.46112e-05
128 147 96 120 45 91 cost 1.45806e-05
91 110 96 120 0 45 cost 1.4568e-05
110 128 168 193 45 91 cost 1.44046e-05
183 201 241 265 45 91 cost 1.37402e-05
183 201 241 265 0 45 cost 1.37118e-05
73 91 96 120 45 91 cost 1.35918e-05
128 147 241 265 0 45 cost 1.35176e-05
220 257 193 241 273 364 cost 1.34458e-05
183 201 217 241 0 45 cost 1.32285e-05
147 165 217 241 45 91 cost 1.29205e-05
110 147 193 241 273 364 cost 1.28862e-05
128 147 96 120 0 45 cost 1.27605e-05
220 257 144 193 0 91 cost 1.26597e-05
220 257 144 193 91 182 cost 1.22784e-05
73 91 144 168 45 91 cost 1.22341e-05
128 147 265 289 45 91 cost 1.21336e-05
91 110 120 144 136 182 cost 1.19858e-05
128 147 144 168 0 45 cost 1.19826e-05
201 220 168 193 45 91 cost 1.19735e-05
220 294 96 193 364 546 cost 1.18071e-05
110 128 96 120 45 91 cost 1.16784e-05
73 110 193 241 182 273 cost 1.16706e-05
147 165 168 193 0 45 cost 1.16697e-05
110 147 48 96 91 182 cost 1.15416e-05
110 128 217 241 45 91 cost 1.1472e-05
183 201 168 193 0 45 cost 1.14133e-05
110 128 193 217 45 91 cost 1.13979e-05
128 147 193 217 0 45 cost 1.13226e-05
220 294 96 193 546 728 cost 1.12785e-05
73 91 96 120 91 136 cost 1.12371e-05
147 165 193 217 91 136 cost 1.12299e-05
165 183 193 217 91 136 cost 1.11426e-05
110 128 96 120 0 45 cost 1.1124e-05
73 110 241 289 182 273 cost 1.08731e-05
91 110 96 120 136 182 cost 1.04712e-05
147 165 193 217 0 45 cost 1.0428e-05
147 183 96 144 182 273 cost 1.02053e-05
73 91 120 144 136 182 cost 1.01771e-05
128 147 120 144 45 91 cost 9.9594e-06
147 165 144 168 0 45 cost 9.7723e-06
147 165 217 241 91 136 cost 9.5675e-06
147 165 217 241 136 182 cost 9.3165e-06
201 220 168 193 0 45 cost 9.2155e-06
73 91 168 193 0 45 cost 9.1449e-06
147 165 217 241 0 45 cost 9.069e-06
128 147 217 241 0 45 cost 9.0604e-06
147 183 96 144 273 364 cost 9.0333e-06
73 147 289 386 182 364 cost 8.7186e-06
0 73 96 193 182 364 cost 8.64e-06
110 147 96 144 273 364 cost 8.6109e-06
110 128 168 193 0 45 cost 8.5817e-06
91 110 168 193 45 91 cost 8.5476e-06
110 128 120 144 0 45 cost 8.5331e-06
165 183 168 193 0 45 cost 8.2776e-06
183 220 241 289 364 455 cost 8.1141e-06
110 128 217 241 0 45 cost 8.037e-06
128 147 265 289 0 45 cost 7.9222e-06
91 110 144 168 0 45 cost 7.844e-06
73 91 96 120 0 45 cost 7.7931e-06
201 220 193 217 45 91 cost 7.3385e-06
147 183 241 289 364 455 cost 7.2771e-06
147 183 337 386 91 182 cost 7.2453e-06
165 183 193 217 0 45 cost 7.1563e-06
128 147 120 144 0 45 cost 7.1346e-06
110 128 193 217 0 45 cost 6.9605e-06
91 110 168 193 0 45 cost 6.7509e-06
147 183 193 241 455 546 cost 6.6882e-06
110 128 144 168 0 45 cost 6.5521e-06
73 110 193 241 273 364 cost 6.4995e-06
110 147 0 48 0 91 cost 6.4536e-06
183 220 96 144 0 91 cost 6.3018e-06
201 220 193 217 0 45 cost 5.9162e-06
183 201 265 289 45 91 cost 5.7685e-06
201 220 144 168 0 45 cost 5.667e-06
147 183 241 289 455 546 cost 5.54e-06
201 220 144 168 45 91 cost 5.4891e-06
73 91 96 120 136 182 cost 5.2683e-06
183 220 241 289 455 546 cost 5.2059e-06
0 73 96 193 546 728 cost 5.1357e-06
73 147 0 96 546 728 cost 5.0974e-06
165 183 217 241 91 136 cost 4.987e-06
73 147 0 96 364 546 cost 4.8572e-06
110 128 265 289 0 45 cost 4.6878e-06
183 201 265 289 0 45 cost 4.1977e-06
73 110 241 289 273 364 cost 4.1842e-06
73 91 144 168 0 45 cost 3.924e-06
110 128 265 289 45 91 cost 3.7563e-06
147 220 0 96 182 364 cost 3.6771e-06
165 183 217 241 0 45 cost 3.6609e-06
73 147 289 386 364 546 cost 3.5397e-06
73 147 289 386 546 728 cost 3.4353e-06
201 220 265 289 45 91 cost 3.2266e-06
0 73 193 289 364 546 cost 2.9757e-06
0 73 289 386 0 182 cost 2.8401e-06
147 220 0 96 546 728 cost 2.6064e-06
0 73 193 289 546 728 cost 2.4363e-06
201 220 265 289 0 45 cost 2.4228e-06
110 147 0 48 91 182 cost 2.4045e-06
0 73 96 193 364 546 cost 2.346e-06
257 294 289 337 91 182 cost 1.8457e-06
257 294 241 289 91 182 cost 1.7078e-06
147 220 0 96 364 546 cost 1.6605e-06
183 220 96 144 91 182 cost 1.5117e-06
257 294 289 337 0 91 cost 1.2563e-06
183 220 96 144 182 273 cost 1.0785e-06
73 110 0 48 0 91 cost 1.0707e-06
257 294 241 289 0 91 cost 9.928e-07
183 220 96 144 273 364 cost 6.96e-07
257 294 241 289 182 273 cost 5.127e-07
0 73 289 386 182 364 cost 2.019e-07
257 294 241 289 273 364 cost 2.019e-07
257 294 337 386 91 182 cost 0
220 294 0 96 364 546 cost 0
0 73 0 96 0 182 cost 0
220 294 0 96 182 364 cost 0
73 110 0 48 91 182 cost 0
220 257 96 144 0 91 cost 0
257 294 96 144 0 91 cost 0
220 294 0 96 0 182 cost 0
0 73 0 96 546 728 cost 0
0 73 289 386 364 546 cost 0
0 73 0 96 182 364 cost 0
0 73 0 96 364 546 cost 0
257 294 337 386 0 91 cost 0
220 294 0 96 546 728 cost 0
220 257 96 144 91 182 cost 0
257 294 96 144 91 182 cost 0
0 73 289 386 546 728 cost 0
partitioning time: 0.538039 seconds
