hostname : cph-c77.uncc.edu
bounding: [-130;-65]x[20;50]x[5875;5958]
read 588189 observations
res: 0.1 0.1 1 bw: 1 1 3
box size: 651 x 301 x 84
nbparts: 256
solution: 0.1198549451 in 260 boxes.
naive: 7.046724289 speedup:58.79377178
sumload:8.900206793 overhead:1.263027533
488 569 187 225 21 31 cost 0.1198549451
0 162 75 150 63 84 cost 0.1170778798
325 406 75 112 42 52 cost 0.1154038379
162 325 150 225 42 63 cost 0.1110513313
406 488 112 150 42 52 cost 0.1082509959
0 162 75 150 21 42 cost 0.1079436287
325 488 225 301 21 42 cost 0.1034656844
0 162 150 225 63 84 cost 0.1019335703
0 162 150 225 21 42 cost 0.1016370865
406 488 112 150 52 63 cost 0.1010917853
488 569 150 187 52 63 cost 0.0995456093
406 488 187 225 63 73 cost 0.0966010157
488 651 75 150 42 63 cost 0.0964105584
325 406 75 112 31 42 cost 0.092657023
488 569 150 187 42 52 cost 0.0904450745
325 488 225 301 63 84 cost 0.0883820321
325 406 112 150 42 52 cost 0.0874791228
406 488 75 112 42 52 cost 0.0870409361
0 162 225 301 63 84 cost 0.08527028
325 406 112 150 31 42 cost 0.0851195382
488 569 187 225 10 21 cost 0.0824139636
406 488 150 187 42 52 cost 0.0806261804
406 488 150 187 52 63 cost 0.0801035691
406 488 112 150 31 42 cost 0.0778513113
488 569 150 187 31 42 cost 0.0778114607
488 651 0 75 42 63 cost 0.0774941415
81 162 150 187 52 63 cost 0.077182498
406 488 187 225 21 31 cost 0.0767533159
406 488 187 225 73 84 cost 0.0743306335
488 651 225 301 42 63 cost 0.0733270472
81 162 150 187 42 52 cost 0.0713453639
528 569 187 206 52 57 cost 0.0712760602
528 569 187 206 47 52 cost 0.0708732046
325 406 75 112 52 63 cost 0.0690446743
406 488 75 112 52 63 cost 0.0678955169
162 325 150 225 21 42 cost 0.0676067251
528 569 187 206 36 42 cost 0.0669466787
406 488 150 187 31 42 cost 0.0661980214
406 488 75 112 31 42 cost 0.0650046607
162 325 75 150 63 84 cost 0.062933459
528 569 187 206 57 63 cost 0.0620449084
406 488 112 150 63 73 cost 0.0615940412
162 325 75 150 0 21 cost 0.0606650858
488 569 187 225 0 10 cost 0.0595216797
162 243 112 150 31 42 cost 0.0591355777
528 569 187 206 42 47 cost 0.0590670869
325 488 0 75 42 63 cost 0.0583943874
162 243 112 150 42 52 cost 0.0579233026
0 162 150 225 0 21 cost 0.057355302
0 162 225 301 21 42 cost 0.0570204777
488 651 75 150 21 42 cost 0.056967206
0 162 75 150 0 21 cost 0.0561879041
488 569 150 187 63 73 cost 0.0552005549
406 488 187 225 10 21 cost 0.0525966459
528 569 206 225 47 52 cost 0.0524940038
243 325 75 112 42 52 cost 0.0522135004
488 651 225 301 21 42 cost 0.0521604498
325 406 150 187 42 52 cost 0.0514203407
406 488 225 263 52 63 cost 0.0510945459
162 325 150 225 63 84 cost 0.0506413314
528 569 206 225 52 57 cost 0.0505016867
81 121 131 150 52 57 cost 0.0492773845
528 569 206 225 36 42 cost 0.0488788512
406 488 150 187 63 73 cost 0.0484525259
488 651 0 75 21 42 cost 0.0481690103
325 406 187 225 42 52 cost 0.0479092838
81 121 131 150 47 52 cost 0.0476601254
325 406 112 150 52 63 cost 0.0476533968
528 569 187 206 31 36 cost 0.0476431898
488 569 150 187 21 31 cost 0.0465186042
528 569 206 225 57 63 cost 0.0462574064
569 651 187 225 42 52 cost 0.0455426084
488 651 225 301 63 84 cost 0.0455378248
528 569 187 206 73 78 cost 0.0452734045
325 488 225 301 0 21 cost 0.0449086902
528 569 187 206 63 68 cost 0.0446935102
528 569 206 225 42 47 cost 0.0441304941
81 121 131 150 57 63 cost 0.0436509613
243 325 75 112 31 42 cost 0.0434563501
406 488 225 263 42 52 cost 0.0432429899
325 406 75 112 21 31 cost 0.0418954225
243 325 112 150 42 52 cost 0.0418411524
325 406 75 112 63 73 cost 0.0417531316
528 569 187 206 78 84 cost 0.0414613609
569 651 187 225 52 63 cost 0.0411081117
243 325 112 150 31 42 cost 0.040998262
325 406 187 225 31 42 cost 0.0403423305
488 569 150 187 73 84 cost 0.0402774115
121 162 131 150 52 57 cost 0.0399201874
325 406 150 187 31 42 cost 0.039804515
121 162 131 150 47 52 cost 0.0392633198
406 488 112 150 21 31 cost 0.0391955565
528 569 206 225 73 78 cost 0.0383109258
528 569 187 206 68 73 cost 0.0378615121
325 406 112 150 21 31 cost 0.0374460038
325 488 0 75 21 42 cost 0.0374428191
406 488 187 225 0 10 cost 0.0371934938
406 488 75 112 63 73 cost 0.0370673782
406 488 150 187 73 84 cost 0.036942408
121 162 131 150 57 63 cost 0.0368629805
325 406 75 112 73 84 cost 0.0366754974
488 651 75 150 63 84 cost 0.0366614979
569 651 187 225 31 42 cost 0.0366492211
162 243 112 150 52 63 cost 0.0361624684
0 81 150 187 52 63 cost 0.0360080267
528 569 206 225 78 84 cost 0.0356710664
528 569 206 225 63 68 cost 0.0355161903
406 488 150 187 21 31 cost 0.035408484
325 406 187 225 52 63 cost 0.035338682
528 569 206 225 31 36 cost 0.0352518266
325 406 150 187 52 63 cost 0.0350944468
406 488 112 150 73 84 cost 0.0344477951
81 121 131 150 42 47 cost 0.0331157397
406 447 206 225 47 52 cost 0.0331140301
325 406 75 112 10 21 cost 0.0330641045
406 447 206 225 52 57 cost 0.0310659962
528 569 206 225 68 73 cost 0.0303516688
162 243 112 150 21 31 cost 0.0303227238
569 651 187 225 63 73 cost 0.0298164834
325 406 112 150 63 73 cost 0.0296791593
569 651 187 225 73 84 cost 0.0293195156
406 447 206 225 57 63 cost 0.0292251583
488 569 150 187 10 21 cost 0.0287378069
406 488 75 112 21 31 cost 0.0287261122
0 162 225 301 0 21 cost 0.028593552
406 447 206 225 42 47 cost 0.0282768614
0 81 150 187 42 52 cost 0.0281671463
121 162 131 150 42 47 cost 0.0279909791
406 447 206 225 36 42 cost 0.0279678679
325 406 225 263 42 52 cost 0.0274343864
447 488 206 225 47 52 cost 0.026528059
447 488 206 225 52 57 cost 0.0260346519
325 406 112 150 10 21 cost 0.0256828744
447 488 206 225 57 63 cost 0.025565775
162 325 150 225 0 21 cost 0.0255567436
0 81 225 263 52 63 cost 0.025389012
406 488 112 150 10 21 cost 0.0252283741
325 406 112 150 73 84 cost 0.0246570619
325 406 225 263 52 63 cost 0.0242647556
447 488 187 206 47 52 cost 0.0241640778
243 325 75 112 52 63 cost 0.0238567878
0 81 263 301 52 63 cost 0.023827925
488 528 187 206 47 52 cost 0.0236243012
406 488 150 187 10 21 cost 0.0235802345
447 488 187 206 52 57 cost 0.0234729319
447 488 206 225 36 42 cost 0.0233413176
488 651 225 301 0 21 cost 0.0232955885
488 528 187 206 52 57 cost 0.0229447866
488 651 0 75 63 84 cost 0.0228033158
447 488 206 225 42 47 cost 0.0222107213
569 651 187 225 21 31 cost 0.021382701
488 528 187 206 36 42 cost 0.0210036218
447 488 187 206 57 63 cost 0.0207487991
325 406 75 112 0 10 cost 0.0207204497
406 447 206 225 31 36 cost 0.0205157472
447 488 187 206 42 47 cost 0.02032517
0 81 225 263 42 52 cost 0.0202330109
488 528 187 206 42 47 cost 0.0202128983
325 406 187 225 21 31 cost 0.0201860117
447 488 187 206 36 42 cost 0.020040276
447 488 206 225 31 36 cost 0.0196291608
243 325 112 150 52 63 cost 0.0192475489
406 488 75 112 73 84 cost 0.01923017
488 528 187 206 57 63 cost 0.0191891721
325 406 187 225 63 73 cost 0.0185394705
325 406 150 187 21 31 cost 0.0183187934
325 406 187 225 73 84 cost 0.0181702064
488 569 150 187 0 10 cost 0.017939798
406 488 112 150 0 10 cost 0.0177364095
81 162 263 301 52 63 cost 0.0175443071
325 406 150 187 63 73 cost 0.0175363267
488 651 75 150 0 21 cost 0.0175048711
406 488 75 112 10 21 cost 0.0171880534
0 81 263 301 42 52 cost 0.0169713568
162 325 0 75 42 63 cost 0.0169399773
325 488 0 75 63 84 cost 0.0168696114
488 528 187 206 31 36 cost 0.0166892738
243 325 112 150 21 31 cost 0.0164320763
406 488 150 187 0 10 cost 0.0162579486
243 325 75 112 21 31 cost 0.0159890961
406 447 187 206 47 52 cost 0.0158228329
81 162 187 225 52 63 cost 0.0158215145
325 406 112 150 0 10 cost 0.0154661401
447 488 187 206 31 36 cost 0.015096988
406 447 187 206 36 42 cost 0.0149540779
81 162 187 225 42 52 cost 0.0148507894
569 651 187 225 10 21 cost 0.0147225401
406 447 187 206 42 47 cost 0.014684633
488 528 206 225 47 52 cost 0.0140671657
325 406 187 225 10 21 cost 0.0139799199
406 447 187 206 52 57 cost 0.0139549441
325 406 150 187 73 84 cost 0.0135858137
488 528 187 206 73 78 cost 0.0135260954
121 162 112 131 47 52 cost 0.0132105593
488 528 187 206 63 68 cost 0.0132042188
121 162 112 131 52 57 cost 0.0131906502
325 406 150 187 10 21 cost 0.0129495992
488 528 206 225 36 42 cost 0.0128349627
406 447 187 206 57 63 cost 0.0127929232
488 528 206 225 52 57 cost 0.0127903858
488 651 0 75 0 21 cost 0.0126250878
81 162 263 301 42 52 cost 0.0125735055
162 325 0 75 21 42 cost 0.0124331466
488 528 206 225 42 47 cost 0.0120150988
81 162 225 263 52 63 cost 0.0118882638
488 528 187 206 68 73 cost 0.011810533
121 162 112 131 57 63 cost 0.0117637965
488 528 206 225 31 36 cost 0.0117365993
488 528 187 206 78 84 cost 0.0110713512
569 651 187 225 0 10 cost 0.0110366796
162 325 225 301 42 63 cost 0.0108315056
406 488 75 112 0 10 cost 0.01073957
406 447 187 206 31 36 cost 0.010666695
81 162 225 263 42 52 cost 0.0103262002
488 528 206 225 57 63 cost 0.0100727257
325 488 0 75 0 21 cost 0.0096047101
121 162 112 131 42 47 cost 0.009384169
325 406 187 225 0 10 cost 0.0093151008
325 406 150 187 0 10 cost 0.0088463675
0 81 187 225 52 63 cost 0.0078239169
488 528 206 225 73 78 cost 0.0076986545
162 325 225 301 21 42 cost 0.0074000753
488 528 206 225 63 68 cost 0.0073887396
0 81 187 225 42 52 cost 0.0071482077
488 528 206 225 68 73 cost 0.0065126896
488 528 206 225 78 84 cost 0.0065115344
162 325 225 301 63 84 cost 0.006345361
81 121 112 131 52 57 cost 0.0057104083
81 121 112 131 47 52 cost 0.0055452672
81 121 112 131 57 63 cost 0.0050885884
325 406 263 301 42 52 cost 0.0044945086
325 406 263 301 52 63 cost 0.0039208449
81 121 112 131 42 47 cost 0.0038068013
162 325 0 75 0 21 cost 0.0035309139
406 488 263 301 52 63 cost 0.0033696456
162 325 225 301 0 21 cost 0.0029445854
406 488 263 301 42 52 cost 0.0026307732
162 325 0 75 63 84 cost 0.0025913578
162 243 75 112 42 52 cost 0.0018295231
162 243 75 112 31 42 cost 0.0016767192
162 243 75 112 52 63 cost 0.0008584567
0 81 112 150 52 63 cost 0.0008027782
162 243 75 112 21 31 cost 0.0006968567
0 81 112 150 42 52 cost 0.0005752502
81 162 75 112 42 52 cost 5.42455e-05
81 162 75 112 52 63 cost 2.86503e-05
0 162 0 75 63 84 cost 1.21205e-05
0 162 0 75 42 63 cost 1.21205e-05
569 651 150 187 63 73 cost 1.13163e-05
0 162 0 75 0 21 cost 1.1145e-05
569 651 150 187 42 52 cost 1.00738e-05
0 162 0 75 21 42 cost 5.7911e-06
569 651 150 187 52 63 cost 3.6471e-06
569 651 150 187 31 42 cost 2.9509e-06
569 651 150 187 10 21 cost 8.69e-07
569 651 150 187 21 31 cost 8.401e-07
569 651 150 187 73 84 cost 6.865e-07
569 651 150 187 0 10 cost 5.798e-07
0 81 75 112 42 52 cost 0
0 81 75 112 52 63 cost 0
partitioning time: 30.457045 seconds
