hostname : cph-c45.uncc.edu
bounding: [1053872.965;1068485.726]x[860186.8419;879395.9741]x[3;730]
read 11056 observations
res: 50 50 1 bw: 100 100 1
box size: 294 x 386 x 728
nbparts: 16
max states: 2000
mem: 0.0001788139343 GB (this is an order of magnitude)
2873 states processed
solution: 0.0009368223 in 16 boxes.
naive: 0.0053159259 speedup:5.674422887
sumload:0.0054116241 overhead:1.01800217
0 256 0 256 0 64 cost 0.0009368223
0 256 0 256 64 128 cost 0.0009229658
0 256 0 256 128 192 cost 0.0005675326
0 256 256 386 0 64 cost 0.0004170458
0 256 0 256 192 256 cost 0.0003810922
0 294 0 256 448 728 cost 0.0003653451
0 294 256 386 256 728 cost 0.0003637974
0 256 256 386 64 128 cost 0.0003315202
0 294 0 256 320 448 cost 0.0003000211
0 294 0 256 256 320 cost 0.000261176
0 256 256 386 128 192 cost 0.000203785
0 256 256 386 192 256 cost 0.0001366343
256 294 0 386 64 128 cost 8.4078e-05
256 294 0 386 0 64 cost 5.94297e-05
256 294 0 386 128 192 cost 4.51397e-05
256 294 0 386 192 256 cost 3.52389e-05
partitioning time: 0.393980 seconds
