hostname : cph-c3.uncc.edu
bounding: [1053872.965;1068485.726]x[860186.8419;879395.9741]x[3;730]
read 11056 observations
res: 50 50 1 bw: 2500 2500 1
box size: 294 x 386 x 728
nbparts: 64
max states: 98783744
mem: 8.831954956 GB (this is an order of magnitude)
17825390 states processed
solution: 0.0635797116 in 47 boxes.
naive: 2.038316503 speedup:32.05922851
sumload:2.040185265 overhead:1.000916817
64 128 224 256 0 704 cost 0.0635797116
96 160 96 128 0 384 cost 0.0632945513
64 192 64 96 0 728 cost 0.0632850466
160 192 96 160 0 728 cost 0.0631193435
160 192 192 224 0 512 cost 0.0629476039
224 256 256 320 0 704 cost 0.0625514962
128 160 192 224 0 728 cost 0.0625049262
256 294 224 320 0 704 cost 0.0621790263
128 160 256 320 0 728 cost 0.0620916999
160 224 288 320 0 384 cost 0.0607032535
160 192 224 256 0 728 cost 0.0599018619
128 160 160 192 0 728 cost 0.0596754392
64 96 96 160 0 728 cost 0.0593700154
160 192 160 192 0 728 cost 0.058695339
64 96 160 224 0 728 cost 0.0586919317
192 224 192 224 0 728 cost 0.0579957204
0 64 64 192 0 728 cost 0.0552009112
256 294 64 224 0 704 cost 0.0547767124
192 224 224 256 0 728 cost 0.054106204
224 256 64 192 0 704 cost 0.0528808151
128 224 320 352 0 384 cost 0.0527698786
128 160 224 256 0 728 cost 0.0527660765
128 160 128 160 0 728 cost 0.051127726
96 128 160 192 0 728 cost 0.0498672942
96 128 256 386 0 728 cost 0.0495214066
96 128 128 160 0 728 cost 0.0490242143
96 128 192 224 0 728 cost 0.0476210419
160 192 256 288 0 728 cost 0.0472350693
192 224 256 288 0 728 cost 0.0466844858
0 64 192 386 0 728 cost 0.0460973584
192 224 160 192 0 728 cost 0.0460391963
224 294 320 386 0 384 cost 0.0451458657
224 256 192 224 0 704 cost 0.044098482
192 224 64 160 0 728 cost 0.0424993677
224 256 224 256 0 704 cost 0.041324028
128 224 352 386 0 384 cost 0.0294196234
64 96 256 386 0 728 cost 0.0250387669
0 294 0 64 0 256 cost 0.0232834649
128 294 320 386 384 704 cost 0.0220611003
160 224 288 320 384 728 cost 0.0092858409
96 160 96 128 384 728 cost 0.0069386605
160 192 192 224 512 728 cost 0.0060280623
0 294 0 64 256 728 cost 0.0049805378
128 294 320 386 704 728 cost 0.0014594025
224 294 224 320 704 728 cost 0.0010218475
224 294 64 224 704 728 cost 0.0008698323
64 128 224 256 704 728 cost 0.0004250251
partitioning time: 4712.719447 seconds
