hostname : cph-bm1.uncc.edu
bounding: [-130;-65]x[20;50]x[5875;5958]
read 588189 observations
res: 0.1 0.1 1 bw: 1 1 3
box size: 651 x 301 x 84
nbparts: 16
max states: 61856
mem: 0.005530357361 GB (this is an order of magnitude)
88038 states processed
solution: 0.6509132056 in 16 boxes.
naive: 7.046724289 speedup:10.82590463
sumload:7.060938957 overhead:1.002017202
544 576 192 224 0 84 cost 0.6509132056
416 448 96 301 0 84 cost 0.6407336774
160 320 0 301 0 84 cost 0.6384341154
448 544 192 224 0 84 cost 0.6195199628
352 416 96 301 0 84 cost 0.6151966569
320 651 0 96 0 84 cost 0.6020388395
448 651 96 160 0 84 cost 0.5842142152
320 352 96 301 0 84 cost 0.5803187089
448 651 160 192 0 84 cost 0.5221326763
96 128 0 301 0 84 cost 0.5068927581
64 96 0 301 0 84 cost 0.4762091967
128 160 0 301 0 84 cost 0.2067075346
576 651 192 301 0 84 cost 0.1968206603
448 576 224 301 0 84 cost 0.1961175791
32 64 0 301 0 84 cost 0.0246446423
0 32 0 301 0 84 cost 4.45284e-05
partitioning time: 669.622336 seconds
